2015-09-01|2|1_CTs|ct1||53|69|303|45|37|24|27|15|19|24|15|266|10|12|13|9|9|18|11|21|19|36|35|265|48|48|51|72|75|107|128|160|388|159|165|187|449|181|192|203|683|438|211|181|193|178|181|185|469|448|200|185|188|194|176|433|414|449|203|718|701|206|713|453|425|199|163|189|425|160|155|404|160|384|161|151|192|425|173|165|179|148|157|413|144|393|380|115|110|109|346|96|87|92|74|83|
2015-09-01|2|1_CTs|ct2||38|38|29|26|19|16|20|14|15|15|13|10|7|10|249|5|6|13|4|12|14|12|23|21|21|19|19|20|28|36|56|56|305|60|66|68|92|331|99|86|350|90|97|79|97|96|80|104|96|332|99|110|93|93|103|92|83|81|362|359|103|332|594|98|102|90|86|101|86|91|90|342|92|320|87|79|83|77|339|67|190|219|97|332|79|333|73|49|52|62|60|51|49|46|39|290|
2015-09-01|2|1_CTs|ct3||72|81|49|58|46|30|38|25|22|20|26|16|17|13|249|257|12|17|9|90|219|32|42|294|43|53|44|319|62|353|118|131|107|652|156|151|164|176|158|191|410|187|232|447|215|733|427|467|183|219|155|448|177|199|188|205|429|460|187|217|202|228|184|460|199|220|194|443|178|202|154|173|194|156|173|189|452|178|182|169|173|396|158|170|153|648|376|376|125|112|111|111|103|100|91|339|
2015-09-01|2|1_CTs|ct4||52|308|38|28|33|36|26|19|20|22|14|15|12|19|7|12|6|6|269|10|13|10|22|29|24|20|28|35|41|304|49|66|79|100|106|120|368|108|128|151|114|129|121|123|117|128|138|629|388|127|133|131|119|120|108|98|107|145|144|128|115|392|130|129|138|134|97|357|132|380|111|94|379|110|105|88|357|111|103|357|118|369|110|84|180|510|75|72|71|69|338|72|69|68|323|39|
2015-09-01|2|1_CTs|ct5||346|76|83|58|52|40|41|33|27|34|26|25|24|32|23|274|269|15|22|19|276|22|26|28|21|24|38|35|43|60|78|105|108|142|171|148|168|178|688|216|947|454|207|441|183|461|221|209|716|182|216|467|215|199|193|448|198|214|471|747|469|484|461|732|234|213|207|475|470|195|196|422|483|188|183|191|447|196|156|155|440|180|408|166|143|149|127|398|133|395|140|376|124|114|120|108|
2015-09-01|2|1_CTs|ct6||177|50|80|68|318|194|144|111|561|399|521|33|0|0|0|0|0|0|0|0|0|0|0|0|0|0|0|0|0|0|0|0|0|0|0|0|0|0|0|131|470|183|51|52|57|57|50|59|49|44|52|50|53|49|57|57|44|59|50|67|43|312|303|50|328|59|55|325|64|67|55|58|559|62|44|41|59|55|53|88|399|328|27|0|132|8|2|0|0|0|0|0|0|0|0|0|
2015-09-01|2|1_CTs|ct17||321|76|73|69|61|42|308|34|27|42|32|21|17|279|20|18|21|18|18|30|31|32|65|302|51|62|49|70|75|354|390|162|379|167|191|186|200|466|234|284|475|233|262|260|224|260|482|222|226|245|213|242|481|207|223|216|452|505|238|743|496|496|516|223|214|499|230|219|232|510|242|205|963|473|226|219|500|233|235|216|192|196|179|172|185|135|168|138|133|637|410|137|617|130|105|109|
2015-09-01|2|1_CTs|CT19||42|36|22|26|17|11|16|254|13|9|6|10|7|5|261|261|6|9|4|7|12|13|11|20|11|20|24|33|34|41|50|80|60|341|106|100|335|440|769|112|601|368|132|140|111|377|367|374|116|141|118|360|363|110|113|356|87|121|105|122|111|360|632|632|137|136|420|384|386|138|144|112|1131|129|145|650|127|128|624|616|105|102|97|80|329|63|60|55|56|565|64|308|48|58|37|296|
2015-09-01|2|1_CTs|CT20||39|53|37|29|36|280|35|21|26|24|271|273|14|8|10|9|7|9|10|5|7|11|12|11|15|6|19|17|25|24|39|49|63|87|65|96|96|86|85|324|347|584|82|74|96|57|35|76|81|81|61|82|321|59|336|61|86|330|327|310|66|76|588|86|331|77|86|84|345|80|94|78|337|77|87|67|348|341|101|338|332|358|66|72|57|52|67|314|46|49|56|53|50|55|58|42|
2015-09-01|2|1_CTs|CT21||26|25|22|14|15|13|21|15|13|8|4|9|8|5|2|233|3|2|6|3|2|5|4|6|9|6|15|4|13|10|23|24|276|44|47|59|302|314|315|62|52|289|56|49|61|313|283|317|280|62|49|41|49|48|43|42|47|53|52|34|59|40|301|319|305|61|52|292|52|56|50|46|542|51|59|65|41|62|50|565|47|297|45|46|29|283|34|25|23|29|25|26|25|26|31|20|
