2015-06-15|2|1_CTs|ct1||49|56|44|44|30|30|35|274|13|17|277|24|20|14|14|15|9|20|12|16|15|21|27|37|33|308|51|77|90|92|131|123|166|160|151|183|443|162|174|421|210|195|459|204|208|168|211|181|215|179|173|202|161|175|651|157|184|165|208|206|182|206|454|438|185|192|193|184|415|169|146|411|137|154|157|143|162|413|395|168|429|161|141|162|114|107|96|95|76|102|90|84|83|76|78|73|
2015-06-15|2|1_CTs|ct2||43|39|35|41|22|45|31|10|6|9|11|10|292|6|6|5|6|14|4|8|8|10|12|19|28|274|32|30|32|33|42|50|49|64|316|78|78|63|94|93|95|98|352|102|100|89|118|83|91|100|88|122|74|103|334|101|89|78|108|102|87|103|370|880|93|103|92|109|368|611|79|106|99|99|108|110|365|107|84|366|110|71|83|71|69|65|45|56|46|321|55|71|63|64|57|49|
2015-06-15|2|1_CTs|ct3||61|80|55|61|51|41|38|30|22|25|29|26|29|23|14|20|11|21|14|16|17|27|24|38|42|52|54|55|69|85|107|103|133|140|113|152|427|128|178|160|177|189|460|203|217|196|224|191|186|198|167|441|180|162|411|174|187|163|459|205|168|225|472|192|221|441|204|185|176|190|170|194|203|196|178|189|199|204|163|191|216|169|154|161|145|114|90|115|83|89|853|119|109|89|87|358|
2015-06-15|2|1_CTs|ct4||311|43|40|46|40|25|26|19|20|21|17|20|12|19|10|12|10|8|14|12|8|9|17|24|31|29|39|39|39|52|75|78|79|106|101|153|128|133|118|141|127|137|123|129|136|146|134|156|169|135|145|111|389|118|121|109|129|390|378|130|122|135|386|401|143|133|359|129|110|135|121|376|131|364|128|128|412|111|110|131|369|118|99|71|123|78|325|79|75|60|79|322|94|74|74|329|
2015-06-15|2|1_CTs|ct5||68|67|66|74|67|47|39|33|31|27|31|26|21|26|13|22|12|16|16|20|14|21|20|33|34|37|41|49|55|319|95|113|372|141|149|206|174|186|153|206|177|187|192|210|471|228|491|223|233|202|215|194|195|178|187|204|185|190|205|472|224|193|224|210|507|468|221|448|448|194|199|210|210|172|221|429|216|157|186|192|175|138|399|156|135|96|124|126|122|126|373|125|132|393|113|99|
2015-06-15|2|1_CTs|ct6||26|23|24|19|26|16|14|13|8|8|8|8|5|14|6|6|4|3|6|5|4|3|10|12|13|12|18|9|11|24|15|29|20|24|34|292|36|35|39|47|50|54|48|43|46|60|64|57|60|52|56|53|65|51|55|67|52|49|57|48|54|62|316|55|70|71|60|70|61|61|64|310|73|65|65|61|73|56|76|70|72|61|317|55|50|43|47|43|41|39|41|32|49|43|40|31|
2015-06-15|2|1_CTs|ct17||70|74|65|70|65|43|45|38|23|31|30|41|30|279|20|26|18|32|18|31|19|27|27|33|51|56|312|77|75|104|130|125|411|166|148|173|197|173|220|206|223|227|255|246|248|224|267|238|229|507|216|474|215|196|458|441|189|218|269|510|477|285|259|258|267|756|249|534|459|235|219|490|236|258|244|244|232|218|231|262|238|218|468|176|181|143|372|375|102|379|118|130|129|338|106|106|
2015-06-15|2|1_CTs|CT19||35|35|26|18|20|19|8|16|14|8|7|14|15|11|10|264|6|6|8|11|5|9|5|12|17|15|21|26|32|298|59|111|268|354|337|353|96|84|101|361|114|376|642|118|130|105|116|365|137|363|366|97|118|102|346|76|350|346|104|133|365|114|122|133|91|140|118|374|362|358|121|112|120|147|130|114|129|117|119|107|108|117|337|74|82|52|299|297|37|61|47|56|59|27|558|52|
2015-06-15|2|1_CTs|CT20||38|46|45|32|533|35|25|12|14|22|18|15|7|4|3|7|10|8|6|10|8|8|10|14|5|10|15|21|28|37|38|50|63|77|329|356|90|80|80|73|82|72|76|81|74|72|73|344|85|69|73|70|77|61|315|303|329|73|60|61|331|54|73|90|316|75|64|570|333|93|62|324|75|330|99|88|77|337|334|90|72|79|81|80|55|60|45|311|64|60|55|43|58|53|290|312|
2015-06-15|2|1_CTs|CT21||16|35|18|23|18|24|14|8|12|13|11|5|3|4|4|2|4|3|4|1|3|2|4|4|5|7|6|9|11|13|28|253|41|54|39|302|49|58|52|46|306|51|287|57|43|285|50|50|52|298|36|47|48|36|310|37|40|44|41|40|567|45|302|53|47|280|49|44|47|59|44|64|44|55|54|45|46|42|44|311|46|43|38|46|29|33|24|31|275|284|37|22|33|31|40|35|
