2012-09-02|6|1_CTs|CT1||1|1|0|2|0|1|1|5|4|0|0|1|0|0|0|2|1|1|0|2|2|0|0|1|1|0|1|0|1|0|1|0|0|2|0|1|0|0|0|2|0|3|0|0|1|1|0|1|0|2|2|1|2|2|2|0|0|0|1|0|0|0|0|1|1|4|0|2|1|0|1|0|1|0|2|0|0|2|2|0|5|1|1|3|0|0|2|1|2|2|1|0|1|0|1|2|
2012-09-02|6|1_CTs|CT3||19|11|15|5|4|8|9|16|5|3|7|9|4|3|6|5|8|14|19|20|23|25|23|29|28|31|34|34|39|33|38|43|36|33|28|23|31|29|28|29|31|30|46|31|54|26|39|35|31|31|25|31|29|26|24|25|33|33|35|33|30|33|31|36|29|31|44|39|26|37|25|34|29|37|57|50|37|44|42|36|42|38|26|28|36|17|29|30|26|30|22|18|31|15|31|18|
2012-09-02|6|1_CTs|CT4||13|11|8|11|8|7|7|8|3|3|3|2|4|2|2|4|1|1|1|1|0|0|0|2|2|3|2|1|5|2|3|2|3|4|6|4|6|1|6|10|2|5|9|16|11|12|17|21|18|10|19|11|11|10|8|11|19|5|15|16|13|18|13|15|12|11|15|14|6|16|14|18|11|10|16|14|19|17|12|11|12|18|14|16|14|12|8|7|7|13|11|19|8|10|9|10|
2012-09-02|6|1_CTs|CT5||22|21|20|18|23|7|7|11|17|15|10|12|17|8|7|7|6|7|8|12|10|14|5|12|7|13|15|15|11|14|19|13|10|13|13|16|15|13|15|16|18|22|15|22|25|15|24|15|29|20|15|30|31|28|30|24|23|12|19|23|22|36|25|40|38|32|26|27|30|22|29|24|23|29|31|38|30|24|40|24|35|23|36|30|25|17|25|30|19|33|30|36|18|20|17|22|
2012-09-02|6|1_CTs|CT6||21|27|16|12|17|13|10|13|6|11|7|8|3|4|3|9|8|7|5|8|7|12|7|8|11|6|11|13|15|12|17|16|22|13|15|21|23|30|24|25|23|40|46|47|53|61|60|54|54|57|69|65|55|80|55|39|58|38|66|47|42|57|46|38|44|34|42|45|54|37|57|49|45|58|70|60|54|54|49|65|56|60|61|38|39|35|27|33|33|35|46|34|36|32|26|25|
2012-09-02|6|1_CTs|CT7||5|2|4|10|6|3|3|6|4|1|4|4|1|0|1|1|1|3|2|2|2|5|3|2|1|2|2|3|5|0|1|4|3|5|7|4|6|7|8|7|6|5|8|9|11|6|11|14|10|12|11|10|16|15|7|6|13|6|12|8|12|9|11|8|9|15|12|6|11|7|11|12|16|15|9|10|18|23|19|13|14|15|19|11|7|11|12|10|10|9|9|10|3|11|4|8|
2012-09-02|6|1_CTs|CT8||47|50|46|27|35|23|21|29|21|19|19|11|12|11|18|14|18|17|11|7|11|9|16|9|14|14|12|19|19|31|33|26|39|34|52|33|41|47|59|45|50|47|51|64|62|60|57|77|75|57|72|58|59|70|52|59|61|83|65|76|76|95|85|76|75|87|87|65|84|69|98|92|104|96|92|107|105|127|126|106|111|98|91|81|84|54|80|60|65|68|53|62|48|47|46|48|
2012-09-02|6|1_CTs|CT9||64|51|29|40|34|33|24|20|28|17|21|14|18|11|19|13|17|16|14|15|7|16|12|13|20|20|35|31|34|32|42|53|43|26|36|60|47|41|45|65|67|58|82|88|75|90|103|97|85|95|96|103|73|78|87|76|101|93|101|95|70|97|84|108|78|98|96|96|85|98|117|119|96|101|112|134|124|135|139|117|96|100|97|81|66|69|74|76|55|64|62|73|65|49|59|50|
2012-09-02|6|1_CTs|CT10||34|19|24|26|23|19|22|15|12|18|17|13|12|21|16|4|9|9|11|10|6|9|18|9|14|15|15|14|21|21|18|27|25|34|32|30|36|36|35|40|54|62|12|54|69|68|71|54|52|57|66|68|98|70|65|53|46|58|45|56|70|55|56|71|59|92|89|74|61|77|71|95|84|98|69|83|84|94|98|79|88|104|105|68|63|67|53|45|47|82|100|80|55|39|43|34|
2012-09-02|6|1_CTs|CT11||42|37|21|29|23|15|12|16|18|7|21|12|9|7|22|15|9|11|6|11|11|10|9|12|12|13|24|23|18|16|38|51|36|35|42|41|37|46|43|56|56|60|84|69|62|76|83|58|51|72|85|79|79|79|79|59|62|74|81|57|68|66|77|67|96|88|86|85|79|83|80|94|81|74|98|107|115|88|105|88|86|85|92|82|69|66|54|57|62|59|72|73|42|35|44|48|
2012-09-02|6|1_CTs|CT12||38|27|26|25|30|21|24|13|12|9|16|15|13|16|15|10|8|6|13|15|10|18|18|14|17|18|16|22|25|27|32|40|31|41|39|41|38|42|48|60|59|78|71|81|64|78|65|75|59|74|77|76|101|72|50|60|60|73|56|62|83|68|69|74|75|92|73|71|72|77|77|97|83|76|79|97|98|93|97|94|103|104|103|66|62|66|43|53|51|72|88|77|54|33|47|48|
2012-09-02|6|1_CTs|CT13||39|38|29|27|26|22|20|14|17|11|13|14|6|6|10|6|11|11|10|11|6|25|17|36|16|31|24|34|28|28|32|31|32|32|31|49|45|31|52|53|56|55|67|69|63|78|94|78|129|41|21|26|24|20|19|25|22|29|28|37|130|107|121|87|48|123|118|168|89|96|107|49|17|19|56|98|238|283|133|99|115|134|246|214|153|108|73|63|44|58|58|49|47|47|33|31|
2012-09-02|6|1_CTs|CT14||32|19|13|21|27|17|18|14|3|10|4|9|14|14|10|6|5|2|10|8|9|10|14|15|10|11|12|19|19|16|24|25|20|26|29|30|18|25|19|29|39|45|36|51|45|57|44|54|46|51|57|56|70|48|26|47|52|47|43|50|51|53|40|56|40|64|48|58|49|42|47|55|51|47|52|58|58|64|65|57|44|60|43|41|33|39|42|32|36|62|69|36|30|33|36|31|
2012-09-02|6|1_CTs|CT15||19|20|10|15|10|12|5|11|10|6|10|4|11|1|11|11|4|14|10|9|6|17|12|17|15|13|11|16|16|26|24|19|18|22|18|22|25|25|22|34|41|49|31|42|40|35|30|45|37|32|27|48|44|27|21|26|32|38|31|35|32|38|46|32|37|40|41|45|56|43|37|44|55|63|50|63|57|66|69|63|44|56|48|27|27|38|19|32|21|27|39|27|33|30|18|18|
2012-09-02|6|1_CTs|CT16||34|33|21|36|29|25|17|27|25|12|22|17|11|15|15|8|9|14|8|8|11|9|11|10|11|13|20|17|23|13|13|25|24|31|32|32|38|44|36|44|58|56|63|61|63|67|81|64|74|63|86|67|99|83|82|76|75|59|66|51|71|66|77|73|86|88|109|94|81|85|92|105|96|114|96|103|111|104|113|93|101|110|112|79|82|80|78|55|66|74|88|87|54|53|41|48|
2012-09-02|6|1_CTs|CT17||4|2|4|4|4|6|3|5|2|5|1|4|0|1|1|3|2|0|1|3|2|1|0|0|4|2|2|3|2|2|5|3|1|1|4|8|4|3|3|9|8|12|7|10|12|13|14|19|10|18|13|24|15|25|19|19|15|9|10|10|8|14|11|12|7|8|8|17|7|7|8|8|16|9|6|10|11|15|8|11|7|9|18|7|4|7|6|6|1|7|5|7|8|4|8|3|
2012-09-02|6|1_CTs|CT18||64|67|47|44|47|32|23|30|35|31|22|26|28|17|23|23|17|15|25|21|21|28|15|21|24|29|32|36|28|30|41|36|31|32|57|46|48|58|62|53|62|85|78|105|108|94|103|102|99|85|111|100|108|105|98|87|89|73|97|83|92|122|103|106|131|109|131|138|133|120|134|135|158|139|128|140|120|143|152|126|142|113|147|120|116|84|96|102|87|101|94|111|76|83|53|63|
2012-09-02|6|1_CTs|CT19||32|30|29|30|29|29|14|27|16|12|19|22|9|9|8|15|17|10|18|14|7|12|11|7|9|14|14|17|14|14|11|10|14|12|20|30|29|21|31|37|33|46|35|46|49|44|67|73|73|64|70|63|76|60|64|60|60|47|42|51|43|53|57|67|57|50|81|61|69|76|83|64|74|85|61|83|64|80|81|73|88|80|67|82|55|52|53|42|38|57|38|55|47|43|34|44|
2012-09-02|6|1_CTs|CT20||27|22|9|15|11|12|4|8|6|9|12|8|6|7|2|11|7|6|7|7|8|11|7|14|16|16|14|8|17|22|21|19|32|29|26|21|32|33|32|31|38|52|55|56|66|56|63|75|64|79|63|79|64|61|59|52|58|59|51|63|46|48|51|61|56|45|55|61|34|33|34|20|17|38|53|80|89|11|57|73|61|66|57|10|37|26|17|50|38|36|11|47|31|27|16|22|
2012-09-02|6|1_CTs|CT21||81|64|70|64|39|58|41|54|41|35|24|23|17|21|23|28|28|31|21|24|25|28|29|33|32|34|42|54|65|50|65|67|56|78|64|89|92|80|97|105|91|79|97|107|103|123|124|138|111|130|125|132|132|120|121|118|102|129|151|153|142|153|172|158|157|174|148|181|163|170|193|181|198|220|183|251|226|202|245|235|190|203|174|187|160|154|167|150|141|156|166|163|154|114|120|109|
2012-09-02|6|1_CTs|CT22||103|100|68|61|63|63|58|44|53|58|37|32|35|41|36|43|51|41|45|57|55|56|84|73|55|62|67|76|80|89|72|91|103|95|101|99|89|117|122|134|145|115|147|152|136|173|131|155|160|169|148|166|153|150|138|124|136|160|130|145|146|158|171|175|156|169|167|172|168|140|181|171|161|183|156|177|176|178|190|150|184|155|134|139|118|95|123|107|122|128|130|125|105|131|109|100|
2012-09-02|6|1_CTs|CT23||74|62|66|41|52|30|31|36|28|33|18|22|13|20|29|19|33|24|22|22|16|25|18|26|24|27|33|41|53|60|66|61|77|63|77|78|79|86|86|84|91|91|116|109|122|92|115|120|135|100|116|101|116|120|108|101|103|107|117|95|134|142|145|111|29|141|137|115|115|116|133|137|141|148|140|165|179|178|197|160|150|138|150|123|117|94|110|87|107|110|83|81|81|77|82|74|
2012-09-02|6|1_CTs|CT24||69|79|62|50|62|50|43|44|54|42|45|30|22|30|34|19|33|20|19|38|30|29|26|33|36|25|47|42|50|53|61|55|65|64|54|57|54|67|72|91|80|71|89|99|110|127|119|115|127|127|135|138|152|130|118|102|100|97|103|148|112|126|123|119|115|147|129|144|141|138|157|141|174|143|141|134|166|179|170|175|156|134|134|120|107|85|101|117|113|132|159|131|118|111|106|98|
