2015-10-16|6|1_CTs|CT1||0|2|0|1|0|2|0|2|0|0|0|1|1|0|0|1|0|1|0|1|3|2|1|3|2|1|3|260|2|4|30|347|376|343|62|53|568|22|15|25|10|6|10|5|13|6|11|7|8|12|10|5|11|8|13|8|7|13|266|11|8|9|7|7|5|8|19|21|10|15|11|11|10|8|7|2|3|5|4|7|8|3|4|4|4|2|3|2|0|1|1|1|0|0|3|1|
2015-10-16|6|1_CTs|CT3||12|15|15|6|228|9|6|1|6|3|2|0|5|4|9|2|6|19|18|18|18|29|25|15|21|21|292|28|56|49|66|84|79|592|110|116|84|80|65|65|59|296|55|284|47|50|47|53|40|51|41|55|285|55|64|316|57|310|64|61|48|49|58|51|43|58|264|61|60|56|59|45|50|48|40|39|227|46|35|39|31|257|41|22|23|15|11|194|12|12|12|17|14|25|31|137|
2015-10-16|6|1_CTs|CT4||13|7|6|8|5|5|6|1|3|2|2|2|3|1|1|1|0|1|0|1|0|6|0|1|4|3|3|4|6|6|7|33|77|297|28|31|38|29|29|23|20|24|28|0|12|25|31|19|29|28|37|36|47|290|36|34|31|28|30|20|31|31|21|29|34|284|36|24|271|16|34|57|55|560|44|62|277|37|42|30|26|22|26|14|17|12|17|14|9|13|15|17|9|15|10|9|
2015-10-16|6|1_CTs|CT5||22|23|17|14|15|11|7|9|6|9|10|7|9|8|7|5|7|4|10|6|4|6|6|21|8|5|13|19|29|289|28|62|79|91|88|108|115|113|80|64|317|270|337|58|77|74|427|246|73|77|77|68|52|81|69|69|564|77|61|75|73|75|73|60|565|75|69|71|88|92|86|325|94|86|75|80|82|412|478|52|142|187|307|37|39|38|35|29|28|27|292|28|32|28|29|291|
2015-10-16|6|1_CTs|CT6||28|39|270|18|11|6|6|3|2|5|1|5|5|5|5|2|8|3|5|11|9|10|235|25|25|20|23|24|33|44|69|86|125|135|122|128|362|104|351|132|368|104|628|516|94|107|298|87|82|102|87|86|103|349|357|88|362|106|357|349|108|101|96|93|93|115|102|92|93|124|100|96|89|93|83|101|307|78|295|308|75|90|80|68|289|46|57|31|233|42|51|46|34|19|35|589|
2015-10-16|6|1_CTs|CT7||5|5|2|5|6|1|2|4|1|1|1|1|1|1|1|1|0|0|6|2|0|3|1|5|4|3|6|10|6|258|26|40|47|46|51|56|61|48|46|30|29|27|31|275|27|27|21|25|25|22|38|32|21|30|33|30|26|31|32|31|37|29|27|29|25|26|287|31|36|26|40|37|32|44|40|30|26|32|264|19|14|280|21|16|22|270|14|7|9|11|14|15|9|12|7|7|
2015-10-16|6|1_CTs|CT8||54|46|294|38|28|274|18|10|15|242|15|11|24|19|227|8|13|6|9|15|6|15|28|22|17|26|44|61|327|96|151|201|218|195|668|166|166|402|187|169|353|517|861|135|155|142|136|388|118|399|181|184|151|349|152|148|168|200|160|414|140|374|415|159|146|839|336|157|347|161|172|352|137|148|156|141|156|139|362|704|332|119|108|116|105|87|81|63|252|270|456|74|73|56|226|60|
2015-10-16|6|1_CTs|CT9||71|61|304|44|32|20|14|24|12|16|12|252|14|9|9|10|13|12|12|18|25|25|24|34|42|47|43|78|82|140|229|312|553|599|420|377|610|795|262|222|215|446|185|443|187|196|205|461|205|210|210|209|460|205|192|219|257|822|264|214|197|196|223|249|503|489|289|288|290|315|291|325|575|450|658|233|218|426|981|201|305|353|177|139|397|109|101|341|73|92|88|76|336|331|58|76|
2015-10-16|6|1_CTs|CT10||43|39|283|25|29|19|11|9|11|7|15|8|6|7|15|3|9|8|10|15|13|20|15|275|35|30|26|42|46|70|96|147|151|184|160|206|206|204|185|163|176|134|147|402|160|407|137|156|129|169|143|416|167|379|159|619|149|146|119|165|163|397|674|163|693|212|201|230|212|257|263|483|498|484|460|283|509|489|467|188|462|179|416|104|127|99|332|310|308|78|326|59|36|44|39|59|
2015-10-16|6|1_CTs|CT11||293|34|17|19|17|13|251|8|6|8|9|4|5|2|2|8|3|6|5|13|18|13|14|38|27|45|61|344|113|436|771|284|199|254|284|766|216|507|247|228|445|198|710|199|162|185|192|200|206|174|196|471|201|190|179|188|446|503|466|468|199|432|362|276|227|475|483|244|187|196|200|444|169|458|176|354|476|662|397|155|148|146|179|130|112|86|83|70|53|50|312|68|59|563|47|63|
2015-10-16|6|1_CTs|CT12||301|39|31|27|25|19|11|11|7|7|7|13|8|262|7|6|7|13|8|12|11|21|19|15|31|282|38|314|63|107|155|211|537|341|297|473|415|292|492|472|202|162|162|411|177|442|188|434|180|197|183|193|213|208|201|176|186|460|193|207|215|205|219|216|287|777|264|324|582|553|274|305|219|744|242|270|317|1030|767|256|242|478|208|126|378|373|88|71|300|72|82|86|313|52|307|338|
2015-10-16|6|1_CTs|CT15||32|26|18|16|22|12|14|8|9|9|7|11|8|16|9|9|11|12|14|20|25|21|28|38|37|41|278|55|327|343|147|431|256|242|254|237|191|444|144|140|344|336|129|125|121|117|99|381|125|130|143|129|128|123|110|368|387|427|142|115|107|376|129|125|582|389|124|157|411|440|167|189|409|439|171|134|127|143|362|101|97|118|329|72|89|66|58|308|46|58|300|48|48|303|35|35|
2015-10-16|6|1_CTs|CT16||44|53|26|26|38|16|12|15|11|15|14|6|4|3|6|6|4|5|266|19|9|17|12|23|22|35|307|68|317|640|181|294|566|562|287|307|315|277|264|748|486|457|214|452|159|180|195|220|163|193|220|222|215|717|206|192|433|195|201|453|207|187|206|183|466|746|237|234|229|485|486|245|211|217|230|227|488|685|168|177|193|160|434|157|137|113|102|296|317|76|601|78|60|55|65|59|
2015-10-16|6|1_CTs|CT17||296|46|33|284|19|11|14|17|10|11|6|10|9|2|5|7|5|4|6|8|9|6|7|7|9|8|271|29|38|50|64|103|192|199|155|140|146|164|138|148|118|130|382|382|126|358|128|145|117|153|142|148|152|442|123|372|155|417|393|163|161|146|148|187|207|171|428|201|204|184|197|232|472|435|184|191|201|180|205|179|142|163|133|95|111|614|82|57|309|64|57|69|316|34|56|302|
2015-10-16|6|1_CTs|CT18||52|79|63|49|36|287|18|17|21|23|16|15|18|18|15|8|15|12|21|21|17|17|18|43|25|289|52|73|96|624|195|779|307|324|327|329|276|193|278|510|253|688|544|517|249|222|1029|271|233|234|271|251|209|245|259|210|706|748|254|221|247|236|935|339|744|542|281|303|306|287|302|545|316|283|278|288|294|603|926|491|239|210|188|176|161|147|133|356|115|110|381|119|100|105|348|623|
2015-10-16|6|1_CTs|CT19||44|41|31|29|280|15|18|11|12|11|11|7|6|6|7|11|5|8|6|5|263|11|7|3|7|12|13|21|36|290|62|113|210|159|405|186|429|148|153|143|364|325|165|145|131|153|114|128|145|152|131|419|165|394|147|135|154|140|137|157|138|134|148|169|165|699|195|221|212|234|221|235|247|478|201|193|205|202|424|175|172|430|122|113|102|81|70|80|55|72|70|51|55|48|49|58|
2015-10-16|6|1_CTs|CT20||26|24|19|18|13|8|4|261|6|4|7|6|7|7|8|3|3|7|7|5|5|6|12|20|20|18|20|17|39|44|85|97|147|926|159|170|355|140|137|51|69|303|338|59|100|32|223|253|22|110|115|110|301|107|14|115|114|10|322|92|104|314|188|468|368|89|46|125|133|134|6|138|400|75|19|56|293|719|766|112|111|351|61|91|62|102|77|58|55|61|51|75|48|34|35|300|
2015-10-16|6|1_CTs|CT21||83|71|274|34|25|33|270|24|13|13|10|17|18|14|13|21|12|20|28|39|44|58|57|64|68|294|99|342|175|647|296|253|264|330|351|565|752|280|256|256|442|464|226|431|190|420|218|223|173|437|233|210|423|182|218|468|453|485|261|439|210|230|248|229|202|716|197|222|228|210|425|197|211|225|202|204|399|185|740|419|159|172|391|136|130|584|108|303|69|84|98|102|247|102|74|301|
2015-10-16|6|1_CTs|CT22||99|89|91|67|47|51|41|33|251|25|22|21|22|35|16|21|271|32|275|46|53|62|57|57|65|80|79|96|346|110|166|185|457|291|531|316|515|277|475|445|252|616|452|520|216|261|707|288|267|273|287|712|231|262|499|243|270|706|287|279|266|282|283|287|546|358|365|328|320|339|388|590|358|539|542|344|319|781|638|505|375|365|218|169|162|143|157|126|276|316|333|116|113|121|98|115|
2015-10-16|6|1_CTs|CT23||297|75|541|59|41|40|26|27|18|16|16|15|22|22|10|9|16|12|18|20|20|24|47|302|38|42|61|91|130|139|477|292|332|341|345|328|310|250|269|236|492|414|522|900|209|444|445|239|216|456|239|269|233|229|458|528|473|293|273|266|232|248|758|232|686|769|252|271|252|548|259|481|279|274|247|265|706|418|423|229|203|220|201|174|132|137|342|313|345|84|91|99|96|81|311|300|
2015-10-16|6|1_CTs|CT24||92|62|72|294|36|289|27|30|255|20|25|20|14|25|13|16|15|23|21|22|24|25|32|35|50|40|55|312|97|128|408|176|311|334|542|296|517|517|272|466|505|466|233|452|261|517|254|253|254|524|257|525|292|478|258|217|282|497|251|297|276|287|499|307|1226|286|304|306|312|321|702|520|321|324|326|354|509|482|541|434|276|261|220|186|345|149|116|344|90|106|549|89|94|447|316|95|
