2014-06-07|3|1_CTs|ct1||66|67|62|55|40|48|38|36|29|26|25|20|20|13|13|23|9|13|15|10|13|8|11|14|16|19|28|30|30|42|47|63|51|87|85|91|89|97|90|120|111|118|124|135|127|135|153|134|162|140|145|174|162|156|160|157|118|151|148|166|145|172|168|169|173|186|180|161|160|144|149|141|116|157|127|127|141|129|111|124|132|117|142|120|144|83|83|92|102|70|94|73|70|75|77|76|
2014-06-07|3|1_CTs|ct3||128|110|112|92|73|84|55|60|45|54|52|33|26|36|50|39|38|24|33|35|30|20|31|34|39|37|65|59|50|69|89|83|81|123|113|142|124|140|162|184|157|191|171|179|186|210|207|196|207|213|218|225|209|231|217|219|183|220|211|236|242|230|217|260|235|240|237|214|221|209|216|214|200|243|223|224|195|212|187|207|218|223|243|228|221|170|171|156|153|136|160|142|146|156|172|149|
2014-06-07|3|1_CTs|ct5||184|129|132|106|125|106|83|69|81|87|64|43|48|51|37|47|43|39|48|29|28|22|26|32|33|35|33|32|32|53|50|76|101|87|106|118|113|114|123|153|138|168|160|155|142|177|170|151|198|193|214|204|235|241|188|184|202|171|188|195|205|201|214|212|217|204|212|231|209|256|198|216|224|254|258|250|283|275|222|216|220|173|169|137|145|129|127|139|114|119|162|113|133|147|186|154|
2014-06-07|3|1_CTs|ct6||19|14|19|9|10|10|12|6|8|2|2|3|5|1|2|4|1|1|1|1|2|3|2|6|4|6|4|12|9|13|16|26|28|34|35|50|38|51|44|44|36|39|50|47|68|42|32|34|30|43|47|15|38|31|29|39|20|34|26|30|25|41|56|42|42|33|25|43|31|36|20|40|34|45|34|27|38|34|35|33|30|25|27|18|31|23|27|21|16|22|15|18|31|14|28|16|
2014-06-07|3|1_CTs|ct7||146|141|144|120|140|123|97|99|92|96|110|86|81|88|66|79|64|66|73|56|41|44|43|58|53|46|62|56|45|43|47|67|70|78|71|82|93|88|107|104|118|146|133|115|120|135|131|142|152|179|163|151|170|155|118|146|140|133|139|179|202|183|180|198|169|175|162|163|178|181|166|178|195|181|205|203|212|227|184|185|158|148|138|125|157|140|140|168|133|147|143|145|146|137|170|171|
2014-06-07|3|1_CTs|ct8||81|84|89|64|82|63|52|55|47|46|51|43|34|43|30|33|35|34|28|27|28|14|25|23|24|31|24|26|25|30|23|31|28|47|32|44|43|46|52|42|67|76|61|62|67|79|74|83|74|86|84|86|104|70|59|75|77|73|87|94|95|99|105|126|98|100|97|94|104|96|90|96|111|99|117|104|140|138|114|103|108|74|82|79|98|85|84|85|79|86|79|76|87|87|96|91|
2014-06-07|3|1_CTs|ct9||129|116|92|115|119|107|89|95|78|72|96|79|81|68|49|76|76|59|63|38|33|37|25|44|28|35|34|26|45|46|34|56|58|68|95|82|106|105|104|126|142|132|154|112|111|126|157|163|129|130|135|147|130|156|129|139|127|125|154|136|139|166|130|166|142|180|162|178|162|148|151|146|131|140|166|151|171|125|109|113|136|127|140|107|197|305|120|131|116|94|73|112|101|112|110|109|
2014-06-07|3|1_CTs|ct10||96|91|91|96|86|76|78|75|84|95|104|76|79|76|84|65|87|81|60|47|39|37|29|41|40|35|20|37|41|24|39|33|44|49|46|55|61|77|65|71|72|80|83|98|93|84|77|93|115|109|104|93|97|120|113|80|101|64|99|97|94|111|108|124|116|116|112|137|113|136|120|125|129|136|134|129|116|107|108|91|106|85|113|91|102|80|99|83|88|76|84|74|72|77|68|96|
2014-06-07|3|1_CTs|ct13||246|228|223|231|212|192|159|159|159|209|204|169|176|214|215|720|182|170|148|146|142|144|126|120|118|92|1184|2843|241|1106|271|938|981|192|256|864|173|232|510|269|202|1181|234|236|252|264|536|246|239|259|266|238|290|266|235|236|503|187|274|459|511|534|961|753|248|279|231|201|252|306|348|577|279|328|276|281|213|260|291|284|281|256|221|248|215|238|233|253|222|208|197|182|212|213|230|242|
2014-06-07|3|1_CTs|ct14||63|52|61|44|35|20|22|24|21|20|9|21|13|15|13|8|19|10|11|16|13|13|11|20|22|26|31|42|62|79|129|126|79|92|104|155|128|146|157|190|150|157|140|194|182|139|123|123|128|141|120|137|132|136|130|155|141|131|124|157|140|145|169|175|155|124|158|135|154|137|130|131|120|137|135|144|135|141|160|154|146|139|123|138|126|112|96|72|89|82|88|63|62|77|74|72|
2014-06-07|3|1_CTs|CT16||138|143|98|97|140|96|100|76|62|111|78|52|68|50|61|82|58|69|67|62|60|47|22|36|42|39|43|41|92|60|35|59|61|52|76|60|79|71|86|79|107|141|135|110|98|119|153|105|152|122|130|123|120|128|105|123|122|126|108|147|168|162|118|149|160|187|186|179|199|188|161|190|155|188|175|189|196|204|162|173|164|172|159|110|112|122|98|112|95|121|74|107|93|121|111|163|
2014-06-07|3|1_CTs|ct18||119|130|120|108|114|96|95|96|115|95|108|94|101|85|89|82|95|94|70|54|53|48|31|51|47|35|36|51|53|42|55|51|70|63|79|89|82|103|102|107|94|113|118|135|128|130|122|124|145|138|145|135|126|169|159|116|132|104|140|132|139|158|153|185|169|163|166|201|175|176|184|167|173|164|180|170|171|147|161|160|156|140|146|129|132|133|125|133|105|127|105|106|99|104|110|141|
2014-06-07|3|1_CTs|ct19||2|0|0|0|1|3|1|0|2|2|0|0|0|1|0|1|1|0|0|0|0|0|0|4|0|5|2|6|6|0|2|3|2|3|3|3|3|4|1|1|2|6|2|4|5|4|4|2|2|2|2|3|2|2|1|3|2|2|2|5|3|4|0|1|2|2|1|3|2|3|3|2|2|0|2|3|4|2|1|2|2|1|3|3|1|2|3|1|1|0|1|0|1|0|1|9|
2014-06-07|3|1_CTs|ct20||0|0|0|0|0|0|0|0|0|0|0|0|0|0|0|0|0|0|0|0|0|0|0|0|0|0|0|0|0|0|0|0|0|0|0|0|0|0|0|0|0|0|0|0|0|0|0|0|0|0|0|0|0|0|0|0|0|0|0|0|0|0|0|0|0|0|0|0|2|0|0|1|0|0|0|0|0|0|0|0|1|0|0|0|0|0|0|0|0|0|0|0|0|0|1|0|
2014-06-07|3|1_CTs|ct22||6|4|3|6|5|7|3|4|3|3|3|0|1|5|1|7|2|3|1|3|2|3|2|1|0|1|5|0|3|4|1|2|2|5|4|3|6|8|11|13|12|17|15|8|14|20|13|12|9|10|14|10|13|9|9|17|24|9|7|14|14|12|14|12|13|16|10|11|14|16|18|11|8|6|13|11|11|12|8|14|12|5|4|12|9|14|9|6|4|5|6|10|9|5|8|4|
2014-06-07|3|1_CTs|CT23||149|98|106|96|71|73|68|54|52|52|33|34|39|32|32|27|21|20|31|9|11|18|22|23|13|14|10|20|45|35|35|74|64|91|130|106|120|109|127|135|141|159|149|177|195|181|166|207|198|223|195|218|255|256|227|217|184|216|198|189|163|223|186|233|212|210|232|228|221|242|241|246|226|239|199|201|219|202|232|180|189|149|175|139|129|120|89|108|103|124|111|84|112|107|123|100|
2014-06-07|3|1_CTs|ct24||255|243|211|183|134|158|131|115|90|87|73|84|47|62|45|59|55|55|49|66|55|63|61|113|96|131|184|189|205|303|445|456|413|507|470|597|546|630|705|728|699|660|715|772|710|681|701|653|647|648|633|697|641|652|688|683|630|671|706|782|739|849|906|853|789|824|754|724|725|703|657|708|711|682|666|687|599|653|695|736|676|683|700|659|625|510|436|430|409|372|362|327|309|373|329|317|
