2011-11-03|2|1_CTs|ct1||37|27|36|25|36|39|21|26|20|10|8|7|9|6|4|3|9|8|5|9|18|9|18|17|16|23|24|46|59|56|87|100|98|104|110|114|104|128|127|118|127|127|129|143|135|133|131|133|139|114|139|140|101|107|117|124|119|136|134|109|147|133|124|141|121|109|109|115|103|98|86|85|94|96|120|96|92|99|109|130|128|133|146|138|80|83|59|73|71|71|55|52|47|51|43|52|
2011-11-03|2|1_CTs|ct2||16|16|9|8|15|33|42|29|16|4|6|3|2|2|1|1|2|1|5|3|13|11|7|14|12|11|16|14|18|23|28|24|25|31|38|55|47|62|63|61|57|57|62|85|57|73|77|55|59|73|61|57|56|62|54|66|47|72|62|51|65|77|57|72|43|51|63|52|56|60|49|55|45|52|52|42|49|63|51|76|71|72|81|86|33|49|25|29|24|28|18|15|22|21|24|23|
2011-11-03|2|1_CTs|ct3||75|65|67|48|45|70|77|76|53|28|21|25|18|15|20|9|18|12|13|21|29|37|34|52|40|53|59|67|98|103|133|140|154|143|160|188|166|195|191|181|181|204|203|247|206|209|227|212|202|197|222|203|179|177|172|197|177|218|208|172|223|236|211|199|175|201|204|181|180|171|170|172|164|158|211|159|170|185|183|195|195|197|193|207|148|158|124|121|131|106|121|93|100|103|79|120|
2011-11-03|2|1_CTs|ct4||52|32|28|26|40|32|21|27|25|9|23|9|14|10|9|12|8|5|12|4|17|12|20|28|25|29|43|30|48|55|65|82|93|131|131|138|141|138|147|119|107|153|158|130|148|140|141|143|141|139|137|133|119|144|99|120|126|134|124|123|127|140|144|133|167|146|138|156|121|97|120|138|113|132|105|108|95|115|103|134|105|105|103|93|89|75|68|62|75|49|61|80|65|66|60|74|
2011-11-03|2|1_CTs|ct5||80|63|53|55|51|46|40|49|40|20|33|17|12|12|12|13|15|10|10|9|24|22|23|34|25|25|38|41|56|80|100|124|136|172|200|222|201|199|221|180|184|188|228|219|242|239|227|242|200|225|197|220|183|230|179|171|215|204|185|206|209|206|222|222|219|223|233|233|203|186|195|185|195|189|188|172|155|185|172|179|174|165|141|139|139|124|98|112|99|98|83|124|111|105|116|140|
2011-11-03|2|1_CTs|ct6||51|49|44|38|139|139|55|38|21|13|19|12|8|9|9|10|5|7|12|7|11|15|15|24|24|17|27|25|40|50|57|56|83|83|91|113|97|101|105|97|87|83|123|104|122|135|119|131|119|137|118|133|128|130|112|107|119|130|135|147|135|118|119|137|165|156|135|160|133|127|136|118|116|100|105|82|90|107|110|117|99|91|104|85|89|80|72|58|58|52|54|98|79|84|108|188|
2011-11-03|2|1_CTs|ct17||61|63|55|47|42|61|59|69|48|26|22|25|16|16|9|8|13|7|10|15|17|25|19|30|29|43|43|48|71|84|107|136|138|161|174|192|161|173|200|182|181|191|198|199|186|198|207|198|149|206|194|192|157|152|161|151|184|187|182|200|192|185|204|164|192|189|190|173|182|178|181|162|157|162|213|183|151|188|188|177|203|190|174|178|127|150|112|128|113|107|109|91|104|95|91|97|
2011-11-03|2|1_CTs|CT19||34|19|29|17|18|18|22|22|14|8|12|4|9|5|3|7|7|2|4|5|8|10|11|6|13|17|23|18|44|48|53|76|89|85|103|89|88|99|99|109|111|128|105|109|114|130|124|91|115|109|128|129|120|109|94|100|109|102|113|130|107|113|95|117|109|102|126|119|111|118|136|127|131|123|120|120|115|120|109|113|111|120|109|108|62|75|64|47|60|61|48|59|41|43|35|57|
2011-11-03|2|1_CTs|CT20||44|33|40|22|33|25|16|16|17|20|9|15|8|7|6|3|5|6|14|5|4|5|9|8|22|10|10|23|34|28|48|74|64|103|102|98|74|117|76|98|76|68|84|68|85|70|73|87|69|72|69|75|67|61|59|71|69|80|68|76|79|79|82|76|97|75|72|71|84|84|101|98|101|101|87|97|89|77|67|74|82|74|62|57|67|54|54|53|53|55|48|58|48|56|55|61|
2011-11-03|2|1_CTs|CT21||19|21|12|7|17|13|7|6|8|7|6|5|3|4|8|1|4|1|5|0|1|2|2|4|11|3|8|6|17|19|29|46|46|69|59|59|70|66|53|44|34|43|51|55|51|48|40|50|47|53|42|44|40|35|44|47|45|39|47|38|45|46|54|53|51|48|45|54|43|42|49|48|48|44|46|50|54|45|37|49|51|43|33|35|33|25|22|20|35|21|19|28|36|36|39|32|
