2016-11-06|6|1_CTs|CT1||2|2|0|3|0|0|1|1|2|1|1|1|2|1|0|1|0|0|2|0|1|0|2|0|0|0|0|0|0|0|0|1|1|1|1|0|1|3|0|7|3|3|6|261|5|5|3|5|4|4|6|10|8|5|5|5|3|2|1|3|3|6|8|5|4|4|1|7|4|3|6|8|9|7|4|3|3|4|5|2|8|7|2|2|0|7|1|1|5|6|6|4|0|1|0|2|
2016-11-06|6|1_CTs|CT3||19|5|6|2|3|1|7|2|4|3|2|3|5|3|5|7|7|11|10|19|13|13|20|19|25|25|28|27|27|33|30|45|290|35|19|22|29|38|263|40|34|175|36|38|34|42|40|52|35|51|33|30|278|44|264|29|31|303|36|45|39|43|41|521|35|46|38|46|42|69|62|54|48|55|296|36|40|49|33|30|34|39|27|23|17|26|14|24|222|15|204|20|18|243|234|19|
2016-11-06|6|1_CTs|CT4||14|10|6|7|4|9|6|7|3|5|2|7|8|1|1|2|1|0|2|1|1|1|1|2|0|2|2|4|4|3|4|3|4|9|4|6|248|5|6|9|6|9|10|269|5|7|18|15|12|17|20|17|19|25|27|19|18|24|27|15|12|16|17|8|11|10|19|19|20|22|34|28|26|20|23|20|25|18|19|22|21|14|14|12|15|11|15|9|6|15|7|14|5|3|6|4|
2016-11-06|6|1_CTs|CT5||29|30|23|274|25|26|14|25|15|13|18|8|12|13|9|13|6|12|12|8|8|5|5|8|7|11|10|9|261|12|17|9|19|13|16|13|270|12|18|13|20|10|13|277|29|26|27|42|23|45|46|42|40|56|33|36|36|40|38|43|49|46|49|301|60|40|45|40|65|56|46|52|57|50|56|43|43|44|37|30|24|45|33|29|25|34|277|274|27|31|28|28|25|260|14|17|
2016-11-06|6|1_CTs|CT6||33|30|24|14|27|15|21|14|13|13|12|7|26|6|7|7|7|7|4|6|9|12|15|14|10|13|12|13|15|17|23|14|26|21|30|29|290|38|45|40|44|54|277|313|59|77|77|84|90|88|93|82|97|104|310|83|304|580|96|79|82|91|86|105|96|313|77|104|89|147|103|136|109|335|80|83|84|528|54|305|69|67|52|296|47|52|56|53|36|48|309|42|291|51|29|23|
2016-11-06|6|1_CTs|CT7||9|6|5|8|4|7|1|1|1|7|2|0|4|2|2|1|1|1|2|0|3|1|1|3|2|2|8|4|5|6|5|13|6|3|9|9|6|7|12|10|15|18|12|10|12|17|20|14|26|21|17|20|283|16|15|5|17|281|19|19|18|13|21|278|19|24|271|24|27|279|32|29|27|23|273|17|17|22|19|14|18|12|11|13|9|7|15|15|11|12|8|7|9|262|3|5|
2016-11-06|6|1_CTs|CT8||281|48|43|44|36|35|29|26|31|264|19|19|12|12|12|14|17|16|6|9|8|10|243|7|15|273|13|25|14|28|35|41|31|33|36|29|263|45|305|67|58|329|59|294|58|63|82|56|74|108|118|91|338|316|93|84|83|81|98|96|106|106|110|109|105|97|97|118|136|113|141|137|122|110|338|104|104|95|322|65|88|86|70|93|227|84|67|67|284|291|62|57|47|42|36|44|
2016-11-06|6|1_CTs|CT10||37|39|43|29|268|18|18|21|13|18|17|9|9|7|10|13|16|11|12|9|8|5|11|7|15|14|13|20|20|25|29|26|28|29|32|39|36|47|57|50|53|297|73|71|62|94|349|90|79|73|104|98|114|131|77|78|99|337|90|94|90|86|100|108|88|364|366|121|106|133|127|112|102|354|91|126|92|101|85|335|72|109|88|69|58|48|52|50|61|356|145|74|44|543|39|32|
2016-11-06|6|1_CTs|CT11||51|42|61|258|36|18|22|20|15|13|19|14|13|11|5|12|6|7|10|7|12|10|12|13|15|18|23|19|19|47|59|45|31|35|316|62|62|330|315|90|89|345|101|620|90|85|105|104|355|116|127|150|112|133|359|111|121|355|98|126|391|128|137|114|634|379|121|133|154|189|188|208|172|137|143|129|136|102|118|89|369|380|93|83|318|317|74|319|69|159|381|75|46|40|32|31|
2016-11-06|6|1_CTs|CT12||55|53|54|44|42|26|29|31|21|26|27|272|14|18|17|16|15|13|10|9|12|9|14|12|14|19|16|22|20|48|54|42|39|40|46|54|55|60|340|313|80|291|98|338|104|344|110|88|88|98|120|144|120|128|364|319|116|100|104|102|389|110|163|115|127|135|124|144|151|401|185|159|374|122|120|146|103|391|103|107|117|136|105|92|588|70|62|67|70|126|403|98|310|58|43|290|
2016-11-06|6|1_CTs|CT14||0|0|0|0|0|0|0|0|0|0|0|0|0|0|0|0|0|1|0|0|0|0|0|0|0|0|0|0|0|0|0|0|0|0|0|0|0|0|0|0|0|0|0|0|0|0|0|0|0|0|0|0|0|0|0|0|0|0|0|0|0|0|0|0|0|0|0|0|0|0|0|0|0|0|0|0|0|0|0|0|0|0|0|0|0|0|0|0|0|0|0|0|0|0|0|0|
2016-11-06|6|1_CTs|CT15||47|31|24|237|19|23|14|8|12|18|17|17|14|14|11|4|9|11|14|12|10|19|22|23|20|23|293|41|33|64|38|56|39|52|52|58|292|267|62|66|55|79|54|61|57|75|327|73|97|99|88|83|83|82|64|64|68|56|70|81|74|88|83|92|91|86|75|91|87|607|168|149|130|114|96|90|91|100|74|81|301|64|56|62|49|62|65|272|292|60|291|47|50|275|274|31|
2016-11-06|6|1_CTs|CT16||57|47|44|42|30|280|276|24|13|29|17|13|19|11|13|17|12|11|17|12|12|6|11|8|275|18|24|23|20|33|34|35|27|26|55|48|48|57|579|348|89|322|104|346|331|348|127|131|369|141|138|143|166|185|117|120|381|142|107|141|135|141|139|410|136|154|153|155|153|192|200|216|434|149|159|156|149|129|132|109|123|150|131|78|88|68|89|81|70|393|159|88|57|44|49|43|
2016-11-06|6|1_CTs|CT17||51|49|53|45|39|28|42|30|28|35|15|30|23|20|21|18|13|16|17|20|9|10|12|8|9|11|7|14|13|18|23|19|21|16|28|28|38|46|64|45|60|49|80|42|78|67|73|77|70|105|91|96|85|107|79|345|321|326|75|75|94|92|98|94|87|75|71|68|72|104|59|104|108|115|100|103|90|107|79|72|373|91|93|60|298|67|58|53|70|61|70|72|45|43|292|29|
2016-11-06|6|1_CTs|CT18||101|93|103|275|58|58|42|310|37|37|43|25|27|29|26|31|21|17|26|21|16|13|16|20|25|31|290|26|277|38|50|47|53|56|49|61|64|74|83|350|97|99|111|626|122|124|137|146|135|156|167|181|415|208|173|381|405|171|136|169|406|195|186|714|475|195|163|171|196|231|228|242|216|179|408|156|170|154|125|119|409|420|120|109|335|110|363|597|338|126|158|372|76|302|537|50|
2016-11-06|6|1_CTs|CT19||48|53|60|41|46|29|34|35|26|24|28|27|31|23|19|26|14|13|15|17|11|12|9|10|9|250|8|15|17|19|19|20|23|26|29|28|40|34|49|63|54|52|63|320|82|76|95|79|88|120|113|100|122|125|119|114|62|78|86|112|331|118|114|636|137|134|105|111|137|125|137|140|113|120|360|118|111|102|333|328|593|109|94|68|70|66|64|53|59|294|45|317|40|310|38|23|
2016-11-06|6|1_CTs|CT20||293|25|20|32|17|17|22|11|15|17|11|17|12|11|7|7|15|7|7|7|4|4|7|14|11|16|9|16|9|31|16|29|21|33|25|42|35|295|39|292|69|318|76|330|82|35|65|99|92|49|45|106|104|107|55|300|94|86|13|76|67|19|80|55|90|47|338|91|91|90|101|105|99|79|88|67|25|15|62|7|325|60|56|316|40|56|43|37|289|18|298|47|20|278|13|24|
2016-11-06|6|1_CTs|CT21||82|58|303|49|48|35|36|40|27|35|35|28|27|22|23|31|16|30|24|43|35|34|280|36|60|68|62|71|73|326|90|95|67|444|199|98|120|376|121|114|389|115|115|368|140|160|135|171|157|186|200|216|211|199|168|147|162|658|184|209|199|207|427|188|220|220|223|243|257|475|287|522|259|247|236|703|206|204|455|176|427|174|173|167|129|142|299|250|159|161|333|136|132|105|110|87|
2016-11-06|6|1_CTs|CT23||91|58|94|282|46|48|38|36|35|27|34|29|23|19|27|30|27|23|11|24|21|14|29|250|37|29|33|36|35|55|55|58|63|66|72|58|74|86|109|104|118|110|131|110|118|133|145|133|136|149|188|158|191|149|156|141|141|123|153|178|190|412|181|161|398|154|148|189|204|201|221|234|197|198|154|136|163|386|148|125|151|146|115|108|105|107|125|98|338|349|105|327|65|82|66|58|
2016-11-06|6|1_CTs|CT24||0|0|0|0|0|0|0|0|0|0|0|0|0|0|0|0|0|0|0|0|0|0|0|2|0|0|0|0|0|0|0|0|0|0|0|0|0|0|0|0|0|0|0|0|0|0|0|0|0|0|0|0|0|0|0|0|0|0|0|0|0|0|0|0|0|0|0|0|0|0|0|0|0|0|0|0|0|0|0|0|0|0|0|0|0|0|0|0|0|0|0|0|0|0|0|0|
