2012-12-16|6|1_CTs|CT1||2|1|2|7|1|2|0|2|4|1|0|1|0|0|0|0|2|1|0|2|1|0|0|2|2|3|2|0|2|1|0|0|1|4|1|0|1|4|1|0|1|5|1|8|6|4|2|2|2|3|3|1|2|4|3|0|3|0|2|6|3|1|1|3|3|0|2|0|1|2|6|4|5|3|4|4|3|2|1|2|3|1|0|0|4|2|0|1|2|0|0|0|2|0|0|1|
2012-12-16|6|1_CTs|CT3||11|20|13|13|9|9|8|4|2|9|7|2|5|3|2|4|5|8|6|10|11|19|15|27|28|24|19|26|26|23|23|21|30|28|26|22|25|22|24|22|27|19|26|33|26|39|25|36|47|38|37|29|41|38|46|27|35|28|26|33|30|34|30|40|45|44|36|45|38|40|54|49|38|43|36|37|41|45|31|26|41|26|23|20|31|20|26|18|28|25|19|8|9|16|17|12|
2012-12-16|6|1_CTs|CT4||17|5|3|8|6|5|10|7|4|4|6|2|4|3|6|6|3|7|5|3|4|3|3|6|5|5|1|1|4|3|3|2|5|7|10|3|4|14|9|9|15|8|13|13|14|13|14|22|17|22|15|16|15|28|27|22|20|13|23|21|14|25|14|18|21|23|30|22|22|20|24|27|24|32|22|16|22|15|19|19|12|16|22|14|12|12|14|16|4|3|5|4|6|9|7|3|
2012-12-16|6|1_CTs|CT5||34|42|27|23|21|20|21|24|14|18|8|12|13|8|13|5|16|10|9|8|6|16|11|8|8|8|6|12|7|11|9|9|11|18|20|14|12|12|21|31|26|44|26|23|25|28|28|18|18|24|36|45|38|39|45|27|43|39|37|48|15|32|26|13|17|40|49|38|43|47|54|45|40|46|40|42|40|52|38|28|36|34|29|32|18|24|25|24|22|27|12|24|22|9|17|15|
2012-12-16|6|1_CTs|CT6||42|42|34|24|19|20|7|21|9|12|7|8|7|10|6|5|7|10|7|9|6|11|13|11|14|8|7|9|14|10|14|14|18|15|25|15|28|25|32|46|55|54|56|58|74|69|79|81|85|65|90|86|129|122|103|113|89|90|89|65|93|83|88|83|72|84|82|88|83|84|80|72|80|67|81|86|82|76|71|58|82|69|54|50|46|48|46|34|46|36|41|36|37|26|19|20|
2012-12-16|6|1_CTs|CT7||3|5|4|4|6|4|1|5|3|0|1|0|1|1|0|2|1|2|1|1|3|2|0|1|7|1|3|6|3|3|4|5|2|6|7|6|8|8|4|3|15|10|15|15|15|11|15|15|13|18|21|21|15|15|15|16|5|14|14|13|13|24|17|16|23|25|20|15|10|18|23|21|17|19|13|18|28|18|15|20|11|11|8|2|16|9|14|10|8|8|7|8|7|6|9|6|
2012-12-16|6|1_CTs|CT8||76|69|54|45|59|35|39|33|27|25|25|30|22|28|9|27|23|29|27|17|20|17|25|27|21|20|30|27|33|28|37|38|30|34|47|50|36|51|46|72|60|70|78|75|72|83|78|89|92|108|95|102|106|101|79|100|100|113|99|105|121|143|103|122|115|117|132|111|98|114|112|115|110|119|102|125|135|114|85|82|91|82|65|65|76|65|85|69|47|59|52|47|37|48|54|35|
2012-12-16|6|1_CTs|CT9||89|90|73|54|54|60|47|31|27|25|24|24|31|24|15|17|23|17|21|15|26|15|27|32|34|27|35|27|29|31|33|50|32|38|50|59|65|66|79|75|86|75|85|106|88|107|113|117|115|133|131|125|147|158|120|130|134|108|157|133|126|145|140|128|147|145|142|168|137|163|176|170|146|159|147|196|248|181|160|129|113|113|70|95|86|72|67|70|76|70|65|64|57|44|55|54|
2012-12-16|6|1_CTs|CT10||47|55|40|31|41|28|28|28|16|26|21|15|17|12|11|14|21|7|13|15|12|14|15|12|18|17|16|16|23|15|28|27|27|34|38|34|45|55|50|48|55|66|58|66|49|108|87|94|91|97|104|107|137|107|100|76|88|99|91|92|79|82|98|100|120|109|96|113|111|115|116|117|125|108|104|164|130|120|101|122|107|100|125|73|54|47|60|36|66|43|35|49|41|51|27|32|
2012-12-16|6|1_CTs|CT11||53|60|58|33|37|30|23|26|20|17|17|14|18|16|11|6|9|15|11|12|16|8|14|12|17|19|22|22|23|26|30|47|23|41|50|73|66|66|86|92|129|123|158|153|151|128|95|100|116|95|113|113|120|123|114|107|117|104|101|115|106|122|123|119|135|98|102|118|109|116|132|111|119|120|148|124|133|129|86|100|93|109|62|55|75|73|62|51|48|45|44|39|47|35|42|35|
2012-12-16|6|1_CTs|CT12||62|51|46|46|39|26|26|33|21|22|21|14|26|20|13|17|12|20|15|18|16|20|15|19|17|32|17|18|23|18|36|39|24|45|47|50|63|65|63|74|82|79|76|88|109|100|102|98|114|104|104|119|142|120|125|99|89|97|92|101|107|102|119|101|127|103|119|110|131|134|120|118|106|139|138|127|128|123|99|120|112|111|99|67|84|67|61|50|63|54|42|55|43|63|39|28|
2012-12-16|6|1_CTs|CT13||23|19|15|19|18|11|14|13|3|4|3|4|4|6|1|3|5|5|7|2|9|3|9|7|13|13|11|15|12|9|12|18|8|12|16|13|19|20|27|24|22|23|23|25|17|25|36|33|23|32|26|33|19|38|28|27|26|25|29|27|28|27|37|21|27|34|28|30|40|33|40|36|30|30|105|229|285|329|483|713|663|302|20|24|18|13|20|17|16|20|23|14|14|14|13|13|
2012-12-16|6|1_CTs|CT14||56|32|25|36|28|27|13|18|17|11|19|7|18|17|7|9|11|12|8|9|12|12|18|15|14|26|13|11|26|15|29|26|18|25|27|19|37|48|32|33|35|41|55|62|46|52|54|70|81|75|76|71|76|72|87|68|47|71|73|72|67|60|67|58|81|63|82|77|78|79|77|67|66|91|81|76|76|79|61|69|75|64|66|44|53|44|38|40|44|30|26|21|31|33|28|29|
2012-12-16|6|1_CTs|CT15||19|28|11|11|9|11|7|7|11|6|6|4|6|7|5|5|6|7|4|5|11|7|9|9|14|6|14|12|8|21|11|12|20|28|30|26|29|32|44|45|58|40|45|46|41|37|49|41|40|36|54|59|62|53|54|39|52|43|54|48|44|53|57|56|58|53|67|63|44|62|74|50|49|57|60|99|120|86|88|55|39|41|26|34|38|21|33|21|36|31|28|16|25|22|18|11|
2012-12-16|6|1_CTs|CT16||63|61|54|35|52|35|21|35|31|26|20|17|17|11|6|10|16|12|14|12|18|11|10|7|22|15|17|24|24|25|25|33|29|45|46|44|49|58|62|70|96|129|136|145|116|140|108|122|111|110|143|124|147|126|123|106|111|123|109|110|118|120|113|117|154|141|113|132|128|142|146|132|140|122|120|159|164|124|101|118|111|116|98|85|74|68|101|55|67|58|53|57|52|49|46|48|
2012-12-16|6|1_CTs|CT17||51|36|25|18|11|31|17|18|14|13|7|18|17|8|12|15|6|9|5|11|5|11|13|19|8|14|8|9|14|10|10|12|9|12|15|21|18|21|24|35|25|28|35|28|42|45|34|54|47|63|49|67|60|66|65|48|49|38|52|49|54|56|47|51|63|42|75|73|65|83|71|60|51|71|57|55|52|50|53|63|42|61|41|38|30|27|38|29|31|28|34|24|20|18|34|15|
2012-12-16|6|1_CTs|CT18||103|113|70|83|71|62|59|55|40|47|25|35|30|23|26|19|29|30|24|22|23|27|23|21|26|28|21|39|32|37|39|30|30|58|54|61|62|61|68|100|113|155|161|156|164|175|163|140|147|122|153|170|181|164|172|155|163|192|185|173|168|183|179|177|195|188|179|217|191|206|221|173|181|190|174|218|171|194|152|126|152|158|115|114|95|101|108|90|96|74|80|93|89|67|55|68|
2012-12-16|6|1_CTs|CT19||66|53|36|41|38|42|32|36|31|30|18|25|20|13|23|20|13|23|15|19|15|16|13|22|15|12|16|13|15|10|22|21|17|24|30|22|34|35|38|61|60|56|63|60|79|80|72|86|94|120|91|99|129|140|114|96|83|68|100|106|98|95|88|90|93|103|122|87|120|131|124|115|107|108|112|132|138|98|109|105|84|85|75|59|63|59|63|63|65|53|53|46|40|43|35|20|
2012-12-16|6|1_CTs|CT20||32|41|23|38|21|29|20|11|17|10|16|7|10|7|7|10|8|13|6|6|10|10|15|6|13|10|17|11|13|11|8|11|23|32|19|33|27|21|37|55|49|55|50|54|60|65|70|23|76|86|97|52|30|13|16|63|83|74|9|95|89|63|69|88|86|106|80|105|98|104|90|100|88|92|51|79|67|68|79|22|40|48|28|51|40|33|35|29|41|30|26|24|19|24|25|9|
2012-12-16|6|1_CTs|CT21||93|93|71|60|69|64|60|33|37|41|31|21|22|23|28|27|24|17|22|18|19|30|32|30|37|39|62|50|41|44|68|79|69|66|94|109|83|87|103|134|115|146|161|146|158|144|130|145|165|156|161|186|186|173|182|190|153|190|184|216|185|212|220|223|227|233|235|219|213|230|205|205|213|189|175|225|249|212|212|181|191|165|123|122|131|104|118|104|123|119|121|90|85|92|90|74|
2012-12-16|6|1_CTs|CT22||123|108|100|100|99|80|78|73|76|63|58|51|56|64|48|52|43|55|46|30|60|71|67|70|70|82|52|74|62|78|69|98|75|79|88|111|99|97|121|119|133|137|166|151|164|186|150|177|263|214|213|242|229|225|176|173|146|178|206|218|215|180|200|214|232|232|211|209|251|272|234|253|269|238|235|214|207|207|211|212|195|174|138|151|124|126|116|127|151|99|89|100|95|83|73|86|
2012-12-16|6|1_CTs|CT23||104|100|82|73|76|56|48|41|39|40|42|35|36|33|17|32|30|39|37|25|31|28|41|39|35|38|47|36|54|52|41|56|58|57|65|72|68|81|88|107|125|127|134|132|126|128|123|146|171|160|160|179|189|166|163|159|156|172|158|195|197|179|191|210|170|189|193|166|168|177|184|186|187|191|164|190|209|216|183|136|151|138|105|92|101|109|120|108|92|97|99|83|58|90|82|53|
2012-12-16|6|1_CTs|CT24||101|109|85|85|84|63|57|59|46|57|37|52|38|33|38|33|43|42|34|31|46|30|43|47|43|39|49|31|53|41|49|44|51|53|65|74|66|72|97|93|108|85|121|137|111|120|133|153|186|160|162|177|231|200|189|158|150|143|140|174|167|186|170|175|172|199|192|198|198|226|202|206|221|203|187|167|187|184|192|180|155|167|138|140|120|87|108|104|100|98|87|97|70|78|61|67|
