2016-12-14|3|1_CTs|ct3||21|11|10|1|12|5|9|4|0|5|10|2|20|48|24|28|29|23|10|19|18|12|26|539|38|38|330|83|109|138|180|462|196|198|183|221|211|439|182|717|434|212|213|204|461|202|208|477|190|235|186|721|216|243|690|193|198|211|238|454|233|214|458|228|224|702|439|403|404|149|180|163|180|171|186|667|234|713|121|355|152|191|181|184|414|153|377|217|286|533|747|266|227|265|517|558|
2016-12-14|3|1_CTs|ct5||268|162|109|348|349|334|71|48|41|42|37|293|38|24|292|21|23|19|15|12|16|16|15|23|22|25|39|50|54|81|149|435|233|264|533|307|513|285|242|445|199|209|210|197|479|230|496|245|242|239|262|269|511|495|258|230|221|490|261|525|245|245|523|294|309|262|542|597|576|358|344|376|544|589|336|539|793|536|526|794|527|294|252|478|711|192|169|173|192|164|163|194|257|491|476|207|
2016-12-14|3|1_CTs|ct6||10|6|10|3|4|4|3|0|242|1|3|2|3|1|3|1|0|0|0|0|1|3|2|4|7|4|12|18|28|29|44|63|46|319|67|78|91|62|48|299|51|308|59|75|63|42|41|64|47|303|47|61|45|61|55|316|66|69|323|70|72|52|311|63|315|59|50|34|84|64|311|71|83|327|323|318|80|58|56|66|54|62|33|37|24|37|22|25|17|17|21|25|26|25|28|7|
2016-12-14|3|1_CTs|ct7||368|353|95|74|85|313|301|265|46|36|42|267|19|23|23|26|36|15|18|13|25|22|19|29|30|34|297|47|49|64|76|92|367|346|144|372|122|155|363|153|147|400|127|649|167|433|194|409|157|175|144|384|165|189|143|380|156|150|172|442|183|86|75|63|0|0|0|0|0|0|0|22|56|304|58|59|68|132|398|152|135|130|371|128|119|124|112|362|122|118|112|121|181|140|160|168|
2016-12-14|3|1_CTs|ct8||299|46|45|41|41|278|32|23|19|15|17|19|6|13|14|7|5|6|9|6|13|9|9|16|15|22|273|26|18|29|38|53|310|289|85|337|74|308|86|110|107|617|91|351|369|122|116|359|113|127|336|105|128|118|99|355|107|110|117|116|136|126|387|162|384|123|132|146|381|129|141|126|128|129|368|105|112|119|94|90|93|80|351|93|87|70|66|59|78|72|62|76|134|73|329|87|
2016-12-14|3|1_CTs|ct9||125|114|210|250|326|337|49|61|42|47|46|34|37|35|32|20|294|34|29|24|19|33|33|29|23|31|50|60|76|89|572|605|648|422|2693|524|686|1102|2162|2425|386|557|1313|2188|1200|895|455|2794|1383|3098|2399|1664|1694|2035|2060|2464|2094|1600|754|695|436|498|227|226|239|151|75|408|125|98|117|117|112|362|182|427|711|222|479|227|209|463|218|318|696|148|411|134|103|107|88|107|391|568|687|314|
2016-12-14|3|1_CTs|ct10||85|85|62|43|50|42|34|41|26|28|23|25|16|11|24|13|10|8|14|11|13|15|15|20|18|22|33|26|31|48|68|116|144|151|166|146|148|144|143|163|137|138|115|131|143|135|130|137|123|128|146|149|118|141|122|126|132|144|153|142|135|118|164|141|129|126|139|116|184|170|152|143|162|140|145|127|136|133|141|154|141|153|123|102|115|119|107|89|68|109|94|101|106|111|98|99|
2016-12-14|3|1_CTs|ct13||492|215|154|362|128|104|86|88|332|70|56|50|48|50|70|48|46|46|50|51|54|36|42|62|64|332|109|110|111|114|185|234|215|502|487|234|252|240|507|254|199|505|255|280|294|1084|622|501|853|1297|399|510|253|1388|700|652|957|244|619|499|714|1203|642|299|407|1194|880|343|245|223|243|481|197|445|990|605|246|970|546|881|590|303|686|277|268|408|1187|1610|728|758|220|820|1185|302|1244|2505|
2016-12-14|3|1_CTs|CT16||188|150|129|95|91|114|72|317|61|128|42|33|39|58|57|50|43|74|54|28|27|32|36|43|20|39|51|97|314|52|134|152|177|198|482|211|449|220|226|475|196|224|191|190|190|197|219|242|238|219|216|244|456|215|178|421|184|503|211|227|248|241|385|297|235|246|229|205|506|479|195|251|257|240|483|262|235|719|529|263|253|209|184|173|131|137|388|143|125|99|376|153|166|408|129|143|
2016-12-14|3|1_CTs|ct22||5|8|2|4|2|3|1|1|1|2|0|4|1|2|3|3|4|2|1|0|0|1|4|1|1|3|3|5|2|2|11|17|12|15|13|22|15|278|23|11|15|11|19|26|16|17|24|20|23|23|26|288|13|14|23|23|32|17|281|27|25|25|29|23|20|27|299|39|299|42|41|46|32|46|42|36|31|27|33|22|17|22|14|11|10|17|11|11|1|11|9|10|5|5|9|5|
2016-12-14|3|1_CTs|CT23||419|279|510|2314|2968|970|1287|2597|864|26|13|23|69|26|863|3189|5317|6283|5570|5887|4162|1079|1825|446|437|208|190|237|845|328|500|377|1101|3126|5294|6781|1085|577|667|1056|534|828|883|753|586|694|665|941|1520|129|1033|682|262|1997|1403|118|163|164|184|673|687|867|614|1080|650|1048|621|727|577|921|881|784|784|376|1109|763|449|882|456|614|1079|621|796|792|645|657|2418|3948|4113|3323|4218|3794|2061|1844|3510|2894|
2016-12-14|3|1_CTs|ct24||311|332|42|31|34|285|24|18|12|13|13|267|16|13|9|11|9|11|9|17|287|34|37|58|69|108|225|347|703|545|600|637|622|1087|582|580|850|561|622|585|577|581|546|567|514|1008|509|786|402|728|495|501|738|433|415|926|481|530|774|524|755|433|732|689|447|417|734|457|391|472|672|738|462|697|689|446|711|448|694|624|639|401|344|284|230|478|416|150|143|142|110|181|134|130|389|361|
