2013-02-03|22|1_CTs|CT1||20|21|18|11|12|10|15|11|8|3|1|3|7|9|6|4|6|6|6|3|7|10|9|13|16|12|12|9|14|21|20|22|18|17|23|20|28|28|45|42|58|45|48|41|36|26|35|50|37|56|39|54|50|48|57|45|54|37|55|48|46|62|50|47|58|77|49|81|83|132|143|144|142|174|154|176|189|152|142|112|65|36|34|33|24|29|25|24|21|18|23|22|22|7|16|13|
2013-02-03|22|1_CTs|CT2||56|48|42|32|25|24|27|16|15|15|11|5|11|18|12|8|14|13|21|16|8|7|13|16|20|19|28|27|22|23|34|40|28|37|36|46|28|38|52|47|56|55|63|65|71|57|74|69|76|83|94|102|105|99|93|85|106|87|84|105|87|100|101|109|122|114|97|130|120|196|207|216|194|271|230|259|265|267|218|199|90|68|67|54|44|49|53|42|47|55|57|41|36|45|32|29|
2013-02-03|22|1_CTs|CT3||87|78|55|46|35|40|38|34|29|28|28|22|19|23|17|11|21|24|18|8|12|17|19|20|19|27|36|28|24|30|40|44|40|38|43|50|44|49|65|53|86|86|74|78|87|67|104|94|102|115|121|117|121|126|114|131|150|104|109|120|138|160|173|197|229|220|204|238|234|272|273|295|269|329|305|353|320|330|303|262|146|106|75|81|66|57|73|62|66|76|69|56|50|48|46|39|
2013-02-03|22|1_CTs|CT4||39|46|36|37|36|18|17|27|15|16|22|16|17|14|10|12|9|6|12|18|9|15|11|9|13|22|17|24|27|20|22|30|29|32|31|44|46|53|41|62|56|48|59|61|62|89|96|92|60|58|92|96|116|128|92|80|81|96|83|90|84|88|105|98|99|107|96|95|109|87|105|129|104|123|131|131|99|93|108|87|76|119|90|58|43|39|57|44|45|63|106|57|52|38|36|31|
2013-02-03|22|1_CTs|CT5||61|62|52|47|33|29|21|19|18|19|22|14|14|16|10|10|8|8|14|14|9|14|18|16|18|22|22|27|27|26|34|39|34|45|46|47|51|59|53|69|67|71|65|76|93|96|108|92|79|105|93|101|128|94|98|83|92|109|99|105|83|107|117|94|107|111|100|122|110|117|111|132|121|132|134|130|101|99|106|98|91|100|95|53|67|53|60|40|38|71|110|72|45|53|38|34|
2013-02-03|22|1_CTs|CT6||39|34|33|20|22|20|14|19|14|18|21|14|15|12|3|9|3|5|9|8|10|11|22|9|13|12|14|21|18|10|18|28|21|24|19|23|34|41|31|35|34|33|46|59|52|45|53|49|50|72|72|65|74|62|55|66|59|47|63|60|77|77|76|62|87|76|65|82|66|73|78|75|82|85|87|87|50|62|69|53|52|43|57|37|49|46|34|27|26|44|78|48|27|36|27|24|
2013-02-03|22|1_CTs|CT7||10|5|11|6|4|5|2|1|3|1|1|1|0|1|2|2|3|2|2|1|1|1|3|2|1|1|2|1|5|4|2|2|4|3|4|6|1|5|14|10|8|11|10|10|16|13|15|17|10|12|14|19|18|17|9|13|14|12|15|17|18|18|16|12|14|15|14|10|17|25|29|14|19|28|22|23|22|14|18|24|18|6|15|7|12|12|11|6|10|5|4|10|17|4|4|3|
2013-02-03|22|1_CTs|CT8||49|41|40|25|18|16|16|16|8|15|15|12|10|9|4|6|7|12|6|5|5|1|9|2|3|5|8|8|9|2|9|17|11|10|16|9|24|21|18|25|27|34|22|32|38|31|38|43|55|41|46|59|59|58|46|51|58|41|56|37|42|36|50|45|56|54|62|58|46|55|51|65|62|69|46|67|48|51|51|47|57|43|35|28|20|22|19|25|33|33|33|21|19|18|19|14|
2013-02-03|22|1_CTs|CT9||46|44|24|33|11|22|23|16|23|21|15|19|9|8|9|5|9|8|15|4|9|17|15|20|17|16|25|22|12|31|37|30|34|45|51|40|39|51|61|80|81|90|80|86|89|80|97|92|88|104|100|97|105|119|85|100|95|111|115|103|109|139|147|160|162|170|160|191|187|182|179|172|134|137|158|148|132|124|145|137|131|90|71|48|67|54|48|38|48|78|57|59|55|36|31|31|
2013-02-03|22|1_CTs|CT10||2|2|0|1|0|1|0|0|0|1|0|0|1|0|0|1|0|1|0|0|1|0|0|1|2|1|1|1|2|0|0|0|0|0|0|0|1|0|1|0|1|0|2|1|2|2|4|3|4|2|1|1|0|0|0|3|0|3|2|2|5|1|6|3|1|2|2|1|3|7|4|3|3|4|2|2|3|2|3|1|5|2|1|2|1|0|2|2|1|3|1|0|2|0|1|1|
