2015-11-09|6|1_CTs|CT1||3|6|2|1|0|0|0|1|0|0|0|0|3|1|0|0|0|1|1|2|1|2|0|2|2|1|5|5|8|9|19|61|137|354|49|76|44|30|40|16|10|4|4|4|2|6|4|6|8|262|9|8|7|6|7|5|7|16|7|7|3|3|6|15|11|23|289|21|11|264|18|9|4|7|7|6|1|3|3|6|2|3|6|2|4|2|3|1|3|7|0|1|3|3|1|0|
2015-11-09|6|1_CTs|CT3||9|7|7|6|6|2|0|1|1|4|5|5|2|3|6|3|4|9|4|15|15|30|28|23|30|28|33|31|53|302|60|72|325|91|306|101|91|84|300|56|56|59|56|44|50|58|298|260|237|42|262|48|45|47|36|42|39|46|42|47|43|289|32|50|46|56|48|252|55|268|53|53|54|245|320|71|63|64|74|55|50|45|32|20|23|16|26|14|17|14|15|13|16|20|19|4|
2015-11-09|6|1_CTs|CT4||3|6|4|1|2|4|0|3|4|2|2|2|2|1|1|3|0|1|1|1|1|3|1|0|2|1|0|6|4|6|17|7|60|44|34|29|23|30|20|26|16|28|30|14|18|14|11|25|5|27|19|286|49|38|22|23|26|286|34|10|24|22|33|27|275|22|294|301|39|56|66|52|53|6|51|41|40|42|49|297|24|35|14|26|20|16|15|19|9|11|10|14|9|7|5|6|
2015-11-09|6|1_CTs|CT5||13|15|6|9|6|7|3|1|7|1|3|4|3|7|3|2|1|2|1|2|4|5|3|5|251|5|6|17|21|20|31|40|66|343|87|111|111|70|90|72|80|71|326|78|69|550|70|64|58|57|331|60|77|48|59|76|71|329|83|58|71|119|242|62|65|81|310|334|89|99|89|341|60|73|68|76|68|63|282|59|46|57|41|44|27|37|29|23|29|25|20|25|12|15|277|272|
2015-11-09|6|1_CTs|CT7||10|4|3|0|1|2|1|1|0|2|0|2|0|2|0|1|0|2|1|2|4|1|5|9|5|4|7|13|13|21|27|297|52|303|48|49|65|38|284|39|22|36|35|22|21|17|31|22|25|21|29|34|31|32|23|31|35|27|29|31|31|21|27|20|28|31|38|34|277|36|38|34|298|294|35|24|20|30|27|24|24|20|25|16|8|20|13|7|11|265|6|9|10|8|9|3|
2015-11-09|6|1_CTs|CT8||278|24|17|21|11|15|10|16|9|9|6|8|12|12|246|5|4|3|7|2|11|9|28|21|22|35|35|301|71|94|380|186|169|177|442|185|171|421|161|389|152|140|141|132|105|355|326|351|123|110|142|392|144|145|132|117|147|142|121|348|120|117|144|144|754|124|139|156|162|178|818|161|359|162|137|142|158|160|152|151|162|136|344|324|93|330|100|302|73|63|53|47|293|43|297|42|
2015-11-09|6|1_CTs|CT9||43|26|26|18|17|18|14|10|9|7|7|12|7|8|5|10|6|8|10|11|12|21|277|33|48|300|37|327|85|128|493|348|343|893|416|392|390|353|259|467|224|198|191|185|426|661|428|449|166|184|448|175|182|191|204|197|485|218|203|292|633|186|210|241|434|238|482|236|266|591|1066|342|531|273|347|859|364|358|385|617|358|577|207|133|376|113|114|587|99|310|77|60|71|78|59|274|
2015-11-09|6|1_CTs|CT10||17|25|275|264|10|6|5|7|3|5|6|4|261|6|1|1|3|10|2|9|6|10|16|22|23|20|22|292|46|79|105|424|169|428|193|475|178|193|415|412|168|139|164|145|632|392|134|128|145|147|408|147|153|396|139|137|128|152|138|151|135|153|144|128|405|134|164|200|200|233|239|418|493|246|496|212|192|162|178|390|158|151|129|103|91|84|71|64|51|55|48|33|42|41|33|282|
2015-11-09|6|1_CTs|CT11||37|28|18|10|8|5|12|7|9|8|8|5|7|2|3|5|2|4|2|10|8|17|10|27|24|300|39|77|331|140|294|835|232|225|523|523|276|511|244|712|215|199|186|176|173|426|646|163|158|200|204|431|201|189|173|177|205|476|188|182|445|431|455|209|188|127|111|489|239|492|462|177|446|213|217|181|397|161|682|141|422|116|97|339|83|82|603|75|58|317|53|44|43|51|32|19|
2015-11-09|6|1_CTs|CT12||37|35|275|11|7|9|247|10|6|5|7|3|6|4|0|3|4|10|1|8|4|19|14|24|18|26|32|46|64|346|139|230|303|323|819|294|308|263|222|463|174|190|183|181|157|161|152|403|429|440|205|195|169|697|180|165|449|206|450|438|168|695|418|435|203|218|738|820|309|326|994|203|502|472|224|478|249|253|473|192|201|214|156|129|111|356|86|312|69|304|69|44|49|46|291|32|
2015-11-09|6|1_CTs|CT15||37|14|13|20|17|8|8|4|3|7|6|3|4|250|7|8|10|7|10|13|22|23|31|46|290|31|48|67|325|105|155|476|242|737|722|244|214|459|165|163|133|118|104|102|101|347|366|332|100|120|105|372|126|344|105|111|140|376|139|111|339|86|345|90|97|126|128|134|170|203|389|184|168|177|460|506|471|254|212|445|507|225|126|62|324|69|37|36|36|26|49|37|40|40|29|19|
2015-11-09|6|1_CTs|CT16||31|31|29|10|16|9|10|249|9|10|6|8|6|6|5|3|3|8|2|8|11|265|15|27|19|29|66|494|335|368|461|281|596|571|553|299|563|531|270|243|213|454|214|174|156|436|178|433|168|198|213|188|214|427|174|171|446|208|209|201|443|686|179|188|458|168|232|532|266|217|748|473|222|515|982|214|448|153|159|158|151|155|386|92|100|108|103|80|62|82|309|48|52|63|37|286|
2015-11-09|6|1_CTs|CT17||279|17|14|12|13|14|7|13|4|7|3|10|6|2|1|7|3|4|1|3|4|5|8|13|16|4|13|18|36|49|70|121|174|182|160|146|174|157|132|104|109|140|115|117|627|115|127|616|148|132|123|154|123|146|116|143|148|138|135|128|146|141|148|152|146|159|427|207|203|481|451|448|200|707|210|163|203|176|415|146|386|125|95|91|92|85|90|54|62|54|55|49|52|300|41|22|
2015-11-09|6|1_CTs|CT18||39|42|22|280|21|17|8|13|15|6|14|14|10|15|10|11|6|8|5|10|16|10|21|26|278|32|35|316|92|379|200|262|321|361|312|285|612|269|536|247|244|277|509|235|217|733|466|462|182|212|232|221|232|992|209|213|232|543|239|203|238|527|388|234|215|235|467|276|273|307|557|273|264|298|293|275|257|214|242|490|200|189|417|139|123|623|386|589|89|347|88|78|73|69|68|54|
2015-11-09|6|1_CTs|CT19||26|15|16|20|16|15|9|4|3|2|7|11|4|6|2|5|3|5|2|5|3|5|3|9|12|6|265|20|28|35|80|130|205|438|156|421|175|415|140|139|157|145|133|121|131|383|389|376|140|150|135|148|138|389|122|123|120|153|151|143|369|398|401|401|156|162|178|196|184|205|441|468|204|514|207|193|205|185|135|405|128|375|338|100|86|92|65|66|53|49|45|41|557|280|43|28|
2015-11-09|6|1_CTs|CT20||14|17|9|7|9|3|6|5|2|1|3|3|2|5|6|5|5|2|3|2|5|6|7|21|21|13|18|23|26|59|60|96|127|649|155|137|10|380|133|135|124|10|330|382|105|63|309|652|310|94|85|22|64|306|69|100|90|21|34|84|351|677|266|387|91|130|116|133|34|374|409|49|600|374|873|17|134|99|54|344|346|98|83|64|73|59|19|12|47|50|44|45|37|33|22|26|
2015-11-09|6|1_CTs|CT21||52|59|50|37|37|18|17|14|11|22|11|10|10|252|8|17|23|9|22|33|40|250|43|244|262|297|87|109|380|214|275|521|304|319|312|274|533|293|263|235|233|234|458|383|199|441|235|610|195|185|192|680|194|190|189|176|206|212|218|212|403|426|217|438|202|206|190|703|233|210|420|231|396|516|230|466|272|260|255|248|460|243|399|119|315|508|317|286|88|99|62|75|85|79|62|66|
2015-11-09|6|1_CTs|CT22||74|71|48|40|50|41|18|21|20|17|12|29|16|14|22|18|23|21|21|36|307|38|288|64|70|57|332|72|77|379|153|655|238|460|316|324|297|532|529|247|241|196|228|210|204|228|203|457|239|252|499|735|237|415|192|201|219|222|663|214|252|220|252|515|249|297|311|329|362|547|637|348|533|381|362|318|533|339|545|255|219|449|179|164|148|135|364|372|130|121|106|90|106|559|519|68|
2015-11-09|6|1_CTs|CT23||36|28|23|27|18|20|14|17|10|16|8|8|14|25|13|9|9|2|11|14|18|17|41|37|57|317|63|75|128|323|207|543|561|310|526|325|338|300|284|272|238|224|237|198|451|198|167|181|170|193|637|462|221|215|206|456|442|679|223|305|592|661|205|212|210|221|240|269|276|298|559|294|509|267|289|280|273|281|294|301|504|280|182|166|115|126|135|269|96|93|84|53|334|328|71|61|
2015-11-09|6|1_CTs|CT24||48|56|46|228|24|16|16|10|199|13|8|11|13|9|13|8|11|16|6|23|262|13|23|22|36|32|53|81|92|132|155|422|257|510|307|540|563|312|281|718|229|232|475|441|228|434|468|369|225|234|244|221|213|244|178|217|205|226|493|234|273|535|427|223|495|267|290|566|295|316|558|622|347|587|773|358|579|299|274|284|238|443|195|158|403|367|361|141|106|101|292|76|99|308|74|82|
