2016-06-02|6|1_CTs|CT1||5|4|1|1|0|2|0|1|0|0|0|1|0|1|0|1|0|2|2|0|3|2|1|4|3|2|2|4|4|5|21|34|108|128|94|89|378|111|315|23|8|14|12|6|8|13|8|4|4|6|6|11|9|1|2|6|8|7|4|9|4|8|14|5|16|16|15|9|8|16|11|6|12|9|20|9|5|11|4|4|4|5|7|4|5|7|258|2|5|3|0|2|2|1|0|1|
2016-06-02|6|1_CTs|CT3||14|17|11|9|12|9|1|3|1|2|4|1|2|4|2|3|8|7|4|8|10|20|13|277|27|289|286|42|41|51|72|77|313|141|150|125|109|77|77|75|86|65|275|57|44|51|50|32|44|59|54|55|46|54|29|264|289|58|55|57|298|67|48|43|272|51|55|56|62|66|64|67|50|71|45|60|40|50|38|36|41|38|42|25|28|23|20|22|26|26|21|21|27|27|36|25|
2016-06-02|6|1_CTs|CT4||11|4|5|5|7|2|2|5|2|3|1|5|0|3|1|3|1|1|1|1|1|2|2|1|2|1|1|5|5|5|2|14|48|283|24|26|21|24|28|23|29|30|27|25|22|23|23|29|30|28|41|36|41|27|29|19|263|35|13|30|27|26|24|33|27|37|28|300|44|33|45|5|30|51|44|71|59|38|48|29|289|34|18|28|18|18|12|23|14|14|10|12|11|18|17|16|
2016-06-02|6|1_CTs|CT5||22|12|15|19|14|11|13|8|8|9|8|8|3|5|8|3|3|7|3|4|5|261|9|21|10|10|19|15|32|31|271|58|92|72|84|367|372|118|136|114|47|69|333|63|84|67|75|71|60|82|71|64|72|325|64|67|67|77|332|71|327|75|78|332|337|81|83|81|86|91|84|98|100|93|110|357|89|77|84|228|428|65|62|59|53|50|42|49|298|35|19|22|35|25|34|277|
2016-06-02|6|1_CTs|CT6||33|37|308|15|12|9|12|7|8|8|3|2|3|2|5|5|1|10|4|8|17|12|9|20|15|15|26|32|37|47|85|118|162|207|187|423|410|174|160|146|115|120|404|364|114|572|111|112|115|128|140|110|118|385|340|130|113|194|397|138|98|105|124|360|98|357|142|144|148|431|140|144|151|125|126|129|164|138|144|134|113|113|333|83|89|81|62|72|90|82|50|64|71|309|53|287|
2016-06-02|6|1_CTs|CT7||9|5|5|4|2|4|2|3|3|3|0|1|1|3|0|0|1|0|3|3|1|0|3|5|1|6|3|9|15|15|33|32|59|41|43|53|308|47|48|51|34|36|30|30|20|23|30|25|281|30|25|27|38|39|31|28|34|24|36|286|28|27|31|36|32|22|22|28|39|34|42|37|33|36|34|290|27|34|28|31|28|28|18|15|16|16|7|18|12|14|15|8|8|10|10|8|
2016-06-02|6|1_CTs|CT8||56|51|46|43|28|18|16|12|13|14|13|11|14|12|12|10|6|6|10|6|10|15|282|271|24|31|47|63|82|119|422|178|446|217|425|427|371|204|186|169|411|610|374|144|120|137|156|141|367|144|142|397|141|363|151|158|149|163|163|168|394|139|159|150|158|408|425|159|160|215|400|182|204|451|193|186|175|174|180|172|158|131|137|123|290|97|89|96|87|110|109|74|90|74|83|65|
2016-06-02|6|1_CTs|CT10||43|285|31|34|19|12|10|9|9|14|10|5|7|4|6|7|6|3|4|4|7|13|15|20|21|23|286|47|61|71|117|158|182|151|185|187|391|166|164|188|152|405|410|402|129|157|138|157|130|359|159|173|152|372|134|385|128|131|140|148|669|164|176|181|455|190|190|223|480|230|472|217|228|508|742|241|219|236|182|208|411|416|138|114|116|339|100|76|71|56|50|60|45|64|50|53|
2016-06-02|6|1_CTs|CT11||390|124|51|19|12|14|8|11|10|3|6|9|6|6|8|6|6|8|6|261|9|16|23|33|36|35|60|74|103|159|277|314|269|427|153|183|408|164|727|246|210|489|193|465|174|449|205|196|162|416|448|214|198|423|182|440|196|194|455|195|160|174|185|209|705|208|480|218|482|234|478|199|210|462|214|187|466|163|170|411|176|425|413|123|125|350|359|93|344|345|72|73|66|299|48|41|
2016-06-02|6|1_CTs|CT12||56|50|48|36|27|12|13|9|15|12|14|7|9|3|8|9|7|7|6|2|10|17|19|18|26|22|39|55|68|85|157|214|256|552|582|315|306|271|280|279|201|198|441|417|157|449|188|451|177|194|201|223|212|205|181|420|446|447|187|210|185|403|235|227|490|263|537|275|263|302|557|292|557|300|531|314|303|308|263|244|210|198|166|388|134|108|101|364|331|83|82|88|86|85|76|62|
2016-06-02|6|1_CTs|CT15||56|58|32|32|25|20|16|11|10|6|6|6|8|17|11|9|11|6|9|12|17|16|24|30|40|281|48|75|67|107|138|194|492|245|495|472|484|178|192|159|391|125|127|151|107|137|131|96|110|110|117|632|335|121|119|119|116|127|111|148|352|108|109|116|119|131|128|176|148|216|230|187|155|177|171|180|140|149|113|128|110|96|84|82|79|75|57|65|56|54|58|37|41|44|42|41|
2016-06-02|6|1_CTs|CT16||313|56|37|39|18|21|15|15|12|14|11|8|5|249|7|5|9|7|8|9|10|266|16|26|20|32|38|67|94|123|210|272|329|310|293|540|328|293|296|289|225|241|213|479|172|447|212|201|437|186|205|192|229|204|423|182|186|166|195|186|204|199|179|210|716|216|225|245|488|509|757|247|243|277|523|273|226|233|222|220|197|188|158|147|152|367|115|115|354|103|89|76|69|324|69|310|
2016-06-02|6|1_CTs|CT17||44|6|7|11|14|4|10|2|3|2|0|5|0|7|1|2|3|4|2|4|1|3|3|6|6|3|5|7|18|18|34|40|72|81|67|56|58|48|60|79|54|83|323|61|58|76|85|65|70|56|74|71|81|317|41|36|130|164|150|143|154|139|139|154|152|161|188|199|190|174|165|436|172|159|191|120|191|174|174|158|162|131|137|96|122|68|333|77|93|84|81|98|112|98|88|93|
2016-06-02|6|1_CTs|CT18||332|73|52|48|37|28|27|29|21|20|20|19|11|17|21|9|9|8|7|15|17|20|22|44|34|44|49|70|99|133|417|253|344|342|328|215|238|426|133|154|278|253|248|256|248|260|232|233|230|212|484|218|502|234|233|494|211|491|230|227|253|257|244|751|795|274|295|264|278|296|297|309|304|315|315|284|305|285|285|677|367|494|222|448|187|443|165|176|680|148|127|127|126|380|105|91|
2016-06-02|6|1_CTs|CT19||52|39|30|46|21|24|20|9|12|15|11|11|9|8|6|8|8|10|4|5|2|6|7|5|8|12|270|22|270|47|68|126|194|221|174|200|209|175|174|165|125|164|373|127|141|135|401|149|126|169|153|161|169|654|131|123|372|158|138|151|137|151|152|145|156|178|194|214|466|455|714|488|262|237|231|218|218|228|192|410|158|172|391|125|116|310|91|90|606|88|90|80|101|80|80|89|
2016-06-02|6|1_CTs|CT20||289|30|24|17|15|16|11|12|10|5|3|6|5|7|3|2|8|1|2|5|6|265|11|256|18|19|13|18|43|44|63|104|148|139|139|387|162|11|105|387|30|106|305|112|104|380|410|51|68|103|366|365|117|124|374|104|106|122|16|3|70|99|133|379|351|353|134|386|60|68|25|142|45|612|415|71|54|81|317|38|31|97|34|308|94|84|76|71|61|313|11|66|10|49|36|6|
2016-06-02|6|1_CTs|CT21||305|95|70|31|37|42|21|18|13|14|22|12|17|16|207|16|20|458|280|27|40|37|279|298|313|69|97|120|399|231|302|339|349|374|364|343|339|326|524|308|516|497|710|245|220|441|482|203|236|245|221|211|241|181|197|668|211|436|453|241|224|478|231|440|478|242|463|262|243|271|254|268|266|579|720|246|239|249|237|231|207|200|428|181|158|139|330|350|380|116|387|101|92|113|116|80|
2016-06-02|6|1_CTs|CT22||117|125|79|75|69|40|55|34|279|39|31|34|18|20|34|30|25|24|32|29|43|46|58|55|313|67|79|92|140|134|173|222|256|305|582|362|305|585|276|269|507|257|252|465|239|261|268|262|524|251|726|252|267|277|209|251|237|270|259|283|545|289|322|530|457|610|379|612|629|608|415|385|385|387|387|361|371|347|327|460|574|303|252|196|172|176|166|165|162|134|376|144|140|155|131|372|
2016-06-02|6|1_CTs|CT23||95|79|77|62|53|27|21|15|258|17|17|11|19|22|13|19|10|16|23|12|16|33|30|47|285|49|335|92|359|170|255|306|296|325|824|489|663|278|312|286|281|249|218|717|197|217|208|190|210|222|229|448|230|220|234|456|240|244|500|232|227|228|250|226|262|287|274|507|304|307|305|582|554|572|584|261|259|278|528|513|210|217|214|439|151|143|124|125|373|148|155|374|121|94|337|367|
