2013-10-25|3|1_CTs|ct1||59|45|30|33|25|27|15|15|9|14|8|3|7|5|3|1|5|3|6|9|8|8|15|15|14|26|27|31|44|61|114|163|196|219|246|239|228|203|229|216|187|153|176|173|163|150|167|163|165|173|184|160|188|164|160|172|190|179|174|217|187|199|190|209|204|190|205|226|195|211|219|208|210|214|232|204|200|199|191|182|185|209|188|188|195|176|108|107|97|107|88|79|102|95|87|69|
2013-10-25|3|1_CTs|ct3||264|377|347|408|436|441|376|83|72|86|105|65|248|345|305|358|340|368|429|481|472|468|512|523|513|264|253|258|223|203|193|216|540|540|523|450|382|339|378|391|356|334|351|333|335|420|512|566|554|444|461|593|585|595|587|603|595|593|543|348|236|170|219|223|268|244|279|250|280|292|308|280|282|273|284|272|268|131|169|166|330|394|601|537|413|422|350|452|67|77|67|51|74|100|185|224|
2013-10-25|3|1_CTs|ct5||108|101|85|103|101|58|35|58|42|31|32|29|26|22|23|16|13|16|18|20|16|13|12|20|23|34|18|40|52|55|125|135|143|202|207|204|181|204|212|177|165|175|173|185|196|205|194|224|205|218|225|216|231|258|184|191|187|202|204|235|219|242|243|254|271|265|275|283|273|296|284|261|303|260|299|282|286|263|235|284|278|264|222|218|195|175|128|125|152|153|146|133|147|164|170|145|
2013-10-25|3|1_CTs|ct6||11|5|6|4|2|4|2|4|1|1|1|4|2|1|1|3|1|1|1|5|4|2|3|3|7|1|12|13|22|26|38|41|61|92|81|72|70|67|77|77|72|60|57|43|47|47|45|47|47|47|43|46|54|49|41|42|35|51|82|70|60|59|52|61|50|47|67|75|82|71|57|62|72|75|81|66|74|74|54|49|65|35|37|33|30|29|25|25|20|12|18|18|24|17|26|32|
2013-10-25|3|1_CTs|ct7||118|96|80|107|62|73|49|51|56|44|41|39|36|40|25|23|18|27|31|28|36|27|35|31|41|35|50|39|49|56|64|91|89|116|138|129|122|155|163|146|147|151|180|150|167|182|181|169|167|165|184|183|125|163|154|143|176|183|162|178|181|176|188|197|188|94|89|63|82|33|65|62|79|64|61|132|177|156|72|63|0|101|155|156|161|145|113|141|124|125|119|127|118|142|134|152|
2013-10-25|3|1_CTs|ct8||61|43|39|65|32|37|24|21|33|23|22|18|19|21|16|22|10|10|14|18|19|28|29|17|26|18|28|23|27|27|41|43|57|58|65|68|64|83|98|83|105|95|93|94|129|124|124|113|100|94|116|121|113|109|102|102|93|111|122|113|139|118|120|141|124|117|146|139|134|143|150|120|149|136|251|180|121|129|131|122|117|104|94|99|97|90|68|86|75|73|75|77|75|94|76|95|
2013-10-25|3|1_CTs|ct9||75|92|75|67|58|62|69|46|28|48|50|47|41|44|36|36|33|26|23|31|22|23|24|30|24|37|28|49|44|78|111|163|185|226|248|271|257|267|217|218|141|198|187|179|178|178|147|143|142|171|156|136|168|147|156|170|181|190|180|185|189|173|180|199|213|193|186|179|215|195|188|192|222|214|275|229|220|214|229|194|185|166|174|170|157|134|119|93|107|116|101|95|97|97|101|108|
2013-10-25|3|1_CTs|ct10||85|95|85|56|56|73|54|49|40|40|43|38|37|25|33|36|19|34|24|28|20|17|25|20|28|32|32|30|45|43|95|101|129|151|158|190|152|160|143|139|130|132|120|145|125|134|148|148|138|146|139|146|115|142|124|120|155|152|141|147|132|134|125|129|140|161|170|144|161|175|164|132|139|117|149|133|148|125|126|141|156|148|143|134|153|114|98|112|110|107|100|102|103|113|106|115|
2013-10-25|3|1_CTs|ct13||202|192|160|158|158|142|94|108|112|92|100|66|91|60|73|80|50|93|54|81|96|64|83|72|96|86|125|99|132|108|161|196|176|165|193|228|307|771|732|1289|530|398|388|269|1122|545|857|258|1193|267|227|214|278|250|235|403|236|188|180|192|174|213|28|62|128|188|163|200|203|204|158|198|233|225|220|142|240|233|163|247|259|215|618|910|612|368|355|1902|1247|2524|1789|291|4624|3225|3408|2705|
2013-10-25|3|1_CTs|ct14||39|46|33|28|21|15|16|14|14|3|9|9|8|8|7|5|7|13|13|9|5|11|16|31|22|30|54|123|189|241|301|315|313|310|275|299|289|301|278|272|236|258|205|233|157|187|181|156|167|198|177|205|179|162|181|184|170|201|207|221|197|196|207|184|158|179|200|177|186|202|245|253|251|256|254|243|230|198|197|214|187|195|187|176|143|112|123|95|84|78|87|80|65|69|81|73|
2013-10-25|3|1_CTs|CT16||92|67|62|61|44|71|42|31|38|31|37|29|24|35|26|23|17|34|32|21|23|15|12|24|27|24|38|30|40|67|87|118|137|172|175|140|166|174|187|166|156|144|137|152|152|171|150|148|183|167|169|109|152|125|119|159|135|134|165|147|155|157|156|135|156|166|186|161|226|188|201|187|235|209|231|191|214|204|177|181|156|145|145|166|116|144|100|84|78|97|88|100|106|90|99|119|
2013-10-25|3|1_CTs|ct17||90|73|59|63|59|46|36|24|26|32|24|25|34|18|22|19|19|25|15|21|34|24|25|20|24|30|43|45|61|85|156|197|288|312|304|342|283|319|265|232|239|226|155|180|146|165|185|148|222|211|181|189|213|168|180|193|203|231|200|208|215|212|198|208|205|224|234|223|224|234|257|228|232|229|221|256|224|223|211|217|208|195|193|186|181|173|115|123|126|109|102|109|103|107|118|92|
2013-10-25|3|1_CTs|ct18||116|100|101|77|69|74|69|62|49|57|59|46|44|26|49|39|25|48|26|29|37|25|30|37|40|50|45|53|78|88|155|178|232|246|210|276|242|260|250|215|217|189|178|202|203|195|212|191|160|151|151|171|160|174|167|170|194|193|195|223|212|169|130|127|112|200|195|183|181|218|181|191|217|178|189|185|207|190|169|183|188|215|195|189|174|168|138|148|149|152|141|136|132|152|149|149|
2013-10-25|3|1_CTs|ct19||1|1|0|0|0|1|0|0|0|0|0|0|1|1|0|0|0|1|0|0|0|2|0|2|3|10|5|11|11|4|11|5|10|6|7|9|8|20|10|5|4|8|13|6|4|3|3|6|12|4|5|5|5|5|6|5|8|9|7|2|8|7|6|11|7|7|7|8|4|5|8|5|5|8|9|4|7|5|8|4|8|5|9|2|10|4|8|3|3|1|0|1|0|3|0|1|
2013-10-25|3|1_CTs|ct22||7|5|3|3|1|1|3|4|3|4|4|2|1|1|2|2|0|2|0|4|1|3|1|0|2|3|2|2|3|7|4|16|13|19|23|18|17|23|21|24|28|29|19|22|25|20|24|23|24|30|17|26|35|17|26|19|17|19|26|19|24|25|32|29|31|24|36|40|60|51|59|57|55|52|45|49|49|41|33|34|24|23|20|30|28|22|9|7|16|7|3|5|1|11|3|12|
2013-10-25|3|1_CTs|CT23||109|85|72|54|23|41|54|31|14|36|15|18|20|12|15|10|9|17|11|10|8|18|17|15|10|24|25|34|56|73|135|160|241|245|306|304|256|222|271|229|207|187|194|207|197|192|233|215|245|241|274|291|278|270|229|213|253|254|216|230|236|253|270|301|299|295|299|362|359|396|350|412|428|437|433|414|418|378|380|355|331|303|255|227|212|224|229|153|211|211|144|144|179|152|169|115|
2013-10-25|3|1_CTs|ct24||147|196|136|100|98|74|51|48|38|30|35|33|22|38|25|27|39|41|50|44|39|67|83|120|119|152|286|508|670|848|966|877|943|897|879|898|817|895|851|978|947|931|961|882|807|806|717|725|729|828|797|882|811|772|770|851|776|851|892|939|798|795|818|826|707|794|787|786|816|870|920|900|953|906|906|856|813|717|785|837|826|815|738|700|602|533|491|403|366|341|352|298|323|316|323|290|
