2017-04-08|2|1_CTs|ct1||125|106|99|96|87|70|73|40|52|309|45|40|41|30|32|32|27|22|25|26|19|31|23|44|43|45|308|65|60|76|100|112|371|356|134|164|399|416|146|168|434|151|422|182|182|407|704|170|188|184|204|187|434|196|194|176|157|185|206|188|718|707|188|170|420|146|374|136|123|375|148|148|378|145|159|150|379|176|435|423|144|172|661|196|184|176|169|411|297|531|413|154|156|407|400|393|
2017-04-08|2|1_CTs|ct2||78|337|68|61|46|55|39|45|37|36|30|22|41|24|18|22|25|16|16|20|10|22|16|18|23|28|284|28|23|34|44|50|42|34|52|52|60|320|45|77|87|70|84|102|69|94|64|76|79|78|99|333|335|85|319|71|72|85|94|93|107|80|90|85|110|102|98|96|102|339|357|137|111|367|123|366|100|327|360|368|107|343|115|133|118|132|99|76|95|81|334|68|90|84|330|64|
2017-04-08|2|1_CTs|ct3||108|94|83|81|71|50|61|32|39|43|30|22|25|22|279|19|20|18|12|24|15|19|23|35|281|25|36|43|38|44|56|79|64|80|79|100|101|342|99|634|382|124|372|135|122|576|378|137|384|122|121|133|121|371|119|106|341|362|633|140|136|401|368|129|370|126|606|114|365|353|121|104|116|117|142|102|131|113|109|120|119|376|105|110|116|375|129|380|370|122|116|98|118|130|102|118|
2017-04-08|2|1_CTs|ct4||58|49|42|30|40|31|32|28|34|19|22|16|268|14|20|30|20|274|18|17|23|268|16|9|17|16|14|19|19|23|23|34|33|32|25|45|50|60|70|92|68|66|67|85|67|76|96|109|349|363|84|70|97|98|84|89|91|348|105|316|356|339|78|94|108|89|359|109|97|339|98|97|122|75|631|98|91|336|324|84|325|60|73|71|67|72|77|74|306|78|70|59|57|37|57|59|
2017-04-08|2|1_CTs|ct5||440|401|388|113|372|351|102|80|83|78|72|52|309|52|47|60|313|46|55|47|43|37|46|33|36|40|50|41|49|50|55|73|83|87|338|120|121|135|435|468|190|215|209|475|446|667|194|225|736|211|212|185|451|210|465|209|207|208|231|451|221|710|226|200|245|197|200|476|195|180|703|450|225|228|244|227|238|471|226|205|205|420|419|193|180|162|196|438|428|171|189|168|179|412|420|894|
2017-04-08|2|1_CTs|ct6||691|413|378|356|122|96|351|94|75|75|79|305|46|56|50|52|53|40|38|31|40|24|30|27|29|37|33|36|38|40|49|63|56|65|61|340|100|336|103|108|121|126|114|118|370|359|129|138|134|138|131|154|140|916|376|156|380|119|422|406|666|684|428|417|429|170|432|179|190|172|172|431|467|211|230|183|198|455|707|184|193|144|648|169|157|154|152|420|393|681|429|158|144|157|427|411|
2017-04-08|2|1_CTs|ct17||453|946|166|148|410|123|140|80|346|120|78|65|88|65|59|43|59|38|47|58|38|49|57|41|51|58|325|79|62|64|106|121|102|105|140|406|166|416|179|263|225|230|233|232|234|445|509|252|241|219|246|207|252|239|253|233|201|748|245|776|236|481|482|185|483|213|524|204|245|484|445|175|236|206|457|215|476|718|713|244|226|444|206|240|210|201|230|209|205|208|219|162|457|747|196|456|
2017-04-08|2|1_CTs|CT19||81|78|307|42|289|51|44|30|285|27|24|23|23|16|272|13|22|271|12|275|259|11|16|12|16|10|20|31|31|27|36|47|306|55|51|75|575|343|343|637|379|151|597|385|127|141|133|401|918|392|102|117|144|895|369|125|107|383|371|370|107|403|133|648|131|148|109|84|114|137|100|97|124|147|643|383|370|403|137|367|371|113|332|84|314|86|87|328|444|182|96|330|71|91|80|79|
2017-04-08|2|1_CTs|CT20||72|320|81|62|70|60|321|314|305|52|57|51|301|53|63|42|44|43|29|543|33|27|23|279|18|18|19|22|26|16|30|28|171|173|44|304|303|49|56|53|43|55|49|56|50|54|46|56|56|57|301|47|54|53|308|51|49|299|56|298|50|313|53|46|314|308|66|58|50|49|46|46|56|55|66|61|70|317|59|575|338|583|77|88|89|306|368|79|85|67|78|63|332|327|74|72|
2017-04-08|2|1_CTs|CT21||300|30|285|32|31|18|37|19|20|29|13|19|12|1|18|18|18|19|13|8|16|12|14|8|10|10|8|5|13|12|19|11|16|29|26|26|38|251|51|52|41|41|54|46|45|47|43|303|46|46|50|42|44|54|300|42|42|43|47|295|44|52|57|35|60|33|57|49|42|308|42|43|306|52|304|54|46|36|54|48|53|55|288|57|297|52|42|548|288|30|46|44|57|27|285|44|
