2013-02-09|7|1_CTs|CT1||41|32|22|22|24|18|18|18|13|11|10|8|11|11|9|4|13|6|7|7|6|7|7|11|15|12|11|18|18|14|29|26|20|22|47|53|54|46|80|73|72|88|87|86|99|84|103|118|106|109|109|108|113|102|82|89|91|68|77|95|96|113|100|109|123|108|104|83|109|83|88|104|92|95|85|90|106|70|68|65|70|72|65|60|45|49|45|30|40|31|35|43|21|36|24|44|
2013-02-09|7|1_CTs|CT2||80|60|47|50|53|34|28|31|56|40|17|16|19|20|14|10|27|24|4|6|20|8|18|14|9|33|36|27|34|61|56|52|65|74|98|87|132|126|147|206|165|142|158|151|187|247|241|191|174|174|196|340|253|178|191|140|165|174|175|170|161|261|191|204|262|221|191|162|190|116|181|236|259|198|215|178|155|189|167|144|160|134|117|96|87|103|77|70|81|109|63|84|70|59|43|75|
2013-02-09|7|1_CTs|CT4||25|30|22|11|6|13|10|5|15|18|15|21|16|8|9|5|5|9|5|6|4|7|9|5|5|10|5|8|5|0|0|0|2|0|3|0|4|5|6|1|6|2|3|4|10|4|2|12|4|6|3|7|0|5|5|7|6|7|4|5|2|1|8|10|2|7|6|8|6|7|10|5|17|13|7|11|12|14|12|13|11|1|2|10|3|4|5|20|18|9|10|21|23|20|14|26|
2013-02-09|7|1_CTs|CT6||49|63|38|37|36|39|24|21|47|29|33|17|22|20|14|13|18|16|5|16|18|10|11|13|25|11|13|18|13|23|33|26|37|38|45|63|59|69|53|91|97|99|85|82|119|137|121|125|118|144|132|109|122|150|104|105|99|110|125|99|115|118|112|127|144|137|155|118|127|144|144|156|127|121|142|115|125|131|121|95|109|88|81|64|51|59|57|62|67|49|54|45|40|44|38|46|
2013-02-09|7|1_CTs|CT7||31|37|40|26|24|16|23|17|15|11|12|15|6|17|14|12|5|19|7|12|12|14|13|15|22|11|30|24|21|16|32|31|22|38|41|60|59|60|71|57|67|72|76|77|74|115|87|94|98|98|88|80|89|90|69|87|82|74|76|76|86|96|105|61|78|65|87|81|100|112|95|92|88|104|90|83|86|88|80|77|67|62|59|67|47|30|38|34|44|46|44|33|18|58|35|30|
2013-02-09|7|1_CTs|CT8||111|117|93|77|52|60|58|47|48|47|30|30|31|35|31|33|38|53|35|45|76|61|76|115|82|107|105|96|110|140|149|152|171|166|197|208|218|206|235|271|237|235|304|231|266|265|290|296|258|298|296|262|260|285|237|265|240|249|283|281|291|296|280|289|334|277|251|301|273|248|299|263|263|248|287|295|247|248|253|256|222|240|216|188|151|167|124|125|132|172|118|131|125|116|134|111|
2013-02-09|7|1_CTs|CT12||70|73|62|61|52|42|33|32|43|32|27|23|25|21|28|12|23|13|13|16|18|19|21|19|27|15|23|29|20|32|37|28|46|51|63|88|76|84|91|116|115|113|139|143|162|164|164|176|188|188|210|172|181|173|182|164|114|144|153|146|148|178|155|188|171|174|177|174|168|159|190|207|174|210|193|174|164|181|140|173|147|117|102|105|86|83|79|75|72|78|84|54|76|57|62|58|
2013-02-09|7|1_CTs|CT13||20|17|10|6|7|5|7|3|7|4|5|7|3|1|5|5|4|6|3|5|3|4|6|5|8|5|9|4|11|8|8|12|5|19|17|28|31|26|28|16|32|32|31|21|34|51|44|37|46|47|61|56|46|38|39|47|43|44|38|40|44|48|53|26|44|51|45|43|60|56|56|44|48|57|41|52|43|43|42|41|30|35|34|33|25|19|15|18|22|22|17|17|16|25|21|11|
2013-02-09|7|1_CTs|CT14||148|146|115|107|99|70|72|72|79|59|61|46|43|54|49|52|46|34|48|62|48|60|84|67|82|87|90|94|90|99|132|121|121|161|141|193|192|199|207|251|245|246|278|269|329|297|286|355|303|321|293|292|351|340|303|232|269|240|272|279|294|307|325|310|369|303|289|333|347|322|321|332|344|349|339|302|300|308|275|276|256|229|193|181|152|122|131|109|135|126|134|130|127|143|133|118|
2013-02-09|7|1_CTs|CT15||35|31|22|36|16|17|12|14|15|10|18|2|11|4|19|9|10|7|8|10|13|12|9|6|14|7|14|15|20|28|22|18|34|30|24|49|59|42|55|60|67|54|46|70|66|86|71|69|74|74|59|71|61|65|45|50|71|72|79|64|57|53|65|67|59|42|52|47|41|52|51|47|40|59|62|63|47|62|67|40|64|38|53|52|31|39|27|53|23|32|44|31|24|30|25|24|
