2012-09-09|3|1_CTs|ct1||94|71|69|71|75|54|42|37|34|22|24|29|26|20|16|19|10|7|11|16|12|13|10|7|8|14|16|17|12|25|20|35|22|27|27|34|36|42|46|48|51|75|44|50|54|78|74|78|74|81|76|87|73|82|71|75|63|80|79|85|83|93|80|66|119|95|110|87|87|94|82|75|102|81|103|87|86|90|97|102|76|90|90|87|88|71|77|56|63|75|54|62|58|59|64|48|
2012-09-09|3|1_CTs|ct3||228|233|171|191|198|166|115|125|90|75|87|71|63|77|59|55|52|35|40|47|42|48|51|51|37|54|72|65|57|76|86|81|69|79|77|99|95|102|123|115|94|134|121|108|146|152|156|173|147|165|157|190|162|191|159|200|153|169|199|150|184|192|207|200|238|223|255|194|223|212|212|191|229|219|200|215|204|207|224|211|186|186|199|220|230|182|174|171|167|170|173|133|143|135|155|135|
2012-09-09|3|1_CTs|ct5||107|111|94|104|112|97|84|61|60|73|57|81|38|48|47|63|63|65|67|37|53|18|54|31|53|48|49|53|46|51|42|55|21|55|34|34|49|49|48|83|72|59|76|86|77|107|92|83|81|100|103|90|107|103|114|94|99|79|127|111|122|138|107|129|109|130|123|137|122|118|161|108|142|143|181|180|156|129|155|127|135|140|155|140|157|132|130|122|115|116|120|103|124|134|87|98|
2012-09-09|3|1_CTs|ct6||119|102|91|94|81|84|87|81|93|75|67|54|55|45|43|57|51|48|55|48|44|33|30|23|25|26|22|28|26|24|33|41|48|50|50|58|67|55|70|61|63|74|83|64|78|104|74|70|82|91|83|81|107|75|92|70|66|80|80|76|86|78|91|99|94|103|102|91|83|76|86|83|86|85|120|90|97|106|106|97|108|107|98|69|67|65|73|70|57|76|89|67|84|73|91|93|
2012-09-09|3|1_CTs|ct7||145|84|113|118|99|91|94|102|90|112|95|70|85|91|78|76|63|64|69|50|59|48|50|38|34|31|31|40|33|34|28|30|37|34|4|7|10|4|11|2|8|3|3|6|2|2|2|2|6|4|4|7|4|3|6|6|6|6|8|8|9|9|5|5|6|3|9|7|3|6|43|81|81|90|108|103|113|116|136|136|111|141|120|90|104|106|112|122|94|115|121|121|143|118|146|107|
2012-09-09|3|1_CTs|ct9||100|102|89|108|76|73|106|74|84|74|84|71|64|75|60|29|30|55|31|42|29|31|34|41|27|27|27|24|30|44|34|31|35|44|44|50|46|42|51|58|78|68|65|79|74|84|72|64|75|70|80|72|75|75|74|72|77|58|66|80|95|68|79|112|88|77|76|94|100|74|90|80|89|92|64|88|87|86|90|97|92|87|77|65|77|73|76|70|66|84|70|55|78|60|73|78|
2012-09-09|3|1_CTs|ct10||69|74|84|73|101|86|83|68|76|82|98|94|79|95|94|74|92|87|100|61|65|57|65|63|61|46|69|59|46|39|27|26|33|25|25|25|32|26|29|33|33|37|53|62|45|64|52|61|64|55|82|51|66|62|57|52|48|51|61|45|81|68|74|74|80|66|84|84|63|81|92|56|92|94|86|90|91|81|103|95|80|86|93|90|92|74|60|63|52|55|53|54|73|73|64|52|
2012-09-09|3|1_CTs|CT11||24|29|25|24|35|34|22|25|32|36|19|25|22|17|17|12|21|25|18|19|25|24|18|21|24|22|11|23|19|19|29|26|23|18|19|21|24|21|31|32|21|30|41|33|33|43|27|39|30|28|29|42|43|29|40|28|26|29|34|33|38|32|28|34|27|29|35|42|34|30|34|40|36|22|32|31|29|30|35|38|32|28|36|36|29|27|26|31|29|26|29|24|18|19|28|18|
2012-09-09|3|1_CTs|CT12||29|23|26|26|32|41|31|32|29|36|50|37|42|46|39|35|50|52|50|34|37|38|32|33|34|31|29|30|22|23|21|16|25|15|12|19|23|15|23|16|17|22|20|23|16|27|22|20|24|19|27|25|21|19|20|16|17|19|13|14|21|24|24|28|21|20|21|26|22|25|15|14|30|23|25|24|25|13|23|23|23|19|28|19|35|21|17|23|19|27|27|17|30|22|24|22|
2012-09-09|3|1_CTs|ct14||0|0|0|0|1|0|0|0|0|0|0|1|0|0|0|0|0|0|0|1|0|0|0|0|0|0|0|0|0|0|0|0|0|0|0|0|0|1|0|0|0|0|0|0|0|0|0|0|0|0|0|0|0|0|0|0|0|0|0|0|0|0|0|0|0|0|0|0|0|0|0|0|0|0|0|0|0|0|0|0|0|0|0|0|0|0|0|0|0|0|0|0|0|0|1|1|
2012-09-09|3|1_CTs|ct15||0|0|0|0|2|0|0|0|1|0|0|1|1|0|0|1|0|0|0|2|0|0|0|0|1|0|0|0|1|1|0|1|1|0|0|1|1|1|0|0|1|1|0|0|0|1|0|0|0|1|1|0|0|0|1|0|1|0|1|0|1|0|2|0|0|0|1|0|0|1|2|0|0|0|0|1|0|0|0|0|0|0|0|0|0|0|0|1|0|1|2|0|0|0|1|1|
2012-09-09|3|1_CTs|CT16||53|70|71|57|70|45|62|53|50|77|50|68|66|37|50|40|34|34|30|24|29|31|13|28|22|21|23|13|19|16|11|28|10|31|19|24|22|24|28|21|30|23|31|35|31|46|49|41|42|55|77|72|68|65|67|58|43|38|42|56|47|60|65|62|70|57|63|87|85|76|70|56|77|60|73|51|89|64|98|72|99|59|77|54|54|53|54|35|40|42|61|42|48|50|34|39|
2012-09-09|3|1_CTs|ct17||68|93|87|82|105|98|80|66|80|62|58|56|53|60|50|54|59|57|52|35|48|43|42|38|49|27|42|35|29|32|23|27|21|31|45|40|50|40|40|51|53|64|80|84|90|91|90|116|103|113|119|122|134|107|103|98|77|84|96|96|98|115|102|125|125|110|123|135|114|137|124|126|143|161|133|168|146|161|179|157|177|166|147|150|151|114|91|92|78|77|81|72|99|76|64|55|
2012-09-09|3|1_CTs|ct18||104|111|135|102|135|126|110|90|115|99|123|119|105|122|109|100|113|122|115|75|84|67|76|66|67|54|70|70|59|46|30|42|38|44|39|46|51|50|45|61|53|70|83|85|65|96|83|88|102|111|102|87|102|92|88|93|65|75|96|89|116|107|104|130|118|114|107|121|114|123|139|103|143|147|125|146|150|143|154|166|133|137|141|134|134|109|91|92|65|75|90|85|104|104|78|78|
2012-09-09|3|1_CTs|ct19||1|3|3|0|0|0|0|0|0|1|2|0|0|0|0|3|2|1|0|0|0|1|1|2|3|3|0|2|6|0|2|2|1|3|2|1|1|1|0|5|5|0|3|3|1|2|2|4|0|2|5|2|4|3|0|4|4|0|2|2|2|1|3|2|3|2|1|2|2|3|5|1|4|1|4|1|2|2|2|1|5|1|7|0|3|1|1|2|1|1|0|0|0|0|0|0|
2012-09-09|3|1_CTs|ct20||106|140|118|105|99|94|81|98|77|78|68|71|66|52|59|51|32|43|46|40|41|28|24|32|27|28|33|32|27|40|57|42|32|39|40|50|41|54|5|2|0|0|0|0|0|0|0|0|0|0|0|0|0|0|0|0|0|0|0|0|0|0|0|0|0|0|0|0|0|0|0|0|0|0|0|0|0|0|0|0|0|0|0|0|0|0|0|0|0|0|0|0|0|0|0|0|
2012-09-09|3|1_CTs|ct22||5|8|4|1|6|5|4|3|1|3|4|3|1|2|1|1|3|4|4|2|0|0|3|2|2|1|2|1|3|0|2|1|2|2|3|2|2|2|4|2|4|7|4|4|4|6|9|3|4|6|5|7|1|3|6|3|4|6|9|5|9|7|8|9|15|4|9|5|6|6|8|6|8|6|2|10|7|7|5|12|4|6|2|5|3|2|3|2|7|3|5|2|4|7|6|6|
2012-09-09|3|1_CTs|CT23||106|70|66|42|61|55|49|31|35|44|32|32|48|30|24|34|13|19|22|16|17|32|19|22|22|19|13|5|35|29|55|40|42|45|37|57|44|60|68|85|87|102|78|82|103|113|98|99|104|127|120|168|102|102|112|112|85|98|109|104|111|102|96|92|121|113|119|120|93|116|106|100|120|127|99|125|122|108|124|135|120|107|112|101|94|85|88|72|69|79|79|90|102|86|75|48|
