2013-11-18|6|1_CTs|CT1||3|2|0|1|0|0|1|1|0|0|1|1|0|0|0|0|1|2|0|0|1|2|1|4|2|6|3|3|5|5|11|38|113|88|54|58|48|11|8|5|13|9|2|9|4|8|9|4|6|3|9|6|17|6|4|5|5|3|3|5|2|3|3|6|8|4|5|8|6|8|14|5|6|4|5|2|4|8|0|2|1|0|2|0|1|1|2|0|4|0|1|9|17|1|0|1|
2013-11-18|6|1_CTs|CT3||7|6|9|9|4|2|3|1|5|1|0|1|4|2|3|2|0|8|9|20|25|27|34|40|46|45|37|35|38|48|53|70|107|90|96|101|85|89|83|79|60|47|32|16|27|50|46|54|36|50|51|54|51|51|35|43|41|35|47|39|49|48|56|39|46|50|43|45|47|47|63|48|42|64|48|42|45|38|38|32|26|31|30|20|16|17|17|14|16|14|20|11|11|11|12|7|
2013-11-18|6|1_CTs|CT4||7|2|1|2|2|4|2|3|2|1|2|1|0|0|1|3|1|0|0|2|3|3|1|1|2|1|0|3|4|12|11|20|53|44|26|27|10|33|28|28|25|32|25|29|26|22|25|36|23|13|15|38|41|34|25|39|29|34|25|32|37|32|27|28|47|37|31|34|36|28|63|54|23|19|14|51|52|40|40|40|41|28|21|20|29|10|14|13|16|8|8|9|4|7|8|7|
2013-11-18|6|1_CTs|CT5||18|7|3|6|8|4|7|2|3|1|3|4|2|1|5|4|4|0|2|4|3|2|5|10|13|10|15|24|19|30|31|34|70|91|84|104|83|60|74|70|56|67|81|72|66|64|59|48|48|58|62|68|68|43|68|61|56|54|65|47|69|75|75|63|80|65|85|89|57|69|56|79|87|90|82|84|64|75|74|68|42|55|39|37|35|36|32|35|25|35|18|19|27|22|14|20|
2013-11-18|6|1_CTs|CT6||18|9|7|8|9|6|4|3|1|2|1|3|2|0|3|1|4|5|6|6|7|9|11|17|19|15|20|15|38|41|52|92|154|166|201|191|175|154|127|101|123|101|97|91|75|95|90|86|85|85|83|80|106|90|100|90|102|105|123|111|96|111|83|101|104|101|105|128|134|149|129|113|124|102|106|109|99|96|107|85|94|105|72|61|62|74|72|48|46|51|48|37|34|44|35|31|
2013-11-18|6|1_CTs|CT7||4|4|1|2|3|4|3|3|0|0|1|2|1|0|1|0|1|3|1|1|1|7|4|4|1|6|7|5|12|16|16|26|41|35|41|49|29|27|38|27|29|32|15|29|29|20|29|23|20|27|26|19|26|20|32|35|28|20|22|29|16|31|24|14|32|22|26|32|32|37|45|27|28|42|36|30|21|16|18|19|16|16|17|10|8|10|17|7|10|11|7|2|7|6|3|4|
2013-11-18|6|1_CTs|CT8||27|18|24|25|10|8|6|6|6|5|10|11|18|12|7|6|6|5|11|3|5|13|19|26|18|28|44|52|72|106|165|203|238|234|219|186|191|187|197|188|130|152|135|148|144|106|137|150|119|145|135|148|154|139|155|142|134|153|167|171|150|177|168|154|143|158|175|205|154|200|227|210|223|226|217|196|212|196|176|161|143|132|122|102|89|83|82|67|73|74|73|58|72|60|44|49|
2013-11-18|6|1_CTs|CT9||24|17|28|20|23|10|10|10|13|4|2|6|7|4|7|5|7|4|8|5|10|21|27|20|43|52|51|70|102|124|211|322|316|358|404|336|352|295|264|254|211|204|222|183|151|167|186|193|192|168|192|162|197|203|184|176|232|211|205|206|215|211|186|191|246|217|233|224|237|244|286|272|262|281|280|232|206|188|185|188|172|125|125|118|93|116|86|87|79|85|67|57|75|64|51|53|
2013-11-18|6|1_CTs|CT10||20|19|13|14|15|7|4|6|6|1|0|3|1|3|3|6|2|3|2|4|6|11|11|29|20|22|26|41|59|74|79|148|172|137|181|175|197|192|196|195|127|160|137|133|142|146|158|115|146|151|139|159|142|151|127|154|150|150|142|143|160|142|164|151|161|192|210|215|214|210|195|211|201|249|233|220|217|182|140|126|158|125|116|77|85|77|82|65|64|51|48|44|49|36|31|29|
2013-11-18|6|1_CTs|CT11||27|20|18|15|13|11|8|10|5|10|9|6|8|5|3|3|8|4|8|5|8|20|15|22|35|33|64|72|99|131|250|364|334|328|370|354|344|341|302|258|216|241|191|184|160|183|164|167|185|168|179|204|185|180|178|197|209|195|194|199|188|200|171|206|207|244|230|237|237|223|227|216|202|241|221|172|150|152|119|147|147|108|89|102|85|88|60|73|61|53|45|41|55|44|30|38|
2013-11-18|6|1_CTs|CT12||24|19|13|21|14|13|6|9|9|5|2|8|4|2|6|5|3|4|9|9|6|15|13|23|22|19|43|52|56|71|115|196|251|320|269|298|309|251|224|244|188|180|161|160|174|155|156|153|173|183|167|175|181|195|181|189|173|192|196|179|195|150|184|168|200|258|260|259|288|295|287|320|270|296|332|302|262|237|176|173|181|144|116|110|100|87|73|73|57|59|47|50|50|56|27|34|
2013-11-18|6|1_CTs|CT15||7|7|7|8|8|6|5|4|3|1|2|4|2|0|5|3|2|3|11|5|13|13|25|19|18|26|24|31|42|69|94|131|195|189|175|194|147|114|117|92|91|84|85|68|77|64|65|81|83|55|79|85|71|72|70|87|83|75|77|85|67|85|72|75|69|82|76|88|85|103|86|107|87|113|103|83|67|50|68|62|53|52|43|27|21|22|24|25|25|22|18|21|22|19|12|9|
2013-11-18|6|1_CTs|CT16||30|22|12|21|19|10|13|8|3|5|7|5|5|5|3|6|4|6|3|3|6|18|16|27|24|24|37|41|70|92|164|250|312|277|299|316|301|289|258|248|192|193|179|169|163|181|192|160|161|177|171|167|188|157|170|211|204|166|188|192|176|195|186|180|177|208|230|249|223|238|237|236|206|246|243|196|159|190|136|132|141|140|130|98|98|69|100|75|69|72|49|40|52|45|33|43|
2013-11-18|6|1_CTs|CT17||17|8|10|11|10|4|6|4|5|3|1|1|1|0|3|2|0|3|1|1|1|4|0|6|9|2|7|8|13|18|37|58|88|89|84|85|92|87|62|87|74|52|56|64|63|61|64|70|66|71|85|57|63|67|72|75|77|68|76|67|74|52|63|83|93|61|79|80|111|92|73|85|103|90|82|88|100|105|88|80|67|76|62|56|50|58|46|28|29|29|27|22|27|24|24|24|
2013-11-18|6|1_CTs|CT18||52|33|19|23|30|17|24|9|7|8|14|9|10|10|10|9|10|7|4|9|9|14|20|29|52|49|49|62|82|113|189|234|312|276|258|257|259|315|308|308|209|234|235|225|228|221|245|237|223|225|221|236|234|223|223|218|233|235|262|258|231|233|237|244|243|250|286|273|296|307|286|277|273|305|303|294|246|239|223|210|186|177|160|133|125|131|122|125|103|108|94|76|83|88|52|69|
2013-11-18|6|1_CTs|CT19||27|13|17|17|14|8|7|4|6|5|4|3|2|4|4|3|5|3|5|5|5|8|5|7|9|6|12|17|19|26|61|87|180|177|138|200|166|137|128|127|119|137|109|128|108|121|126|135|132|138|156|134|159|125|116|133|128|156|155|153|136|148|146|132|156|159|169|169|179|211|216|242|211|242|265|216|194|197|164|158|133|129|103|97|77|76|80|59|52|55|56|50|50|38|42|43|
2013-11-18|6|1_CTs|CT20||7|8|4|12|5|4|2|2|2|1|2|5|2|0|3|3|2|2|3|3|7|9|19|14|23|19|17|24|33|42|55|84|131|138|165|166|127|122|129|121|94|88|116|113|114|99|108|126|116|128|98|91|107|93|115|120|115|98|131|109|106|130|126|15|110|86|99|118|136|136|131|134|131|105|113|96|108|95|101|71|91|66|37|11|61|49|53|47|47|39|27|31|32|45|22|14|
2013-11-18|6|1_CTs|CT21||62|54|38|31|24|17|18|17|7|8|6|8|8|7|11|10|16|23|18|20|31|43|47|66|60|64|76|97|143|182|279|307|372|354|373|373|373|341|338|290|255|260|270|272|270|218|220|199|234|227|217|201|199|212|217|223|221|232|236|231|269|230|243|199|221|244|226|223|227|237|241|242|220|257|236|197|196|200|195|181|149|140|108|115|89|112|93|83|89|78|82|82|75|81|52|48|
2013-11-18|6|1_CTs|CT22||61|40|53|32|28|23|23|15|17|18|24|12|11|14|18|12|20|24|18|47|54|59|70|94|79|59|73|79|93|143|168|212|215|236|325|266|268|266|280|260|260|241|240|230|238|265|252|234|263|264|282|252|244|260|255|229|231|248|243|267|250|260|307|277|292|319|333|360|349|390|387|407|393|368|395|383|321|338|273|257|263|198|166|159|138|129|139|125|125|134|113|102|100|97|69|67|
2013-11-18|6|1_CTs|CT23||42|26|29|37|15|14|15|9|7|13|8|13|19|11|8|8|9|9|18|12|12|21|39|52|41|60|64|87|121|156|232|314|357|388|371|367|323|341|294|306|262|248|246|220|223|186|215|216|180|191|216|215|235|193|241|217|232|246|256|268|256|262|245|232|229|280|293|337|278|321|339|320|317|353|328|323|293|332|261|241|209|211|172|170|122|127|117|100|115|108|109|88|82|77|68|65|
2013-11-18|6|1_CTs|CT24||66|36|29|29|31|15|10|13|7|7|7|2|11|6|5|10|8|14|17|21|25|28|33|42|46|38|56|72|100|135|168|220|260|325|329|335|387|341|299|296|284|264|223|233|253|256|253|258|261|264|265|272|235|270|248|247|221|264|276|297|304|301|276|289|355|319|358|390|364|381|369|410|412|444|417|422|386|389|316|306|286|244|195|170|144|146|133|120|108|105|117|122|95|102|73|53|
