2016-04-04|2|1_CTs|ct1||44|34|39|27|18|19|14|16|13|11|12|5|12|7|9|10|10|13|11|17|11|30|279|32|32|40|56|60|68|99|354|122|138|124|137|166|399|200|148|154|172|181|182|188|180|175|173|404|147|178|155|181|167|183|422|143|156|179|440|216|373|170|184|427|177|173|161|158|150|396|157|151|396|179|150|158|153|146|143|135|145|396|139|366|97|88|85|88|309|73|312|65|74|67|316|46|
2016-04-04|2|1_CTs|ct2||29|24|281|14|11|238|12|8|4|5|5|2|7|3|5|4|7|4|4|9|4|14|265|18|18|17|24|26|27|39|281|43|48|41|44|76|329|90|63|78|94|87|83|69|97|86|81|85|71|86|77|340|80|93|336|72|69|71|67|76|92|76|82|74|77|82|74|322|65|66|332|75|340|71|82|55|83|64|70|61|69|73|71|47|53|43|42|51|44|46|282|38|26|36|40|32|
2016-04-04|2|1_CTs|ct3||45|52|49|38|31|267|18|21|13|16|10|7|11|9|12|12|13|16|11|18|13|31|28|32|31|36|49|54|49|105|102|107|131|339|134|152|385|164|150|387|179|157|162|184|173|198|164|433|164|166|172|169|185|435|170|646|145|665|665|419|707|171|184|174|181|187|179|179|184|176|172|189|162|194|429|165|449|152|142|144|165|152|130|124|109|89|96|99|86|77|93|72|85|78|58|67|
2016-04-04|2|1_CTs|ct4||307|41|29|28|26|19|25|20|12|9|11|8|2|5|10|8|7|4|6|7|7|7|18|17|19|24|22|50|50|56|319|77|82|342|104|118|126|118|371|95|104|347|91|119|367|137|101|115|111|119|371|114|121|380|94|97|115|91|355|127|127|135|113|106|106|127|121|102|146|96|353|356|106|110|107|92|619|85|88|98|83|79|70|77|52|47|66|60|67|55|68|303|50|68|70|55|
2016-04-04|2|1_CTs|ct5||77|70|40|48|35|31|284|30|19|15|20|9|7|14|10|18|17|6|10|13|13|18|21|19|22|22|28|51|44|54|94|137|113|130|150|182|443|164|426|155|142|159|413|166|200|469|215|205|172|173|166|177|179|443|411|172|165|165|453|201|170|210|198|464|222|203|442|420|213|429|432|412|187|170|190|160|426|134|411|154|118|115|125|128|102|100|351|84|91|315|364|72|95|108|106|99|
2016-04-04|2|1_CTs|ct6||62|65|35|289|33|287|27|23|19|18|10|11|4|5|13|13|14|8|10|10|15|13|17|264|19|24|283|37|50|45|74|77|96|346|101|127|363|118|113|99|371|110|113|377|142|152|410|405|138|150|125|140|129|134|122|138|122|388|124|168|154|153|147|156|173|408|144|130|170|416|389|140|150|387|145|134|146|123|903|130|130|105|348|91|89|87|85|84|78|327|85|333|94|336|77|67|
2016-04-04|2|1_CTs|ct17||70|70|65|55|39|38|294|34|18|16|25|7|13|14|19|19|11|278|18|27|13|29|35|43|35|37|59|66|49|97|126|144|391|404|159|181|199|200|436|457|216|193|177|467|500|236|450|456|210|203|457|166|241|243|187|402|153|448|207|202|269|198|489|234|229|736|236|465|206|217|216|493|218|238|226|465|238|218|448|206|182|175|164|144|111|107|107|99|106|88|114|82|100|100|80|89|
2016-04-04|2|1_CTs|CT19||291|32|23|14|16|18|7|10|4|4|9|2|5|3|3|5|8|6|5|10|6|4|7|267|12|10|24|39|33|38|53|72|81|308|601|81|102|96|580|90|89|94|345|125|107|373|369|100|103|343|159|300|99|98|103|339|340|329|92|363|350|343|614|376|96|127|110|335|370|133|131|600|113|373|388|374|627|139|366|102|100|103|88|542|302|52|48|48|39|45|268|37|42|299|41|28|
2016-04-04|2|1_CTs|CT20||561|35|148|35|21|22|15|8|15|11|9|265|261|5|7|4|7|2|3|11|6|7|8|17|10|10|19|23|27|33|51|72|77|72|95|323|76|92|337|85|85|83|338|64|71|72|201|423|330|335|73|73|77|332|65|75|67|320|322|67|312|85|51|78|88|82|77|305|335|67|313|332|80|600|339|597|325|580|74|73|69|581|57|544|53|66|54|54|43|53|299|47|53|56|39|290|
2016-04-04|2|1_CTs|CT21||26|12|15|11|15|17|7|5|5|5|1|1|4|4|2|1|3|3|1|4|2|2|1|9|3|10|9|12|15|16|273|42|45|53|48|293|312|51|261|44|50|51|52|299|555|288|313|267|48|36|298|296|50|275|28|308|52|52|48|296|528|521|48|49|48|55|46|308|60|283|515|307|56|46|56|48|44|48|49|41|48|42|34|30|37|26|543|30|18|21|21|276|38|24|264|23|
