2012-08-10|22|1_CTs|CT1||16|14|5|10|6|7|7|12|4|3|6|6|8|6|0|4|6|5|11|8|9|8|13|12|19|16|18|24|35|33|62|66|78|66|84|97|86|65|72|80|70|74|68|59|61|65|47|52|59|54|53|52|66|45|58|48|49|63|72|67|91|67|49|59|49|60|52|67|64|70|64|48|44|51|61|56|55|44|48|45|47|52|40|43|45|37|25|25|38|32|17|29|18|27|19|11|
2012-08-10|22|1_CTs|CT2||45|20|23|12|18|14|4|15|5|11|8|8|6|7|9|7|5|6|5|9|6|10|18|25|34|20|31|46|50|66|84|106|117|121|127|149|135|140|140|126|120|138|116|113|102|114|110|120|112|109|116|122|121|95|103|111|104|119|130|125|183|111|116|104|94|127|129|135|134|131|163|108|142|140|129|143|123|116|121|86|85|78|87|79|57|69|45|53|58|57|39|47|51|46|34|35|
2012-08-10|22|1_CTs|CT3||53|45|31|31|25|19|15|22|15|13|11|9|14|9|9|9|9|9|7|9|9|15|22|31|37|29|36|52|65|82|121|149|157|153|180|201|190|206|177|178|160|151|153|163|130|158|147|171|159|155|137|155|164|133|133|146|151|158|160|163|192|162|169|162|153|154|185|161|176|177|195|170|188|161|179|168|158|146|162|111|133|118|107|105|80|98|81|65|87|72|66|67|64|61|64|42|
2012-08-10|22|1_CTs|CT4||33|17|19|18|23|9|9|10|8|10|3|7|8|5|2|9|7|4|1|3|9|8|16|15|20|35|26|29|35|54|75|69|96|122|106|131|107|139|135|129|127|110|113|94|115|112|104|122|120|124|112|109|107|104|110|89|111|106|105|120|123|100|121|108|134|138|145|132|144|146|159|165|164|184|171|178|145|142|129|110|110|114|107|105|79|66|44|59|43|39|29|50|45|40|31|36|
2012-08-10|22|1_CTs|CT5||47|17|28|14|15|8|10|12|9|13|6|6|11|11|9|9|8|2|7|5|10|8|14|16|25|32|36|29|36|71|80|92|117|123|136|146|147|163|152|135|133|143|132|124|133|131|108|114|142|140|119|130|141|107|121|112|145|138|131|151|124|111|136|128|113|164|168|148|175|164|183|186|190|213|188|184|169|177|169|125|135|137|122|109|79|78|56|64|60|50|37|41|55|54|29|46|
2012-08-10|22|1_CTs|CT6||20|21|22|7|12|5|7|7|6|10|7|5|10|7|8|6|5|3|1|0|6|6|15|14|11|26|18|34|37|32|40|41|58|45|61|63|77|78|87|75|63|87|79|63|79|84|59|75|91|95|80|87|84|63|70|68|78|94|83|98|88|88|84|94|93|96|117|102|117|120|135|132|125|153|141|146|145|105|108|84|89|106|61|60|52|54|50|41|40|51|36|36|32|34|39|38|
2012-08-10|22|1_CTs|CT7||5|3|4|2|1|1|1|5|0|2|1|2|0|0|2|0|1|3|0|3|1|1|1|2|5|3|5|5|6|5|11|12|17|18|23|23|16|21|22|18|23|23|21|23|18|16|10|20|10|20|13|13|20|14|16|18|9|19|17|15|16|16|23|10|15|13|13|17|23|13|16|18|16|15|17|18|15|12|11|13|10|10|7|13|8|11|3|5|11|10|3|10|9|8|2|6|
2012-08-10|22|1_CTs|CT8||6|6|4|5|2|4|3|4|6|3|3|3|2|3|6|5|2|1|3|1|2|0|4|1|3|4|2|8|5|7|16|18|11|21|21|25|23|23|17|22|19|23|22|25|30|15|35|26|29|30|17|25|26|31|21|20|29|29|28|27|22|33|34|18|22|21|34|27|34|31|23|21|32|31|42|30|39|42|30|20|22|25|18|15|15|17|14|12|9|5|6|2|12|7|8|10|
2012-08-10|22|1_CTs|CT9||36|33|27|16|7|3|16|12|10|5|6|8|10|11|4|9|8|8|8|7|9|9|21|32|28|42|51|47|67|97|125|162|180|187|199|223|182|186|179|192|167|147|146|149|129|161|128|156|151|127|139|127|142|119|125|126|144|143|140|149|124|132|134|143|110|165|132|118|145|120|122|110|133|84|105|111|106|118|106|111|97|107|76|101|70|71|58|52|62|56|48|43|54|51|41|32|
2012-08-10|22|1_CTs|CT10||0|2|2|1|0|0|1|0|0|0|0|1|0|0|0|0|0|2|2|0|3|1|2|3|4|4|10|2|2|2|2|2|5|3|2|7|1|6|1|3|5|1|4|4|5|4|2|4|1|2|2|4|6|2|7|3|6|2|6|8|0|3|7|2|4|6|1|4|5|1|5|2|1|7|3|2|2|0|1|2|2|4|2|2|0|2|0|2|0|0|2|15|9|0|0|1|
