2016-07-06|6|1_CTs|CT1||1|1|2|3|3|2|0|1|1|1|1|1|0|0|0|1|0|2|0|0|1|0|0|2|4|2|1|4|4|262|14|23|16|24|29|29|24|35|269|16|7|6|18|7|6|4|13|8|5|13|5|11|2|7|11|4|7|4|8|10|4|8|5|9|5|6|7|8|8|5|2|12|6|14|12|6|7|6|10|7|3|1|3|2|2|0|1|0|2|1|1|3|1|2|2|3|
2016-07-06|6|1_CTs|CT3||18|15|9|14|10|2|5|4|0|3|3|2|5|3|4|4|3|6|11|5|4|20|29|32|23|245|30|34|41|48|74|96|146|155|135|84|89|82|78|167|181|64|299|70|53|50|49|46|36|45|52|52|44|51|36|45|234|63|272|50|41|276|54|54|42|60|51|52|59|297|52|64|293|61|319|540|55|48|46|30|35|38|30|25|30|16|275|255|32|22|19|28|23|31|22|22|
2016-07-06|6|1_CTs|CT4||11|10|9|263|4|6|5|5|2|1|0|1|0|2|1|2|2|1|0|257|1|2|0|2|0|3|3|5|8|5|10|1|22|11|31|26|35|32|37|22|28|29|23|11|28|24|30|34|23|30|20|30|32|23|23|28|32|20|35|24|26|22|33|28|31|35|34|39|19|298|42|284|47|295|62|47|51|30|46|36|23|17|12|12|10|7|7|5|14|18|15|21|10|12|11|16|
2016-07-06|6|1_CTs|CT5||26|21|16|271|19|8|7|6|10|4|7|4|3|8|5|3|10|4|8|5|8|4|6|11|261|9|16|21|23|25|42|48|55|65|49|120|127|374|82|69|68|62|302|332|317|67|68|78|73|61|75|80|91|63|59|62|56|76|70|65|83|79|328|74|75|76|90|113|113|350|70|75|88|82|337|68|90|98|348|75|63|44|25|27|17|16|12|17|35|303|45|304|39|28|35|34|
2016-07-06|6|1_CTs|CT6||37|24|15|14|13|15|3|8|7|7|8|3|4|1|2|3|4|10|6|12|7|7|9|11|19|20|18|23|30|55|62|95|382|409|388|144|153|151|328|99|128|371|102|111|86|100|96|103|97|130|112|115|120|90|83|83|337|118|118|105|122|115|306|105|106|127|132|109|123|108|133|125|126|119|393|130|151|147|126|98|77|53|53|41|33|17|29|30|70|305|74|54|333|45|43|41|
2016-07-06|6|1_CTs|CT7||8|5|2|4|4|4|4|2|1|2|6|0|1|1|0|1|0|2|2|4|0|2|2|7|4|3|4|9|11|20|30|38|30|45|42|38|56|46|32|544|28|20|33|279|20|18|20|25|30|25|23|34|27|283|19|27|30|30|281|21|28|24|40|28|29|23|29|18|24|296|28|23|33|28|46|29|39|28|24|25|16|11|8|273|9|5|4|8|14|9|16|11|6|10|6|9|
2016-07-06|6|1_CTs|CT8||54|296|29|32|25|21|244|14|9|18|9|8|13|8|11|9|6|3|4|6|11|15|21|508|28|34|44|57|72|100|165|204|216|225|437|200|432|387|198|194|361|166|157|153|148|140|122|130|148|145|157|140|149|134|121|149|144|153|147|173|138|165|370|400|148|154|169|166|168|432|399|203|180|450|195|198|179|174|202|152|94|87|301|49|46|46|40|47|348|524|105|360|76|86|79|56|
2016-07-06|6|1_CTs|CT10||39|23|286|17|18|13|12|6|8|11|7|4|7|7|7|4|1|3|8|6|8|7|12|23|25|16|32|35|59|303|108|117|137|153|476|203|222|196|176|202|169|436|151|128|143|386|131|146|153|143|138|151|145|125|132|103|388|136|139|169|401|122|162|127|162|162|443|188|200|508|480|221|222|209|248|804|305|268|307|538|224|103|56|42|39|34|28|30|67|550|81|61|320|63|59|54|
2016-07-06|6|1_CTs|CT11||42|36|22|17|16|14|10|8|7|6|7|4|4|260|2|4|4|9|6|5|12|13|13|35|41|41|42|298|92|153|205|268|257|285|256|293|768|278|262|344|335|219|480|453|190|158|168|164|408|201|185|191|178|440|182|156|171|449|417|198|192|172|163|155|158|170|186|197|436|977|402|199|179|201|448|693|159|197|174|144|105|69|47|46|47|37|34|34|70|333|85|78|68|58|61|60|
2016-07-06|6|1_CTs|CT12||57|295|39|20|21|16|14|10|11|13|9|4|5|6|5|7|1|9|6|8|9|13|14|18|33|266|39|41|319|80|122|179|181|483|286|325|349|294|263|243|480|197|184|158|194|186|154|166|190|225|200|197|193|170|151|380|408|188|448|214|212|458|448|428|455|215|178|152|189|307|543|524|296|529|565|305|280|347|497|767|210|111|63|315|54|40|32|294|103|100|372|89|100|89|64|69|
2016-07-06|6|1_CTs|CT15||43|35|21|15|16|16|12|11|8|6|12|12|2|5|6|5|10|22|10|13|18|11|23|32|30|33|44|65|78|86|124|162|172|200|488|214|456|210|206|361|132|365|381|166|157|299|143|122|105|108|126|125|112|105|88|112|126|330|616|374|108|99|128|112|110|123|128|110|146|404|146|147|394|173|210|459|211|412|115|337|68|59|36|44|47|29|26|29|45|301|65|45|47|33|42|36|
2016-07-06|6|1_CTs|CT16||303|43|30|268|22|19|14|9|10|264|13|7|5|5|8|7|3|8|11|7|9|10|18|33|35|21|35|59|85|123|154|243|206|249|243|252|530|275|284|516|200|462|464|432|185|173|192|197|174|157|202|181|203|426|177|406|428|176|452|427|194|248|354|185|185|175|185|196|195|228|223|211|464|483|503|743|257|508|486|233|132|100|327|71|54|43|39|291|80|360|92|93|334|337|74|75|
2016-07-06|6|1_CTs|CT17||38|39|31|31|24|16|21|17|8|13|6|7|8|8|8|9|7|7|7|7|5|6|7|12|14|11|16|15|28|42|541|597|95|126|151|165|202|167|170|360|391|118|383|126|141|139|151|138|143|146|156|166|133|390|103|108|157|376|395|153|164|156|162|162|171|156|186|193|197|221|212|176|490|459|228|224|239|490|187|141|117|74|47|68|61|37|35|42|139|130|113|100|101|72|86|64|
2016-07-06|6|1_CTs|CT18||78|71|54|45|43|27|21|15|21|14|23|9|13|15|14|10|12|12|13|9|23|12|21|31|278|286|312|66|111|137|427|272|270|315|316|157|211|460|287|298|256|233|496|513|213|224|218|239|223|220|242|238|271|193|191|434|197|462|476|502|265|265|480|246|202|218|238|260|278|536|249|297|295|533|548|315|318|326|762|285|185|137|92|88|66|52|55|61|140|415|152|134|135|107|125|102|
2016-07-06|6|1_CTs|CT19||304|46|27|32|18|17|11|19|14|9|10|7|11|7|13|7|7|6|7|263|11|7|9|8|6|9|22|19|18|29|48|102|109|154|171|420|195|170|170|263|279|124|386|387|144|325|200|139|377|420|146|173|141|126|103|111|126|129|130|401|140|400|161|141|171|156|160|190|192|475|461|207|484|222|202|231|220|239|442|148|142|89|57|333|64|40|26|44|379|151|101|115|109|329|70|60|
2016-07-06|6|1_CTs|CT20||32|20|19|24|271|5|7|10|5|6|1|5|3|2|3|2|3|8|2|2|245|8|11|14|16|9|12|289|45|40|52|94|342|125|155|133|405|139|117|103|56|95|116|118|100|7|119|67|46|97|27|89|35|66|88|1|3|81|586|44|73|379|105|106|104|51|321|9|68|317|349|132|35|89|126|15|314|38|6|70|29|30|48|43|35|26|18|34|23|315|70|53|53|298|3|40|
2016-07-06|6|1_CTs|CT21||335|80|73|44|28|244|20|23|14|15|13|13|24|17|25|13|16|29|25|277|59|34|48|60|56|62|97|365|396|201|301|514|262|512|309|540|304|310|317|303|254|285|521|294|263|245|224|232|221|248|220|255|218|206|203|437|396|243|250|252|248|254|228|229|182|250|232|201|243|239|514|256|279|276|562|564|291|255|228|224|198|377|116|111|335|71|68|72|124|358|327|122|368|109|360|96|
2016-07-06|6|1_CTs|CT22||0|0|0|0|0|0|0|0|0|0|0|0|0|0|0|0|0|0|0|0|0|0|0|0|0|0|0|0|0|0|0|0|0|0|0|0|0|2|0|0|0|0|0|0|0|0|0|0|0|0|0|0|0|0|0|0|0|0|0|0|0|0|0|0|0|0|0|0|0|0|0|0|0|0|0|0|0|0|0|0|0|0|0|0|0|0|0|0|0|0|0|0|0|0|0|0|
2016-07-06|6|1_CTs|CT23||86|67|304|44|36|38|26|19|13|15|25|18|18|20|240|13|14|14|13|14|19|22|33|49|38|55|74|94|113|136|508|288|327|609|330|592|834|299|482|285|506|247|460|258|468|224|687|218|471|234|248|214|492|468|188|236|206|465|730|719|473|257|238|226|248|237|288|518|284|819|292|305|327|323|591|516|562|544|280|224|172|138|108|97|83|71|58|69|164|141|131|139|124|128|133|330|
