2011-04-21|6|1_CTs|CT1||0|1|0|0|1|2|0|1|1|0|0|0|1|0|1|0|0|1|1|2|3|2|2|6|10|33|38|33|9|6|9|12|8|7|12|8|4|5|2|6|10|6|4|2|0|6|2|2|3|2|8|7|9|4|3|4|4|2|5|3|5|2|3|8|7|8|5|5|3|6|5|8|7|3|6|3|4|2|1|3|3|4|1|1|9|7|1|1|2|1|6|11|14|1|1|1|
2011-04-21|6|1_CTs|CT3||22|9|13|9|7|4|4|4|4|0|4|0|2|3|5|2|3|9|7|7|16|23|23|45|37|42|52|55|68|67|82|86|82|66|86|94|92|84|74|73|44|46|51|17|0|258|68|28|50|78|67|69|87|63|64|107|70|66|58|68|65|52|60|63|69|75|69|77|65|60|69|75|62|79|53|44|51|58|53|47|42|39|38|49|28|22|34|49|34|42|28|23|24|15|16|7|
2011-04-21|6|1_CTs|CT4||13|9|11|9|3|6|0|2|1|10|2|3|3|1|2|1|1|1|3|3|0|4|0|2|1|2|2|6|6|6|12|19|10|14|25|17|32|31|18|24|13|29|24|7|0|14|21|15|26|27|32|36|42|25|22|39|35|30|16|37|27|27|30|24|28|36|26|17|21|32|25|29|36|30|39|30|21|24|22|31|43|19|27|22|21|15|22|13|16|11|13|9|7|9|8|8|
2011-04-21|6|1_CTs|CT5||16|20|18|16|12|13|8|7|9|11|8|7|8|8|5|3|10|7|10|5|6|10|4|8|11|14|15|33|21|15|27|29|31|59|64|53|62|63|64|79|75|61|72|29|0|254|80|31|54|57|80|68|86|44|63|88|73|76|77|73|55|72|61|66|58|79|68|61|63|79|76|53|62|72|71|50|57|54|61|55|60|55|46|44|39|41|33|39|25|18|22|18|19|30|23|25|
2011-04-21|6|1_CTs|CT6||27|24|13|12|18|16|11|10|13|9|8|10|8|7|7|7|4|4|3|5|13|14|6|17|18|13|28|23|37|35|72|84|92|86|116|112|111|127|93|127|117|110|113|39|0|99|104|52|84|118|91|115|130|80|81|105|114|117|107|125|115|110|107|99|96|120|95|98|116|103|80|104|109|81|96|95|80|89|80|84|97|75|81|64|68|70|60|51|56|45|38|40|43|40|30|49|
2011-04-21|6|1_CTs|CT7||4|3|4|5|6|5|3|2|1|3|0|1|2|2|1|1|0|0|2|1|0|3|2|7|3|4|1|2|10|9|23|13|19|21|31|24|26|29|24|29|37|20|22|3|0|20|17|12|23|27|44|34|32|18|16|25|17|19|17|19|21|26|25|22|23|19|26|20|25|26|33|25|21|32|26|21|20|19|12|17|11|19|14|12|11|6|11|13|6|12|10|5|8|5|12|4|
2011-04-21|6|1_CTs|CT8||58|54|32|23|15|25|19|22|24|17|12|8|25|14|8|9|9|10|7|6|6|10|21|26|27|32|51|62|74|116|142|197|195|232|208|216|198|180|175|183|163|156|139|54|0|145|148|74|134|144|140|152|185|116|123|143|151|169|145|167|159|156|138|150|139|177|158|163|136|162|155|179|179|177|161|143|141|111|125|141|124|99|111|99|94|74|89|81|75|74|68|76|87|64|57|54|
2011-04-21|6|1_CTs|CT9||60|55|44|39|31|23|16|18|17|8|16|9|12|17|5|7|5|11|10|12|14|18|23|45|31|47|49|65|89|129|163|203|200|232|253|257|209|207|217|199|188|190|181|61|0|193|194|96|207|195|204|299|446|278|335|395|283|205|196|218|252|215|202|255|264|340|360|361|277|297|269|267|226|201|206|176|147|164|169|166|154|146|130|136|113|100|95|96|94|87|75|61|76|61|75|62|
2011-04-21|6|1_CTs|CT10||41|28|33|23|18|13|12|15|13|12|12|11|6|15|7|9|3|6|7|5|8|11|20|22|28|28|37|38|67|70|77|127|111|147|135|167|160|151|174|146|158|140|134|54|0|160|167|69|149|157|210|243|246|156|136|157|167|165|168|197|190|172|186|193|186|218|168|186|189|198|184|167|157|159|164|133|161|123|122|120|104|131|128|121|100|63|83|63|58|66|53|34|53|38|47|30|
2011-04-21|6|1_CTs|CT11||29|38|22|25|17|19|15|5|9|9|10|4|18|3|6|8|3|12|3|9|19|17|20|42|37|36|69|81|92|139|207|245|205|248|253|252|240|235|265|208|199|168|201|70|0|149|199|83|172|170|178|228|238|169|155|194|178|157|158|173|165|161|155|182|223|240|205|183|177|186|199|194|146|146|134|130|106|118|111|101|132|154|132|91|124|86|84|63|48|46|34|28|58|45|40|29|
2011-04-21|6|1_CTs|CT12||47|29|24|23|21|10|18|15|20|11|15|14|9|15|5|13|3|5|7|9|7|13|24|22|28|24|39|58|67|88|91|106|120|151|181|189|171|177|195|181|180|154|173|58|0|354|194|76|174|203|231|285|280|166|166|196|175|204|164|201|192|204|204|127|214|231|186|191|212|210|183|195|187|193|201|151|188|163|148|142|139|158|162|131|124|99|104|79|64|75|81|46|54|44|42|30|
2011-04-21|6|1_CTs|CT13||37|34|22|23|21|16|7|16|14|10|6|10|5|11|2|6|4|6|5|7|8|15|16|28|25|34|30|47|61|82|129|133|147|162|172|183|145|176|156|155|161|143|130|45|0|138|147|72|132|162|192|220|329|210|269|287|197|144|140|169|167|146|160|157|157|218|238|259|206|177|177|167|171|166|165|115|152|119|117|118|100|106|96|90|81|58|76|73|62|59|66|35|48|41|43|46|
2011-04-21|6|1_CTs|CT14||28|18|18|17|20|19|10|4|18|7|10|6|6|10|9|9|2|0|2|5|8|7|21|11|19|18|26|32|41|46|46|57|59|72|78|84|83|82|89|94|105|93|109|29|0|122|115|55|103|138|136|179|194|121|141|124|135|142|134|150|140|152|160|145|164|159|158|146|144|167|166|151|143|134|124|123|165|109|101|110|95|74|83|80|72|63|60|47|48|51|51|40|30|34|30|46|
2011-04-21|6|1_CTs|CT15||18|14|6|9|9|6|4|4|4|6|6|4|5|3|2|5|1|4|3|8|11|16|13|24|22|27|26|38|43|61|91|88|104|99|134|148|116|112|97|106|94|91|75|31|0|263|74|39|80|76|93|97|175|141|175|154|105|63|67|80|76|58|67|66|93|107|129|137|100|80|98|92|78|82|76|71|66|60|53|46|55|62|46|57|43|33|38|27|43|27|29|23|33|16|21|19|
2011-04-21|6|1_CTs|CT16||31|39|33|27|18|25|15|10|11|19|6|5|10|8|7|9|2|9|6|2|11|15|16|26|28|36|41|48|64|102|144|158|178|212|209|225|227|199|219|228|216|182|195|62|0|198|184|100|192|188|210|203|211|135|119|176|174|163|189|191|195|173|176|185|174|200|196|184|187|157|177|183|185|189|171|150|152|137|96|127|117|148|132|121|124|71|89|80|54|70|61|57|67|57|57|46|
2011-04-21|6|1_CTs|CT17||24|19|15|15|18|6|6|9|9|8|6|3|3|7|4|4|2|0|5|0|2|1|2|1|1|5|4|1|5|14|8|11|21|21|24|31|36|19|32|29|33|41|33|8|0|39|42|12|41|37|39|47|48|27|27|41|49|40|33|47|38|40|31|34|43|34|31|18|36|42|23|34|32|31|29|27|25|27|21|32|26|21|17|14|20|12|22|22|13|5|7|6|12|8|11|3|
2011-04-21|6|1_CTs|CT18||60|56|45|46|32|37|23|29|23|27|23|13|24|22|12|11|18|13|17|15|14|19|20|33|31|51|41|70|77|111|159|175|209|217|253|242|243|217|251|251|278|235|229|96|0|420|252|122|406|237|248|263|284|162|190|291|232|268|255|239|262|270|247|255|268|249|278|213|237|250|247|249|251|247|269|226|192|183|156|168|193|174|170|160|138|121|111|125|96|74|78|74|77|99|86|86|
2011-04-21|6|1_CTs|CT19||51|41|30|24|32|27|18|20|17|20|13|7|12|11|9|14|6|7|5|3|3|7|14|17|11|12|20|20|24|30|47|68|85|89|112|129|120|116|110|146|154|134|157|45|0|159|146|58|141|173|154|178|178|115|130|169|135|151|135|170|151|177|158|155|149|155|139|156|162|172|163|150|145|157|162|137|134|157|147|121|131|114|112|85|85|79|71|50|51|51|50|49|52|41|31|37|
2011-04-21|6|1_CTs|CT20||27|23|17|12|5|10|5|9|11|6|8|4|8|4|7|6|2|6|5|7|1|11|15|19|17|28|23|33|42|48|49|90|85|73|116|124|109|110|84|89|24|39|118|46|0|3|143|65|116|128|60|145|51|87|88|9|122|112|1|40|143|73|76|45|39|115|97|48|81|31|71|16|52|84|39|61|103|91|58|44|103|29|53|27|55|53|67|56|61|46|59|41|45|39|43|34|
2011-04-21|6|1_CTs|CT21||79|64|57|36|43|33|23|25|17|10|18|17|14|10|12|11|6|18|22|20|27|35|43|61|64|71|86|106|133|174|237|289|303|299|328|343|284|303|327|347|320|300|273|88|0|427|262|116|226|252|217|283|274|198|214|301|257|246|212|231|249|245|239|221|239|248|248|264|246|229|225|230|225|234|226|223|208|175|182|174|162|157|155|138|146|114|130|136|128|122|123|85|94|78|95|69|
2011-04-21|6|1_CTs|CT22||90|123|77|53|53|49|48|28|37|33|28|22|22|18|22|16|15|22|25|34|48|45|66|72|90|100|92|124|127|132|168|189|195|239|240|271|257|280|257|292|259|300|286|114|0|269|306|151|310|341|332|377|367|234|230|363|328|331|340|335|359|300|373|331|337|339|357|387|351|355|375|365|339|345|282|321|292|291|282|302|236|264|204|208|205|175|182|167|166|152|161|151|123|118|93|102|
2011-04-21|6|1_CTs|CT23||77|78|47|43|35|34|21|31|30|24|18|13|32|23|13|9|11|15|13|15|15|22|29|51|45|48|82|91|115|172|249|272|297|342|329|332|302|282|271|263|291|259|228|79|0|208|236|111|219|232|259|285|336|210|230|331|258|275|253|271|262|251|242|269|260|272|266|312|279|265|253|282|300|284|283|226|238|223|218|218|198|202|177|166|168|134|135|144|134|126|106|110|102|80|63|80|
2011-04-21|6|1_CTs|CT24||87|73|44|50|59|45|34|26|27|22|14|22|10|23|15|16|9|19|23|17|23|22|23|41|53|49|70|83|110|136|162|176|206|203|235|289|291|275|256|265|250|265|273|93|0|432|213|148|251|311|285|383|353|268|395|316|311|274|303|319|302|305|308|313|340|333|303|327|305|313|348|300|334|308|283|288|277|239|253|243|237|207|164|177|153|148|130|131|118|138|134|96|109|87|101|90|
