2011-08-10|3|1_CTs|ct1||60|55|32|27|25|16|21|21|16|9|10|10|12|3|8|4|10|7|10|7|9|4|12|23|21|20|25|32|40|62|98|138|153|163|185|215|213|202|205|188|191|161|199|194|168|172|139|141|173|165|171|168|155|161|128|139|131|176|172|158|176|167|152|159|171|140|149|156|173|195|195|189|183|179|209|175|163|162|145|152|157|156|142|156|108|89|97|93|77|79|70|75|75|77|58|55|
2011-08-10|3|1_CTs|ct3||162|143|114|107|79|63|66|53|60|32|22|29|28|30|33|18|24|21|29|26|36|28|59|77|62|61|76|126|126|164|251|341|349|403|407|458|462|442|539|404|452|429|447|460|428|413|340|352|403|389|381|372|376|361|327|341|302|370|472|393|432|410|348|372|363|311|342|318|304|371|382|311|336|359|327|333|343|345|287|336|355|339|310|326|289|239|267|205|243|246|209|203|215|200|160|186|
2011-08-10|3|1_CTs|ct5||121|108|79|91|82|72|61|38|77|73|53|44|39|31|30|19|27|26|33|28|31|34|26|45|50|60|65|135|109|131|139|187|206|250|266|280|264|312|346|289|295|275|296|272|321|309|325|236|324|253|284|325|254|272|255|274|311|285|268|281|251|252|252|272|313|284|266|237|291|277|277|310|277|303|298|258|337|266|241|270|261|250|209|235|207|223|196|182|201|253|171|158|215|195|162|170|
2011-08-10|3|1_CTs|ct6||106|77|80|67|65|39|45|39|41|32|33|35|20|18|18|20|16|26|19|17|17|12|13|11|16|15|21|32|34|63|79|115|127|162|160|187|226|194|161|187|172|201|186|206|205|192|217|218|218|225|195|223|208|201|201|137|162|211|220|189|235|230|214|238|225|240|260|253|261|281|237|277|262|299|258|235|271|225|210|219|212|193|154|139|131|84|110|80|119|111|108|116|97|111|96|149|
2011-08-10|3|1_CTs|ct7||121|86|109|128|98|68|71|51|82|54|55|54|24|18|35|24|15|15|25|15|20|26|31|28|31|23|36|24|45|44|70|82|105|125|151|191|161|167|158|146|151|158|178|164|173|191|191|161|207|191|192|195|221|168|168|135|170|185|173|176|208|197|198|202|200|201|194|186|214|208|205|215|206|209|190|195|200|198|175|148|167|153|137|151|125|103|98|107|130|117|125|131|112|138|126|204|
2011-08-10|3|1_CTs|ct9||82|89|54|94|84|64|81|54|58|51|43|44|51|38|36|29|46|49|48|32|39|21|23|26|27|26|42|51|57|52|103|135|129|140|170|155|181|159|163|181|155|149|156|150|134|146|152|158|121|148|119|120|133|111|123|137|132|129|140|124|140|143|152|140|142|120|127|124|130|155|131|174|129|124|132|143|159|140|138|131|146|105|124|120|88|97|100|78|112|86|95|68|82|81|52|59|
2011-08-10|3|1_CTs|ct10||74|67|57|52|48|51|42|37|51|47|38|43|30|26|23|22|22|28|22|22|17|20|22|19|24|24|13|26|34|35|26|48|52|81|98|77|105|92|116|99|96|103|95|112|106|101|87|85|95|95|111|108|107|98|85|73|82|88|94|99|102|105|121|97|87|100|104|108|111|128|101|112|111|132|102|113|101|97|95|93|92|106|71|64|77|72|78|53|69|67|53|73|77|84|71|74|
2011-08-10|3|1_CTs|CT11||40|29|26|14|19|20|17|21|15|12|10|20|11|13|12|18|17|17|9|13|5|11|12|10|12|10|13|20|15|25|34|31|44|36|39|43|51|50|50|53|57|55|46|69|51|51|51|52|51|42|40|54|51|47|51|32|58|49|45|50|53|43|57|39|47|55|55|50|64|45|66|52|46|51|46|49|47|48|46|62|42|48|48|31|38|37|34|25|39|32|28|22|33|24|29|28|
2011-08-10|3|1_CTs|CT12||25|29|28|15|18|19|18|22|29|19|15|25|20|13|11|18|12|14|12|14|11|12|19|15|11|16|6|17|11|10|10|12|17|15|16|17|32|29|40|31|27|33|37|32|33|37|33|25|36|33|29|28|26|26|33|15|27|27|30|37|29|28|30|33|30|28|31|34|37|36|27|29|39|42|32|31|35|36|27|30|30|28|23|21|22|32|27|21|23|29|15|30|28|25|30|22|
2011-08-10|3|1_CTs|ct14||0|0|0|0|0|0|0|0|0|0|0|0|0|0|0|0|0|0|0|0|0|0|0|0|0|0|0|0|0|0|0|0|0|0|0|0|0|0|0|0|0|0|0|0|0|0|0|0|0|0|0|0|0|0|0|0|0|0|0|0|0|0|0|0|0|0|0|0|0|1|0|0|0|0|0|0|0|0|0|0|0|0|0|0|0|0|0|0|0|0|0|0|0|0|0|0|
2011-08-10|3|1_CTs|CT16||17|18|19|24|16|22|15|12|9|11|11|13|7|2|5|7|5|4|7|8|2|5|3|3|8|7|7|9|11|10|11|18|21|17|21|17|37|33|24|34|22|22|24|24|36|29|25|28|22|21|24|31|27|17|21|22|24|33|19|28|22|35|29|28|26|26|31|29|37|30|31|29|22|33|37|20|30|33|30|30|27|30|24|23|23|20|18|11|17|19|13|9|18|16|17|13|
2011-08-10|3|1_CTs|ct17||91|85|62|61|55|40|36|31|41|41|33|21|16|20|22|25|18|21|29|15|19|17|28|31|19|31|36|43|55|81|124|164|184|205|210|217|256|246|248|234|211|221|203|219|181|201|178|194|191|179|189|206|179|166|147|148|202|189|228|213|204|196|205|182|158|154|149|177|195|231|168|167|192|236|203|181|170|184|175|148|165|174|146|168|108|120|111|93|103|106|90|87|108|118|121|97|
2011-08-10|3|1_CTs|ct18||96|97|79|73|72|59|48|52|60|54|44|39|35|28|30|37|27|27|25|33|24|23|33|36|31|39|31|36|60|104|108|148|177|222|226|195|248|243|218|230|251|222|229|237|204|186|191|190|214|204|193|210|209|194|167|150|209|198|183|231|185|189|219|183|167|191|198|184|221|196|192|177|195|211|139|161|153|130|138|115|123|145|127|125|111|118|99|71|98|107|79|91|117|110|111|95|
2011-08-10|3|1_CTs|ct19||1|1|0|0|2|2|0|0|0|0|0|0|1|0|1|0|0|0|0|0|0|0|2|5|1|7|6|2|6|4|7|5|6|7|5|6|5|3|7|5|4|6|4|8|4|6|4|9|6|3|8|8|5|5|4|5|5|3|6|6|9|4|4|9|6|5|5|11|4|6|4|10|9|8|6|4|6|9|4|7|6|5|7|4|6|2|4|4|1|2|2|0|2|2|0|2|
2011-08-10|3|1_CTs|ct20||44|61|39|43|32|25|19|21|23|17|17|13|16|5|10|9|5|5|16|8|13|9|17|18|12|26|31|49|62|89|128|117|122|145|132|143|161|149|141|135|168|137|128|147|123|99|112|129|128|128|119|109|103|130|114|90|111|138|119|129|107|108|113|112|108|112|116|99|110|106|116|106|101|126|133|114|113|148|126|142|141|139|130|134|126|94|83|83|74|78|72|67|74|71|75|71|
2011-08-10|3|1_CTs|ct22||5|5|3|4|2|3|1|1|1|0|3|3|1|2|2|1|4|2|3|4|1|3|6|3|6|2|2|3|9|10|10|10|14|20|17|14|18|27|24|16|19|13|16|13|15|8|20|19|24|21|24|14|17|20|12|18|23|19|28|18|24|23|31|15|28|24|40|38|35|34|26|42|27|27|34|26|27|18|34|26|13|13|10|6|12|8|7|4|7|3|5|9|3|4|1|8|
2011-08-10|3|1_CTs|CT23||76|67|39|35|38|28|27|19|25|15|23|16|28|12|13|13|16|15|10|13|8|5|11|14|17|22|17|28|33|52|97|110|153|163|212|204|232|210|178|172|188|158|152|163|190|171|177|146|177|196|199|196|178|202|156|185|172|201|196|196|193|201|203|205|231|258|258|195|290|270|302|333|335|367|351|329|314|325|274|270|260|227|221|171|174|143|130|134|89|109|90|106|89|92|80|103|
2011-08-10|3|1_CTs|ct24||192|222|184|136|116|109|77|81|72|47|59|53|35|35|37|23|28|39|42|43|54|50|69|91|126|183|250|384|467|632|807|915|863|1007|869|873|992|1010|801|950|842|749|751|770|689|643|710|654|697|707|643|634|652|661|625|620|683|687|718|725|656|617|645|624|593|557|601|610|554|602|666|699|610|721|676|698|729|712|677|799|736|658|593|553|492|480|424|401|347|380|317|336|309|312|295|254|
