2014-09-25|3|1_CTs|ct1||57|54|45|31|27|22|13|12|14|12|11|6|5|8|4|3|5|2|9|4|9|10|10|23|16|25|33|54|93|120|210|246|246|248|222|245|243|214|211|210|217|191|189|207|192|185|170|179|191|197|191|195|209|189|211|227|232|209|161|207|226|214|221|228|208|210|191|185|198|201|201|215|204|205|206|206|209|210|189|164|185|198|150|163|178|196|116|120|113|97|85|99|90|84|87|100|
2014-09-25|3|1_CTs|ct3||85|81|70|75|76|41|29|35|31|32|20|14|30|16|12|20|13|17|15|14|25|32|30|39|32|58|68|120|146|204|235|273|270|255|287|257|267|223|272|241|242|235|230|243|201|221|184|193|209|220|206|185|234|198|251|257|228|256|249|219|231|239|223|248|194|255|229|195|221|219|238|219|230|199|223|215|220|233|155|188|217|228|169|181|223|199|152|161|158|139|151|152|158|139|135|137|
2014-09-25|3|1_CTs|ct5||136|146|154|96|73|65|41|43|39|32|30|23|23|11|21|26|14|26|11|21|12|9|22|26|20|17|31|39|64|100|119|166|205|228|245|256|227|226|240|200|169|181|187|167|180|181|205|203|224|224|206|241|206|221|212|195|233|205|216|229|227|232|256|236|247|253|262|301|263|314|280|321|306|278|270|269|258|280|256|241|270|273|266|265|256|228|206|144|160|168|169|144|184|159|206|161|
2014-09-25|3|1_CTs|ct6||9|14|6|5|6|7|6|2|2|1|3|3|1|0|0|1|1|4|2|1|1|0|0|2|4|8|9|23|23|38|45|52|79|79|85|61|76|84|72|80|64|68|50|54|47|53|66|57|53|44|47|46|39|52|44|56|71|64|62|66|68|78|57|71|60|45|59|72|76|66|70|49|74|84|79|44|35|28|26|18|43|31|27|31|22|17|29|29|29|17|19|26|26|18|15|20|
2014-09-25|3|1_CTs|ct7||159|156|177|127|113|75|66|63|59|62|46|42|32|34|23|31|20|21|30|24|34|28|35|38|37|42|68|62|102|105|136|163|167|172|193|189|193|189|185|180|168|175|157|181|195|207|198|196|204|198|147|89|128|143|188|159|206|168|210|211|214|213|178|66|63|55|46|37|51|50|59|48|46|44|56|63|51|60|35|0|2|0|34|64|154|163|166|147|165|165|149|141|165|162|166|184|
2014-09-25|3|1_CTs|ct8||88|102|102|65|55|33|38|40|24|58|26|23|25|15|17|14|11|9|24|15|14|12|6|24|18|24|38|32|57|64|77|97|97|92|119|122|101|116|115|114|112|124|106|114|135|130|135|130|135|118|149|147|159|132|125|104|160|123|145|154|132|152|145|175|124|108|133|136|137|143|163|129|123|118|110|111|139|156|157|127|133|156|155|106|115|123|111|102|96|109|91|84|101|108|101|102|
2014-09-25|3|1_CTs|ct9||92|111|108|81|82|71|51|53|48|54|62|39|39|32|41|36|33|28|21|25|24|18|38|32|34|43|32|50|63|95|144|172|230|220|261|267|269|265|242|273|216|228|213|188|299|196|201|204|192|154|207|176|167|158|167|154|178|212|206|164|149|208|163|190|204|191|161|121|84|55|74|127|101|85|68|73|73|52|55|65|113|112|96|85|155|130|123|110|102|115|118|133|97|93|115|127|
2014-09-25|3|1_CTs|ct10||90|87|80|66|59|47|53|45|49|33|42|45|36|19|28|16|29|22|23|13|23|24|24|29|20|29|26|30|49|65|96|145|160|171|185|170|178|175|138|145|126|136|152|145|118|127|131|148|145|132|147|129|148|146|141|124|129|135|155|147|136|165|138|115|140|136|148|175|151|136|152|124|112|119|141|128|105|106|109|101|132|103|85|124|129|114|105|101|106|98|76|105|104|112|118|112|
2014-09-25|3|1_CTs|ct13||224|188|214|145|145|158|107|96|118|96|76|114|72|62|74|66|54|78|56|48|63|58|59|102|95|104|109|100|165|183|262|230|238|279|234|249|250|273|198|272|156|202|197|135|193|252|214|208|242|206|154|198|281|172|185|197|216|209|217|179|349|315|264|405|210|300|255|286|423|198|172|192|68|0|0|0|0|0|0|0|0|0|0|0|2|0|0|26|249|232|261|256|252|259|277|279|
2014-09-25|3|1_CTs|ct14||47|49|31|30|15|20|17|9|19|11|16|10|7|8|3|4|6|6|8|7|12|10|13|25|22|43|69|158|226|292|281|262|256|263|268|260|259|251|254|227|111|163|144|181|190|142|190|189|163|215|212|191|177|165|150|186|165|198|229|195|195|183|204|193|158|184|193|217|200|208|218|183|154|147|213|205|220|194|222|249|195|190|178|140|115|119|114|77|93|96|72|78|57|76|69|73|
2014-09-25|3|1_CTs|CT16||127|129|67|72|64|54|49|40|39|68|37|33|43|44|36|28|28|16|9|17|19|12|17|55|32|34|47|57|80|90|118|148|149|178|176|218|189|222|206|205|184|161|165|166|195|229|145|209|235|173|219|162|143|169|132|134|143|190|170|147|163|175|179|203|193|180|169|173|187|236|267|228|242|287|245|288|231|228|254|224|223|221|212|221|165|155|136|124|117|120|126|109|97|91|121|112|
2014-09-25|3|1_CTs|ct18||121|106|94|80|70|60|62|47|50|40|44|50|42|21|35|25|30|27|25|13|28|27|32|42|36|42|46|51|94|101|158|223|250|242|268|254|277|236|237|202|210|204|203|209|194|146|184|220|185|177|186|159|176|180|179|165|186|224|196|177|214|162|191|155|168|185|183|224|181|196|139|144|162|193|195|183|169|174|111|140|145|168|68|169|185|157|136|138|152|134|116|122|135|136|146|127|
2014-09-25|3|1_CTs|ct19||0|1|0|0|2|0|0|0|0|1|1|0|0|0|0|0|0|1|0|0|0|0|1|1|2|9|6|4|10|7|10|13|5|12|11|13|9|14|17|4|5|8|8|8|8|5|5|5|6|3|7|12|10|5|6|9|8|4|9|4|10|6|8|15|3|13|4|8|11|5|22|7|6|6|6|11|5|6|3|14|6|7|6|4|4|3|7|3|1|4|1|3|1|1|1|4|
2014-09-25|3|1_CTs|ct22||6|8|7|4|2|0|1|0|1|0|1|3|0|3|1|1|0|4|0|0|1|0|3|3|2|2|1|3|5|9|8|19|18|21|19|19|20|13|26|22|17|29|17|18|25|24|25|26|22|32|31|24|28|26|26|24|21|33|26|30|30|30|34|28|23|49|55|59|67|89|68|54|51|68|62|77|55|62|58|55|60|56|36|32|24|26|14|14|15|10|8|13|8|10|9|17|
2014-09-25|3|1_CTs|CT23||187|153|88|79|70|50|40|34|40|31|41|34|17|11|7|13|12|14|22|9|6|11|10|21|16|25|31|39|82|119|178|315|342|389|373|374|312|352|312|297|240|258|226|230|207|288|230|297|248|322|308|317|374|309|319|317|292|265|305|318|298|288|277|294|333|426|336|382|485|520|516|529|573|660|561|543|512|503|451|439|533|477|355|370|397|309|247|220|244|258|210|233|242|165|158|162|
2014-09-25|3|1_CTs|ct24||189|175|115|102|90|96|68|46|61|43|41|33|20|23|19|23|23|33|35|38|58|56|91|110|131|209|348|608|803|1011|932|1016|917|894|930|836|852|805|854|874|897|870|912|906|854|799|768|771|762|830|837|822|813|752|705|754|792|842|876|908|845|808|842|812|763|856|860|827|855|898|880|918|912|921|922|856|883|880|843|868|756|768|674|617|477|442|380|390|344|333|359|318|321|323|272|236|
