2011-10-03|3|1_CTs|ct1||50|35|27|29|22|12|19|5|16|8|9|8|4|2|2|6|4|1|4|3|8|10|13|26|17|32|27|43|60|97|149|188|238|235|238|226|238|219|211|233|226|205|170|170|216|174|177|164|186|184|196|183|177|193|161|165|177|187|221|217|214|202|193|188|211|193|219|215|188|214|206|195|204|224|233|227|198|197|177|179|172|167|179|143|122|102|117|99|101|93|80|92|77|60|60|72|
2011-10-03|3|1_CTs|ct3||125|115|80|81|67|42|57|28|47|26|32|27|12|11|17|13|11|21|22|29|24|33|54|76|67|90|99|153|159|241|330|437|447|519|449|506|518|492|507|549|600|523|426|452|470|434|431|440|421|423|413|458|425|461|387|381|496|422|474|466|502|454|483|441|455|424|434|433|375|349|387|381|368|335|365|378|356|330|383|356|346|345|331|325|295|246|304|292|239|233|211|198|195|160|140|185|
2011-10-03|3|1_CTs|ct5||131|130|98|66|66|33|41|59|49|26|51|46|46|58|27|34|19|10|27|39|27|34|66|52|62|71|85|129|130|201|230|351|364|400|377|400|376|311|419|345|392|388|1166|422|359|372|367|315|303|363|406|376|339|339|322|339|354|351|394|362|392|362|361|319|300|378|342|323|340|361|386|468|375|365|408|392|330|408|380|344|315|313|286|283|242|229|217|211|235|237|215|178|212|214|177|145|
2011-10-03|3|1_CTs|ct6||172|141|64|68|54|33|44|30|27|27|32|23|18|8|16|18|22|12|11|17|9|7|11|12|11|22|15|27|42|57|104|124|153|187|210|207|216|216|206|174|149|144|141|157|218|187|203|211|209|230|200|203|210|201|175|185|159|196|223|223|181|219|236|218|231|240|247|246|280|303|282|264|280|292|279|270|275|278|259|215|230|219|233|141|146|159|134|116|151|157|140|132|111|103|99|93|
2011-10-03|3|1_CTs|ct7||242|207|95|87|75|61|48|32|28|35|23|24|20|15|16|17|19|14|20|18|20|20|20|32|30|32|30|35|49|60|74|111|130|159|179|201|195|196|169|157|144|163|160|207|173|194|208|206|218|247|211|192|182|171|162|155|188|218|220|194|202|207|216|213|213|237|224|220|225|193|196|192|197|149|160|162|167|187|179|193|182|158|148|134|129|116|108|102|149|116|118|114|124|124|111|106|
2011-10-03|3|1_CTs|ct9||85|79|66|103|64|87|75|69|62|52|25|29|32|31|32|38|34|25|17|24|21|23|24|19|22|37|40|55|55|71|126|140|215|219|200|263|228|204|214|221|155|143|138|176|180|200|193|431|222|257|180|190|127|173|157|146|206|187|189|176|185|155|150|191|198|163|258|168|195|272|187|159|165|183|204|224|209|208|363|183|185|164|152|159|213|114|107|104|112|117|128|121|95|97|96|142|
2011-10-03|3|1_CTs|ct10||76|58|39|34|44|38|30|28|20|32|14|19|9|16|5|13|12|5|14|15|12|14|17|17|19|24|29|34|28|46|66|101|107|126|134|148|147|138|136|163|134|137|148|156|121|140|105|127|112|137|138|133|127|123|141|118|111|127|140|143|149|142|136|144|137|148|149|138|161|155|151|148|146|136|132|153|137|145|115|135|138|116|127|119|93|96|79|79|79|92|82|99|95|110|94|83|
2011-10-03|3|1_CTs|CT11||31|25|16|19|18|17|18|16|12|15|15|10|15|6|11|9|19|11|10|12|7|5|8|15|14|15|27|20|30|35|43|34|50|43|52|70|56|55|44|55|46|54|52|51|52|43|57|60|50|49|47|46|49|57|50|64|52|58|63|57|56|61|56|51|58|65|52|47|50|51|39|60|48|57|57|61|63|51|59|55|53|46|62|46|50|45|38|26|51|48|41|45|39|30|26|35|
2011-10-03|3|1_CTs|CT12||38|36|21|14|22|25|18|15|16|16|10|11|6|9|5|10|5|2|14|9|9|13|11|11|15|16|15|17|14|24|18|31|33|27|27|30|39|37|35|43|56|42|57|53|53|53|37|50|50|43|37|46|39|46|55|44|37|42|42|55|49|43|44|59|48|55|42|52|50|44|48|60|44|39|47|40|42|47|39|50|40|56|37|42|44|41|27|26|32|34|32|37|40|46|40|40|
2011-10-03|3|1_CTs|CT16||29|18|15|19|15|16|15|5|12|6|6|3|6|2|9|6|4|3|3|5|2|5|5|5|3|8|7|10|10|16|19|17|30|34|27|45|41|30|33|35|42|34|37|36|37|34|49|35|31|39|30|33|34|38|28|29|24|37|33|36|39|34|49|39|31|30|57|44|44|53|46|54|50|66|58|51|70|34|37|50|45|36|35|25|22|19|23|29|32|23|21|24|21|30|17|27|
2011-10-03|3|1_CTs|ct17||78|81|58|51|70|33|30|35|19|27|15|17|14|21|15|18|17|12|15|20|22|19|23|24|30|21|50|51|80|97|160|280|331|349|212|337|390|249|199|393|296|301|283|273|246|240|245|252|262|254|261|261|249|283|210|229|222|274|273|294|274|321|274|263|235|301|284|318|360|306|212|198|281|278|253|269|236|204|226|268|258|229|205|191|162|151|135|130|128|126|113|114|118|114|111|83|
2011-10-03|3|1_CTs|ct18||104|88|62|63|70|49|39|40|28|36|18|22|19|19|13|19|18|8|17|18|25|20|25|31|39|30|47|50|59|86|118|168|237|208|213|224|259|216|230|266|218|196|216|197|183|174|182|177|155|179|184|159|184|179|189|158|168|175|214|192|198|202|212|181|173|183|206|190|187|184|178|226|206|194|181|174|201|142|163|181|180|190|163|162|133|143|116|117|116|140|114|130|126|166|131|107|
2011-10-03|3|1_CTs|ct19||0|1|0|2|0|2|0|0|0|0|0|0|0|0|0|0|0|0|0|0|0|0|2|2|2|7|9|4|10|12|12|8|6|8|6|11|7|10|8|8|8|8|6|7|2|9|5|7|5|7|4|8|8|9|9|7|7|6|11|5|3|12|4|8|6|7|4|10|8|5|4|14|9|4|9|8|6|7|7|12|6|5|6|5|6|4|7|3|1|7|2|3|4|0|0|3|
2011-10-03|3|1_CTs|ct20||32|32|32|24|16|17|9|12|19|13|7|2|6|6|7|3|3|9|7|13|9|6|18|15|19|36|47|63|62|114|149|167|183|166|188|187|193|162|153|131|123|155|136|156|174|160|154|124|112|127|109|167|154|151|153|128|148|180|162|155|166|158|161|143|141|146|144|158|156|172|148|151|158|130|133|161|162|148|133|143|118|140|124|122|97|85|76|72|82|75|66|66|47|53|47|51|
2011-10-03|3|1_CTs|ct22||11|5|1|0|0|0|0|3|1|2|0|0|0|1|4|1|1|0|2|1|3|0|0|0|4|2|0|5|6|5|10|14|12|24|16|21|17|24|19|28|15|21|25|21|20|30|31|17|25|5|22|34|35|24|16|18|34|20|18|26|27|29|37|30|32|25|42|29|59|40|46|50|44|60|43|41|42|33|40|28|31|20|20|10|15|13|12|10|10|6|2|7|4|5|5|1|
2011-10-03|3|1_CTs|CT23||74|50|36|42|26|22|31|13|16|13|18|12|15|11|10|14|12|10|11|6|6|10|8|19|13|13|19|30|52|62|133|203|230|251|252|289|244|219|226|196|191|186|185|185|184|182|202|182|185|232|250|251|262|244|210|207|254|237|251|241|265|221|232|262|270|253|301|305|342|341|381|349|380|409|406|408|390|407|411|342|321|315|257|221|211|183|160|139|155|130|136|139|127|118|73|100|
2011-10-03|3|1_CTs|ct24||174|155|118|104|80|62|50|55|40|30|33|26|36|24|24|19|28|33|40|47|45|59|92|131|141|190|302|515|627|948|997|871|925|914|845|834|936|833|870|909|959|861|873|849|830|816|687|664|631|745|834|822|753|767|741|785|766|834|884|905|816|767|760|830|727|800|790|799|782|802|875|921|898|953|933|925|835|783|679|696|626|601|525|490|395|395|375|318|317|330|319|276|238|248|218|195|
