2016-03-29|2|1_CTs|ct1||48|49|39|34|24|20|16|18|11|14|8|11|13|8|11|13|8|17|269|14|15|24|33|34|45|50|301|72|98|599|120|124|151|153|183|415|438|188|180|181|208|699|225|202|447|186|189|197|163|924|448|208|408|170|159|175|197|185|189|187|446|193|452|201|190|456|194|176|413|155|174|664|196|426|397|162|176|425|168|409|390|149|398|136|126|113|355|105|324|83|92|97|79|76|79|57|
2016-03-29|2|1_CTs|ct2||25|26|23|20|16|16|17|10|6|8|8|7|11|11|5|8|10|11|267|7|8|9|17|13|24|22|263|23|28|285|36|193|189|59|52|298|87|74|93|80|92|611|98|81|91|105|96|105|90|576|358|101|70|74|63|349|582|97|97|109|600|98|346|352|107|105|88|75|59|73|90|79|104|94|90|76|87|84|67|70|69|566|329|82|315|571|50|66|45|54|40|47|48|47|30|31|
2016-03-29|2|1_CTs|ct3||68|44|274|44|33|25|24|18|20|14|14|16|16|11|9|14|10|16|15|8|15|23|32|280|294|41|52|61|334|98|95|322|122|145|143|160|152|173|167|174|180|187|195|210|206|208|230|454|216|209|204|226|180|170|165|174|207|173|445|461|213|460|200|205|206|440|196|199|174|172|168|439|206|205|191|174|440|437|209|167|381|158|154|140|111|119|343|117|92|84|92|109|351|98|82|60|
2016-03-29|2|1_CTs|ct4||56|33|36|30|28|9|16|23|14|20|16|10|12|12|4|4|11|3|6|8|7|9|19|18|16|31|21|47|51|44|62|325|86|107|119|124|125|146|135|368|122|109|112|79|135|125|121|123|112|139|371|128|128|113|124|112|139|125|114|127|156|159|127|145|127|384|129|384|126|129|102|132|93|358|616|105|367|101|351|100|93|103|85|105|83|71|64|78|60|73|63|62|69|66|90|104|
2016-03-29|2|1_CTs|ct5||75|64|57|62|299|22|32|35|26|27|26|29|21|18|10|8|24|12|263|16|15|16|27|22|24|531|36|40|56|63|346|109|135|156|156|696|174|214|185|206|451|432|192|433|177|194|497|424|178|731|188|200|441|188|184|464|192|726|735|433|216|503|208|712|462|195|187|196|208|223|220|195|189|455|175|166|197|162|186|195|157|177|145|141|119|373|112|122|105|115|123|339|97|104|139|131|
2016-03-29|2|1_CTs|ct6||83|61|59|39|39|23|30|27|27|27|276|17|20|22|9|9|265|13|10|13|272|19|22|21|29|24|288|299|301|300|63|313|92|95|112|339|116|135|129|131|131|111|139|383|128|151|164|141|148|415|409|170|141|136|136|402|397|171|170|171|433|193|158|174|159|413|169|149|180|169|157|405|158|169|401|133|142|136|915|143|149|147|124|118|93|84|78|103|94|334|106|623|97|103|107|384|
2016-03-29|2|1_CTs|ct17||70|71|50|63|37|40|31|24|26|30|17|21|23|20|12|16|20|22|20|9|17|22|33|54|47|53|48|79|80|611|380|393|153|428|188|204|189|206|224|451|208|268|515|231|260|251|250|236|239|499|265|499|472|222|234|196|233|258|484|237|245|248|483|235|249|761|238|233|233|229|225|244|247|264|495|249|246|501|264|206|192|219|176|174|144|145|112|123|117|121|116|130|103|111|103|334|
2016-03-29|2|1_CTs|CT19||260|23|514|24|17|14|13|4|8|494|6|6|252|7|5|4|7|7|8|6|6|5|14|18|11|15|501|28|33|50|303|326|310|89|103|92|106|95|868|336|857|110|388|120|131|371|116|136|142|623|145|129|339|356|131|101|350|109|95|378|122|370|637|385|135|384|121|382|378|373|146|114|141|372|150|401|152|126|634|361|369|116|470|467|83|54|56|313|47|49|52|59|54|301|74|64|
2016-03-29|2|1_CTs|CT20||45|306|21|28|267|285|15|272|18|16|13|13|6|8|8|7|7|6|10|5|7|7|9|9|10|11|21|285|34|264|47|49|303|576|344|358|87|88|63|98|324|332|342|76|76|81|323|77|79|336|67|80|325|84|62|70|328|181|702|79|309|68|56|329|78|336|84|336|77|105|76|83|77|96|332|76|353|94|78|81|69|81|83|337|73|59|43|50|63|59|310|52|292|52|303|61|
2016-03-29|2|1_CTs|CT21||278|29|14|269|16|16|6|9|8|238|21|2|4|4|0|3|3|2|5|5|3|3|5|5|5|8|11|9|10|268|266|260|39|38|306|319|60|62|303|52|281|48|309|296|314|52|289|294|299|295|50|41|271|39|274|292|50|41|60|563|548|55|296|43|39|66|45|277|51|69|277|303|50|50|54|43|303|46|45|282|36|44|297|55|36|29|22|34|292|283|285|30|26|284|39|37|
