2014-10-24|3|1_CTs|ct1||122|64|47|39|37|29|18|7|10|7|11|5|7|12|6|6|4|7|9|8|11|12|9|15|10|20|36|54|46|84|125|164|206|242|247|215|203|179|177|199|203|204|187|197|161|194|161|167|163|165|164|180|176|175|190|190|168|186|184|210|201|211|187|191|188|188|199|194|203|211|230|206|193|201|211|193|214|187|220|186|139|167|144|205|198|194|104|105|125|105|101|105|76|95|94|94|
2014-10-24|3|1_CTs|ct3||144|102|95|77|43|64|30|32|25|25|16|15|6|32|23|15|40|18|24|18|27|22|30|37|31|42|55|76|79|95|156|197|228|252|240|156|184|151|183|263|289|285|255|242|224|202|236|230|230|253|245|237|247|241|248|218|240|238|258|207|232|251|238|232|227|204|226|190|183|183|224|221|187|185|226|201|216|194|224|216|201|215|246|245|228|245|189|195|178|174|167|162|136|147|153|135|
2014-10-24|3|1_CTs|ct5||150|131|165|115|56|68|48|55|47|38|47|27|33|44|30|25|19|21|15|13|17|12|8|25|15|25|24|38|44|66|94|136|171|217|214|252|230|214|201|188|171|197|186|196|238|211|213|214|239|215|239|233|236|264|221|205|190|237|260|252|245|238|270|289|273|267|286|300|280|313|314|283|309|318|293|297|273|276|260|269|274|290|280|249|181|157|152|154|181|171|150|128|154|159|167|187|
2014-10-24|3|1_CTs|ct6||10|9|7|4|11|4|5|2|5|3|2|3|0|2|1|5|1|5|2|2|3|1|6|2|5|10|11|11|31|31|44|45|69|59|66|70|62|61|54|57|38|48|61|65|42|39|37|67|46|44|37|51|46|52|46|36|58|50|47|49|62|55|60|77|58|56|45|47|56|58|56|52|48|75|54|56|67|68|56|42|34|47|41|47|27|34|26|37|18|29|22|15|31|18|14|25|
2014-10-24|3|1_CTs|ct7||128|133|170|118|92|86|73|69|65|69|57|45|43|44|43|36|43|39|30|27|25|27|23|40|41|35|42|42|48|55|76|114|133|129|122|163|158|162|154|157|159|159|157|197|184|183|187|186|185|193|198|192|199|152|188|168|178|183|203|168|178|97|89|103|78|50|72|58|76|78|62|54|58|59|62|122|215|157|171|172|162|173|151|158|146|142|144|132|133|140|131|141|138|170|177|219|
2014-10-24|3|1_CTs|ct8||64|77|96|60|47|52|59|46|20|29|28|20|33|28|26|17|33|33|14|15|21|18|13|22|19|21|23|29|35|33|35|58|78|53|60|76|86|103|82|104|100|95|76|113|118|97|116|125|114|123|107|130|151|104|110|99|113|105|144|121|127|162|160|170|158|139|134|139|166|136|157|145|145|131|140|143|125|112|103|110|83|103|111|96|98|95|89|96|81|106|92|92|94|105|101|130|
2014-10-24|3|1_CTs|ct9||96|111|110|91|92|92|98|53|51|59|39|41|40|24|44|25|35|33|31|31|24|24|30|44|33|34|40|55|59|77|140|205|220|236|266|249|284|274|261|247|199|194|290|236|257|238|211|212|174|208|196|181|197|189|187|184|166|202|198|188|207|287|217|206|207|231|217|284|225|215|243|244|187|163|225|217|238|265|283|193|173|197|191|154|155|143|114|121|131|119|120|84|142|131|87|119|
2014-10-24|3|1_CTs|ct10||92|90|91|73|87|61|47|54|59|45|57|41|30|25|31|24|31|30|33|22|29|23|16|29|22|30|31|39|44|47|73|113|143|169|176|160|149|149|131|149|123|124|116|111|121|125|127|142|124|138|151|147|123|144|121|111|134|150|149|128|133|151|147|138|154|122|155|160|160|170|154|166|158|159|169|158|156|146|127|141|125|128|148|126|121|125|116|125|95|96|122|111|100|112|106|102|
2014-10-24|3|1_CTs|ct13||880|1034|861|726|1414|1174|1058|1087|2602|2486|4703|4886|5248|5306|4506|3418|2901|2608|1194|3718|2875|2337|2660|1365|502|2099|3625|4095|2618|870|595|571|1718|316|532|106|157|82|18|0|34|247|285|204|250|234|294|250|274|1008|225|446|944|275|360|344|250|314|277|260|213|214|202|222|290|254|262|277|230|218|239|282|251|223|231|224|237|250|247|270|274|282|265|282|554|284|247|263|433|286|270|572|282|325|289|483|
2014-10-24|3|1_CTs|ct14||40|49|39|25|27|27|18|22|7|13|7|8|5|12|6|7|6|8|10|14|9|11|15|17|25|45|74|128|191|275|285|282|271|248|256|279|283|281|254|168|250|254|230|200|185|169|193|194|180|176|204|200|153|168|190|172|182|183|222|206|194|190|210|187|195|217|217|206|194|210|250|247|245|222|209|211|181|215|194|232|215|214|175|130|132|95|107|109|95|79|66|94|72|80|67|89|
2014-10-24|3|1_CTs|CT16||102|121|140|85|79|72|62|62|42|60|31|44|90|50|32|19|28|19|15|21|23|25|60|39|39|40|36|59|62|100|101|172|158|145|178|214|187|182|191|185|159|183|199|156|161|161|170|220|190|156|165|167|192|197|240|212|162|196|249|257|221|216|275|192|210|309|244|284|234|256|273|260|253|311|328|318|260|226|227|325|265|245|171|170|145|137|169|147|162|167|158|118|147|159|142|147|
2014-10-24|3|1_CTs|ct18||116|120|119|101|105|83|58|70|69|55|58|44|38|29|41|32|34|35|35|31|37|32|27|38|35|45|47|60|74|91|131|176|251|273|220|277|230|240|207|208|211|169|192|165|185|174|182|191|149|185|180|190|149|179|168|143|179|187|198|192|189|211|186|180|185|168|207|218|201|181|185|242|198|236|221|201|190|189|185|208|181|195|187|202|172|174|140|157|150|138|136|143|156|125|160|136|
2014-10-24|3|1_CTs|ct19||0|2|0|1|0|0|0|0|0|0|0|0|0|0|0|0|0|0|1|0|0|1|3|1|3|4|9|3|5|7|7|4|4|8|8|6|9|7|6|12|2|8|4|5|6|5|7|5|4|10|5|6|5|4|5|4|7|8|6|5|7|7|6|6|5|9|8|7|6|8|11|8|4|8|4|6|6|8|6|12|4|7|5|5|3|6|4|3|0|0|3|2|0|2|1|2|
2014-10-24|3|1_CTs|ct22||8|6|4|2|1|3|4|1|3|1|1|0|4|0|2|0|4|4|1|2|3|0|4|2|0|2|1|1|4|7|15|9|18|18|19|12|24|17|25|15|20|25|27|25|37|37|31|33|20|21|32|18|22|15|18|12|24|24|20|26|18|23|16|23|35|21|41|35|50|65|56|52|67|69|58|46|42|43|29|18|26|20|22|26|23|18|14|9|9|8|2|5|10|7|11|18|
2014-10-24|3|1_CTs|CT23||237|135|123|74|44|42|35|49|30|17|27|24|42|21|17|10|17|13|17|8|20|19|15|27|16|28|26|50|66|83|178|235|278|337|384|291|347|259|331|323|270|241|265|264|238|239|306|264|299|324|276|386|372|325|335|277|337|316|319|284|351|328|357|322|406|391|428|447|493|515|512|574|544|632|550|566|541|578|517|490|407|408|374|351|311|279|241|206|262|211|212|211|150|184|150|205|
2014-10-24|3|1_CTs|ct24||183|204|164|107|100|77|62|53|46|35|33|34|24|44|36|38|26|35|45|54|47|55|100|107|125|170|347|532|701|979|935|943|902|934|992|896|864|809|817|927|889|941|924|865|785|759|809|757|737|789|853|825|796|776|752|817|806|862|892|877|841|776|792|802|797|850|836|867|772|913|905|951|945|799|765|699|718|734|760|848|838|835|709|710|592|561|485|436|423|343|304|376|358|36|0|0|
