2012-04-11|2|1_CTs|ct1||36|30|26|20|26|13|8|7|5|9|8|3|6|4|1|3|2|8|10|10|16|8|21|23|18|20|27|42|56|77|78|98|111|101|112|105|126|132|138|128|143|123|142|124|141|140|133|139|138|136|121|121|135|112|109|121|127|113|115|149|119|131|129|142|145|126|143|131|68|99|104|109|114|106|120|126|110|95|104|75|112|124|111|93|89|78|82|57|63|61|44|54|58|54|34|46|
2012-04-11|2|1_CTs|ct2||12|13|14|10|3|7|4|10|2|6|3|1|2|6|1|2|4|2|7|0|5|5|12|14|16|15|15|11|21|21|25|28|27|37|37|60|49|48|35|55|62|58|55|57|61|48|49|54|62|51|58|68|60|57|41|46|43|67|52|61|65|52|78|44|61|62|60|46|26|49|52|42|47|50|44|58|49|46|30|39|36|34|36|37|43|35|29|18|16|21|16|21|16|14|16|14|
2012-04-11|2|1_CTs|ct3||64|69|60|58|48|36|24|32|20|32|17|13|21|17|7|10|19|17|18|21|28|22|29|56|46|54|61|58|94|116|112|140|163|153|154|164|176|206|182|198|201|219|217|186|209|223|186|187|220|225|202|182|222|193|165|162|204|196|180|213|210|204|213|219|215|215|218|224|141|166|184|197|174|194|188|209|195|171|169|129|176|172|174|156|158|129|121|103|115|100|92|89|95|107|86|87|
2012-04-11|2|1_CTs|ct4||40|54|38|38|33|20|26|21|11|16|17|9|12|14|12|6|10|8|9|5|7|12|24|14|35|22|27|32|35|47|68|83|96|109|109|148|139|126|142|138|130|140|129|157|116|134|141|129|123|158|140|155|124|133|107|108|105|135|133|132|122|115|127|137|142|132|112|147|107|152|131|106|113|135|122|120|117|103|97|93|121|109|92|105|86|72|66|66|49|63|65|63|55|65|62|77|
2012-04-11|2|1_CTs|ct5||62|72|55|60|54|38|38|23|24|28|27|10|19|18|12|13|22|14|12|10|15|14|30|12|40|20|33|38|41|54|83|115|138|159|164|224|180|179|189|195|177|202|191|228|232|202|219|217|200|224|194|230|208|198|152|195|178|208|207|207|212|181|219|217|243|237|190|237|174|222|215|188|179|184|183|229|189|164|142|167|182|164|150|170|142|136|91|90|88|94|100|99|96|102|94|118|
2012-04-11|2|1_CTs|ct6||46|62|49|37|35|26|24|20|13|14|11|9|11|10|7|13|13|12|15|7|12|12|16|19|18|19|24|23|31|41|48|68|80|80|74|104|111|86|117|103|107|81|107|121|120|122|129|144|127|132|131|152|123|108|92|104|120|144|133|164|153|140|158|133|133|155|134|146|156|144|155|106|127|117|113|131|116|122|98|105|118|112|97|97|71|81|78|74|65|72|74|78|94|78|82|72|
2012-04-11|2|1_CTs|ct17||60|76|57|58|47|39|34|23|16|30|20|9|15|20|4|7|19|14|16|19|20|17|21|32|40|41|36|51|72|94|96|142|154|157|166|185|163|202|180|195|202|198|197|203|177|223|213|199|202|198|197|169|185|168|169|167|185|196|181|195|196|202|196|201|207|203|213|216|171|163|186|188|184|196|203|192|193|174|167|147|180|168|170|142|142|125|125|107|106|101|93|86|77|109|74|95|
2012-04-11|2|1_CTs|CT19||30|39|38|31|22|14|15|11|16|19|15|3|7|12|2|2|9|8|10|5|12|7|7|15|10|16|16|25|47|43|56|71|99|92|99|109|102|111|94|107|114|117|110|126|141|126|135|125|85|165|155|103|120|105|95|93|97|100|109|109|116|108|118|124|140|119|125|117|101|106|137|136|134|147|152|157|128|113|114|95|145|123|96|101|65|79|90|60|70|61|39|45|47|59|44|57|
2012-04-11|2|1_CTs|CT20||35|45|36|44|26|26|32|17|22|13|21|11|17|14|13|8|6|8|7|8|5|8|15|15|16|12|12|25|24|31|50|62|79|86|82|109|104|87|73|74|78|86|73|91|84|79|81|72|64|90|68|78|58|78|53|68|68|65|72|73|88|77|80|80|84|78|69|85|101|80|88|180|87|94|97|95|84|85|74|69|76|81|81|77|81|60|51|60|51|41|44|56|58|57|41|67|
2012-04-11|2|1_CTs|CT21||20|34|21|27|7|8|13|7|6|9|11|3|5|4|8|4|6|2|1|3|3|1|4|8|6|6|5|9|9|13|24|47|51|49|53|68|57|53|40|41|49|53|37|51|56|23|0|27|47|50|30|50|43|42|35|29|36|53|54|46|62|53|46|42|52|55|45|53|61|59|53|51|51|58|64|53|43|54|38|47|40|50|42|51|47|26|21|30|21|23|27|25|26|35|31|47|
