2017-10-27|3|1_CTs|ct1||436|138|109|90|322|70|59|60|303|295|24|32|27|29|22|275|20|24|29|19|25|32|40|303|44|309|340|114|400|174|538|838|381|404|620|381|373|373|357|559|534|292|545|271|286|545|293|290|314|592|314|312|339|302|304|793|599|855|592|316|841|330|331|577|364|552|1082|324|320|336|344|338|606|366|338|752|347|594|861|366|360|592|600|296|282|267|519|242|243|218|494|235|479|401|283|223|
2017-10-27|3|1_CTs|ct3||304|489|430|143|381|376|619|106|74|590|74|69|51|66|51|54|47|306|86|66|67|74|91|87|320|99|245|414|242|483|643|420|1024|544|528|615|395|712|496|339|431|732|769|274|690|424|474|459|465|729|783|793|535|485|493|940|457|494|494|502|1014|468|759|489|495|503|1022|576|647|776|510|859|645|586|527|304|506|500|480|500|502|795|739|472|939|428|647|654|661|362|860|344|332|343|340|349|
2017-10-27|3|1_CTs|ct5||134|118|872|340|317|341|312|50|60|258|23|37|30|18|28|19|23|17|22|12|19|13|24|24|29|23|42|59|75|94|129|185|205|255|272|259|247|274|490|504|489|204|451|207|237|214|220|248|237|516|262|256|274|513|500|197|458|725|763|259|542|282|479|297|322|295|776|327|348|570|335|568|582|273|232|790|292|273|276|802|534|528|487|182|452|669|197|174|161|182|448|161|669|238|188|214|
2017-10-27|3|1_CTs|ct6||41|20|18|13|5|10|4|8|2|6|3|4|3|3|1|1|4|5|5|3|3|0|3|6|8|13|11|23|21|41|310|53|52|72|60|329|81|320|79|72|328|64|48|60|47|54|48|56|49|47|50|59|48|52|46|46|54|51|73|55|42|73|55|59|55|287|46|49|75|786|73|66|57|71|57|51|308|65|319|562|43|40|26|41|267|33|24|20|271|24|27|22|21|33|20|16|
2017-10-27|3|1_CTs|ct7||109|94|84|72|328|51|70|48|58|309|40|32|24|27|26|25|22|28|34|32|26|27|161|132|298|30|48|48|58|74|86|91|104|126|137|403|160|161|154|147|176|157|154|389|158|157|173|912|155|164|177|154|173|148|152|150|152|174|157|169|179|174|88|572|76|83|72|66|10|0|0|8|30|26|46|5|0|0|0|0|0|0|0|0|0|0|0|0|0|0|30|121|380|184|896|130|
2017-10-27|3|1_CTs|ct8||72|51|55|48|49|34|30|36|29|21|23|19|19|17|12|13|13|9|14|12|12|21|22|17|13|18|21|31|21|39|40|57|61|85|88|106|374|370|632|105|128|113|128|862|112|116|371|358|106|115|128|112|146|111|101|129|89|138|116|132|134|136|130|141|133|149|156|135|141|120|150|119|119|111|133|128|92|98|97|106|81|84|86|86|337|92|90|358|82|96|333|87|599|124|92|321|
2017-10-27|3|1_CTs|ct9||147|113|581|628|2560|1775|432|234|719|801|143|94|411|97|47|332|51|37|53|37|38|89|31|325|72|307|67|73|70|121|178|515|1444|1530|421|341|557|564|787|2735|1608|395|343|230|1094|1326|327|408|850|2486|2664|1228|1387|238|1289|1161|1004|246|1994|2312|2098|3012|1583|1239|818|1128|1627|302|386|118|1254|763|856|314|696|2921|764|611|826|1820|2251|426|1163|2026|861|295|584|293|207|788|823|404|407|157|419|203|
2017-10-27|3|1_CTs|ct10||102|88|109|87|77|80|69|52|61|62|49|44|30|27|40|29|29|50|38|27|33|34|42|29|33|29|27|42|60|52|81|115|161|162|186|197|178|152|173|165|151|132|146|147|162|141|149|147|143|149|144|142|151|131|143|122|147|155|172|143|155|147|172|161|146|159|165|155|158|166|160|157|156|170|146|142|134|149|137|140|138|150|159|140|144|132|126|124|118|127|107|124|108|119|94|119|
2017-10-27|3|1_CTs|ct13||206|197|454|190|388|143|154|112|104|614|94|80|66|72|77|54|70|88|340|70|83|70|354|86|88|89|329|112|142|154|469|246|761|245|560|274|221|502|267|216|282|519|508|242|275|522|258|277|748|273|240|497|261|522|496|725|484|272|277|241|506|228|715|291|497|483|276|263|269|1001|186|176|417|122|128|150|201|717|474|517|242|778|264|263|237|285|240|266|280|258|234|250|499|270|479|277|
2017-10-27|3|1_CTs|CT16||138|99|98|85|72|331|316|56|33|60|46|38|24|29|29|32|34|19|35|17|23|24|12|30|20|32|36|42|72|79|129|417|420|415|233|432|206|468|525|446|348|204|180|185|192|176|190|214|200|979|216|205|207|209|688|385|185|444|195|190|201|460|679|248|456|962|226|233|267|230|218|514|274|247|459|749|241|255|206|436|190|216|163|434|166|141|120|159|237|291|122|118|140|340|171|160|
2017-10-27|3|1_CTs|ct18||131|111|121|104|93|91|75|63|72|76|52|50|37|42|46|40|36|50|44|38|43|40|45|44|43|40|46|68|90|110|134|171|241|262|255|269|221|242|253|221|186|201|177|220|201|190|191|202|177|135|194|178|177|180|153|194|198|202|229|190|207|173|197|173|178|196|244|173|197|183|226|195|189|196|185|183|183|189|193|200|199|152|198|193|192|170|152|187|178|168|140|166|153|158|126|164|
2017-10-27|3|1_CTs|ct19||3|0|1|3|1|1|2|0|1|2|0|0|1|0|0|0|0|0|1|0|0|0|3|1|1|7|5|9|6|12|7|9|6|5|5|7|6|9|8|5|7|3|6|2|9|6|5|8|5|8|6|9|10|3|9|3|10|5|3|13|6|7|6|8|10|5|4|15|5|8|6|8|7|5|8|6|8|6|9|5|2|7|7|6|8|5|7|4|3|1|1|1|1|5|2|2|
2017-10-27|3|1_CTs|ct22||26|11|10|6|3|257|4|4|4|5|4|2|2|2|0|2|1|2|4|0|1|0|3|1|1|3|2|8|6|5|9|16|12|16|20|17|18|22|23|20|277|17|24|20|20|32|22|25|28|24|21|24|24|16|18|14|17|30|27|276|33|24|19|27|18|25|43|25|32|33|30|20|23|21|24|275|19|17|12|14|14|17|14|19|17|18|273|8|9|14|6|9|10|4|10|17|
2017-10-27|3|1_CTs|CT23||83|73|58|61|300|37|35|29|33|30|29|23|17|14|12|14|19|15|32|29|31|290|32|268|35|48|323|97|384|427|186|703|204|224|231|467|229|239|229|450|171|199|205|177|202|182|207|171|171|424|158|896|155|157|152|667|163|187|167|200|180|190|458|186|159|172|399|45|62|541|309|42|33|65|107|166|133|151|399|158|172|677|148|137|150|412|360|128|111|136|125|106|124|126|392|121|
2017-10-27|3|1_CTs|ct24||71|66|53|44|27|31|24|23|254|14|3|11|7|9|14|241|9|16|18|18|23|45|297|67|72|906|1273|427|792|581|572|593|798|552|756|816|511|780|803|1328|583|800|799|515|780|739|482|769|476|978|518|1037|524|425|481|456|954|494|1021|1054|1227|461|1268|740|494|759|763|523|452|960|713|751|720|521|470|1267|513|999|763|461|679|432|379|602|291|315|205|443|177|404|157|158|667|173|149|127|
