2013-12-26|3|1_CTs|ct1||68|64|42|38|31|27|13|17|10|9|10|7|5|6|3|3|3|3|5|4|3|5|7|13|11|13|24|27|29|40|70|72|82|102|136|146|130|122|120|133|131|140|129|142|125|112|128|124|137|130|147|168|134|137|145|128|132|162|175|160|160|195|160|175|155|184|175|161|172|198|198|203|189|179|191|194|155|147|138|124|102|135|114|102|105|86|72|68|61|69|59|55|50|48|64|49|
2013-12-26|3|1_CTs|ct3||82|80|59|51|69|47|34|33|30|19|25|14|6|13|8|12|9|11|7|18|18|16|20|32|33|24|41|51|61|59|96|106|123|126|160|209|158|185|167|177|188|206|181|205|210|206|227|196|200|219|197|207|182|224|226|175|211|239|243|233|222|243|231|231|210|220|229|196|209|201|192|199|166|195|197|205|182|168|180|156|180|209|186|193|148|158|148|128|115|137|117|84|80|72|69|98|
2013-12-26|3|1_CTs|ct5||84|64|61|34|34|23|27|25|17|12|14|8|12|14|9|4|6|6|13|12|6|13|13|12|12|10|23|22|35|45|55|91|132|126|138|157|137|146|137|133|130|125|124|153|140|172|177|160|180|189|174|169|194|164|177|138|172|159|183|195|217|200|211|237|255|235|238|277|275|289|291|247|244|289|291|295|269|264|253|193|203|202|154|161|132|126|112|98|125|105|85|96|103|127|119|83|
2013-12-26|3|1_CTs|ct6||9|2|4|5|1|3|2|1|1|2|1|1|0|1|0|1|1|0|2|1|1|4|2|5|4|3|6|11|13|20|23|29|22|20|22|40|26|27|31|29|45|29|34|31|28|37|37|36|44|28|31|48|38|35|41|48|45|49|38|56|55|64|54|42|35|59|62|68|80|76|56|56|69|54|42|38|56|33|37|38|32|26|35|23|23|19|12|24|21|20|14|24|20|17|5|12|
2013-12-26|3|1_CTs|ct7||66|50|45|41|39|27|28|23|25|26|30|16|17|22|19|19|12|14|20|23|22|22|27|30|24|35|34|28|38|36|60|67|85|83|94|89|96|100|112|102|127|121|125|136|140|126|153|147|155|151|137|135|135|121|132|133|133|127|147|166|170|177|178|196|186|175|164|190|182|173|176|147|57|53|73|93|127|140|152|182|147|144|145|127|122|118|122|114|120|109|112|114|112|121|84|102|
2013-12-26|3|1_CTs|ct8||27|17|25|16|15|21|16|20|17|17|10|4|8|8|3|9|5|8|7|10|6|13|15|20|16|23|15|11|20|18|30|25|40|43|52|50|52|57|58|71|76|84|68|75|91|76|98|91|85|91|84|81|79|72|72|75|67|86|80|108|102|96|94|123|102|108|90|117|103|95|98|122|111|133|100|94|120|97|92|99|80|82|83|70|71|71|70|69|52|59|57|71|61|79|43|55|
2013-12-26|3|1_CTs|ct9||80|72|61|53|45|49|62|55|19|37|18|28|19|34|32|16|21|8|24|12|14|27|16|21|33|27|31|73|48|60|63|96|99|112|152|148|148|134|140|131|132|102|129|128|162|146|151|135|134|148|128|128|134|108|120|129|150|131|141|130|146|142|168|175|148|137|165|173|205|182|174|159|175|188|172|162|134|142|120|104|108|112|114|98|105|82|79|80|68|69|90|78|109|85|126|121|
2013-12-26|3|1_CTs|ct10||65|73|61|59|50|50|30|33|31|31|32|30|28|25|29|31|21|32|30|27|36|20|31|37|25|37|37|40|36|51|50|68|64|68|79|94|98|83|86|95|97|101|95|89|104|98|102|105|100|106|97|126|109|116|82|114|110|102|108|121|156|132|114|142|118|137|136|147|125|134|124|142|160|134|139|114|121|109|107|128|109|113|99|96|91|86|73|60|70|67|66|75|81|57|67|86|
2013-12-26|3|1_CTs|ct13||128|127|121|98|86|86|50|62|40|40|56|37|42|42|51|40|32|34|60|46|49|38|56|77|62|79|83|97|127|106|148|151|170|189|193|190|179|185|220|219|290|448|363|269|218|248|257|207|206|247|262|263|298|255|251|222|261|251|233|277|237|243|242|200|262|229|279|221|229|153|158|182|209|144|193|237|243|267|240|214|242|253|254|198|233|226|217|202|239|162|158|174|186|180|168|164|
2013-12-26|3|1_CTs|ct14||70|53|46|39|36|33|15|13|11|6|11|9|8|6|11|7|5|7|5|8|11|11|13|18|15|33|39|81|110|151|184|181|197|208|204|220|230|234|225|239|184|185|194|172|168|141|139|162|133|134|158|166|144|122|122|166|121|163|188|184|173|190|185|161|148|144|126|153|143|177|179|182|205|238|209|167|183|129|146|119|137|109|111|97|81|77|65|67|70|55|67|57|60|62|58|63|
2013-12-26|3|1_CTs|CT16||72|63|64|66|44|32|48|26|22|29|21|28|20|14|67|22|31|31|16|23|116|15|29|35|33|40|39|36|36|56|102|94|76|120|117|101|129|125|115|148|107|131|139|111|128|123|150|100|124|125|122|129|142|127|130|118|113|118|135|115|149|145|149|146|160|136|172|152|191|186|187|154|152|204|198|187|183|137|122|125|110|123|112|75|89|83|94|68|92|62|81|103|92|94|76|83|
2013-12-26|3|1_CTs|ct17||92|54|79|59|57|37|27|28|34|24|25|23|24|23|23|22|26|27|21|24|31|23|27|32|25|46|50|46|36|66|63|89|93|139|132|145|167|156|151|164|176|166|179|159|143|127|149|152|158|152|164|167|143|153|133|175|140|162|186|173|187|174|177|182|190|163|183|219|188|152|200|160|189|179|168|179|163|148|133|131|145|139|137|100|110|78|68|80|73|66|66|59|79|69|75|74|
2013-12-26|3|1_CTs|ct18||98|84|95|69|58|51|34|40|42|43|43|38|36|28|31|32|25|37|38|30|38|22|37|44|36|53|57|52|58|83|89|105|114|124|134|151|165|146|147|150|144|133|149|137|145|146|143|138|136|144|133|158|148|152|108|156|146|159|157|174|189|190|162|161|163|165|189|207|166|139|184|145|176|172|148|161|158|151|138|164|146|138|139|133|134|110|84|86|91|104|84|114|104|89|104|101|
2013-12-26|3|1_CTs|ct19||0|0|2|0|2|0|0|0|0|0|0|0|0|1|0|0|1|0|2|0|0|0|3|2|1|7|5|4|4|5|4|5|6|3|8|4|7|3|4|5|6|5|6|4|5|5|4|4|5|4|4|5|7|3|8|4|3|7|3|6|4|3|4|3|4|8|5|6|4|7|2|5|6|4|6|5|6|6|3|2|5|3|4|5|3|3|3|2|2|3|0|1|1|0|0|1|
2013-12-26|3|1_CTs|ct22||8|4|2|2|1|1|1|0|2|0|1|1|0|1|1|0|0|2|0|1|0|2|0|2|1|1|0|3|3|2|3|2|10|8|13|5|13|12|11|19|17|3|20|15|17|22|25|19|14|20|26|31|19|18|7|21|13|16|19|24|18|18|21|27|25|27|33|33|46|29|37|33|51|33|23|34|30|21|24|15|20|10|15|10|11|6|6|7|4|6|4|4|5|8|6|3|
2013-12-26|3|1_CTs|CT23||118|80|57|48|47|21|23|18|12|9|10|4|15|8|9|7|5|4|7|5|11|5|11|19|13|11|18|19|45|43|73|75|116|118|164|179|143|169|161|166|139|165|177|159|145|161|190|185|210|200|269|266|244|197|239|186|209|245|237|202|226|225|233|267|244|258|300|303|362|387|345|361|394|448|456|385|339|329|293|263|269|223|204|178|195|175|132|137|116|129|96|103|117|100|102|88|
2013-12-26|3|1_CTs|ct24||297|273|226|186|148|128|107|66|56|37|45|33|32|21|32|33|22|30|28|26|59|56|65|114|101|138|193|331|471|550|673|664|683|770|807|843|814|873|795|858|746|739|789|702|729|678|722|716|649|682|787|680|738|648|689|742|665|821|846|910|833|906|820|771|728|731|715|762|705|760|747|821|800|868|848|778|730|616|601|646|554|549|522|465|400|340|324|339|285|274|256|245|244|277|217|230|
