2017-05-15|2|1_CTs|ct1||57|55|55|39|37|23|14|22|14|15|10|8|9|12|13|9|7|10|8|18|268|21|27|35|37|62|327|101|94|127|140|152|136|158|182|178|436|432|168|444|189|196|462|217|435|192|614|121|131|178|193|198|197|184|161|179|433|451|213|446|442|209|192|178|192|170|188|174|155|190|162|433|92|146|415|415|134|170|152|169|173|162|155|632|152|131|233|230|100|97|91|85|84|612|71|64|
2017-05-15|2|1_CTs|ct2||28|18|288|24|24|17|12|14|7|8|5|5|6|6|7|7|5|4|6|10|4|13|14|17|23|20|278|31|30|40|41|48|54|312|60|67|79|327|83|338|98|105|98|110|113|133|369|123|125|105|94|87|90|343|96|350|604|92|109|110|118|130|89|114|102|82|99|82|101|109|86|87|63|75|94|327|61|96|79|84|74|80|79|306|78|64|70|58|54|68|54|48|53|63|55|64|
2017-05-15|2|1_CTs|ct3||37|35|26|286|275|14|11|18|9|9|9|9|10|8|12|6|4|5|4|11|10|16|19|31|19|30|42|55|65|66|92|346|93|106|108|108|113|358|360|110|118|121|129|145|151|122|120|147|149|396|124|117|118|634|107|121|373|131|139|153|140|401|131|373|123|123|125|127|113|378|125|124|64|81|380|94|87|100|356|104|99|107|95|86|96|83|69|62|69|64|63|53|54|66|49|51|
2017-05-15|2|1_CTs|ct4||28|21|21|23|16|10|11|8|12|10|5|8|5|5|3|7|8|3|3|10|6|3|8|9|11|11|16|22|17|24|15|37|56|321|62|52|70|88|70|61|83|44|72|61|74|67|76|90|88|75|77|82|351|324|327|62|62|71|92|72|53|99|80|79|65|66|288|313|16|59|71|55|44|50|292|57|316|314|69|65|60|319|63|319|32|35|159|176|31|42|60|43|53|48|50|43|
2017-05-15|2|1_CTs|ct5||25|23|16|26|19|12|8|15|9|6|1|4|1|4|3|5|2|3|2|2|5|3|4|7|7|11|18|20|20|21|36|53|58|83|97|86|94|101|104|336|77|85|87|97|85|85|93|94|87|95|353|91|94|101|356|90|336|82|100|97|103|117|109|91|349|104|109|91|87|96|99|92|320|96|82|82|72|337|51|78|71|59|66|328|559|38|46|61|41|48|55|50|58|302|54|54|
2017-05-15|2|1_CTs|ct6||74|61|60|56|51|41|37|25|283|16|273|15|17|20|15|16|9|8|269|22|19|13|16|26|28|26|29|42|311|48|317|69|106|115|118|107|144|124|139|644|136|127|128|142|150|161|166|146|173|151|177|425|162|154|172|144|916|167|153|163|151|211|194|445|426|179|185|198|167|178|176|164|103|235|193|429|408|162|167|153|141|389|141|131|140|111|383|372|366|128|372|107|396|119|123|94|
2017-05-15|2|1_CTs|ct17||67|83|49|66|39|36|27|32|15|26|20|15|22|16|18|12|13|13|14|18|23|25|37|34|43|45|51|91|85|90|132|132|414|160|171|447|190|477|212|205|219|231|232|493|238|474|717|246|239|509|222|214|213|228|209|203|482|229|502|239|246|252|499|476|224|196|483|192|199|188|220|472|115|155|438|189|454|190|195|199|125|361|447|150|413|137|410|112|106|113|128|101|114|122|122|102|
2017-05-15|2|1_CTs|CT19||27|34|18|275|19|18|9|9|8|2|5|2|8|2|7|4|1|5|3|7|9|6|10|12|14|15|533|42|37|54|55|70|331|334|94|92|327|87|103|92|98|328|384|359|101|101|112|114|112|118|366|115|97|91|97|80|110|365|362|119|377|120|106|105|110|96|98|93|357|90|88|354|305|36|92|97|107|346|105|101|79|70|111|318|68|64|62|45|45|52|59|27|41|297|47|29|
2017-05-15|2|1_CTs|CT20||299|37|54|33|32|30|28|21|19|26|11|277|10|11|12|7|9|15|5|7|9|13|13|13|11|11|16|36|26|34|46|58|64|97|95|91|90|341|92|84|344|77|64|69|338|74|78|327|72|77|79|77|338|71|304|63|77|79|31|31|300|71|340|328|335|80|90|44|31|274|44|40|24|28|303|310|566|50|42|336|72|78|90|320|322|58|68|56|62|304|51|58|71|60|310|58|
2017-05-15|2|1_CTs|CT21||27|25|28|18|14|14|271|10|5|11|4|251|5|5|3|2|8|6|1|5|1|2|6|4|7|6|9|19|9|15|23|302|41|297|50|56|54|41|59|59|295|46|50|302|44|312|40|292|46|301|304|310|43|44|52|45|35|40|0|0|18|24|39|817|36|39|37|38|16|17|25|16|26|15|289|37|48|52|35|45|42|43|49|38|33|31|35|40|41|35|34|290|51|28|34|31|
