2017-02-27|3|1_CTs|ct1||24|16|14|14|7|6|3|6|3|4|258|2|1|2|2|0|2|2|4|1|4|4|10|11|11|14|280|294|41|59|76|125|390|408|149|375|429|425|134|127|121|134|632|120|385|372|115|125|401|122|363|139|132|120|102|356|387|140|120|134|146|144|404|376|139|409|669|183|461|324|548|298|323|349|339|553|317|1061|300|545|247|508|278|242|444|201|183|182|153|435|133|396|138|134|149|157|
2017-02-27|3|1_CTs|ct3||48|40|37|34|19|9|19|17|11|16|16|10|6|16|17|9|19|17|16|21|25|263|23|30|34|36|545|69|84|117|133|178|589|835|468|215|230|189|945|454|710|460|754|217|453|470|463|465|724|194|474|458|238|196|705|411|449|753|218|249|209|219|233|456|687|186|719|188|445|394|176|156|178|448|431|173|661|424|182|169|171|703|168|639|294|459|627|381|93|107|85|117|102|82|100|98|
2017-02-27|3|1_CTs|ct5||107|1112|62|46|92|64|40|284|261|23|30|17|11|8|14|11|10|8|7|9|12|12|14|12|21|23|36|41|287|324|111|117|434|460|744|242|241|223|473|232|196|197|695|455|199|233|459|215|254|244|478|253|249|214|207|203|201|982|241|238|221|511|766|496|519|262|791|287|527|523|597|312|302|599|312|306|771|539|519|504|480|504|467|186|165|142|154|397|137|107|101|624|450|307|399|131|
2017-02-27|3|1_CTs|ct6||5|259|5|1|1|1|2|0|4|0|1|1|1|2|0|1|1|1|1|1|1|1|6|1|3|4|9|17|23|27|39|40|266|307|48|57|313|51|51|57|41|35|53|44|33|42|42|45|34|40|41|45|238|120|54|45|35|34|64|47|49|38|63|42|300|41|47|39|43|50|42|55|55|66|57|58|52|37|43|40|43|42|25|37|31|30|20|18|22|18|22|13|11|19|11|9|
2017-02-27|3|1_CTs|ct7||77|95|74|77|330|70|297|36|36|34|27|17|20|20|24|15|22|16|24|18|18|20|35|35|24|28|42|43|299|283|72|82|110|365|120|140|405|139|148|381|142|134|138|389|128|173|157|170|177|158|388|137|141|396|150|136|136|182|177|168|177|171|191|693|666|193|435|894|79|74|12|0|27|105|338|16|12|159|155|116|383|377|134|134|140|366|98|102|600|104|104|99|357|92|92|96|
2017-02-27|3|1_CTs|ct8||296|40|36|44|40|26|285|15|19|24|14|9|10|6|8|8|7|11|17|9|7|6|15|19|9|10|24|265|36|39|40|63|53|322|86|80|351|80|92|602|346|106|341|331|82|122|115|376|113|120|592|89|95|104|100|96|94|103|121|97|124|117|124|120|121|121|138|616|126|153|389|122|379|386|383|137|375|107|361|92|337|332|83|85|82|78|324|69|311|70|56|67|64|64|59|54|
2017-02-27|3|1_CTs|ct9||217|94|117|48|334|47|304|29|30|43|16|20|16|16|30|20|279|21|16|23|21|25|20|42|38|47|298|67|1469|2527|316|654|1661|1054|344|1260|3424|2170|2761|3165|2837|3510|3285|3267|2117|3057|1318|2178|2798|1987|3652|469|680|2425|1544|2549|3445|3255|2819|2755|2239|1237|559|526|624|1518|664|719|836|1099|906|744|243|271|893|463|448|302|333|426|323|1118|1219|2341|667|500|1107|404|609|357|96|361|127|129|143|460|
2017-02-27|3|1_CTs|ct10||43|54|43|42|29|40|29|19|23|26|20|24|11|15|18|11|15|13|17|16|19|17|27|27|15|16|18|26|34|39|64|95|84|84|115|130|124|123|131|118|109|130|126|123|121|115|111|120|124|118|134|133|104|96|113|86|114|112|148|133|136|122|129|142|140|130|128|134|139|138|132|132|172|143|136|156|128|127|123|136|126|135|110|120|111|90|93|87|87|80|79|101|76|69|86|97|
2017-02-27|3|1_CTs|ct13||142|406|106|377|430|84|80|69|60|68|306|46|28|38|34|322|34|38|42|58|52|48|44|71|52|99|92|131|85|380|160|190|208|212|504|701|469|218|253|471|234|727|467|248|510|521|263|243|290|526|254|234|243|252|463|505|468|499|774|516|221|158|274|281|273|271|506|277|282|254|239|287|280|522|485|518|256|464|262|233|312|269|278|487|514|220|210|713|430|205|166|452|456|196|494|218|
2017-02-27|3|1_CTs|CT16||78|48|40|53|41|44|29|21|24|21|12|22|9|10|15|13|280|18|21|20|4|15|17|34|29|31|268|43|56|94|95|112|388|398|155|158|171|152|433|169|137|172|156|421|173|168|418|166|179|163|410|186|155|144|383|385|361|432|148|401|142|176|142|430|657|184|931|177|167|174|188|179|215|483|230|236|464|170|160|152|144|155|141|108|315|170|85|88|102|88|108|343|86|112|121|88|
2017-02-27|3|1_CTs|ct22||3|1|6|1|4|1|0|1|1|1|2|1|1|0|0|2|2|0|1|1|4|0|0|2|3|4|1|5|3|4|7|11|16|15|17|11|17|22|22|27|17|17|23|23|30|31|16|11|13|29|20|29|28|21|14|21|14|26|27|16|30|19|3|15|19|25|292|18|37|32|295|30|39|36|38|26|21|21|19|13|273|18|13|13|4|262|5|5|6|2|3|11|14|6|1|5|
2017-02-27|3|1_CTs|CT23||107|371|231|374|77|859|796|1283|51|64|46|833|808|952|1409|1686|2253|1184|306|39|35|99|389|573|5259|4403|5486|6427|1436|717|724|1256|2480|4442|5188|2855|458|413|392|363|484|1409|1485|1361|1662|518|462|649|141|404|137|156|167|140|161|407|432|1058|548|548|764|978|1589|1098|775|866|1290|833|1002|1680|1737|817|1356|2019|2002|1711|1072|884|1047|1489|1907|2639|736|548|639|441|145|118|321|88|73|1091|1330|433|352|2269|
2017-02-27|3|1_CTs|ct24||316|64|286|26|17|16|15|16|7|9|8|13|7|6|8|20|10|5|16|17|14|29|301|298|302|115|195|572|1115|1053|597|560|777|554|745|517|814|509|739|547|1985|479|1469|452|464|656|653|381|617|398|348|373|534|429|358|578|1140|686|505|665|411|916|677|652|583|898|652|403|614|878|412|436|428|705|703|1159|392|371|348|609|294|566|777|247|420|178|177|422|853|155|134|618|120|636|88|94|
