2016-12-10|6|1_CTs|CT1||5|1|2|4|1|0|0|2|0|8|11|7|8|3|4|1|2|0|0|0|1|0|0|1|1|2|2|1|3|0|0|1|1|2|2|6|2|5|6|13|116|45|7|2|5|8|264|6|7|11|6|1|6|4|7|0|5|6|4|6|10|2|5|5|5|3|4|6|5|264|4|7|2|248|0|7|4|5|3|6|4|8|1|2|1|2|4|5|2|3|2|2|4|4|1|1|
2016-12-10|6|1_CTs|CT3||11|22|11|13|10|4|10|6|5|7|3|4|4|3|4|2|7|5|7|11|13|8|14|13|14|482|21|20|28|26|24|88|200|33|227|34|252|28|26|26|37|25|32|30|31|31|32|24|39|39|25|37|37|33|25|36|39|35|38|38|35|36|36|242|37|31|18|28|34|35|232|29|26|27|24|26|36|28|27|30|20|27|23|20|31|19|258|13|7|14|12|10|11|15|14|21|
2016-12-10|6|1_CTs|CT4||9|9|6|13|13|9|8|5|5|4|4|4|6|5|3|2|2|1|2|3|1|2|0|1|2|1|3|3|5|6|2|13|5|6|14|10|270|18|15|23|18|16|6|261|12|11|14|27|0|19|11|29|44|22|30|18|16|28|23|22|14|13|23|20|28|12|16|12|16|31|28|28|16|15|30|17|279|17|27|21|268|27|17|16|14|9|9|11|11|8|10|9|5|9|11|15|
2016-12-10|6|1_CTs|CT5||21|22|24|23|20|18|10|14|16|6|9|9|12|18|24|250|11|12|12|7|8|7|13|14|9|14|11|14|14|14|22|25|22|28|22|39|270|32|32|45|20|36|39|51|46|53|286|54|53|309|47|73|56|54|58|553|66|50|53|60|63|10|29|100|265|70|74|51|64|54|57|296|321|65|59|299|312|61|59|53|56|307|55|45|34|23|37|40|34|30|30|30|27|29|24|29|
2016-12-10|6|1_CTs|CT6||30|48|33|27|32|22|22|15|19|7|7|11|5|10|10|221|5|12|16|6|13|10|8|18|15|14|24|26|229|29|22|39|28|36|47|295|75|93|80|70|303|340|342|107|112|120|104|111|122|130|117|374|135|122|340|108|107|97|93|89|110|108|105|136|138|104|98|101|310|116|121|110|104|80|109|105|273|102|369|86|313|98|84|85|72|64|48|35|47|49|302|34|47|34|22|37|
2016-12-10|6|1_CTs|CT7||12|8|8|2|10|2|5|4|4|2|3|3|4|3|1|3|2|2|2|6|3|0|2|3|2|4|3|6|11|10|6|11|11|17|16|22|14|17|15|21|17|23|23|283|23|25|20|27|29|28|20|24|24|16|11|18|12|21|25|19|25|21|13|27|25|24|17|21|18|19|12|21|21|274|14|18|21|19|16|22|19|22|17|18|16|17|14|7|12|15|8|9|10|11|9|6|
2016-12-10|6|1_CTs|CT10||50|286|40|50|41|18|22|14|14|25|27|12|18|11|9|16|9|9|13|7|7|13|13|20|19|21|21|28|28|36|40|47|52|49|57|59|563|68|101|390|117|116|128|110|122|124|117|148|141|145|369|194|192|135|120|394|131|87|374|103|108|121|148|135|131|119|130|397|423|417|123|133|128|361|115|117|126|118|132|124|126|100|589|75|64|50|67|54|50|49|45|48|42|49|40|54|
2016-12-10|6|1_CTs|CT11||54|53|293|40|40|24|23|16|17|15|17|11|8|4|6|13|5|8|8|11|18|10|14|27|266|43|39|42|47|327|79|90|81|110|384|143|159|156|185|454|62|346|648|171|175|151|418|167|175|149|176|175|679|167|176|691|154|153|138|164|174|148|170|159|163|160|431|147|131|154|148|428|130|401|128|137|133|136|152|158|132|151|122|103|333|331|63|310|69|65|74|47|55|63|59|60|
2016-12-10|6|1_CTs|CT12||54|84|54|48|47|27|26|27|23|30|27|18|18|15|9|13|16|14|20|10|11|14|18|24|24|288|27|28|35|49|59|215|171|321|334|107|357|118|133|175|157|405|164|161|159|166|163|180|158|191|180|217|215|191|165|143|433|128|149|146|135|157|176|423|165|396|421|173|425|196|155|413|398|406|133|162|168|409|180|182|383|382|109|93|352|78|68|66|71|68|68|66|50|71|55|54|
2016-12-10|6|1_CTs|CT14||0|0|0|0|0|0|0|0|0|0|0|0|0|0|0|0|0|0|0|0|0|0|0|0|0|0|0|0|0|0|0|0|0|0|0|0|0|0|0|0|0|0|0|0|0|0|0|0|0|0|0|0|0|0|0|0|0|0|0|0|0|0|0|0|0|0|0|0|0|0|0|0|0|0|0|0|0|0|0|0|0|0|0|0|0|0|0|0|0|1|0|0|0|0|0|0|
2016-12-10|6|1_CTs|CT15||157|121|106|61|37|21|19|18|19|12|8|10|12|14|16|16|12|208|14|16|16|18|18|20|265|44|39|48|49|56|49|51|59|66|71|86|81|92|104|115|123|108|316|94|107|81|70|89|98|108|94|91|95|79|338|93|72|92|329|81|75|308|70|108|91|350|75|74|71|596|81|87|355|88|82|311|105|95|271|88|340|78|89|71|67|308|54|53|45|44|45|40|45|42|47|36|
2016-12-10|6|1_CTs|CT16||65|50|308|52|60|26|28|20|21|25|27|17|20|9|11|17|9|10|15|19|20|9|14|22|12|25|30|42|52|51|53|82|79|102|114|375|142|132|148|182|416|155|187|418|187|175|186|179|443|214|200|457|215|185|172|466|417|158|154|171|179|180|186|227|355|642|432|173|156|186|418|196|170|177|169|174|161|163|381|166|171|399|657|131|107|86|82|78|321|76|73|321|75|55|75|66|
2016-12-10|6|1_CTs|CT17||89|148|101|90|88|52|60|41|287|36|49|28|31|28|28|19|17|18|27|13|17|12|25|8|22|17|15|14|30|38|293|58|74|58|361|133|116|123|130|152|171|192|655|173|485|190|259|227|227|251|252|244|255|292|234|448|219|204|245|194|234|214|247|471|195|231|192|252|252|481|249|248|208|206|206|241|233|207|215|205|421|417|153|132|130|127|110|91|100|119|339|103|77|108|85|107|
2016-12-10|6|1_CTs|CT18||94|355|74|75|66|55|59|55|35|24|45|39|33|34|28|27|24|31|25|18|28|25|20|26|25|43|291|53|61|51|74|88|92|366|125|130|139|153|174|197|213|168|715|216|208|244|466|225|253|244|245|256|254|228|205|961|462|213|452|199|216|270|236|296|472|241|248|223|220|221|230|502|512|219|226|498|215|472|212|219|213|193|200|184|159|124|140|132|119|121|622|104|117|113|111|113|
2016-12-10|6|1_CTs|CT19||57|81|62|50|41|36|32|31|19|29|17|25|14|21|20|12|14|14|14|9|11|10|14|11|11|11|8|13|22|29|30|30|49|35|49|74|72|75|65|102|103|111|117|120|397|370|144|163|166|180|167|168|379|165|157|418|391|113|127|135|131|126|148|140|157|135|388|151|663|159|153|143|166|150|154|151|157|176|398|154|369|383|622|117|89|326|335|81|62|62|59|72|55|70|57|56|
2016-12-10|6|1_CTs|CT20||42|59|32|18|247|16|23|10|15|9|14|12|11|8|11|9|5|8|8|3|6|7|14|14|11|10|16|14|286|21|284|29|298|37|49|316|83|98|72|68|67|342|97|93|362|118|118|70|88|376|376|137|117|119|382|42|371|123|84|114|109|365|35|100|133|623|98|59|277|115|123|88|97|44|112|34|111|13|69|50|43|86|331|86|92|66|13|319|25|42|51|38|41|45|46|43|
2016-12-10|6|1_CTs|CT21||115|353|69|55|43|44|39|40|35|30|17|28|22|22|23|20|20|25|26|30|36|40|266|43|67|291|82|63|88|98|116|139|99|394|156|427|424|191|203|199|197|380|173|200|218|187|201|184|213|205|441|230|212|251|210|218|207|205|449|250|475|222|447|467|249|261|249|249|230|232|226|479|244|202|227|214|429|187|203|230|190|183|166|143|140|143|134|119|120|368|343|818|91|104|339|98|
2016-12-10|6|1_CTs|CT22||0|0|0|0|0|0|0|0|0|0|0|0|0|0|0|0|0|0|0|0|0|0|0|0|0|0|0|0|0|0|0|0|0|0|0|0|0|0|0|0|0|0|0|0|0|0|0|0|0|0|0|0|0|0|0|0|0|0|0|0|0|0|0|0|0|0|0|0|2|0|0|0|0|0|0|0|0|0|0|0|0|0|0|0|0|0|0|0|0|0|0|0|0|0|0|0|
2016-12-10|6|1_CTs|CT23||138|398|443|132|63|55|308|48|50|232|35|286|30|28|24|33|25|287|29|24|18|13|27|34|40|270|46|54|67|56|89|316|103|110|142|135|119|162|189|429|183|360|401|419|199|154|185|162|175|178|187|413|441|192|178|167|172|203|183|192|203|422|190|213|191|222|213|207|222|468|206|226|433|205|198|190|229|210|177|183|405|187|153|148|377|372|130|126|327|102|97|115|102|108|376|180|
