2014-12-17|3|1_CTs|ct1||77|64|39|46|25|16|274|13|11|14|10|11|6|7|11|8|10|11|12|7|8|8|9|12|16|20|300|47|77|114|675|196|490|234|503|487|459|218|223|225|706|228|468|461|185|462|197|214|205|206|218|218|230|196|219|732|188|209|475|147|176|220|204|216|222|195|469|208|484|226|457|471|179|196|227|197|453|204|707|459|714|448|462|195|198|948|132|123|109|359|96|596|81|96|350|95|
2014-12-17|3|1_CTs|ct3||97|859|321|66|306|69|35|30|276|23|26|59|57|33|11|16|274|17|39|25|19|21|26|28|34|57|81|83|362|181|235|237|287|774|505|265|265|249|507|253|514|466|220|485|240|235|228|506|239|267|199|250|256|480|503|868|381|248|494|192|255|232|211|244|204|220|225|493|469|958|202|185|226|470|196|441|462|211|193|751|450|234|497|496|420|392|719|394|418|133|120|145|379|130|392|144|
2014-12-17|3|1_CTs|ct5||409|129|117|107|554|54|39|285|33|277|13|21|25|13|22|27|25|272|11|14|19|11|23|15|14|20|28|290|63|72|107|154|668|219|222|499|227|235|228|442|416|429|205|213|441|214|190|451|450|247|473|252|245|495|253|228|217|455|495|493|492|474|212|245|241|283|235|232|507|264|802|1061|447|593|230|542|268|255|518|552|781|563|545|523|506|466|465|406|461|197|186|181|441|468|206|250|
2014-12-17|3|1_CTs|ct6||15|17|20|12|6|5|3|2|3|1|3|1|2|1|2|1|1|1|4|2|2|1|259|2|2|10|6|15|24|38|47|320|57|297|92|865|65|84|85|68|319|71|58|64|82|548|115|73|85|50|72|71|74|79|328|321|82|83|65|358|98|92|75|100|337|69|70|79|84|85|333|332|63|68|53|79|312|29|17|270|1|7|61|46|67|33|21|26|26|288|28|24|30|22|16|21|
2014-12-17|3|1_CTs|ct7||130|130|101|99|78|61|54|57|45|297|35|29|28|29|29|36|31|18|22|279|31|24|28|31|32|38|54|53|334|322|106|139|136|168|430|706|172|448|455|201|439|213|471|216|180|241|218|232|250|149|194|120|75|69|379|191|219|480|465|122|0|7|59|327|59|321|563|43|50|303|312|296|41|52|32|31|43|59|59|74|87|81|104|75|146|175|176|149|408|143|171|662|171|192|193|207|
2014-12-17|3|1_CTs|ct8||325|72|57|57|46|29|24|34|19|273|21|14|11|12|10|15|14|7|9|15|25|9|19|18|19|14|38|28|289|34|61|329|83|94|365|381|132|121|118|127|119|152|410|396|137|437|147|175|180|418|165|307|291|408|416|136|148|408|126|151|399|140|138|131|140|396|138|135|126|125|879|848|390|612|130|127|124|128|135|139|652|373|141|156|388|99|100|92|326|95|104|601|88|99|105|136|
2014-12-17|3|1_CTs|ct9||623|99|342|92|358|74|61|322|38|42|31|34|23|291|32|15|22|25|23|38|29|19|36|283|29|37|38|54|72|331|268|241|226|247|246|257|275|270|284|1530|793|289|358|234|212|480|271|206|242|198|225|216|220|207|197|191|237|220|476|984|207|173|182|192|191|137|339|75|62|136|143|69|99|64|343|80|104|103|150|432|392|394|193|245|148|378|890|368|104|358|177|167|148|411|130|172|
2014-12-17|3|1_CTs|ct10||103|105|81|78|70|62|45|39|54|45|48|31|36|29|22|21|40|38|21|28|20|21|28|29|22|22|28|41|37|66|77|117|128|156|166|162|186|191|131|143|147|139|144|126|107|142|126|137|149|167|126|152|149|145|151|159|146|149|165|152|153|145|154|139|180|142|142|142|152|158|147|139|118|67|115|73|103|56|58|55|71|66|77|146|119|136|99|109|107|86|115|105|103|117|134|109|
2014-12-17|3|1_CTs|ct13||497|341|213|432|206|131|111|364|346|352|117|89|92|142|575|153|143|82|352|436|217|452|187|65|189|118|129|1205|182|700|230|251|501|245|344|508|437|183|226|423|110|91|193|188|260|283|1021|334|549|244|199|216|249|202|253|457|187|215|187|498|680|625|185|271|579|178|178|164|476|192|189|162|362|394|498|144|424|189|220|208|555|287|297|331|574|874|782|1014|653|293|334|1501|536|1173|506|345|
2014-12-17|3|1_CTs|ct14||320|291|46|29|14|17|24|256|14|8|9|6|6|7|7|5|12|7|4|6|10|11|12|278|24|47|65|155|747|557|557|271|285|532|754|782|256|246|518|253|542|502|246|247|484|207|197|196|198|505|467|226|449|208|410|213|461|213|465|468|148|190|183|216|453|203|213|215|215|163|156|375|125|114|890|654|153|151|445|237|720|237|676|144|373|118|104|89|101|64|91|330|72|75|73|80|
2014-12-17|3|1_CTs|CT16||603|105|101|60|77|41|49|543|42|46|30|40|19|20|37|20|14|19|31|9|304|18|16|23|23|42|27|41|48|63|359|119|149|176|700|197|170|179|198|191|415|183|217|189|449|445|193|189|480|477|254|219|221|218|424|395|179|172|438|442|170|210|213|182|447|192|223|256|208|496|282|248|227|229|136|137|529|251|271|518|497|220|267|226|150|112|99|104|357|110|104|108|119|109|132|376|
2014-12-17|3|1_CTs|ct18||117|141|95|83|88|70|65|53|62|49|52|41|45|35|26|31|46|47|33|34|31|25|36|40|32|35|49|59|74|116|146|168|236|252|279|217|250|257|250|251|207|230|215|197|184|217|187|202|198|188|211|188|206|199|195|197|193|195|244|202|206|239|237|168|181|192|189|179|166|179|159|221|182|120|156|134|148|72|117|49|68|145|105|194|163|158|131|147|134|117|140|121|158|140|161|129|
2014-12-17|3|1_CTs|ct19||1|3|0|2|1|2|1|0|2|0|1|1|0|0|1|1|0|0|0|1|0|0|3|2|2|5|7|8|8|5|9|7|4|8|4|10|9|12|7|4|6|9|8|5|5|4|5|3|7|7|3|2|10|5|5|7|6|5|4|7|6|10|5|13|6|11|6|3|7|7|13|3|11|9|10|8|9|3|5|7|11|6|12|6|5|5|5|5|0|5|1|3|0|5|1|2|
2014-12-17|3|1_CTs|ct22||8|10|5|2|1|3|2|3|1|0|0|1|4|3|2|0|2|4|0|0|1|1|0|2|0|2|0|4|2|4|13|15|20|15|20|22|29|23|20|39|32|30|31|22|31|22|21|26|286|30|27|40|38|28|29|28|24|27|282|36|30|26|37|31|33|48|326|85|319|62|564|62|61|62|45|48|65|69|64|69|65|53|33|286|17|15|12|12|10|5|10|7|271|15|11|14|
2014-12-17|3|1_CTs|CT23||501|789|244|229|834|597|544|834|975|686|1320|2118|2549|2525|2405|2263|2145|2515|1933|1638|1497|1239|1164|674|772|1105|1098|1128|1247|1178|1121|1176|1212|1303|1077|1280|837|755|648|743|892|401|763|535|489|664|834|1123|1481|1779|964|630|886|676|4156|2191|450|630|584|544|474|649|404|518|1155|1077|786|411|555|373|870|774|932|479|464|859|789|584|1008|518|1194|768|417|1050|966|893|612|531|1665|4485|4398|5021|3009|1287|378|602|
2014-12-17|3|1_CTs|ct24||444|706|399|359|75|83|72|558|45|41|284|36|37|36|29|26|289|289|43|37|56|59|326|119|614|191|330|1108|1282|1004|1015|1041|1431|1121|931|1422|910|818|783|1161|1490|1208|906|955|1213|875|872|854|1119|923|897|906|908|1062|1067|1057|1103|903|1167|1156|912|1673|1171|873|839|1132|855|1159|1087|1379|903|1211|934|1187|1186|1405|1156|1373|1090|1112|1095|1106|690|614|764|1402|639|881|830|838|593|542|325|349|825|537|
