2011-09-12|2|1_CTs|ct1||52|32|16|21|12|12|15|10|10|9|9|9|9|3|9|9|6|6|6|10|14|10|17|22|16|23|26|49|43|55|77|92|111|97|101|119|124|115|142|108|135|130|133|119|136|126|111|143|139|129|109|127|110|121|132|107|125|106|127|142|116|140|128|117|123|120|100|113|137|109|117|115|102|102|108|96|118|110|121|122|104|101|125|99|81|94|79|75|67|68|76|71|49|45|47|42|
2011-09-12|2|1_CTs|ct2||20|16|11|8|9|6|9|1|5|2|3|3|3|2|2|2|4|3|3|0|6|7|9|16|13|13|21|20|21|23|23|30|33|35|37|45|52|56|54|56|58|73|47|64|73|67|66|71|81|66|64|64|69|72|67|58|59|59|54|82|67|82|46|66|46|58|66|69|72|47|54|61|68|49|57|51|72|60|81|87|65|73|68|49|40|47|25|28|28|32|38|31|22|23|29|17|
2011-09-12|2|1_CTs|ct3||85|74|54|46|38|30|37|22|26|27|26|24|23|5|17|19|22|15|16|11|23|35|34|46|43|52|63|73|65|86|114|127|148|151|144|161|174|181|210|173|199|232|208|200|250|217|220|242|252|220|184|191|183|208|197|170|181|179|198|207|206|218|183|203|188|214|195|184|223|185|200|215|200|165|192|183|193|196|197|224|451|209|198|180|128|158|124|119|97|121|123|123|88|89|96|108|
2011-09-12|2|1_CTs|ct4||32|52|35|20|29|29|19|16|15|11|12|5|6|7|13|8|1|7|6|3|13|16|22|24|32|32|26|36|43|57|53|81|94|116|159|144|152|131|133|110|141|129|140|133|138|136|129|126|121|140|145|122|158|117|88|116|117|128|140|133|136|145|140|118|131|151|144|142|114|130|117|108|126|113|112|112|111|95|119|108|120|104|96|89|72|74|86|50|66|79|75|79|82|83|70|68|
2011-09-12|2|1_CTs|ct5||68|78|68|45|45|33|25|21|25|20|16|13|13|16|11|13|5|15|7|6|13|25|23|26|34|28|27|59|44|57|80|95|125|151|194|217|221|174|210|187|179|168|206|187|183|190|185|202|203|239|228|186|206|186|186|194|185|197|210|187|230|211|225|202|211|212|223|223|206|210|193|187|188|175|213|183|185|176|188|180|182|163|137|131|110|128|110|83|102|113|116|107|132|123|106|94|
2011-09-12|2|1_CTs|ct6||54|63|42|36|29|26|25|14|21|16|15|7|5|15|10|10|7|11|8|5|11|13|19|29|14|27|28|38|39|43|45|49|66|87|106|100|98|113|126|105|108|105|110|113|140|115|112|121|105|142|145|126|115|109|110|131|126|132|136|140|159|136|128|159|145|153|145|149|154|148|127|117|137|106|122|121|127|118|126|106|113|106|88|87|82|73|94|64|72|92|99|99|105|104|85|82|
2011-09-12|2|1_CTs|ct17||0|0|0|0|0|0|0|0|0|0|0|0|0|0|0|0|0|0|0|0|0|0|0|0|0|0|0|0|0|0|0|0|0|0|101|172|154|178|194|161|179|210|169|187|190|187|207|189|210|202|174|171|167|172|185|152|185|177|189|195|177|198|161|191|186|178|184|157|205|198|174|192|196|160|169|188|177|209|172|214|180|189|175|170|132|138|117|114|98|99|101|116|95|93|84|103|
2011-09-12|2|1_CTs|CT19||36|30|20|21|11|11|12|13|10|10|4|9|4|5|5|6|9|4|2|8|9|10|17|11|10|15|27|24|36|39|40|67|82|65|92|86|94|85|78|89|114|107|111|98|114|102|126|123|106|117|118|100|102|106|95|107|111|96|99|112|104|113|105|122|127|128|110|100|122|133|119|128|110|125|99|117|124|123|122|126|108|101|117|95|82|84|62|66|48|52|62|52|48|57|41|62|
2011-09-12|2|1_CTs|CT20||34|39|22|28|22|34|15|14|20|13|11|16|10|7|10|8|4|11|10|11|3|7|7|10|13|8|15|23|22|23|33|51|62|81|74|97|91|93|89|91|76|90|87|68|67|69|50|76|65|84|80|77|63|56|65|63|70|79|75|76|75|78|71|76|73|91|90|99|84|75|69|75|71|85|86|83|79|74|102|83|78|78|67|66|63|59|50|51|54|49|52|51|44|63|50|38|
2011-09-12|2|1_CTs|CT21||16|22|13|19|11|25|8|5|5|6|5|9|5|5|2|4|4|8|3|6|1|5|1|4|8|5|11|9|14|13|21|33|39|52|48|58|50|55|48|51|44|44|58|49|49|40|40|42|53|59|50|46|32|40|33|41|43|35|46|41|50|42|42|47|40|50|55|49|48|40|51|34|60|47|53|38|49|40|51|43|51|52|40|48|33|39|33|27|19|28|33|23|26|33|23|20|
