2012-03-09|22|1_CTs|CT1||12|21|9|13|6|7|4|5|5|6|2|3|4|5|3|6|3|8|6|6|10|13|10|25|19|21|33|31|46|68|95|122|176|194|201|219|180|165|141|107|92|85|81|77|61|74|74|69|71|79|79|96|76|80|61|81|81|87|97|106|68|66|75|58|74|88|106|114|106|92|122|154|169|183|179|159|108|84|100|105|87|75|53|65|46|44|34|36|33|34|21|32|23|17|25|22|
2012-03-09|22|1_CTs|CT2||15|19|11|8|3|2|1|4|1|3|1|1|3|3|1|2|3|5|3|2|7|7|5|11|18|17|22|24|29|36|42|55|47|62|78|83|80|49|63|48|39|47|35|43|36|48|40|51|107|259|192|147|226|279|260|137|168|287|158|138|172|179|190|180|147|609|211|1277|1320|853|756|654|419|392|440|426|307|228|193|216|176|138|122|117|101|87|80|76|82|85|65|60|58|53|65|56|
2012-03-09|22|1_CTs|CT3||62|53|49|38|27|18|18|16|11|15|13|5|11|8|10|9|8|8|15|11|16|26|16|33|44|50|58|72|86|143|199|262|296|353|366|371|390|330|304|274|236|224|184|237|185|230|191|225|203|195|177|217|198|208|201|217|217|220|214|259|223|217|247|223|222|240|266|282|256|264|310|365|358|360|346|390|280|279|261|282|235|186|156|151|138|128|129|107|119|101|86|83|96|94|79|70|
2012-03-09|22|1_CTs|CT4||27|35|31|20|19|12|15|16|12|15|11|12|2|5|10|5|7|15|13|10|9|13|10|23|30|37|41|40|52|71|120|145|183|162|193|208|228|188|209|227|179|160|151|70|144|161|138|126|153|148|151|168|142|160|149|122|167|129|137|170|179|169|161|181|202|185|209|183|218|238|212|221|249|275|248|253|217|221|206|178|177|172|157|126|115|100|92|84|57|91|74|60|65|38|41|62|
2012-03-09|22|1_CTs|CT5||36|40|27|24|18|18|16|12|16|13|11|13|6|6|9|6|5|15|13|10|9|18|13|27|29|40|45|58|72|80|133|163|255|304|275|283|284|265|231|231|201|198|168|169|176|148|163|158|189|155|193|164|167|213|189|163|183|178|196|206|204|190|212|208|219|256|225|253|283|321|336|295|315|302|329|334|304|279|227|212|214|208|159|150|126|110|106|94|72|94|70|61|62|43|46|68|
2012-03-09|22|1_CTs|CT6||19|17|24|16|18|12|12|8|11|12|12|11|5|4|2|6|5|6|9|10|4|16|11|14|19|20|25|25|29|33|56|69|95|101|86|104|107|112|112|94|103|86|101|88|116|105|103|104|104|113|121|116|105|97|105|101|117|104|120|133|120|112|146|138|143|151|149|139|166|168|178|185|162|203|203|201|170|170|156|119|115|112|101|87|73|63|66|63|57|55|69|65|59|31|38|26|
2012-03-09|22|1_CTs|CT7||2|11|6|1|3|4|4|2|1|3|0|2|2|0|0|0|0|1|2|0|3|1|1|2|5|5|4|13|7|8|11|20|34|37|37|46|38|41|24|38|21|31|27|23|30|28|19|20|22|24|29|24|24|28|27|21|27|34|28|25|22|24|27|22|20|28|30|31|22|41|37|37|35|18|32|26|23|19|29|27|21|18|17|19|12|8|13|12|8|8|14|11|6|6|5|10|
2012-03-09|22|1_CTs|CT8||5|9|5|3|7|4|2|2|3|3|1|3|3|1|6|0|3|2|5|2|1|3|0|3|3|1|6|4|6|9|24|31|53|48|37|27|35|39|31|33|25|29|35|37|41|31|36|34|31|30|33|30|28|30|33|36|29|26|25|43|33|35|43|48|40|35|42|32|36|53|46|41|53|64|55|67|44|58|43|33|36|36|41|28|27|23|24|25|19|21|12|13|8|17|10|14|
2012-03-09|22|1_CTs|CT9||48|28|16|13|18|10|13|6|10|5|10|7|3|10|3|7|4|7|11|15|17|23|13|29|39|50|47|84|121|156|219|318|385|382|333|366|323|329|283|292|248|210|206|224|194|189|196|192|190|171|202|189|196|197|162|206|206|195|230|243|216|221|211|176|212|240|208|216|235|247|234|258|238|209|192|192|192|202|209|201|190|157|134|134|99|110|101|78|81|66|75|56|63|59|56|45|
2012-03-09|22|1_CTs|CT10||0|2|0|0|2|1|0|0|0|0|0|0|3|0|0|2|0|1|2|1|2|0|2|10|10|10|9|3|2|2|7|5|29|27|14|9|3|6|8|9|9|8|13|6|7|4|9|6|6|3|7|9|16|5|10|20|12|7|6|5|5|5|10|5|4|12|10|7|5|9|2|6|0|5|5|3|5|4|4|2|1|3|2|3|0|2|1|1|0|1|6|17|10|0|0|2|
