2011-11-13|3|1_CTs|ct1||82|94|98|88|90|71|57|39|45|37|38|22|29|18|16|16|18|22|14|12|15|12|8|7|0|0|0|0|0|0|0|0|0|0|0|0|0|8|42|48|45|57|51|63|81|69|74|82|102|85|81|106|115|122|105|103|99|106|97|114|127|133|130|123|143|130|155|147|130|141|132|140|132|119|107|135|107|103|103|111|85|88|92|72|78|58|88|66|68|63|61|52|67|53|36|41|
2011-11-13|3|1_CTs|ct3||271|266|256|272|217|182|165|114|122|113|94|83|90|70|52|52|50|59|50|56|48|49|38|32|0|0|0|0|0|0|0|0|0|0|0|0|0|0|94|140|126|149|110|165|224|156|171|175|236|211|187|222|247|250|262|211|218|229|236|242|302|270|352|288|310|308|368|350|308|321|354|292|319|270|303|298|265|245|249|255|227|189|205|173|180|177|191|200|152|145|143|130|132|119|101|104|
2011-11-13|3|1_CTs|ct5||176|169|120|124|114|139|117|109|124|128|105|83|76|71|62|80|97|84|55|64|80|73|49|66|44|68|57|49|51|57|56|70|45|69|88|48|75|73|98|90|102|107|128|121|126|123|130|158|183|201|188|169|167|198|174|162|206|179|190|209|187|220|251|273|234|225|265|224|284|233|256|319|258|257|256|275|220|220|230|189|199|195|203|206|164|180|154|190|137|153|128|110|137|181|121|101|
2011-11-13|3|1_CTs|ct6||149|131|104|173|133|126|91|85|80|79|72|69|74|57|69|55|59|58|44|36|26|29|21|20|24|18|26|38|32|28|35|37|42|64|52|66|59|38|65|63|67|70|51|72|81|95|90|97|104|91|105|128|123|122|115|104|109|85|95|120|99|115|127|142|132|156|175|144|142|139|145|144|130|146|123|123|109|213|155|112|116|104|79|83|86|72|117|111|84|85|83|75|88|87|72|72|
2011-11-13|3|1_CTs|ct7||149|136|167|239|170|131|129|105|111|106|110|105|119|97|105|82|78|69|63|45|47|58|46|47|48|51|36|38|46|30|31|36|43|36|38|48|56|40|50|49|57|63|62|85|75|97|84|102|93|105|120|98|103|115|117|107|78|92|83|120|109|119|122|126|145|153|160|155|152|151|171|159|120|149|134|112|145|159|128|124|96|93|91|82|80|84|115|104|80|80|84|78|117|66|72|64|
2011-11-13|3|1_CTs|ct9||146|101|126|98|97|79|108|106|95|71|68|60|84|79|69|73|87|82|50|62|41|34|48|21|0|0|0|0|0|0|0|0|0|0|0|0|0|0|0|0|0|0|0|0|0|0|0|0|0|0|44|111|112|81|85|113|80|82|91|89|106|128|105|110|133|124|123|125|110|123|98|122|117|120|96|85|99|110|99|98|119|94|74|86|92|81|64|75|76|67|78|70|84|60|70|64|
2011-11-13|3|1_CTs|ct10||77|67|63|84|83|86|90|94|90|100|88|104|85|100|117|105|99|87|81|79|78|85|81|50|72|64|55|60|39|30|35|31|40|20|28|24|19|21|27|36|44|48|53|57|57|48|47|47|62|66|86|89|71|73|59|62|70|48|58|74|51|74|86|83|80|110|93|104|84|98|97|99|88|83|102|84|77|65|91|66|72|74|66|69|73|69|65|56|43|49|56|49|41|47|37|49|
2011-11-13|3|1_CTs|CT11||32|40|29|18|35|30|29|26|31|27|26|34|22|41|29|25|33|28|15|31|17|17|17|15|28|16|19|19|21|17|13|19|16|25|21|21|29|22|25|26|24|29|24|30|25|31|37|42|26|31|55|38|32|53|38|30|36|35|43|31|47|48|31|45|43|36|42|47|37|45|51|34|48|50|37|42|35|35|35|30|32|27|30|27|33|20|30|36|42|28|21|27|24|36|26|25|
2011-11-13|3|1_CTs|CT12||25|29|28|17|38|34|37|24|39|38|40|42|52|51|52|58|51|38|48|45|47|39|54|31|44|33|28|37|31|13|24|21|17|15|16|13|11|15|14|11|18|24|19|14|19|17|18|15|20|20|23|20|13|16|15|18|19|11|22|20|7|14|21|19|19|28|23|31|18|29|18|26|22|23|25|16|17|23|29|19|17|27|25|17|27|30|22|19|13|15|20|27|21|20|17|20|
2011-11-13|3|1_CTs|ct14||0|0|0|0|0|0|0|0|0|0|0|0|0|0|0|0|0|0|0|0|0|0|0|0|0|0|0|0|0|0|0|0|0|0|0|0|0|0|1|0|0|0|0|0|0|0|0|0|0|0|0|0|0|0|0|0|0|0|0|0|0|0|0|0|0|0|0|0|0|0|0|0|0|0|0|0|0|0|0|0|0|0|0|0|0|0|0|0|0|0|0|0|0|0|0|0|
2011-11-13|3|1_CTs|ct15||0|0|0|0|0|0|0|0|0|0|0|0|0|0|0|0|0|0|0|0|0|0|0|0|0|0|0|0|0|0|0|0|0|0|0|0|0|1|1|0|0|0|0|0|0|0|0|0|0|0|0|0|0|0|0|0|0|0|0|0|0|0|0|0|0|0|0|0|0|0|0|0|0|0|0|0|0|0|0|0|0|0|0|0|0|0|0|0|0|0|0|0|0|0|0|0|
2011-11-13|3|1_CTs|CT16||26|21|13|33|23|23|24|25|25|19|17|24|24|19|17|20|22|15|14|22|13|10|13|13|0|0|0|0|0|0|0|0|0|0|0|0|0|0|0|0|0|0|0|0|0|0|0|0|0|0|5|11|12|9|11|13|9|14|14|16|18|16|22|13|25|25|22|29|11|22|19|20|16|18|19|16|23|20|23|23|13|25|16|19|21|15|12|15|16|14|14|15|18|7|17|12|
2011-11-13|3|1_CTs|ct17||113|115|101|129|102|120|102|104|85|92|82|67|73|85|81|59|94|76|70|50|55|89|73|42|0|0|0|0|0|0|0|0|0|0|0|0|0|0|0|0|0|0|0|0|0|0|0|0|0|0|0|0|0|0|0|0|0|0|0|0|0|0|0|0|0|0|0|0|0|0|0|0|0|0|0|0|0|0|0|0|0|0|0|0|0|0|0|0|0|0|0|0|0|0|0|0|
2011-11-13|3|1_CTs|ct18||118|115|119|136|136|138|129|145|124|129|119|129|120|140|161|121|131|122|93|91|97|95|98|76|82|78|68|69|58|48|48|53|59|40|42|36|42|34|50|68|64|75|87|68|85|80|83|79|109|112|122|123|110|116|101|91|109|94|88|109|106|110|119|118|123|152|164|151|143|138|149|160|125|121|141|121|109|108|115|110|103|121|100|104|109|88|88|87|70|86|82|83|68|67|54|57|
2011-11-13|3|1_CTs|ct19||1|2|1|0|0|2|1|0|1|0|0|1|0|0|0|2|0|0|0|0|0|0|2|4|0|3|0|2|5|2|4|4|1|3|1|3|3|6|3|6|2|2|5|4|3|3|4|4|4|4|3|3|4|2|2|5|2|5|1|5|3|2|10|5|8|5|6|5|4|3|6|2|3|3|2|4|3|9|3|4|4|3|4|2|0|5|3|1|1|2|1|0|1|3|0|1|
2011-11-13|3|1_CTs|ct20||107|101|100|84|68|85|76|69|55|47|53|36|31|33|26|22|24|18|26|18|15|15|19|16|16|20|20|3|0|0|0|0|0|0|0|0|0|0|0|0|0|0|0|0|0|0|0|0|0|0|0|0|0|0|0|0|0|0|0|0|0|0|0|0|0|0|0|0|0|0|0|0|0|0|0|0|0|0|0|53|25|0|0|0|0|0|0|0|0|0|0|0|0|0|0|0|
2011-11-13|3|1_CTs|ct22||12|2|2|8|5|13|5|2|6|4|4|5|3|6|3|1|4|5|6|1|5|2|3|4|2|4|5|1|4|3|2|7|6|4|4|5|3|2|1|3|7|6|5|3|6|5|5|2|2|8|3|7|3|8|7|8|6|1|8|6|8|6|9|10|10|9|8|5|4|5|10|8|8|10|9|15|11|7|8|7|9|10|7|8|11|16|7|9|4|5|4|8|25|15|17|4|
2011-11-13|3|1_CTs|CT23||111|77|83|87|70|67|73|57|42|64|45|36|51|44|33|32|17|21|23|18|27|24|22|12|0|0|0|0|0|0|0|0|0|0|0|0|0|0|36|69|66|64|71|73|88|136|107|102|123|122|127|152|131|148|113|91|129|103|117|132|146|142|150|129|171|174|171|144|170|142|167|128|165|178|142|149|120|157|129|119|123|97|120|108|83|95|90|76|79|87|73|84|107|97|57|62|
2011-11-13|3|1_CTs|ct24||331|338|287|274|260|194|179|147|147|123|112|92|92|81|60|67|52|63|60|45|50|48|37|55|62|92|100|120|91|139|190|189|121|141|174|207|213|195|255|371|288|287|323|349|373|364|384|402|446|444|490|535|521|494|491|499|421|446|493|592|582|668|632|654|599|607|674|616|650|658|646|684|614|572|568|586|502|532|496|457|434|409|370|375|325|274|285|269|285|306|297|232|200|191|186|147|
