2014-11-09|6|1_CTs|CT1||1|2|1|1|1|0|1|0|1|0|0|1|1|0|0|0|0|0|0|0|1|0|1|1|1|1|3|1|1|1|1|2|0|1|1|0|0|4|3|2|2|0|3|6|0|1|3|1|1|5|6|3|6|1|0|5|1|5|1|4|2|4|1|2|2|3|1|6|5|1|1|9|4|0|2|3|3|2|1|1|3|5|3|3|1|1|0|1|1|2|1|1|0|0|3|0|
2014-11-09|6|1_CTs|CT3||12|10|7|13|8|10|4|2|0|5|2|7|3|6|6|6|5|11|9|19|17|17|27|37|27|27|23|15|15|22|29|32|30|32|32|20|19|19|28|23|43|42|34|39|28|53|50|38|54|58|47|42|38|35|37|46|28|26|35|57|40|38|38|38|44|46|45|38|35|68|67|42|36|48|48|46|34|39|28|28|31|20|26|22|21|26|18|10|22|22|19|14|20|19|13|26|
2014-11-09|6|1_CTs|CT4||8|7|8|7|10|11|7|3|3|5|3|6|3|5|1|6|1|7|2|2|3|3|1|0|1|1|1|0|1|4|2|3|5|8|4|3|6|8|5|6|10|6|9|15|13|7|9|16|19|19|16|13|17|17|16|19|19|14|11|17|19|12|21|22|12|20|21|22|33|29|24|21|28|15|15|20|25|19|18|20|20|20|14|12|15|8|11|13|6|12|9|9|4|7|1|4|
2014-11-09|6|1_CTs|CT5||47|28|21|17|12|25|21|9|14|14|13|10|14|9|11|12|7|12|7|11|10|9|10|8|10|5|13|14|7|6|10|17|11|15|26|20|13|16|15|22|19|18|32|44|29|28|33|46|45|35|41|40|45|39|30|34|44|35|41|38|58|41|37|45|54|53|34|46|56|54|52|42|50|52|57|61|37|41|51|30|39|46|37|39|25|31|31|23|27|28|20|21|24|17|20|12|
2014-11-09|6|1_CTs|CT6||31|27|28|23|27|20|19|15|12|18|14|6|8|6|11|3|4|7|1|9|10|9|13|11|8|6|13|17|5|6|17|17|21|20|21|16|20|25|30|39|32|37|38|59|48|51|49|77|69|79|77|81|70|81|73|87|63|62|68|72|74|68|80|88|80|67|63|79|69|95|61|91|88|85|65|74|64|73|54|67|59|71|48|49|38|58|30|39|37|55|27|32|27|50|30|21|
2014-11-09|6|1_CTs|CT7||6|7|7|8|3|8|1|2|1|1|3|4|3|4|2|2|1|3|4|8|1|1|4|4|2|6|2|4|2|5|3|3|4|8|8|9|6|4|8|8|11|14|16|8|16|13|19|20|16|18|18|20|27|21|18|18|8|15|13|14|17|18|24|13|21|18|26|23|23|27|19|22|22|23|20|10|22|11|19|10|17|14|15|15|12|13|9|7|10|12|10|10|10|7|7|2|
2014-11-09|6|1_CTs|CT8||76|70|58|40|41|29|32|21|27|26|25|17|14|15|11|15|25|11|8|19|8|12|15|10|21|11|21|17|30|25|33|36|19|34|35|38|39|51|46|42|73|61|63|61|72|73|81|67|70|87|82|91|110|92|94|97|99|88|97|89|115|104|103|129|142|132|112|124|120|115|116|133|113|134|95|111|99|86|90|101|113|90|85|71|72|62|85|50|65|53|44|54|51|37|37|33|
2014-11-09|6|1_CTs|CT9||65|63|58|42|47|36|35|33|30|33|32|29|37|20|33|21|17|15|15|23|17|22|23|17|21|28|29|25|23|37|35|53|28|39|39|51|48|58|78|73|76|87|72|113|85|122|104|113|103|140|121|118|113|118|101|108|111|125|118|128|147|142|146|170|136|147|185|207|218|247|240|150|143|148|127|117|126|98|116|99|124|125|112|104|80|75|98|80|77|68|51|51|57|45|46|48|
2014-11-09|6|1_CTs|CT10||49|21|31|24|19|29|18|22|22|15|12|15|14|15|9|11|17|10|9|8|8|7|15|11|12|10|21|12|22|24|31|26|25|40|39|39|42|42|43|62|67|52|64|61|63|91|87|93|81|72|107|122|135|110|74|80|85|74|80|71|87|101|81|87|104|96|90|113|115|121|126|116|104|94|118|135|93|80|97|93|115|214|146|90|70|57|50|46|47|39|34|41|33|45|20|23|
2014-11-09|6|1_CTs|CT11||47|31|36|31|26|25|21|20|13|12|17|12|14|11|14|16|12|7|6|8|12|7|9|14|14|12|20|19|22|28|49|35|21|37|51|51|44|70|75|81|82|78|94|87|74|86|72|80|86|118|110|134|102|112|80|108|89|107|109|116|122|115|117|77|52|123|138|136|177|156|152|98|125|124|108|106|102|86|97|98|153|179|152|123|66|61|62|57|56|47|64|37|35|29|30|28|
2014-11-09|6|1_CTs|CT12||50|42|42|42|29|30|21|30|25|20|25|13|16|20|6|10|13|13|14|9|8|9|21|15|21|16|18|25|18|25|43|35|30|45|46|55|38|73|60|60|83|72|84|93|85|92|99|99|88|91|115|144|127|114|88|94|83|100|97|105|118|119|109|115|125|132|113|133|146|124|138|142|122|120|129|115|124|100|94|104|130|223|180|108|65|71|71|56|58|62|60|39|62|38|28|34|
2014-11-09|6|1_CTs|CT15||35|30|35|18|23|18|16|16|12|19|12|13|19|8|16|4|8|10|17|24|16|19|25|24|22|27|30|24|22|31|33|43|29|43|43|46|35|31|61|67|49|81|70|75|68|62|78|78|74|80|77|78|99|62|78|70|74|74|70|77|71|85|85|105|82|106|91|107|112|132|134|105|79|107|101|87|96|64|67|76|56|62|71|69|39|55|56|49|45|50|45|43|46|28|26|24|
2014-11-09|6|1_CTs|CT16||59|34|40|35|20|37|16|17|19|17|12|22|16|22|16|20|18|12|13|17|9|12|10|17|9|15|22|18|28|30|36|26|34|33|47|47|42|53|59|83|84|74|84|84|76|104|96|118|98|107|146|151|139|139|116|128|116|137|105|114|127|128|122|130|122|138|130|143|172|170|150|142|146|138|137|138|129|105|119|111|132|194|176|133|88|83|69|70|57|52|54|53|40|42|38|30|
2014-11-09|6|1_CTs|CT17||23|22|21|13|12|13|8|16|14|11|21|13|14|9|12|10|6|5|10|9|10|4|9|0|10|11|5|4|3|7|12|14|11|10|16|22|11|23|28|26|34|22|39|36|31|41|43|45|51|52|74|52|57|57|57|70|53|45|49|77|66|67|74|57|55|64|90|63|97|79|73|82|78|64|62|60|61|72|62|61|43|50|60|43|39|50|56|51|34|40|38|25|41|35|28|28|
2014-11-09|6|1_CTs|CT18||105|78|75|52|42|63|39|36|36|39|36|25|41|36|37|28|29|25|13|19|18|17|24|20|24|20|28|31|30|37|46|46|35|42|65|58|48|63|69|91|80|91|116|117|94|116|132|119|149|150|155|156|159|169|146|139|138|157|122|151|153|156|152|179|191|191|161|150|180|191|187|185|176|176|163|171|143|133|145|136|136|174|190|148|98|110|95|89|70|82|80|67|69|64|61|49|
2014-11-09|6|1_CTs|CT19||49|47|43|47|27|49|24|31|20|27|29|25|22|17|15|15|11|17|10|9|14|9|7|10|15|18|15|12|9|18|15|20|19|22|36|22|32|27|31|46|66|55|59|76|66|71|72|83|78|97|106|110|94|110|75|105|63|106|78|107|89|90|77|97|89|105|125|107|119|112|123|119|94|120|86|104|83|86|90|81|71|87|81|66|68|59|63|47|45|63|40|30|38|31|27|38|
2014-11-09|6|1_CTs|CT20||24|30|26|32|18|24|17|23|10|15|28|13|29|10|22|14|10|8|12|6|6|9|16|8|10|12|15|8|9|21|17|19|20|23|41|27|23|36|54|48|56|66|55|83|71|75|89|89|92|108|13|69|81|59|62|85|31|73|76|91|87|78|79|89|35|88|87|95|108|40|83|88|88|79|78|82|7|68|39|35|47|32|24|23|5|43|17|14|37|24|23|14|29|12|18|8|
2014-11-09|6|1_CTs|CT21||94|87|54|66|48|37|44|41|33|33|24|34|20|32|26|25|28|20|33|41|46|45|56|62|42|56|48|40|54|57|62|64|75|87|82|70|70|76|71|98|103|93|91|128|139|137|130|140|122|155|157|157|182|174|152|141|170|172|185|186|181|195|193|162|190|239|206|232|207|219|257|220|209|217|219|229|226|190|194|215|195|181|177|157|145|126|132|106|131|139|111|104|109|86|89|95|
2014-11-09|6|1_CTs|CT22||104|90|100|94|91|67|56|74|61|53|59|39|36|41|40|42|51|40|54|61|60|78|69|64|66|64|61|49|55|55|82|87|76|91|82|99|106|105|96|117|95|134|135|175|145|156|148|177|192|228|195|186|187|193|155|143|174|198|162|183|212|197|202|212|240|206|230|214|211|257|228|230|268|232|186|232|193|184|166|149|151|169|165|134|116|120|120|107|113|101|101|118|100|104|105|94|
2014-11-09|6|1_CTs|CT23||110|93|75|63|57|58|37|35|36|26|33|21|25|26|19|21|28|22|20|29|18|18|31|27|29|28|32|34|47|43|50|69|42|60|76|70|65|83|74|81|114|116|111|107|118|125|157|120|123|170|161|155|164|168|135|151|146|154|178|157|169|177|199|187|208|199|188|196|188|204|199|200|170|195|150|194|176|139|143|152|157|149|143|109|103|98|112|79|91|102|74|70|84|66|66|60|
2014-11-09|6|1_CTs|CT24||135|123|86|78|73|52|59|58|60|46|32|20|34|31|27|34|34|34|26|38|38|46|38|32|33|33|30|44|33|39|46|70|48|36|56|65|69|74|76|98|98|98|109|111|111|121|114|151|150|166|165|166|166|184|183|146|129|138|121|153|153|157|165|181|200|186|177|192|188|187|202|204|235|200|190|203|148|174|141|149|145|176|151|141|105|117|112|102|90|86|96|91|70|89|62|65|
