2015-07-25|2|1_CTs|ct1||384|106|349|91|57|74|317|59|51|56|47|51|28|30|23|18|31|24|22|21|22|23|31|288|35|40|46|55|67|79|79|352|81|330|100|117|113|131|141|147|409|399|169|431|182|430|427|436|685|161|172|420|147|0|0|0|0|0|0|0|136|162|158|160|171|652|304|0|0|0|43|175|169|173|166|181|181|171|177|198|165|180|194|196|188|174|178|175|147|154|145|125|120|143|136|142|
2015-07-25|2|1_CTs|ct2||83|79|55|73|322|44|302|50|46|297|68|52|47|22|21|15|17|19|34|25|22|19|90|17|24|25|22|28|68|96|94|78|34|35|40|47|53|317|62|77|75|71|93|86|64|326|73|338|70|62|74|57|71|0|0|0|0|0|0|0|55|83|55|78|78|69|17|0|0|0|19|60|66|71|82|90|79|88|82|92|81|84|128|121|112|102|116|112|95|112|88|85|81|87|84|72|
2015-07-25|2|1_CTs|ct3||414|135|380|131|94|351|81|80|71|79|86|75|43|46|35|34|41|38|37|42|29|29|25|47|50|40|52|54|52|65|73|81|333|73|342|103|99|131|137|123|415|414|169|212|186|439|175|176|184|144|446|157|181|0|0|0|0|0|0|0|135|165|161|687|179|165|55|0|0|0|43|189|160|191|170|207|180|181|183|205|160|192|200|199|186|191|187|193|170|177|149|138|142|162|154|156|
2015-07-25|2|1_CTs|ct4||362|335|66|74|66|45|61|45|54|300|55|32|38|39|39|35|40|34|293|25|27|18|279|286|289|304|40|28|47|32|284|311|56|54|42|57|75|63|91|86|348|117|94|87|103|374|113|104|121|352|102|107|113|0|0|0|0|0|0|0|70|95|78|366|370|624|36|0|0|0|20|111|361|115|101|131|353|113|118|115|118|108|85|96|100|104|92|99|105|107|98|114|88|105|82|92|
2015-07-25|2|1_CTs|ct5||170|163|134|117|123|82|104|80|83|86|70|54|66|49|57|57|66|49|54|38|32|27|35|35|46|46|56|51|53|311|57|71|69|80|62|84|96|112|138|124|128|150|166|177|171|182|179|426|176|197|435|183|175|0|0|0|0|0|0|0|109|206|175|163|186|167|56|0|0|0|45|193|200|187|208|187|182|201|199|194|185|186|178|148|155|180|180|165|188|184|194|185|177|167|168|221|
2015-07-25|2|1_CTs|ct6||55|49|37|37|42|31|28|37|61|35|163|345|21|0|0|0|0|0|0|0|0|0|0|0|0|0|0|0|0|0|0|0|0|164|569|21|282|28|31|26|43|34|43|558|37|45|299|48|41|43|46|36|50|0|0|0|0|0|0|0|34|40|46|36|46|41|17|0|0|0|11|50|52|38|55|54|47|53|76|47|61|62|58|53|59|68|63|75|237|415|193|1|135|32|1|15|
2015-07-25|2|1_CTs|ct17||163|172|396|165|120|113|101|94|77|85|85|98|72|60|45|55|55|53|56|47|44|42|23|65|62|338|66|65|70|78|71|81|81|381|111|102|101|151|161|659|445|189|457|242|206|522|205|723|221|452|220|203|224|0|0|0|0|0|0|0|161|223|222|486|217|212|66|0|0|0|53|238|482|223|227|222|225|213|202|228|198|198|228|220|199|211|201|209|193|202|189|182|156|187|181|186|
2015-07-25|2|1_CTs|CT19||846|305|302|56|48|30|44|33|41|21|28|24|24|20|16|10|20|7|19|15|10|11|4|15|12|20|18|276|282|18|287|37|37|47|53|49|52|297|335|80|83|82|85|86|347|367|84|101|98|79|92|348|324|0|0|0|0|0|0|0|325|86|341|98|99|358|27|0|0|0|26|126|90|109|76|112|110|97|85|96|103|84|99|66|83|101|75|90|350|86|81|80|60|80|60|86|
2015-07-25|2|1_CTs|CT20||312|77|326|60|54|58|46|206|137|38|44|29|36|44|44|32|25|23|24|26|14|17|14|23|274|10|16|27|15|23|24|289|37|32|543|39|42|551|58|75|50|73|58|74|589|67|59|83|66|75|65|74|71|0|0|0|0|0|0|0|49|313|320|70|75|316|33|0|0|0|15|78|70|92|74|66|84|79|77|84|82|78|64|66|67|86|52|77|67|68|49|67|65|68|65|70|
2015-07-25|2|1_CTs|CT21||30|38|39|32|22|19|23|14|276|12|17|16|12|15|13|14|8|12|252|7|5|9|8|265|7|7|6|16|6|12|11|10|17|272|16|23|29|276|28|45|45|302|43|50|299|39|46|55|50|311|48|50|298|0|0|0|0|0|0|0|40|41|41|57|45|44|18|0|0|0|6|51|51|52|45|50|49|65|50|62|46|47|47|46|45|58|24|42|38|34|39|39|31|44|40|29|
