2011-12-18|22|1_CTs|CT1||37|25|20|16|17|9|7|13|6|9|5|7|9|6|7|3|14|7|4|7|6|10|14|12|18|21|12|16|15|20|23|18|21|14|26|20|24|28|31|36|46|43|38|58|47|41|47|55|51|47|45|61|54|57|51|60|49|62|56|54|62|47|51|58|64|62|71|75|90|91|84|61|63|43|44|54|52|50|45|51|52|42|43|39|27|42|30|32|24|18|27|24|22|26|15|15|
2011-12-18|22|1_CTs|CT2||59|49|31|35|31|24|12|21|12|15|18|9|11|9|7|5|11|8|9|8|8|13|14|14|19|32|29|28|23|29|34|34|36|25|38|41|41|39|51|62|57|65|56|104|94|72|91|86|79|89|107|93|87|102|104|85|95|101|109|125|103|91|98|98|93|103|111|122|142|152|152|127|86|99|129|95|95|87|65|83|83|87|70|59|51|73|42|53|50|42|36|33|40|38|22|39|
2011-12-18|22|1_CTs|CT3||80|86|61|63|52|44|39|42|21|28|39|18|16|20|19|25|18|16|14|24|15|21|15|16|27|27|42|28|28|39|39|47|46|34|51|59|64|51|56|92|96|103|100|127|145|94|113|115|121|116|147|130|123|120|137|135|151|135|149|149|150|155|133|184|173|166|167|229|226|242|222|203|153|137|166|146|140|129|98|114|122|112|96|89|84|100|75|71|68|80|58|52|55|51|48|44|
2011-12-18|22|1_CTs|CT4||51|50|39|33|28|35|30|21|24|21|23|14|15|9|15|14|13|8|18|11|13|12|12|13|17|23|11|30|26|17|29|41|22|35|29|28|43|54|56|70|59|95|80|88|70|99|101|81|81|101|99|98|122|139|89|81|104|91|81|106|112|105|112|121|120|108|112|118|116|146|150|132|127|107|142|138|107|114|82|99|120|150|137|94|58|57|53|54|52|56|38|47|48|41|39|44|
2011-12-18|22|1_CTs|CT5||65|57|53|44|28|40|24|32|27|28|27|13|11|9|13|19|15|11|16|14|13|21|14|14|18|25|23|30|23|23|40|45|43|40|51|45|52|58|88|88|82|74|97|87|101|96|100|83|92|95|125|115|133|135|89|94|89|98|99|112|110|104|126|125|114|126|123|131|143|153|187|161|118|131|136|146|113|112|108|99|106|116|118|92|64|68|70|56|59|40|40|44|49|36|39|39|
2011-12-18|22|1_CTs|CT6||47|44|43|30|17|22|13|20|17|17|16|20|7|7|8|11|20|2|9|10|9|12|14|10|14|19|12|19|15|18|19|24|27|23|27|20|31|40|47|41|42|54|58|56|60|58|68|54|86|80|67|69|99|76|66|80|68|63|67|67|71|84|74|69|65|68|92|82|94|117|106|93|87|83|90|92|63|67|88|49|72|71|74|57|45|57|45|55|45|33|30|36|25|37|41|24|
2011-12-18|22|1_CTs|CT7||17|10|8|6|6|6|2|4|3|2|2|2|3|1|0|1|3|4|1|5|1|3|4|5|1|3|3|0|4|3|9|3|4|2|7|5|6|5|7|9|5|11|5|16|13|16|13|19|19|21|18|17|11|24|16|12|15|15|18|21|15|17|15|10|11|18|17|20|29|22|19|18|18|15|27|21|20|18|8|22|15|18|20|15|9|13|5|9|10|7|7|6|8|4|7|11|
2011-12-18|22|1_CTs|CT8||20|16|14|12|17|9|5|11|5|6|8|7|4|7|5|7|5|1|6|4|4|6|8|7|3|8|12|13|10|7|12|21|13|5|14|23|11|15|19|14|14|26|29|30|23|30|27|15|30|27|43|58|47|43|27|36|19|29|40|23|29|21|29|46|27|26|26|45|63|41|68|83|55|78|73|60|71|61|48|58|52|33|46|43|43|50|27|22|24|17|25|20|27|20|24|21|
2011-12-18|22|1_CTs|CT9||42|52|47|36|25|30|27|22|20|13|20|12|10|9|10|16|13|14|9|12|13|12|9|10|19|15|31|32|32|20|36|54|43|40|52|53|58|65|86|95|98|94|129|135|135|92|82|100|106|75|133|114|110|127|91|108|93|93|132|119|129|134|146|132|110|133|123|191|169|197|175|156|124|110|111|111|104|106|96|93|108|99|82|71|60|53|69|43|50|53|47|50|39|35|47|39|
2011-12-18|22|1_CTs|CT10||0|2|1|0|1|2|3|6|3|1|1|1|0|0|0|0|1|0|1|1|1|2|1|1|3|2|5|4|3|1|2|3|3|3|2|1|2|0|3|1|4|4|2|1|5|2|1|10|7|4|7|6|2|1|1|3|3|2|4|4|3|5|5|5|1|1|2|2|5|2|4|2|2|4|1|2|6|4|1|3|2|1|1|1|2|2|1|1|0|2|1|1|1|0|2|1|
