2011-10-16|22|1_CTs|CT1||17|21|17|17|21|8|11|8|11|6|9|4|7|2|4|5|6|8|10|7|11|6|15|21|14|13|18|18|21|26|27|19|21|24|25|20|29|28|42|36|37|43|41|48|29|37|41|47|35|41|39|47|44|47|44|46|43|50|37|51|49|33|37|48|63|48|49|61|59|72|72|53|58|63|66|65|66|73|62|69|56|62|53|41|46|35|28|32|32|38|27|26|29|21|15|15|
2011-10-16|22|1_CTs|CT2||9|11|10|17|15|5|9|8|5|14|2|5|2|4|6|4|3|3|4|8|6|4|4|8|11|22|12|16|7|21|14|23|22|15|24|20|19|15|19|18|19|20|26|20|14|16|19|26|20|22|30|26|28|24|31|24|19|26|27|34|31|32|21|26|34|29|32|31|23|33|33|33|30|39|31|31|37|34|29|32|28|22|19|23|23|18|20|20|16|16|23|13|15|12|11|10|
2011-10-16|22|1_CTs|CT3||51|54|48|52|51|39|33|38|37|24|22|17|16|21|27|30|14|23|19|23|17|14|13|18|24|34|27|30|33|38|56|51|43|56|55|71|75|82|73|74|69|71|84|77|84|103|100|100|98|119|121|103|105|104|135|98|95|116|112|141|129|128|118|127|126|113|127|128|134|135|132|149|135|135|141|159|148|150|117|129|126|105|92|89|108|81|69|95|88|76|73|72|67|58|57|46|
2011-10-16|22|1_CTs|CT4||35|36|20|28|23|24|21|20|28|12|27|18|15|11|20|12|13|17|8|10|9|11|14|16|17|17|17|20|24|18|27|22|32|34|25|52|36|54|44|53|52|63|56|96|58|95|89|67|112|81|86|86|122|84|85|73|86|76|68|78|75|86|89|82|80|90|92|114|86|99|114|102|112|120|113|145|94|92|102|107|92|146|87|57|63|68|65|52|38|53|49|51|43|26|32|30|
2011-10-16|22|1_CTs|CT5||44|34|43|38|23|30|26|23|19|15|19|14|11|12|19|24|12|19|11|11|11|10|10|19|18|20|19|24|23|21|33|40|35|38|41|63|62|70|68|66|76|68|63|96|81|100|86|99|107|103|89|91|117|98|90|95|85|73|78|77|92|105|99|88|94|103|91|113|105|115|115|119|109|124|124|145|108|123|97|123|89|127|67|76|63|70|69|66|42|44|52|42|40|34|35|27|
2011-10-16|22|1_CTs|CT6||23|26|33|23|20|17|20|12|15|9|17|11|5|7|8|15|5|3|8|9|10|7|9|12|14|12|16|27|21|16|21|25|25|28|23|29|37|35|27|33|35|43|46|51|45|69|56|61|58|82|75|75|67|47|64|64|64|44|48|48|49|83|64|60|61|68|64|66|74|79|58|76|74|62|93|61|77|76|69|67|52|69|37|45|46|46|44|45|31|31|40|32|35|22|21|31|
2011-10-16|22|1_CTs|CT7||5|7|7|4|6|3|4|2|3|4|2|3|0|0|1|1|2|3|1|2|3|1|3|4|1|6|2|1|3|7|6|6|4|5|9|5|9|7|6|13|13|14|10|10|7|12|9|14|10|19|18|18|15|8|16|11|12|13|8|14|22|9|11|14|17|21|12|18|14|21|16|21|11|21|14|15|22|22|26|26|20|20|22|17|10|13|16|13|7|18|7|8|6|6|5|9|
2011-10-16|22|1_CTs|CT8||8|8|9|5|3|6|3|1|6|5|2|3|0|2|7|6|2|5|4|4|2|1|0|1|3|4|4|3|4|2|4|2|4|3|8|10|14|10|11|9|8|8|3|11|14|13|13|7|17|12|18|11|18|15|10|6|11|11|17|10|11|11|17|12|14|19|17|19|20|22|14|20|9|8|17|29|16|19|16|15|13|15|15|6|16|18|11|19|14|9|9|6|9|4|6|6|
2011-10-16|22|1_CTs|CT9||36|26|33|34|25|27|17|29|18|16|12|15|13|8|13|11|12|12|8|10|10|11|12|12|16|17|19|23|20|22|37|49|33|33|54|66|60|80|65|74|76|81|99|89|99|89|91|122|129|99|101|101|104|82|95|94|73|86|89|89|106|80|112|95|105|118|104|95|115|118|109|135|110|106|109|110|121|119|87|103|111|110|76|71|65|75|72|75|63|51|56|51|51|43|38|26|
2011-10-16|22|1_CTs|CT10||0|2|0|1|2|1|2|5|1|1|0|2|1|0|0|0|0|1|0|1|1|0|0|0|4|2|3|2|1|2|1|2|1|2|1|2|2|1|2|1|3|1|1|1|3|1|3|3|6|1|3|3|2|4|2|3|2|1|5|1|3|1|2|3|0|3|2|1|2|2|3|3|0|2|3|4|5|3|2|4|1|2|1|2|2|1|2|1|0|1|0|3|2|2|0|2|
