2017-12-23|3|1_CTs|ct1||486|445|183|160|138|121|96|357|89|59|78|324|59|308|59|287|41|39|56|36|42|38|41|32|48|311|71|67|330|60|338|84|89|113|99|134|136|161|170|482|224|223|473|238|598|402|506|244|545|260|279|533|515|233|743|219|355|443|261|293|281|287|313|337|328|322|552|548|559|307|809|273|290|411|587|293|262|236|528|233|536|242|265|520|253|222|529|488|482|206|211|673|203|195|168|186|
2017-12-23|3|1_CTs|ct3||625|326|296|279|244|709|178|180|416|373|139|122|109|99|112|114|89|344|343|327|335|73|52|61|78|86|123|97|139|357|137|120|154|184|421|474|458|494|264|579|326|316|304|336|608|364|863|631|401|403|409|400|1129|348|1396|352|388|357|651|647|902|669|945|446|459|725|405|426|927|427|617|464|592|386|590|303|514|234|749|255|523|570|348|375|588|330|270|784|336|363|322|533|324|558|323|552|
2017-12-23|3|1_CTs|ct5||272|245|436|672|130|130|121|106|86|335|72|313|327|328|308|46|41|42|51|35|36|28|26|291|31|25|42|43|53|42|61|326|323|87|320|82|616|114|129|129|156|175|161|223|435|192|190|222|221|734|485|219|205|188|196|179|442|464|462|457|221|465|221|262|241|506|769|531|483|280|267|503|478|513|497|502|506|257|488|233|261|519|205|183|463|176|190|184|211|467|434|953|199|734|442|258|
2017-12-23|3|1_CTs|ct6||21|18|9|6|8|14|6|6|5|2|4|4|2|2|1|3|3|1|1|2|1|6|3|3|6|4|5|8|8|4|13|11|272|12|15|16|12|15|15|24|24|29|27|38|29|30|48|261|46|29|277|36|39|34|29|34|295|40|38|43|34|301|55|38|43|49|54|29|28|52|41|46|46|53|26|33|52|47|44|32|22|284|24|38|30|23|19|524|23|20|15|275|25|288|272|18|
2017-12-23|3|1_CTs|ct7||117|875|137|126|114|91|92|85|570|81|55|56|52|58|60|47|47|36|40|28|25|29|22|35|27|39|30|33|47|36|817|290|47|54|60|65|67|75|71|83|97|105|342|97|124|113|115|131|144|137|151|138|357|115|123|120|147|375|127|134|131|135|149|1107|158|161|164|175|423|428|111|355|73|89|102|93|107|672|181|113|111|153|171|140|166|152|146|168|162|169|159|151|0|0|0|0|
2017-12-23|3|1_CTs|ct8||89|306|81|73|68|46|39|53|282|296|27|30|25|23|29|21|22|14|19|17|8|266|13|19|14|17|12|13|26|17|542|283|22|28|30|37|32|33|44|46|54|54|319|59|78|61|86|327|90|87|90|164|240|72|95|73|96|325|93|89|82|79|96|597|89|105|99|107|358|390|110|107|358|105|119|91|96|628|124|100|366|110|115|89|110|95|89|115|103|95|102|122|109|97|96|108|
2017-12-23|3|1_CTs|ct9||364|666|428|427|197|167|271|169|149|171|102|343|71|95|409|76|73|64|83|78|53|44|41|43|39|31|45|54|75|76|84|1294|308|153|323|1781|2172|623|416|441|2523|3741|3249|1945|138|440|991|1733|590|1547|1135|1101|650|1298|2603|918|1993|1437|997|1359|2718|633|658|298|242|519|1316|833|1483|857|209|220|198|265|509|207|2083|1946|706|536|690|686|693|1415|779|723|623|1286|389|1022|1792|1854|570|1080|1495|2164|
2017-12-23|3|1_CTs|ct10||87|106|101|101|106|116|102|90|117|102|93|86|102|92|99|89|84|76|76|85|62|60|47|42|54|37|49|51|45|33|38|45|54|43|44|60|43|60|58|70|89|100|100|107|117|121|123|134|130|129|124|123|121|113|111|111|109|116|124|116|125|122|133|125|149|122|136|122|105|152|110|131|134|126|124|119|134|129|105|98|102|105|128|105|102|85|85|90|89|95|84|87|81|83|83|68|
2017-12-23|3|1_CTs|ct13||941|807|741|747|254|901|391|444|995|366|283|1421|985|185|678|152|692|869|513|1007|205|567|650|665|998|1581|412|377|1173|962|677|905|893|243|611|506|470|989|169|190|430|623|1056|300|1312|384|353|1286|559|424|605|1197|346|222|846|2014|2608|2186|1135|244|235|453|242|255|422|625|272|516|499|220|411|168|467|391|837|229|467|443|494|502|619|242|303|250|1012|368|221|1087|354|888|249|593|535|640|333|524|
2017-12-23|3|1_CTs|CT16||154|129|135|117|112|105|92|350|105|363|79|71|58|75|54|71|56|344|325|52|52|40|37|46|295|49|54|52|51|50|40|43|59|47|90|317|95|345|130|362|378|131|164|135|152|179|145|132|148|388|657|129|407|137|370|141|126|132|123|391|122|154|131|156|156|161|403|149|161|172|695|171|159|411|437|171|424|159|167|157|159|397|133|371|370|79|86|111|361|331|93|87|101|116|600|137|
2017-12-23|3|1_CTs|ct18||134|148|158|122|133|145|125|128|125|118|107|108|124|102|110|101|91|99|89|90|88|53|66|46|65|56|57|71|66|42|49|56|71|61|68|91|74|90|98|118|128|127|144|171|160|170|176|169|170|164|170|172|194|142|139|161|151|144|156|159|163|199|174|207|183|195|178|190|165|196|182|180|208|186|186|159|153|202|174|138|165|153|166|148|134|118|107|115|120|127|108|111|113|104|131|102|
2017-12-23|3|1_CTs|ct19||0|2|1|0|0|1|2|0|1|0|0|2|0|0|0|0|0|0|0|1|0|1|2|1|1|4|2|0|1|4|1|4|3|3|5|2|6|2|0|3|2|2|2|2|3|4|2|1|5|6|5|1|3|3|2|1|5|2|3|6|1|2|4|1|2|6|5|1|2|1|3|3|2|5|1|3|5|3|2|3|1|1|3|1|1|1|1|3|1|0|1|4|0|1|1|1|
2017-12-23|3|1_CTs|ct22||16|7|2|3|3|2|3|4|2|2|1|2|1|4|3|3|1|5|4|1|1|2|5|3|0|0|4|2|4|4|3|9|6|6|5|7|2|7|2|5|10|13|10|272|5|17|14|14|7|16|274|12|14|17|12|6|11|5|12|269|15|19|12|10|17|7|10|17|15|8|14|17|12|11|263|8|11|11|267|11|8|16|12|281|13|12|12|9|8|17|14|16|7|9|15|278|
2017-12-23|3|1_CTs|CT23||137|379|105|334|88|72|68|62|62|47|39|40|41|45|41|289|36|29|36|26|22|28|50|31|34|28|301|38|49|49|52|327|68|68|70|92|73|351|351|127|116|132|116|126|135|137|134|401|146|427|399|927|669|116|379|142|386|125|387|138|406|396|428|149|160|162|417|139|161|414|160|167|179|155|175|175|440|163|677|153|158|427|162|142|135|117|108|113|368|137|141|134|392|655|127|122|
2017-12-23|3|1_CTs|ct24||389|345|601|83|78|65|51|51|52|39|33|38|281|34|27|20|266|16|24|23|23|37|45|59|51|322|89|105|107|150|193|428|910|177|208|233|229|800|331|415|385|608|353|647|1104|902|897|593|627|698|647|382|368|349|358|349|595|371|894|403|898|957|491|420|539|478|991|651|689|416|468|456|450|432|421|628|393|321|600|337|575|336|299|751|979|237|445|189|185|156|409|129|387|373|654|117|
