2013-06-27|3|1_CTs|ct1||97|89|78|61|50|39|26|24|19|11|8|8|15|7|6|10|8|10|4|10|7|8|17|20|27|47|61|85|113|148|194|216|218|135|233|209|198|205|185|217|198|196|181|203|203|185|173|197|185|166|170|179|183|173|168|164|155|200|181|199|142|182|176|314|329|328|311|236|200|213|195|217|202|179|172|105|140|200|188|205|189|197|203|178|141|41|136|111|129|108|107|88|105|88|80|80|
2013-06-27|3|1_CTs|ct3||138|128|124|116|86|85|70|37|39|32|24|20|22|20|24|24|32|25|16|42|24|37|68|64|72|104|149|178|215|237|281|288|293|263|341|285|294|282|296|293|246|239|254|251|220|248|245|291|293|309|256|300|276|319|319|405|271|362|297|328|267|278|263|210|193|223|205|208|258|252|233|258|243|264|206|89|119|278|246|272|288|435|268|333|338|103|216|266|216|174|182|149|186|144|130|162|
2013-06-27|3|1_CTs|ct5||149|188|178|182|146|103|81|69|52|53|30|27|41|20|19|23|19|25|17|17|16|12|20|31|35|50|49|85|95|120|148|166|224|259|244|276|231|244|266|221|209|213|196|172|221|202|192|197|213|225|236|245|246|187|174|197|191|192|225|218|246|224|250|237|263|245|259|281|294|289|302|291|190|293|294|66|252|253|263|286|292|283|261|232|185|76|156|152|181|196|160|144|167|171|168|168|
2013-06-27|3|1_CTs|ct6||18|15|14|8|5|3|4|3|5|1|6|0|3|5|3|3|1|3|3|2|2|1|7|9|7|7|17|32|22|54|46|55|44|70|78|81|79|60|81|72|58|52|73|43|43|38|35|35|35|47|51|35|35|41|38|51|45|49|50|61|50|65|52|54|49|49|40|57|59|69|56|74|67|62|64|56|62|80|82|56|65|53|47|32|30|11|24|25|33|35|27|22|28|23|18|21|
2013-06-27|3|1_CTs|ct7||175|191|188|198|159|113|124|87|81|70|62|49|45|41|36|25|37|35|35|34|32|26|43|28|54|62|65|76|100|115|127|150|185|214|201|175|195|186|197|186|184|190|187|184|188|182|190|172|207|206|206|183|170|168|154|157|176|189|206|159|206|215|164|175|194|197|179|102|98|61|81|60|56|47|45|77|47|87|72|64|99|146|175|161|179|51|120|115|134|140|145|147|163|164|140|177|
2013-06-27|3|1_CTs|ct9||99|98|109|82|74|71|80|49|53|47|57|41|50|32|38|35|30|32|27|31|23|21|35|33|40|40|45|62|81|99|129|183|212|274|227|238|234|234|231|225|233|208|176|245|199|184|166|169|167|175|164|167|135|139|120|162|171|174|193|194|142|174|173|174|169|186|176|185|227|197|237|199|188|81|52|81|123|122|175|204|189|187|144|139|124|39|129|85|94|108|118|103|96|102|91|136|
2013-06-27|3|1_CTs|ct10||104|111|96|98|93|73|70|57|59|57|65|40|33|29|28|38|39|36|48|30|34|27|19|38|28|41|50|81|65|63|136|135|147|170|172|186|185|188|174|155|155|154|135|146|140|104|119|128|128|136|129|141|133|130|95|128|138|125|151|137|146|153|130|147|159|149|145|185|163|148|145|142|139|144|135|104|89|133|131|135|133|137|121|138|123|30|19|113|108|118|84|125|99|113|108|135|
2013-06-27|3|1_CTs|ct13||240|252|244|215|502|1321|2145|1007|847|1202|636|415|76|145|428|652|539|149|797|3091|2759|157|208|808|2367|3765|1220|3122|1701|224|222|194|269|311|241|186|216|246|262|194|237|204|223|206|244|195|179|194|292|262|279|233|213|261|276|261|257|188|174|211|296|278|301|268|326|303|207|332|190|200|202|188|138|133|166|116|181|172|759|829|256|522|260|835|590|254|312|285|406|1502|2183|537|444|1257|1453|365|
2013-06-27|3|1_CTs|ct14||77|55|39|30|32|27|27|13|16|9|12|9|16|9|8|10|10|5|7|10|15|17|23|27|49|67|127|166|240|271|269|260|256|251|212|262|270|275|279|255|256|202|216|221|183|159|152|134|145|183|181|181|157|153|152|187|163|208|196|242|194|186|175|155|134|174|169|200|186|218|206|210|137|220|191|164|170|206|171|239|198|185|146|129|137|39|97|108|95|97|104|65|68|87|72|67|
2013-06-27|3|1_CTs|CT16||117|67|115|74|80|74|54|58|31|46|51|32|33|30|49|20|24|31|25|29|12|18|19|33|21|31|38|51|62|96|135|134|136|165|144|178|198|166|168|166|143|175|146|141|138|147|162|134|156|176|132|147|128|109|124|145|130|148|166|149|163|129|169|172|171|143|184|200|193|229|191|221|240|233|213|234|244|238|296|248|185|192|172|115|126|26|92|106|87|109|93|100|110|103|88|106|
2013-06-27|3|1_CTs|ct17||94|112|98|98|64|55|72|35|30|23|45|29|28|26|20|28|25|36|25|23|29|24|23|35|29|48|45|80|79|133|199|207|270|303|337|338|301|203|258|279|259|238|234|211|191|173|166|209|220|214|194|205|214|197|173|201|201|213|247|210|226|239|240|235|220|207|244|257|284|270|225|255|215|94|146|169|88|102|208|209|217|211|166|181|152|45|16|122|123|113|87|130|112|134|128|147|
2013-06-27|3|1_CTs|ct18||130|128|123|119|109|88|85|75|65|74|80|52|46|44|42|39|52|49|49|37|40|34|30|61|37|62|81|113|117|145|233|212|274|305|279|246|310|260|245|253|236|231|191|206|202|195|191|164|198|204|187|216|185|205|186|160|212|226|231|217|228|231|228|233|215|196|195|191|257|202|198|241|231|198|183|109|101|128|186|179|213|196|166|191|163|42|18|152|159|168|122|164|147|143|129|183|
2013-06-27|3|1_CTs|ct19||3|1|1|3|2|0|0|0|0|0|0|0|0|0|0|0|0|0|0|0|0|0|0|1|1|1|0|3|2|3|6|4|5|3|6|9|2|3|2|2|2|4|3|1|3|2|1|4|6|0|3|3|2|3|3|6|1|0|3|3|1|1|1|1|0|3|2|0|0|5|2|0|2|4|6|0|2|1|4|6|2|5|5|1|3|0|1|1|0|3|0|0|2|0|3|1|
2013-06-27|3|1_CTs|ct20||70|52|32|41|41|36|30|25|11|18|15|10|9|6|7|8|9|8|7|13|13|14|10|28|27|56|81|100|137|155|145|178|140|173|195|191|132|125|92|96|107|178|171|179|136|159|142|129|140|148|156|164|171|164|164|163|168|200|184|195|151|157|155|198|147|164|181|158|191|179|111|87|164|132|89|85|52|51|59|54|61|95|166|153|163|49|7|113|103|103|81|98|97|99|82|65|
2013-06-27|3|1_CTs|ct22||10|7|13|9|4|6|3|0|3|2|1|1|2|0|2|1|2|3|3|5|4|0|1|3|3|7|4|6|1|10|20|12|20|14|27|35|18|28|26|19|25|20|28|31|29|20|27|28|35|23|31|24|23|14|20|18|27|22|19|31|24|24|39|25|30|31|34|44|46|62|78|62|63|64|47|54|52|69|62|41|41|22|23|17|14|2|16|13|12|8|8|9|9|7|3|8|
2013-06-27|3|1_CTs|CT23||153|168|162|89|79|85|56|47|32|33|23|32|29|19|18|13|15|21|14|20|12|14|14|17|25|42|45|72|77|125|159|193|259|220|297|274|276|279|232|299|194|188|237|192|193|206|191|230|226|250|276|261|293|243|230|207|210|265|229|257|216|253|284|269|265|271|289|327|353|400|368|438|353|87|2|1|235|368|308|352|348|338|297|279|225|74|213|202|202|211|165|154|135|132|128|114|
2013-06-27|3|1_CTs|ct24||284|255|185|166|140|120|94|59|71|48|47|44|44|44|34|45|37|31|40|52|58|84|99|166|219|332|537|728|950|929|929|909|858|814|918|826|882|874|869|909|952|853|955|893|825|731|694|676|649|855|844|871|823|785|775|811|786|922|960|884|858|794|805|781|723|724|802|775|853|887|884|854|589|867|705|657|779|804|779|841|779|734|703|632|578|168|426|442|442|407|396|370|346|410|330|297|
