2011-11-05|6|1_CTs|CT1||1|1|0|2|1|0|0|3|0|0|1|0|1|0|1|1|0|0|2|3|3|1|1|5|7|6|8|3|1|3|3|6|1|1|10|11|7|3|5|8|6|6|8|11|7|3|9|7|5|4|3|5|6|5|5|3|5|3|3|8|2|4|6|3|2|5|5|2|2|3|6|1|3|2|1|4|2|3|2|1|1|2|1|4|3|1|2|2|2|1|4|7|4|1|0|2|
2011-11-05|6|1_CTs|CT3||20|11|21|15|13|8|8|13|3|6|1|6|5|3|7|6|5|9|8|18|10|34|28|27|36|40|48|46|40|43|48|61|44|39|36|42|31|42|29|40|31|35|37|25|38|39|39|41|48|38|30|40|34|27|43|39|40|32|32|42|39|31|38|40|46|41|54|30|49|53|36|41|46|31|36|20|26|30|19|23|21|16|20|19|23|21|11|21|16|16|6|14|20|27|20|13|
2011-11-05|6|1_CTs|CT4||12|8|11|4|7|8|7|7|1|3|5|2|7|3|2|3|3|0|3|3|0|2|1|4|2|1|2|4|6|5|8|7|8|7|9|11|10|10|15|22|15|18|20|27|22|23|31|19|29|23|9|3|23|27|30|9|15|18|18|17|2|18|30|20|17|17|21|12|20|25|18|14|23|25|25|33|25|21|23|19|26|17|22|19|17|22|14|19|11|11|7|11|8|10|9|8|
2011-11-05|6|1_CTs|CT5||30|27|24|18|23|15|19|17|9|5|9|14|12|9|4|9|8|9|6|7|11|9|7|7|9|11|14|16|16|20|21|21|28|29|31|33|29|44|37|53|48|42|41|58|53|56|57|54|42|58|49|36|53|57|52|32|40|44|44|44|64|61|63|71|64|56|72|62|65|62|59|66|68|78|57|58|56|53|46|44|43|48|47|40|42|42|45|37|30|27|34|41|27|19|37|22|
2011-11-05|6|1_CTs|CT6||42|39|30|30|22|14|14|16|15|10|9|14|16|17|16|10|7|7|10|9|6|13|15|17|13|17|26|19|21|28|34|34|23|35|46|58|60|51|60|81|70|83|95|98|116|94|96|109|123|117|143|128|115|117|120|90|81|94|105|118|91|94|106|103|96|89|89|85|77|91|78|88|96|81|79|70|80|89|78|78|71|80|63|54|64|44|52|40|34|23|36|40|35|32|38|39|
2011-11-05|6|1_CTs|CT7||10|8|6|3|5|1|2|5|0|5|3|2|1|2|1|1|3|3|1|0|2|1|2|6|3|7|5|9|3|6|9|13|16|8|10|17|17|13|21|18|14|19|21|23|22|28|21|19|26|18|17|12|22|18|19|17|17|12|13|16|14|16|21|28|17|18|16|13|18|20|22|14|19|11|13|18|14|16|14|12|11|13|18|12|9|10|4|7|8|5|15|5|5|8|4|5|
2011-11-05|6|1_CTs|CT8||57|50|45|37|35|49|34|25|33|18|25|17|24|15|11|18|24|26|11|11|12|14|18|17|29|24|25|40|30|53|71|63|58|74|89|97|97|87|107|100|99|106|95|111|108|113|122|95|99|114|92|117|120|94|107|127|81|119|91|119|136|124|124|127|123|118|121|110|117|98|146|110|112|130|130|131|112|125|117|106|100|114|119|81|86|67|76|66|49|52|72|71|65|54|52|66|
2011-11-05|6|1_CTs|CT9||66|67|59|43|48|27|30|35|24|19|13|21|20|25|12|17|13|13|15|18|17|19|24|23|39|51|38|50|41|56|78|70|73|95|120|143|151|123|131|160|142|151|142|188|157|146|166|179|165|170|160|180|179|199|179|172|161|149|140|161|180|189|178|154|174|181|167|162|195|164|169|167|174|184|151|144|141|173|114|138|128|133|109|102|98|91|71|60|57|51|87|79|70|52|67|56|
2011-11-05|6|1_CTs|CT10||37|42|32|34|32|20|23|30|16|19|12|16|18|10|8|13|9|10|8|5|13|16|13|25|29|22|41|28|31|44|43|53|69|52|71|97|106|108|123|114|123|121|93|121|150|131|136|147|134|138|137|140|152|128|147|102|102|108|110|106|115|127|127|121|120|137|133|117|123|124|121|125|114|159|125|141|129|100|104|115|102|121|68|79|75|75|69|58|63|44|46|89|41|45|44|38|
2011-11-05|6|1_CTs|CT11||60|31|29|21|23|29|18|9|14|14|9|11|13|9|10|16|8|11|8|13|21|17|20|25|30|37|40|48|45|61|84|92|102|116|125|167|168|138|152|172|166|161|142|169|178|166|156|159|170|143|144|143|158|139|118|122|117|137|123|147|138|145|136|135|132|141|121|124|122|120|117|114|136|109|110|107|117|141|107|99|124|103|90|72|84|58|68|47|54|48|53|55|48|36|55|38|
2011-11-05|6|1_CTs|CT12||59|34|49|42|26|21|28|31|26|20|11|12|19|8|9|12|15|6|13|18|11|18|12|21|34|21|35|33|40|43|38|56|77|73|75|104|117|106|119|117|126|152|130|158|167|162|163|161|147|175|170|161|182|145|138|110|125|116|95|122|139|122|115|125|141|140|158|134|148|125|133|143|124|139|129|121|132|124|106|110|107|103|69|93|67|55|75|58|60|38|41|68|46|38|48|47|
2011-11-05|6|1_CTs|CT13||0|0|0|0|0|0|0|0|0|0|0|0|0|0|0|0|0|0|0|0|0|0|0|0|0|0|0|0|0|0|0|0|0|0|0|0|0|0|0|0|0|0|0|0|0|0|0|0|0|0|0|78|79|91|66|81|57|55|103|57|89|94|51|49|35|31|28|45|31|34|67|63|59|84|67|42|117|58|21|65|73|156|171|108|41|39|39|27|21|21|54|25|26|22|26|19|
2011-11-05|6|1_CTs|CT14||44|30|28|28|16|17|15|18|11|7|12|10|16|27|10|13|9|10|5|8|15|13|14|14|16|19|28|23|28|25|23|31|46|42|39|56|56|55|54|54|71|80|79|74|97|97|108|75|83|98|95|100|123|87|104|75|75|69|82|66|89|69|89|86|86|113|91|85|101|85|86|76|63|107|80|94|82|79|72|57|72|59|40|50|46|38|37|47|42|25|37|54|33|31|30|41|
2011-11-05|6|1_CTs|CT15||25|25|22|11|17|11|7|10|11|6|13|4|3|3|4|8|8|4|5|6|9|13|17|17|22|21|24|23|19|32|37|34|45|46|54|54|66|48|56|71|70|65|66|71|75|71|55|69|82|71|57|58|47|48|62|55|53|44|48|50|65|58|63|78|64|54|50|62|44|56|49|61|61|55|46|50|49|44|30|38|40|44|49|30|27|26|25|20|19|17|27|19|16|16|17|14|
2011-11-05|6|1_CTs|CT16||56|52|39|27|41|28|21|25|19|21|17|18|16|11|10|18|7|16|11|4|16|18|16|28|29|30|44|39|39|55|67|87|91|89|104|139|147|154|166|180|182|161|146|157|203|185|166|198|190|157|166|150|175|163|148|151|140|137|157|138|158|145|173|172|149|152|170|138|128|143|141|133|143|154|123|147|153|143|130|139|127|136|113|90|98|90|75|72|67|61|72|72|45|51|44|52|
2011-11-05|6|1_CTs|CT17||18|16|19|13|9|11|16|16|4|5|7|5|9|8|7|8|5|3|5|6|4|3|4|6|7|7|7|9|7|12|25|22|25|32|27|27|43|36|40|48|51|36|26|27|32|28|36|29|43|45|36|45|43|48|56|51|49|47|25|31|57|42|41|69|27|61|40|51|40|26|40|36|30|47|50|38|35|40|23|41|27|30|30|37|32|22|20|23|9|8|14|16|13|11|16|21|
2011-11-05|6|1_CTs|CT18||90|90|73|63|64|52|49|41|34|31|25|26|35|25|18|27|16|27|24|17|28|29|31|32|46|43|54|48|44|58|82|87|96|101|116|136|121|167|165|200|185|209|190|207|230|246|226|237|227|255|225|241|233|198|204|205|171|175|219|200|215|204|225|237|215|227|242|212|199|207|201|187|227|229|221|187|186|181|159|165|173|178|170|144|143|136|130|119|97|92|95|112|92|83|97|102|
2011-11-05|6|1_CTs|CT19||48|59|48|40|20|27|35|33|22|16|19|22|20|11|21|16|18|15|14|17|14|15|9|12|15|14|16|22|21|26|32|42|32|40|54|56|76|67|81|119|114|97|109|132|136|135|136|148|148|150|188|182|163|150|149|127|132|101|123|134|116|138|114|125|138|142|147|126|158|140|157|149|126|138|138|138|122|136|106|112|85|109|89|83|69|74|67|64|52|45|48|52|51|43|48|59|
2011-11-05|6|1_CTs|CT20||44|35|18|26|16|16|18|13|22|5|7|5|9|20|7|10|9|6|4|6|5|6|16|7|18|18|18|24|28|24|41|39|43|34|65|65|70|18|83|46|90|107|113|127|43|62|27|119|56|120|53|124|49|96|77|62|12|89|101|112|123|107|111|115|97|93|92|99|107|95|90|112|109|105|66|79|45|13|79|73|61|6|64|49|54|52|55|34|33|25|55|34|30|35|38|29|
2011-11-05|6|1_CTs|CT21||86|79|60|62|45|35|35|24|25|22|18|19|21|12|13|20|26|30|24|27|27|34|29|34|37|59|72|71|81|88|112|141|92|136|158|181|192|210|226|209|183|181|182|174|162|173|169|168|194|175|185|189|181|179|179|173|179|187|197|221|165|203|196|207|196|172|220|180|158|209|183|186|206|201|172|204|173|183|170|166|165|179|149|114|133|115|80|81|87|107|94|97|99|99|85|79|
2011-11-05|6|1_CTs|CT22||118|115|77|74|66|50|50|62|44|45|39|33|44|30|27|31|30|33|35|41|57|39|62|66|77|94|81|88|75|100|110|119|125|120|133|131|125|148|160|189|203|194|176|207|235|211|205|235|248|209|262|234|291|240|237|222|200|201|202|208|224|197|258|227|252|227|250|231|260|245|224|260|234|238|220|249|252|197|181|177|195|182|162|126|97|127|108|106|86|91|122|101|109|117|104|134|
2011-11-05|6|1_CTs|CT23||86|77|78|51|59|60|51|45|32|30|36|23|19|23|11|18|18|27|21|20|20|30|27|33|53|46|53|75|61|76|106|96|112|121|136|153|164|155|163|175|160|186|180|182|189|169|182|164|189|196|168|190|180|173|199|194|172|168|185|184|197|206|201|183|198|197|208|190|207|171|205|189|165|205|168|205|158|169|156|173|147|166|178|140|122|107|103|97|75|96|79|106|87|87|73|99|
2011-11-05|6|1_CTs|CT24||112|81|77|66|61|54|36|52|44|40|42|32|24|31|38|31|24|14|23|30|25|32|33|42|41|50|59|59|57|43|85|94|83|96|115|112|119|130|132|151|123|146|159|167|210|182|202|167|210|208|214|230|211|216|217|188|194|159|164|173|199|221|195|184|197|203|192|218|187|207|190|218|221|211|228|212|182|162|213|187|192|156|151|132|102|118|98|99|93|96|78|105|96|88|100|124|
