2012-05-10|2|1_CTs|ct1||50|40|30|14|25|16|17|8|11|9|7|7|5|7|7|7|8|8|9|10|13|13|19|19|23|20|33|44|52|66|68|87|122|89|127|114|137|114|126|117|128|121|147|128|135|137|139|111|143|123|135|133|132|125|117|108|126|125|137|125|120|113|141|111|137|112|128|117|104|107|103|123|120|109|107|109|120|131|127|141|139|145|157|119|116|93|102|84|83|77|95|77|87|85|84|54|
2012-05-10|2|1_CTs|ct2||25|19|7|15|17|6|8|4|4|5|1|2|3|3|2|1|4|5|5|3|3|6|4|10|12|16|17|12|14|17|25|22|38|27|51|47|61|54|63|37|60|71|63|59|69|65|66|55|83|64|62|66|73|62|39|54|64|60|64|63|56|51|67|64|66|62|62|45|42|51|52|53|54|39|43|36|46|45|66|57|59|61|74|50|48|50|47|33|17|29|35|36|15|36|28|23|
2012-05-10|2|1_CTs|ct3||122|85|61|55|56|52|45|27|25|26|25|14|16|25|18|11|19|12|22|24|29|28|30|49|46|51|56|60|76|97|108|130|149|155|195|171|197|203|201|189|206|233|241|189|220|241|205|194|234|206|191|210|204|198|195|172|184|182|224|188|200|206|204|201|193|227|212|171|190|197|173|205|233|191|198|172|190|215|212|215|186|226|235|200|178|162|180|141|144|123|150|137|147|151|157|116|
2012-05-10|2|1_CTs|ct4||64|58|54|45|42|35|37|23|24|19|25|15|15|9|10|3|4|11|18|5|8|8|24|24|25|24|21|38|31|46|64|94|100|121|135|112|127|129|129|129|144|129|148|111|142|144|127|126|122|135|144|141|139|124|108|125|118|125|119|133|133|150|114|148|136|139|147|149|115|116|119|107|117|90|100|109|106|105|127|148|111|114|96|133|96|91|95|60|83|87|82|81|82|95|87|66|
2012-05-10|2|1_CTs|ct5||97|92|84|58|52|44|61|47|33|31|37|23|22|15|22|14|13|19|18|11|11|14|25|25|31|26|33|47|45|59|78|113|138|148|180|187|185|174|189|163|212|196|212|179|203|210|184|189|212|217|196|193|169|193|178|160|185|201|178|205|208|214|198|233|209|223|216|230|223|193|221|193|198|152|162|172|160|185|184|159|165|163|171|174|145|132|115|121|123|129|140|132|150|144|149|114|
2012-05-10|2|1_CTs|ct6||86|83|59|47|46|39|43|25|24|23|15|17|10|5|15|10|7|6|15|9|12|10|24|19|28|17|26|28|30|33|55|69|76|89|101|90|92|100|103|106|110|114|114|117|121|127|121|132|124|134|139|146|122|131|114|109|133|120|137|144|144|141|140|146|131|146|140|136|147|143|139|105|125|118|109|123|108|115|132|129|120|107|114|102|92|87|102|89|84|104|97|101|111|101|111|126|
2012-05-10|2|1_CTs|ct17||110|83|66|56|58|43|38|33|34|29|25|21|19|24|20|15|13|23|17|14|18|24|20|33|30|33|39|51|62|82|102|121|154|143|181|146|171|187|190|192|190|203|215|176|196|209|201|166|213|204|205|181|198|203|150|178|190|173|221|173|202|188|210|201|191|200|212|180|177|163|191|191|206|193|197|155|189|225|220|213|205|203|231|214|181|163|167|145|156|126|146|140|138|151|146|116|
2012-05-10|2|1_CTs|CT19||64|57|48|39|26|31|21|20|17|15|16|17|8|13|11|6|9|9|13|9|9|20|10|19|18|19|17|23|32|47|61|72|106|79|91|111|117|116|126|113|130|126|150|124|136|149|132|172|155|117|138|132|130|136|108|113|102|112|130|148|147|115|135|168|123|144|131|131|118|129|144|152|141|170|117|108|135|136|152|161|126|143|131|133|127|106|113|74|87|92|83|84|74|104|96|65|
2012-05-10|2|1_CTs|CT20||65|49|64|40|46|38|36|23|30|30|23|21|11|8|12|12|8|11|17|8|8|14|12|14|17|17|13|23|30|27|40|63|79|84|84|84|97|92|88|81|76|86|74|78|90|64|78|82|62|68|61|70|61|69|60|61|69|70|72|85|74|77|66|73|98|72|72|75|98|79|72|76|82|88|92|78|81|69|87|75|104|85|71|77|74|71|68|71|60|69|64|62|79|70|75|67|
2012-05-10|2|1_CTs|CT21||28|30|34|13|18|19|15|11|10|10|11|11|3|3|4|6|3|7|8|2|1|2|4|4|7|7|5|7|14|13|28|37|56|49|62|53|56|53|43|41|44|54|55|42|52|46|56|46|51|50|35|48|50|47|38|34|43|48|48|44|47|52|38|37|56|51|54|46|59|55|43|44|56|50|53|51|52|44|33|46|57|42|51|44|47|43|42|29|28|36|31|32|56|49|55|43|
