2011-08-31|6|1_CTs|CT1||1|1|0|1|0|1|0|0|2|1|0|2|0|0|1|0|1|2|1|1|3|2|3|4|5|6|5|1|3|3|7|4|2|7|3|4|4|5|5|3|1|6|3|7|4|9|4|3|9|4|3|2|8|14|8|2|4|4|5|3|2|3|5|8|4|3|4|6|4|7|1|5|5|4|5|9|6|5|7|5|2|2|7|2|8|7|4|3|6|15|7|15|8|1|0|2|
2011-08-31|6|1_CTs|CT3||12|19|12|10|12|7|2|6|1|3|2|3|5|4|4|3|5|7|9|14|11|23|22|24|25|35|34|42|44|68|59|61|67|56|65|67|64|63|74|51|51|47|62|42|47|38|46|52|47|49|38|45|45|33|51|58|45|42|57|62|56|47|47|39|53|55|61|50|40|56|54|60|69|51|70|52|57|67|48|54|44|38|37|26|27|19|30|17|25|30|29|28|31|29|25|16|
2011-08-31|6|1_CTs|CT4||7|13|6|5|2|4|3|2|2|4|3|2|2|0|2|1|1|0|1|2|0|1|3|1|1|3|2|4|8|3|5|8|14|14|16|27|25|14|18|19|22|23|19|24|16|23|28|31|35|17|25|12|35|31|26|20|22|22|25|34|31|26|22|14|34|24|30|21|26|42|33|41|46|41|46|34|33|35|34|35|30|30|24|16|20|14|19|9|13|10|11|12|13|8|7|14|
2011-08-31|6|1_CTs|CT5||13|25|17|10|10|10|10|13|11|5|9|3|7|5|5|5|5|2|4|3|5|6|8|8|12|17|14|9|22|14|32|38|51|63|58|62|59|46|50|60|46|80|66|82|78|54|59|68|59|57|60|66|49|44|40|74|64|80|79|68|65|66|65|74|69|59|64|68|64|75|77|63|57|65|63|70|66|56|64|44|58|57|45|51|40|30|37|34|30|28|36|24|24|18|13|20|
2011-08-31|6|1_CTs|CT6||19|17|11|12|7|11|8|5|10|3|2|6|4|3|8|4|2|2|5|6|7|14|8|14|10|16|16|16|26|39|44|60|78|89|99|125|108|108|93|100|102|90|102|92|93|82|101|83|90|72|100|94|99|80|89|101|81|113|88|98|111|83|91|82|78|87|116|92|108|111|108|111|120|100|105|115|96|120|96|88|98|78|67|65|60|50|44|46|45|46|59|46|42|33|24|23|
2011-08-31|6|1_CTs|CT7||7|6|5|2|2|3|2|2|1|0|1|1|2|1|2|1|0|2|0|1|0|3|0|2|1|5|3|6|6|5|18|18|18|20|28|22|31|31|25|27|20|13|26|24|27|32|23|18|23|17|24|17|23|17|16|28|15|26|22|22|18|20|33|18|18|21|23|36|21|25|22|25|24|34|27|27|23|10|22|21|18|14|10|12|10|8|6|12|5|7|6|7|9|8|7|8|
2011-08-31|6|1_CTs|CT8||46|36|34|19|22|21|17|13|18|17|12|10|13|13|5|8|4|10|5|5|11|15|21|21|25|18|35|49|71|101|137|162|183|209|202|233|181|200|180|175|168|147|152|124|130|120|145|143|146|106|121|144|136|138|118|120|136|154|161|161|152|147|155|133|140|145|141|144|155|160|170|170|163|177|183|163|170|187|154|163|137|121|107|117|95|84|92|73|53|93|79|83|64|61|58|57|
2011-08-31|6|1_CTs|CT9||47|35|34|34|22|35|13|15|16|17|20|7|13|9|18|12|6|5|8|13|14|27|15|32|36|42|51|57|79|109|144|160|166|181|211|286|244|235|187|182|161|184|198|186|158|191|183|181|186|201|172|163|163|159|156|162|162|195|204|192|180|202|208|220|191|177|189|212|208|198|203|211|215|277|315|322|327|345|316|299|220|169|125|109|102|96|86|94|87|72|71|65|67|52|58|56|
2011-08-31|6|1_CTs|CT10||31|36|36|25|14|14|7|9|6|2|12|9|9|5|6|3|7|5|2|3|5|8|8|22|28|27|40|40|46|62|71|111|106|140|232|267|251|192|202|171|141|139|125|135|147|136|110|145|120|152|128|124|133|135|123|127|138|137|132|139|153|130|152|171|146|148|140|142|151|168|177|163|181|177|172|180|170|197|161|150|147|105|96|107|80|73|68|56|63|66|50|52|52|49|39|45|
2011-08-31|6|1_CTs|CT11||34|22|21|17|10|20|3|12|20|13|12|7|6|11|10|6|1|10|8|14|21|24|17|28|33|36|61|73|83|116|176|183|221|189|218|245|245|210|203|181|207|184|151|144|165|166|154|152|157|161|154|174|139|70|156|145|158|158|183|150|202|158|194|150|147|140|159|156|134|139|165|148|137|167|139|167|136|128|133|156|143|151|110|92|88|81|61|53|54|57|29|24|49|47|43|29|
2011-08-31|6|1_CTs|CT12||30|28|30|22|14|15|13|15|15|4|15|12|9|5|8|5|7|4|8|8|9|15|15|19|28|30|40|56|49|75|71|99|102|148|211|266|238|188|215|165|143|170|129|137|138|151|142|158|155|171|136|167|151|126|145|144|159|144|160|144|167|144|164|159|174|167|175|177|164|195|211|207|234|236|213|202|237|185|191|181|153|114|110|105|105|74|71|53|58|64|50|50|61|53|44|49|
2011-08-31|6|1_CTs|CT13||31|32|20|16|13|16|9|12|10|7|10|4|15|8|9|6|2|6|8|7|8|17|12|21|32|31|34|53|60|83|105|114|130|136|134|195|150|166|130|153|118|135|129|131|130|156|135|113|134|142|131|125|121|109|102|125|129|146|132|117|138|133|139|147|157|141|132|170|162|181|142|159|170|214|259|264|259|273|244|225|134|110|78|83|64|62|62|65|53|49|52|38|45|42|43|45|
2011-08-31|6|1_CTs|CT14||23|25|20|14|14|7|9|6|12|5|8|7|9|5|3|5|5|10|2|7|5|9|12|13|15|14|16|29|29|33|43|53|59|76|121|200|156|119|110|94|77|90|71|83|83|92|102|105|87|116|81|91|106|87|105|94|91|91|89|91|93|118|112|99|115|132|132|113|120|132|135|157|157|150|144|139|149|150|137|107|107|72|76|72|88|46|39|57|44|39|39|34|33|23|31|24|
2011-08-31|6|1_CTs|CT15||15|13|14|7|7|3|5|9|4|4|3|3|8|6|10|3|4|2|7|9|6|15|8|19|15|20|19|27|40|50|64|70|80|72|100|130|93|102|77|96|83|72|77|68|65|59|76|60|83|72|73|75|61|72|57|67|68|54|81|75|70|63|82|72|73|73|68|68|69|90|66|66|65|104|161|156|132|151|142|115|67|62|43|42|27|40|18|35|26|19|23|22|20|34|24|19|
2011-08-31|6|1_CTs|CT16||44|38|28|21|18|17|10|7|12|7|13|2|13|6|12|2|3|10|3|9|7|12|8|23|28|24|40|48|56|70|140|142|170|181|195|187|217|173|192|203|185|175|167|184|181|169|158|152|150|174|170|164|164|153|144|167|150|187|193|152|203|170|199|178|174|161|167|172|156|169|169|160|161|178|165|186|130|142|136|149|132|135|98|111|86|87|71|85|62|80|55|61|53|50|47|37|
2011-08-31|6|1_CTs|CT17||15|4|5|8|1|7|2|3|2|0|4|1|2|0|1|2|1|0|0|4|1|0|2|3|4|4|2|4|2|7|11|11|22|21|37|34|35|20|52|51|54|72|70|84|71|66|82|71|60|77|53|74|66|64|61|65|85|95|72|76|74|79|99|73|88|80|80|92|78|75|99|84|95|101|98|85|87|90|72|87|57|52|33|47|40|36|40|29|28|23|24|23|24|24|26|26|
2011-08-31|6|1_CTs|CT18||59|64|58|38|35|27|20|24|27|21|21|12|17|12|16|13|12|10|12|9|16|21|15|22|37|45|45|50|65|96|143|165|163|218|225|224|255|214|247|219|219|248|215|240|223|225|214|208|210|216|211|233|213|198|182|193|210|246|259|211|275|268|219|236|220|207|224|236|210|238|257|243|255|256|244|269|221|231|204|189|187|173|154|145|121|121|123|125|86|97|105|98|81|68|57|78|
2011-08-31|6|1_CTs|CT19||37|26|27|29|10|18|17|15|18|16|9|11|10|5|11|8|7|3|3|5|2|3|5|7|6|7|10|21|14|29|31|68|73|82|95|126|121|111|105|108|111|130|128|134|104|121|119|138|124|139|125|135|133|126|106|93|121|132|131|141|138|130|137|150|164|150|134|139|144|133|145|155|195|188|183|141|160|136|132|130|134|110|95|102|77|69|71|54|58|49|54|42|47|36|44|38|
2011-08-31|6|1_CTs|CT20||20|19|15|15|18|7|4|7|6|5|7|4|4|4|7|1|4|4|4|9|5|10|12|13|13|21|23|15|42|49|44|57|74|104|72|40|89|90|107|121|108|103|123|118|95|96|121|77|122|129|68|63|109|98|96|9|110|120|112|4|30|37|118|117|93|96|108|100|49|128|124|132|114|113|110|136|79|57|118|105|50|26|84|61|65|67|56|64|37|39|37|42|32|27|28|26|
2011-08-31|6|1_CTs|CT21||74|76|45|35|28|29|28|16|19|10|13|21|12|10|13|20|8|20|17|20|26|26|35|38|43|55|82|101|108|183|205|252|255|270|286|287|274|277|279|276|257|228|212|247|235|192|203|219|217|215|216|226|224|191|203|227|213|204|246|246|222|216|303|231|232|249|215|242|229|243|277|253|224|246|254|275|241|261|219|247|200|176|175|159|104|123|118|99|95|98|118|100|91|93|85|69|
2011-08-31|6|1_CTs|CT22||90|78|75|41|56|44|37|29|39|34|30|22|21|27|23|16|18|20|34|28|39|28|38|52|54|71|90|97|97|126|171|175|161|220|237|286|276|229|234|242|242|272|230|214|239|229|252|291|275|236|255|227|222|216|244|211|259|252|257|252|265|281|288|275|291|286|321|292|335|351|342|351|350|389|329|333|321|370|295|275|278|259|206|167|163|153|146|112|141|138|133|124|127|109|99|119|
2011-08-31|6|1_CTs|CT23||71|59|56|40|39|28|27|21|23|19|13|19|23|16|13|17|13|13|11|12|16|17|28|30|29|37|62|91|107|154|217|254|247|295|320|333|294|299|295|265|250|244|250|207|208|216|234|217|229|211|200|228|224|236|199|233|248|251|267|270|271|260|252|249|233|266|239|247|245|266|281|285|319|291|348|307|272|299|245|274|236|220|189|184|132|128|130|124|109|133|121|132|108|84|98|93|
2011-08-31|6|1_CTs|CT24||69|63|54|49|29|30|28|29|25|25|23|19|13|17|18|16|12|16|16|17|18|20|30|34|47|43|52|80|81|111|137|166|195|226|276|318|299|303|284|276|235|259|236|213|201|237|220|273|229|237|260|245|234|228|201|184|188|250|248|252|239|240|255|272|283|290|257|296|257|282|330|325|347|370|334|332|331|294|324|318|280|245|201|168|166|140|122|97|100|118|100|103|107|89|91|88|
