2017-11-19|3|1_CTs|ct1||480|743|192|136|147|128|131|99|340|325|76|86|76|75|41|317|47|43|45|49|41|32|24|33|31|31|823|294|55|59|74|81|74|74|86|100|362|120|147|137|132|135|173|192|165|202|183|202|219|219|226|260|258|241|487|177|203|463|738|220|499|290|760|546|293|284|278|252|289|229|255|251|231|237|234|487|258|225|227|476|720|425|431|155|164|153|159|147|132|150|116|121|116|115|106|352|
2017-11-19|3|1_CTs|ct3||357|616|538|229|251|219|208|193|141|120|135|144|140|118|88|354|95|78|87|90|66|73|49|68|46|58|344|377|88|106|380|130|612|166|144|190|426|453|232|214|212|244|298|267|253|312|308|290|357|333|340|393|382|360|345|288|313|325|490|466|360|683|657|429|429|441|660|373|430|355|362|1132|350|360|330|585|383|352|358|598|565|777|278|257|521|241|213|247|218|201|454|209|188|193|169|164|
2017-11-19|3|1_CTs|ct5||194|756|247|240|376|128|108|88|830|356|80|341|66|59|58|45|34|36|49|32|286|29|22|288|26|23|39|34|34|32|42|62|57|326|87|583|351|97|94|108|357|138|140|374|135|149|174|375|150|139|223|442|201|190|660|385|149|233|338|195|537|319|462|476|461|493|243|482|219|229|252|227|226|234|227|203|203|196|178|182|423|161|655|112|110|120|117|369|107|104|110|102|113|123|95|98|
2017-11-19|3|1_CTs|ct6||19|19|7|12|8|11|6|8|7|3|4|4|2|5|3|2|1|3|2|5|4|1|2|5|2|7|2|5|6|7|10|6|4|6|266|9|7|9|8|12|13|13|10|20|19|22|22|17|21|21|22|21|28|29|21|15|18|25|29|28|36|35|27|36|28|278|38|34|34|36|38|40|32|35|34|29|281|27|276|18|20|20|22|13|21|17|18|20|17|18|12|12|10|13|9|7|
2017-11-19|3|1_CTs|ct7||661|178|115|107|349|620|90|96|101|87|70|80|65|64|65|51|42|51|309|48|50|33|45|52|41|50|36|42|42|31|36|52|305|48|56|54|85|60|68|73|63|75|75|76|83|85|93|296|29|49|94|122|369|357|98|93|108|114|376|120|620|123|142|149|162|158|1160|156|151|393|409|405|173|160|144|404|649|136|121|131|125|107|111|83|90|90|99|85|91|85|88|70|340|91|89|67|
2017-11-19|3|1_CTs|ct8||101|134|119|86|322|312|53|66|45|41|38|34|29|32|45|35|22|24|273|18|14|11|27|32|18|22|20|23|17|269|22|29|30|32|32|25|46|36|44|50|43|47|41|48|58|41|79|60|312|70|54|67|61|51|58|69|78|75|78|76|71|70|75|92|86|115|868|105|92|111|92|351|110|100|91|345|348|75|76|73|76|61|63|53|56|53|75|55|48|55|52|46|310|46|67|38|
2017-11-19|3|1_CTs|ct9||144|152|133|117|121|389|105|106|94|358|87|95|70|87|73|76|69|337|48|69|68|41|36|43|48|53|302|42|45|40|54|47|47|45|58|75|77|63|69|82|102|109|103|109|141|112|150|360|131|129|384|663|125|143|130|114|113|356|130|158|123|433|158|379|159|393|420|134|154|138|151|153|134|419|162|387|127|393|148|130|104|94|336|109|340|94|93|85|98|85|97|75|77|91|74|60|
2017-11-19|3|1_CTs|ct10||123|95|94|111|108|95|108|91|116|118|118|82|109|121|102|82|95|72|89|61|70|72|43|40|51|63|29|42|30|33|40|36|30|33|30|28|31|47|46|48|66|64|61|81|75|82|70|81|82|112|100|99|92|123|93|99|72|79|89|87|83|104|127|140|140|135|127|142|135|133|133|146|153|144|143|94|123|106|134|114|115|111|94|95|84|93|64|83|80|85|76|88|71|87|64|58|
2017-11-19|3|1_CTs|ct13||627|519|2271|1939|2225|1294|790|1276|1377|2002|1665|323|2331|850|480|1654|818|736|838|136|2401|3124|2059|2697|1413|394|2721|2048|323|80|1009|893|136|551|461|331|116|150|230|830|170|882|162|916|421|659|564|184|628|1024|486|1008|562|833|1082|446|175|209|462|198|202|477|246|243|539|261|268|521|271|259|244|230|286|245|268|489|265|512|252|478|242|235|217|210|198|205|168|397|160|186|138|157|156|207|136|635|
2017-11-19|3|1_CTs|CT16||124|392|147|169|126|365|151|140|140|118|109|141|102|93|372|96|84|108|69|73|75|59|41|47|34|44|52|42|34|59|43|64|36|36|311|92|336|41|68|61|344|109|80|90|129|99|83|108|107|100|106|130|345|135|129|365|617|105|369|372|91|153|386|133|145|134|140|156|146|171|142|170|142|166|154|389|122|682|400|118|392|366|109|104|367|79|80|111|88|90|100|89|81|117|92|107|
2017-11-19|3|1_CTs|ct18||148|127|136|159|124|134|137|119|125|145|129|106|126|128|121|98|107|96|109|67|80|88|47|50|62|69|37|48|36|54|56|54|45|46|49|50|40|58|74|60|83|88|90|107|98|96|90|107|119|150|132|146|133|164|126|143|132|137|111|139|134|163|179|199|177|170|178|180|189|177|195|216|187|178|204|144|168|159|160|146|134|131|131|112|124|114|97|108|110|100|112|96|97|92|85|73|
2017-11-19|3|1_CTs|ct19||2|1|0|2|2|4|1|1|0|0|1|0|0|1|0|0|0|3|0|0|0|1|1|1|0|2|0|2|2|1|0|3|0|1|2|1|2|2|3|2|0|3|1|2|2|5|4|1|5|4|2|5|0|3|1|2|1|1|3|3|4|1|4|4|1|2|1|4|2|2|1|4|3|1|1|3|2|3|1|1|0|2|1|5|2|3|1|1|0|3|0|2|0|2|0|1|
2017-11-19|3|1_CTs|ct22||11|7|8|7|5|6|6|6|1|0|1|7|4|3|1|5|3|3|3|3|5|1|3|2|3|0|1|0|1|0|5|5|3|3|4|4|8|4|4|6|5|9|13|8|271|12|7|10|2|9|14|14|11|9|10|9|7|6|8|5|11|9|7|14|16|12|21|21|15|10|14|265|8|7|11|265|17|12|21|16|9|7|11|10|10|11|5|7|6|5|9|6|8|2|5|4|
2017-11-19|3|1_CTs|CT23||149|395|127|123|621|79|87|61|583|59|55|50|56|48|66|44|43|298|48|47|38|37|41|40|51|303|290|50|63|312|63|73|282|83|49|329|68|66|88|344|596|88|84|380|99|92|122|353|123|384|146|150|139|139|144|115|133|618|653|139|139|415|147|173|179|428|193|197|176|197|188|171|197|207|193|157|170|167|389|143|147|135|112|117|365|111|92|98|103|98|83|84|79|66|68|75|
2017-11-19|3|1_CTs|ct24||1160|625|94|76|76|70|62|48|45|31|38|21|294|25|31|25|21|19|273|20|21|24|288|42|35|47|64|77|72|117|350|142|88|95|355|116|131|145|164|703|446|455|203|474|474|217|240|256|281|290|319|593|512|289|558|289|252|554|332|597|871|650|858|386|389|896|381|671|461|711|405|465|426|707|421|605|568|560|293|560|531|692|435|167|166|939|177|135|424|413|136|129|374|347|333|74|
