2013-08-01|6|1_CTs|CT1||0|2|0|1|1|0|2|2|0|0|0|2|0|2|0|1|0|1|1|1|3|2|2|2|1|3|3|2|3|5|5|3|6|6|4|2|11|7|7|8|6|2|3|5|6|3|6|3|8|7|2|6|9|4|6|3|7|3|5|5|1|3|3|3|3|3|8|7|5|3|8|5|4|5|4|4|0|1|3|0|3|0|3|0|0|4|2|0|2|0|7|13|12|2|0|1|
2013-08-01|6|1_CTs|CT3||12|8|13|10|4|6|6|12|4|3|2|0|3|0|5|4|13|10|15|16|29|28|30|29|31|31|29|46|41|47|53|45|57|74|67|60|68|64|60|47|41|45|53|40|54|50|42|47|48|52|52|60|51|40|39|39|45|45|51|34|39|42|34|52|32|52|37|44|58|45|50|38|38|39|44|35|36|46|31|24|31|26|31|43|24|24|18|15|14|16|33|13|16|13|19|12|
2013-08-01|6|1_CTs|CT4||4|4|7|4|6|3|5|5|2|2|3|2|0|0|2|1|2|2|0|2|3|3|1|0|2|2|1|4|5|10|10|8|17|15|22|13|18|13|20|20|23|16|19|18|18|29|15|18|29|17|17|34|19|21|25|28|24|17|16|23|22|23|27|32|28|24|23|30|27|17|21|23|43|25|34|21|31|27|24|29|26|21|26|24|23|18|16|9|7|8|12|10|9|9|5|10|
2013-08-01|6|1_CTs|CT5||18|12|15|5|0|2|10|6|9|9|6|13|7|5|5|3|3|4|10|6|7|5|11|8|19|16|14|18|23|20|30|41|49|65|58|45|54|56|67|79|68|102|103|102|74|49|62|83|72|68|76|69|68|65|64|59|79|53|40|71|80|79|67|65|58|67|62|60|52|64|68|72|61|73|71|59|41|52|65|63|58|48|56|49|46|47|31|38|38|30|33|24|17|20|22|27|
2013-08-01|6|1_CTs|CT6||23|28|25|12|8|11|10|9|10|5|11|5|3|5|3|4|6|10|2|8|8|8|10|13|16|13|15|18|29|43|50|53|67|85|106|104|125|115|101|100|101|108|87|89|82|93|94|84|84|87|85|83|72|82|80|71|88|96|75|85|92|90|81|96|90|85|82|88|75|83|101|105|111|84|101|86|77|82|79|75|81|76|61|55|60|75|44|58|45|41|46|48|41|41|34|39|
2013-08-01|6|1_CTs|CT7||5|11|2|3|4|3|2|4|0|1|0|3|0|1|1|0|1|2|2|5|3|1|0|4|3|3|5|2|8|15|12|23|26|26|29|35|30|28|16|40|23|16|29|19|30|21|17|24|26|24|20|23|22|12|19|20|23|18|23|22|26|22|25|27|19|9|19|20|17|17|22|23|18|282|21|22|25|19|22|17|16|17|14|15|23|16|16|15|9|5|8|12|2|4|9|6|
2013-08-01|6|1_CTs|CT8||59|59|31|30|24|32|22|15|25|11|14|26|28|26|3|11|13|5|7|8|11|11|16|23|25|25|40|55|68|95|119|161|187|222|212|207|198|209|186|153|155|174|144|132|129|131|127|135|147|136|162|156|136|106|134|123|123|139|154|162|144|138|143|150|148|134|159|133|127|159|159|174|155|197|180|151|179|148|166|147|119|147|109|116|108|95|89|88|84|75|76|52|66|60|61|69|
2013-08-01|6|1_CTs|CT9||61|52|58|50|29|22|18|16|16|18|16|9|12|12|7|12|13|5|7|8|16|13|24|33|23|41|48|55|78|96|148|156|143|194|225|257|219|220|215|203|205|172|185|170|184|172|206|187|191|203|199|174|187|159|165|162|181|178|214|170|202|192|181|164|174|174|195|182|197|177|194|175|219|209|188|198|168|168|168|150|157|140|139|95|109|108|85|88|114|99|83|86|80|70|69|49|
2013-08-01|6|1_CTs|CT10||36|30|31|24|16|11|13|6|17|14|9|7|9|10|6|4|5|5|8|7|6|11|17|18|31|20|23|35|41|66|69|91|106|117|109|146|166|152|147|119|129|125|157|134|125|139|137|139|138|129|135|145|131|103|109|114|128|114|132|135|124|132|115|122|130|138|148|137|146|142|164|153|149|196|171|166|137|134|155|143|122|125|87|88|92|76|80|74|58|60|57|39|48|52|43|38|
2013-08-01|6|1_CTs|CT11||34|31|32|22|14|15|16|14|13|4|14|9|8|15|7|8|6|9|8|6|21|25|20|26|26|44|57|69|87|142|194|206|207|248|233|298|289|254|251|251|219|186|184|181|163|175|177|199|169|163|187|175|165|166|135|161|182|176|171|164|194|166|192|155|180|141|148|143|154|152|169|121|172|160|146|152|135|144|121|145|125|138|122|105|85|76|80|83|67|59|65|39|65|38|35|37|
2013-08-01|6|1_CTs|CT12||48|37|27|25|28|17|18|13|19|8|7|9|8|9|5|9|6|7|10|6|17|18|18|21|25|28|25|43|41|80|88|125|116|164|150|178|212|200|161|168|155|133|166|151|151|151|154|164|178|140|177|163|156|140|119|136|151|153|160|156|167|163|151|130|148|132|192|169|193|167|215|187|198|469|204|192|188|189|159|150|164|147|129|116|88|84|73|77|75|67|68|40|61|65|53|46|
2013-08-01|6|1_CTs|CT15||19|12|11|14|12|12|7|9|2|5|1|8|3|3|3|2|1|2|7|6|9|7|12|22|14|16|20|21|30|47|59|88|93|92|104|116|87|104|94|99|89|87|79|74|77|57|68|61|57|73|70|81|81|54|50|65|57|82|74|73|70|78|73|68|40|68|65|66|66|58|69|70|73|71|87|74|58|50|68|59|49|56|48|42|36|23|36|30|33|19|21|23|24|14|20|13|
2013-08-01|6|1_CTs|CT16||42|39|42|29|16|17|19|13|14|9|9|10|10|15|5|5|7|10|12|11|10|11|13|23|28|31|43|37|46|99|124|148|166|165|196|231|241|225|183|194|219|186|182|176|168|176|143|190|168|177|164|172|156|136|136|153|156|145|152|156|171|169|166|162|160|162|154|165|150|161|173|144|162|189|150|173|175|123|143|161|145|130|116|109|115|77|101|96|78|60|85|40|57|53|44|47|
2013-08-01|6|1_CTs|CT17||26|20|17|18|13|9|12|3|4|9|3|7|2|4|0|3|5|6|4|1|4|4|5|4|5|16|2|12|12|17|24|31|40|41|57|67|71|68|70|84|76|59|66|57|58|63|64|67|73|70|86|74|58|65|70|54|58|63|65|51|69|54|73|61|60|76|86|78|84|74|81|75|80|78|73|92|74|76|64|73|61|56|61|50|39|46|28|39|39|36|34|35|30|32|31|33|
2013-08-01|6|1_CTs|CT18||71|59|67|45|46|29|35|21|24|27|15|19|12|22|18|7|11|14|24|16|18|20|23|21|37|45|42|59|67|110|144|149|189|213|261|231|254|253|229|242|219|251|248|232|221|209|203|226|190|219|221|209|204|202|166|193|206|197|219|222|226|227|214|207|193|199|209|202|217|233|215|241|210|249|231|232|219|215|192|199|174|188|158|147|161|117|129|118|118|92|111|87|86|84|74|73|
2013-08-01|6|1_CTs|CT19||51|36|35|28|26|23|15|13|22|16|12|9|7|8|4|6|9|5|3|7|6|13|10|5|9|15|11|15|14|30|35|48|73|75|106|118|111|121|114|133|132|125|118|127|119|145|144|148|121|135|141|118|136|116|87|103|124|117|129|115|120|129|111|111|109|106|139|142|156|146|163|182|167|150|166|164|167|145|145|137|159|94|110|112|75|81|57|57|65|54|64|54|42|61|47|56|
2013-08-01|6|1_CTs|CT20||23|17|27|20|16|6|15|4|13|7|3|2|7|3|5|5|3|2|11|3|11|10|9|13|12|23|18|36|23|41|47|48|71|103|5|107|96|111|115|102|127|93|115|111|115|115|5|103|127|135|90|112|131|76|89|10|93|116|127|30|104|93|95|125|111|102|107|94|94|106|6|113|23|52|16|105|112|97|91|76|63|73|11|64|40|57|61|77|57|35|65|59|54|53|36|24|
2013-08-01|6|1_CTs|CT21||93|69|47|46|43|19|29|24|22|23|14|11|25|16|16|11|18|24|33|29|45|39|44|48|56|45|76|103|116|181|217|274|253|305|328|280|248|304|266|285|213|246|240|204|221|213|216|210|209|218|230|203|210|165|187|184|194|209|209|215|219|211|202|227|203|206|216|189|203|226|219|207|211|223|211|228|218|202|199|173|175|156|154|148|141|142|111|81|96|107|102|80|77|102|80|79|
2013-08-01|6|1_CTs|CT22||120|95|82|68|59|52|41|34|38|34|30|21|24|26|33|23|20|27|42|47|55|58|63|62|61|64|78|92|89|138|162|153|173|232|218|246|221|231|245|227|207|220|230|232|227|258|242|246|260|269|236|250|203|235|198|214|213|227|245|278|295|283|249|250|278|297|308|253|297|337|320|329|308|332|303|308|293|298|286|252|253|242|191|176|164|147|151|126|137|126|111|121|121|120|96|102|
2013-08-01|6|1_CTs|CT23||21|12|12|13|12|15|5|4|7|2|7|1|8|8|4|0|5|2|6|2|5|3|10|10|6|8|16|15|19|26|27|59|54|85|102|85|88|81|69|70|60|57|73|54|41|50|52|54|53|56|63|61|58|59|51|65|53|69|67|51|55|58|52|58|42|49|60|49|68|59|69|70|68|99|78|62|65|62|54|56|49|48|43|44|42|39|27|33|32|22|17|17|18|23|18|21|
2013-08-01|6|1_CTs|CT24||95|85|55|52|57|60|36|34|40|25|22|21|25|24|17|22|14|22|23|34|30|23|26|37|38|48|61|65|95|119|142|168|186|238|241|254|268|281|277|258|233|241|226|248|268|226|243|246|252|258|240|231|236|212|228|218|222|252|219|263|258|257|266|274|254|282|260|277|303|327|348|341|326|617|369|342|320|336|296|322|294|222|209|200|169|156|131|127|133|110|123|129|94|91|102|121|
