2014-12-12|3|1_CTs|ct1||62|64|42|41|24|13|11|13|14|8|10|3|9|5|7|10|7|6|5|5|8|16|3|265|12|22|34|47|57|334|123|178|208|372|360|248|234|492|228|222|200|196|703|175|419|167|207|168|174|696|179|195|208|186|167|162|206|201|207|722|200|466|473|222|199|189|454|200|459|469|493|184|464|215|196|207|213|222|221|462|449|460|187|183|172|166|189|111|105|114|114|109|91|343|122|365|
2014-12-12|3|1_CTs|ct3||77|349|63|62|51|27|15|282|23|13|267|19|15|11|21|22|19|25|10|23|29|19|22|29|287|290|62|94|97|114|173|467|230|629|348|276|781|249|271|490|224|256|986|496|226|258|246|219|240|227|225|517|261|232|490|233|231|240|246|520|253|248|488|247|217|743|473|198|451|181|444|439|450|200|204|464|196|218|232|750|249|513|207|205|660|189|220|155|698|183|177|664|667|179|191|421|
2014-12-12|3|1_CTs|ct5||159|153|179|388|354|66|300|311|49|43|27|29|25|262|28|22|22|21|23|26|20|21|22|12|338|221|24|31|56|311|104|404|171|504|513|236|471|221|448|201|444|442|958|445|444|199|707|225|261|266|202|260|741|486|237|230|489|216|225|209|331|418|258|265|266|286|321|323|582|570|584|560|552|284|799|549|251|1019|450|476|210|716|207|454|171|167|413|656|379|419|382|402|442|190|206|265|
2014-12-12|3|1_CTs|ct6||14|12|8|8|3|9|4|0|5|1|2|2|1|3|0|3|1|1|0|2|2|3|4|3|3|7|11|268|24|23|39|54|58|329|71|73|64|332|65|74|321|58|67|68|59|312|54|50|52|59|78|52|64|62|324|65|325|68|67|319|56|56|65|64|61|78|58|67|81|83|71|323|316|73|325|321|74|81|66|60|70|46|29|24|39|42|35|22|282|30|32|22|37|35|275|27|
2014-12-12|3|1_CTs|ct7||140|138|168|109|109|323|58|65|307|63|54|281|34|288|46|35|41|267|26|34|46|29|542|28|35|51|36|47|68|67|358|368|391|171|157|157|152|160|160|162|152|160|145|450|662|454|214|186|200|695|172|189|424|426|428|167|175|158|189|197|194|194|203|180|401|140|116|107|61|79|67|57|405|140|406|153|656|161|403|181|154|415|161|398|173|159|431|171|152|403|153|149|151|170|195|204|
2014-12-12|3|1_CTs|ct8||59|69|82|299|52|29|27|34|21|31|22|20|15|18|24|17|14|24|13|14|14|12|270|14|17|26|20|28|31|32|308|57|80|79|343|78|88|83|97|93|91|96|86|116|105|134|123|111|124|372|102|99|111|115|101|360|101|87|99|108|112|117|133|151|377|136|130|136|132|372|651|85|105|95|98|88|601|98|602|87|101|96|92|337|104|95|99|102|92|349|83|95|83|83|110|112|
2014-12-12|3|1_CTs|ct9||378|1539|558|174|125|89|80|603|89|61|77|351|44|301|50|42|54|55|62|39|24|323|52|50|305|50|307|52|347|98|170|273|246|268|272|285|573|881|601|883|653|858|766|294|339|552|627|293|336|335|283|301|579|489|273|253|551|225|150|90|197|396|144|600|60|339|83|209|166|402|241|251|503|240|519|483|253|485|516|494|489|252|213|463|166|192|153|226|799|163|129|387|222|410|148|694|
2014-12-12|3|1_CTs|ct10||103|98|100|85|66|64|52|42|64|46|57|42|30|25|45|39|22|38|38|27|23|22|20|29|26|25|35|43|39|49|77|100|111|145|146|149|172|164|151|154|122|115|122|132|107|112|147|134|135|149|151|144|140|135|132|118|130|135|158|168|153|154|132|157|147|146|168|155|143|165|143|148|139|160|151|137|119|156|127|127|148|131|134|142|108|112|109|110|135|83|102|109|110|124|123|120|
2014-12-12|3|1_CTs|ct13||1733|2070|3769|1169|566|1338|1816|1379|110|1608|4331|5037|4561|2024|4386|1003|2079|3345|2165|3237|3587|1389|2706|474|3210|927|1646|3316|2141|932|326|1351|1686|886|1524|1857|1480|708|1474|596|797|1447|545|526|2574|1052|482|458|554|1000|772|468|625|593|556|677|771|444|1400|1502|359|299|950|640|503|295|295|524|313|601|766|268|281|285|564|273|821|274|232|239|570|597|580|327|376|1100|1033|508|274|1975|1384|887|664|281|582|582|
2014-12-12|3|1_CTs|ct14||57|559|43|30|23|19|17|271|10|10|6|6|8|13|8|1|5|9|4|265|5|12|10|31|24|33|56|362|189|271|803|536|277|426|674|471|257|1035|776|283|267|752|764|252|736|471|389|423|400|423|141|145|130|177|212|179|211|451|457|487|464|748|221|726|717|198|210|209|1017|250|239|740|1001|469|744|245|487|494|220|206|234|461|193|206|201|146|108|363|85|87|98|57|593|85|343|68|
2014-12-12|3|1_CTs|CT16||150|344|99|63|63|43|41|49|26|51|40|33|29|32|36|20|31|20|24|268|17|20|19|20|23|21|32|28|58|63|77|136|121|176|170|427|149|136|124|99|136|645|141|120|140|388|142|396|128|667|127|122|146|145|134|102|134|419|163|389|183|119|186|167|443|161|227|199|257|192|248|466|743|260|257|466|230|175|197|217|442|189|411|168|120|162|374|118|389|366|77|105|134|122|159|404|
2014-12-12|3|1_CTs|ct18||139|127|116|96|82|78|68|51|73|63|58|52|35|35|55|40|29|43|44|37|33|39|27|38|40|33|47|63|66|90|104|183|176|267|256|265|251|257|254|187|206|160|208|198|180|166|200|189|178|167|188|223|177|184|195|192|182|182|191|229|219|185|201|207|228|184|190|169|204|189|158|192|207|218|206|147|170|195|182|197|226|182|203|208|140|165|151|162|171|125|129|148|145|170|166|162|
2014-12-12|3|1_CTs|ct19||1|0|0|0|1|0|0|0|1|0|1|0|0|0|0|0|0|0|0|0|1|2|1|2|1|5|5|9|3|8|6|7|5|5|7|9|6|4|4|6|6|8|2|5|8|3|8|5|4|5|6|3|9|4|5|3|5|7|5|4|3|7|2|7|6|7|6|5|2|5|7|3|7|6|4|13|3|13|7|8|4|9|6|7|7|2|4|6|3|1|0|3|0|1|3|1|
2014-12-12|3|1_CTs|ct22||7|8|3|4|3|2|1|9|2|1|1|2|1|4|3|5|0|4|1|0|4|4|1|1|4|1|1|1|3|5|7|7|12|16|20|18|23|31|26|31|29|25|277|32|24|24|277|32|30|31|29|280|274|28|20|21|24|24|32|24|36|29|26|28|30|306|62|69|67|51|45|67|64|58|74|53|52|44|45|26|31|276|19|22|15|22|15|9|10|259|9|6|10|6|4|267|
2014-12-12|3|1_CTs|CT23||5016|4680|2974|1729|923|247|318|194|152|155|402|625|794|749|282|681|912|809|747|931|669|902|1235|415|1121|631|598|584|809|401|648|719|406|1804|2823|2984|2395|1347|840|978|1367|1083|1076|973|993|982|1018|1132|1663|1943|2018|730|876|369|286|875|634|481|793|2243|1293|617|631|987|1095|1162|1061|744|971|742|743|662|458|706|596|636|722|734|649|722|869|1308|991|1409|2101|2140|1831|1514|1883|1441|1385|1574|1465|2076|2059|937|
2014-12-12|3|1_CTs|ct24||199|714|164|108|102|96|61|313|34|44|40|34|34|45|30|17|33|29|35|299|50|56|337|366|366|410|544|750|918|1145|1481|1249|1216|1338|1498|913|936|1479|1484|961|1009|1446|1982|1240|1107|784|905|892|1175|922|659|625|610|1116|1356|1019|1340|1320|849|1677|1111|1131|911|1353|796|849|1369|908|1166|1407|906|1412|1430|907|1155|910|927|1423|803|850|1126|1052|737|1037|678|1052|442|668|595|638|353|327|583|1025|340|1067|
