2016-08-04|7|1_CTs|CT1||36|39|24|22|28|21|10|16|17|11|11|18|9|13|6|7|5|5|10|12|13|12|11|20|16|26|30|36|46|66|72|92|96|108|112|133|130|126|119|120|121|117|111|103|93|108|97|102|101|90|100|104|107|81|91|90|90|112|117|364|104|110|114|108|111|102|108|114|113|127|111|119|356|115|130|121|120|99|91|86|75|82|74|75|62|64|67|53|65|53|50|40|310|53|34|48|
2016-08-04|7|1_CTs|CT2||36|343|65|54|28|43|43|30|47|24|19|22|18|14|18|20|14|10|6|18|14|18|36|38|28|40|70|92|94|116|134|228|162|314|343|357|588|318|377|273|313|267|302|270|262|302|313|208|220|245|208|290|222|227|241|214|268|277|258|284|247|289|249|241|205|266|308|295|254|343|295|303|307|279|300|144|304|351|339|258|251|233|241|196|184|162|181|132|170|520|370|132|93|114|138|100|
2016-08-04|7|1_CTs|CT4||44|21|28|26|20|34|37|30|17|19|18|14|7|5|11|4|8|7|3|5|6|4|5|2|3|4|0|5|2|0|8|19|7|13|15|23|282|24|32|19|15|31|17|28|22|19|22|22|18|14|15|16|11|20|17|17|19|9|16|14|21|9|10|17|26|24|23|26|25|25|21|26|28|39|20|32|37|27|24|34|29|10|18|22|18|9|17|31|32|22|40|37|290|28|47|39|
2016-08-04|7|1_CTs|CT6||26|32|29|8|16|26|19|15|13|4|7|6|5|5|3|6|6|5|6|5|3|3|6|8|8|6|15|14|24|20|31|45|51|63|64|88|115|89|90|79|106|94|81|94|82|117|84|78|89|93|82|75|88|66|75|82|77|87|98|81|88|84|122|96|113|108|108|112|113|122|134|129|146|142|134|129|130|115|115|118|66|79|83|71|66|65|45|58|52|42|35|300|42|38|26|37|
2016-08-04|7|1_CTs|CT7||29|19|21|24|26|12|15|18|9|12|8|5|7|5|3|5|11|6|8|1|8|7|7|8|14|21|22|30|34|43|61|56|80|72|93|105|115|94|78|104|76|102|91|118|88|85|121|137|107|97|118|98|105|84|95|92|99|81|101|110|76|100|114|106|113|113|108|117|106|124|91|110|120|116|132|123|127|126|97|106|104|95|77|66|59|54|56|38|56|30|47|40|37|43|34|35|
2016-08-04|7|1_CTs|CT8||92|114|89|72|43|49|44|37|41|18|28|37|20|22|22|20|24|36|30|50|60|69|80|95|86|101|134|154|450|247|334|387|404|336|399|621|365|389|384|409|359|320|310|348|357|375|341|331|321|358|338|353|294|572|279|307|298|283|422|343|330|344|390|358|309|356|412|382|305|373|356|313|347|359|358|384|350|315|293|313|328|296|257|244|268|180|202|155|179|140|165|129|157|145|137|118|
2016-08-04|7|1_CTs|CT12||48|48|47|26|17|29|26|15|21|13|8|15|8|8|7|9|5|7|6|7|1|8|3|8|9|9|26|33|30|43|58|74|81|348|115|146|153|123|148|147|124|129|133|135|133|153|126|157|153|165|157|155|145|151|123|133|128|158|139|412|129|164|176|151|189|157|204|185|207|206|230|223|246|234|231|176|219|201|201|194|146|162|115|117|114|108|69|69|65|87|59|60|74|72|45|65|
2016-08-04|7|1_CTs|CT13||10|7|11|10|3|3|5|6|5|6|2|2|2|2|1|3|4|5|0|0|0|3|0|1|3|3|6|10|10|19|27|25|44|34|45|48|53|64|38|40|39|38|43|54|51|37|42|52|39|39|47|35|42|548|27|42|38|37|39|298|288|37|38|33|35|78|74|306|44|45|43|46|47|46|45|47|55|55|42|32|46|47|44|32|19|22|26|18|23|12|17|19|22|21|13|15|
2016-08-04|7|1_CTs|CT14||158|133|104|91|97|65|62|67|70|63|48|49|39|38|26|36|34|51|42|46|38|68|59|71|99|81|113|135|128|173|208|209|242|317|370|426|345|371|405|322|612|364|309|337|398|617|327|634|387|412|345|331|369|558|265|342|317|324|362|600|346|372|381|389|362|419|476|443|504|565|560|544|559|567|575|507|530|531|455|423|376|381|277|528|244|192|226|190|187|170|181|207|218|424|183|159|
2016-08-04|7|1_CTs|CT15||25|23|19|10|20|17|18|15|19|4|3|4|6|5|1|1|5|7|8|3|4|3|10|5|5|8|13|14|16|16|31|45|33|48|48|50|58|52|55|51|46|29|58|83|55|58|56|73|53|41|67|45|56|50|52|45|46|50|65|56|51|89|348|51|75|81|58|61|58|72|98|80|96|97|89|79|86|76|62|82|58|49|41|53|49|58|288|40|34|36|31|44|25|20|25|27|
