2016-04-05|3|1_CTs|ct1||42|34|21|20|21|10|9|6|10|6|4|5|6|0|3|4|6|5|2|2|3|7|11|14|11|15|26|41|57|556|222|208|504|240|241|235|256|246|488|482|462|448|441|434|153|167|165|192|170|464|440|192|199|188|168|170|200|212|208|213|209|199|202|193|187|190|224|483|208|224|486|228|221|467|477|479|458|225|211|168|146|407|373|120|96|82|332|103|87|344|64|70|75|320|47|56|
2016-04-05|3|1_CTs|ct3||53|58|298|27|27|24|23|15|271|15|14|14|9|7|3|12|15|17|16|7|13|15|23|24|20|38|44|70|88|121|167|455|244|514|237|483|243|766|259|494|247|252|489|515|493|726|237|234|235|233|222|496|230|464|222|202|240|278|240|247|240|259|254|499|214|217|472|221|456|702|722|191|181|154|176|195|180|180|207|187|160|431|136|403|113|357|90|108|111|97|85|76|87|95|336|73|
2016-04-05|3|1_CTs|ct5||118|355|80|66|39|37|39|28|27|17|12|19|13|12|256|19|11|9|15|10|7|9|12|29|17|26|267|297|57|73|113|167|209|231|282|226|216|265|206|228|465|420|446|199|191|435|209|212|223|232|485|481|216|506|477|200|188|195|482|495|495|275|764|260|267|521|299|302|281|552|806|316|289|582|298|306|580|569|549|547|511|286|458|181|165|156|149|154|193|160|169|141|412|386|125|124|
2016-04-05|3|1_CTs|ct6||12|4|7|5|4|4|3|3|1|0|1|0|2|2|1|1|1|0|3|0|3|3|2|4|7|11|15|11|19|25|37|48|50|67|339|84|88|78|85|63|62|62|320|58|325|50|53|301|53|61|55|310|302|63|43|48|51|291|51|59|68|71|64|48|57|317|60|48|64|45|64|78|72|72|86|77|65|75|63|57|57|43|36|39|25|20|25|23|28|26|269|21|15|24|23|7|
2016-04-05|3|1_CTs|ct7||75|76|74|565|45|42|311|26|45|31|20|272|15|62|277|24|18|14|267|14|11|13|280|26|29|39|36|48|546|55|68|99|375|385|145|138|142|384|132|148|396|150|657|149|400|370|186|164|182|187|161|407|424|347|221|659|151|173|427|441|442|180|182|443|420|130|73|76|66|67|47|33|0|14|50|54|306|262|26|0|0|0|0|0|0|0|0|0|0|3|21|109|104|96|98|97|
2016-04-05|3|1_CTs|ct8||44|40|39|282|23|23|282|21|24|19|8|13|7|11|267|19|6|8|2|2|10|6|269|18|16|17|21|36|772|37|43|57|310|330|352|94|82|345|73|101|84|106|111|108|371|117|141|356|121|113|118|350|369|289|175|113|118|122|129|133|370|389|134|127|140|124|159|698|356|362|135|389|143|147|126|133|146|121|155|129|102|75|71|321|68|306|60|61|58|56|58|73|281|51|63|50|
2016-04-05|3|1_CTs|ct9||93|68|85|74|60|68|40|47|27|32|25|17|35|16|18|273|22|29|11|18|4|27|21|27|31|40|565|46|57|400|439|249|277|809|1085|458|312|636|358|597|246|197|214|225|197|338|161|170|199|198|196|430|187|466|192|184|250|740|1442|418|689|841|1246|388|288|454|477|286|235|256|135|272|206|136|170|462|782|645|237|179|183|440|172|203|149|121|341|127|138|132|95|105|106|112|111|107|
2016-04-05|3|1_CTs|ct10||70|55|46|42|40|28|24|22|26|21|19|15|10|12|7|13|8|14|12|13|16|8|14|24|18|15|20|24|34|52|79|100|141|165|143|144|180|156|151|125|129|140|114|131|135|121|150|142|149|153|135|166|115|136|132|110|125|125|161|143|143|149|140|123|129|134|148|147|148|164|155|152|159|126|143|157|161|163|131|126|138|128|113|129|109|106|73|85|78|89|96|103|103|95|79|85|
2016-04-05|3|1_CTs|ct13||161|140|106|98|80|83|78|62|54|55|50|49|57|40|40|44|34|32|31|44|40|38|51|68|324|324|334|95|105|118|164|720|246|252|278|240|273|240|471|486|178|246|530|500|503|263|529|230|259|268|545|283|280|938|1956|486|888|1586|1000|329|279|262|275|504|248|253|263|487|243|447|454|263|224|194|238|169|491|265|248|234|223|293|520|782|243|217|232|525|527|709|299|234|209|199|202|193|
2016-04-05|3|1_CTs|ct14||37|35|29|20|20|8|16|9|9|10|7|9|7|10|265|7|4|4|6|9|10|14|10|16|37|44|86|151|457|523|346|955|261|495|252|532|256|540|524|187|169|259|472|479|467|210|418|188|187|196|435|231|188|173|166|466|187|459|215|222|179|214|478|205|160|436|196|192|208|494|206|526|252|253|458|241|753|257|265|181|196|149|137|123|106|88|82|98|364|92|83|77|83|336|60|65|
2016-04-05|3|1_CTs|CT16||94|43|322|51|45|48|34|23|13|18|17|12|18|10|16|11|10|22|13|11|8|282|9|31|28|25|28|43|42|74|354|112|136|411|175|174|183|682|171|429|193|157|161|154|158|418|167|167|184|168|173|415|152|657|392|142|148|399|165|168|173|152|153|173|166|172|205|163|233|484|503|271|271|283|272|521|247|268|271|196|446|163|146|136|123|106|356|138|109|373|109|83|90|99|84|78|
2016-04-05|3|1_CTs|ct18||88|75|58|55|53|44|39|27|32|31|20|17|14|15|12|14|14|19|16|18|19|18|23|39|27|30|47|51|70|93|144|175|208|262|255|236|241|273|207|172|207|203|199|204|177|163|227|174|192|190|191|202|165|176|177|148|156|212|229|187|199|182|176|185|202|169|194|179|176|209|204|200|155|201|194|225|235|224|156|184|180|170|149|150|140|143|104|104|110|125|136|137|131|134|113|112|
2016-04-05|3|1_CTs|ct19||1|0|2|1|1|1|0|0|0|0|0|0|0|0|0|0|0|0|0|0|0|1|0|3|4|5|11|8|12|9|11|3|6|10|5|12|7|8|10|8|3|8|8|5|7|8|7|6|9|6|4|8|8|6|5|5|12|0|1|6|5|6|10|4|11|7|3|7|6|10|9|3|6|6|6|6|2|3|5|4|7|3|9|3|4|2|4|4|2|1|1|1|1|3|2|0|
2016-04-05|3|1_CTs|ct20||0|0|0|0|0|0|0|0|0|0|0|0|0|0|0|1|0|0|0|0|0|0|0|0|0|0|0|0|0|0|0|0|0|0|0|0|0|0|0|0|0|0|0|0|0|0|0|0|0|0|0|0|0|0|0|0|0|0|0|0|0|0|0|0|0|0|0|0|0|0|0|0|0|0|0|0|0|0|0|0|0|0|0|0|0|0|0|0|0|0|0|0|0|0|0|0|
2016-04-05|3|1_CTs|ct22||1|3|1|3|0|0|4|0|2|0|0|2|0|2|2|1|0|257|1|1|0|0|4|0|0|2|2|8|2|8|16|18|27|13|26|279|18|18|19|12|20|24|21|276|16|27|29|26|35|24|38|279|21|16|21|18|25|24|35|24|23|27|32|36|36|41|42|49|45|46|51|46|69|65|64|51|49|37|30|279|25|10|22|13|10|5|3|5|6|251|4|5|4|9|6|1|
2016-04-05|3|1_CTs|CT23||151|76|63|49|45|35|19|22|20|276|17|15|11|4|10|7|9|6|10|22|7|4|13|18|21|13|36|62|79|356|197|276|362|612|458|398|656|369|599|246|274|262|538|220|202|263|246|302|553|329|918|587|372|331|337|548|286|302|271|333|311|382|301|380|358|468|417|481|748|575|573|539|898|620|614|588|811|570|1027|528|696|379|320|294|263|488|209|246|259|230|227|203|177|414|118|144|
2016-04-05|3|1_CTs|ct24||140|159|630|67|78|57|62|43|30|37|24|27|30|30|39|23|24|33|42|40|53|63|74|110|405|198|359|577|798|1185|905|936|884|921|821|1056|797|827|1244|1427|898|877|887|940|804|1084|765|817|795|1107|1332|1176|823|988|753|1389|804|917|892|898|771|1084|808|828|738|801|1090|836|812|889|880|909|1168|875|916|835|908|904|1153|648|622|848|767|500|356|324|552|377|340|310|552|331|304|278|240|230|
