2016-08-09|6|1_CTs|CT1||2|1|1|3|0|0|0|1|0|0|0|0|1|0|0|0|2|1|1|2|2|0|0|3|1|0|2|3|3|6|3|9|13|13|12|24|16|14|12|14|12|5|8|266|6|8|5|3|4|11|4|4|5|8|9|7|2|8|5|5|13|9|8|11|6|5|9|7|4|3|5|3|4|7|1|3|3|0|6|4|6|5|3|2|2|4|0|3|1|4|3|1|1|1|0|2|
2016-08-09|6|1_CTs|CT3||10|16|15|5|7|8|3|2|2|1|2|5|3|1|2|6|4|13|9|13|16|15|19|34|30|29|29|24|44|34|62|60|61|59|53|71|48|65|59|47|53|46|51|51|38|58|265|44|40|42|47|42|32|22|37|31|39|32|37|42|43|38|44|41|24|48|293|33|35|46|41|43|41|33|42|36|46|31|29|34|41|36|32|26|26|16|15|15|17|13|11|12|26|19|18|14|
2016-08-09|6|1_CTs|CT4||7|11|6|5|5|2|5|5|2|2|0|2|0|1|0|1|0|0|0|1|1|2|1|1|1|0|1|4|3|9|11|9|18|12|25|19|19|17|18|17|21|16|16|11|16|20|23|12|12|18|16|7|16|25|16|21|17|13|23|17|20|19|18|25|14|18|18|24|22|13|23|19|22|24|23|22|278|27|23|27|30|18|20|7|15|10|10|6|11|8|17|12|6|10|13|6|
2016-08-09|6|1_CTs|CT6||16|11|15|7|7|5|7|4|2|7|4|6|2|1|0|4|2|4|7|7|11|6|9|14|13|16|30|25|24|40|47|59|87|97|108|112|105|100|84|124|96|86|92|329|325|104|91|90|88|84|78|82|84|69|63|92|83|89|79|90|83|74|93|82|82|85|73|82|73|80|89|73|95|93|85|78|87|81|70|84|84|71|54|65|57|54|50|52|35|40|35|40|40|32|35|26|
2016-08-09|6|1_CTs|CT7||2|6|7|3|4|4|3|4|1|0|2|0|1|0|0|0|0|3|2|4|2|2|0|4|4|2|8|7|11|14|16|24|28|31|41|38|34|26|28|28|36|29|23|26|25|22|24|19|19|15|17|20|22|18|18|19|17|23|13|18|17|22|21|19|20|12|22|22|14|25|21|29|32|23|26|23|18|18|22|23|21|10|9|11|11|18|16|15|8|7|11|8|9|5|4|9|
2016-08-09|6|1_CTs|CT8||37|34|35|31|17|17|15|14|11|13|10|8|10|17|8|6|10|6|9|11|3|14|16|21|19|28|54|44|63|72|136|149|174|178|197|194|163|184|407|153|122|120|118|108|111|121|125|134|109|134|138|129|137|105|96|110|102|124|154|142|121|109|376|125|104|127|123|121|124|133|142|140|154|411|165|150|125|124|131|124|114|110|103|89|76|76|81|66|77|64|89|57|57|54|47|56|
2016-08-09|6|1_CTs|CT10||19|19|12|17|19|15|8|8|8|5|4|5|1|5|5|2|5|3|3|5|4|7|11|22|18|21|21|38|31|39|59|62|82|95|93|106|88|362|105|87|102|102|101|89|100|102|103|96|90|109|105|86|103|97|89|326|82|108|100|109|102|334|582|94|122|134|111|115|105|118|111|124|125|122|126|131|107|121|97|86|81|91|80|14|76|62|17|27|44|47|45|44|298|32|37|33|
2016-08-09|6|1_CTs|CT11||29|29|14|17|17|9|13|14|10|6|3|4|4|5|3|7|7|7|3|10|7|14|12|36|23|27|48|315|334|108|159|205|438|210|211|211|226|200|477|209|171|174|187|407|144|172|153|159|150|146|129|149|160|120|120|150|149|158|166|146|139|152|131|165|144|136|136|137|149|131|142|129|159|410|134|149|120|108|148|131|119|113|98|100|81|62|70|71|60|58|50|45|37|41|47|39|
2016-08-09|6|1_CTs|CT12||38|31|23|21|22|13|17|16|10|4|4|11|4|4|1|5|6|8|4|9|9|10|17|27|22|21|42|44|50|45|76|125|141|126|152|187|187|154|140|141|144|120|154|127|394|150|144|127|151|127|141|104|139|119|134|110|123|146|133|150|115|151|398|121|156|174|146|162|154|166|162|178|188|204|161|188|159|149|160|158|132|104|92|74|104|69|63|59|62|65|62|66|45|68|52|43|
2016-08-09|6|1_CTs|CT15||22|22|27|23|17|14|12|15|7|5|10|8|3|6|7|8|14|13|7|17|12|9|19|33|26|29|31|43|48|62|81|101|143|123|145|136|113|375|354|121|344|120|96|95|102|92|83|91|85|112|93|92|96|83|98|86|61|81|75|86|84|92|92|83|77|74|88|92|79|101|106|89|90|100|114|88|71|59|79|70|71|50|68|44|52|68|42|51|48|46|47|29|269|28|29|33|
2016-08-09|6|1_CTs|CT16||34|36|22|21|26|18|14|16|12|6|5|7|6|8|7|4|5|9|5|9|8|10|7|29|18|24|40|51|66|96|128|149|177|207|224|209|213|458|474|196|195|187|168|164|151|170|132|148|147|149|140|153|161|147|126|152|133|166|148|153|155|143|150|157|153|153|151|146|143|148|148|163|180|174|151|155|149|135|136|145|137|115|113|349|103|82|80|79|62|80|73|53|56|42|50|49|
2016-08-09|6|1_CTs|CT17||10|4|4|1|2|1|0|3|2|0|2|4|0|0|0|0|0|3|0|1|1|0|3|0|2|3|8|4|8|6|10|15|9|8|12|27|15|15|18|15|15|15|11|16|16|21|15|16|20|14|23|14|15|25|12|253|20|20|22|17|26|18|22|14|15|13|20|14|30|19|28|19|28|29|20|17|34|26|18|24|27|18|13|14|16|12|12|9|12|17|15|13|19|13|9|15|
2016-08-09|6|1_CTs|CT19||34|31|19|30|19|18|12|16|12|5|7|12|5|3|8|7|2|8|3|1|3|2|8|5|7|11|20|16|20|22|42|55|320|76|120|115|114|114|120|119|112|123|115|105|112|114|114|124|135|129|134|375|113|92|83|110|96|120|118|107|105|114|373|104|103|132|126|115|133|127|160|146|154|165|166|134|137|156|119|131|101|107|80|82|90|77|66|58|49|55|58|46|36|44|41|38|
2016-08-09|6|1_CTs|CT20||24|13|23|7|10|12|10|9|4|5|6|0|4|1|5|2|4|6|5|5|1|7|11|19|15|12|17|25|35|35|39|60|59|83|87|95|97|103|103|93|102|104|113|89|12|92|20|94|101|113|110|86|98|61|84|86|84|94|52|67|32|83|82|20|68|98|317|95|75|90|95|82|47|48|85|106|4|74|82|71|81|80|9|58|72|53|51|39|12|50|48|41|45|32|27|21|
2016-08-09|6|1_CTs|CT21||72|75|56|40|39|30|34|23|12|14|17|16|20|16|28|10|17|30|32|20|40|33|45|55|62|60|79|101|144|184|248|259|249|293|294|332|280|266|266|215|243|197|236|238|194|219|214|208|207|189|215|210|184|159|189|184|180|186|201|196|223|209|412|187|172|171|460|191|190|210|199|181|210|243|219|446|204|208|171|448|178|162|156|147|135|111|99|90|87|89|95|109|91|106|85|71|
2016-08-09|6|1_CTs|CT22||0|0|0|0|0|0|0|0|0|0|0|0|0|0|0|0|0|0|0|0|0|0|0|0|0|0|0|0|0|0|0|0|0|0|0|0|0|0|0|0|0|0|0|0|0|0|0|0|8|0|0|0|0|0|0|0|0|0|0|0|0|0|0|0|0|0|0|0|0|0|0|0|0|0|0|0|0|0|0|0|0|0|0|0|0|0|0|0|0|0|0|0|0|0|0|0|
2016-08-09|6|1_CTs|CT23||49|57|45|38|29|26|23|26|19|20|7|8|22|19|13|8|15|11|15|16|7|23|32|42|35|37|286|118|88|108|201|212|218|275|287|483|506|256|254|245|207|197|180|180|179|190|187|185|186|184|205|195|188|148|156|170|169|194|210|202|186|178|177|181|181|190|196|187|203|192|216|222|231|268|280|213|211|191|200|188|163|167|151|131|139|103|108|87|104|90|93|81|92|81|74|73|
