2016-07-20|3|1_CTs|ct3||94|80|62|55|42|34|15|30|29|30|16|5|12|14|18|16|15|32|22|14|24|31|26|33|32|41|57|94|87|117|176|180|198|183|232|237|241|238|230|237|199|210|253|226|218|467|249|243|250|235|210|229|223|230|254|244|202|248|235|475|233|231|228|459|237|479|460|189|458|202|199|432|178|166|189|427|205|186|179|224|202|495|235|220|232|185|151|159|162|147|128|115|117|96|130|108|
2016-07-20|3|1_CTs|ct5||140|134|108|97|63|65|43|45|38|32|39|20|26|18|19|21|19|13|11|15|9|14|19|20|14|30|39|44|53|88|111|147|172|202|227|265|508|233|228|248|456|246|187|192|214|221|239|240|251|261|249|265|236|222|208|199|202|221|503|260|264|265|474|509|262|286|303|276|329|310|332|300|322|326|314|326|314|330|321|278|264|282|512|196|167|162|152|153|148|447|160|146|152|154|167|174|
2016-07-20|3|1_CTs|ct6||12|8|6|2|7|3|3|1|2|3|4|3|2|0|2|1|1|1|1|2|3|4|2|6|5|3|19|18|24|23|38|23|57|58|67|71|51|54|60|60|43|47|39|49|53|37|39|38|46|41|46|51|47|41|25|38|44|50|44|36|39|52|47|44|49|52|43|46|40|35|47|34|59|57|39|55|47|70|50|33|43|28|37|42|20|276|22|23|20|27|16|21|22|19|10|19|
2016-07-20|3|1_CTs|ct7||149|133|97|94|66|60|66|75|61|50|46|32|36|36|36|31|24|26|26|28|22|22|28|36|37|44|41|48|50|60|82|96|98|122|122|146|141|147|163|160|151|155|149|170|166|166|188|164|181|186|161|171|173|160|155|141|166|156|164|177|180|171|178|172|179|200|158|177|152|132|83|36|50|7|66|58|130|108|129|166|159|160|131|128|130|139|120|138|130|129|150|144|136|400|128|162|
2016-07-20|3|1_CTs|ct8||84|67|56|58|34|33|33|29|18|23|19|14|21|22|16|19|29|11|11|13|11|7|18|15|22|21|26|32|30|33|37|66|57|69|77|90|102|92|108|94|99|106|87|122|90|111|114|113|116|122|106|106|117|111|98|74|107|103|107|126|118|112|135|123|106|160|122|131|119|137|145|138|144|122|138|142|140|123|102|109|116|110|86|89|88|96|82|102|90|75|91|92|87|93|75|96|
2016-07-20|3|1_CTs|ct9||94|101|85|89|77|69|46|54|23|42|36|28|32|281|30|31|23|34|20|20|21|24|30|34|21|42|313|58|73|88|150|173|209|267|316|281|512|292|236|238|466|236|223|239|235|208|222|205|189|220|188|223|284|294|160|200|221|230|178|257|740|212|226|453|200|477|216|223|214|189|133|148|216|223|196|408|612|482|180|192|245|97|321|357|433|104|113|383|222|116|87|90|95|105|381|108|
2016-07-20|3|1_CTs|ct10||105|109|77|76|54|43|47|44|40|45|33|26|31|23|13|18|21|26|16|19|16|20|20|23|9|20|32|27|32|35|60|81|112|126|132|161|148|140|120|135|119|132|152|113|117|118|105|129|107|140|145|120|138|124|145|108|131|127|148|121|143|149|148|124|133|140|139|141|141|146|152|140|139|155|154|152|139|152|129|149|129|134|131|111|125|94|112|103|78|107|100|98|96|97|105|95|
2016-07-20|3|1_CTs|ct13||788|524|140|320|906|535|295|170|530|290|1048|870|2681|1188|977|817|941|52|222|842|2032|923|712|1073|384|431|214|316|1038|923|424|209|188|236|466|125|83|141|98|128|44|116|100|71|160|177|222|140|196|245|168|239|220|258|239|189|247|228|745|223|240|186|375|304|250|184|266|339|670|168|377|136|161|134|72|120|142|223|18|0|0|11|110|184|486|234|206|447|222|255|246|210|468|218|712|210|
2016-07-20|3|1_CTs|ct14||0|0|0|0|0|0|0|0|0|0|0|0|0|0|0|0|0|0|0|0|0|0|0|0|0|0|0|0|0|0|0|0|0|0|0|0|0|0|0|0|144|500|120|65|140|154|159|159|154|139|163|400|95|33|21|15|106|158|204|88|217|326|474|507|512|512|516|512|516|515|514|514|509|516|520|518|508|502|250|325|180|35|0|0|0|0|0|0|0|0|0|0|0|0|0|0|
2016-07-20|3|1_CTs|CT16||88|108|98|78|69|51|60|63|45|36|15|52|41|27|88|22|19|32|27|17|31|22|47|38|16|21|42|43|66|97|94|137|158|444|163|236|444|182|206|216|176|187|159|207|202|186|195|179|454|205|202|182|177|178|170|142|145|195|147|203|156|178|227|499|224|475|228|235|237|263|210|240|278|264|263|527|225|215|205|210|232|192|450|391|185|145|148|117|104|119|92|100|103|117|132|118|
2016-07-20|3|1_CTs|ct22||3|1|3|1|2|2|2|1|2|0|0|2|1|0|2|3|0|1|3|0|1|1|1|0|1|2|3|5|3|7|5|6|11|11|17|12|10|25|20|15|15|13|12|13|14|26|22|10|15|17|18|20|12|14|22|12|22|15|17|23|16|24|30|24|20|19|27|24|30|27|35|34|42|27|35|29|16|25|19|15|18|18|8|7|15|7|11|10|10|2|10|10|4|2|9|8|
2016-07-20|3|1_CTs|CT23||84|68|35|27|21|21|29|14|14|15|8|13|10|7|8|6|6|7|7|5|7|8|4|9|9|17|15|37|33|45|89|72|134|140|158|188|174|179|139|117|120|314|344|180|233|257|274|257|274|304|269|264|335|219|273|223|246|264|233|277|305|265|595|610|616|665|643|590|610|647|625|691|758|706|782|632|578|589|399|300|242|222|191|178|154|387|113|120|133|121|96|363|89|87|100|81|
2016-07-20|3|1_CTs|ct24||100|78|80|45|38|38|28|21|18|16|14|7|15|9|22|7|10|10|16|18|19|40|36|40|60|88|461|319|410|532|463|580|545|593|612|566|608|564|580|565|828|557|582|519|436|431|425|424|433|429|445|470|405|404|460|747|795|581|752|828|1053|822|779|1027|727|765|1000|599|475|601|885|723|916|496|537|507|861|886|940|999|952|850|334|328|281|210|218|215|195|168|167|181|179|138|118|111|
