2013-03-04|7|1_CTs|CT1||19|18|4|4|10|2|6|3|4|3|0|2|3|3|0|1|3|0|3|3|6|5|6|9|7|8|11|27|33|55|74|127|190|193|188|139|215|210|200|197|191|161|131|145|115|115|118|102|126|110|113|115|115|118|121|114|113|140|149|143|136|141|145|134|148|128|151|152|162|149|160|166|177|157|163|157|153|125|135|110|90|89|58|71|61|50|49|24|44|27|33|35|37|30|17|18|
2013-03-04|7|1_CTs|CT2||50|24|26|18|12|14|20|4|12|10|10|4|2|6|4|12|2|4|10|10|4|12|16|16|25|20|25|46|40|62|75|178|282|333|354|360|239|342|275|212|193|214|233|210|195|113|187|145|187|200|265|199|232|173|210|182|174|153|195|204|211|194|105|141|186|222|218|234|228|250|214|258|293|255|280|257|212|218|150|159|163|143|121|89|101|77|84|99|87|82|60|55|70|48|30|48|
2013-03-04|7|1_CTs|CT4||21|43|34|29|25|17|31|45|16|23|20|16|7|6|10|3|2|6|8|3|1|2|2|0|3|1|1|3|1|5|3|6|25|20|21|6|30|28|16|16|20|18|15|7|33|18|18|19|31|20|47|23|33|35|27|30|36|30|14|24|24|14|22|26|32|44|48|57|78|98|99|61|86|63|83|62|68|64|58|28|56|34|48|21|24|25|24|31|17|18|14|12|18|15|26|41|
2013-03-04|7|1_CTs|CT6||23|18|18|27|13|16|12|16|9|6|4|7|8|4|5|3|7|4|4|2|8|8|8|4|11|7|13|18|16|28|51|110|153|221|147|155|156|162|152|123|109|106|120|125|168|144|128|119|137|108|142|140|131|135|109|111|132|111|126|142|136|125|153|144|158|193|217|201|216|235|239|209|232|253|201|173|172|160|158|148|122|120|94|69|78|73|77|80|74|62|44|38|43|25|40|40|
2013-03-04|7|1_CTs|CT7||21|15|21|14|5|5|15|8|8|9|4|5|4|3|8|2|6|2|4|5|8|3|6|13|16|14|25|25|40|45|60|87|96|100|136|132|114|101|103|123|123|120|109|103|104|95|104|111|90|93|93|97|99|111|97|81|111|122|102|105|108|93|104|117|123|140|153|123|129|146|143|166|149|142|180|143|164|140|138|112|105|96|67|70|59|58|52|34|33|35|48|37|42|30|36|26|
2013-03-04|7|1_CTs|CT8||81|79|55|57|34|34|43|28|27|18|20|14|12|9|21|12|19|26|42|37|60|71|57|110|91|152|145|144|183|218|308|370|389|456|454|416|391|417|444|356|382|347|347|345|288|288|322|317|315|303|304|317|280|340|335|322|310|306|363|324|329|324|310|308|323|322|374|355|346|320|345|376|383|368|395|373|363|379|286|234|235|247|213|171|193|164|169|158|157|145|127|116|97|120|96|99|
2013-03-04|7|1_CTs|CT12||42|25|18|30|14|14|16|12|11|9|5|13|8|5|7|7|4|7|4|3|10|9|13|6|12|16|14|27|30|37|69|119|192|219|209|224|249|208|201|183|149|166|176|165|197|188|188|180|178|149|188|170|208|176|168|165|200|186|188|198|206|192|190|187|207|209|255|249|267|301|309|310|312|295|272|276|282|244|243|236|200|173|159|110|105|95|106|110|114|93|59|64|74|39|55|54|
2013-03-04|7|1_CTs|CT13||12|8|8|5|3|1|4|4|5|1|3|1|1|4|2|0|2|2|2|4|1|0|2|5|2|5|7|11|12|21|24|45|47|42|57|54|51|50|43|66|47|67|64|45|50|36|39|59|42|52|42|62|46|49|50|36|50|57|42|52|51|45|30|0|52|52|50|44|70|68|37|57|60|72|81|83|79|72|68|55|40|61|30|35|32|29|21|19|14|19|23|16|17|11|17|10|
2013-03-04|7|1_CTs|CT14||96|76|77|41|49|40|41|22|38|18|18|22|19|17|26|22|16|27|28|31|35|56|51|85|76|87|71|94|102|152|178|278|300|367|396|392|356|326|338|339|278|310|319|285|318|333|330|332|325|337|336|352|348|292|269|284|327|367|319|340|335|365|361|359|376|405|442|453|459|510|497|479|521|548|536|506|467|472|458|373|338|316|276|228|220|189|194|168|188|172|154|161|162|111|105|113|
2013-03-04|7|1_CTs|CT15||16|12|13|19|13|10|8|14|7|7|1|1|4|2|2|2|9|1|12|3|8|11|11|6|15|12|21|20|31|21|46|108|166|212|204|203|213|153|126|126|119|80|79|75|94|99|56|78|93|82|117|90|91|109|76|77|73|85|80|86|91|70|90|123|114|201|222|189|220|218|249|204|134|171|121|130|134|98|100|67|80|74|70|41|40|36|67|51|33|41|32|24|24|18|23|39|
