2017-08-19|3|1_CTs|ct1||310|49|51|43|294|31|33|22|27|17|15|7|13|4|15|6|3|5|8|8|6|3|4|12|8|12|25|22|279|18|37|33|290|43|53|58|42|54|56|68|68|56|67|331|74|342|73|89|71|342|339|87|81|86|72|70|62|75|71|93|334|81|82|75|69|333|64|79|69|328|63|72|312|322|69|66|75|63|82|74|332|320|59|67|66|66|57|298|329|54|48|76|327|61|47|59|
2017-08-19|3|1_CTs|ct3||512|456|492|202|447|189|136|136|390|136|93|66|93|70|82|308|51|313|72|67|74|47|56|73|69|103|618|115|102|128|157|165|179|455|481|221|230|761|485|266|310|293|287|839|352|355|616|625|332|422|649|371|598|386|304|293|577|304|853|846|351|357|345|346|338|563|288|323|332|615|269|304|287|332|305|540|571|294|332|334|316|1049|283|540|273|527|274|487|516|448|208|522|542|278|768|262|
2017-08-19|3|1_CTs|ct5||423|357|124|109|83|106|353|340|588|304|41|50|57|50|563|40|27|36|289|32|285|23|26|27|28|26|28|39|37|48|60|340|91|109|354|342|152|158|196|153|416|166|203|447|201|201|423|220|175|442|433|207|208|218|188|404|166|170|181|169|209|200|203|189|212|466|193|200|219|485|179|189|173|198|423|416|415|177|207|168|401|649|126|149|126|121|103|119|106|112|144|150|129|413|126|155|
2017-08-19|3|1_CTs|ct6||8|6|10|8|4|8|2|7|7|2|1|1|3|2|3|1|4|2|4|2|2|2|3|3|5|6|4|6|5|7|11|266|6|12|17|17|19|13|27|22|28|278|23|17|21|22|15|22|25|26|28|23|32|18|25|15|20|21|15|25|18|24|22|26|28|22|27|19|279|29|28|33|33|14|38|27|25|39|22|21|22|22|27|15|19|18|24|19|14|12|11|23|275|13|17|8|
2017-08-19|3|1_CTs|ct7||384|367|380|113|347|96|87|330|74|61|62|48|51|50|45|55|30|39|43|37|295|30|33|38|39|37|42|43|47|36|42|297|51|57|64|840|89|98|101|350|108|99|111|373|113|106|114|387|621|125|125|120|109|110|372|105|380|122|367|128|114|131|142|129|407|395|137|127|132|133|137|131|394|125|133|136|449|582|146|131|375|107|108|114|113|356|373|118|120|135|358|126|130|129|128|140|
2017-08-19|3|1_CTs|ct8||336|80|73|65|311|58|58|280|36|30|29|24|28|27|13|24|15|22|23|24|19|17|17|24|21|29|25|25|25|26|26|29|32|32|44|562|56|57|313|55|307|66|61|326|71|59|86|74|74|80|96|79|74|59|70|59|335|83|81|84|75|87|90|82|109|94|88|90|331|94|348|91|78|93|96|97|352|560|332|94|334|78|338|71|67|70|91|354|73|87|76|87|86|96|85|86|
2017-08-19|3|1_CTs|ct9||91|156|146|213|259|98|137|359|103|87|327|210|72|57|344|60|51|51|37|58|49|312|50|31|40|44|488|872|96|174|215|988|400|152|647|1253|473|599|1443|1262|867|168|193|645|537|585|647|578|463|635|445|140|209|512|1842|3332|826|437|451|658|2044|2618|440|408|192|615|678|277|215|865|374|352|275|843|388|141|137|170|181|666|113|1776|655|422|385|363|795|89|755|90|391|98|99|106|104|107|
2017-08-19|3|1_CTs|ct10||95|82|97|86|90|80|81|75|78|89|65|72|78|59|75|52|63|58|67|47|54|45|56|37|53|45|40|42|43|35|48|34|43|35|44|57|49|59|60|80|71|74|66|61|93|80|94|91|87|97|94|92|97|89|80|77|62|84|87|108|89|79|97|85|87|107|90|87|118|98|93|89|120|93|88|101|106|88|72|91|82|76|86|100|71|97|100|61|80|78|92|88|85|88|96|79|
2017-08-19|3|1_CTs|ct13||204|162|204|168|157|174|412|143|384|371|135|146|156|112|129|104|118|126|119|94|356|96|108|92|118|126|98|330|107|90|110|378|394|135|164|432|166|176|449|218|182|455|231|491|194|206|232|201|216|490|478|191|200|193|239|186|453|474|218|471|210|286|216|295|261|244|509|551|268|510|209|286|395|196|469|461|206|401|214|264|722|1498|414|786|165|467|382|293|380|173|712|659|211|602|342|350|
2017-08-19|3|1_CTs|CT16||118|134|95|111|91|119|95|68|567|96|98|87|68|67|78|63|337|91|57|47|57|54|47|42|336|101|110|49|59|57|56|92|74|49|75|322|348|118|108|70|101|98|117|362|85|129|130|141|135|110|151|102|133|102|140|589|151|105|97|371|96|101|359|105|115|390|367|361|107|378|381|110|375|120|127|111|107|129|387|152|369|372|122|130|373|102|100|372|103|106|94|75|121|116|107|101|
2017-08-19|3|1_CTs|ct22||265|7|4|6|5|2|259|1|2|2|0|3|259|1|3|1|2|1|3|2|3|1|6|4|7|3|4|3|2|4|8|2|3|7|260|3|6|4|7|8|6|12|12|6|16|19|14|11|16|10|12|9|8|8|7|11|10|6|11|6|7|9|14|6|4|11|5|8|10|16|6|11|7|10|8|10|11|6|4|3|2|11|8|13|13|9|4|8|9|8|12|7|6|9|5|23|
2017-08-19|3|1_CTs|CT23||136|326|97|332|77|320|65|52|49|41|47|37|49|34|32|31|31|281|33|30|37|38|48|38|40|304|49|45|57|64|80|327|71|73|89|103|100|111|116|114|115|131|107|626|124|351|369|138|108|394|394|129|124|127|125|111|116|128|142|399|366|119|394|152|142|140|166|147|401|129|125|136|134|137|401|147|139|143|135|336|713|131|411|360|363|354|121|103|347|342|102|112|115|117|350|350|
2017-08-19|3|1_CTs|ct24||105|104|605|344|52|300|61|49|272|37|17|33|26|24|19|15|14|13|16|21|25|23|35|291|39|332|341|99|97|381|217|203|151|154|182|718|941|479|496|506|503|470|263|255|505|483|524|518|289|573|1561|273|302|273|548|527|754|257|531|263|547|275|300|318|302|1077|797|276|492|273|327|297|283|828|573|796|527|545|346|311|836|573|613|565|321|513|534|224|491|752|183|470|438|199|186|169|
