2011-02-23|7|1_CTs|CT1||37|21|16|14|12|12|13|8|5|7|4|8|7|5|2|3|8|10|11|7|10|3|7|8|13|21|24|46|40|51|102|137|205|223|217|215|235|208|217|192|194|161|183|143|138|145|126|27|0|0|0|0|0|0|0|0|0|0|0|0|0|0|0|0|0|77|172|177|177|170|187|172|170|155|183|168|184|154|161|152|143|127|111|118|82|81|61|60|74|22|0|0|0|0|0|45|
2011-02-23|7|1_CTs|CT2||84|70|57|53|51|45|30|15|30|30|13|11|13|11|12|18|9|16|17|15|8|18|32|37|24|25|68|79|76|100|159|198|281|299|331|445|321|401|301|266|306|264|254|283|189|212|192|67|0|0|0|0|0|0|0|0|0|0|0|0|0|0|0|0|0|106|291|283|292|288|315|355|339|338|317|322|286|283|201|218|205|213|201|162|154|140|125|128|109|32|0|0|0|0|0|56|
2011-02-23|7|1_CTs|CT4||64|51|30|39|51|31|41|25|24|32|25|22|21|12|12|12|10|12|17|15|6|11|6|7|7|12|16|13|21|7|9|20|32|38|48|45|53|51|52|40|28|38|30|34|29|30|34|14|0|0|0|0|0|0|0|0|0|0|0|0|0|0|0|0|0|37|77|75|122|125|107|95|96|84|93|78|110|56|94|70|62|53|57|67|55|56|49|64|62|26|0|0|0|0|0|78|
2011-02-23|7|1_CTs|CT6||36|30|23|23|19|19|20|17|7|21|8|15|7|12|5|6|7|6|5|7|13|7|5|10|11|12|12|30|27|46|64|81|132|145|140|176|141|149|151|125|104|119|102|130|136|169|128|51|0|0|0|0|0|0|0|0|0|0|0|0|0|0|0|0|0|91|191|187|221|221|205|235|253|218|210|181|212|185|183|158|150|123|111|75|90|89|74|60|73|21|0|0|0|0|0|30|
2011-02-23|7|1_CTs|CT7||47|48|34|25|30|12|17|14|14|16|15|11|10|5|2|6|8|4|8|10|10|12|8|13|16|26|32|42|54|57|92|100|138|129|142|160|131|142|130|144|138|130|142|128|128|142|138|37|0|0|0|0|0|0|0|0|0|0|0|0|0|0|0|0|0|72|159|168|179|165|171|179|181|178|186|170|179|169|183|169|128|116|116|102|109|99|83|72|82|28|0|0|0|0|0|48|
2011-02-23|7|1_CTs|CT8||120|67|79|66|52|46|42|33|41|33|32|20|16|18|23|20|27|33|42|40|48|61|63|76|90|105|148|204|211|230|360|350|407|454|440|447|435|428|380|422|354|135|0|0|0|0|0|0|0|0|0|0|0|0|0|0|0|0|0|0|0|0|0|0|0|0|0|0|0|0|0|0|0|0|0|0|0|0|0|0|0|0|0|0|0|0|0|0|0|0|0|0|0|0|0|96|
2011-02-23|7|1_CTs|CT9||68|41|46|30|35|20|24|24|25|22|19|15|7|6|11|7|16|14|13|20|18|31|32|41|50|57|71|101|124|149|186|218|223|248|234|264|229|253|224|251|214|226|181|221|179|201|171|57|0|0|0|0|0|0|0|0|0|0|0|0|0|0|0|0|0|113|205|203|195|204|229|213|193|201|202|208|183|198|191|166|139|147|138|128|112|120|98|95|95|27|0|0|0|0|0|54|
2011-02-23|7|1_CTs|CT10||92|99|75|69|64|70|59|49|50|34|51|33|31|27|29|23|21|24|31|32|26|26|31|42|45|44|61|61|91|117|124|162|238|267|241|231|255|229|229|230|225|222|233|279|270|280|240|82|0|0|0|0|0|0|0|0|0|0|0|0|0|0|0|0|0|164|316|328|303|330|323|285|308|279|325|309|270|282|300|277|267|291|219|184|192|175|158|163|166|50|0|0|0|0|0|83|
2011-02-23|7|1_CTs|CT11||89|88|86|58|53|68|52|38|40|28|46|30|36|27|19|21|20|28|33|38|30|24|34|50|43|65|64|84|107|115|133|153|219|223|230|215|246|220|235|200|224|263|203|274|245|249|214|75|0|0|0|0|0|0|0|0|0|0|0|0|0|0|0|0|0|143|297|282|288|241|258|243|269|262|262|231|233|251|265|216|235|217|198|188|181|151|166|164|164|46|0|0|0|0|0|91|
2011-02-23|7|1_CTs|CT12||97|68|70|50|31|26|37|25|18|24|26|16|9|19|16|18|18|11|9|15|15|11|15|20|35|17|36|43|41|63|117|158|251|261|255|290|277|245|214|211|209|224|187|216|204|217|240|78|0|0|0|0|0|0|0|0|0|0|0|0|0|0|0|0|0|149|315|334|360|413|363|384|387|414|376|468|411|407|376|296|304|251|222|177|190|161|172|155|142|40|0|0|0|0|0|91|
2011-02-23|7|1_CTs|CT13||26|21|6|14|7|4|5|4|6|6|7|2|1|2|0|0|3|1|1|0|1|3|3|5|5|10|8|15|22|24|49|58|65|62|72|61|68|75|58|79|17|57|67|46|51|52|59|15|0|0|0|0|0|0|0|0|0|0|0|0|0|0|0|0|0|30|58|72|82|67|62|76|77|81|90|90|78|89|87|40|60|66|47|44|47|50|28|30|27|11|0|0|0|0|0|230|
2011-02-23|7|1_CTs|CT14||140|126|97|86|68|56|48|48|48|43|42|32|33|27|26|18|20|32|28|34|31|36|32|60|68|76|92|111|129|168|217|258|349|390|443|405|440|438|365|348|357|344|301|339|313|115|0|0|0|0|0|0|0|0|0|0|0|0|0|0|0|0|0|0|0|0|0|0|0|0|0|0|0|0|0|0|0|0|0|0|0|0|0|0|0|0|0|0|0|0|0|0|0|0|0|101|
2011-02-23|7|1_CTs|CT15||14|11|12|5|5|4|7|4|4|7|3|3|1|4|1|0|2|4|4|3|4|3|2|6|2|5|1|12|11|17|17|45|93|91|66|87|54|67|54|47|24|30|21|32|28|29|36|10|0|0|0|0|0|0|0|0|0|0|0|0|0|0|0|0|0|33|67|73|56|65|96|74|87|72|69|56|79|65|63|55|53|39|32|42|23|28|25|14|24|7|0|0|0|0|0|11|
