2016-01-13|7|1_CTs|CT1||55|39|30|22|13|14|15|15|9|13|10|12|8|15|4|6|7|10|9|7|271|14|11|16|21|17|24|37|43|64|95|375|156|171|441|188|175|158|154|180|99|110|129|132|114|121|127|111|101|92|108|110|317|131|365|96|117|121|130|132|129|134|125|378|107|391|389|381|133|124|128|122|140|148|135|135|138|132|103|105|106|359|90|81|76|329|64|75|308|59|58|51|51|47|44|37|
2016-01-13|7|1_CTs|CT2||78|36|26|34|36|13|30|18|18|22|10|12|11|12|10|8|10|10|14|6|12|18|22|12|18|26|295|50|318|88|92|197|272|359|510|562|282|292|204|105|462|150|41|120|170|160|61|105|128|155|88|182|175|48|191|57|123|208|145|708|456|171|170|176|177|181|168|208|475|135|178|201|498|279|426|123|57|46|426|163|169|91|129|124|99|86|94|76|36|75|74|338|317|61|70|50|
2016-01-13|7|1_CTs|CT4||52|285|32|31|27|24|19|17|27|19|13|9|14|19|11|20|10|15|9|11|5|2|3|7|2|4|4|12|14|12|9|8|33|46|25|43|40|34|14|25|16|18|23|10|33|31|29|289|49|36|308|48|46|42|289|41|34|42|42|51|43|28|45|39|55|47|64|69|75|87|350|101|98|71|66|51|62|74|52|67|62|44|44|53|56|304|29|43|50|40|34|26|39|295|33|49|
2016-01-13|7|1_CTs|CT6||38|31|21|13|11|22|14|11|14|8|8|9|6|8|7|3|5|6|5|5|4|2|6|4|4|6|13|20|23|30|53|83|152|158|395|138|145|110|137|97|103|349|104|615|97|111|109|114|116|118|106|124|137|375|349|131|116|117|377|121|124|389|128|403|166|153|191|200|459|208|191|193|192|466|143|439|439|355|214|135|122|368|108|89|84|72|85|57|57|312|70|46|49|38|53|24|
2016-01-13|7|1_CTs|CT7||42|44|28|273|20|12|11|17|5|6|5|4|9|7|2|5|11|5|5|5|11|7|9|4|14|12|22|32|37|52|71|61|360|143|140|100|362|110|111|365|132|124|98|111|110|96|109|107|112|367|110|98|89|99|117|133|110|121|137|138|377|115|124|635|148|138|390|162|153|163|163|198|167|167|437|184|183|161|161|140|126|118|84|86|55|75|48|50|45|50|40|307|297|31|45|62|
2016-01-13|7|1_CTs|CT8||102|87|68|48|44|36|27|29|27|19|11|20|16|21|18|21|28|31|33|36|0|0|0|0|0|0|0|0|0|0|0|0|0|0|0|0|0|0|0|0|0|0|0|0|204|328|380|351|593|341|617|307|385|368|374|334|382|723|1163|684|794|546|581|1078|1035|494|517|537|451|416|430|430|399|474|688|422|356|579|405|293|313|272|243|202|188|168|148|139|144|390|137|118|419|134|93|378|
2016-01-13|7|1_CTs|CT12||46|36|29|30|16|23|24|13|18|10|14|9|272|13|5|9|6|9|9|6|6|7|11|9|13|11|25|34|44|47|91|386|231|234|472|230|209|168|180|173|142|146|164|157|160|170|412|166|201|211|429|185|180|701|151|158|173|191|148|419|191|455|176|469|737|221|259|499|273|571|274|541|280|525|287|273|260|264|247|470|501|441|148|152|118|128|103|89|66|76|84|65|75|59|61|48|
2016-01-13|7|1_CTs|CT13||18|11|6|6|5|9|2|9|1|2|3|4|4|0|0|4|1|0|1|2|3|3|1|1|1|7|13|17|15|27|30|23|38|49|70|49|54|42|45|48|58|43|47|48|40|39|40|44|47|50|57|56|41|42|62|321|57|55|330|317|70|57|54|55|58|319|59|79|59|345|80|96|82|67|65|327|92|83|587|67|61|53|43|40|295|38|23|27|30|21|23|26|27|19|23|35|
2016-01-13|7|1_CTs|CT14||148|363|112|334|69|69|311|56|45|46|38|30|24|28|34|31|27|47|34|38|23|57|55|67|300|63|75|362|138|163|224|792|366|697|964|446|435|388|361|579|300|334|304|566|311|339|330|345|638|397|635|380|362|549|337|599|330|612|618|351|379|380|649|893|709|737|725|721|591|648|572|557|624|584|551|507|541|517|717|429|726|648|296|278|209|499|463|172|170|184|171|416|418|136|144|151|
2016-01-13|7|1_CTs|CT15||16|19|22|18|12|11|10|5|14|5|2|10|6|9|7|0|7|8|5|5|6|260|8|7|5|9|13|12|24|23|51|109|232|232|148|132|193|150|403|76|324|318|60|309|51|51|62|55|97|62|81|142|145|164|95|108|98|375|107|73|84|358|100|133|131|136|168|154|154|189|191|141|139|154|111|370|91|95|63|86|59|65|38|55|43|45|63|47|39|34|59|30|41|33|35|26|
