2012-02-24|2|1_CTs|ct1||46|34|36|37|29|23|14|15|15|8|8|9|8|4|5|4|5|6|7|13|17|14|17|22|17|20|27|43|54|70|74|105|112|106|102|120|106|108|125|136|135|124|129|127|118|143|143|123|126|131|140|138|118|124|126|111|124|143|139|143|121|147|135|138|126|108|123|108|94|110|81|111|112|122|102|117|113|112|107|138|140|139|128|103|131|126|122|116|97|97|88|90|95|97|98|72|
2012-02-24|2|1_CTs|ct2||25|19|13|14|14|11|7|7|7|8|8|7|6|4|4|5|2|2|6|2|10|12|6|17|11|19|16|21|21|23|20|25|30|36|33|44|47|52|63|58|71|70|64|59|78|80|68|61|56|67|62|53|59|65|55|46|63|57|59|69|52|72|60|62|67|63|40|52|54|41|47|52|49|45|40|49|55|55|37|49|49|56|47|99|56|45|36|34|31|32|37|26|23|28|33|24|
2012-02-24|2|1_CTs|ct3||120|88|73|85|62|62|36|45|47|36|26|33|33|27|21|18|17|15|20|20|35|37|31|53|35|56|51|79|79|105|96|139|169|168|159|183|155|185|207|205|195|182|201|190|206|210|209|208|199|216|177|204|189|185|180|169|190|208|194|207|196|228|198|212|188|232|193|42|158|191|170|184|191|202|162|208|195|184|196|199|214|209|182|171|190|186|154|186|158|137|140|156|145|146|163|128|
2012-02-24|2|1_CTs|ct4||45|58|36|32|34|31|30|18|13|19|21|9|8|13|11|15|7|7|9|9|8|11|16|30|31|31|25|39|6|0|0|0|40|87|100|128|127|117|139|119|125|145|137|127|131|131|132|145|139|136|43|18|9|5|91|113|136|127|126|139|121|130|131|134|140|126|80|127|111|123|109|117|121|101|92|105|131|123|103|133|96|105|95|98|85|96|88|95|72|81|73|91|56|59|64|96|
2012-02-24|2|1_CTs|ct5||139|107|77|54|63|47|45|37|28|34|32|19|21|27|18|29|11|14|13|16|17|18|18|29|23|38|24|43|30|38|57|73|130|144|181|214|222|181|196|188|152|221|205|197|205|183|213|243|199|212|147|148|125|118|193|204|188|167|175|209|182|173|211|236|235|232|203|210|183|200|185|187|196|188|170|184|206|178|176|186|157|167|154|148|122|126|136|153|135|147|132|152|115|116|98|122|
2012-02-24|2|1_CTs|ct6||76|67|47|33|47|33|45|23|22|24|25|11|19|19|12|15|9|11|14|11|13|19|19|29|20|27|21|23|25|30|44|42|68|75|84|102|98|90|95|107|109|108|109|120|124|116|136|142|139|140|107|98|102|103|113|118|122|125|126|146|133|152|147|143|131|149|141|157|142|134|122|111|135|132|120|111|131|128|105|121|104|90|99|81|98|89|89|97|92|89|88|94|74|81|77|147|
2012-02-24|2|1_CTs|ct17||103|91|86|82|53|51|38|45|40|37|30|31|27|26|14|25|18|9|20|24|23|30|23|39|26|45|38|52|73|89|80|119|171|144|168|160|186|184|212|185|204|185|196|195|200|204|212|196|209|199|195|200|195|157|183|176|160|188|188|179|197|192|195|194|182|238|210|182|171|184|182|187|182|202|183|204|179|222|205|216|213|212|200|155|199|171|154|191|164|144|159|170|159|154|169|133|
2012-02-24|2|1_CTs|CT19||45|35|40|33|31|17|18|14|12|16|9|16|13|11|5|11|9|6|5|6|8|6|12|9|11|18|21|26|41|52|46|64|104|81|99|92|84|92|116|101|135|108|126|108|120|116|118|130|122|124|123|57|124|101|94|89|100|113|101|129|104|126|115|137|134|143|144|106|138|139|119|111|120|160|127|125|112|152|136|133|140|126|122|84|113|103|74|100|81|79|67|73|71|76|66|69|
2012-02-24|2|1_CTs|CT20||44|39|40|29|30|35|28|27|27|27|24|19|10|17|3|8|6|4|6|12|7|9|9|10|16|11|8|25|31|44|37|57|73|69|85|100|105|103|101|78|82|75|88|66|79|78|84|84|68|90|37|34|24|19|37|93|66|65|77|74|75|71|81|87|84|80|70|84|85|89|89|95|99|92|92|81|79|100|94|78|76|91|65|75|69|61|58|55|60|66|53|52|51|63|59|64|
2012-02-24|2|1_CTs|CT21||27|19|18|18|12|19|15|11|7|9|6|5|9|6|3|4|1|4|3|4|4|0|3|6|9|3|4|10|11|22|24|34|49|40|54|68|56|57|57|48|36|60|59|47|52|53|46|31|61|50|34|28|33|32|41|48|34|41|49|45|41|41|58|45|54|46|54|59|48|59|47|46|46|52|54|38|56|60|57|41|45|39|50|42|32|32|31|37|32|40|19|33|35|33|35|37|
