2015-01-22|2|1_CTs|ct1||59|49|41|276|26|21|522|25|17|18|14|15|9|14|11|8|11|19|15|13|23|33|31|35|35|45|45|65|69|90|390|145|176|398|403|168|176|165|162|184|165|195|690|186|183|171|174|426|170|161|169|435|422|426|173|157|149|163|194|451|183|449|181|710|398|405|143|139|146|139|126|160|148|157|169|160|403|157|156|686|171|183|446|385|131|105|99|92|81|348|89|82|339|79|339|90|
2015-01-22|2|1_CTs|ct2||28|290|26|285|14|20|529|21|15|16|11|11|10|11|8|4|12|9|6|2|14|22|14|17|17|21|25|20|20|38|46|32|55|293|53|315|70|82|72|78|68|86|352|76|337|70|83|88|320|75|85|82|90|337|60|64|49|66|106|96|93|340|89|100|309|71|326|57|71|320|66|78|71|76|64|76|77|96|89|345|354|102|92|561|328|47|60|56|47|52|62|51|50|51|38|34|
2015-01-22|2|1_CTs|ct3||60|64|60|39|41|286|288|277|27|30|19|15|16|12|17|9|13|16|10|21|16|37|34|40|39|38|39|57|68|84|112|122|145|137|148|128|152|159|154|160|135|194|192|425|178|161|445|174|147|404|437|137|167|673|160|155|135|177|168|458|188|949|199|180|441|174|420|400|160|125|131|161|167|178|420|173|162|417|402|152|422|176|677|141|387|368|342|102|588|92|88|89|93|93|99|84|
2015-01-22|2|1_CTs|ct4||46|36|31|31|40|28|20|18|20|15|18|19|7|16|19|12|10|14|14|14|11|14|30|23|27|36|28|28|39|38|62|73|80|105|108|121|131|114|380|132|106|122|104|131|365|118|107|121|129|125|129|112|108|360|94|85|105|105|366|110|645|141|139|116|118|111|91|103|111|374|106|97|85|116|111|94|92|95|114|71|95|91|75|93|81|60|50|72|321|61|53|50|310|61|61|54|
2015-01-22|2|1_CTs|ct5||65|68|64|43|51|39|31|28|26|19|22|25|16|14|18|24|19|19|14|24|16|20|40|21|21|38|37|42|51|47|88|120|100|663|165|184|424|170|432|190|151|168|147|456|169|179|162|198|184|179|189|192|155|161|176|173|417|185|183|448|187|456|233|192|450|178|411|161|181|191|175|174|147|184|192|175|386|141|180|368|143|147|382|134|129|119|85|360|87|96|95|91|107|610|121|97|
2015-01-22|2|1_CTs|ct6||15|27|27|13|25|8|264|8|8|6|12|262|5|11|8|6|9|2|6|9|5|4|9|11|10|12|9|15|21|12|19|15|20|22|29|32|26|37|33|43|295|47|48|561|40|43|48|46|50|48|86|278|41|307|50|40|45|39|50|52|300|52|69|49|66|47|57|52|43|57|50|62|47|50|570|314|37|54|61|47|44|39|300|48|40|34|24|36|31|25|22|38|29|26|25|25|
2015-01-22|2|1_CTs|ct17||77|65|77|48|49|40|44|304|35|295|21|23|24|14|14|17|13|21|19|26|27|38|39|40|43|36|315|60|72|93|106|135|174|439|189|430|175|446|190|204|175|216|528|208|206|193|224|209|432|202|234|194|457|429|167|172|159|205|689|246|472|471|495|189|253|457|208|174|182|198|190|448|210|240|221|209|455|215|208|434|444|210|183|155|126|142|103|112|356|127|93|90|96|357|90|90|
2015-01-22|2|1_CTs|CT19||37|34|28|24|14|15|15|9|14|16|13|11|4|1|3|6|1|5|4|7|5|14|11|8|11|10|23|21|45|47|48|321|86|331|89|333|353|80|353|94|345|104|118|610|604|425|265|361|115|120|102|94|39|14|345|86|349|106|96|384|358|127|293|155|118|128|109|364|78|354|857|595|120|129|125|369|361|116|87|361|93|340|340|85|63|61|310|49|51|46|47|47|47|298|35|31|
2015-01-22|2|1_CTs|CT20||32|28|13|26|281|19|278|12|15|12|11|13|4|7|6|3|7|13|6|6|6|7|6|15|10|9|18|29|22|32|32|56|71|85|334|101|84|594|355|337|74|86|320|343|80|79|67|79|72|319|65|71|71|83|70|68|563|65|509|156|329|76|92|331|74|335|86|71|88|82|89|334|95|83|96|99|88|73|589|588|76|73|85|72|54|62|47|288|36|40|566|56|47|50|52|56|
2015-01-22|2|1_CTs|CT21||16|17|5|14|9|6|14|2|5|5|6|5|4|2|4|6|4|9|1|3|3|2|1|3|4|6|11|14|8|15|17|25|41|47|53|52|285|302|285|47|39|39|265|46|43|131|201|293|295|37|41|281|29|289|37|293|289|51|49|283|35|42|54|46|56|46|48|308|299|58|49|47|311|42|50|39|47|37|52|35|35|37|545|53|29|24|24|24|18|20|30|281|24|288|30|33|
