2012-01-31|6|1_CTs|CT1||0|1|0|1|4|1|0|3|0|0|0|1|0|2|2|0|0|1|1|3|3|2|3|5|5|3|13|10|5|6|7|6|55|39|10|7|10|5|11|5|6|7|6|6|7|6|3|4|6|4|8|14|11|7|4|3|2|4|8|3|5|6|8|7|5|7|10|5|12|8|7|5|6|4|5|5|6|4|3|4|6|3|3|2|3|2|2|2|0|1|15|22|7|1|1|2|
2012-01-31|6|1_CTs|CT3||7|10|11|8|7|5|5|3|1|2|1|1|4|2|2|1|0|2|7|10|10|19|12|20|20|36|35|46|39|52|55|70|77|95|112|108|81|79|65|75|59|49|55|47|56|46|44|48|35|43|65|41|51|46|40|51|46|56|55|48|35|48|45|50|53|44|62|53|61|73|47|56|64|68|71|55|53|59|43|26|38|29|21|26|28|38|23|18|21|18|15|20|20|19|11|10|
2012-01-31|6|1_CTs|CT4||7|5|4|6|2|4|3|3|0|3|3|2|2|1|0|1|3|1|3|2|0|3|2|1|2|2|3|2|8|10|12|18|56|46|23|37|27|21|25|18|30|26|31|18|15|27|25|36|27|24|30|36|30|46|28|33|31|27|21|37|27|38|35|41|29|19|34|23|55|38|49|9|42|21|50|65|55|42|44|38|47|28|27|22|24|14|16|14|17|16|12|16|8|10|8|8|
2012-01-31|6|1_CTs|CT5||17|15|9|9|6|12|4|3|4|4|6|3|5|5|0|2|4|2|5|9|3|7|5|6|10|9|11|20|20|25|42|44|70|77|68|72|70|70|79|83|90|76|62|74|62|58|76|68|65|77|61|66|70|58|79|74|73|72|62|93|83|73|84|79|70|86|78|87|67|86|87|63|60|64|52|39|26|51|66|57|47|55|28|59|56|50|37|37|29|36|35|17|26|20|19|23|
2012-01-31|6|1_CTs|CT6||23|14|6|12|8|7|4|8|4|4|2|4|3|5|4|4|5|5|7|7|4|7|16|7|11|17|19|16|31|34|75|101|143|179|155|189|182|142|122|137|127|100|121|110|114|95|109|108|89|100|77|107|91|109|97|120|107|101|124|129|120|103|135|133|122|102|129|147|137|152|126|133|136|137|142|121|120|131|94|90|100|108|88|74|76|69|68|54|43|54|42|61|49|44|24|54|
2012-01-31|6|1_CTs|CT7||4|5|5|1|1|3|2|1|1|1|1|4|0|1|0|0|0|2|2|2|2|2|0|2|1|4|1|3|5|14|11|24|25|30|35|40|49|36|39|33|26|24|27|25|22|27|12|22|24|21|31|21|30|19|27|25|18|22|16|29|18|26|25|20|28|22|21|36|30|24|39|39|32|22|34|24|23|27|19|15|20|25|19|20|14|10|12|9|10|9|10|5|3|10|5|9|
2012-01-31|6|1_CTs|CT8||37|23|26|14|17|18|15|20|14|8|6|12|11|13|6|11|3|12|9|3|5|13|20|26|26|21|46|54|90|109|155|202|214|243|238|204|215|216|185|196|167|173|139|163|129|121|136|135|145|139|142|147|134|134|153|146|140|149|178|165|165|159|159|152|144|168|169|164|138|190|175|188|198|219|172|172|171|186|150|158|129|152|124|134|102|87|86|82|71|61|65|75|55|51|47|49|
2012-01-31|6|1_CTs|CT9||45|45|27|24|26|16|18|12|13|12|10|10|8|7|7|5|6|5|13|12|8|19|14|35|35|33|37|74|94|132|168|269|288|337|320|294|268|336|292|265|209|215|217|206|168|193|172|202|217|210|206|277|206|193|196|211|242|237|210|188|215|218|207|235|207|234|232|227|282|276|311|327|322|346|331|336|377|293|222|219|198|189|162|145|132|117|99|88|77|68|76|80|86|69|48|65|
2012-01-31|6|1_CTs|CT10||32|26|21|16|12|17|12|8|13|12|11|9|2|8|2|4|3|1|1|7|6|7|14|19|32|34|32|50|53|61|92|136|190|170|184|219|223|202|204|184|173|151|153|138|137|147|169|137|148|157|153|147|149|150|138|148|160|157|179|155|165|145|160|184|176|191|202|182|193|193|219|217|193|205|237|199|194|179|171|166|133|120|125|115|93|87|69|60|84|71|63|59|48|34|48|35|
2012-01-31|6|1_CTs|CT11||19|25|18|15|15|11|10|6|6|5|12|11|10|8|8|3|3|7|10|13|16|18|15|42|35|29|56|84|119|130|215|311|341|330|342|299|262|336|303|272|224|202|177|191|161|176|180|202|200|169|214|242|186|186|190|199|205|207|219|194|196|211|198|192|192|208|238|216|232|223|243|251|232|224|220|198|162|154|131|110|146|150|142|98|85|77|79|76|61|60|49|64|59|54|44|40|
2012-01-31|6|1_CTs|CT12||29|25|28|17|15|12|15|13|13|12|7|6|5|8|1|7|7|4|2|9|13|13|17|18|33|31|40|56|62|69|136|162|259|299|237|294|298|266|240|225|190|175|156|155|151|170|168|162|159|164|217|148|179|186|161|173|181|178|217|187|185|184|168|185|191|219|252|277|253|240|291|300|292|272|279|286|257|227|204|173|166|179|142|134|116|105|83|69|78|74|59|66|68|60|47|43|
2012-01-31|6|1_CTs|CT13||32|30|20|16|20|11|9|11|9|10|7|6|4|4|5|6|4|4|8|8|8|14|12|21|38|31|34|52|72|88|113|186|219|223|231|254|253|245|208|201|188|180|178|164|133|156|152|153|138|176|154|158|171|147|151|147|137|158|180|148|169|168|156|163|164|177|190|188|214|204|274|243|275|298|294|313|319|242|201|186|172|138|138|111|104|89|75|58|71|59|67|60|52|55|46|46|
2012-01-31|6|1_CTs|CT14||15|25|22|10|10|12|11|7|9|8|7|4|3|3|1|5|7|0|0|4|7|9|13|12|18|18|21|25|33|37|58|63|96|75|85|102|145|112|94|95|90|95|91|86|83|88|102|106|106|104|117|111|106|98|89|99|101|113|101|105|99|88|102|98|122|130|133|140|146|154|169|168|178|142|151|143|146|121|145|111|119|105|81|83|83|57|65|32|48|49|55|57|40|50|35|39|
2012-01-31|6|1_CTs|CT15||10|8|9|9|4|4|3|5|1|4|1|2|5|2|6|3|3|1|3|4|4|16|15|12|10|23|23|35|44|58|78|139|170|161|190|170|147|152|123|138|86|88|74|74|66|76|63|76|64|70|74|86|89|76|73|66|77|64|97|71|72|92|94|85|79|89|81|92|77|106|97|97|159|160|158|165|167|98|89|76|64|54|43|48|34|40|34|24|29|21|22|17|17|19|18|16|
2012-01-31|6|1_CTs|CT16||37|30|24|14|15|18|9|8|15|8|8|9|5|8|6|2|1|6|5|11|11|7|10|24|31|31|37|54|75|104|123|217|249|292|249|266|257|282|256|249|224|209|175|188|165|180|178|177|189|151|200|169|188|176|166|196|167|164|192|181|198|202|203|194|182|200|229|212|191|202|243|227|228|241|245|213|172|205|167|142|148|164|132|127|102|99|85|74|90|78|74|66|48|50|48|47|
2012-01-31|6|1_CTs|CT17||6|6|3|2|1|3|2|3|2|2|3|0|0|1|2|1|2|0|2|0|1|0|1|0|5|3|2|4|11|12|21|24|43|37|25|33|40|36|42|32|36|37|41|34|23|35|31|27|37|52|43|33|23|36|35|41|35|40|30|34|31|33|37|35|40|43|33|57|34|49|51|53|55|49|42|46|52|33|35|40|31|41|32|39|26|21|20|19|10|9|8|11|18|15|9|9|
2012-01-31|6|1_CTs|CT18||59|40|41|26|24|27|11|19|13|15|20|11|13|13|10|8|10|4|15|13|12|18|14|19|29|32|47|65|82|114|173|234|277|342|309|311|300|315|301|290|275|257|234|249|225|217|227|236|217|251|206|276|229|211|235|246|227|244|227|274|285|270|277|246|293|289|303|277|261|298|328|305|307|312|329|305|270|259|246|206|164|197|160|168|140|155|124|106|108|117|94|80|69|82|76|75|
2012-01-31|6|1_CTs|CT19||35|27|27|16|17|18|18|13|17|12|12|5|4|7|2|8|4|9|7|7|10|7|9|2|7|8|13|22|23|40|53|81|148|167|152|167|181|156|143|170|134|139|127|118|152|135|159|137|139|177|129|129|127|131|129|130|136|128|139|130|138|140|143|157|143|192|185|171|194|218|206|251|231|230|197|217|200|190|172|134|156|130|124|105|100|77|72|67|61|52|41|47|56|63|30|42|
2012-01-31|6|1_CTs|CT20||22|7|19|11|13|8|11|2|6|5|7|3|8|2|3|2|3|2|6|4|7|11|12|12|16|16|26|27|46|39|50|78|119|111|56|160|109|47|124|123|126|86|111|6|123|110|95|101|109|118|5|86|102|80|19|93|93|118|105|139|111|85|46|145|58|61|100|108|135|124|139|135|88|136|63|118|46|68|91|35|63|35|52|21|59|68|52|47|39|50|54|36|52|18|12|25|
2012-01-31|6|1_CTs|CT21||64|46|37|24|16|24|24|20|12|7|10|11|10|6|15|6|11|15|16|16|17|33|24|44|34|55|79|104|137|180|249|323|342|385|378|379|347|320|291|296|274|251|261|200|230|245|259|212|236|222|249|211|214|204|201|238|217|231|260|233|273|263|242|211|229|243|241|239|264|291|283|278|289|351|298|286|268|240|219|186|192|192|125|127|130|121|108|105|109|120|100|88|71|81|68|64|
2012-01-31|6|1_CTs|CT22||80|76|52|28|49|29|32|20|16|25|20|19|13|17|14|18|13|9|12|27|27|40|31|40|55|66|72|94|93|133|153|177|227|236|288|290|299|269|259|258|245|252|262|212|242|259|254|233|269|267|285|255|261|249|221|241|242|274|274|259|281|298|299|252|310|286|322|363|318|341|358|384|371|365|399|346|330|305|306|272|292|259|228|184|162|165|154|143|157|137|115|105|116|108|103|86|
2012-01-31|6|1_CTs|CT23||32|34|26|20|13|18|15|21|7|4|10|4|7|9|4|9|7|4|6|6|11|7|15|23|21|20|32|51|65|90|132|191|198|246|277|264|200|206|196|166|176|145|136|151|141|110|117|138|133|128|145|141|140|132|139|147|149|150|151|171|154|163|163|161|144|151|178|182|172|228|195|214|214|274|250|205|193|195|201|172|137|130|111|112|104|72|88|87|77|73|55|72|62|51|39|41|
2012-01-31|6|1_CTs|CT24||81|63|36|35|27|30|21|21|24|14|15|20|12|13|9|10|13|11|11|16|23|16|24|35|35|48|44|76|79|110|153|205|260|324|279|333|320|326|299|309|296|273|234|233|263|233|230|262|235|237|243|255|244|217|260|208|248|260|252|308|281|306|294|291|299|322|321|347|326|343|341|342|342|378|404|366|375|334|349|328|337|245|221|202|155|154|141|120|105|106|94|105|97|112|88|81|
