2011-11-30|3|1_CTs|ct1||57|51|30|30|24|20|15|11|12|8|10|7|9|6|6|3|6|5|4|5|11|7|12|30|19|17|36|50|58|81|146|154|224|254|255|257|233|218|240|219|231|230|208|231|197|217|184|193|201|207|196|241|207|190|196|178|196|213|202|219|197|223|217|227|236|215|239|222|214|214|195|214|221|197|126|189|223|208|217|197|194|208|222|207|216|228|189|163|143|132|109|139|121|147|122|121|
2011-11-30|3|1_CTs|ct3||170|118|78|82|86|62|60|33|26|33|24|24|28|21|21|29|21|22|23|27|36|42|48|91|69|67|102|151|145|235|339|379|457|520|543|508|510|478|496|533|494|507|423|515|483|456|454|436|456|473|439|480|469|450|433|439|421|475|484|506|449|476|496|507|439|427|404|432|394|324|316|406|356|299|149|286|412|407|406|399|381|445|451|459|489|494|405|357|342|331|300|308|317|331|335|344|
2011-11-30|3|1_CTs|ct5||184|147|155|89|90|51|50|60|42|66|51|22|23|19|23|25|17|15|36|39|19|33|52|53|77|81|91|132|116|177|225|267|346|442|462|452|408|366|402|371|369|395|324|412|385|433|380|417|399|405|413|399|396|367|334|428|428|411|505|662|501|433|460|457|438|405|468|440|424|606|421|387|378|461|294|364|448|392|426|356|442|457|422|342|297|296|325|284|280|304|324|239|332|333|271|285|
2011-11-30|3|1_CTs|ct6||115|117|83|87|90|53|45|44|38|30|19|22|22|18|8|19|22|22|13|16|15|11|11|22|23|17|23|41|35|55|83|154|164|242|426|489|458|482|457|454|417|277|193|180|201|183|182|203|213|190|214|244|231|183|182|188|198|213|211|213|232|235|229|261|242|286|278|275|284|313|313|287|299|105|91|211|250|257|263|258|262|250|269|210|182|170|184|151|143|183|143|141|127|166|227|319|
2011-11-30|3|1_CTs|ct7||102|110|93|88|87|46|44|56|38|46|29|19|18|10|19|13|8|12|16|8|23|15|18|35|23|28|21|39|53|59|74|111|129|170|197|210|178|171|208|186|193|176|177|201|204|220|201|241|229|199|216|265|188|192|178|199|173|210|238|262|239|249|204|209|215|211|206|199|174|171|185|182|132|141|115|161|183|190|191|208|188|182|180|143|146|148|147|133|160|150|143|138|146|155|172|142|
2011-11-30|3|1_CTs|ct9||134|126|92|118|98|84|63|69|52|47|32|31|31|44|17|31|27|18|20|24|30|21|20|25|32|24|39|52|58|79|142|142|201|221|255|233|218|172|209|231|200|192|176|167|212|218|174|136|181|142|167|327|193|151|159|141|174|253|284|224|419|199|191|269|235|120|128|122|166|202|228|157|166|182|196|183|217|295|182|227|263|217|204|184|206|173|136|121|122|126|184|140|130|133|113|161|
2011-11-30|3|1_CTs|ct10||65|65|65|45|51|31|43|33|24|27|24|17|27|15|11|16|16|16|16|19|17|18|13|20|19|14|29|25|35|39|60|81|97|127|143|152|132|131|137|145|140|72|111|110|122|130|112|127|130|135|120|125|122|122|137|142|137|131|128|135|135|120|138|142|134|138|138|162|145|124|139|150|151|121|140|132|122|110|119|126|115|136|131|116|117|122|129|122|113|113|106|102|105|107|110|75|
2011-11-30|3|1_CTs|CT11||39|32|24|19|14|23|22|17|18|11|13|12|12|14|20|12|25|17|16|16|11|11|12|13|16|13|19|26|38|25|38|48|48|44|52|59|54|46|47|47|46|47|46|40|45|46|56|61|59|48|56|71|62|53|48|56|42|66|55|58|44|60|51|62|45|51|57|58|51|56|57|57|50|60|55|54|58|42|61|72|58|56|69|51|56|47|47|45|46|54|50|49|40|42|45|37|
2011-11-30|3|1_CTs|CT12||22|23|19|16|21|13|24|17|15|10|15|11|18|11|10|10|13|12|7|12|11|9|11|14|12|15|14|10|15|15|25|20|25|20|18|25|33|25|44|37|39|14|39|32|34|47|34|36|34|48|48|40|46|35|39|33|47|40|45|42|34|40|40|46|42|34|41|44|37|39|40|42|32|26|36|32|42|37|36|27|46|44|33|29|35|47|45|45|35|38|38|37|25|29|40|22|
2011-11-30|3|1_CTs|CT16||18|22|24|26|25|10|12|13|11|4|9|7|2|5|7|10|2|3|6|5|4|3|7|4|5|6|9|13|7|14|18|27|30|28|54|42|51|35|39|38|39|25|41|41|40|45|35|29|30|33|38|31|36|30|28|19|28|33|37|26|39|41|33|44|47|56|38|46|52|45|49|64|63|69|73|52|47|53|41|44|45|50|33|41|27|34|31|23|29|22|27|16|30|29|35|27|
2011-11-30|3|1_CTs|ct17||68|61|63|48|40|30|26|32|23|24|20|17|20|17|19|9|15|12|17|13|14|12|16|22|1|29|37|55|59|83|132|232|335|331|314|276|314|195|122|163|169|53|142|251|255|250|210|213|221|245|209|214|224|225|228|191|228|242|249|232|217|227|243|241|241|239|255|261|249|166|210|150|239|242|204|157|200|210|207|208|237|256|188|189|188|199|160|149|142|142|142|145|146|142|134|134|
2011-11-30|3|1_CTs|ct18||107|90|90|71|71|47|49|47|34|40|30|21|35|25|27|24|19|21|22|20|21|24|17|31|28|34|44|50|51|92|105|161|204|242|232|267|209|237|205|224|196|70|190|161|197|158|168|182|193|205|174|209|162|167|152|181|179|193|171|185|196|180|184|202|197|184|196|180|169|177|200|181|184|187|210|193|182|175|181|186|197|200|196|178|161|180|196|184|140|180|153|161|161|161|149|133|
2011-11-30|3|1_CTs|ct19||0|1|0|1|0|0|9|0|0|0|0|0|0|0|0|0|0|0|0|0|0|2|0|3|3|12|7|9|9|4|6|8|9|3|7|4|8|9|8|5|12|6|5|10|2|7|7|3|4|5|5|5|6|7|6|5|10|4|8|6|7|10|6|5|6|13|7|7|4|7|11|16|7|8|12|9|10|7|7|4|7|8|3|4|8|8|3|3|4|2|3|1|3|4|1|0|
2011-11-30|3|1_CTs|ct20||0|0|0|0|0|0|0|0|0|0|0|0|0|0|0|0|0|0|0|0|0|0|0|0|0|0|0|0|0|0|0|0|0|0|0|0|0|0|0|0|0|0|0|0|0|0|0|0|0|0|0|0|0|0|0|0|0|0|0|0|0|0|0|5|0|0|0|0|0|0|0|7|0|0|0|0|0|0|0|0|0|0|0|0|0|0|0|0|0|0|0|0|0|0|0|0|
2011-11-30|3|1_CTs|ct22||8|7|10|4|2|7|4|1|4|3|3|1|2|0|2|0|3|3|3|5|4|3|2|1|3|1|2|6|5|9|9|13|21|19|22|15|23|27|23|29|27|20|20|27|24|27|20|27|37|35|27|41|30|31|22|28|30|31|27|24|36|24|43|43|42|37|51|58|76|59|69|63|58|62|57|40|40|46|42|36|38|20|21|17|24|15|16|16|9|8|6|8|7|6|8|11|
2011-11-30|3|1_CTs|CT23||107|67|82|51|33|29|23|23|24|16|11|11|25|16|12|7|12|18|7|10|9|10|15|13|12|18|22|25|44|75|118|197|218|257|341|280|254|276|224|237|190|175|177|219|232|215|212|182|222|254|266|246|269|240|266|210|252|240|249|231|246|275|281|302|321|321|339|341|353|345|314|360|399|328|238|345|404|351|366|339|326|368|319|250|285|263|233|201|222|218|157|166|192|160|154|107|
2011-11-30|3|1_CTs|ct24||181|174|134|100|85|70|70|55|39|41|22|34|22|34|33|21|19|39|45|44|61|55|77|93|145|210|326|553|667|989|1022|1004|952|977|955|937|883|850|866|969|900|873|901|890|904|941|906|855|874|946|892|873|897|856|742|727|675|952|941|935|898|904|905|857|839|826|804|900|849|896|842|911|894|887|919|950|912|784|887|847|824|879|787|793|639|582|528|465|462|487|421|409|410|425|371|355|
