2011-04-13|7|1_CTs|CT1||34|36|29|21|22|19|16|9|10|8|11|4|10|7|3|6|5|8|9|6|4|3|9|13|10|17|27|29|27|53|89|150|137|168|183|188|216|217|216|204|175|151|149|174|139|142|114|146|132|150|147|145|138|113|129|131|153|126|137|154|147|180|154|137|149|144|160|145|146|138|162|132|165|189|164|150|153|132|155|121|110|92|97|108|86|69|68|69|64|59|72|60|55|58|40|40|
2011-04-13|7|1_CTs|CT2||54|76|54|46|53|32|34|37|30|32|30|28|24|16|8|11|15|6|9|12|17|14|22|14|30|47|56|51|88|132|163|216|300|358|336|377|312|230|292|270|276|225|233|169|273|224|255|242|216|211|162|217|208|263|170|228|205|266|137|224|251|189|203|211|228|16|227|256|288|272|276|330|273|305|299|296|311|250|174|219|213|209|173|191|166|159|164|144|135|127|97|128|102|113|108|89|
2011-04-13|7|1_CTs|CT4||39|52|30|36|26|30|21|21|28|32|50|30|41|35|21|15|18|31|24|25|13|10|17|8|16|9|16|13|10|12|13|14|24|25|28|39|45|30|41|35|31|28|26|26|34|37|51|28|48|59|66|38|41|46|29|37|23|46|56|28|42|45|69|56|72|65|66|83|100|102|71|91|97|87|73|65|85|82|82|77|77|66|40|43|62|48|65|62|42|50|84|80|84|75|73|77|
2011-04-13|7|1_CTs|CT6||45|32|30|32|22|30|17|16|17|17|10|6|5|9|6|9|8|12|3|6|8|9|7|4|10|13|20|22|33|30|51|69|79|77|114|146|126|129|120|127|102|135|106|129|127|134|112|138|153|158|123|112|128|134|114|105|124|107|115|136|150|138|131|175|156|143|179|158|146|180|167|138|189|170|193|183|174|144|162|158|135|126|114|70|77|86|71|77|67|54|72|55|50|56|52|54|
2011-04-13|7|1_CTs|CT7||58|37|48|25|34|19|16|12|14|16|19|15|16|9|9|16|14|6|15|12|13|17|17|14|19|27|27|49|54|73|88|96|95|107|124|118|108|133|153|144|126|108|127|148|122|152|116|122|123|132|154|125|142|140|99|128|113|109|139|143|148|109|163|160|135|134|136|138|152|146|158|151|181|140|161|138|167|205|202|184|124|130|119|83|90|82|69|94|77|77|63|62|55|71|57|55|
2011-04-13|7|1_CTs|CT8||117|146|91|64|70|56|53|37|28|26|23|23|22|20|25|23|21|22|36|51|52|46|62|89|122|116|148|187|214|266|332|380|397|451|394|408|446|418|379|379|381|385|379|372|374|355|342|341|338|333|358|325|299|343|294|271|322|329|350|351|376|329|318|352|294|349|347|358|367|348|373|395|392|376|377|317|345|327|344|297|252|230|246|225|238|246|208|242|208|184|178|187|155|147|150|116|
2011-04-13|7|1_CTs|CT9||63|62|51|34|43|33|28|19|22|11|16|14|13|12|8|18|8|14|17|23|30|24|34|51|53|58|74|92|110|142|197|228|239|249|231|257|248|226|208|228|223|200|196|218|191|212|180|205|188|188|204|167|194|170|173|150|169|169|209|188|180|197|183|212|177|177|187|193|200|184|190|217|211|228|219|188|175|175|163|153|128|148|122|142|134|129|95|136|110|96|90|95|77|82|70|70|
2011-04-13|7|1_CTs|CT10||98|98|89|91|87|82|54|43|41|40|41|34|36|40|30|26|28|25|32|38|39|17|41|43|44|55|71|55|76|100|138|182|182|216|260|237|247|238|245|230|234|219|252|250|228|261|271|235|297|273|261|265|250|249|247|197|221|260|251|262|267|263|259|307|259|289|304|278|326|333|305|286|321|328|296|293|305|313|289|281|221|225|236|207|181|171|161|178|179|160|143|176|163|139|133|131|
2011-04-13|7|1_CTs|CT11||107|78|97|94|77|60|59|32|30|35|40|32|30|35|26|22|25|21|36|36|42|21|51|55|56|65|72|74|80|121|155|180|197|220|222|241|209|217|244|231|220|224|237|215|227|254|261|259|268|283|254|286|255|234|247|219|236|241|242|257|251|254|281|279|245|275|226|192|259|267|265|288|274|259|241|263|273|256|261|237|207|191|210|190|167|180|151|147|167|151|125|166|147|141|127|103|
2011-04-13|7|1_CTs|CT12||90|92|79|77|58|59|31|34|35|42|28|39|34|43|27|16|20|13|12|8|16|22|20|14|17|25|30|30|49|70|104|150|171|196|235|220|243|239|235|228|235|239|233|222|240|235|237|248|235|294|244|297|264|244|223|214|218|220|249|246|265|286|265|272|297|301|335|478|507|6153|2740|206|234|359|379|354|390|340|327|329|290|282|245|224|208|177|179|172|161|145|167|127|152|121|103|113|
2011-04-13|7|1_CTs|CT13||23|13|25|11|15|8|4|3|2|16|7|5|4|2|6|6|6|4|6|4|6|1|5|6|4|9|11|21|16|40|52|51|54|67|51|75|57|89|67|66|65|81|72|32|51|65|62|57|54|51|41|51|74|70|52|56|44|59|66|68|66|43|55|62|61|78|60|75|60|65|72|44|36|0|6|46|77|81|75|76|53|56|55|11|0|0|0|22|9|22|47|35|31|31|30|29|
2011-04-13|7|1_CTs|CT14||143|105|106|111|79|66|67|46|31|47|34|30|43|28|29|24|28|32|31|38|43|26|62|64|73|82|102|119|139|184|233|249|276|351|386|415|380|401|407|337|321|310|346|297|361|331|333|346|364|362|336|382|346|366|328|339|313|365|360|375|398|362|375|375|351|426|401|410|525|539|532|479|506|559|527|476|480|466|499|478|430|369|331|280|243|244|228|194|230|209|185|208|196|160|153|158|
2011-04-13|7|1_CTs|CT15||9|6|11|9|5|1|2|10|2|9|4|2|2|4|4|4|6|3|1|1|2|4|1|2|0|5|7|14|10|12|9|21|30|26|46|54|43|34|43|55|41|39|29|38|23|29|34|29|35|35|39|36|40|39|33|32|40|27|36|41|34|38|39|33|44|38|60|49|49|46|52|42|63|41|47|59|55|51|43|50|43|43|25|25|25|28|23|21|12|11|29|19|21|22|22|14|
