2015-02-17|2|1_CTs|ct1||64|58|58|52|295|40|35|21|30|17|281|19|13|17|13|12|503|13|26|31|29|38|34|31|34|39|45|59|309|74|547|415|94|350|370|128|129|124|134|128|124|149|144|132|139|133|149|397|144|154|167|178|150|150|388|136|143|426|688|172|175|170|426|198|439|443|431|161|400|159|168|426|127|158|164|124|129|378|109|390|103|107|102|301|389|73|71|69|73|70|76|68|54|50|53|61|
2015-02-17|2|1_CTs|ct2||39|44|32|27|25|25|24|15|20|13|18|8|15|15|15|9|254|10|10|12|12|24|14|17|19|20|26|19|273|23|230|85|29|291|300|53|59|53|58|61|65|321|43|63|57|54|55|65|62|59|54|60|52|58|308|55|309|68|313|79|83|80|59|349|62|324|79|56|56|67|56|319|46|52|57|61|56|568|312|50|55|58|55|257|349|39|42|39|275|37|37|39|37|29|34|33|
2015-02-17|2|1_CTs|ct3||80|69|85|60|40|58|300|32|33|22|38|29|25|29|29|15|279|18|19|24|31|48|35|51|40|40|48|314|51|56|84|340|91|357|92|115|110|138|387|115|133|156|383|149|184|394|142|394|152|148|161|164|396|139|137|121|396|145|666|408|206|444|169|194|194|183|195|417|173|163|160|412|149|155|409|139|379|143|107|382|430|316|103|102|98|95|86|72|65|85|78|75|68|65|60|58|
2015-02-17|2|1_CTs|ct4||47|45|36|37|22|34|28|18|21|267|17|274|269|14|14|13|15|14|14|14|16|13|24|20|24|25|20|34|34|36|33|47|44|56|304|327|80|74|60|74|77|96|85|77|117|108|104|95|95|99|93|117|98|96|95|97|92|388|102|99|120|84|109|147|143|108|131|101|126|113|102|111|354|105|84|100|92|97|73|65|84|305|68|71|56|44|306|41|45|37|30|307|40|50|38|46|
2015-02-17|2|1_CTs|ct5||86|86|58|60|46|52|40|36|37|20|25|38|26|25|25|273|534|21|25|27|18|31|39|25|291|287|35|51|33|43|56|67|72|89|78|105|112|362|107|115|116|397|133|142|170|155|149|170|143|151|145|175|146|149|160|421|389|172|1176|423|180|169|412|466|397|168|208|193|205|442|187|440|165|199|432|450|160|150|141|380|390|93|358|123|347|92|346|92|94|79|64|98|69|84|79|76|
2015-02-17|2|1_CTs|ct6||21|22|15|16|12|12|20|5|13|9|5|11|15|12|9|9|5|4|6|10|9|14|14|10|16|16|11|272|10|12|15|17|16|25|14|21|27|31|20|25|33|41|23|42|41|47|42|33|35|42|25|283|30|44|37|43|34|43|301|37|52|31|24|44|42|51|48|43|304|44|42|43|32|58|43|49|46|35|278|30|36|27|38|31|25|37|27|23|27|26|18|26|17|21|17|15|
2015-02-17|2|1_CTs|ct17||114|83|97|81|61|69|60|45|42|31|44|42|33|27|38|17|27|30|32|39|35|53|38|45|45|43|40|62|53|69|106|102|104|118|358|138|119|166|155|147|150|438|191|181|199|431|175|199|168|185|196|230|211|185|705|147|164|169|456|217|490|221|222|234|220|464|225|215|202|187|720|457|170|440|197|185|153|178|406|142|129|123|131|116|106|114|102|86|81|93|84|89|75|70|333|63|
2015-02-17|2|1_CTs|CT19||29|31|35|31|21|263|16|273|11|9|14|258|9|8|12|2|8|260|11|7|6|9|12|12|13|11|17|28|26|32|39|521|39|62|56|59|66|321|68|81|319|88|330|335|107|80|83|353|592|73|352|89|346|78|85|66|342|91|345|106|377|106|372|390|128|342|380|113|368|605|105|625|612|367|113|337|86|343|330|328|71|45|49|47|306|52|32|44|35|39|302|45|34|33|37|32|
2015-02-17|2|1_CTs|CT20||54|41|43|39|32|31|31|31|280|28|281|26|16|13|19|15|10|21|17|17|103|162|527|13|8|11|274|21|20|21|27|45|295|55|51|67|307|59|574|318|69|67|57|66|53|63|325|66|60|67|63|69|53|73|62|322|82|72|72|83|75|58|80|97|331|591|82|95|84|345|76|85|326|331|86|87|596|331|57|73|61|57|317|261|91|36|37|35|50|34|44|40|33|43|286|278|
2015-02-17|2|1_CTs|CT21||284|23|27|18|12|11|13|12|6|12|10|9|261|266|6|10|6|9|15|250|3|7|3|2|5|6|5|12|16|269|13|277|20|31|25|38|34|26|38|33|302|42|288|48|309|52|535|35|53|42|49|559|270|53|35|51|49|41|49|44|270|42|300|53|280|317|43|304|58|292|48|46|313|70|64|43|543|302|29|286|46|34|37|282|276|23|25|19|278|20|14|23|13|19|16|27|
