2012-05-25|2|1_CTs|ct1||51|58|54|38|34|28|24|20|10|17|16|15|6|12|12|5|4|10|5|8|17|17|19|28|31|37|30|56|72|74|105|95|117|106|114|102|138|111|125|135|116|130|145|148|142|145|141|113|123|142|140|150|135|118|135|136|136|125|126|125|138|149|129|108|131|115|113|74|82|56|70|77|70|56|76|91|124|97|135|132|138|143|137|147|128|136|109|110|107|100|96|89|104|103|101|80|
2012-05-25|2|1_CTs|ct2||20|26|32|27|27|21|16|14|14|13|17|7|7|6|4|4|2|5|2|5|5|9|9|11|19|17|21|21|26|13|34|26|43|38|42|52|50|60|63|71|51|80|75|85|92|73|74|67|70|79|75|73|75|63|74|57|57|59|65|64|63|82|76|65|70|61|47|54|55|59|69|72|72|71|68|61|60|50|65|53|53|65|58|67|87|64|50|44|44|45|44|36|40|22|51|34|
2012-05-25|2|1_CTs|ct3||112|100|110|79|86|75|58|35|3|45|36|41|24|24|23|13|15|16|16|26|30|41|42|46|51|66|65|85|91|105|128|165|156|159|164|161|196|190|192|214|181|219|230|228|223|220|241|208|188|221|207|232|211|199|217|202|182|228|214|208|207|207|222|214|222|166|184|175|148|249|212|243|241|168|266|229|217|209|198|226|196|222|233|229|236|212|201|182|185|175|157|172|179|157|167|159|
2012-05-25|2|1_CTs|ct4||67|66|61|61|44|37|34|32|24|32|24|21|16|15|10|5|11|13|13|9|17|16|20|25|28|33|34|35|35|46|72|84|112|127|122|122|131|120|126|110|105|112|111|120|130|125|153|161|151|141|156|142|118|111|95|112|114|129|131|138|111|132|131|127|103|91|53|68|61|86|90|115|92|102|99|97|105|96|89|96|112|111|114|121|137|108|105|115|91|102|103|80|92|87|101|86|
2012-05-25|2|1_CTs|ct5||138|87|98|89|87|72|58|47|37|50|39|27|31|25|14|21|18|21|19|17|24|23|22|28|31|38|50|40|57|66|74|136|142|178|171|188|196|178|193|161|182|175|141|185|155|187|236|218|224|200|214|232|180|200|182|191|189|195|200|174|185|226|225|217|186|208|140|161|150|182|179|194|167|164|167|180|218|196|167|175|179|185|185|209|225|177|151|161|155|171|181|164|159|159|165|146|
2012-05-25|2|1_CTs|ct6||160|156|160|238|146|63|65|44|39|68|43|22|23|26|17|23|11|11|26|11|20|21|15|36|35|36|43|45|44|56|80|117|138|148|140|148|154|173|172|157|151|165|165|197|139|164|184|191|255|212|224|229|174|179|190|186|179|209|209|223|208|250|214|238|199|222|211|204|218|194|180|117|122|148|176|163|174|173|151|188|176|171|173|184|184|219|135|133|132|168|181|173|175|158|153|172|
2012-05-25|2|1_CTs|ct17||104|80|114|85|66|70|60|44|40|41|41|46|27|21|15|9|16|14|15|16|20|30|29|25|36|34|52|63|76|95|109|154|153|174|156|160|173|185|193|164|177|177|192|201|195|209|206|185|179|187|185|199|182|173|165|180|178|189|180|176|184|191|192|183|136|139|147|109|116|124|147|199|215|185|228|212|223|225|199|207|208|221|212|220|213|233|201|191|179|157|149|159|173|156|167|175|
2012-05-25|2|1_CTs|CT19||63|41|63|55|37|34|31|25|32|26|27|23|14|11|13|8|11|11|9|14|14|21|9|16|21|24|30|37|50|52|70|88|89|107|114|88|114|128|102|123|125|105|136|107|117|135|158|121|130|128|127|134|116|112|118|119|129|130|115|131|123|130|141|141|107|106|56|74|31|52|48|110|164|159|150|159|166|151|131|139|141|146|140|144|135|140|116|116|89|92|79|78|101|95|79|87|
2012-05-25|2|1_CTs|CT20||61|56|51|41|45|49|35|27|29|42|39|27|25|16|18|13|14|14|8|10|9|7|12|14|20|14|20|20|32|25|51|62|87|83|102|92|97|91|92|107|106|78|78|89|84|71|81|91|58|95|80|63|77|65|64|75|65|49|76|87|85|96|79|76|78|72|41|72|41|52|59|64|85|66|73|102|75|81|91|106|114|108|106|111|117|87|80|84|76|64|72|64|71|71|69|65|
2012-05-25|2|1_CTs|CT21||30|36|34|27|23|20|13|9|6|19|12|10|9|6|6|3|6|10|1|1|2|6|2|10|10|6|9|11|11|17|30|32|55|50|44|64|57|58|57|68|65|59|46|60|71|50|71|64|48|56|59|40|54|52|49|50|45|46|46|54|49|61|52|47|50|35|30|23|23|28|38|48|54|50|34|55|45|52|61|71|65|63|70|82|88|72|50|53|50|33|37|40|45|41|42|44|
