2017-09-26|2|1_CTs|ct1||42|61|50|35|30|21|19|20|10|13|18|12|10|12|10|8|8|13|18|11|15|23|41|41|54|57|57|107|111|126|144|167|158|154|170|192|186|452|445|208|451|196|456|208|453|170|190|187|183|209|193|437|185|189|193|183|170|192|378|142|127|146|197|197|183|944|173|159|414|442|392|153|161|160|144|142|174|158|171|176|153|152|154|652|381|376|95|121|350|100|100|92|90|94|303|317|
2017-09-26|2|1_CTs|ct2||28|35|33|33|25|11|273|21|7|8|12|6|8|8|4|5|3|6|15|7|6|18|13|14|23|27|27|42|55|51|53|71|59|61|76|100|96|353|340|125|618|116|126|138|139|127|123|123|122|111|129|118|134|106|109|104|94|95|128|131|134|111|118|134|111|111|114|99|339|113|101|91|97|96|74|97|113|136|121|108|93|106|73|87|81|74|74|70|68|74|68|66|62|52|53|68|
2017-09-26|2|1_CTs|ct3||31|28|296|29|18|11|17|14|11|11|9|13|7|10|5|261|7|4|11|7|10|21|24|28|27|128|192|65|76|80|88|91|104|103|110|114|110|122|124|115|128|149|133|138|127|133|133|140|129|139|145|117|139|130|114|114|109|93|109|147|116|133|112|140|134|113|117|115|365|136|363|99|132|122|110|92|104|113|112|362|107|107|104|90|95|81|337|92|73|77|61|63|70|60|60|320|
2017-09-26|2|1_CTs|ct4||23|28|48|24|25|18|12|9|13|13|14|11|4|12|8|4|4|7|2|5|6|8|7|19|8|18|13|6|22|25|29|51|63|86|109|100|106|90|97|87|90|80|82|347|97|103|127|357|99|81|119|84|84|95|93|100|81|79|121|102|104|105|72|79|123|606|97|92|117|334|330|64|66|65|80|326|68|75|68|82|76|56|53|59|62|39|302|49|31|42|45|47|33|51|57|301|
2017-09-26|2|1_CTs|ct5||77|332|59|58|51|26|32|36|26|32|23|21|14|17|24|10|254|278|8|11|15|19|21|35|18|34|31|57|77|69|101|134|131|164|182|159|172|170|663|435|428|148|651|142|439|167|197|181|196|182|157|190|174|160|184|173|206|408|167|185|178|182|168|174|195|156|193|169|694|190|149|151|132|150|135|387|151|151|151|642|134|140|130|109|367|347|366|114|104|368|104|112|103|370|376|108|
2017-09-26|2|1_CTs|ct6||73|79|72|50|56|44|40|297|27|34|19|22|16|13|20|15|6|19|11|8|17|10|16|36|27|24|49|48|56|74|92|353|93|407|146|132|410|146|141|413|140|146|639|147|409|414|439|181|181|173|185|192|159|168|187|170|189|169|453|209|203|204|178|188|208|195|446|194|180|179|414|184|413|186|176|429|194|153|425|143|145|150|121|136|119|107|118|123|141|382|120|127|116|379|383|120|
2017-09-26|2|1_CTs|ct17||97|80|325|69|58|302|286|35|27|36|29|17|18|23|33|17|18|13|19|17|16|36|44|52|57|58|71|70|131|118|138|411|173|176|186|224|460|223|231|230|243|478|500|251|228|228|218|232|244|213|260|172|255|234|238|231|237|200|214|238|204|230|219|233|257|478|242|224|229|226|463|200|229|253|458|193|216|229|461|465|190|208|200|431|176|137|159|150|155|143|402|132|367|116|369|390|
2017-09-26|2|1_CTs|CT19||28|25|37|20|24|18|8|15|11|8|6|5|7|6|8|7|3|2|9|6|8|10|13|18|17|45|251|31|308|47|66|76|99|93|95|107|343|122|91|325|88|344|336|125|122|141|124|60|54|71|123|383|108|122|108|77|90|91|108|104|111|111|108|84|115|108|127|118|627|384|135|104|147|131|127|625|367|106|365|370|373|82|77|350|82|61|57|55|49|105|523|54|53|301|50|303|
2017-09-26|2|1_CTs|CT20||48|307|35|37|38|26|29|22|26|21|21|14|13|11|11|9|268|8|6|11|8|12|16|14|266|17|14|18|27|32|308|316|332|85|343|340|342|82|330|338|60|325|60|68|316|84|63|76|74|74|60|332|62|61|72|67|68|61|62|59|70|69|64|71|78|318|339|47|317|72|81|324|329|75|63|347|326|80|321|85|333|75|585|321|52|311|57|60|57|60|49|64|58|327|54|52|
2017-09-26|2|1_CTs|CT21||26|32|17|17|13|13|13|7|12|9|10|4|4|6|5|2|3|4|6|6|1|2|11|6|5|10|4|12|16|14|37|27|289|293|299|45|48|55|286|43|34|50|39|54|41|42|47|44|61|34|47|39|50|281|43|56|55|48|45|47|38|56|49|36|49|284|286|30|285|295|303|44|299|293|298|45|44|39|48|52|44|42|43|46|35|36|285|35|30|30|35|36|35|549|291|29|
