2011-09-12|6|1_CTs|CT1||2|2|0|2|0|0|0|1|0|0|0|2|0|0|0|1|0|2|1|3|2|2|2|6|10|2|9|6|7|7|6|6|4|9|5|10|11|13|8|5|4|6|7|7|5|4|4|3|2|6|5|5|10|6|7|5|10|6|4|10|6|4|4|10|7|8|8|6|3|10|5|4|9|2|4|5|3|3|3|3|8|2|2|2|1|4|2|2|0|3|9|7|5|0|1|1|
2011-09-12|6|1_CTs|CT3||14|15|10|10|6|10|13|4|4|5|2|2|3|4|8|8|9|6|8|15|16|26|23|45|38|44|64|54|71|70|93|84|99|114|154|138|137|108|118|92|94|68|77|71|58|75|73|49|81|62|80|70|61|70|50|66|67|73|57|59|61|63|56|58|64|75|78|90|93|72|69|67|64|73|64|51|49|56|44|47|36|33|43|36|33|31|41|38|40|30|27|31|20|18|19|22|
2011-09-12|6|1_CTs|CT4||7|5|4|6|1|2|3|2|1|2|1|1|1|2|1|1|1|0|1|3|0|0|2|0|1|2|1|2|6|7|12|14|21|9|16|22|36|10|23|12|15|24|14|16|19|14|24|32|26|21|26|41|34|19|27|24|27|31|23|26|33|30|26|34|28|23|35|34|30|49|41|46|27|38|34|47|49|34|51|40|31|32|28|22|11|15|21|14|11|15|10|6|9|10|8|5|
2011-09-12|6|1_CTs|CT5||23|17|12|9|4|8|5|7|5|2|3|5|6|1|4|3|6|4|3|6|6|3|5|12|11|12|11|15|18|24|39|54|46|41|61|74|118|115|73|67|63|87|64|56|66|69|80|79|60|78|72|66|67|82|70|39|61|57|67|64|86|62|52|53|67|66|67|72|79|84|71|71|55|38|91|55|55|59|56|64|49|52|39|39|41|45|30|32|30|31|28|29|28|25|22|19|
2011-09-12|6|1_CTs|CT6||22|13|13|10|7|2|2|2|4|5|2|7|3|1|4|3|2|5|1|10|5|10|5|14|13|13|18|28|26|38|51|87|115|119|156|169|167|156|130|123|116|112|107|86|107|106|109|72|95|92|88|102|89|78|98|118|92|111|118|108|112|114|102|113|110|106|110|106|136|139|136|107|127|122|124|125|107|116|111|112|70|82|82|87|65|76|64|66|47|50|43|39|32|43|34|22|
2011-09-12|6|1_CTs|CT7||3|5|2|3|2|4|5|2|2|0|0|1|1|1|1|1|0|2|0|1|0|2|0|3|2|4|3|9|12|10|18|18|31|27|30|24|47|41|32|22|26|21|20|27|18|26|22|16|20|24|26|22|24|17|26|27|30|24|29|20|18|20|23|20|23|31|27|19|30|26|37|26|34|33|30|23|27|21|26|21|17|11|17|14|14|13|14|5|13|6|7|9|9|8|9|2|
2011-09-12|6|1_CTs|CT8||37|36|42|26|17|16|16|12|11|14|8|12|16|10|2|5|5|3|5|6|9|14|18|21|28|24|28|48|91|128|155|152|177|211|208|191|193|230|196|193|170|174|171|147|131|133|124|117|139|152|146|146|140|136|135|155|165|180|162|165|155|136|163|168|155|166|174|183|182|160|182|188|188|185|188|187|160|159|147|147|142|138|108|103|99|85|79|73|77|78|78|57|57|61|52|42|
2011-09-12|6|1_CTs|CT9||45|49|22|28|20|27|17|16|10|5|8|5|7|8|6|4|3|6|7|13|11|15|20|41|42|42|53|70|97|143|191|186|259|250|288|320|351|343|297|266|202|220|200|207|186|201|188|193|212|230|186|209|229|194|173|205|221|216|208|222|216|247|225|199|247|273|322|327|233|243|257|237|263|252|319|265|271|229|198|220|203|155|124|135|103|112|112|105|88|95|91|55|62|54|55|63|
2011-09-12|6|1_CTs|CT10||35|21|22|15|20|12|10|11|7|9|7|6|4|3|1|5|6|1|2|1|6|4|13|30|27|23|28|37|58|68|89|106|149|170|214|227|234|193|182|171|140|173|140|139|123|152|148|147|162|159|150|160|162|145|125|139|143|151|135|153|182|161|188|151|167|164|169|197|192|226|228|232|217|231|223|213|219|217|150|136|137|128|87|98|90|82|69|57|68|52|47|46|41|38|40|26|
2011-09-12|6|1_CTs|CT11||39|16|23|17|13|13|9|13|5|10|4|5|8|6|2|5|5|3|7|12|12|10|17|39|33|35|59|86|92|156|187|240|282|296|299|328|330|300|265|277|217|197|197|167|155|175|165|174|161|159|188|159|182|145|181|181|186|203|171|177|199|169|177|175|195|235|233|215|184|205|195|189|158|174|218|190|168|152|155|143|140|106|98|106|83|78|91|56|64|70|51|38|57|48|41|35|
2011-09-12|6|1_CTs|CT12||36|30|20|20|13|13|18|12|12|8|7|4|8|4|4|10|4|6|5|7|6|12|13|26|28|25|35|43|67|79|107|132|168|194|242|279|289|263|198|190|151|175|168|155|128|153|150|166|151|139|141|132|149|110|100|104|151|159|142|167|192|169|173|170|183|218|201|237|224|266|252|252|285|272|289|275|256|245|212|192|166|155|102|103|87|92|77|68|73|62|50|43|50|45|52|38|
2011-09-12|6|1_CTs|CT13||12|21|4|5|5|10|2|1|1|0|2|3|1|1|2|2|0|2|1|4|3|5|9|17|13|13|19|23|34|33|42|49|56|61|67|71|75|62|59|49|33|53|50|52|39|45|40|37|43|46|42|48|46|47|47|47|59|39|39|40|50|48|37|36|52|46|76|55|56|35|41|35|38|35|46|40|55|38|41|31|28|28|25|22|26|26|28|16|21|24|14|9|13|14|9|15|
2011-09-12|6|1_CTs|CT14||27|17|17|14|6|5|12|13|4|4|5|4|3|2|6|5|5|3|2|3|6|7|8|20|29|21|22|17|39|37|48|64|74|79|103|100|108|113|102|89|87|86|77|96|86|98|107|109|94|105|115|107|107|107|88|78|94|101|111|95|125|113|109|122|103|144|119|124|143|154|177|162|185|176|175|162|131|165|146|108|100|77|64|75|59|69|52|58|45|45|43|32|27|32|27|31|
2011-09-12|6|1_CTs|CT15||19|18|7|4|9|14|8|3|1|2|5|3|6|2|3|2|2|6|4|10|11|10|10|19|27|27|27|43|56|55|80|107|134|118|162|173|165|160|137|102|113|106|78|92|78|87|75|75|86|78|83|85|92|75|83|84|109|86|75|72|64|81|74|85|80|103|144|103|84|82|79|76|66|87|104|90|81|75|85|61|57|42|58|47|48|40|32|29|26|36|30|17|14|17|17|21|
2011-09-12|6|1_CTs|CT16||39|28|21|21|17|14|13|9|8|9|8|8|9|5|3|6|2|4|2|3|9|7|9|24|27|29|39|71|69|98|140|174|207|224|255|234|268|276|241|223|196|200|189|177|151|188|177|169|176|176|190|184|169|159|177|163|190|200|170|173|177|190|186|189|180|177|178|206|216|207|223|208|209|216|194|208|184|164|140|141|144|138|104|124|113|97|92|59|76|58|58|54|60|49|53|23|
2011-09-12|6|1_CTs|CT17||8|4|1|3|1|0|10|1|3|1|3|1|0|3|3|1|1|2|3|0|0|1|2|3|9|6|3|2|13|15|15|26|31|19|34|51|39|28|27|32|31|34|31|39|41|30|43|21|36|41|36|24|52|61|29|32|22|34|28|33|30|25|30|36|33|43|28|40|36|54|35|50|50|46|46|39|41|43|45|32|43|39|18|23|18|19|21|19|17|17|9|14|9|13|21|26|
2011-09-12|6|1_CTs|CT18||47|51|35|34|19|18|13|22|19|12|12|16|15|7|11|10|11|7|8|11|13|13|16|28|36|43|47|66|81|106|160|228|208|255|285|219|131|208|262|290|257|271|277|224|231|237|230|226|216|233|245|232|227|221|198|235|214|254|241|269|236|251|243|250|244|225|246|271|280|285|273|254|254|289|278|286|240|221|204|228|194|173|169|139|124|142|138|111|91|95|96|91|83|90|86|63|
2011-09-12|6|1_CTs|CT19||39|38|19|24|10|9|21|11|8|10|4|6|5|7|10|8|8|6|1|4|1|5|6|5|12|18|9|15|35|35|46|78|90|95|144|161|132|144|157|153|146|147|137|147|98|131|133|137|156|145|145|143|152|137|126|111|106|128|131|151|146|144|151|134|160|165|151|170|168|190|187|183|194|225|237|186|200|172|171|152|139|136|103|92|71|72|78|60|71|66|55|49|48|43|44|41|
2011-09-12|6|1_CTs|CT20||12|8|16|7|2|8|6|5|8|6|4|1|6|5|1|3|2|3|4|6|7|11|15|15|25|18|30|30|35|49|72|56|81|137|132|148|142|139|130|118|122|98|103|110|13|94|25|121|131|116|85|23|105|85|112|91|88|124|119|13|99|101|115|127|110|108|104|130|137|101|20|123|90|121|109|65|122|105|97|101|24|72|66|67|55|59|42|48|41|7|38|36|37|38|36|22|
2011-09-12|6|1_CTs|CT21||102|59|61|50|33|42|33|18|26|15|13|15|17|8|9|8|10|13|20|24|25|27|33|47|56|74|82|115|128|200|229|262|340|350|368|366|369|345|329|315|297|289|276|255|269|256|250|205|236|217|249|268|224|247|225|221|228|213|288|247|260|203|261|267|224|251|276|272|271|274|252|231|276|264|240|259|219|219|220|185|147|172|176|131|124|128|142|114|120|119|115|91|79|89|63|76|
2011-09-12|6|1_CTs|CT22||103|74|81|53|58|40|34|30|34|26|27|25|22|21|15|13|17|22|22|31|35|34|50|63|78|82|123|117|122|173|166|180|208|272|298|321|327|289|271|246|263|280|247|242|282|264|257|304|285|288|290|250|304|270|266|269|288|266|269|277|300|287|277|308|312|296|330|366|379|382|397|378|408|389|378|374|337|359|308|301|290|274|216|185|186|168|169|141|177|162|145|103|141|120|120|116|
2011-09-12|6|1_CTs|CT23||65|51|57|38|21|30|28|17|14|19|17|14|15|17|7|9|8|9|8|18|18|15|28|37|48|58|62|85|134|201|236|306|298|332|333|368|353|363|327|341|287|245|286|247|234|216|238|211|222|249|261|259|229|251|236|251|264|253|270|262|275|255|255|301|265|268|334|340|323|310|309|319|329|355|320|337|290|288|263|268|242|233|191|157|166|135|119|118|119|129|120|113|70|94|86|87|
2011-09-12|6|1_CTs|CT24||60|53|46|36|25|23|27|24|25|13|14|12|7|9|10|12|8|12|9|19|22|16|26|38|49|57|66|89|97|136|162|212|277|331|304|332|324|302|314|290|260|267|220|262|229|236|256|229|253|262|241|274|271|247|225|228|267|250|244|272|287|274|250|288|332|303|302|334|344|370|364|407|395|411|391|349|379|336|327|317|274|269|222|185|163|154|140|114|124|120|110|95|108|91|86|73|
