2012-06-29|2|1_CTs|ct1||54|43|37|32|28|27|22|18|6|23|18|7|11|11|12|9|9|11|6|12|15|13|18|24|28|26|29|47|64|77|79|110|107|131|121|122|122|140|137|121|127|137|143|139|127|149|146|134|147|143|122|142|149|126|119|150|116|115|137|139|147|139|125|141|129|111|136|131|113|92|136|141|121|98|140|138|143|112|122|117|143|142|148|140|164|167|139|117|105|93|101|97|101|95|96|90|
2012-06-29|2|1_CTs|ct2||19|17|18|13|12|10|7|9|6|7|9|6|6|9|8|3|6|4|3|6|6|8|12|10|17|19|14|24|21|20|25|34|28|37|34|45|53|66|49|59|53|62|78|69|63|62|48|60|69|57|57|54|65|56|52|57|54|52|62|55|52|54|57|68|59|55|62|56|50|44|56|45|53|36|46|55|49|53|121|51|60|67|60|50|71|60|41|36|43|41|39|29|46|26|42|39|
2012-06-29|2|1_CTs|ct3||99|102|67|83|77|52|57|51|38|46|42|28|34|31|42|17|25|20|22|27|28|36|40|45|44|66|62|75|104|114|120|155|152|203|157|174|197|186|227|205|202|216|212|235|195|241|212|207|209|212|198|209|209|202|198|212|172|183|202|223|214|209|208|230|220|202|204|213|199|186|224|208|226|171|196|207|244|233|158|235|239|244|243|222|242|253|226|162|192|149|173|165|166|169|165|155|
2012-06-29|2|1_CTs|ct4||79|61|53|37|47|44|38|33|21|29|28|26|20|15|23|14|14|13|24|12|10|14|22|17|30|32|41|40|38|64|66|93|106|114|121|127|145|133|148|136|131|136|119|146|125|126|153|161|129|150|158|146|150|142|98|116|126|131|142|131|124|135|141|134|129|138|131|128|121|115|138|101|131|139|128|139|130|129|110|124|134|105|127|122|92|105|95|93|89|75|95|87|96|109|92|107|
2012-06-29|2|1_CTs|ct5||106|102|94|68|70|73|44|53|29|45|46|24|33|36|22|18|19|22|31|18|15|17|25|22|30|38|35|51|52|73|98|118|124|161|183|188|186|184|201|183|188|197|192|235|190|207|215|222|228|215|231|227|234|185|165|183|186|206|201|197|178|206|228|216|229|222|210|231|198|181|206|175|217|187|187|227|193|183|180|166|177|183|171|174|167|155|156|152|132|141|131|160|160|180|141|150|
2012-06-29|2|1_CTs|ct6||130|110|91|80|68|58|55|51|47|39|34|19|25|28|21|12|18|19|24|11|13|16|17|25|38|28|36|40|27|62|80|85|121|148|145|156|162|161|170|159|166|164|132|197|193|186|214|192|219|187|232|217|215|183|171|193|176|167|220|206|198|201|193|234|231|217|244|194|201|199|200|165|199|219|177|204|203|163|157|173|178|165|137|153|144|129|136|129|118|122|118|154|180|187|174|177|
2012-06-29|2|1_CTs|ct17||105|90|69|85|84|58|49|47|37|51|42|30|33|27|40|14|21|22|22|18|22|27|25|31|31|48|44|46|88|94|103|123|138|180|167|159|183|180|226|188|191|203|192|208|205|223|199|150|208|232|187|220|205|184|189|165|159|195|180|197|209|180|193|178|199|212|193|205|178|195|212|197|181|191|199|208|220|223|173|202|251|246|237|201|226|237|244|172|180|143|160|160|167|159|162|150|
2012-06-29|2|1_CTs|CT19||54|50|27|36|27|31|21|28|25|27|19|14|18|8|10|8|7|13|7|12|10|10|10|8|13|20|19|21|45|48|68|72|105|96|90|111|116|105|119|118|116|106|119|125|123|137|138|132|139|154|117|140|138|113|94|104|111|102|114|129|109|125|132|150|126|133|145|161|126|144|122|131|141|131|131|142|163|139|119|160|157|138|118|126|119|114|119|93|78|74|78|83|102|86|95|96|
2012-06-29|2|1_CTs|CT20||57|59|63|45|45|44|34|37|39|31|33|29|19|21|10|14|13|7|5|14|12|8|13|8|17|18|17|26|29|29|42|62|62|84|78|102|82|87|81|93|80|71|80|80|74|72|85|72|329|71|74|76|78|70|71|76|61|73|73|80|71|70|70|83|81|85|83|88|100|87|88|89|87|95|95|93|100|104|88|79|95|100|97|83|82|70|65|69|65|53|59|63|54|56|81|68|
2012-06-29|2|1_CTs|CT21||25|33|38|27|18|26|13|22|16|16|12|13|5|11|7|9|4|5|6|4|2|6|3|3|10|6|6|7|18|20|25|30|40|45|49|66|58|58|55|51|63|48|58|55|43|39|53|47|45|47|46|42|49|42|41|40|41|52|44|47|51|51|54|38|48|53|52|52|44|52|55|48|49|57|43|51|54|49|42|40|56|56|59|53|55|38|33|39|42|22|26|35|45|44|55|46|
