2015-06-17|3|1_CTs|ct1||308|39|33|24|274|21|20|12|7|6|261|6|7|8|7|3|4|10|9|8|9|10|9|272|21|21|35|48|64|80|400|173|204|230|508|233|473|729|235|495|259|502|471|252|474|212|222|472|230|216|245|514|718|439|657|159|182|211|440|168|207|187|171|151|679|174|452|711|190|466|217|216|230|727|228|478|226|243|181|408|409|170|176|153|399|615|351|354|95|78|79|76|589|80|83|96|
2015-06-17|3|1_CTs|ct3||99|309|70|44|36|282|32|20|27|15|14|14|20|26|20|15|15|24|20|15|20|17|28|35|32|50|47|255|150|351|411|453|467|236|742|275|226|229|226|751|273|235|492|492|244|230|216|746|212|227|228|260|235|486|481|475|230|239|488|233|233|245|228|215|211|231|487|969|208|471|490|467|201|210|205|691|223|187|202|193|194|446|221|469|179|166|143|121|364|123|145|103|109|113|623|107|
2015-06-17|3|1_CTs|ct5||345|140|107|67|69|58|316|307|39|33|27|25|16|22|20|13|257|22|16|6|16|15|10|17|16|22|35|46|48|68|364|145|191|205|503|507|245|224|487|196|211|691|199|457|458|209|204|234|460|202|223|501|481|453|183|437|199|242|201|233|213|252|514|232|768|501|528|309|274|292|301|567|310|592|302|557|532|290|273|534|263|518|511|465|206|164|405|137|431|152|166|426|289|259|389|418|
2015-06-17|3|1_CTs|ct6||9|11|13|7|1|4|6|2|4|1|3|1|2|0|3|2|1|1|2|4|3|4|8|3|6|10|12|20|21|37|45|43|59|91|309|85|95|70|66|52|48|54|48|49|304|44|50|293|39|43|58|46|312|49|42|62|62|62|304|56|52|50|63|46|45|43|52|321|62|315|74|59|59|76|62|67|77|69|71|525|58|53|46|289|27|28|20|14|26|22|27|30|25|21|24|17|
2015-06-17|3|1_CTs|ct7||129|136|112|80|88|330|63|55|53|295|42|31|26|40|29|23|22|21|26|18|26|24|28|282|37|43|42|51|52|306|80|108|107|379|130|135|146|648|392|425|423|144|421|166|163|169|195|195|177|168|155|176|167|152|158|146|160|162|163|173|175|173|185|199|196|119|648|444|425|62|91|128|406|404|12|2|0|114|157|409|158|162|140|136|125|120|642|144|111|395|144|137|138|130|400|149|
2015-06-17|3|1_CTs|ct8||78|71|54|46|57|43|25|33|18|23|21|12|16|26|17|9|11|10|13|10|11|13|15|18|25|22|22|28|30|284|43|67|58|71|83|89|102|346|82|372|357|101|115|113|338|135|139|140|117|109|106|127|113|93|117|101|117|87|112|132|110|106|112|137|124|165|125|133|384|143|417|114|135|135|149|377|110|377|116|355|100|105|100|91|77|75|90|78|58|94|88|101|78|99|355|95|
2015-06-17|3|1_CTs|ct9||107|104|83|108|54|55|63|46|304|56|35|35|37|39|39|291|32|34|18|14|12|24|23|35|299|38|37|324|328|92|110|380|699|242|492|531|259|281|261|455|162|163|197|176|667|135|172|419|687|139|134|128|137|133|119|433|185|161|717|553|420|171|769|453|434|344|190|688|219|469|457|758|278|488|154|488|214|205|189|444|206|202|989|412|101|100|111|80|108|87|361|103|71|90|351|91|
2015-06-17|3|1_CTs|ct10||97|87|83|59|46|47|32|43|23|29|26|26|27|16|19|17|14|19|17|19|14|26|22|12|16|19|24|29|38|42|77|84|98|150|149|169|167|162|126|147|136|121|123|147|122|136|141|116|135|129|121|109|126|133|113|111|116|114|130|165|148|137|130|146|125|150|139|151|152|160|147|152|149|151|171|139|141|159|136|119|139|131|136|111|122|102|93|109|96|86|107|100|100|96|106|111|
2015-06-17|3|1_CTs|ct13||793|601|268|132|372|132|618|127|101|63|68|62|77|60|82|46|75|275|450|58|55|62|106|56|109|351|470|84|95|394|192|207|469|500|296|271|624|346|1648|519|253|337|632|344|545|643|287|475|267|480|270|524|502|317|613|742|290|355|479|289|313|513|535|511|205|257|249|827|297|529|549|215|195|397|220|476|465|261|281|252|240|606|280|565|525|1738|1615|3469|2614|1815|234|250|766|653|665|1816|
2015-06-17|3|1_CTs|ct14||61|38|38|546|15|10|15|521|9|8|7|10|3|7|8|7|8|2|6|7|9|10|19|282|32|40|75|399|461|514|754|248|508|239|512|533|512|261|266|773|251|732|225|482|706|185|188|171|172|702|183|170|149|188|224|198|186|207|987|460|207|191|442|196|186|694|202|197|452|250|208|501|238|238|242|493|251|497|248|238|471|201|162|405|382|349|100|350|86|90|111|108|340|80|83|75|
2015-06-17|3|1_CTs|CT16||328|323|59|317|818|43|39|43|34|283|30|17|17|16|22|15|250|16|6|11|13|10|542|23|28|23|19|28|315|325|334|78|115|428|157|159|154|202|141|142|132|121|153|160|418|125|172|149|675|137|144|127|121|132|126|660|150|153|182|394|145|171|150|162|143|414|173|432|208|457|209|188|244|778|214|185|248|466|210|189|170|415|631|130|552|183|92|79|357|108|106|128|84|83|345|350|
2015-06-17|3|1_CTs|ct18||108|111|95|79|68|51|36|50|38|31|34|29|32|20|23|20|17|22|21|27|18|28|24|23|27|27|32|54|72|95|131|136|174|208|213|260|214|250|209|205|219|188|180|198|165|187|202|167|198|153|161|149|168|179|174|147|183|155|192|229|195|195|170|198|169|198|188|215|213|185|194|200|202|158|201|186|206|180|183|176|184|165|176|149|140|144|116|119|124|136|133|129|124|117|143|145|
2015-06-17|3|1_CTs|ct19||0|1|0|0|0|0|0|0|1|0|0|0|0|0|0|1|0|0|0|0|0|1|1|1|2|5|10|6|11|5|8|7|5|4|6|4|12|9|6|8|4|5|4|7|4|2|6|8|3|5|5|10|6|3|5|6|5|6|6|7|5|5|10|4|10|11|7|6|5|8|4|7|4|11|7|7|5|7|7|3|8|7|4|6|5|4|3|2|2|0|2|1|0|2|1|6|
2015-06-17|3|1_CTs|ct22||4|10|0|2|3|0|2|1|2|3|2|1|0|1|0|0|0|1|4|2|2|0|4|0|4|2|1|5|5|5|9|13|13|13|20|274|16|20|18|15|9|14|20|11|265|56|234|14|28|17|24|21|29|9|24|21|267|35|25|19|25|26|25|21|27|27|41|40|39|42|53|50|322|50|297|55|66|52|31|291|30|27|276|25|14|11|11|13|10|15|6|8|11|11|23|7|
2015-06-17|3|1_CTs|CT23||137|103|86|346|45|52|61|32|26|24|11|21|281|17|17|3|5|16|16|14|16|17|13|24|25|25|31|50|75|99|168|500|296|345|376|633|335|801|824|284|296|598|276|281|813|303|295|564|609|878|387|588|409|601|547|1293|342|575|849|333|334|291|564|624|787|649|448|957|474|757|466|781|605|589|1075|581|769|513|523|696|731|448|1169|562|771|518|289|180|230|204|473|161|670|148|170|190|
2015-06-17|3|1_CTs|ct24||450|176|136|328|341|50|316|301|44|30|33|285|19|37|288|36|509|36|28|36|57|67|86|119|390|452|556|1073|972|924|924|1210|931|847|1158|894|789|790|806|899|892|1054|937|932|1334|1117|795|752|961|752|798|1077|1039|827|854|1067|1089|910|886|1125|827|1055|815|1056|793|857|1080|843|1122|1115|1429|1175|911|1125|853|1318|1341|845|889|818|1046|766|890|542|757|707|431|379|655|645|598|387|826|305|787|255|
