2011-09-30|22|1_CTs|CT1||24|18|23|19|7|8|8|9|8|10|11|12|3|14|10|9|11|12|14|9|10|14|18|26|25|36|34|46|39|56|127|171|211|224|229|178|157|132|134|115|101|94|79|74|82|93|79|79|88|81|91|81|88|87|67|86|58|74|86|89|82|91|62|72|83|83|96|98|88|112|126|111|98|96|86|95|75|82|65|71|71|66|66|60|46|37|50|42|38|31|27|31|30|24|28|21|
2011-09-30|22|1_CTs|CT2||36|59|24|32|24|16|21|20|18|18|12|19|16|17|15|19|16|26|16|19|15|22|24|39|45|34|45|70|83|88|173|230|236|272|295|322|251|285|194|213|166|163|151|147|170|157|156|152|155|167|164|151|175|153|173|182|182|195|196|166|74|243|197|147|141|159|233|269|278|179|279|184|231|171|235|171|183|146|340|133|187|188|186|201|286|201|170|185|163|26|17|19|21|20|20|16|
2011-09-30|22|1_CTs|CT3||68|67|45|43|33|30|32|28|30|19|28|26|29|29|27|22|23|38|24|25|25|26|35|43|45|45|62|90|119|159|230|312|327|365|392|428|338|359|257|244|233|212|195|223|201|194|197|201|183|223|193|219|219|212|232|216|201|222|239|236|250|239|237|197|251|240|238|305|293|318|371|308|225|307|342|258|265|240|265|227|197|236|177|144|137|172|141|132|114|119|127|108|98|96|79|90|
2011-09-30|22|1_CTs|CT4||38|36|28|27|21|29|17|16|15|13|20|18|6|12|5|12|17|12|16|10|9|14|11|33|40|32|42|47|65|78|113|183|163|166|213|221|202|196|187|165|167|156|174|137|177|151|135|154|162|163|180|163|203|209|232|229|253|274|264|247|209|209|167|178|175|204|236|242|248|244|266|264|245|252|278|292|281|282|227|246|179|205|162|128|137|99|105|80|58|67|85|57|74|49|61|56|
2011-09-30|22|1_CTs|CT5||43|38|29|29|26|28|31|18|18|18|17|24|6|16|12|17|14|16|15|12|7|23|15|37|39|30|60|50|67|73|134|205|236|283|245|278|286|293|229|232|180|167|181|141|187|166|163|187|152|196|182|185|212|199|210|230|234|256|257|244|247|227|213|195|219|238|279|292|272|292|340|268|272|274|319|279|270|275|282|304|208|201|193|151|141|116|119|102|94|72|74|69|72|58|58|61|
2011-09-30|22|1_CTs|CT6||49|32|26|31|14|15|32|17|15|12|15|21|9|11|7|13|11|18|16|4|9|17|15|34|28|23|34|19|39|39|64|77|85|98|111|134|104|108|135|105|106|107|102|118|83|124|114|125|112|119|93|116|148|138|156|202|179|207|201|193|197|158|151|136|157|133|162|159|187|215|190|242|211|248|226|228|220|224|238|202|167|134|133|108|110|79|88|58|66|64|65|54|51|37|39|54|
2011-09-30|22|1_CTs|CT7||9|6|4|9|1|2|3|3|2|8|2|5|3|2|4|3|2|5|1|6|2|4|2|6|9|6|6|6|8|3|25|26|36|32|44|46|33|46|32|27|23|25|21|24|18|33|24|26|18|20|29|25|27|20|14|24|23|23|26|24|19|31|19|17|27|20|32|37|28|35|42|33|27|35|26|20|20|27|22|31|17|18|18|15|17|8|13|15|17|13|8|9|10|6|8|11|
2011-09-30|22|1_CTs|CT8||7|14|3|7|1|4|8|3|5|1|3|5|2|1|7|3|0|3|2|4|0|5|0|2|4|4|5|10|8|18|10|24|22|47|28|36|41|40|28|22|23|31|37|35|31|33|25|2|16|13|12|34|34|29|29|29|35|35|29|28|31|37|31|30|40|32|31|40|32|38|48|56|73|114|40|55|45|63|30|51|38|24|32|26|21|34|15|26|19|16|9|10|13|13|19|12|
2011-09-30|22|1_CTs|CT9||29|29|21|15|19|22|14|23|19|14|21|20|15|14|20|14|19|15|13|12|22|19|25|35|50|41|77|83|102|180|270|352|353|356|351|319|343|304|290|236|214|218|203|177|175|165|177|201|170|180|165|174|187|159|132|133|131|161|158|178|190|197|220|187|210|208|226|215|244|236|218|217|182|194|185|167|120|141|142|149|125|144|167|151|132|132|103|97|76|75|63|18|58|57|47|43|
2011-09-30|22|1_CTs|CT10||0|0|0|0|1|2|0|1|0|0|0|2|0|0|0|2|0|1|1|1|3|2|5|10|10|2|5|5|7|3|9|10|62|29|21|5|13|10|8|13|11|7|4|4|4|9|7|8|4|7|8|8|3|5|3|5|1|6|5|8|6|5|8|7|11|10|11|3|10|11|3|7|10|9|5|3|2|6|1|4|1|2|3|2|4|2|1|3|0|3|2|23|22|11|6|3|
