2013-04-07|22|1_CTs|CT1||27|23|12|9|8|13|14|12|14|10|7|9|4|8|5|3|6|7|6|6|10|9|8|14|16|12|14|18|9|13|20|20|21|20|27|18|33|39|41|28|43|44|44|51|39|39|45|41|48|49|53|56|49|50|57|45|39|49|37|45|35|43|35|37|49|50|54|60|58|55|76|55|65|55|75|60|70|49|62|49|45|41|47|39|36|38|32|26|24|35|31|20|29|21|26|18|
2013-04-07|22|1_CTs|CT2||34|29|24|26|16|28|21|15|22|22|16|12|20|19|7|10|7|4|3|7|8|8|7|12|12|10|18|19|18|18|21|24|19|23|28|37|27|20|27|40|36|55|54|54|49|65|62|61|92|100|79|65|95|91|100|88|75|100|73|103|84|94|91|84|96|91|97|99|115|96|101|110|98|93|115|100|108|97|83|91|87|71|71|49|48|38|39|34|39|38|31|30|35|35|25|24|
2013-04-07|22|1_CTs|CT3||76|75|73|51|44|49|28|39|35|31|35|23|29|22|22|14|18|19|21|17|20|18|16|15|25|20|34|30|28|29|45|37|39|47|45|49|50|47|50|68|65|85|68|118|80|107|92|91|105|121|99|119|131|102|109|124|117|101|117|136|115|148|118|123|127|140|105|154|147|116|146|108|122|138|135|110|138|146|118|123|107|109|92|73|88|67|68|76|65|76|71|72|80|63|48|44|
2013-04-07|22|1_CTs|CT4||46|36|39|28|31|23|28|31|29|21|18|11|14|15|17|13|8|11|14|8|14|10|12|5|11|12|19|22|17|13|32|27|22|43|23|31|41|45|37|66|52|45|65|77|62|79|93|84|69|64|76|86|98|98|89|67|79|97|72|85|76|97|95|77|93|94|97|100|105|109|91|115|90|96|90|147|91|102|86|117|88|128|107|72|59|58|54|30|46|43|51|36|38|38|36|33|
2013-04-07|22|1_CTs|CT5||54|38|46|38|32|20|17|30|13|25|15|13|11|15|14|11|8|9|7|16|10|14|15|9|17|17|21|31|18|23|28|31|31|41|43|40|55|51|54|66|63|66|72|71|73|95|89|86|83|75|94|111|102|104|82|96|89|98|85|95|93|96|96|100|104|112|109|115|120|120|113|129|99|104|119|134|107|105|106|123|103|118|116|78|64|62|63|52|55|55|69|40|42|38|44|37|
2013-04-07|22|1_CTs|CT6||39|31|36|30|20|16|20|15|16|12|11|12|9|9|5|12|4|6|10|7|8|6|11|12|19|13|14|22|25|14|23|20|23|32|25|28|37|31|30|44|40|38|49|54|55|51|46|56|50|57|71|71|71|62|50|77|62|89|58|56|63|60|93|69|69|66|74|84|67|87|74|74|69|87|69|84|70|72|66|69|66|61|66|52|49|43|48|33|46|32|49|37|36|25|28|24|
2013-04-07|22|1_CTs|CT7||11|3|1|8|1|6|3|2|4|2|1|0|2|4|0|2|2|1|0|0|3|1|1|4|6|1|1|4|3|5|6|4|3|2|9|10|9|10|4|6|9|14|15|16|11|16|15|17|15|14|17|12|8|19|17|18|8|11|19|11|12|11|17|18|18|12|15|8|19|15|35|19|21|10|18|21|24|9|15|15|16|14|15|16|6|12|10|5|9|16|7|7|9|6|9|5|
2013-04-07|22|1_CTs|CT8||33|26|30|24|18|21|22|21|6|15|16|11|9|13|4|5|8|9|6|9|6|7|10|5|11|6|6|11|11|10|14|10|13|14|18|17|17|18|24|18|30|25|17|35|25|34|21|36|36|33|56|42|49|31|35|52|56|32|36|47|39|54|47|41|53|60|57|55|63|44|59|41|58|71|54|56|64|53|60|66|53|53|43|45|31|43|30|30|30|30|32|36|26|24|21|18|
2013-04-07|22|1_CTs|CT9||37|42|39|37|21|28|25|29|22|11|17|13|12|17|14|7|9|5|7|12|7|10|5|7|9|14|16|20|18|24|34|36|36|36|46|55|49|42|48|70|70|79|72|71|89|93|85|85|107|79|76|98|124|105|102|104|103|88|90|116|105|126|137|104|111|100|97|120|101|116|105|123|107|106|115|113|123|109|103|94|117|124|103|67|71|57|52|62|46|54|50|44|44|37|32|33|
2013-04-07|22|1_CTs|CT10||0|1|0|1|0|3|2|4|0|0|0|1|0|0|0|0|2|0|0|0|2|0|0|1|2|1|2|1|2|0|0|0|0|0|1|1|0|0|2|1|0|3|3|3|2|1|1|3|1|1|2|2|1|0|0|0|0|0|1|2|2|2|0|3|2|2|3|2|3|0|2|4|1|1|3|1|3|1|0|4|0|2|2|1|0|3|2|0|0|1|2|0|0|1|0|3|
