2015-07-14|2|1_CTs|ct1||62|67|302|306|39|36|27|15|25|14|15|12|13|15|15|10|13|10|17|18|20|26|36|33|544|51|75|85|90|368|145|408|414|161|167|192|436|182|437|201|458|210|206|455|205|427|387|124|174|172|172|432|450|441|425|164|465|198|136|180|458|205|204|198|180|188|189|171|176|184|156|169|162|176|177|182|173|196|207|181|191|206|422|187|169|155|118|131|120|105|110|103|101|92|79|65|
2015-07-14|2|1_CTs|ct2||40|49|29|314|28|24|16|15|16|31|11|9|11|29|5|14|7|37|6|31|12|14|19|65|273|22|32|41|341|40|53|37|319|63|83|343|84|93|93|98|117|103|116|366|98|127|103|122|141|103|115|627|93|354|82|88|97|102|207|382|108|113|88|366|102|113|96|80|79|347|337|88|86|88|75|81|85|81|100|101|103|93|346|86|73|86|65|340|73|70|73|59|323|72|58|62|
2015-07-14|2|1_CTs|ct3||82|89|321|64|38|54|27|20|286|20|16|13|17|25|18|10|11|13|15|19|22|27|28|35|45|44|62|79|70|101|373|133|386|160|133|187|176|159|171|205|205|220|201|227|208|180|190|463|230|200|197|460|220|189|181|176|455|181|191|209|483|205|201|209|211|212|457|180|171|203|444|202|183|208|177|445|677|190|205|453|207|196|673|162|167|149|128|385|152|117|132|123|123|82|107|339|
2015-07-14|2|1_CTs|ct4||59|56|304|47|33|32|23|24|19|19|20|18|9|13|17|7|12|11|11|14|14|15|22|12|27|28|39|34|39|43|63|79|341|106|132|134|156|384|137|135|648|111|117|138|401|135|106|95|133|132|162|393|383|120|366|105|124|127|130|127|127|364|143|145|140|126|107|379|129|105|376|123|111|109|116|127|356|122|115|354|103|102|369|96|339|73|337|80|92|74|88|75|71|349|64|325|
2015-07-14|2|1_CTs|ct5||94|77|87|90|62|46|44|35|34|282|34|278|17|19|17|12|13|15|11|20|20|23|28|24|26|35|296|52|51|49|87|125|129|405|200|194|202|181|424|214|214|192|469|214|507|182|166|505|219|226|244|433|214|415|424|450|192|201|214|227|200|174|480|264|230|464|225|486|202|435|195|202|192|181|191|209|196|172|177|173|412|136|690|177|133|131|148|154|396|149|149|391|130|386|123|120|
2015-07-14|2|1_CTs|ct6||36|20|17|20|25|11|10|10|8|13|11|4|7|10|8|6|6|5|9|5|9|9|5|9|7|10|18|17|13|11|21|29|23|41|37|36|39|44|34|51|53|55|51|49|326|66|47|56|57|68|62|66|322|65|53|50|63|60|65|313|311|306|53|81|313|311|72|326|65|74|308|56|60|308|56|56|71|314|58|54|60|55|53|62|50|41|54|52|39|48|46|44|30|44|44|33|
2015-07-14|2|1_CTs|ct17||105|94|94|70|58|57|43|286|41|20|28|24|18|28|22|15|8|24|15|275|286|35|38|48|50|61|326|88|75|105|142|145|395|447|151|486|458|218|488|236|233|263|524|771|251|264|259|535|251|258|261|522|245|482|741|218|211|244|235|246|249|498|502|268|239|229|267|192|213|240|242|245|503|516|505|234|751|259|259|506|234|244|469|168|185|216|151|146|154|147|398|147|393|103|124|361|
2015-07-14|2|1_CTs|CT19||50|37|26|282|22|17|14|15|15|8|9|10|4|8|3|9|3|8|5|6|7|6|9|15|11|27|22|33|31|47|320|332|74|83|337|612|118|300|135|368|113|375|643|654|130|359|102|128|126|393|123|387|357|117|345|360|367|103|113|105|90|130|111|380|129|376|371|121|122|131|627|138|120|376|405|403|124|373|148|123|615|111|99|94|352|83|62|70|70|54|65|66|63|54|44|304|
2015-07-14|2|1_CTs|CT20||61|62|54|51|25|24|34|287|20|16|22|20|9|10|12|10|10|11|10|10|6|10|11|10|12|16|27|29|284|42|37|51|57|81|85|73|344|80|78|79|63|340|76|84|67|68|572|314|75|324|68|339|311|63|69|72|60|64|339|339|570|62|594|69|331|72|339|328|78|331|338|79|83|69|85|331|94|82|331|336|333|82|72|67|72|68|65|56|53|319|68|58|67|58|70|70|
2015-07-14|2|1_CTs|CT21||31|33|30|19|19|10|14|13|12|9|10|7|3|6|9|1|3|4|4|2|2|4|4|0|4|11|13|14|13|13|17|31|132|427|50|48|52|49|41|36|42|55|39|58|300|47|42|45|54|47|41|302|36|43|308|44|39|52|62|293|39|58|307|51|304|58|57|314|46|285|42|48|58|54|51|301|54|56|45|292|36|47|49|302|260|39|37|279|24|28|37|29|45|285|39|39|
