2013-02-02|7|1_CTs|CT1||36|45|38|29|30|20|21|16|15|6|15|11|4|14|3|10|10|9|11|10|9|12|12|12|16|11|16|12|14|13|35|35|30|41|60|55|53|59|89|77|94|93|121|132|129|125|117|108|111|123|114|116|114|130|92|107|96|99|91|106|116|143|99|114|125|117|101|111|116|107|108|115|124|119|131|111|102|95|86|96|94|96|70|69|62|53|55|42|51|39|35|38|36|28|44|39|
2013-02-02|7|1_CTs|CT2||80|51|81|31|62|38|24|29|55|34|16|14|14|15|28|14|9|12|11|20|19|12|21|28|6|31|29|22|16|38|59|58|72|79|83|123|136|129|103|158|185|195|194|181|186|252|221|187|206|169|194|217|281|273|224|250|246|227|237|227|269|241|233|245|144|169|159|89|130|157|189|213|265|192|243|141|131|193|184|194|185|144|139|94|122|109|90|76|87|98|73|71|68|102|60|79|
2013-02-02|7|1_CTs|CT4||49|34|60|47|33|56|30|47|41|38|28|16|25|39|46|21|22|15|19|11|17|15|9|9|7|4|8|8|8|6|6|9|5|2|1|1|2|3|10|11|7|10|24|25|46|70|44|14|15|10|16|20|40|26|33|13|23|20|41|50|21|16|25|14|14|11|26|22|19|14|19|22|16|25|11|19|17|15|23|15|27|19|8|17|8|9|10|13|22|14|17|20|22|33|22|19|
2013-02-02|7|1_CTs|CT6||58|55|61|56|48|27|41|25|32|24|28|15|21|21|14|14|22|12|15|11|20|21|20|33|22|16|15|17|17|25|29|32|37|43|53|68|82|60|65|75|84|107|114|120|136|147|156|129|133|118|162|164|137|167|141|89|98|100|114|120|124|171|125|131|162|144|142|124|116|158|159|171|168|146|149|164|140|97|104|114|100|112|99|67|92|73|56|65|46|46|44|57|48|56|65|50|
2013-02-02|7|1_CTs|CT7||50|44|45|27|28|21|21|9|24|21|19|10|18|13|8|14|9|6|12|14|18|9|22|27|17|15|22|25|24|22|27|40|34|40|48|44|49|46|58|58|49|76|82|99|105|99|82|112|103|101|89|111|85|87|81|85|86|75|74|75|76|91|101|100|98|85|96|102|103|89|104|88|85|104|87|87|87|104|77|75|74|79|79|50|61|60|51|39|35|39|48|40|43|46|28|51|
2013-02-02|7|1_CTs|CT8||107|136|92|88|83|73|46|52|37|40|52|36|39|35|33|44|30|37|46|43|63|74|90|96|84|90|101|99|84|112|148|175|163|169|198|240|220|228|208|257|247|270|290|284|277|286|273|263|253|272|270|300|254|264|237|271|264|257|285|277|328|291|332|290|269|281|304|270|277|283|246|288|314|284|273|256|235|260|271|266|229|227|210|202|166|183|138|169|130|146|165|113|143|127|142|99|
2013-02-02|7|1_CTs|CT12||95|78|73|68|46|37|47|47|43|24|32|28|29|23|22|20|26|14|16|20|25|30|22|31|30|24|22|31|22|30|38|51|51|61|58|93|103|72|96|115|125|135|169|159|184|192|193|197|192|193|232|227|240|222|211|165|141|163|160|178|202|177|187|171|193|177|189|158|182|211|225|164|230|208|188|186|191|185|161|155|159|182|121|102|106|117|96|97|58|78|69|72|68|75|76|94|
2013-02-02|7|1_CTs|CT13||27|17|19|12|11|9|5|5|4|11|4|5|7|5|2|4|4|6|4|5|6|4|9|6|6|4|10|10|12|8|14|11|11|20|23|19|26|22|31|17|24|37|36|42|48|40|42|42|62|43|43|51|40|49|49|53|54|41|40|42|57|48|48|56|45|44|47|49|41|36|43|47|48|67|41|41|54|55|40|50|40|45|40|33|34|32|29|28|22|27|25|22|33|29|24|41|
2013-02-02|7|1_CTs|CT14||165|171|106|106|108|89|79|79|88|69|63|69|54|72|61|59|47|47|67|58|81|67|64|67|86|65|83|70|84|91|104|114|129|138|145|146|194|201|200|198|258|220|271|301|288|267|295|287|313|303|323|320|334|338|309|287|259|262|282|259|253|277|324|305|306|279|291|289|328|326|328|348|307|328|311|280|289|307|257|265|258|234|217|191|143|174|144|130|131|135|143|136|155|122|148|169|
2013-02-02|7|1_CTs|CT15||19|27|28|26|32|18|25|16|13|9|8|8|5|6|14|8|15|11|17|8|7|11|18|11|7|11|11|24|15|15|21|23|36|33|35|67|64|44|39|57|66|79|59|68|77|80|55|61|70|65|84|89|106|87|73|56|64|55|67|80|64|72|60|58|71|72|76|40|61|67|96|69|58|54|56|66|49|58|72|38|40|57|51|36|47|41|37|47|32|41|28|29|39|43|29|30|
