2018-01-15|3|1_CTs|ct1||75|62|55|42|30|33|21|276|17|19|17|17|279|19|12|7|17|11|14|12|270|26|286|37|42|45|56|96|360|420|228|319|371|378|668|386|370|372|355|552|293|223|186|785|790|285|502|302|283|302|299|287|323|291|282|574|330|567|596|825|308|1126|564|303|570|338|572|355|345|353|1102|385|372|626|595|329|551|336|309|297|289|295|787|7|708|438|190|180|155|155|157|117|120|135|100|102|
2018-01-15|3|1_CTs|ct3||180|121|121|95|75|329|50|48|85|63|34|44|47|51|28|24|33|278|39|31|281|40|53|323|310|64|112|206|149|252|334|700|538|577|809|651|547|530|528|443|654|236|238|646|659|421|400|459|478|705|711|718|491|425|430|477|712|461|767|502|1023|779|738|480|758|795|812|574|1106|580|829|634|545|643|580|539|791|561|759|512|755|560|667|16|656|605|300|569|260|285|253|212|240|248|176|201|
2018-01-15|3|1_CTs|ct5||101|73|56|53|47|38|35|31|27|15|21|11|11|13|6|15|11|10|5|20|9|9|15|11|18|17|29|44|53|91|137|392|192|241|271|280|482|1015|198|218|184|169|126|451|206|460|221|212|232|220|219|237|251|223|198|230|214|221|479|788|523|282|500|271|517|521|298|317|584|614|801|581|334|589|842|599|208|187|230|194|440|548|689|16|183|145|166|165|164|164|120|163|129|626|127|112|
2018-01-15|3|1_CTs|ct6||8|5|4|1|6|3|2|0|1|1|0|3|1|1|1|0|1|0|0|2|1|2|6|5|8|6|11|20|31|37|49|301|70|77|79|313|73|72|76|86|59|306|31|59|42|38|50|54|37|44|40|280|46|36|49|43|40|519|56|46|293|58|44|42|280|52|56|62|317|41|49|55|64|324|49|45|65|50|51|41|285|304|54|4|27|26|21|23|15|281|10|16|21|5|11|8|
2018-01-15|3|1_CTs|ct7||66|59|36|50|30|33|26|26|18|15|23|18|13|15|10|18|10|11|12|15|18|11|22|31|33|30|31|53|54|61|80|343|104|119|135|146|136|389|390|394|122|98|328|129|144|150|411|415|147|163|146|144|143|138|419|143|398|676|164|173|153|149|174|406|147|409|144|119|129|103|133|96|376|76|6|0|0|0|0|0|0|0|0|0|0|0|0|0|0|0|0|0|11|296|70|67|
2018-01-15|3|1_CTs|ct8||32|20|254|24|13|15|12|9|5|11|15|6|7|11|7|14|15|7|4|6|8|8|9|13|19|13|21|26|29|292|40|61|56|58|68|89|78|81|361|86|92|62|299|96|102|114|114|375|110|115|104|107|104|78|95|108|95|871|103|113|115|108|114|348|112|382|122|139|119|387|126|126|1116|125|125|87|80|79|65|87|60|61|76|6|176|49|50|45|56|48|519|42|740|45|37|40|
2018-01-15|3|1_CTs|ct9||304|380|87|70|308|31|31|31|45|26|17|16|35|22|34|14|15|28|7|526|18|10|27|240|120|91|53|54|55|122|192|456|214|302|621|2326|360|1741|409|617|470|167|364|199|498|463|749|945|546|425|334|464|281|184|586|188|509|334|484|370|517|447|1594|251|276|494|1200|261|207|130|427|850|491|1083|442|273|1055|1313|1566|215|454|437|170|205|1372|184|561|976|791|1679|783|810|333|335|399|444|
2018-01-15|3|1_CTs|ct10||55|49|37|22|33|34|28|26|23|19|21|19|22|14|16|6|10|10|13|8|14|12|22|16|23|21|29|38|34|44|86|117|171|165|178|185|212|169|146|175|136|110|49|123|133|155|131|142|161|130|157|119|129|129|141|131|128|143|142|152|148|136|138|146|148|161|169|173|149|145|160|158|152|163|153|140|169|166|148|146|163|171|192|0|69|84|89|89|92|99|78|68|64|91|81|69|
2018-01-15|3|1_CTs|ct13||390|121|92|340|57|68|74|57|46|56|46|35|56|39|40|20|30|280|28|56|32|45|66|50|66|70|80|89|106|136|215|236|257|244|276|263|264|273|233|210|785|477|143|230|228|473|282|519|291|270|803|246|496|264|299|288|515|260|549|547|784|561|301|323|531|820|272|241|807|532|241|510|255|283|256|249|501|192|257|494|286|323|724|12|495|445|721|225|479|386|976|627|162|169|538|679|
2018-01-15|3|1_CTs|CT16||58|55|56|43|36|292|292|17|38|25|16|16|15|16|20|13|12|13|13|13|9|9|13|27|17|28|31|62|54|339|127|144|403|185|216|186|182|975|203|692|165|175|145|415|402|204|184|421|152|422|177|419|185|654|164|154|171|430|424|193|176|186|198|170|227|440|486|221|284|247|246|256|534|518|489|519|522|227|443|478|442|169|145|11|133|100|99|79|344|81|75|75|81|67|79|77|
2018-01-15|3|1_CTs|ct18||68|63|44|33|43|41|36|24|35|24|22|19|24|15|17|10|9|15|12|15|21|19|27|25|33|37|43|67|62|92|143|166|267|234|282|253|275|218|199|226|180|154|68|181|205|213|159|202|194|167|215|173|165|170|179|186|166|193|200|202|189|207|196|182|194|174|246|187|198|199|223|205|205|174|193|187|197|186|190|222|218|201|232|0|82|112|120|105|132|123|112|81|103|104|100|100|
2018-01-15|3|1_CTs|ct19||0|1|0|1|0|0|0|0|0|0|0|1|0|0|0|0|0|0|0|0|0|0|2|2|2|5|5|5|6|7|7|6|1|5|1|6|9|11|6|8|4|2|1|7|7|5|6|3|5|5|3|6|3|6|3|5|7|7|4|3|5|3|8|10|9|9|8|4|7|4|4|6|8|8|8|6|4|9|8|3|11|5|3|0|3|4|2|4|1|1|0|4|0|1|0|1|
2018-01-15|3|1_CTs|ct22||5|5|1|0|2|4|1|3|2|1|0|2|2|0|0|0|0|3|1|4|1|1|2|1|4|4|3|4|8|11|13|253|17|18|8|16|271|21|23|26|25|6|17|24|31|282|280|27|29|18|37|274|6|20|20|23|277|22|19|23|32|27|27|287|31|39|28|42|35|36|34|29|35|27|22|29|26|18|23|15|18|18|16|1|6|17|12|5|6|9|11|7|3|9|4|2|
2018-01-15|3|1_CTs|CT23||51|49|31|32|30|22|13|15|12|14|11|11|8|16|10|9|10|8|17|7|18|14|29|25|293|32|58|101|383|164|178|190|213|235|445|273|256|222|216|213|198|152|141|425|699|422|192|173|178|165|184|430|151|136|160|435|158|180|181|199|166|438|450|182|167|166|168|148|164|134|163|401|364|137|137|35|341|129|392|142|160|165|163|6|123|95|101|346|73|86|93|87|92|354|94|74|
2018-01-15|3|1_CTs|ct24||52|289|33|112|188|15|17|10|12|11|5|5|7|12|11|9|10|9|17|13|30|34|46|577|83|143|253|408|738|617|606|625|604|1000|546|566|734|1026|515|608|1055|419|250|524|939|473|693|393|398|957|439|452|663|396|423|432|673|461|756|709|1003|436|678|420|365|878|872|437|687|461|752|459|491|502|735|675|633|396|863|359|875|340|469|3|147|408|116|123|101|110|134|137|98|119|125|86|
