2017-03-08|6|1_CTs|CT1||0|1|0|2|0|0|1|1|3|0|0|0|0|0|0|1|0|2|1|0|2|2|1|4|2|2|5|4|2|8|23|78|351|360|330|68|108|114|298|49|18|16|7|13|18|255|20|9|13|13|9|9|18|516|13|21|14|12|24|18|18|5|10|21|11|24|13|15|11|11|23|17|10|11|14|12|12|5|10|6|7|4|3|5|0|0|5|4|4|3|1|5|1|3|2|0|
2017-03-08|6|1_CTs|CT3||17|13|13|8|3|5|6|3|3|1|2|3|9|8|2|3|1|9|6|9|8|14|19|21|252|29|31|39|54|35|285|51|71|102|301|63|74|48|314|59|298|289|51|45|49|48|52|43|42|57|38|276|287|52|49|33|48|50|40|49|50|262|49|291|36|52|47|46|32|307|54|278|503|57|82|73|48|45|46|48|31|18|13|9|12|21|28|21|20|12|20|22|19|12|10|15|
2017-03-08|6|1_CTs|CT4||0|1|1|30|0|0|1|0|0|0|0|0|0|1|0|1|0|1|0|0|0|1|1|0|0|0|1|0|5|4|8|9|4|6|1|0|2|1|4|1|2|0|2|1|0|13|8|14|12|22|16|23|26|281|21|30|23|28|250|22|19|32|228|27|23|26|32|25|28|25|32|38|39|31|253|20|18|0|1|0|0|0|0|0|0|0|0|0|18|13|6|12|5|6|9|9|
2017-03-08|6|1_CTs|CT5||5|0|1|0|0|0|0|1|1|0|0|1|2|1|2|0|6|1|3|4|7|2|9|4|11|4|9|4|4|8|11|14|11|1|8|5|7|4|18|2|6|2|7|3|2|24|33|17|86|46|202|253|52|53|55|55|58|43|58|57|61|54|77|54|36|44|50|425|282|67|60|59|209|60|65|120|57|12|0|0|0|0|0|0|0|0|0|0|23|26|24|16|147|15|13|116|
2017-03-08|6|1_CTs|CT6||0|0|0|0|0|0|0|0|0|0|0|0|0|0|0|0|0|0|0|0|0|0|0|0|0|0|0|0|0|0|0|0|0|0|0|8|0|0|0|0|0|0|0|0|0|0|0|0|0|0|0|0|0|0|0|0|0|0|0|0|0|0|0|0|0|0|0|0|0|0|0|0|0|0|0|0|0|0|0|0|0|0|0|0|0|0|0|0|0|0|0|0|0|0|0|0|
2017-03-08|6|1_CTs|CT7||7|5|8|4|5|2|2|1|4|0|1|2|3|4|1|1|0|4|4|1|3|3|1|1|7|1|12|10|17|264|18|27|40|39|291|42|36|39|548|36|27|40|28|27|21|25|274|23|20|25|32|28|36|283|23|24|34|291|19|28|29|33|22|29|26|93|39|35|31|39|29|29|22|24|19|14|283|25|27|15|24|19|21|16|12|5|268|7|10|11|11|9|7|10|6|9|
2017-03-08|6|1_CTs|CT8||32|38|29|24|26|15|13|11|8|267|13|12|14|13|8|8|12|5|12|6|9|11|17|20|27|23|56|59|68|121|428|457|489|638|414|153|138|189|182|172|401|154|123|141|130|122|33|0|0|0|0|0|0|0|0|0|0|354|375|151|154|373|134|136|136|165|175|191|178|922|200|422|174|190|417|173|167|629|424|166|359|122|102|101|70|78|79|67|47|0|0|0|0|0|0|0|
2017-03-08|6|1_CTs|CT10||37|32|26|19|10|14|6|3|10|8|4|4|8|5|3|2|7|2|259|3|7|12|14|18|21|29|32|101|55|70|120|422|382|189|173|445|201|170|179|185|437|426|421|146|139|173|637|391|137|145|147|389|415|649|159|133|132|132|163|173|152|170|155|173|455|188|208|224|212|223|207|199|227|227|467|222|465|234|268|237|200|192|401|129|101|84|81|69|61|64|311|543|52|53|46|46|
2017-03-08|6|1_CTs|CT11||283|28|275|10|10|8|14|11|248|2|4|3|4|5|8|4|2|4|7|6|11|11|21|35|33|42|60|84|93|151|720|298|279|167|460|523|179|181|270|275|243|192|445|182|190|672|188|441|197|479|193|197|83|701|423|386|286|677|229|192|439|461|215|434|451|211|227|487|219|213|194|203|199|214|219|205|431|205|704|200|437|157|137|133|86|74|95|608|94|67|307|307|60|322|45|42|
2017-03-08|6|1_CTs|CT12||47|35|25|27|17|9|12|7|14|10|9|8|7|5|7|3|6|4|8|2|7|17|17|28|23|30|39|59|68|336|128|498|536|306|311|312|290|321|254|236|486|423|190|174|177|190|190|165|164|201|462|443|699|198|175|190|174|180|217|206|206|471|464|459|476|240|270|291|559|554|291|254|295|286|490|203|707|251|513|317|732|719|201|158|141|106|108|355|343|80|89|68|67|77|541|63|
2017-03-08|6|1_CTs|CT14||0|0|0|0|0|0|0|0|0|0|0|0|0|0|0|0|0|0|0|0|0|0|0|0|0|0|0|0|0|0|0|0|0|0|0|0|0|0|0|0|0|0|0|0|0|0|0|0|0|0|0|0|0|0|0|0|0|0|0|0|0|0|0|0|0|0|0|0|0|0|0|0|0|0|0|0|0|0|0|0|0|0|0|0|0|0|0|0|0|0|0|1|0|0|0|0|
2017-03-08|6|1_CTs|CT15||26|24|18|14|19|17|10|9|8|4|9|9|14|9|8|11|13|14|9|12|19|23|20|46|37|38|50|319|93|118|140|470|251|285|532|474|187|192|186|157|136|146|110|128|101|347|110|109|107|131|381|136|605|120|112|108|374|116|114|121|102|365|362|131|129|133|123|170|179|735|268|263|215|143|622|422|163|162|181|122|115|98|70|321|72|310|54|52|52|312|34|37|28|40|20|31|
2017-03-08|6|1_CTs|CT16||43|275|29|22|12|18|12|12|14|4|5|5|7|7|6|3|5|6|8|6|12|11|14|15|29|28|50|59|88|95|444|279|551|298|518|275|535|295|513|282|501|481|211|182|185|218|182|409|921|209|444|216|460|466|206|441|201|226|222|208|217|488|457|202|213|457|237|235|249|501|230|502|241|496|497|482|762|254|252|237|215|196|173|136|94|78|100|102|84|89|300|57|69|67|50|51|
2017-03-08|6|1_CTs|CT17||8|4|4|5|3|1|1|3|2|2|1|1|0|1|1|1|0|3|1|1|0|1|1|0|0|2|2|3|6|8|8|20|26|41|29|32|25|21|21|20|18|9|22|11|13|187|233|34|38|36|36|52|34|56|41|44|47|33|37|58|59|61|54|48|36|246|62|57|50|243|72|71|75|69|74|41|63|37|1|0|0|0|0|0|0|0|0|1|22|25|17|23|15|16|14|14|
2017-03-08|6|1_CTs|CT18||9|4|34|5|0|2|3|4|0|1|0|2|3|2|7|7|10|186|23|9|14|11|19|19|27|15|24|21|26|56|59|97|46|30|16|13|10|16|40|10|18|9|11|13|7|99|95|98|99|144|319|181|427|408|182|401|205|190|370|210|193|199|200|389|136|410|206|366|206|419|225|199|367|211|324|145|237|33|1|0|0|0|0|0|0|0|0|3|94|215|66|195|48|50|53|153|
2017-03-08|6|1_CTs|CT19||5|2|2|1|0|3|4|0|3|0|0|1|0|1|0|6|3|5|2|2|2|8|2|9|5|1|6|6|9|8|22|32|65|25|9|11|14|9|26|6|6|6|20|35|4|205|57|196|201|80|189|98|307|368|86|107|120|102|129|124|116|127|306|115|307|118|120|111|304|346|381|168|341|136|207|92|195|52|0|0|0|0|0|0|0|0|0|3|67|59|37|26|19|32|30|36|
2017-03-08|6|1_CTs|CT20||10|8|7|5|3|5|3|1|4|1|0|3|1|2|2|4|6|2|3|9|6|9|8|13|12|9|12|121|20|24|197|53|159|51|48|150|42|41|107|30|74|29|39|39|33|48|27|22|399|244|51|33|27|268|16|93|71|22|41|100|72|99|82|8|291|333|17|58|101|291|119|119|10|50|16|51|11|19|0|0|0|0|0|0|0|0|0|0|66|28|39|40|31|36|29|16|
2017-03-08|6|1_CTs|CT21||54|51|46|34|38|26|260|12|17|11|7|7|16|11|9|8|12|204|69|36|28|43|44|48|56|81|90|118|184|458|509|531|329|861|763|506|281|276|291|311|266|455|227|509|483|461|400|458|205|260|244|216|445|633|213|388|306|465|492|464|472|453|715|212|210|451|220|213|708|495|270|476|720|282|796|321|467|246|483|225|173|419|342|207|358|375|131|108|110|89|97|77|98|78|65|297|
2017-03-08|6|1_CTs|CT22||0|0|0|0|0|0|0|0|2|0|0|0|0|0|0|0|0|0|0|0|0|0|0|0|0|0|0|0|0|0|0|0|0|0|0|0|0|0|0|0|0|0|0|0|0|0|0|0|0|0|0|0|0|0|0|0|0|0|0|0|0|0|0|0|0|0|0|0|0|0|0|0|0|0|0|0|0|0|0|0|0|0|0|0|0|0|0|0|0|0|0|0|0|0|0|0|
2017-03-08|6|1_CTs|CT23||51|66|58|32|34|18|22|15|15|21|17|18|16|23|17|16|8|7|11|11|13|24|30|40|48|307|66|341|379|149|270|298|345|316|562|283|235|255|255|222|235|236|185|217|236|215|221|188|210|493|483|449|468|909|200|463|196|501|716|488|233|713|434|224|488|244|276|320|535|542|307|325|303|326|291|314|204|439|470|252|645|220|363|222|124|123|366|117|124|105|112|287|95|89|57|69|
