2014-01-21|2|1_CTs|ct1||35|39|27|25|20|12|16|18|6|7|11|7|10|5|11|7|10|10|9|16|17|23|25|32|42|42|39|73|81|102|123|153|156|161|171|186|163|173|175|175|197|197|195|178|159|166|186|162|168|171|178|169|165|172|135|150|179|166|159|179|166|162|173|166|160|162|149|136|131|146|153|139|132|133|109|137|151|152|127|133|137|159|152|136|103|93|81|79|90|63|66|75|72|58|60|44|
2014-01-21|2|1_CTs|ct2||25|19|13|14|17|14|13|12|5|8|3|4|18|16|12|7|4|3|2|3|10|11|14|16|27|23|14|29|24|34|31|45|42|39|59|65|65|79|78|70|88|115|86|62|72|80|93|71|64|68|81|79|83|85|74|68|72|59|67|92|73|76|97|73|72|80|67|60|54|62|58|65|70|52|38|70|69|60|66|59|57|71|68|58|49|50|41|35|50|40|44|46|35|28|29|25|
2014-01-21|2|1_CTs|ct3||39|47|33|39|21|29|28|24|10|9|11|11|6|10|9|5|14|8|9|16|13|24|31|32|50|35|41|63|66|77|100|119|115|138|142|150|140|141|153|144|177|158|180|185|165|175|167|158|157|159|156|163|163|156|158|139|163|163|162|189|176|155|178|155|152|157|145|136|134|160|144|147|148|128|123|120|156|140|134|149|142|171|149|132|112|107|82|87|79|69|65|81|72|55|60|41|
2014-01-21|2|1_CTs|ct4||28|28|22|17|14|25|15|17|12|7|8|5|9|3|11|8|5|1|5|9|9|15|20|16|19|30|28|22|37|34|58|71|92|106|117|130|122|103|110|112|122|97|122|133|110|113|115|115|130|110|108|121|97|99|92|113|95|110|105|120|107|119|113|95|97|90|122|116|105|103|81|83|88|102|101|84|70|84|75|65|84|74|60|65|63|58|37|41|50|51|48|53|50|55|57|34|
2014-01-21|2|1_CTs|ct5||36|47|36|33|22|27|27|23|18|17|8|10|10|9|10|11|7|3|12|11|178|502|14|17|21|28|29|34|40|36|78|116|119|154|164|172|168|168|159|144|187|200|176|174|172|175|197|193|171|195|156|159|147|165|139|183|157|174|180|163|170|180|167|166|158|142|149|169|153|160|115|153|158|157|156|134|138|136|108|121|130|111|89|92|102|85|71|79|86|75|74|73|91|67|75|67|
2014-01-21|2|1_CTs|ct6||13|12|8|13|6|12|5|8|7|3|5|2|8|6|7|4|3|2|3|4|2|4|5|9|10|8|9|10|11|9|21|19|18|18|36|27|34|23|33|47|36|40|47|57|43|49|41|35|45|38|56|60|44|44|36|44|39|38|39|53|48|55|41|46|47|43|38|42|35|50|40|46|27|42|43|38|39|22|30|38|57|441|417|369|96|29|33|21|18|20|11|29|18|25|24|14|
2014-01-21|2|1_CTs|ct17||44|52|41|44|35|38|32|40|19|17|17|11|9|14|12|5|14|10|12|14|31|28|31|43|39|54|47|57|78|78|121|114|141|173|168|162|171|183|160|216|221|181|182|167|211|191|215|164|199|254|202|193|197|182|174|150|170|192|161|199|214|195|193|198|207|159|178|192|162|157|162|200|198|165|167|158|176|183|148|163|160|175|160|153|116|119|95|103|89|81|75|93|73|58|68|53|
2014-01-21|2|1_CTs|CT19||22|24|23|16|16|8|14|11|7|8|6|8|2|5|3|2|2|2|8|7|6|10|8|6|6|17|20|18|38|35|44|59|70|80|83|100|95|75|78|94|98|106|99|121|128|105|100|89|117|106|89|92|105|89|102|73|98|101|96|94|100|104|102|112|94|102|102|117|106|94|92|101|109|111|103|86|90|112|84|85|98|92|80|70|61|45|40|40|45|37|24|35|32|31|29|24|
2014-01-21|2|1_CTs|CT20||33|22|16|14|19|12|14|16|9|8|3|8|3|3|7|5|6|6|6|6|11|2|4|10|7|20|21|18|18|30|54|61|58|93|88|83|79|84|76|81|84|75|73|60|72|63|70|64|63|66|59|63|54|63|63|57|66|78|62|59|72|68|78|77|63|71|75|77|66|78|84|73|93|77|72|76|69|78|55|65|76|70|59|64|53|50|46|35|42|35|42|39|36|48|41|37|
2014-01-21|2|1_CTs|CT21||13|13|12|8|12|2|7|7|2|1|3|3|0|4|2|1|3|0|3|3|4|1|2|2|5|9|7|8|10|16|36|34|33|57|45|47|42|43|46|47|37|37|42|49|36|45|37|35|44|29|32|36|35|42|28|37|37|39|33|29|39|33|47|40|42|44|37|46|38|43|45|43|40|45|34|42|42|46|20|32|32|31|32|31|21|21|21|18|20|22|24|18|20|32|26|14|
