2016-11-23|6|1_CTs|CT1||2|1|0|0|0|0|1|2|0|1|0|0|0|0|0|0|0|1|1|0|1|1|1|4|2|1|4|3|4|7|37|117|370|131|39|26|55|105|67|281|21|20|13|16|6|4|10|11|11|14|22|12|14|6|12|10|268|9|5|8|9|10|15|15|7|8|16|267|21|16|30|20|4|18|64|35|31|6|2|12|4|5|5|6|3|1|3|4|6|0|2|0|3|1|3|2|
2016-11-23|6|1_CTs|CT3||7|12|7|9|5|4|5|2|4|2|1|2|3|6|2|3|5|7|9|19|13|22|19|29|32|36|34|42|40|59|61|77|365|130|129|81|73|74|61|49|49|49|40|38|44|45|55|247|49|28|43|301|50|55|35|43|38|56|51|34|46|48|45|43|53|70|309|312|537|61|49|307|120|96|96|365|76|291|278|35|40|45|28|26|23|26|33|20|16|14|14|22|17|12|16|12|
2016-11-23|6|1_CTs|CT4||10|10|8|4|3|1|1|2|1|4|1|1|0|0|1|2|0|1|1|1|2|2|1|1|0|1|2|3|9|7|12|25|54|16|275|27|38|36|23|23|27|27|26|9|20|27|20|7|12|21|19|31|49|35|36|29|30|25|29|19|18|35|36|31|34|35|45|43|53|61|48|45|57|61|68|59|45|47|29|35|37|36|30|20|22|18|20|20|14|16|14|265|8|15|11|6|
2016-11-23|6|1_CTs|CT5||17|19|7|17|17|12|8|9|7|7|5|2|3|2|4|2|7|4|5|2|12|2|6|262|12|7|15|14|25|25|51|59|71|111|395|402|142|377|78|76|82|85|84|86|57|61|330|59|58|59|85|66|321|79|61|61|68|318|63|79|74|72|65|84|72|86|74|80|341|338|333|341|361|111|85|103|364|69|53|57|60|58|59|40|43|37|30|36|29|37|267|279|31|29|269|26|
2016-11-23|6|1_CTs|CT6||37|26|26|12|9|12|7|8|6|9|3|6|4|4|2|4|0|3|10|5|11|10|13|16|26|16|23|33|33|41|77|361|197|193|176|161|140|140|133|126|120|111|104|107|112|333|578|101|110|90|100|363|134|127|119|109|116|124|136|138|101|377|107|139|123|126|138|140|406|161|139|125|156|124|130|118|152|110|110|356|384|117|98|585|345|79|64|336|66|72|62|43|60|69|34|43|
2016-11-23|6|1_CTs|CT7||5|5|11|5|4|1|1|1|1|0|1|0|0|1|1|1|1|2|2|1|2|2|4|1|1|4|10|9|18|22|24|42|40|52|290|314|41|45|38|36|32|21|24|36|20|21|32|21|22|33|19|35|39|29|28|27|32|28|23|271|33|30|19|26|26|26|35|33|30|29|17|18|14|15|13|17|19|20|19|17|24|16|21|12|16|13|4|17|6|9|11|6|0|0|0|5|
2016-11-23|6|1_CTs|CT10||38|33|37|25|271|270|11|7|4|7|12|5|2|4|4|2|7|2|5|8|6|16|12|18|25|22|33|39|50|86|124|176|159|189|218|207|200|170|435|429|154|372|135|132|370|133|359|430|878|154|167|440|163|173|156|144|400|165|192|178|201|169|378|182|187|213|466|229|487|487|220|195|220|257|467|238|470|185|438|424|150|152|134|123|353|68|341|62|59|82|63|42|47|43|303|23|
2016-11-23|6|1_CTs|CT11||37|29|9|1|4|6|15|10|5|4|6|7|6|0|5|7|5|4|7|11|12|11|267|29|20|35|52|99|105|180|516|562|451|231|480|485|267|128|718|471|241|481|459|198|1182|167|190|193|163|200|224|471|474|216|440|444|705|168|195|699|189|434|690|197|685|210|216|224|471|724|193|209|673|185|100|79|340|157|151|190|145|161|127|129|93|92|87|73|73|71|63|63|49|544|31|302|
2016-11-23|6|1_CTs|CT12||34|48|39|24|13|9|15|5|9|10|11|9|2|6|8|6|6|2|7|5|6|16|13|21|23|26|46|55|64|105|159|252|320|328|303|331|278|317|261|486|197|672|167|188|688|179|170|178|171|204|261|223|192|232|729|219|662|206|216|209|223|212|469|223|279|531|258|305|1051|187|241|205|245|210|205|417|229|236|234|227|197|216|174|385|122|95|117|334|313|365|76|305|0|0|0|21|
2016-11-23|6|1_CTs|CT15||27|37|36|28|26|16|9|1|8|4|6|11|6|7|5|4|247|9|8|9|27|17|35|288|46|38|306|68|84|128|168|230|251|291|291|466|447|221|172|148|136|372|391|121|117|122|106|391|115|590|130|142|127|140|114|106|121|116|123|113|123|107|107|118|132|161|231|241|210|152|64|159|108|41|152|169|186|468|125|124|149|192|141|314|91|53|67|314|52|46|41|40|47|279|20|34|
2016-11-23|6|1_CTs|CT16||35|40|34|17|13|9|252|9|5|4|8|10|4|4|4|4|3|7|9|13|13|8|10|16|15|29|42|65|93|138|203|296|267|352|279|280|494|277|284|256|474|734|498|221|171|180|670|491|168|197|210|237|224|228|189|198|216|188|211|214|474|215|206|213|218|229|495|233|473|243|246|212|221|196|462|218|484|194|446|195|177|167|153|393|112|107|338|91|81|81|69|53|0|0|0|13|
2016-11-23|6|1_CTs|CT17||55|38|33|27|20|15|12|11|14|7|8|3|1|6|8|6|2|6|9|7|7|5|9|3|246|10|21|30|24|37|72|129|184|215|213|476|186|184|154|387|118|112|107|133|396|136|147|131|146|134|415|136|383|429|147|135|124|147|153|411|146|191|161|179|186|184|187|216|476|204|205|451|467|201|199|190|189|203|173|420|166|154|123|599|365|94|80|333|306|96|76|76|63|59|72|326|
2016-11-23|6|1_CTs|CT18||56|80|159|189|40|28|27|21|19|13|15|11|12|12|9|5|10|10|10|13|25|13|21|276|30|31|46|82|114|133|227|303|347|355|212|145|164|222|775|245|279|800|531|288|232|242|494|252|222|505|265|262|504|271|246|220|505|485|237|522|256|523|254|271|251|260|273|280|554|356|307|335|345|317|554|336|336|291|473|254|504|210|425|166|126|142|122|123|96|369|344|106|105|95|836|74|
2016-11-23|6|1_CTs|CT19||37|289|40|23|24|17|24|12|13|10|9|12|3|9|10|6|4|6|7|6|8|4|8|4|4|12|19|25|24|40|60|133|231|242|435|243|211|171|158|151|146|118|381|128|432|140|142|164|412|187|199|398|165|412|389|138|384|118|405|402|162|161|411|167|163|177|181|234|223|486|249|262|247|222|499|500|209|183|185|204|144|135|143|376|83|103|84|89|63|76|311|67|72|64|69|72|
2016-11-23|6|1_CTs|CT20||24|36|12|18|15|8|10|8|7|4|10|1|2|3|3|6|3|3|3|4|9|6|10|13|271|10|27|27|288|49|66|98|411|122|15|175|163|95|302|126|110|75|77|127|372|176|204|10|88|19|107|9|30|336|350|108|379|75|61|37|99|133|118|128|102|134|133|147|599|33|151|59|115|170|41|140|158|127|367|106|18|33|54|345|83|74|66|315|56|54|38|56|292|293|33|283|
2016-11-23|6|1_CTs|CT21||320|70|52|50|39|36|17|19|13|16|19|14|17|13|11|15|15|19|25|36|30|31|49|61|65|74|98|137|166|225|298|559|374|383|328|537|310|318|562|501|232|508|511|206|437|278|369|438|245|216|430|231|245|194|458|230|232|230|507|431|247|240|243|269|239|531|259|517|737|532|504|313|557|348|538|859|288|285|227|198|199|207|172|344|379|143|369|123|124|92|96|108|92|76|325|65|
2016-11-23|6|1_CTs|CT22||0|0|0|0|0|0|0|0|0|0|0|0|0|0|0|0|0|0|0|0|0|0|0|0|0|0|0|0|0|0|0|0|0|0|0|0|0|0|0|0|0|0|0|0|0|0|0|0|0|0|0|0|0|0|0|0|0|0|0|0|0|0|0|0|0|1|0|0|0|0|0|0|0|0|0|0|0|0|0|0|0|0|0|0|0|0|0|0|0|0|0|0|0|0|0|0|
2016-11-23|6|1_CTs|CT23||356|128|393|116|50|47|20|21|20|22|25|19|22|20|15|14|3|17|8|20|20|17|40|44|31|55|311|110|124|163|248|320|360|572|318|547|279|274|253|226|261|458|216|228|197|256|391|210|223|684|243|264|236|475|202|226|234|266|244|709|245|239|230|231|286|307|574|584|344|546|319|298|300|347|560|315|323|263|247|517|271|254|198|169|626|405|151|121|103|320|104|85|92|70|77|325|
