2013-10-07|6|1_CTs|CT1||2|2|0|1|0|0|0|1|0|0|0|4|0|0|0|1|0|2|0|0|1|1|2|4|3|9|4|5|0|6|12|65|88|26|33|39|16|15|22|5|10|3|4|12|9|4|4|6|8|8|11|15|18|4|8|6|7|5|2|7|8|5|6|12|10|6|3|10|5|4|4|7|7|9|7|8|3|4|3|1|1|2|4|1|2|2|3|1|1|1|2|15|13|1|0|1|
2013-10-07|6|1_CTs|CT3||9|5|1|6|10|7|4|4|3|6|0|1|3|1|2|2|5|9|9|17|22|34|32|28|28|43|36|32|53|62|61|101|90|99|119|103|109|90|77|61|60|63|58|46|71|38|52|62|56|43|49|45|47|45|56|49|57|53|72|48|42|52|45|54|59|63|60|47|58|61|60|54|62|62|57|65|43|38|37|38|37|42|41|23|23|23|25|15|19|14|15|19|27|15|15|12|
2013-10-07|6|1_CTs|CT6||17|8|12|12|7|7|7|7|5|3|0|1|2|2|0|2|3|4|3|7|6|9|10|12|14|14|14|24|32|43|59|107|149|180|205|200|157|154|135|119|105|93|102|96|99|104|105|78|95|83|89|91|89|93|97|119|92|122|126|118|98|108|104|98|115|101|104|134|131|131|134|124|143|147|110|116|110|116|90|95|106|110|70|65|70|76|64|50|46|55|48|43|33|37|33|31|
2013-10-07|6|1_CTs|CT7||4|5|1|0|2|2|0|1|1|0|2|3|1|5|1|0|1|3|1|1|1|2|1|2|4|5|4|9|9|11|26|25|34|41|46|36|54|27|38|31|37|33|22|23|21|29|23|28|24|20|25|20|29|17|19|23|15|35|23|31|17|20|19|20|18|25|19|19|23|26|44|29|30|35|36|30|32|19|18|17|20|13|17|13|7|20|7|13|9|3|4|6|8|8|6|8|
2013-10-07|6|1_CTs|CT8||35|29|24|15|9|16|10|10|12|11|4|1|18|8|1|5|6|6|7|8|8|14|24|26|23|39|51|57|91|104|175|219|237|205|199|192|174|205|188|170|138|163|148|134|109|133|146|138|120|138|150|158|158|156|154|131|146|156|157|138|140|140|169|142|128|168|151|172|175|199|180|189|190|217|198|187|183|174|165|172|144|124|108|90|88|79|82|82|73|75|66|93|63|67|54|33|
2013-10-07|6|1_CTs|CT9||24|35|22|16|8|12|9|15|12|10|8|5|5|5|7|3|5|4|4|7|14|16|23|25|38|40|56|61|98|140|191|320|332|379|423|396|365|362|252|232|206|187|180|197|196|197|182|205|185|197|212|186|192|231|170|206|225|211|214|203|211|202|225|221|214|219|222|252|232|278|265|280|298|294|305|329|270|221|206|184|178|147|150|132|142|113|98|91|85|83|86|62|68|72|52|46|
2013-10-07|6|1_CTs|CT10||21|22|11|14|14|10|12|7|5|4|2|5|5|2|3|3|1|2|2|1|12|10|8|20|26|23|27|39|55|67|100|138|153|180|185|171|167|187|181|171|170|140|140|154|132|146|165|143|143|152|148|141|150|152|131|138|159|158|145|153|168|136|155|143|167|161|192|196|192|202|197|205|213|282|278|244|236|209|192|168|145|115|112|87|100|88|77|59|63|59|60|64|45|44|38|39|
2013-10-07|6|1_CTs|CT11||33|30|13|15|6|12|7|4|3|6|6|5|4|3|6|5|6|3|5|5|11|14|20|24|27|35|52|63|89|159|280|346|332|343|400|333|305|346|296|263|217|225|200|209|193|203|188|208|199|192|210|200|235|186|185|205|202|211|236|201|204|195|223|198|215|221|222|229|204|221|236|217|219|213|171|209|175|176|157|144|137|123|125|108|121|79|71|79|65|65|41|7|60|33|43|18|
2013-10-07|6|1_CTs|CT12||30|18|23|19|13|8|15|3|0|4|1|7|4|6|2|4|3|3|4|4|13|11|15|18|25|25|25|43|53|78|129|201|264|338|302|303|332|249|243|218|209|183|166|195|177|173|168|177|152|160|169|171|193|195|150|173|200|190|170|212|188|170|175|159|210|197|243|266|216|260|244|274|292|319|324|317|310|285|220|198|170|134|124|125|113|85|75|66|68|61|61|58|50|48|43|34|
2013-10-07|6|1_CTs|CT15||5|8|15|4|5|4|4|2|3|1|4|5|1|4|4|3|3|6|4|12|14|13|7|16|11|21|25|30|54|59|104|154|217|211|192|212|214|164|117|114|97|86|80|78|64|73|104|101|83|68|81|83|52|71|80|87|84|89|77|78|42|91|71|98|73|69|85|97|103|90|106|93|94|128|165|118|95|74|53|54|51|48|37|43|38|35|21|23|21|16|28|15|15|18|15|14|
2013-10-07|6|1_CTs|CT16||31|36|14|15|16|18|8|10|5|6|6|5|2|9|4|5|4|4|6|2|8|15|8|17|28|28|37|45|63|105|177|273|336|263|296|267|277|237|282|228|227|211|183|209|163|182|207|179|189|180|172|195|193|173|187|182|166|203|188|217|195|199|187|175|191|239|195|219|223|222|225|238|208|242|234|228|210|159|189|150|152|119|142|100|104|113|90|79|72|75|60|75|66|49|40|37|
2013-10-07|6|1_CTs|CT21||77|57|48|44|32|38|25|26|20|15|18|10|15|12|7|11|16|11|25|31|28|40|40|60|46|71|81|93|141|200|268|334|327|357|377|401|347|391|300|308|250|211|270|234|236|221|208|242|231|228|204|225|217|199|207|233|210|270|239|252|240|258|261|218|250|219|254|225|223|239|283|258|246|280|283|247|219|195|205|187|177|169|121|123|112|128|90|102|107|98|86|92|84|74|71|65|
2013-10-07|6|1_CTs|CT22||76|65|39|51|42|27|29|27|20|26|22|7|14|8|26|15|23|24|43|44|51|63|54|67|63|62|70|85|96|155|165|246|243|263|350|297|276|282|239|245|244|214|256|216|246|222|249|246|255|257|282|267|272|252|228|222|248|244|265|269|262|239|283|257|299|342|323|332|389|376|343|367|377|361|376|356|359|350|319|303|281|232|206|187|178|180|147|131|103|139|112|118|95|103|81|94|
2013-10-07|6|1_CTs|CT23||51|39|37|25|21|28|15|20|17|12|7|3|20|9|1|8|7|8|17|15|17|24|39|43|38|68|66|85|137|155|255|330|391|356|361|380|359|356|348|295|248|261|234|211|223|209|205|210|192|213|249|230|235|248|205|219|230|223|257|234|216|263|239|216|239|296|275|278|296|308|328|298|322|345|366|308|287|304|262|238|265|225|151|151|130|116|116|122|98|101|81|118|91|88|63|63|
2013-10-07|6|1_CTs|CT24||48|53|41|32|33|21|17|23|20|15|9|3|7|9|5|10|13|11|17|16|21|29|33|33|43|59|60|79|122|133|190|259|292|361|345|351|373|358|305|294|283|219|274|248|228|247|254|259|241|251|255|251|246|255|241|252|235|258|259|311|286|291|279|271|319|357|341|331|330|372|370|394|445|443|440|458|456|460|378|330|257|258|223|195|170|148|139|131|114|119|104|83|98|105|84|75|
