2012-07-22|6|1_CTs|CT1||0|5|1|3|0|3|6|1|2|0|0|0|0|1|1|1|0|1|0|2|0|0|2|1|2|0|2|1|1|0|0|0|1|1|1|1|0|0|1|0|2|0|0|2|2|1|2|1|0|0|4|3|1|1|2|0|0|1|3|1|1|2|1|3|3|0|2|2|1|1|4|0|1|1|0|2|1|2|1|0|4|1|1|2|1|2|2|2|1|0|1|0|0|0|1|1|
2012-07-22|6|1_CTs|CT4||11|10|2|10|5|4|7|4|2|3|1|0|2|1|1|2|5|0|2|4|5|3|3|3|1|2|0|1|1|4|5|3|5|6|4|2|5|5|6|6|11|12|8|10|9|9|12|4|16|15|11|13|13|18|12|9|7|10|20|10|9|9|5|16|17|12|21|14|12|10|15|14|11|14|14|19|13|20|20|15|9|18|19|12|11|8|13|11|11|5|7|12|8|6|10|3|
2012-07-22|6|1_CTs|CT5||25|24|22|21|22|17|17|14|13|11|11|9|11|10|8|15|9|13|10|9|8|7|6|8|11|9|11|11|8|13|12|9|5|9|15|16|10|17|29|16|17|14|12|24|19|24|20|22|22|31|28|33|24|29|27|20|32|43|27|28|31|38|36|35|27|38|35|28|14|22|37|35|20|21|32|34|41|31|40|37|46|36|40|26|35|32|42|33|25|30|27|29|17|28|18|19|
2012-07-22|6|1_CTs|CT6||24|20|22|21|18|8|13|16|5|5|9|9|6|10|7|11|5|7|13|7|9|19|13|12|7|10|13|10|18|18|15|16|16|15|21|26|35|28|30|26|41|41|49|47|40|62|64|52|55|55|60|61|64|67|56|59|54|46|51|48|50|41|39|39|41|45|55|51|58|37|57|61|57|56|69|56|39|55|48|56|55|53|53|53|51|45|47|33|38|37|44|29|37|33|31|32|
2012-07-22|6|1_CTs|CT7||4|4|2|7|5|4|5|2|2|0|4|5|2|1|0|3|2|2|1|1|2|2|5|3|4|4|5|7|1|2|4|6|3|6|8|3|7|7|4|4|12|8|12|3|11|11|14|15|12|13|13|11|10|13|7|4|12|8|9|9|9|5|8|9|7|12|9|7|9|9|7|9|8|6|6|13|16|10|17|23|16|11|13|16|10|15|11|7|13|9|8|10|9|11|9|10|
2012-07-22|6|1_CTs|CT8||53|62|66|49|56|39|37|27|20|19|21|21|20|14|12|28|27|19|6|7|12|12|23|13|17|16|23|26|21|37|40|44|38|48|58|51|52|38|39|52|55|56|72|47|64|73|66|78|79|98|86|83|72|69|75|65|67|75|99|73|74|96|82|92|71|71|81|56|76|83|86|100|89|105|133|93|86|104|118|116|111|109|97|97|87|84|85|81|72|70|74|62|69|56|65|48|
2012-07-22|6|1_CTs|CT9||67|61|66|48|32|31|35|28|20|30|22|13|16|16|16|14|16|13|17|14|11|11|21|22|17|32|33|29|29|41|38|47|59|53|48|56|35|56|50|71|71|61|80|85|93|74|79|97|88|93|97|86|69|93|68|87|87|67|69|90|101|102|93|103|94|84|86|77|87|91|90|72|85|107|101|87|88|98|89|105|114|94|89|91|90|89|75|92|86|71|67|49|65|56|54|46|
2012-07-22|6|1_CTs|CT10||44|34|29|29|23|21|20|13|22|12|15|5|15|14|9|11|3|7|7|13|11|15|12|9|16|20|10|18|16|25|28|19|28|25|35|38|36|35|31|49|43|64|59|48|67|66|57|61|68|69|69|58|104|64|66|48|49|52|37|46|56|60|61|80|74|84|83|71|74|68|61|64|83|70|69|86|66|85|65|76|76|85|121|65|55|59|62|38|45|55|37|54|49|43|33|29|
2012-07-22|6|1_CTs|CT11||31|35|28|25|30|30|23|23|14|14|18|15|18|7|6|7|5|8|11|11|6|11|14|17|17|13|22|24|17|27|35|37|38|48|50|44|37|30|57|62|61|59|64|72|74|89|58|72|69|80|74|73|70|82|65|47|40|63|74|65|75|68|70|80|78|97|85|78|77|78|90|84|80|80|85|97|95|76|77|105|110|111|72|84|65|67|68|73|55|56|40|55|38|47|44|49|
2012-07-22|6|1_CTs|CT12||34|43|37|40|30|33|16|19|14|10|16|8|16|13|5|10|11|10|4|10|13|11|16|12|22|18|15|16|18|24|37|28|29|46|37|48|47|41|48|62|66|60|80|77|82|85|62|78|71|94|85|68|107|68|64|61|59|56|49|62|60|48|69|88|83|91|97|94|80|85|88|75|84|86|86|99|73|100|82|89|72|93|92|68|57|55|59|48|54|46|35|47|45|38|34|36|
2012-07-22|6|1_CTs|CT13||41|37|39|33|24|21|18|18|15|14|15|8|9|18|6|10|7|7|11|10|13|10|16|21|18|31|28|29|24|25|28|44|43|36|37|39|34|41|37|43|58|54|68|72|68|67|69|76|84|66|84|67|60|66|48|69|72|50|56|61|61|68|72|74|66|61|63|64|60|70|54|49|60|63|59|73|61|81|88|95|74|61|72|70|59|57|50|61|53|56|44|43|47|41|43|30|
2012-07-22|6|1_CTs|CT14||34|21|38|25|19|19|17|16|5|10|12|7|5|11|3|6|2|12|5|7|11|11|14|6|16|17|15|12|12|12|27|15|23|33|21|34|25|32|24|60|28|39|48|46|47|58|40|58|56|68|63|41|67|56|41|44|55|38|49|42|29|40|35|53|31|56|51|63|52|57|50|57|55|55|53|64|41|59|52|69|53|62|46|42|46|37|41|39|33|30|38|23|34|38|33|20|
2012-07-22|6|1_CTs|CT15||18|13|20|17|9|14|9|7|6|10|8|7|6|7|4|5|4|8|6|3|10|16|12|17|11|19|14|16|17|14|15|27|19|22|23|25|24|24|23|33|28|37|33|40|43|39|48|43|36|38|47|44|48|36|24|27|34|31|31|31|39|31|21|46|33|35|38|38|53|45|42|40|48|43|43|53|39|39|43|57|55|39|46|45|46|45|31|32|31|31|31|36|23|26|27|13|
2012-07-22|6|1_CTs|CT16||50|43|20|27|35|29|24|17|20|11|20|14|20|15|9|12|4|6|10|11|9|13|12|15|15|15|19|21|19|20|23|30|25|27|39|37|39|33|51|52|56|59|57|63|67|78|74|67|79|86|73|74|98|88|75|53|61|61|59|61|63|78|73|81|73|93|88|74|81|75|89|72|100|79|71|105|95|86|101|114|120|110|114|97|67|86|78|74|62|88|45|71|49|53|38|47|
2012-07-22|6|1_CTs|CT17||32|27|24|20|22|20|13|14|2|6|3|5|9|3|7|7|9|5|9|3|3|4|5|3|6|5|8|3|6|7|8|3|11|9|6|16|16|23|27|32|28|18|28|25|29|27|27|24|35|52|30|27|26|37|28|34|30|22|27|28|30|27|40|20|36|25|27|33|26|33|27|33|39|37|36|30|38|38|44|50|31|36|35|33|28|29|34|29|30|26|19|12|13|10|14|11|
2012-07-22|6|1_CTs|CT18||80|70|50|60|47|33|38|34|29|25|30|19|30|25|22|24|19|19|22|18|16|21|23|27|27|21|31|37|28|37|36|41|33|41|49|56|42|59|77|63|84|66|73|97|73|86|97|99|124|111|90|92|97|102|95|80|97|110|77|81|93|105|124|110|115|136|148|126|96|125|136|141|126|122|118|140|128|139|146|138|152|130|147|118|115|110|107|107|99|101|87|82|70|72|68|65|
2012-07-22|6|1_CTs|CT19||67|49|50|44|30|38|25|20|15|10|9|10|18|9|16|22|11|8|12|11|11|6|7|5|8|15|10|13|12|13|13|7|14|18|27|18|23|37|33|39|51|45|50|49|47|60|59|61|78|74|64|66|63|69|54|62|40|47|39|50|62|59|61|60|61|68|57|56|79|73|66|62|82|84|72|77|83|100|88|84|77|75|57|61|67|55|62|61|70|53|59|44|42|39|41|30|
2012-07-22|6|1_CTs|CT20||26|29|10|10|12|14|9|8|9|6|9|7|8|6|12|9|10|7|8|7|9|10|11|12|16|15|15|21|15|18|19|24|18|29|35|26|26|37|35|37|34|41|56|51|63|35|55|61|78|70|9|52|64|34|57|62|56|56|45|53|42|57|52|49|52|30|67|57|7|65|55|12|56|36|21|64|64|19|49|44|26|59|34|20|31|49|46|16|19|43|26|35|25|20|27|10|
2012-07-22|6|1_CTs|CT23||77|91|87|85|66|63|58|44|32|27|35|34|30|19|22|29|34|31|19|17|21|30|39|31|29|43|44|48|44|64|68|83|76|95|91|89|90|82|90|99|106|99|115|114|106|131|121|141|163|135|137|139|132|133|111|133|126|113|128|128|113|139|131|134|128|122|123|108|128|134|121|142|148|158|184|151|149|160|169|171|145|145|136|146|128|97|115|116|112|116|113|118|111|84|95|60|
2012-07-22|6|1_CTs|CT24||79|105|84|70|57|55|54|52|38|33|40|40|28|34|29|32|32|23|26|36|44|27|36|40|35|47|39|44|52|54|69|71|62|53|69|64|80|83|84|85|99|108|123|99|99|132|144|115|123|169|134|142|153|141|127|123|106|94|118|124|118|142|123|132|121|162|158|141|161|156|163|161|157|151|173|180|163|162|166|162|163|152|119|118|128|111|123|130|103|107|103|92|104|101|75|89|
