2014-03-26|3|1_CTs|ct1||46|30|15|17|16|8|11|6|6|5|7|6|8|8|2|4|4|6|4|7|4|8|9|17|16|21|42|40|52|71|135|177|215|246|259|241|236|224|225|199|192|171|154|175|179|144|154|151|151|179|171|199|194|171|166|179|162|197|215|208|202|173|179|210|198|168|177|189|206|228|231|228|208|220|217|222|214|202|214|189|205|205|206|141|107|97|104|73|75|92|61|53|101|63|83|66|
2014-03-26|3|1_CTs|ct3||51|67|41|20|13|16|25|15|13|13|13|11|9|15|14|7|9|17|8|16|15|18|26|40|28|29|58|71|68|102|147|169|223|224|261|279|270|262|261|240|238|257|227|251|246|211|213|229|214|222|249|259|250|187|230|252|205|263|251|271|274|212|225|251|205|200|216|211|219|169|224|253|187|155|208|178|205|186|218|207|201|214|235|181|153|98|114|100|107|96|86|73|105|84|113|87|
2014-03-26|3|1_CTs|ct5||101|86|85|56|52|38|28|27|24|18|21|26|15|16|13|10|19|17|19|13|9|14|8|14|15|24|39|30|52|70|99|138|161|239|229|236|244|211|209|175|185|169|179|184|181|200|214|195|216|230|251|243|225|224|194|191|184|207|211|229|222|248|226|273|246|266|265|286|290|308|301|288|287|305|297|315|277|275|291|293|227|263|321|214|184|159|154|129|130|127|124|125|195|211|157|130|
2014-03-26|3|1_CTs|ct6||11|9|9|3|1|3|3|1|1|1|3|1|0|2|1|0|1|0|0|4|4|1|3|6|6|8|14|13|17|25|45|39|80|66|81|100|75|46|69|50|52|39|38|56|61|46|51|61|60|43|42|61|49|60|53|33|62|56|67|59|83|65|73|69|59|76|51|61|66|50|58|50|55|42|44|47|55|62|49|50|64|96|128|114|89|104|92|67|89|56|22|12|23|28|22|16|
2014-03-26|3|1_CTs|ct7||94|91|71|89|64|59|43|36|34|46|29|28|19|22|15|18|17|12|26|18|23|23|28|24|38|40|39|50|48|55|85|100|116|129|124|154|157|155|150|136|156|151|161|161|178|178|176|172|169|174|149|184|176|170|155|133|142|170|187|188|171|174|190|194|185|183|194|162|162|68|126|155|119|147|129|171|167|155|177|178|81|86|161|149|127|104|123|97|101|73|76|109|147|149|146|112|
2014-03-26|3|1_CTs|ct8||51|39|49|46|41|27|21|24|20|27|18|17|8|13|14|7|9|7|15|7|20|11|17|12|18|26|21|23|23|28|45|47|62|69|66|90|94|97|84|87|100|91|104|95|111|125|102|102|100|117|102|120|124|99|95|84|89|101|111|124|107|109|122|112|115|110|134|97|118|127|151|118|112|117|105|110|100|105|96|103|97|114|94|78|76|56|62|52|45|37|38|56|68|67|75|61|
2014-03-26|3|1_CTs|ct9||80|66|49|43|63|42|36|27|35|25|36|33|20|14|25|11|19|22|20|19|19|16|16|22|22|35|62|51|64|70|109|149|194|220|241|233|218|210|207|201|178|169|163|170|147|154|153|148|143|175|171|156|152|163|140|148|161|152|172|170|181|193|191|185|187|191|160|176|204|188|167|188|226|189|205|253|244|195|213|199|170|195|164|127|98|112|77|85|70|72|76|72|108|109|92|92|
2014-03-26|3|1_CTs|ct10||69|58|60|54|45|36|29|28|21|24|21|20|12|16|13|10|9|10|17|13|10|18|15|12|15|17|24|32|32|39|61|90|99|136|151|132|132|147|134|144|126|117|111|121|109|108|117|136|115|115|106|130|127|117|128|125|129|130|143|130|119|144|133|135|130|154|124|130|146|115|140|144|138|132|139|138|136|143|137|150|129|99|138|115|108|87|78|70|71|77|74|70|133|103|103|87|
2014-03-26|3|1_CTs|ct13||184|180|144|84|126|90|106|61|69|77|54|46|60|48|44|36|34|42|60|42|48|56|66|74|48|78|109|118|108|110|566|191|259|250|257|284|210|252|167|289|231|188|378|718|433|1146|756|819|1171|1458|607|489|850|1165|1890|305|751|257|292|262|485|585|415|746|705|551|424|437|1480|1070|764|190|423|230|220|256|717|561|296|240|322|246|272|275|273|226|229|249|194|237|213|246|258|293|237|226|
2014-03-26|3|1_CTs|ct14||40|38|31|18|23|19|17|7|8|5|2|7|4|5|3|4|6|3|8|6|7|18|20|18|18|47|62|150|197|263|289|292|281|274|269|272|270|277|216|260|262|238|199|225|196|185|177|200|162|164|185|210|192|165|180|168|200|203|213|211|180|193|219|183|142|157|205|178|177|219|227|233|256|235|261|245|215|228|223|190|178|163|125|125|102|78|70|72|63|92|69|46|78|80|57|34|
2014-03-26|3|1_CTs|CT16||66|59|67|65|41|39|30|38|55|18|27|33|21|22|39|17|16|11|15|13|7|39|14|26|20|35|19|50|54|80|104|106|143|158|169|166|147|172|188|166|171|127|131|129|143|153|145|151|129|158|169|140|192|191|132|116|145|168|145|138|179|185|202|190|194|221|281|204|268|272|253|217|246|205|242|250|243|231|213|189|181|178|175|139|91|112|66|64|96|86|49|83|115|120|129|76|
2014-03-26|3|1_CTs|ct18||74|77|73|57|55|39|31|35|33|31|24|24|16|20|17|8|13|14|21|14|12|24|27|24|20|32|29|46|72|70|128|173|180|239|203|226|228|220|222|195|175|172|183|180|127|170|145|189|155|130|180|148|165|156|161|164|168|190|194|172|203|176|182|163|178|171|193|155|188|169|170|173|188|154|220|172|195|162|152|185|161|129|153|129|136|109|109|88|110|95|90|97|159|118|133|98|
2014-03-26|3|1_CTs|ct19||2|1|0|1|0|0|1|1|0|0|0|0|0|0|0|1|0|0|0|0|0|2|0|2|2|5|7|9|13|9|6|8|13|8|8|8|7|13|7|10|5|4|6|5|7|6|7|6|12|6|4|3|5|6|4|5|7|3|2|6|8|8|9|7|8|8|5|13|6|9|10|14|5|10|6|8|4|9|6|7|6|6|6|5|6|5|2|2|0|0|0|0|1|0|0|1|
2014-03-26|3|1_CTs|ct22||5|4|4|2|4|3|2|2|1|1|2|5|0|0|0|0|2|1|3|1|4|3|1|1|1|2|0|3|4|5|6|10|21|14|26|13|25|26|24|16|21|25|18|22|17|17|25|13|27|28|30|31|21|24|18|17|24|20|34|23|34|23|27|25|29|42|41|50|46|55|56|49|63|60|57|44|44|54|44|36|42|16|25|27|10|8|9|4|11|11|3|6|8|12|22|6|
2014-03-26|3|1_CTs|CT23||116|64|60|45|32|25|28|30|15|16|27|13|12|13|6|10|17|16|12|10|1|7|8|19|19|17|28|34|69|71|156|223|270|283|322|327|274|292|224|259|214|173|185|180|230|218|211|208|251|270|248|277|313|245|259|249|231|251|286|286|263|217|245|265|312|335|323|332|409|400|390|426|446|478|449|456|476|455|426|450|370|365|320|300|229|145|197|164|185|181|147|136|240|156|152|127|
2014-03-26|3|1_CTs|ct24||134|137|91|79|64|49|56|36|24|28|22|26|18|29|12|25|21|21|30|44|54|66|78|87|122|199|298|520|692|938|1028|989|917|914|891|892|818|808|867|888|923|853|826|919|847|862|811|817|736|765|824|869|809|782|780|754|799|839|940|857|794|808|796|756|647|746|815|771|751|870|877|906|903|919|944|915|869|887|819|783|721|716|587|594|376|358|278|293|296|281|225|216|307|302|247|199|
