2013-09-30|2|1_CTs|ct1||0|0|0|0|0|0|0|0|0|0|0|0|0|0|0|0|0|0|0|0|0|0|0|0|0|0|0|0|0|0|0|0|0|0|0|0|0|0|0|0|0|0|0|0|0|0|0|0|0|0|0|0|0|0|0|0|0|0|0|0|0|0|0|0|0|0|0|0|0|0|0|0|0|0|0|0|0|45|109|0|0|0|0|0|0|0|0|0|0|0|0|0|0|0|0|0|
2013-09-30|2|1_CTs|ct2||0|0|0|0|0|0|0|0|0|0|0|0|0|0|0|0|0|0|0|0|0|0|0|0|0|0|0|0|0|0|0|0|0|0|0|0|0|0|0|0|0|0|0|0|0|0|0|0|0|0|0|0|0|0|0|0|0|0|0|0|0|0|0|0|0|0|0|0|0|0|0|0|0|0|0|0|0|17|35|0|0|0|0|0|0|0|0|0|0|0|0|0|0|0|0|0|
2013-09-30|2|1_CTs|ct3||52|56|31|39|22|25|26|19|22|15|9|8|16|13|3|7|7|11|10|15|17|25|24|41|39|42|62|61|60|88|80|82|88|112|141|127|136|145|139|145|177|168|153|169|184|147|160|177|166|177|186|177|141|163|169|176|156|142|180|164|183|171|205|183|167|172|151|144|138|152|153|162|152|152|135|157|143|147|158|126|160|146|141|118|118|115|77|89|73|104|86|97|84|71|74|72|
2013-09-30|2|1_CTs|ct4||45|35|24|17|27|19|13|19|14|13|17|6|8|8|10|14|3|9|4|6|7|7|11|18|25|31|27|23|43|30|55|92|79|91|109|115|125|114|107|108|130|111|118|101|117|125|119|123|107|103|127|111|116|82|103|125|94|103|128|112|111|115|117|123|122|114|104|139|92|88|106|106|100|99|88|105|107|79|98|99|94|73|83|79|64|59|62|53|59|51|49|53|56|58|46|60|
2013-09-30|2|1_CTs|ct5||60|60|36|36|34|31|20|21|30|34|21|11|11|7|13|15|13|12|7|13|17|8|14|20|24|33|34|26|50|54|82|102|108|139|166|168|180|178|176|135|161|173|162|171|175|175|177|182|179|170|194|168|184|159|152|190|166|168|192|159|195|193|182|224|220|206|210|216|174|172|185|178|177|167|145|154|165|158|143|114|151|104|143|116|111|107|89|94|89|87|83|94|105|108|83|82|
2013-09-30|2|1_CTs|ct6||63|63|44|38|33|32|15|22|22|20|15|9|12|3|14|15|10|12|7|14|14|6|12|23|25|28|22|33|39|35|50|74|73|87|110|107|114|120|104|98|103|102|122|141|127|130|143|149|169|132|146|125|135|118|123|132|123|139|151|150|153|137|138|153|155|179|152|159|150|136|143|150|149|123|115|123|139|114|112|113|122|92|106|90|96|80|96|75|66|76|64|79|84|88|90|77|
2013-09-30|2|1_CTs|ct17||53|59|29|35|30|28|21|21|14|16|9|7|11|12|5|7|8|10|11|11|18|19|19|25|28|34|52|51|58|64|80|93|101|114|125|120|137|141|137|150|172|163|142|154|201|159|163|161|180|169|161|160|145|155|167|148|169|151|162|160|183|167|202|167|188|178|139|160|152|160|147|164|152|156|150|160|170|142|176|141|139|143|127|103|122|103|69|87|85|84|79|82|93|73|57|76|
2013-09-30|2|1_CTs|CT19||27|26|19|16|10|8|9|10|8|8|3|5|3|8|1|6|3|7|2|4|7|6|9|7|5|11|22|22|38|26|44|50|52|78|75|76|80|74|77|91|101|87|73|85|101|86|104|95|88|93|99|88|86|85|86|76|76|88|87|90|97|107|93|107|84|99|97|107|102|95|101|133|116|112|120|113|101|93|108|96|89|84|79|50|52|50|34|35|48|45|39|43|40|35|39|35|
2013-09-30|2|1_CTs|CT20||25|35|24|29|18|25|19|13|12|13|13|5|7|5|5|3|8|11|7|1|5|9|7|10|10|15|15|20|27|28|40|75|89|74|83|85|82|90|74|73|75|77|58|63|77|75|72|63|65|62|71|65|72|55|55|73|60|74|79|66|78|80|70|70|72|75|75|84|94|74|80|74|83|89|97|83|86|80|69|78|75|71|70|58|68|50|55|31|54|43|48|41|54|54|38|41|
2013-09-30|2|1_CTs|CT21||12|24|19|18|9|10|9|7|8|4|7|3|5|2|4|2|4|5|4|0|1|2|5|3|4|6|7|8|13|17|30|43|55|43|35|57|47|49|45|37|41|52|38|39|43|39|44|59|30|36|40|41|44|27|40|47|42|31|41|39|55|43|45|40|38|36|43|54|56|38|51|48|49|51|40|47|46|42|43|51|54|40|39|35|33|20|28|15|25|23|27|24|35|36|22|24|
