2012-11-10|22|1_CTs|CT1||26|19|21|19|13|11|12|5|6|8|6|7|6|9|4|8|4|10|5|9|13|15|19|20|24|22|26|14|27|29|25|30|25|46|40|62|54|62|74|91|57|55|69|60|65|66|61|83|63|58|71|62|69|63|57|41|60|40|53|56|56|52|53|69|72|47|53|57|54|62|49|70|70|58|43|47|48|40|40|35|41|34|34|35|32|26|29|18|18|17|19|19|21|17|22|22|
2012-11-10|22|1_CTs|CT2||14|16|20|16|15|6|5|7|2|3|2|5|2|6|2|6|2|3|2|5|9|6|9|14|21|15|16|14|19|18|23|17|14|23|27|34|25|28|24|34|35|30|26|35|38|33|30|33|25|26|38|33|37|33|25|30|34|21|32|30|33|22|33|42|26|32|24|25|30|33|36|36|23|32|36|17|26|29|24|23|21|27|22|15|16|20|10|14|15|16|16|16|16|15|14|16|
2012-11-10|22|1_CTs|CT3||66|70|72|73|40|29|37|36|20|24|20|19|23|19|21|21|18|17|20|25|17|22|24|28|37|35|50|35|54|60|69|50|72|79|125|117|127|134|103|145|132|128|143|157|158|153|158|163|161|177|178|172|176|179|150|150|160|129|148|174|172|135|158|161|174|136|160|137|182|175|187|148|156|147|159|142|131|168|128|142|113|121|106|101|81|78|97|70|58|63|58|58|55|75|73|67|
2012-11-10|22|1_CTs|CT4||50|37|30|27|30|23|24|22|17|24|14|15|14|16|13|11|13|7|13|10|10|16|17|19|25|23|21|19|33|34|42|50|44|58|84|95|86|91|106|105|118|110|110|142|124|127|137|138|149|149|127|107|137|137|136|102|106|105|110|109|107|142|128|123|124|123|125|148|111|121|108|106|118|100|131|96|129|92|97|127|95|79|86|76|73|62|57|55|40|46|39|22|33|38|51|39|
2012-11-10|22|1_CTs|CT5||48|41|41|36|24|27|23|36|27|17|13|13|14|19|10|18|16|15|19|8|15|22|17|23|30|32|28|27|34|42|39|65|65|56|73|102|72|115|107|136|126|133|141|164|134|148|154|168|160|153|169|156|173|171|157|122|132|108|109|118|117|143|121|134|127|136|128|162|139|125|135|125|112|126|147|106|117|111|101|122|106|84|71|73|88|69|56|61|60|53|47|29|35|44|67|41|
2012-11-10|22|1_CTs|CT6||38|31|29|46|22|17|17|24|20|17|11|8|10|12|6|12|15|12|6|6|6|17|16|11|15|19|20|21|25|19|34|37|34|32|33|46|31|48|50|49|58|63|82|78|73|76|104|66|93|99|114|85|101|113|89|83|70|73|65|87|70|77|63|81|72|86|75|95|110|84|74|86|81|81|76|100|79|75|76|66|52|58|39|47|49|51|41|42|29|40|30|32|34|26|39|43|
2012-11-10|22|1_CTs|CT7||8|14|4|11|4|4|4|0|0|4|1|2|4|1|0|0|2|1|1|2|6|1|4|5|8|4|1|1|8|4|9|11|6|16|15|22|9|10|15|14|15|14|12|19|15|25|18|19|26|27|29|20|22|21|20|17|10|12|12|19|20|14|21|21|20|18|16|13|13|35|18|18|15|21|21|13|17|13|19|9|11|10|11|13|11|9|4|4|7|6|6|9|6|13|9|12|
2012-11-10|22|1_CTs|CT8||36|32|32|17|7|20|25|17|6|16|10|13|7|9|9|6|6|11|10|10|7|3|7|5|9|8|7|14|9|11|11|17|23|13|38|27|40|34|48|45|57|37|59|64|75|89|65|80|86|75|87|104|88|61|74|70|78|77|69|65|55|66|63|60|68|68|57|75|88|65|87|69|81|63|72|72|52|85|75|77|54|42|45|52|50|36|43|43|36|24|36|30|31|32|33|27|
2012-11-10|22|1_CTs|CT9||47|48|31|30|24|14|24|13|19|15|15|8|11|16|9|17|16|9|19|12|18|16|17|26|31|38|45|45|38|62|67|85|87|90|145|152|144|145|152|141|138|156|162|170|169|151|155|161|146|163|152|173|176|148|140|157|130|104|124|138|152|131|135|151|138|151|139|125|131|145|132|116|126|137|123|130|122|102|102|108|112|74|98|76|71|61|67|64|39|62|42|34|38|44|53|40|
2012-11-10|22|1_CTs|CT10||1|1|2|1|1|0|0|3|1|0|0|0|0|0|0|0|0|1|3|0|3|0|2|2|1|4|2|0|1|1|0|4|2|0|2|0|4|1|1|2|2|1|0|1|3|3|1|4|5|2|2|4|0|3|3|4|2|3|3|3|2|0|4|6|3|2|5|2|2|3|4|3|2|0|4|2|2|1|1|0|1|2|3|1|2|0|1|3|0|0|0|1|4|10|1|1|
