2016-05-22|7|1_CTs|CT1||55|52|43|295|46|34|25|25|32|22|28|28|24|18|19|20|17|17|20|17|16|26|24|15|277|18|20|20|20|26|26|33|29|30|28|43|48|52|51|51|68|57|70|60|319|63|315|67|88|287|127|64|90|68|81|76|99|545|66|330|81|94|84|96|607|343|70|69|81|323|79|331|82|87|85|87|79|77|75|73|76|83|69|71|74|59|69|55|63|304|41|67|50|49|40|294|
2016-05-22|7|1_CTs|CT2||76|62|68|51|29|38|31|29|44|32|33|26|26|20|20|275|8|19|19|17|15|21|19|17|16|21|16|19|21|29|38|32|33|49|33|38|316|316|61|79|72|86|85|73|351|76|79|122|96|148|121|99|100|106|94|87|65|363|309|459|362|99|341|139|346|94|116|109|110|82|128|107|98|115|128|331|106|375|366|101|47|351|870|172|123|40|35|42|285|27|23|54|43|55|24|21|
2016-05-22|7|1_CTs|CT4||113|85|66|298|45|69|53|30|28|53|52|53|48|42|35|19|37|19|17|27|6|6|1|2|9|5|3|4|2|5|2|3|12|2|2|11|3|5|3|8|12|8|5|12|13|8|19|10|17|12|27|22|23|25|26|10|9|13|21|21|30|23|34|45|44|45|25|25|54|29|24|30|27|42|31|26|45|33|32|25|50|19|33|22|280|33|47|20|37|27|37|316|56|42|27|40|
2016-05-22|7|1_CTs|CT6||56|47|51|30|33|22|25|14|24|34|18|25|19|16|13|13|20|16|8|11|4|8|5|10|9|10|10|11|8|11|11|17|14|20|19|21|28|274|46|41|43|32|306|71|311|55|315|57|46|64|57|58|63|67|320|56|56|317|65|59|59|86|79|55|62|70|76|63|63|89|68|72|80|67|72|83|75|74|60|65|58|59|308|67|48|48|44|53|50|31|40|300|25|35|25|31|
2016-05-22|7|1_CTs|CT7||39|33|31|21|21|19|34|261|20|21|12|9|19|11|27|8|17|7|10|267|5|8|12|17|6|14|18|19|17|20|22|12|17|25|23|28|28|295|35|44|33|48|54|311|54|310|58|309|318|72|76|69|84|66|79|65|406|55|319|56|74|83|80|83|93|98|71|65|334|72|343|84|330|76|323|77|80|54|92|50|62|61|57|66|60|66|55|57|68|49|33|45|48|45|32|26|
2016-05-22|7|1_CTs|CT8||155|154|111|100|326|68|60|68|64|59|56|57|59|298|33|45|45|63|65|66|73|76|84|79|75|109|81|85|111|126|148|161|137|145|143|153|156|188|180|192|470|464|205|211|194|191|466|257|234|266|278|233|254|291|240|252|225|525|522|519|226|262|234|285|289|526|271|313|570|298|294|841|280|550|343|587|536|352|271|275|255|280|282|261|239|225|225|350|357|245|202|454|174|431|141|388|
2016-05-22|7|1_CTs|CT12||63|76|61|304|50|51|35|29|42|38|32|34|26|26|28|23|19|18|15|16|11|12|14|265|11|9|12|14|15|9|20|29|16|24|30|29|306|52|68|77|321|61|73|104|337|335|629|364|92|132|139|125|114|127|113|83|82|101|111|101|129|118|133|111|115|392|133|376|118|147|394|123|386|134|137|393|111|139|123|110|105|136|128|101|354|356|76|72|61|59|68|75|51|57|43|51|
2016-05-22|7|1_CTs|CT13||13|15|17|11|266|11|19|8|6|7|5|5|5|4|9|5|5|3|3|7|3|5|2|5|3|7|5|7|8|8|5|4|4|7|9|10|13|7|12|11|14|16|276|16|526|23|20|28|27|31|26|34|33|32|26|37|33|29|30|32|30|33|39|28|40|27|34|31|35|38|40|35|31|39|35|41|294|37|49|28|42|34|26|25|29|42|25|35|290|19|12|15|13|21|16|12|
2016-05-22|7|1_CTs|CT14||450|190|182|170|137|138|111|122|105|110|354|73|70|72|329|72|62|74|95|332|594|74|78|88|79|75|98|91|381|104|128|116|111|380|138|146|424|174|173|186|199|471|225|236|235|271|492|483|267|263|293|550|247|225|257|224|466|229|516|499|506|266|268|253|305|344|326|301|334|343|564|297|293|305|581|304|811|821|273|258|502|247|252|248|226|211|205|365|287|198|176|188|149|175|151|144|
2016-05-22|7|1_CTs|CT15||41|45|33|28|33|21|20|21|19|24|15|16|15|16|7|10|266|12|10|8|2|10|13|6|10|8|7|13|9|10|13|7|19|271|16|19|27|29|37|283|35|27|35|34|28|45|48|54|47|301|49|48|50|53|44|42|43|43|35|51|55|50|323|49|578|54|60|44|52|37|49|59|44|48|51|44|38|46|61|40|35|33|39|40|49|46|37|35|43|31|33|296|30|29|42|21|
