2014-03-16|2|1_CTs|ct1||184|165|108|102|102|99|91|69|53|47|45|40|40|34|42|33|24|25|31|30|30|23|30|23|29|31|43|31|33|39|52|47|50|58|58|70|69|327|69|89|87|98|102|127|134|125|134|125|128|127|119|133|136|136|153|149|129|159|182|174|178|175|137|186|189|139|142|179|193|190|167|146|141|155|150|152|148|123|109|98|98|93|88|97|84|91|91|90|81|85|75|63|70|59|39|52|
2014-03-16|2|1_CTs|ct2||89|105|73|72|66|58|57|55|35|30|29|31|27|29|27|33|18|24|27|26|28|19|21|15|18|23|25|18|15|24|23|17|22|29|26|30|35|33|25|40|27|37|49|52|45|40|50|44|40|36|48|42|48|46|45|49|37|67|68|64|58|65|109|65|69|56|80|65|72|53|57|51|44|49|61|45|61|57|51|47|37|44|26|40|42|31|45|49|39|42|35|27|35|40|23|34|
2014-03-16|2|1_CTs|ct3||185|189|231|153|143|139|128|104|77|73|58|60|58|49|54|67|43|34|41|41|49|39|33|38|43|40|37|35|42|31|50|40|45|54|51|48|61|58|61|93|87|99|119|114|131|148|131|136|114|120|133|133|121|119|144|127|116|134|165|151|173|183|187|175|160|110|168|178|167|142|136|142|135|133|142|165|139|113|110|92|84|87|80|76|92|79|114|103|87|77|81|75|63|64|46|68|
2014-03-16|2|1_CTs|ct4||103|88|110|93|80|83|54|75|63|63|69|47|46|43|59|54|41|50|56|33|56|42|48|39|30|39|31|37|30|30|26|27|25|29|32|35|35|31|31|53|45|66|61|57|62|57|65|82|67|83|66|93|89|66|72|78|76|81|79|78|68|81|109|96|107|99|92|110|108|84|98|79|105|100|105|105|123|109|81|77|52|57|65|74|69|56|67|41|50|44|54|55|67|51|43|29|
2014-03-16|2|1_CTs|ct5||182|191|178|182|138|127|86|107|109|94|79|76|60|55|70|61|69|50|64|38|67|51|47|51|45|45|41|38|33|42|36|43|39|52|41|60|61|55|47|78|66|84|81|83|89|95|107|125|121|123|114|145|146|129|117|108|110|107|121|108|135|122|142|161|144|26|163|134|159|138|137|139|152|140|158|157|164|173|124|123|117|80|101|101|108|86|96|84|73|76|90|89|93|78|57|47|
2014-03-16|2|1_CTs|ct6||498|297|212|424|484|38|36|40|31|23|27|29|27|18|31|21|25|21|19|17|17|18|19|16|16|16|17|7|11|10|11|20|14|17|12|290|313|34|45|60|56|56|67|65|75|74|76|83|85|86|97|103|94|87|86|88|86|91|91|91|114|102|111|121|123|78|159|132|143|116|130|112|128|112|116|114|133|133|230|392|521|511|514|485|469|509|444|386|470|521|518|513|510|492|514|451|
2014-03-16|2|1_CTs|ct17||189|238|253|211|173|171|153|123|105|93|83|84|66|70|65|89|57|50|55|45|71|62|40|50|58|50|49|49|46|28|61|54|46|62|68|67|81|81|78|104|106|119|136|117|144|160|162|135|146|133|158|139|142|125|164|126|158|152|180|174|189|197|217|216|149|159|220|185|182|172|159|160|187|150|199|181|162|136|120|111|101|110|93|100|99|97|106|109|88|83|89|85|84|69|54|60|
2014-03-16|2|1_CTs|CT19||84|86|94|81|70|66|69|30|44|36|37|30|32|35|30|20|24|19|14|16|11|14|10|15|9|12|16|14|12|15|24|16|15|23|18|25|26|35|38|44|47|55|65|54|59|66|75|52|62|55|60|70|53|51|91|56|80|82|85|83|70|90|103|117|99|69|115|99|99|79|89|91|80|93|94|90|110|72|72|70|56|55|49|58|49|47|46|47|46|34|35|38|37|27|21|17|
2014-03-16|2|1_CTs|CT20||77|81|62|71|51|72|62|60|64|61|51|37|52|54|56|47|33|26|43|28|18|24|24|23|9|21|16|14|15|14|15|14|20|17|22|17|28|23|38|30|32|44|45|59|50|39|53|52|44|46|53|58|72|70|63|63|60|51|62|57|67|76|63|56|74|70|65|66|86|61|69|63|67|69|79|75|78|79|67|68|68|52|57|54|40|50|49|42|42|44|35|49|54|37|44|20|
2014-03-16|2|1_CTs|CT21||37|42|33|41|31|39|24|31|30|24|23|16|20|16|21|25|12|9|22|11|11|9|7|16|6|8|7|7|7|8|6|10|9|7|13|6|21|17|20|14|20|30|29|30|29|27|32|32|29|38|25|31|37|36|38|33|41|32|41|40|43|37|43|43|37|40|46|51|38|35|33|28|44|46|31|50|46|39|38|34|38|30|28|24|21|28|23|26|17|25|21|24|26|22|30|12|
