2016-06-20|6|1_CTs|CT1||0|1|0|1|2|1|0|2|0|0|1|2|0|0|0|2|0|1|0|1|1|1|1|5|3|3|4|11|3|7|10|13|25|63|58|100|36|49|318|257|9|13|9|7|6|7|10|9|9|4|8|5|4|4|9|6|12|1|8|7|4|13|5|7|7|9|7|8|15|266|6|9|7|6|10|8|8|5|4|5|4|4|6|1|5|4|2|1|1|2|3|3|1|0|1|3|
2016-06-20|6|1_CTs|CT3||21|22|16|3|6|1|2|3|0|3|4|2|2|2|1|10|3|11|19|23|11|34|30|40|29|40|280|54|57|57|65|307|74|112|121|99|330|83|73|65|61|55|54|56|52|49|308|66|41|69|66|307|298|295|41|49|55|50|48|58|45|63|68|48|60|70|53|64|62|69|69|77|306|324|64|64|49|46|48|40|39|37|36|23|18|25|20|24|19|20|9|14|26|18|19|19|
2016-06-20|6|1_CTs|CT4||6|8|6|3|6|5|1|3|2|1|1|2|2|1|258|0|0|1|1|2|0|1|2|3|1|1|0|3|7|7|5|7|15|25|26|26|25|34|33|17|27|24|22|21|21|17|8|11|24|24|30|20|25|42|20|24|29|23|30|32|31|26|31|31|30|283|34|37|50|26|40|294|55|49|44|54|48|53|43|32|30|285|23|23|282|21|28|10|19|14|8|15|7|11|10|17|
2016-06-20|6|1_CTs|CT5||17|21|17|9|11|6|6|8|2|4|5|3|6|3|3|2|3|3|3|5|9|8|6|11|10|11|14|15|19|34|45|64|60|55|68|79|340|333|89|78|71|338|76|76|75|85|68|68|61|320|68|307|69|64|69|63|62|53|69|63|78|69|75|331|72|79|82|73|315|322|97|82|69|72|72|72|220|151|56|60|53|58|49|303|47|36|38|30|21|41|32|23|22|26|27|22|
2016-06-20|6|1_CTs|CT6||20|16|17|9|8|3|9|7|3|3|1|4|4|0|2|2|6|5|5|8|6|16|217|18|12|21|19|24|36|52|62|73|114|154|157|414|143|589|153|129|93|375|132|118|97|97|111|107|91|104|74|97|107|115|104|129|118|127|117|125|108|80|350|111|105|331|116|122|138|139|108|108|136|123|120|120|125|128|137|125|122|89|106|68|76|339|308|77|57|52|49|46|50|49|31|39|
2016-06-20|6|1_CTs|CT7||12|8|2|6|6|3|4|0|0|0|0|0|0|1|0|2|0|3|2|4|6|2|4|3|4|9|10|8|11|19|28|31|286|36|28|34|57|50|40|24|30|22|22|34|29|26|24|19|26|25|20|32|24|40|14|23|30|25|15|28|25|28|30|276|33|13|34|28|31|28|32|268|34|25|19|35|28|23|21|30|21|28|15|19|8|13|12|14|11|13|13|5|13|5|8|8|
2016-06-20|6|1_CTs|CT8||52|38|24|20|16|20|11|9|9|7|7|5|10|16|9|6|7|7|10|5|12|12|26|23|23|39|33|55|71|120|167|446|186|208|188|216|182|409|199|185|173|161|170|154|136|354|351|128|139|577|145|596|143|139|151|606|158|165|384|145|358|150|148|141|157|642|154|169|167|416|165|189|222|185|431|191|162|156|167|397|109|145|127|322|74|328|101|74|87|67|77|315|60|57|54|33|
2016-06-20|6|1_CTs|CT10||7|27|17|21|17|13|4|9|7|8|3|8|2|5|6|5|4|4|2|4|10|8|8|17|26|16|38|32|56|74|343|136|161|405|172|178|197|189|193|177|149|157|406|170|157|395|146|131|135|341|130|140|125|379|128|379|368|133|142|135|146|154|405|151|162|436|186|176|215|206|206|447|195|480|205|217|186|191|163|166|155|150|135|350|86|67|76|73|63|49|43|52|49|42|296|34|
2016-06-20|6|1_CTs|CT11||23|29|19|20|19|18|11|8|7|8|9|8|13|3|6|4|5|12|5|6|11|11|18|26|30|28|54|85|348|153|200|522|532|473|236|203|506|247|683|493|219|697|460|187|217|191|179|176|167|172|191|179|160|408|171|182|198|453|435|195|419|192|401|420|177|411|205|225|216|433|198|184|433|209|430|175|175|124|133|126|151|127|122|120|93|94|83|83|81|58|57|56|37|40|32|38|
2016-06-20|6|1_CTs|CT12||37|30|32|26|23|12|10|8|12|7|6|7|264|0|7|5|5|7|4|4|5|10|13|20|29|20|39|55|82|329|129|703|461|237|292|288|1083|307|236|212|210|455|203|213|199|678|174|447|164|177|179|175|157|431|170|183|420|446|184|192|166|204|426|197|233|218|255|267|264|273|275|279|534|261|256|310|249|235|449|460|187|197|151|141|105|354|81|93|85|71|63|61|68|46|52|42|
2016-06-20|6|1_CTs|CT15||46|40|21|21|23|269|13|6|9|8|4|3|6|2|3|6|10|8|270|14|30|16|26|36|32|40|45|68|64|109|144|149|182|195|225|203|470|197|167|151|141|137|356|119|95|128|120|357|101|374|114|142|125|146|131|385|370|163|138|150|108|149|133|360|152|189|490|186|234|209|212|478|184|209|450|175|160|385|125|104|108|88|68|71|56|54|51|59|56|292|39|48|38|43|38|34|
2016-06-20|6|1_CTs|CT16||38|43|26|23|23|18|14|8|4|9|3|9|2|6|5|7|6|11|7|9|19|10|11|26|23|27|45|314|78|122|182|213|228|479|258|253|524|265|535|517|228|187|199|201|208|459|199|174|197|155|179|180|174|181|154|172|439|184|408|178|175|205|418|437|442|180|203|425|231|203|478|453|194|215|233|242|205|170|405|425|155|181|139|382|374|99|93|91|332|85|65|72|316|39|44|52|
2016-06-20|6|1_CTs|CT17||34|42|40|16|14|16|16|11|6|10|2|3|0|4|5|7|5|5|6|4|5|10|6|8|8|7|17|24|47|31|67|345|88|114|174|179|187|178|136|135|108|132|128|131|122|123|130|150|119|116|154|126|118|160|128|137|156|132|137|101|97|122|128|133|133|351|130|353|172|428|160|199|153|194|203|185|171|187|168|151|156|126|116|95|81|90|79|70|68|72|57|66|63|58|52|50|
2016-06-20|6|1_CTs|CT18||56|65|42|26|26|28|12|19|8|8|11|8|11|10|6|8|13|10|11|15|22|20|14|31|35|38|49|71|349|137|194|504|263|527|311|298|560|547|308|539|259|518|243|254|254|243|207|197|219|722|218|238|210|460|223|696|697|212|242|237|232|256|468|222|488|241|254|254|265|515|285|288|263|296|536|280|421|336|258|233|200|217|164|423|158|130|147|106|364|128|97|89|96|346|77|70|
2016-06-20|6|1_CTs|CT19||30|35|29|22|20|15|18|8|6|7|4|7|3|7|4|8|5|7|7|7|5|4|6|5|7|10|272|24|30|36|64|85|105|121|189|193|209|425|150|150|127|147|129|136|144|127|154|141|128|110|136|403|141|404|128|133|148|136|134|140|144|140|158|143|141|169|177|181|188|173|201|460|195|480|216|210|176|201|187|169|144|167|113|102|96|86|74|65|65|64|64|87|62|47|37|47|
2016-06-20|6|1_CTs|CT20||267|19|17|8|10|10|5|4|4|3|3|2|2|3|3|1|9|2|3|4|8|4|12|11|16|18|19|264|49|40|57|82|84|296|159|129|388|366|105|324|47|12|109|101|98|140|358|98|104|361|130|125|97|114|335|60|17|365|87|34|96|117|107|128|126|372|8|87|116|130|367|134|126|374|392|383|135|81|2|37|107|84|80|75|334|68|65|69|67|322|52|41|41|27|38|35|
2016-06-20|6|1_CTs|CT21||97|86|295|48|41|22|15|15|17|11|7|10|10|14|12|15|22|287|32|49|262|44|46|67|60|70|83|131|166|224|294|334|520|358|318|314|332|307|519|285|275|204|482|245|256|222|213|262|222|467|236|243|221|233|180|216|231|674|239|241|484|239|239|451|463|268|244|216|266|276|449|260|247|527|262|524|238|202|203|203|175|170|175|369|143|131|122|101|118|134|101|116|357|328|80|65|
2016-06-20|6|1_CTs|CT22||0|1|0|0|0|0|0|0|0|0|0|2|0|0|0|0|0|0|0|0|0|0|0|0|0|0|0|0|0|0|0|0|0|0|0|0|0|0|0|0|0|0|0|0|0|0|0|0|0|0|0|0|0|0|0|0|0|0|0|0|0|0|0|0|0|0|0|0|0|0|0|0|0|0|0|0|0|0|0|0|0|0|0|0|0|0|0|0|0|0|0|0|0|0|0|0|
2016-06-20|6|1_CTs|CT23||60|65|41|33|30|29|16|12|15|8|11|264|8|262|12|6|10|16|13|15|17|19|43|41|39|63|57|100|615|157|249|516|329|769|354|354|326|309|513|245|263|459|494|225|214|219|463|468|230|209|212|448|202|478|222|212|229|287|256|244|233|252|214|238|254|256|270|523|302|310|552|793|271|543|312|293|434|350|249|237|181|217|183|183|131|134|142|115|117|318|97|100|96|83|66|63|
