2016-10-12|7|1_CTs|CT1||49|43|280|21|22|13|23|14|18|9|11|3|7|8|8|8|7|6|10|10|15|14|11|11|22|18|28|35|42|77|102|145|176|175|172|188|170|186|158|160|171|151|135|102|136|134|111|128|364|120|119|118|125|123|102|118|113|118|146|138|134|75|52|125|372|128|371|398|131|387|150|127|129|143|162|670|156|146|101|107|132|122|348|87|68|73|312|47|65|56|53|58|52|45|546|36|
2016-10-12|7|1_CTs|CT2||40|50|59|295|18|20|19|36|24|26|17|5|53|25|41|85|134|1379|2076|2055|2103|289|2|1|4|329|46|106|94|184|216|197|379|120|209|331|358|376|356|400|388|223|336|171|45|24|171|58|201|193|186|66|843|187|331|122|249|49|65|4|38|23|69|296|42|147|198|248|336|563|354|292|275|438|203|318|164|127|576|552|329|274|280|234|178|203|412|162|126|126|372|142|127|117|124|116|
2016-10-12|7|1_CTs|CT4||32|37|30|30|29|33|39|22|11|23|16|7|16|11|1|3|9|12|4|6|4|5|5|6|2|8|5|11|9|12|23|37|107|78|340|66|65|80|67|39|57|51|42|53|330|31|302|57|57|74|54|64|71|49|58|80|60|53|49|46|68|36|52|64|85|88|109|353|119|139|149|95|130|93|112|898|123|68|106|98|92|63|55|60|34|40|288|35|50|46|46|46|38|47|43|38|
2016-10-12|7|1_CTs|CT6||38|51|19|35|28|18|20|16|9|11|12|7|9|4|11|7|3|7|8|7|11|2|4|7|6|7|13|19|31|29|60|99|186|193|201|187|171|124|113|114|369|107|110|104|368|121|111|128|116|122|143|393|165|645|126|127|151|126|157|160|409|104|76|141|171|201|183|194|241|206|274|227|259|482|477|255|178|423|692|162|136|131|417|123|69|103|338|59|89|67|81|63|50|40|55|45|
2016-10-12|7|1_CTs|CT7||33|25|22|13|18|8|14|11|11|7|6|8|9|3|1|1|11|11|4|7|7|12|4|12|10|21|34|36|32|49|71|77|114|123|150|158|144|96|90|117|116|107|127|98|104|110|125|142|123|121|376|107|158|117|110|111|406|117|99|134|132|67|60|112|121|134|395|134|148|190|152|167|416|412|446|152|169|408|129|402|122|99|367|105|75|78|58|59|53|30|56|55|37|277|287|36|
2016-10-12|7|1_CTs|CT8||91|87|301|60|55|30|34|25|32|24|25|27|25|28|14|18|32|49|302|74|46|73|94|117|106|120|139|205|220|319|375|424|462|729|524|460|461|468|390|435|448|369|365|645|352|326|602|896|324|337|335|304|595|350|618|310|582|318|352|322|344|212|157|327|565|684|641|619|413|908|411|441|640|880|364|390|631|648|320|292|577|297|288|447|460|449|195|411|182|434|155|164|118|401|358|106|
2016-10-12|7|1_CTs|CT12||48|49|27|33|22|21|22|21|16|9|8|7|7|7|9|6|5|4|7|10|8|6|9|10|13|9|22|33|45|69|84|149|246|250|233|242|231|202|205|173|167|133|412|150|175|202|446|211|201|216|231|226|217|182|217|208|215|198|475|194|222|143|309|274|512|528|538|305|577|328|320|364|322|839|598|827|300|551|263|532|230|195|206|445|122|130|105|106|84|87|90|99|76|66|83|65|
2016-10-12|7|1_CTs|CT13||12|12|6|5|5|2|8|4|2|2|2|2|1|3|0|0|2|2|1|2|6|1|2|2|1|6|11|18|13|26|37|32|37|42|312|46|34|33|39|48|49|61|38|38|39|58|52|67|60|50|332|63|56|60|36|45|301|45|50|47|61|22|17|306|58|53|52|59|62|72|70|47|0|0|0|0|0|0|0|0|0|0|0|0|0|0|0|0|0|0|0|0|0|0|0|0|
2016-10-12|7|1_CTs|CT14||167|109|86|77|66|64|56|55|36|41|27|40|26|36|38|33|38|42|49|43|53|73|332|78|99|342|115|120|154|194|282|326|665|477|505|560|478|422|419|386|369|311|350|333|335|377|393|372|410|404|710|602|654|639|601|344|398|391|697|370|423|309|181|468|506|541|1035|821|602|935|899|664|648|1441|617|526|575|528|504|775|438|411|611|585|550|264|257|193|484|216|441|186|191|163|410|156|
2016-10-12|7|1_CTs|CT15||29|30|18|25|22|26|14|15|5|10|6|4|11|2|1|12|4|11|5|3|11|4|7|13|9|6|14|27|29|45|85|173|223|257|252|190|197|186|124|358|360|86|92|346|64|116|81|97|91|78|137|229|451|177|389|135|164|97|134|130|146|84|109|411|156|204|175|184|237|196|229|182|202|154|155|184|142|122|91|104|88|98|57|80|50|67|53|63|319|43|60|50|41|22|296|27|
