2012-02-18|22|1_CTs|CT1||16|16|266|10|7|6|6|5|6|4|7|7|2|7|2|3|8|6|5|5|6|11|14|19|14|27|16|25|21|24|40|31|37|32|69|49|51|65|59|67|59|55|57|63|64|50|51|69|57|56|60|55|68|54|57|54|42|38|39|53|54|53|52|55|48|46|44|68|49|49|55|56|49|43|50|53|49|48|33|41|33|44|41|35|23|37|16|23|15|17|23|13|16|22|21|19|
2012-02-18|22|1_CTs|CT2||50|70|44|28|33|17|10|18|6|9|24|12|9|13|7|12|9|8|7|12|17|25|18|28|38|38|26|45|54|55|73|66|75|56|114|82|82|121|99|110|88|130|113|102|123|130|110|121|139|126|120|120|130|120|105|110|115|141|106|120|109|126|137|129|137|138|122|126|122|144|127|114|96|78|105|83|90|109|92|91|87|83|86|77|55|65|74|51|44|43|36|39|43|45|47|40|
2012-02-18|22|1_CTs|CT3||57|75|54|37|32|22|27|22|20|16|25|18|17|17|9|11|14|15|18|17|19|15|20|25|37|50|31|51|41|61|58|66|89|66|110|123|102|120|113|129|131|115|149|126|161|154|124|135|158|144|151|148|172|159|137|139|130|128|128|137|149|157|158|139|142|148|136|144|134|167|168|143|147|106|152|119|122|128|122|110|115|104|127|115|91|88|75|65|57|61|57|40|47|53|60|62|
2012-02-18|22|1_CTs|CT4||49|32|34|25|31|26|14|14|19|13|23|15|13|7|19|5|9|10|10|13|20|26|22|19|65|26|27|27|26|35|34|45|64|60|72|84|82|69|98|86|101|96|98|114|111|103|50|100|125|123|122|111|110|116|113|99|86|101|92|97|104|108|127|117|113|97|107|114|105|99|90|115|95|95|99|105|97|98|88|82|84|77|70|48|69|63|74|48|45|34|33|41|44|33|61|51|
2012-02-18|22|1_CTs|CT5||59|44|28|26|27|22|19|12|21|11|14|16|13|6|18|10|11|9|9|17|10|19|23|24|29|21|23|34|35|34|42|57|67|67|75|89|100|83|101|121|111|129|120|156|130|128|158|127|136|142|133|158|140|138|132|123|105|132|100|103|106|105|139|120|119|124|119|119|115|116|124|123|109|122|106|117|126|111|109|103|89|87|84|52|65|63|72|51|40|39|38|44|52|41|50|56|
2012-02-18|22|1_CTs|CT6||43|45|33|16|20|18|11|4|12|8|7|13|12|4|10|10|9|3|12|11|7|13|16|15|14|18|28|18|23|25|22|35|29|43|36|36|57|48|58|54|49|59|62|96|80|82|88|94|67|89|64|86|89|107|80|76|63|80|62|67|81|68|80|81|72|87|80|83|83|71|75|58|65|78|65|72|70|65|64|61|70|50|61|39|47|36|57|36|35|31|35|30|31|34|30|35|
2012-02-18|22|1_CTs|CT7||5|9|6|4|8|2|0|1|2|2|4|2|2|0|2|5|3|3|2|3|4|4|2|4|2|3|3|4|8|7|7|9|6|11|17|11|19|13|8|13|12|30|17|18|16|23|24|16|21|17|21|15|17|15|20|15|14|19|12|18|15|16|15|16|21|16|8|13|16|13|18|19|11|11|14|17|14|12|9|10|18|12|13|17|4|14|8|5|7|2|8|11|12|7|6|3|
2012-02-18|22|1_CTs|CT8||11|8|9|7|6|4|5|5|6|1|6|5|2|4|1|7|6|5|3|0|2|3|3|2|5|1|5|2|3|7|7|4|20|8|15|17|19|16|13|13|20|17|27|21|27|25|30|21|19|22|33|23|36|32|28|19|27|24|14|14|19|22|20|14|20|28|29|35|26|23|23|24|28|22|17|18|17|18|21|24|17|16|20|17|17|19|14|6|10|6|8|8|13|9|9|3|
2012-02-18|22|1_CTs|CT9||34|38|28|16|14|16|18|12|10|5|19|14|8|8|8|7|9|9|13|15|21|12|23|23|37|39|48|42|38|57|56|77|88|91|103|145|114|113|132|152|155|147|175|168|148|134|152|145|137|149|119|147|155|130|120|133|127|112|109|109|132|124|127|114|125|124|128|106|130|105|140|108|129|120|105|108|97|102|88|98|77|95|86|80|72|58|62|61|53|52|16|20|44|51|18|31|
2012-02-18|22|1_CTs|CT10||0|1|0|1|0|0|0|2|1|0|6|2|0|0|0|1|0|1|3|1|3|1|3|6|6|5|2|3|2|2|4|1|1|5|2|7|4|2|2|5|4|8|6|2|1|2|3|4|8|4|4|2|3|7|7|3|3|3|4|3|2|2|3|4|4|6|6|1|6|1|3|2|5|2|2|2|1|3|2|3|1|2|1|2|1|1|1|4|1|3|4|5|10|0|1|3|
