2015-05-05|3|1_CTs|ct1||37|39|32|14|18|18|10|21|12|4|5|5|4|6|3|4|3|4|6|1|7|9|8|19|19|24|40|45|58|71|134|176|726|255|258|234|755|231|486|464|395|211|190|220|177|176|163|154|165|146|189|198|177|185|158|422|138|211|229|732|456|186|193|190|171|195|190|180|460|206|982|242|219|248|749|713|493|219|211|189|167|390|147|389|119|93|96|83|113|74|82|311|51|49|49|54|
2015-05-05|3|1_CTs|ct3||320|61|57|47|27|25|13|292|259|11|8|15|266|10|9|7|4|15|11|21|17|17|26|29|40|44|61|84|71|355|155|205|988|251|524|518|1009|524|486|702|171|214|202|262|246|489|237|200|214|211|488|987|247|465|180|706|483|775|250|489|478|245|496|243|221|224|514|200|231|684|191|179|193|441|413|180|444|174|436|186|173|130|160|677|142|414|92|349|127|90|105|94|75|77|77|333|
2015-05-05|3|1_CTs|ct5||89|80|72|53|43|45|38|35|280|20|22|279|10|277|13|10|20|11|14|8|14|6|16|14|14|536|30|281|300|322|108|158|173|218|504|270|457|467|215|216|162|434|193|190|150|452|212|465|215|216|243|486|472|475|712|419|442|451|192|207|230|242|479|220|272|782|515|257|543|525|582|312|291|534|298|298|282|320|284|296|293|312|243|466|425|186|159|621|397|164|163|363|157|159|371|119|
2015-05-05|3|1_CTs|ct6||8|5|4|5|3|1|2|1|0|4|2|2|2|1|0|3|2|0|2|0|1|3|6|4|262|12|11|11|29|28|302|44|24|20|59|332|596|85|65|33|19|38|287|44|36|54|55|23|46|66|52|36|47|38|296|49|37|49|61|79|63|328|50|41|43|48|296|48|63|48|59|71|93|59|65|67|63|42|50|47|36|51|22|13|12|656|25|277|21|17|270|11|277|19|9|17|
2015-05-05|3|1_CTs|ct7||99|339|60|49|71|568|61|38|42|47|34|37|13|35|24|28|21|20|21|23|24|19|25|288|36|43|298|296|64|51|72|107|108|119|135|148|398|135|398|403|132|388|691|167|158|172|159|181|182|183|426|161|423|169|144|146|163|679|177|176|216|694|198|191|365|61|354|71|77|60|60|318|335|58|45|53|73|58|83|123|152|157|397|133|123|111|116|123|385|93|121|99|121|127|112|351|
2015-05-05|3|1_CTs|ct8||46|295|37|33|38|23|33|25|25|23|14|23|4|19|7|7|11|11|5|13|13|9|9|16|23|22|21|21|32|27|34|53|58|57|68|87|351|79|346|343|80|333|373|107|107|112|105|136|123|121|115|347|114|104|96|100|349|366|107|115|130|132|123|133|368|142|379|405|146|148|147|383|123|146|106|138|380|122|133|112|99|343|79|73|68|65|72|68|324|53|80|47|71|67|56|50|
2015-05-05|3|1_CTs|ct9||54|61|58|47|58|39|31|293|38|32|36|31|27|13|26|13|23|14|25|14|16|13|30|34|29|22|279|54|78|109|128|442|544|653|412|567|265|267|238|253|239|194|475|209|172|166|234|266|164|155|154|409|182|699|154|166|178|164|187|287|438|200|708|232|209|217|189|218|217|145|164|439|230|146|126|415|727|182|215|188|181|434|398|363|113|402|385|380|361|359|183|913|151|433|114|336|
2015-05-05|3|1_CTs|ct10||66|57|60|35|41|40|28|25|15|18|24|16|10|14|9|15|9|5|13|6|11|16|16|21|14|25|25|29|34|47|64|99|139|151|174|161|158|160|131|119|131|130|123|144|122|117|128|120|136|131|141|153|134|139|127|124|127|134|131|145|145|131|146|139|132|131|149|169|149|160|149|146|171|166|144|140|150|159|123|135|136|118|102|100|103|116|92|89|92|70|94|87|93|97|80|66|
2015-05-05|3|1_CTs|ct13||187|1092|1172|790|889|602|234|2715|52|536|573|2116|6466|6789|6723|4874|2856|2031|2054|3418|4152|3431|1595|398|3543|3081|3277|4757|1457|1336|1477|4244|3103|1030|512|883|700|985|844|547|446|296|300|504|372|840|561|650|319|251|557|589|1113|327|507|299|256|733|515|641|422|514|222|443|1345|822|458|244|594|435|347|477|206|224|289|433|441|549|1579|294|845|296|330|1255|509|1726|682|2240|706|684|214|872|760|280|168|321|
2015-05-05|3|1_CTs|ct14||302|296|29|20|13|10|12|5|9|10|1|11|3|6|7|6|12|5|2|8|14|8|14|30|22|300|68|135|231|513|514|293|776|240|276|521|536|527|511|775|506|271|220|243|214|464|174|191|187|452|677|441|414|161|165|192|181|463|186|229|178|196|203|429|455|446|448|178|444|493|476|241|231|498|228|257|503|496|752|454|420|162|110|372|131|370|93|349|355|83|86|850|67|74|46|530|
2015-05-05|3|1_CTs|CT16||62|60|58|45|39|349|70|35|48|28|282|20|294|19|14|6|8|9|8|13|36|10|20|22|20|20|22|31|54|306|312|120|401|142|151|164|403|421|142|147|166|142|441|385|144|172|177|169|435|163|145|145|135|677|402|176|165|618|206|172|229|409|152|414|442|432|440|205|536|200|215|214|267|252|249|453|249|237|226|180|208|174|126|380|138|102|355|606|86|126|349|332|112|125|397|69|
2015-05-05|3|1_CTs|ct18||85|60|71|35|55|46|39|29|25|24|28|22|14|14|9|19|12|14|16|9|12|19|21|30|24|33|37|49|58|82|109|179|196|249|199|249|236|232|230|206|207|199|200|204|153|182|162|161|161|169|196|182|162|176|165|177|180|164|203|197|216|174|175|157|168|174|193|172|179|168|199|180|218|176|212|181|194|167|183|176|166|149|147|129|143|151|127|109|122|111|118|129|116|111|111|75|
2015-05-05|3|1_CTs|ct19||2|2|0|1|2|1|0|0|0|0|1|0|1|0|0|1|0|0|0|0|0|2|1|2|3|5|3|9|3|9|7|10|8|4|4|8|8|6|5|4|7|5|4|2|7|6|7|5|7|7|3|10|4|7|6|5|3|6|3|7|6|11|7|6|7|8|9|7|12|4|6|10|7|5|7|8|3|6|8|7|6|9|7|7|4|2|4|6|1|4|1|3|0|1|1|3|
2015-05-05|3|1_CTs|ct22||5|0|4|0|1|2|0|2|3|0|3|0|0|0|1|0|2|1|1|2|0|0|3|1|1|2|2|3|5|8|7|7|18|21|271|17|18|270|17|24|13|11|17|22|19|21|30|20|19|27|17|277|30|21|16|19|13|21|23|17|14|25|18|21|28|33|288|46|53|58|51|304|57|66|48|57|47|288|40|31|29|30|20|268|13|13|4|7|8|5|8|4|266|4|6|6|
2015-05-05|3|1_CTs|CT23||107|99|54|57|46|35|34|25|22|277|11|17|23|15|265|11|14|7|10|12|17|15|16|22|22|17|31|314|71|108|426|215|783|881|393|667|893|360|571|516|201|535|263|307|273|263|262|276|314|257|294|324|361|333|526|533|278|595|636|841|308|302|632|347|411|921|737|394|532|1044|529|579|837|907|625|646|796|622|624|527|722|454|352|617|538|816|507|769|745|194|216|452|681|128|119|124|
2015-05-05|3|1_CTs|ct24||647|375|360|70|76|48|38|517|285|28|25|24|22|29|278|31|286|25|29|40|51|321|322|593|121|193|541|546|1041|915|895|1199|1346|1127|815|718|776|765|812|851|893|914|911|822|868|1070|754|807|781|847|1054|821|839|1238|990|785|804|1358|903|863|1316|808|810|1281|767|1166|1489|843|831|1618|1111|918|921|926|849|814|1085|859|1363|937|687|908|564|1263|682|398|616|356|847|306|539|789|979|512|465|657|
