2015-11-22|6|1_CTs|CT1||0|1|2|4|0|0|0|0|1|1|0|1|0|0|0|0|1|1|0|2|2|0|0|0|2|3|1|0|0|2|0|0|3|3|2|0|1|0|1|3|0|1|1|4|1|3|1|2|2|2|2|2|1|6|2|4|3|2|2|5|4|3|3|6|5|8|2|261|4|6|12|3|3|4|6|6|5|8|3|3|4|4|2|1|1|0|3|2|2|2|1|1|1|0|1|3|
2015-11-22|6|1_CTs|CT3||18|9|5|5|7|1|2|5|1|2|3|1|1|5|4|2|3|12|8|15|8|18|20|22|17|24|13|18|24|268|26|32|31|29|25|29|24|25|25|28|36|35|36|34|34|284|30|42|41|48|241|33|35|40|39|38|36|35|273|31|31|38|40|34|36|38|39|50|37|54|54|57|47|45|40|45|31|251|38|30|34|29|27|17|16|22|17|236|13|7|12|9|16|23|14|3|
2015-11-22|6|1_CTs|CT4||8|2|10|10|5|10|3|4|2|4|6|4|3|4|3|3|2|2|1|1|3|2|0|3|3|1|2|1|3|3|1|4|5|3|2|8|4|5|10|9|10|8|6|12|6|14|9|8|18|24|19|18|274|25|14|18|11|11|10|19|14|16|13|23|17|18|17|260|15|22|12|16|19|4|8|11|11|24|16|22|17|19|12|15|6|13|11|251|8|5|3|9|8|3|260|8|
2015-11-22|6|1_CTs|CT5||36|24|20|29|20|14|21|19|270|14|264|8|15|15|11|7|10|8|8|10|8|6|6|5|10|6|7|6|9|11|9|15|8|16|18|15|15|12|18|20|19|19|23|18|39|34|43|30|40|26|34|46|34|43|42|38|28|38|37|269|48|293|40|45|55|50|47|41|283|49|295|52|41|47|51|45|305|26|255|23|28|39|38|28|23|269|22|21|280|24|17|23|17|23|15|266|
2015-11-22|6|1_CTs|CT7||9|5|5|5|9|6|2|2|0|3|2|2|1|2|0|3|3|0|2|0|5|3|2|1|3|5|5|4|0|5|5|4|2|7|10|14|4|9|8|14|14|17|17|17|19|15|22|26|18|22|22|17|13|14|13|15|7|6|10|17|18|20|528|18|22|23|29|281|519|30|26|25|22|24|16|21|17|16|19|33|19|15|6|13|11|11|10|12|10|265|247|4|265|4|7|4|
2015-11-22|6|1_CTs|CT8||66|69|50|51|27|34|261|220|26|32|21|13|23|16|21|21|275|30|23|12|8|9|18|11|16|21|14|16|20|24|33|33|30|42|34|32|34|39|47|53|58|65|305|278|61|76|276|322|334|76|93|100|322|76|97|90|89|75|90|96|94|560|364|106|101|107|102|341|101|109|424|283|134|112|564|104|117|105|114|301|111|288|73|68|55|76|252|53|57|46|48|41|50|299|41|26|
2015-11-22|6|1_CTs|CT9||79|76|71|48|49|45|36|30|29|29|23|23|33|21|16|19|21|20|14|20|13|19|17|10|20|19|21|33|19|28|47|31|25|33|37|52|49|66|301|76|77|88|95|108|101|103|97|99|366|126|368|144|122|114|116|118|368|113|134|377|132|382|127|148|129|400|129|385|379|142|139|133|135|392|135|116|116|142|131|137|105|96|343|93|77|70|70|74|61|59|59|36|57|276|52|31|
2015-11-22|6|1_CTs|CT10||67|55|43|33|33|16|18|20|11|21|16|26|14|11|14|10|13|9|251|7|9|252|10|10|273|10|13|17|22|21|24|262|19|37|25|34|34|42|58|51|52|56|56|321|331|76|379|74|588|81|110|114|119|382|90|71|70|346|83|81|80|90|91|84|85|357|100|91|121|364|112|362|146|627|362|134|622|88|84|93|321|105|89|71|55|301|308|50|37|27|42|39|41|29|29|18|
2015-11-22|6|1_CTs|CT11||50|47|311|19|549|17|19|18|23|25|15|13|10|6|8|264|6|6|8|6|7|9|8|11|14|13|18|27|12|285|47|37|29|39|318|79|58|331|317|341|74|79|110|123|341|85|86|118|95|117|362|390|361|133|346|106|95|92|340|98|117|98|367|140|123|385|134|366|122|149|129|103|112|120|119|117|381|126|364|342|366|80|329|79|69|317|64|312|46|55|58|42|37|30|17|291|
2015-11-22|6|1_CTs|CT12||69|330|57|40|35|15|25|23|23|23|16|20|24|14|12|12|13|12|10|9|16|15|18|12|13|19|22|22|274|30|32|293|36|50|53|62|67|47|73|80|63|77|76|95|83|79|356|342|372|122|104|139|144|141|92|97|315|110|330|107|106|104|123|349|115|123|136|119|630|394|140|125|145|394|370|157|109|375|106|113|338|86|85|65|74|59|57|69|314|33|51|38|47|31|288|34|
2015-11-22|6|1_CTs|CT15||39|38|294|23|24|23|18|9|8|11|15|6|16|7|10|9|15|11|11|15|20|23|17|21|21|265|27|39|17|30|41|294|39|307|299|59|49|51|67|290|70|59|69|78|60|81|77|77|75|93|94|83|74|81|72|83|71|83|74|91|72|72|80|341|93|333|91|101|94|107|110|96|94|369|93|92|103|100|95|104|62|288|45|64|54|53|44|55|42|37|40|29|504|31|28|19|
2015-11-22|6|1_CTs|CT16||69|62|55|287|44|283|16|20|18|23|18|22|13|15|12|9|9|6|11|4|269|11|5|11|17|14|14|25|11|25|36|285|22|39|43|58|47|574|328|89|84|72|89|110|365|87|369|130|366|121|144|141|122|157|405|110|365|93|375|619|124|140|381|144|135|139|156|117|633|164|406|145|136|394|141|153|162|140|119|370|116|156|91|97|82|54|81|81|50|53|320|48|548|39|28|25|
2015-11-22|6|1_CTs|CT17||69|337|49|38|45|22|28|270|23|14|274|21|286|540|15|15|16|18|13|12|14|269|14|6|6|12|6|14|5|14|19|19|24|21|19|266|287|26|40|46|40|63|52|59|68|317|53|71|112|107|98|550|90|92|73|76|70|67|64|81|101|112|87|100|95|89|88|85|357|111|101|107|91|600|363|101|83|81|79|88|75|63|58|53|65|52|43|292|45|29|545|30|37|284|283|23|
2015-11-22|6|1_CTs|CT18||115|81|80|67|310|49|44|42|526|37|283|26|33|30|23|21|26|21|23|281|281|13|17|13|26|16|24|32|22|37|40|39|32|50|293|75|61|73|316|103|97|87|108|110|127|367|130|140|670|387|416|169|416|413|162|148|129|147|158|379|161|430|151|174|189|190|154|226|644|181|502|367|174|175|175|181|179|151|153|120|151|150|145|96|89|340|99|104|335|81|77|69|64|72|50|285|
2015-11-22|6|1_CTs|CT19||322|319|46|39|36|206|351|26|266|20|20|15|21|19|14|16|14|16|12|13|15|10|268|5|4|7|8|9|8|15|12|20|23|22|26|29|26|32|41|51|57|60|46|73|64|51|74|108|846|124|123|364|108|362|94|106|79|97|79|558|100|350|92|103|104|357|90|102|113|368|127|374|98|624|131|114|88|90|334|96|329|85|335|62|294|57|44|300|44|30|42|287|34|31|288|22|
2015-11-22|6|1_CTs|CT20||29|284|23|19|23|21|16|20|16|18|14|10|21|14|6|9|8|8|11|8|9|12|7|10|7|8|13|16|10|271|23|28|25|24|31|42|287|40|294|311|60|335|64|3|346|94|343|101|268|108|67|12|359|82|15|80|308|7|37|346|114|94|343|92|323|369|78|85|98|381|106|101|98|68|337|66|77|76|69|59|45|45|245|36|41|50|33|26|34|27|34|32|18|20|11|9|
2015-11-22|6|1_CTs|CT21||86|291|61|46|42|28|292|20|15|23|24|15|255|21|23|14|28|33|23|26|268|43|51|50|38|55|52|48|291|69|291|77|283|64|288|94|283|105|306|350|120|114|105|120|118|135|357|135|361|154|149|167|180|154|395|130|144|158|405|180|182|190|193|183|198|185|195|461|845|460|211|223|194|207|197|218|201|212|214|181|153|154|380|141|329|119|125|122|93|109|750|95|97|305|76|75|
2015-11-22|6|1_CTs|CT22||130|340|344|77|88|55|66|51|59|52|55|248|49|41|35|504|39|38|305|47|63|65|66|70|67|59|60|293|59|75|55|81|74|88|92|90|111|116|109|109|154|154|143|137|143|408|160|188|209|215|417|209|189|196|155|147|145|143|393|169|198|423|182|173|213|671|198|226|721|204|213|233|225|202|214|421|614|166|375|415|155|172|161|141|121|117|381|116|327|99|332|262|82|90|80|78|
2015-11-22|6|1_CTs|CT23||88|564|74|59|39|48|47|37|31|32|28|281|27|27|268|23|25|32|34|22|21|19|33|24|21|37|31|34|40|53|48|61|49|48|59|304|56|76|88|533|115|100|88|115|357|124|138|129|666|149|158|382|152|123|173|137|347|142|160|152|157|618|179|172|435|153|154|419|173|178|181|414|189|367|172|152|177|156|171|147|398|136|115|109|101|366|96|100|82|62|287|78|339|274|63|42|
2015-11-22|6|1_CTs|CT24||101|85|95|55|49|44|57|38|33|33|29|38|26|22|276|25|24|28|27|18|26|283|31|30|34|29|277|28|36|263|53|262|61|269|57|75|312|81|350|334|86|93|108|80|366|118|130|143|157|159|369|169|179|175|303|127|118|141|368|128|135|129|148|135|180|423|195|585|662|190|675|562|200|181|192|168|141|147|143|134|138|130|569|110|89|104|351|102|72|75|61|74|59|64|72|56|
