2013-03-09|22|1_CTs|CT1||12|19|20|11|23|8|3|8|10|13|5|5|6|6|3|6|9|8|4|6|12|7|15|22|18|22|26|22|28|19|33|30|37|34|49|66|50|46|62|86|59|52|54|66|62|51|78|63|58|62|67|57|53|67|58|56|56|62|65|48|41|44|56|62|54|50|67|55|55|59|45|50|48|48|51|47|48|40|49|49|43|45|38|39|25|13|23|25|16|16|13|20|18|15|24|16|
2013-03-09|22|1_CTs|CT2||674|57|190|142|341|47|1333|264|49|40|82|63|42|59|174|176|313|97|84|80|294|304|138|161|189|225|291|195|150|140|194|206|263|172|324|341|288|238|247|802|391|145|336|767|391|363|334|303|279|601|345|489|428|429|272|1364|198|260|473|360|491|518|454|436|567|539|391|632|592|481|381|477|469|625|539|413|535|415|581|532|448|557|408|378|298|369|452|332|442|485|477|801|548|717|916|757|
2013-03-09|22|1_CTs|CT3||74|79|80|56|63|32|32|30|44|24|23|20|13|26|22|20|15|24|21|14|22|17|20|21|28|32|38|49|37|50|72|80|69|79|90|149|119|121|101|115|152|136|153|153|144|174|164|140|165|162|172|186|157|163|151|141|158|148|144|158|172|172|184|145|166|164|132|150|148|166|146|136|129|172|162|192|144|156|132|149|123|110|107|89|82|85|79|71|57|82|70|67|65|71|51|47|
2013-03-09|22|1_CTs|CT4||36|47|34|34|21|30|17|11|18|19|24|7|15|17|16|13|9|15|11|11|13|22|16|22|22|22|29|39|31|40|35|54|54|57|80|90|90|71|109|115|95|96|116|118|128|119|114|123|131|123|133|139|159|146|114|127|93|88|100|118|111|121|118|127|138|121|111|125|113|108|104|130|105|116|125|143|103|97|96|98|96|79|93|86|65|65|56|41|34|55|41|40|42|49|40|34|
2013-03-09|22|1_CTs|CT5||56|41|49|38|28|23|24|22|21|25|21|10|17|20|11|11|6|16|8|18|13|26|16|26|31|28|33|42|38|44|33|56|53|56|83|108|99|91|122|150|139|134|153|154|167|137|131|163|166|153|158|166|192|186|165|145|131|86|119|146|130|121|145|144|132|145|122|129|143|130|128|130|133|133|112|144|129|127|100|102|105|93|86|94|68|68|58|51|53|52|30|44|53|46|34|40|
2013-03-09|22|1_CTs|CT6||45|37|39|33|14|14|17|10|12|17|22|11|8|12|8|10|5|12|11|5|18|19|16|16|19|27|35|22|32|26|31|27|34|34|34|44|41|46|46|57|61|69|66|67|95|72|74|80|98|94|96|97|88|97|97|71|80|52|55|87|89|76|90|98|75|84|72|72|76|89|95|81|92|80|74|116|99|81|59|70|64|59|50|56|42|45|27|30|36|34|42|30|34|39|24|20|
2013-03-09|22|1_CTs|CT7||4|13|8|9|6|3|5|2|2|1|4|1|0|2|2|1|0|2|2|0|2|2|1|8|2|3|7|5|5|8|5|9|10|7|9|21|18|15|15|25|16|17|16|16|19|15|21|19|17|28|19|17|18|17|18|20|16|17|12|14|18|20|12|20|27|20|25|14|18|9|12|18|15|24|14|14|15|20|12|16|16|13|12|11|12|10|4|8|7|7|9|8|8|6|5|9|
2013-03-09|22|1_CTs|CT8||23|35|20|15|12|7|16|11|21|15|12|5|12|10|6|10|3|12|4|4|1|9|5|2|11|12|5|14|9|13|13|20|15|16|36|40|34|34|30|34|66|44|56|70|67|74|65|71|66|75|92|74|71|71|78|46|70|40|69|69|74|72|83|94|68|58|60|52|63|72|62|77|45|79|58|72|78|86|55|66|67|44|45|48|31|40|33|37|27|32|16|34|32|21|30|26|
2013-03-09|22|1_CTs|CT9||44|45|42|35|21|11|20|24|29|12|12|10|9|14|14|8|11|15|14|12|16|19|14|24|30|23|37|41|38|41|61|84|76|89|120|164|143|131|129|179|163|162|163|181|157|142|146|166|164|139|161|158|180|160|156|138|145|134|126|146|158|152|150|150|156|127|132|131|140|133|125|108|135|142|131|150|117|114|111|114|101|112|94|91|80|65|56|50|42|56|38|24|42|51|44|45|
2013-03-09|22|1_CTs|CT10||0|1|0|1|0|0|1|0|1|0|0|1|0|0|0|0|1|2|2|2|2|0|2|3|6|13|7|1|3|2|5|2|1|2|2|2|5|3|3|4|8|4|10|5|7|2|0|7|3|2|1|1|10|3|4|3|1|0|2|0|4|0|4|5|4|0|6|6|2|7|4|4|1|1|1|4|2|1|1|1|0|3|2|2|0|1|1|0|2|1|1|7|9|1|0|2|
