2012-07-28|7|1_CTs|CT1||23|34|29|26|21|18|13|16|11|15|11|6|11|6|11|5|6|2|5|6|8|14|11|9|13|12|15|15|17|19|29|41|37|30|36|46|47|48|62|81|81|67|90|82|101|76|83|85|95|93|93|88|95|72|59|73|75|62|53|74|75|99|127|124|161|137|126|125|146|88|67|70|79|72|69|77|64|69|64|74|58|43|62|51|45|45|47|70|59|37|43|39|35|32|32|20|
2012-07-28|7|1_CTs|CT2||1178|548|81|43|28|25|24|21|15|212|610|620|644|1100|1127|1003|795|569|386|42|15|6|8|9|16|10|11|20|23|33|20|39|221|77|51|50|62|62|84|91|158|91|230|132|116|101|131|529|149|146|141|106|120|96|174|336|262|73|65|66|84|77|91|83|75|104|92|91|83|74|79|104|75|148|143|97|158|189|114|525|791|777|276|328|380|117|74|62|53|47|75|45|41|73|718|259|
2012-07-28|7|1_CTs|CT4||58|49|32|31|31|24|39|29|15|28|14|21|13|11|27|27|15|17|6|13|15|12|13|13|8|6|2|8|5|2|0|1|1|0|4|2|3|4|3|4|1|6|2|1|7|4|4|6|5|6|3|7|4|9|0|2|1|10|2|4|2|5|6|3|10|12|11|6|6|5|5|9|5|10|3|10|6|4|10|3|5|3|4|0|12|3|8|10|17|19|21|46|25|15|42|34|
2012-07-28|7|1_CTs|CT6||52|47|48|30|40|23|25|32|29|31|22|23|13|14|15|13|19|14|9|13|11|11|11|10|16|13|21|16|21|21|23|43|32|30|47|34|48|62|54|76|69|75|79|77|87|79|106|104|127|122|121|126|101|95|87|85|79|67|80|72|87|101|97|112|107|95|92|74|110|86|100|94|86|108|87|91|99|85|91|71|68|73|78|80|43|49|56|50|56|44|52|40|63|42|60|66|
2012-07-28|7|1_CTs|CT7||49|37|20|30|33|25|21|9|11|9|22|11|14|8|6|7|6|5|19|12|13|6|16|17|20|17|24|36|31|24|28|41|38|32|44|44|50|35|71|61|67|68|65|65|95|56|65|81|70|79|88|81|85|58|51|64|66|61|70|69|72|69|65|67|65|70|68|54|70|63|75|52|75|74|63|52|100|51|69|81|49|54|45|41|46|46|33|40|48|46|47|41|40|48|43|31|
2012-07-28|7|1_CTs|CT8||118|126|100|85|87|71|61|59|51|43|40|51|60|28|41|25|36|50|52|73|68|73|77|69|84|113|95|131|87|137|160|164|140|139|158|186|162|172|229|213|234|219|231|245|249|217|237|237|217|284|238|224|255|200|185|219|213|205|189|269|206|236|223|243|241|223|248|240|216|225|233|244|192|192|202|207|224|183|170|185|212|196|187|166|157|161|150|164|147|153|172|130|141|154|143|119|
2012-07-28|7|1_CTs|CT9||80|72|70|41|69|57|36|36|41|27|33|34|37|24|29|20|15|25|30|35|41|40|42|41|41|52|47|71|60|77|86|102|77|102|95|108|123|105|148|157|156|155|138|149|167|145|168|173|159|173|163|138|135|136|145|130|114|147|147|148|145|129|180|152|147|146|171|145|128|141|161|141|142|127|134|141|153|121|132|131|135|143|127|116|121|112|116|120|103|109|104|96|98|93|106|73|
2012-07-28|7|1_CTs|CT10||135|126|112|102|98|102|102|94|94|79|74|68|50|44|55|46|49|57|46|66|60|57|52|49|54|61|51|70|50|64|66|82|81|87|107|105|118|129|135|153|150|148|176|181|182|189|221|200|202|244|226|237|215|213|190|148|164|169|174|161|187|192|196|213|201|247|203|211|223|233|201|206|211|182|172|173|176|211|211|205|188|168|149|153|134|111|124|133|119|110|128|133|186|139|208|180|
2012-07-28|7|1_CTs|CT11||182|115|115|135|151|94|90|75|69|65|61|70|50|55|34|47|51|61|53|59|67|57|40|51|57|53|75|71|83|89|87|89|95|96|126|164|144|145|158|170|153|180|185|183|214|204|220|228|214|224|209|209|219|241|207|171|176|173|194|210|270|228|223|231|260|245|317|302|310|447|273|309|214|184|183|218|185|211|168|210|230|154|253|160|160|136|121|123|125|90|133|126|122|134|179|156|
2012-07-28|7|1_CTs|CT12||80|61|72|47|41|30|35|48|33|22|34|31|18|19|19|19|20|20|14|14|25|20|13|17|21|34|20|25|15|31|29|29|47|51|42|67|67|83|81|109|115|90|117|110|147|135|166|150|171|169|167|180|168|144|141|119|127|98|109|109|125|124|116|122|126|145|124|133|121|135|144|121|136|160|126|139|131|129|138|118|105|108|103|101|70|85|88|87|75|63|85|78|76|70|85|66|
2012-07-28|7|1_CTs|CT13||16|14|8|18|12|7|8|7|2|3|10|6|11|1|3|1|0|3|5|4|4|2|5|9|6|5|6|13|11|15|11|19|17|19|19|21|26|15|26|22|23|25|27|30|37|34|39|35|38|39|32|35|34|29|1|20|43|36|45|30|22|47|85|85|60|59|35|17|38|33|23|27|19|26|22|24|28|24|23|12|0|9|14|18|18|13|10|20|16|14|17|9|31|15|14|20|
2012-07-28|7|1_CTs|CT14||164|168|136|115|111|103|94|76|83|81|61|56|72|53|41|34|49|56|70|76|57|70|58|48|66|84|79|105|90|103|115|103|125|124|166|164|162|184|192|223|199|238|258|247|276|262|255|262|272|283|275|285|273|309|283|254|213|230|209|242|235|252|253|275|274|264|272|250|284|284|287|265|271|223|216|212|241|247|212|226|219|191|190|160|166|162|145|162|140|128|169|135|138|148|170|159|
2012-07-28|7|1_CTs|CT15||27|21|21|15|20|16|11|14|6|12|14|12|8|7|5|3|9|4|10|7|9|9|5|6|11|7|7|13|7|16|15|15|14|20|26|23|37|31|26|27|29|36|40|45|45|41|54|45|47|37|36|37|39|35|38|35|40|28|51|37|34|38|30|28|36|36|26|27|39|29|27|34|38|34|32|29|34|32|21|35|24|27|33|23|25|22|20|18|23|25|22|15|15|20|19|25|
