2012-06-30|7|1_CTs|CT1||41|42|34|24|23|25|28|19|16|16|10|14|20|10|11|12|10|8|10|6|8|9|8|16|4|15|8|22|29|23|35|57|33|30|47|73|54|57|71|78|100|76|106|105|93|96|108|114|122|118|100|76|105|97|91|94|74|92|72|112|97|100|92|90|79|78|96|88|98|96|62|91|84|78|96|78|99|73|83|65|100|78|69|80|73|76|96|74|71|72|55|57|44|49|48|42|
2012-06-30|7|1_CTs|CT2||102|94|82|95|88|56|48|51|82|54|46|34|38|25|20|32|30|21|27|28|25|36|45|37|29|33|45|51|62|77|101|111|91|132|127|129|163|132|162|190|192|179|157|180|153|144|181|180|202|189|193|118|121|194|124|165|147|155|183|135|168|135|190|161|200|198|149|145|185|122|147|143|210|134|122|168|117|185|141|155|178|162|179|170|159|132|137|127|129|119|131|102|80|83|56|130|
2012-06-30|7|1_CTs|CT4||51|41|32|46|20|29|15|28|13|42|12|20|20|13|22|15|12|5|20|5|11|9|8|12|5|3|0|4|2|7|12|20|4|5|6|5|5|4|15|24|15|3|11|31|36|54|46|24|15|21|27|27|25|21|26|24|29|47|25|25|18|13|16|12|17|5|9|18|22|19|14|28|18|23|18|13|18|16|19|25|10|13|13|15|17|20|19|33|43|35|58|40|21|44|55|60|
2012-06-30|7|1_CTs|CT6||71|65|56|55|53|38|41|29|31|31|23|22|24|15|19|13|18|17|15|6|10|8|12|19|13|20|23|27|20|29|33|32|33|37|63|58|54|65|73|94|64|92|102|100|129|103|131|138|133|147|131|143|147|120|98|127|95|88|95|136|110|99|115|117|122|138|123|119|121|113|124|121|133|112|122|119|125|102|132|98|89|84|100|89|92|108|103|111|130|135|91|94|93|81|80|101|
2012-06-30|7|1_CTs|CT7||59|46|55|42|32|18|24|26|18|13|20|7|19|9|10|13|14|8|19|9|20|18|18|11|16|18|30|35|21|24|27|32|46|45|52|46|67|62|65|84|79|61|90|86|99|73|116|96|103|76|76|92|97|106|80|78|89|86|88|78|79|71|88|83|80|89|86|74|90|69|84|59|101|74|91|64|73|72|65|80|69|85|53|46|54|43|77|55|52|54|39|41|38|35|42|40|
2012-06-30|7|1_CTs|CT8||164|139|136|118|102|67|77|81|63|51|41|53|48|55|45|26|40|48|54|59|66|98|79|80|94|119|99|114|149|172|174|176|159|206|173|263|239|189|253|239|257|282|256|267|275|260|241|303|284|332|261|276|224|262|213|262|231|246|234|255|249|258|246|251|236|275|256|254|211|224|230|269|247|251|250|233|222|262|248|228|244|234|244|223|220|204|228|262|234|190|169|175|137|155|131|146|
2012-06-30|7|1_CTs|CT9||92|115|91|82|66|59|55|47|64|34|36|30|41|37|30|19|22|30|33|43|39|59|44|47|56|73|59|62|87|113|115|110|88|114|128|163|139|152|173|161|161|168|178|204|202|179|173|209|188|218|162|193|158|173|136|148|162|158|160|175|159|165|171|152|155|157|165|162|148|159|157|163|159|174|191|183|168|176|164|153|165|169|167|160|167|174|177|229|167|157|133|138|94|123|120|114|
2012-06-30|7|1_CTs|CT10||158|138|123|111|139|125|96|86|87|94|84|60|69|69|83|55|45|57|62|61|43|60|70|43|51|66|64|84|77|79|61|107|97|116|143|132|117|154|171|149|187|169|210|196|210|252|217|205|233|280|216|251|230|203|232|196|189|187|197|220|221|213|235|211|178|227|239|207|229|236|223|249|254|235|236|215|241|248|238|227|241|226|216|195|205|170|186|198|192|165|139|172|171|135|205|148|
2012-06-30|7|1_CTs|CT11||140|131|132|108|99|136|88|63|68|81|72|53|53|65|68|54|41|39|65|56|56|59|54|50|70|55|72|94|80|86|96|101|123|120|145|135|126|155|174|158|244|185|192|194|219|263|253|230|268|257|212|248|244|250|231|208|209|180|217|214|203|191|235|206|182|245|240|218|231|266|264|276|259|266|230|196|217|221|202|225|212|208|247|174|192|176|152|167|159|137|158|174|160|142|229|185|
2012-06-30|7|1_CTs|CT12||66|93|67|64|56|54|48|36|47|39|31|29|37|26|22|22|19|23|23|18|15|17|14|18|19|25|21|40|31|30|40|43|43|62|66|89|86|80|115|127|115|134|143|134|178|159|154|184|152|212|176|179|192|188|159|163|157|128|110|148|139|142|161|155|156|154|153|159|174|157|148|174|166|149|157|158|170|190|154|142|135|130|120|115|122|104|111|100|106|93|92|86|102|82|94|129|
2012-06-30|7|1_CTs|CT13||27|17|17|13|10|11|12|10|5|3|5|3|5|3|1|2|2|3|4|3|8|6|3|5|8|5|8|15|7|8|12|17|16|19|21|18|28|34|20|39|31|25|33|39|36|34|44|40|51|37|30|52|47|44|66|72|70|92|35|42|43|28|22|28|30|27|52|44|39|38|42|30|59|39|31|0|0|33|11|0|40|29|26|31|38|26|37|35|33|32|18|8|20|12|17|26|
2012-06-30|7|1_CTs|CT14||169|158|149|164|130|125|96|65|68|76|73|54|55|68|69|61|45|52|60|70|65|56|74|70|77|79|88|130|123|116|129|127|162|152|186|192|191|182|229|218|258|242|264|261|306|317|355|313|381|339|309|342|372|345|317|289|265|270|302|277|281|283|310|273|288|288|319|320|306|344|301|327|325|336|331|256|314|300|302|296|272|279|248|199|189|176|163|163|157|149|142|168|134|144|214|165|
2012-06-30|7|1_CTs|CT15||19|25|18|27|17|20|12|13|14|8|10|4|6|8|11|14|4|7|9|7|5|9|7|7|12|9|11|14|11|15|16|18|14|23|23|29|40|35|41|30|36|43|44|46|46|38|48|37|51|44|52|52|58|41|34|40|39|38|39|44|35|38|30|39|46|45|40|38|32|35|40|34|49|37|34|29|29|36|36|40|33|46|35|27|29|32|35|41|34|40|39|25|37|23|30|23|
