2014-05-22|3|1_CTs|ct1||58|42|41|25|31|12|24|11|17|9|6|12|2|4|6|5|7|4|5|6|7|5|10|15|13|24|36|39|72|88|138|163|237|256|259|247|218|245|213|198|202|230|217|197|180|174|189|179|162|0|114|185|131|105|97|42|59|213|204|143|74|215|203|196|219|210|200|220|230|219|223|204|234|235|201|220|211|210|217|207|220|215|219|181|149|117|111|107|94|104|87|84|70|71|70|54|
2014-05-22|3|1_CTs|ct3||101|59|60|53|42|27|25|23|25|17|19|12|10|9|14|13|15|15|23|25|19|15|36|41|29|25|60|76|80|118|160|202|230|279|276|269|265|263|194|202|220|220|232|205|254|197|196|227|218|0|161|243|163|125|165|49|77|276|255|168|84|211|215|200|242|238|211|205|256|217|218|229|179|214|208|195|212|170|205|215|233|237|242|238|208|177|147|160|151|117|124|140|97|107|116|111|
2014-05-22|3|1_CTs|ct5||143|112|124|71|75|71|50|37|39|26|23|15|17|26|13|21|21|15|13|14|12|11|12|16|23|24|28|37|48|68|103|136|177|210|231|232|257|241|171|225|206|203|176|191|167|182|206|209|202|0|143|232|184|129|148|34|65|219|219|154|66|243|253|231|253|248|290|296|309|323|322|320|299|303|326|288|264|275|297|303|302|298|280|236|188|199|172|182|168|157|146|189|160|223|174|153|
2014-05-22|3|1_CTs|ct6||15|7|11|4|6|5|4|4|2|1|2|0|0|0|1|2|2|2|2|1|4|1|4|8|3|6|13|17|24|31|34|46|59|88|91|74|57|60|37|34|48|47|53|44|49|63|25|24|26|0|28|79|46|28|30|16|20|60|45|53|16|69|83|49|65|55|67|52|61|53|69|53|47|57|74|55|52|67|60|54|30|39|38|32|23|22|14|20|24|27|31|23|29|34|15|16|
2014-05-22|3|1_CTs|ct7||0|0|0|0|0|12|53|50|45|44|41|36|44|35|28|30|27|27|25|21|31|27|36|35|39|48|33|42|66|61|79|103|131|113|134|151|159|158|138|165|160|166|181|158|174|165|182|177|184|0|108|206|142|105|106|37|35|193|192|150|78|208|209|119|54|66|75|73|45|66|68|53|56|45|45|79|59|26|69|62|97|100|168|156|148|166|159|135|148|127|133|158|184|212|166|149|
2014-05-22|3|1_CTs|ct8||58|62|46|42|42|25|21|26|20|24|15|18|28|17|19|15|20|18|18|11|10|12|18|21|20|24|19|25|34|32|26|57|77|57|71|87|98|85|88|88|94|116|103|106|123|96|116|113|93|0|72|127|86|64|55|29|18|121|122|87|50|135|134|142|146|147|147|155|124|142|169|141|132|143|136|151|141|105|130|121|119|120|99|96|95|102|91|92|94|75|76|91|94|113|95|78|
2014-05-22|3|1_CTs|ct9||498|183|120|178|116|108|70|60|43|128|175|166|185|79|111|43|71|96|73|160|59|137|79|125|57|24|23|61|59|90|116|151|196|237|244|272|259|257|238|245|208|194|190|170|180|133|180|180|196|0|137|159|109|83|127|42|60|199|183|155|51|217|242|190|201|204|223|224|128|144|116|198|196|76|156|153|204|108|176|194|199|181|172|146|1055|126|181|522|443|356|116|125|149|320|340|315|
2014-05-22|3|1_CTs|ct10||83|79|61|56|46|40|41|24|35|24|15|18|18|16|12|13|16|19|15|8|18|22|14|17|25|21|14|33|32|45|53|89|110|103|144|104|130|123|128|116|95|109|101|113|93|98|108|106|117|0|46|118|90|50|76|19|16|69|100|60|27|119|118|123|125|122|137|142|140|121|111|147|126|105|140|134|147|117|107|110|127|127|116|129|108|107|93|109|86|101|100|100|92|116|90|92|
2014-05-22|3|1_CTs|ct13||228|171|185|104|115|131|137|92|99|97|52|68|64|55|56|50|48|70|82|42|59|56|56|80|90|88|106|114|112|121|185|216|238|215|245|252|244|215|220|190|207|217|173|209|236|238|216|201|249|0|278|255|181|154|784|512|66|4|439|695|66|350|328|262|217|364|202|236|261|218|264|252|241|234|294|269|272|427|184|192|276|259|245|297|266|303|284|266|274|282|292|246|267|312|290|227|
2014-05-22|3|1_CTs|ct14||34|42|31|19|30|17|5|16|15|8|6|8|9|4|3|6|8|9|5|7|8|15|9|9|22|44|63|135|165|236|290|279|281|270|179|226|263|263|289|269|271|250|229|247|255|189|194|205|172|0|140|203|126|89|106|43|73|211|196|146|58|190|208|169|163|193|164|200|198|219|219|258|208|208|189|249|259|242|214|193|189|184|155|131|118|115|97|95|107|112|117|103|89|73|61|59|
2014-05-22|3|1_CTs|CT16||95|81|75|59|56|45|44|38|37|21|34|33|17|16|16|28|20|37|22|26|12|25|18|30|33|34|13|52|68|65|66|122|158|177|123|166|172|188|159|162|179|159|156|200|166|153|159|147|171|0|134|170|79|60|123|24|50|157|187|128|61|194|189|165|198|243|238|199|223|203|223|275|218|250|303|236|226|255|244|228|217|223|175|169|143|124|101|112|100|104|121|116|98|133|160|122|
2014-05-22|3|1_CTs|ct18||105|105|82|65|61|48|48|38|38|35|25|23|25|19|15|26|21|25|19|15|22|31|25|26|33|22|29|43|65|93|90|136|177|179|222|180|177|171|219|180|173|204|178|179|148|131|163|138|162|0|81|140|115|93|85|27|26|104|107|70|45|153|174|160|161|168|209|168|185|183|147|226|159|183|175|191|185|201|178|183|163|169|171|148|142|131|127|135|133|147|133|119|133|147|113|115|
2014-05-22|3|1_CTs|ct19||0|0|1|0|2|0|0|0|0|0|0|0|0|0|0|0|0|0|0|0|0|0|3|2|1|2|1|6|6|5|2|8|4|5|5|7|9|7|3|3|4|4|5|5|7|3|3|8|4|0|6|3|4|3|2|3|0|2|4|4|3|7|6|5|5|6|6|10|3|11|3|7|6|3|11|6|9|10|5|11|7|8|4|2|2|4|5|4|1|0|2|0|0|2|1|2|
2014-05-22|3|1_CTs|ct20||0|0|0|0|0|0|0|0|0|0|0|0|0|0|0|0|0|0|0|0|0|0|1|0|0|0|0|0|0|1|0|0|0|1|0|1|0|0|0|1|0|0|0|0|0|0|0|0|9|0|2|0|0|1|0|1|2|1|0|0|1|0|0|0|0|0|0|0|0|0|1|0|0|0|0|0|0|0|0|0|0|0|0|0|0|0|0|0|0|0|0|0|0|0|0|0|
2014-05-22|3|1_CTs|ct22||8|7|5|0|4|2|1|2|0|1|3|4|0|1|1|0|0|3|0|0|1|0|1|0|2|1|2|1|7|11|8|15|21|21|24|22|22|23|22|12|25|19|19|15|25|23|19|17|24|0|19|32|14|15|23|8|13|26|20|22|11|23|24|20|36|45|48|56|63|47|56|59|61|60|39|42|54|46|39|33|34|27|14|18|14|12|10|10|8|6|5|11|1|7|10|4|
2014-05-22|3|1_CTs|CT23||138|101|57|70|61|30|42|19|31|14|17|35|11|13|21|5|18|16|9|10|3|4|8|15|22|20|30|46|81|73|149|213|249|265|329|315|296|323|198|215|244|244|189|193|187|188|186|240|228|0|149|277|202|130|140|45|105|275|250|176|64|232|246|272|283|313|267|372|371|441|460|416|434|497|520|442|418|446|451|421|366|335|329|331|259|249|202|172|234|203|166|145|150|133|142|93|
2014-05-22|3|1_CTs|ct24||167|185|118|76|90|77|44|57|36|46|37|25|28|14|21|26|25|34|38|41|54|72|70|97|126|202|293|546|679|864|980|904|942|872|874|941|892|885|813|778|887|937|891|936|903|842|857|793|791|0|591|932|553|389|482|185|286|866|894|652|267|869|832|749|808|801|841|803|832|876|904|1005|789|766|733|970|1013|951|825|779|722|711|634|569|497|450|409|401|374|370|378|348|343|310|249|257|
