2013-01-12|22|1_CTs|CT1||20|19|24|16|13|6|8|9|11|8|7|4|3|2|6|6|8|8|7|5|4|20|14|21|18|11|19|22|15|17|22|28|34|30|53|55|46|55|58|86|56|59|48|74|67|64|60|61|58|66|59|74|65|51|63|56|35|56|57|63|61|52|49|54|55|58|53|87|142|93|48|52|53|50|60|53|43|43|47|56|43|41|48|32|24|26|26|30|29|12|15|21|12|14|21|16|
2013-01-12|22|1_CTs|CT2||46|35|45|48|28|28|15|14|16|27|11|8|10|11|7|3|7|9|6|10|5|13|17|22|32|27|27|33|33|37|56|45|63|48|78|75|70|90|74|81|87|111|93|112|100|97|98|107|122|138|116|120|134|130|111|100|94|112|111|121|133|107|107|112|97|101|90|148|232|201|94|96|94|105|96|81|75|78|87|69|82|67|74|60|51|48|60|46|46|53|40|40|41|35|41|47|
2013-01-12|22|1_CTs|CT3||80|63|52|63|47|35|27|28|26|32|25|19|16|18|16|11|11|15|6|17|13|18|22|23|28|39|36|56|45|54|67|63|64|76|117|106|100|129|121|131|138|141|137|147|156|119|145|144|167|188|177|182|175|165|124|151|155|164|168|190|188|168|181|155|168|159|135|201|286|246|155|145|165|176|175|161|136|123|125|105|127|116|110|83|83|81|73|72|72|76|71|59|77|53|74|82|
2013-01-12|22|1_CTs|CT4||49|41|29|24|27|17|10|20|10|15|13|12|12|13|15|8|5|9|12|9|16|13|19|21|17|24|26|27|28|33|35|54|58|66|65|113|103|78|86|94|108|102|103|120|127|124|119|132|131|137|125|132|139|151|125|107|100|100|118|116|106|121|94|119|100|109|101|147|183|242|161|125|139|135|112|126|110|93|113|134|115|106|94|92|90|81|57|40|46|42|34|45|42|29|34|39|
2013-01-12|22|1_CTs|CT5||41|50|39|35|33|22|18|25|12|21|23|16|14|12|17|5|8|8|10|7|18|17|19|23|24|27|29|31|31|38|55|42|57|65|80|93|111|117|106|105|132|142|152|138|139|158|144|154|166|165|183|162|183|181|137|102|118|118|116|108|140|132|123|119|109|127|110|133|157|262|179|123|133|125|137|132|114|118|137|119|125|97|107|92|86|76|74|60|52|46|45|46|53|47|41|66|
2013-01-12|22|1_CTs|CT6||36|33|31|26|26|24|12|14|3|13|16|9|9|6|7|4|6|7|8|5|8|11|20|16|13|22|13|19|19|31|38|25|36|29|34|46|54|50|42|42|54|67|67|62|86|86|81|88|70|112|93|87|93|97|87|75|74|76|81|63|74|89|71|80|69|88|79|79|134|250|142|81|87|85|70|80|73|65|76|65|64|46|50|51|37|40|42|25|35|35|26|25|39|31|38|40|
2013-01-12|22|1_CTs|CT7||12|9|7|5|4|4|4|2|6|1|3|1|5|1|0|1|1|3|2|0|1|1|2|4|1|5|5|0|4|4|8|8|11|7|11|14|12|11|12|16|11|19|13|12|18|19|25|18|15|26|18|15|23|21|23|11|12|13|22|16|15|18|13|23|10|17|11|11|18|24|10|20|6|11|20|8|12|10|16|24|12|16|21|12|13|12|9|11|9|7|5|9|6|4|8|8|
2013-01-12|22|1_CTs|CT8||38|24|21|27|19|23|6|13|10|12|15|10|2|6|9|4|3|6|3|2|6|5|5|6|6|8|5|9|15|9|15|21|27|20|25|30|38|40|42|47|56|65|50|62|70|65|61|83|75|78|88|85|104|80|63|63|66|51|61|42|86|83|59|53|71|83|57|81|69|71|76|51|84|76|81|64|62|62|61|51|45|46|51|27|44|31|39|34|30|28|31|30|35|40|24|48|
2013-01-12|22|1_CTs|CT9||38|46|36|30|14|18|15|16|13|9|27|13|11|13|6|8|6|9|5|12|12|13|23|25|34|37|38|52|48|52|77|72|65|78|118|128|121|157|126|164|156|175|185|182|151|145|155|156|138|161|159|142|118|151|138|136|135|131|131|153|155|124|143|136|115|139|116|118|91|200|139|118|113|137|121|118|111|122|108|108|132|119|101|101|78|95|51|59|48|45|42|10|56|56|42|45|
2013-01-12|22|1_CTs|CT10||0|1|0|1|1|1|0|0|2|0|2|1|0|0|0|1|1|0|2|0|3|0|3|4|1|8|4|8|1|0|2|2|1|2|4|0|2|2|1|5|5|4|2|6|3|6|5|3|1|4|0|2|2|3|5|2|6|3|2|1|5|5|1|3|2|0|4|2|1|7|3|1|2|1|1|2|3|3|0|1|3|4|0|5|0|2|1|0|2|3|2|16|16|0|0|2|
