2011-07-19|2|1_CTs|ct1||33|33|29|21|24|21|7|12|4|8|6|12|10|2|6|2|5|8|8|13|13|6|15|21|22|27|29|45|57|60|100|95|103|106|103|105|127|134|111|102|110|124|136|152|144|140|141|122|136|117|141|128|131|129|113|121|112|126|108|143|129|117|128|143|125|136|125|120|92|110|122|109|114|140|107|124|112|131|124|109|120|125|121|108|104|92|92|93|87|72|75|77|63|68|63|44|
2011-07-19|2|1_CTs|ct2||16|19|9|7|10|11|10|7|1|1|5|3|4|2|1|1|3|3|4|7|2|13|6|8|15|15|14|17|18|18|26|27|24|32|42|45|39|56|55|57|56|76|58|69|56|62|75|68|59|70|65|77|67|69|54|69|50|55|60|68|70|56|44|66|60|56|64|55|42|56|63|49|57|38|43|46|52|48|42|38|47|55|44|42|42|35|38|28|28|30|24|22|17|20|19|17|
2011-07-19|2|1_CTs|ct3||85|88|61|54|54|50|42|22|14|24|17|23|19|19|9|9|15|17|17|19|20|34|29|51|41|53|57|67|94|93|129|133|157|134|168|157|192|206|185|169|180|195|210|227|225|242|209|242|200|225|202|231|212|191|189|211|181|180|175|224|196|196|201|214|202|186|225|211|174|196|211|182|204|212|183|187|195|212|185|180|188|200|209|165|172|155|138|161|128|123|129|121|129|123|113|93|
2011-07-19|2|1_CTs|ct4||53|39|32|24|32|22|24|13|17|14|7|12|6|9|17|10|6|10|6|6|7|14|17|23|28|29|37|39|36|49|58|70|116|111|132|126|121|135|143|127|113|147|124|121|134|147|127|133|156|123|140|151|132|130|111|115|119|123|134|136|135|110|141|138|140|147|133|133|116|147|125|135|129|138|117|113|120|119|98|108|120|120|117|91|76|61|83|74|73|62|78|59|71|52|90|65|
2011-07-19|2|1_CTs|ct5||83|83|44|44|47|37|38|28|25|28|11|21|19|15|18|13|14|13|9|12|13|17|17|29|30|19|43|37|54|55|90|110|170|150|192|190|198|188|204|168|155|191|191|182|202|206|183|194|223|232|199|215|216|199|168|194|177|185|197|216|219|221|219|217|221|229|213|222|217|212|216|232|229|235|196|199|219|201|170|169|193|154|166|139|122|100|120|130|123|114|121|115|112|104|116|114|
2011-07-19|2|1_CTs|ct6||64|55|42|31|41|39|28|22|22|22|12|13|17|12|13|9|7|9|8|5|11|9|10|23|21|31|36|17|41|42|48|48|85|72|93|92|118|142|166|118|102|106|94|105|94|139|113|122|125|125|134|131|141|129|116|120|139|120|127|130|126|126|134|131|138|164|149|151|154|152|107|153|122|146|138|94|136|132|123|115|127|103|118|91|76|80|101|122|117|92|99|96|68|90|102|95|
2011-07-19|2|1_CTs|ct8||0|0|0|0|0|0|0|0|0|0|0|0|0|0|0|0|0|0|0|0|0|0|0|0|0|0|0|0|0|0|0|0|0|0|0|0|0|0|0|0|0|0|0|0|0|0|0|4|4|0|0|0|0|0|0|0|0|0|0|0|0|0|0|0|0|0|0|0|0|0|0|0|0|0|0|0|0|0|0|0|0|0|0|0|0|0|0|0|0|0|0|0|0|0|0|0|
2011-07-19|2|1_CTs|ct17||79|82|68|50|58|44|35|28|22|31|13|29|8|19|9|6|14|19|16|12|21|31|20|21|33|31|50|48|69|80|99|150|150|149|166|160|170|200|197|183|174|186|208|186|196|212|195|228|185|189|195|197|175|194|173|175|175|178|169|190|167|185|165|202|187|179|214|187|179|165|205|179|197|174|191|190|186|204|200|177|188|202|198|163|171|150|138|134|128|129|114|131|111|136|111|100|
2011-07-19|2|1_CTs|CT19||50|31|35|23|31|22|17|13|11|21|6|18|5|7|5|5|5|5|5|5|11|10|8|12|15|20|24|27|37|39|49|80|80|72|106|70|98|111|110|105|84|99|107|99|77|123|128|143|120|135|106|122|107|125|110|86|97|101|106|108|119|109|117|117|112|112|157|126|114|119|128|136|138|142|119|123|116|125|124|101|113|126|124|107|80|85|55|78|58|68|60|75|52|78|88|60|
2011-07-19|2|1_CTs|CT20||60|38|34|40|27|25|31|18|10|21|19|22|11|15|4|12|9|4|9|6|4|6|10|14|18|14|20|19|27|27|36|34|68|59|69|79|90|90|85|76|76|83|75|72|67|84|50|74|73|80|86|72|69|66|74|62|71|70|72|78|77|75|77|68|84|77|64|71|75|82|79|72|69|86|88|81|73|91|68|86|83|86|74|55|65|52|67|54|63|65|62|47|59|70|74|67|
2011-07-19|2|1_CTs|CT21||33|20|20|17|14|12|16|8|1|7|9|6|6|5|3|7|5|3|3|5|1|1|3|7|8|8|8|5|10|20|13|28|41|31|58|54|55|47|47|28|57|33|37|29|37|46|33|40|45|34|68|43|50|40|48|41|36|47|42|38|50|46|40|49|55|55|48|53|52|52|52|50|63|56|55|46|37|47|48|51|52|44|43|35|36|34|29|29|32|35|36|27|28|31|29|27|
