2017-05-17|3|1_CTs|ct1||41|39|25|17|14|13|6|7|6|8|3|3|3|1|3|3|7|5|1|1|2|6|10|12|15|13|35|37|53|73|123|176|173|204|461|464|406|172|164|101|130|129|134|403|175|421|104|145|130|409|160|424|162|145|144|123|402|123|415|136|169|426|152|404|375|146|136|160|152|176|177|174|181|188|195|438|389|157|161|449|162|180|114|115|93|335|71|72|74|66|316|56|61|313|58|42|
2017-05-17|3|1_CTs|ct3||92|394|145|45|329|59|39|206|555|294|34|30|21|29|35|56|51|37|24|38|148|113|35|57|60|84|376|131|296|397|183|506|510|765|526|501|192|470|430|146|148|140|142|265|238|201|203|254|260|229|505|261|194|231|761|502|508|252|244|243|197|465|476|466|241|221|481|214|478|214|223|203|202|197|204|221|429|201|960|232|225|211|701|189|157|156|140|147|139|143|376|390|106|384|130|107|
2017-05-17|3|1_CTs|ct5||156|354|102|87|77|61|60|37|38|39|31|25|21|25|20|21|20|29|12|17|11|13|19|17|25|22|295|56|78|93|130|432|223|268|280|313|513|257|261|499|431|436|224|222|193|200|496|517|231|237|266|267|238|235|218|498|231|242|257|230|255|282|500|238|296|286|299|345|315|324|319|353|359|336|308|537|300|316|559|298|299|285|262|275|424|185|161|147|445|158|195|399|160|164|673|151|
2017-05-17|3|1_CTs|ct6||8|12|3|9|3|1|4|2|4|2|2|1|1|0|2|1|1|0|4|3|2|1|6|11|9|12|270|38|33|33|38|66|316|93|73|352|95|330|76|80|65|65|57|69|52|52|326|27|43|42|47|43|40|63|297|62|61|53|73|50|55|59|58|52|56|58|45|55|307|52|52|56|315|81|71|285|78|49|46|49|37|45|35|34|37|38|26|25|29|29|23|25|21|24|36|25|
2017-05-17|3|1_CTs|ct7||107|358|88|68|57|51|52|294|43|48|30|21|26|32|22|15|20|28|31|25|27|19|34|39|32|42|43|50|57|79|813|122|111|133|394|399|159|162|147|134|133|140|169|157|162|447|687|428|209|126|148|144|423|395|146|159|155|943|184|184|173|151|96|82|75|65|40|72|61|59|72|67|324|63|60|61|62|69|121|160|161|415|153|383|368|122|111|398|123|374|118|112|118|128|110|128|
2017-05-17|3|1_CTs|ct8||64|58|52|295|29|39|29|276|20|20|14|9|13|18|11|3|7|13|17|265|12|10|18|19|15|17|23|20|31|51|304|51|68|77|82|162|288|116|89|92|94|97|113|99|122|131|655|368|155|140|386|112|126|342|99|120|107|130|121|135|139|137|121|144|163|122|140|142|135|102|230|316|391|643|392|135|153|374|106|105|112|630|113|344|334|89|76|84|79|345|89|76|68|86|76|81|
2017-05-17|3|1_CTs|ct9||96|84|350|109|101|82|60|385|442|328|53|36|57|135|40|32|32|28|21|24|81|30|45|31|91|214|225|2135|1218|610|1176|1734|1991|807|1107|2009|1302|2052|1204|377|309|219|943|455|230|800|1113|1858|1621|1485|846|992|893|1448|2942|782|820|1495|1886|1694|1380|1664|2570|957|367|1179|1127|126|132|113|368|161|193|172|124|444|204|293|882|1637|2149|344|233|432|638|879|269|131|379|134|115|126|118|126|382|126|
2017-05-17|3|1_CTs|ct10||97|98|83|78|46|54|39|35|48|42|27|18|26|19|14|19|22|21|16|17|13|18|31|20|21|19|29|36|41|58|83|120|160|157|183|158|169|175|181|157|170|146|113|146|140|117|137|145|134|132|155|159|134|163|144|144|127|152|161|143|157|155|164|158|131|160|139|163|149|165|153|166|154|151|161|147|164|149|136|133|134|166|130|127|111|115|110|104|123|112|118|100|123|110|97|120|
2017-05-17|3|1_CTs|ct13||246|452|187|153|129|98|122|88|349|98|78|86|100|134|61|418|91|129|137|273|44|41|72|68|436|362|95|117|127|159|208|497|276|275|253|531|494|489|263|483|530|760|257|225|242|506|511|528|253|232|288|283|261|607|258|538|465|425|603|729|510|538|221|509|260|258|493|304|310|506|254|267|270|206|506|262|278|262|249|275|257|311|593|252|511|239|244|237|246|254|237|246|223|255|219|215|
2017-05-17|3|1_CTs|CT16||113|91|85|83|68|37|58|48|35|43|309|30|29|30|268|22|39|22|14|8|16|21|20|27|25|15|28|48|70|86|120|152|206|409|197|188|204|174|184|184|204|172|158|199|187|187|205|196|185|206|206|209|172|169|165|461|164|189|419|176|185|209|206|438|202|241|218|203|202|223|194|201|247|254|230|452|255|216|504|225|215|161|194|193|169|401|385|373|115|131|400|120|108|118|132|142|
2017-05-17|3|1_CTs|ct22||7|3|9|2|3|1|1|0|5|2|2|1|2|1|2|2|0|1|1|2|1|1|1|2|4|1|6|6|2|7|11|11|17|11|18|25|25|16|23|23|14|10|37|14|27|14|22|26|19|18|26|33|29|21|19|23|21|21|273|25|24|23|25|18|27|33|38|46|52|43|41|297|37|34|24|38|24|30|23|22|27|19|10|17|15|10|4|5|16|11|7|9|8|8|8|12|
2017-05-17|3|1_CTs|CT23||352|129|374|77|84|68|36|40|47|44|36|34|31|30|28|24|21|18|270|12|14|10|11|14|18|13|295|48|44|57|130|724|467|498|233|229|201|428|165|117|122|389|93|157|137|393|134|151|153|159|464|460|198|169|177|402|672|175|171|177|180|195|209|192|457|224|229|280|283|289|330|312|377|353|362|343|568|330|300|567|264|260|493|195|692|142|395|133|133|146|119|363|113|91|850|126|
2017-05-17|3|1_CTs|ct24||317|53|59|36|32|28|24|12|14|12|9|11|11|14|14|14|9|12|19|17|35|25|47|74|71|145|265|419|526|880|902|626|849|807|541|1055|521|571|573|760|822|689|479|807|526|712|455|433|442|490|734|752|434|402|442|951|446|769|981|751|519|718|453|428|700|750|430|505|474|758|700|526|482|511|500|773|752|458|442|371|367|312|565|296|449|215|179|190|167|171|151|406|396|400|127|355|
