2016-07-01|6|1_CTs|CT1||3|2|2|1|1|2|1|0|0|0|0|0|0|1|0|0|0|0|2|1|2|1|1|3|2|1|4|4|4|6|7|18|17|20|46|73|33|14|17|26|9|12|6|13|5|11|14|8|6|5|10|7|9|5|3|6|5|6|6|5|4|7|4|8|8|5|13|9|11|7|3|7|11|3|7|6|6|6|8|9|1|4|4|4|3|7|3|243|6|2|1|0|5|0|1|2|
2016-07-01|6|1_CTs|CT3||17|28|273|13|7|15|2|4|5|2|2|4|1|5|4|4|12|5|13|18|16|23|24|25|22|34|38|49|55|63|54|73|70|89|90|80|93|318|305|72|68|306|38|293|51|58|47|275|55|47|302|43|61|50|58|48|51|47|277|307|52|62|44|44|323|66|58|64|66|70|83|323|66|68|64|69|316|63|57|53|45|41|43|34|241|25|29|28|27|21|19|24|32|18|14|19|
2016-07-01|6|1_CTs|CT4||11|16|7|267|7|7|2|3|4|2|1|2|2|3|3|0|1|2|0|2|0|0|1|5|1|2|2|3|7|5|9|15|17|20|30|27|26|33|32|29|278|16|10|20|12|23|27|26|16|19|282|22|18|19|18|13|25|20|31|24|26|296|19|16|28|36|38|13|38|46|46|48|34|47|56|42|36|29|2|23|28|24|29|22|18|22|11|10|12|15|15|12|12|6|13|7|
2016-07-01|6|1_CTs|CT5||22|25|16|19|17|24|17|8|15|10|8|3|6|11|5|258|2|10|6|9|12|8|6|11|7|9|12|22|19|29|43|42|46|310|64|95|71|82|86|73|73|62|84|78|337|309|71|69|72|76|82|66|78|77|325|72|65|72|319|332|323|70|73|74|68|82|87|76|86|313|80|86|86|90|89|60|319|69|303|52|62|61|50|567|41|55|39|288|29|39|33|33|278|29|25|23|
2016-07-01|6|1_CTs|CT6||41|49|19|15|17|23|10|9|11|10|6|2|4|4|6|6|1|6|14|6|10|11|19|9|271|21|20|24|22|42|66|98|105|148|385|153|135|152|145|149|123|108|105|361|338|107|132|105|105|536|85|102|105|89|105|100|110|144|115|163|94|605|120|109|130|343|106|133|150|121|123|384|141|125|115|128|134|101|119|122|111|116|93|104|85|323|290|316|57|58|302|37|32|40|53|31|
2016-07-01|6|1_CTs|CT7||249|11|6|3|5|0|1|1|3|1|3|0|4|2|1|2|0|0|4|4|5|4|2|4|5|5|6|269|11|16|25|32|30|46|32|39|46|41|29|40|34|20|37|40|28|24|27|23|20|29|25|40|21|28|18|289|26|29|22|28|287|33|34|19|36|28|27|37|36|26|15|31|27|29|34|26|29|30|27|33|30|26|13|30|16|9|17|10|18|9|11|17|5|10|13|11|
2016-07-01|6|1_CTs|CT8||76|79|44|297|43|29|27|18|14|14|19|14|14|23|14|12|9|12|9|9|8|14|24|30|35|36|45|56|68|85|178|422|201|692|424|438|176|441|181|176|423|153|156|155|144|144|148|139|389|378|174|149|390|146|136|118|142|396|156|415|154|155|142|148|411|114|94|357|185|218|192|453|192|195|192|420|663|170|170|422|157|141|130|377|102|104|569|90|88|344|93|87|81|88|75|349|
2016-07-01|6|1_CTs|CT10||48|301|36|292|25|22|22|11|15|17|14|7|4|7|2|6|263|12|6|14|6|8|16|22|26|22|40|278|52|61|94|120|136|159|690|182|199|173|685|165|138|133|137|410|138|158|123|145|137|649|390|145|138|148|370|129|383|423|164|171|139|444|153|177|154|192|457|458|229|229|221|483|249|214|251|259|459|223|523|533|278|246|208|164|125|72|68|48|66|55|43|56|57|51|43|49|
2016-07-01|6|1_CTs|CT11||86|47|284|32|21|23|11|14|12|5|5|12|8|5|11|6|7|6|7|12|8|9|21|34|36|38|56|587|89|393|205|259|260|267|289|275|254|275|495|255|481|471|209|449|175|84|171|198|183|196|719|213|180|157|158|147|169|177|176|428|189|178|168|196|190|165|191|679|174|188|171|189|213|153|178|160|138|135|133|408|128|133|112|121|116|105|348|76|70|73|59|61|68|58|56|51|
2016-07-01|6|1_CTs|CT12||90|67|45|44|40|22|25|16|20|19|17|8|7|10|10|8|10|12|6|10|9|9|18|25|33|25|48|50|61|73|109|162|166|235|263|309|304|252|508|231|192|192|168|194|177|185|172|193|192|455|689|219|194|171|161|192|163|213|219|451|200|475|469|208|238|212|521|300|515|507|287|279|496|200|236|239|223|223|519|488|519|252|211|187|135|100|83|82|81|64|64|77|77|66|54|53|
2016-07-01|6|1_CTs|CT15||46|42|27|22|27|20|15|11|18|10|9|13|14|7|11|7|5|12|18|22|21|29|27|34|521|39|288|56|74|96|131|159|151|192|422|190|197|188|162|143|133|122|122|142|363|107|147|350|125|123|138|114|376|115|110|118|343|112|124|135|136|117|112|127|365|120|142|157|223|468|252|463|183|227|181|167|136|154|198|125|109|92|74|317|61|312|69|60|67|49|50|55|40|51|56|48|
2016-07-01|6|1_CTs|CT16||72|53|54|50|25|29|20|18|18|14|14|11|9|7|7|8|5|10|12|20|11|12|15|26|34|25|38|65|74|112|163|219|219|517|516|295|292|504|486|251|220|472|212|457|203|204|164|466|181|193|199|209|444|190|152|191|169|178|192|198|175|464|208|187|441|198|201|441|483|188|185|203|217|213|233|196|453|187|447|201|689|186|147|177|132|118|99|80|106|86|67|82|61|67|72|62|
2016-07-01|6|1_CTs|CT17||85|64|59|51|48|30|25|289|11|13|25|14|8|13|6|7|7|6|5|6|2|4|6|8|269|11|15|22|34|38|66|86|79|119|135|199|171|413|173|138|106|393|119|136|143|137|170|138|129|143|137|181|141|146|118|145|154|417|153|138|143|156|138|131|415|157|438|199|196|184|500|230|238|228|226|457|454|186|459|444|185|146|117|118|107|341|94|66|85|63|323|74|81|67|67|51|
2016-07-01|6|1_CTs|CT18||109|82|62|80|46|49|40|26|37|21|19|16|25|20|13|272|15|22|23|22|24|20|26|29|32|38|45|78|348|135|170|494|258|541|277|288|232|295|295|273|292|272|264|260|518|231|235|217|229|484|239|236|234|232|233|204|203|229|242|497|265|245|267|222|516|499|246|232|268|268|288|292|289|282|319|295|245|233|462|235|234|236|191|462|164|416|144|375|143|121|114|114|80|104|101|82|
2016-07-01|6|1_CTs|CT19||72|48|41|48|48|37|22|31|23|16|19|18|11|12|9|7|13|8|12|261|4|4|6|8|8|10|13|20|24|268|54|71|92|383|152|180|175|190|425|150|137|137|127|387|405|134|157|388|163|174|400|143|149|391|131|118|154|159|151|134|376|170|134|421|159|185|155|444|185|205|459|479|206|250|245|225|461|195|466|459|167|148|140|97|354|94|75|57|71|58|61|325|58|57|288|47|
2016-07-01|6|1_CTs|CT20||35|28|26|27|17|16|17|7|10|10|10|6|6|8|0|1|6|5|12|7|5|10|8|18|18|13|20|32|41|52|50|88|90|124|118|51|75|44|370|13|125|131|100|75|19|11|20|86|598|110|107|16|340|26|94|19|68|45|107|378|134|106|101|338|75|111|112|113|10|371|139|389|120|108|119|41|80|113|78|225|192|46|83|60|293|4|61|63|73|28|43|4|53|40|44|36|
2016-07-01|6|1_CTs|CT21||117|102|67|55|47|43|22|33|24|23|26|243|19|30|11|23|26|277|26|288|288|55|51|80|59|83|105|129|161|214|290|320|568|332|334|341|318|299|258|293|277|228|232|746|255|244|224|204|221|215|206|244|210|202|209|216|212|201|448|240|224|214|226|242|701|488|273|260|265|296|275|295|289|303|272|216|237|271|249|298|513|191|195|160|167|368|133|140|116|125|639|120|118|116|119|385|
2016-07-01|6|1_CTs|CT22||0|0|0|0|0|0|0|0|0|0|0|0|0|0|0|0|0|0|0|0|0|0|0|0|0|0|0|0|0|0|0|0|0|0|0|0|0|0|0|0|0|0|0|0|0|2|0|0|0|0|0|0|0|0|0|0|0|0|0|0|0|0|0|0|0|0|0|0|0|0|0|0|0|0|0|0|0|0|0|0|0|0|0|0|0|0|0|0|0|0|0|0|0|0|0|0|
2016-07-01|6|1_CTs|CT23||98|88|75|302|51|49|38|28|22|23|31|17|16|29|11|16|17|15|17|24|19|28|44|44|306|59|69|103|113|154|242|512|294|334|327|330|283|315|313|267|259|226|221|221|222|211|252|234|195|405|250|220|231|225|235|411|202|243|229|252|232|516|515|211|274|222|216|457|531|331|342|609|322|317|314|526|271|277|277|266|249|224|240|202|391|161|148|149|141|132|134|122|118|113|335|127|
