2011-06-14|3|1_CTs|ct1||47|47|33|25|20|26|15|13|9|7|3|5|9|7|9|8|5|2|5|8|7|8|12|20|19|27|40|49|53|95|173|198|231|252|239|226|248|226|226|219|235|211|204|180|184|196|189|188|188|166|169|189|180|188|171|190|188|203|208|224|213|205|202|177|189|176|173|212|211|211|215|201|209|223|214|239|198|200|197|156|169|182|142|138|117|103|122|119|108|97|88|91|76|83|62|60|
2011-06-14|3|1_CTs|ct3||139|121|109|76|75|70|30|47|36|28|17|21|22|31|29|23|25|16|26|30|28|46|53|89|59|82|126|143|155|244|371|470|498|499|437|500|506|515|474|430|453|481|464|434|471|467|431|432|417|397|389|388|436|380|352|407|421|441|445|472|475|427|431|409|388|415|354|393|352|380|358|373|385|403|385|433|350|333|399|347|326|352|291|293|295|272|258|284|240|231|229|232|174|206|185|149|
2011-06-14|3|1_CTs|ct5||109|127|86|66|82|59|49|50|55|42|31|31|31|33|24|18|22|26|23|27|35|33|54|49|70|88|84|137|152|167|250|297|364|379|452|399|390|314|421|250|320|543|354|378|307|313|387|400|331|331|385|333|345|291|297|332|309|386|399|328|370|328|345|334|365|319|356|353|363|336|317|310|415|359|415|374|362|370|353|351|291|284|265|287|237|270|224|197|242|221|252|217|212|196|200|157|
2011-06-14|3|1_CTs|ct6||76|74|58|42|40|31|39|19|34|24|19|16|19|16|18|15|14|24|11|3|9|7|14|23|19|15|32|21|57|58|99|126|174|180|247|230|187|194|208|174|164|170|166|178|195|176|194|188|200|211|236|204|235|222|171|179|178|203|211|216|223|213|237|235|225|245|260|291|296|279|291|294|284|289|277|279|237|295|251|239|246|253|197|197|191|154|145|126|137|140|128|121|129|115|104|123|
2011-06-14|3|1_CTs|ct7||101|87|73|65|60|46|48|39|38|29|31|15|15|20|19|13|10|13|12|11|14|10|26|36|30|24|40|37|54|54|80|130|148|168|188|190|176|195|187|172|160|185|162|193|192|195|206|207|218|220|223|241|220|219|175|188|189|207|202|230|205|250|205|240|226|263|224|228|215|215|208|192|198|169|175|181|198|188|192|172|200|198|165|121|167|143|133|109|125|106|136|98|122|129|124|126|
2011-06-14|3|1_CTs|ct9||81|79|46|66|66|53|64|41|34|43|28|26|25|32|25|39|36|27|26|10|23|23|11|22|31|29|45|45|86|67|134|149|172|194|188|174|203|162|170|191|177|168|179|163|152|133|160|144|161|132|149|144|140|138|166|205|172|226|183|163|179|144|162|154|172|156|159|163|141|157|172|140|170|162|152|144|154|161|135|164|166|140|118|118|91|115|105|84|95|83|138|134|121|110|88|110|
2011-06-14|3|1_CTs|ct10||46|54|42|34|40|30|30|25|22|24|20|17|13|14|12|10|15|9|11|16|14|14|17|22|24|9|31|28|36|46|68|87|95|114|136|128|150|135|106|120|129|117|92|95|107|93|120|136|133|98|113|135|115|111|108|113|104|123|125|115|94|125|117|128|106|120|138|148|125|135|119|105|132|115|142|129|134|127|128|125|113|126|95|93|85|98|80|82|77|64|80|96|79|60|71|74|
2011-06-14|3|1_CTs|CT11||27|13|10|14|11|12|10|6|13|10|6|7|12|9|9|12|10|15|9|8|7|12|9|11|8|6|20|16|26|23|33|31|44|40|60|44|68|53|58|57|48|48|51|48|49|50|55|52|51|58|57|50|62|57|46|39|52|54|56|55|58|67|59|48|61|49|54|56|52|54|47|60|50|57|49|57|44|51|53|52|50|54|46|51|54|31|30|38|36|32|35|27|35|28|23|28|
2011-06-14|3|1_CTs|CT12||16|26|16|15|16|15|11|12|6|12|6|10|9|10|6|8|9|4|8|12|9|6|17|9|17|5|18|16|18|21|21|21|28|24|30|27|24|32|37|31|44|33|36|26|42|30|38|43|44|35|55|42|39|32|38|32|32|45|40|45|49|47|44|55|35|46|38|48|44|50|31|41|53|47|43|34|44|41|42|48|38|46|35|30|29|31|27|31|21|31|27|28|25|22|26|24|
2011-06-14|3|1_CTs|CT16||18|14|15|15|16|19|20|12|5|6|6|6|9|11|6|8|7|2|3|3|5|6|5|4|4|5|13|12|9|19|27|26|29|42|54|57|58|53|55|46|59|44|58|58|50|55|54|39|40|49|29|44|52|34|51|46|47|55|58|68|33|58|49|54|47|65|55|68|60|59|69|59|73|63|58|60|51|50|51|47|46|35|31|25|30|27|48|49|36|39|32|37|27|14|30|28|
2011-06-14|3|1_CTs|ct17||78|71|48|57|41|25|30|22|19|21|27|17|11|24|16|8|12|12|13|18|16|13|14|29|26|26|40|53|58|104|160|224|304|369|393|349|309|362|364|305|315|273|242|190|270|194|250|237|229|203|207|257|245|203|230|235|203|245|255|285|303|281|277|263|237|246|262|283|237|252|285|266|229|234|249|252|246|238|219|215|209|222|207|167|164|157|152|147|138|138|140|111|102|106|107|98|
2011-06-14|3|1_CTs|ct18||67|85|65|55|53|39|43|40|27|26|23|27|22|18|17|16|20|13|16|17|16|20|22|23|33|25|50|53|68|86|115|144|182|203|172|211|220|230|221|210|195|169|180|183|168|157|182|166|152|168|168|174|166|166|152|197|170|185|180|210|181|196|179|211|156|183|167|202|168|189|126|151|178|149|179|191|181|191|163|169|157|170|154|134|112|133|140|122|117|126|138|126|114|95|105|94|
2011-06-14|3|1_CTs|ct19||2|0|0|1|0|0|0|0|0|0|0|0|0|0|0|0|0|0|0|0|0|3|2|3|1|10|4|6|6|10|6|13|6|6|11|9|9|8|6|8|10|9|9|5|4|6|6|3|7|7|9|5|10|10|4|4|3|6|5|6|7|4|11|7|9|3|13|10|8|10|11|4|7|3|7|8|5|10|6|8|7|4|7|7|5|6|3|5|2|1|2|2|1|2|0|1|
2011-06-14|3|1_CTs|ct20||72|62|40|47|20|21|17|15|8|12|8|10|7|12|3|6|7|4|7|6|11|9|16|21|21|35|39|69|67|156|134|128|155|185|150|161|192|178|191|160|187|177|154|175|144|150|155|150|160|132|137|139|160|157|133|148|166|176|158|142|162|183|157|153|133|164|148|156|153|161|171|162|159|158|177|156|132|172|151|156|150|153|119|130|109|105|83|94|86|69|75|78|82|77|64|56|
2011-06-14|3|1_CTs|ct22||6|4|2|0|2|5|1|3|1|1|0|1|0|1|0|3|2|1|2|1|1|1|1|3|3|2|5|4|6|6|17|20|20|18|20|20|20|26|25|16|27|20|27|30|28|27|16|17|33|29|29|30|21|26|17|20|18|23|31|25|29|30|32|32|32|35|45|41|32|53|55|40|53|37|45|34|35|38|37|31|36|29|18|13|20|8|12|15|19|8|7|5|8|1|5|6|
2011-06-14|3|1_CTs|CT23||84|59|51|39|45|24|29|12|12|23|20|16|14|4|5|14|7|8|12|12|12|7|5|6|11|9|24|33|45|78|138|180|198|293|242|262|252|221|223|167|195|180|201|163|167|178|215|197|209|230|210|225|248|240|224|202|221|192|241|247|233|271|253|242|277|286|290|276|357|327|319|344|325|400|399|373|364|404|370|339|323|338|264|241|196|190|176|174|174|131|162|165|152|114|97|89|
2011-06-14|3|1_CTs|ct24||213|187|197|121|106|74|70|50|51|47|33|42|32|43|35|26|41|31|36|52|55|58|83|115|145|213|352|566|745|957|919|902|840|849|742|772|883|912|887|911|875|866|884|855|824|840|768|798|770|721|749|788|706|696|717|777|789|909|884|806|811|816|776|751|813|756|820|746|754|856|869|888|886|894|921|910|843|773|720|703|656|642|558|528|445|426|365|415|376|335|346|360|319|296|256|254|
