2013-05-07|2|1_CTs|ct1||74|58|45|39|33|26|21|22|25|14|15|8|10|6|10|6|16|17|8|25|26|21|24|33|22|30|28|64|70|83|136|142|159|153|168|157|169|175|193|210|188|190|202|232|213|232|213|183|194|176|209|188|199|155|192|172|156|158|164|199|175|189|202|207|182|187|156|178|163|149|157|160|174|197|192|176|180|186|162|187|180|163|180|145|125|126|84|135|177|139|157|169|174|166|178|163|
2013-05-07|2|1_CTs|ct2||7|9|9|6|4|3|2|3|5|4|2|1|1|1|0|1|2|1|1|9|5|6|10|21|19|30|20|34|49|38|68|74|81|92|77|91|92|111|107|157|133|118|139|63|111|93|103|124|94|103|121|119|116|109|132|124|126|96|119|113|117|116|104|74|109|100|84|98|91|86|111|109|93|94|103|83|106|101|107|119|108|103|101|125|87|104|67|163|192|206|271|164|238|299|150|123|
2013-05-07|2|1_CTs|ct3||65|44|57|46|25|28|24|24|26|17|13|8|14|15|7|9|9|16|11|18|24|17|31|41|36|64|47|57|78|81|110|130|131|132|154|163|160|166|186|190|189|178|216|191|217|175|210|198|183|184|186|168|193|158|192|176|145|173|166|208|181|177|210|199|200|178|172|201|160|183|166|173|203|181|191|195|174|202|172|206|171|167|187|162|128|128|94|115|95|90|104|95|109|69|64|72|
2013-05-07|2|1_CTs|ct4||35|36|35|20|29|22|17|11|17|14|8|14|6|5|5|5|6|8|7|6|11|8|18|22|21|25|27|20|40|42|63|76|107|121|112|132|125|131|128|129|128|124|120|138|130|135|122|146|140|124|126|139|124|106|100|127|106|120|117|140|114|112|138|152|111|126|133|124|123|121|111|112|115|139|129|119|111|101|98|105|88|93|88|91|77|65|68|57|54|51|58|66|65|65|62|47|
2013-05-07|2|1_CTs|ct5||65|64|43|27|37|37|20|23|23|20|10|12|7|10|8|11|9|11|8|17|25|9|17|23|20|29|23|39|53|61|92|97|133|136|161|163|184|192|161|169|186|211|168|218|208|211|176|177|218|192|199|189|219|173|187|175|174|170|193|212|194|190|207|205|211|212|196|203|191|222|165|184|175|200|206|179|184|185|171|154|157|145|125|119|117|117|96|98|102|93|97|105|110|92|89|78|
2013-05-07|2|1_CTs|ct6||48|61|66|32|38|40|24|23|22|21|12|15|6|6|6|12|15|6|10|11|24|9|15|16|32|26|21|32|40|45|69|69|78|87|105|101|110|118|117|123|112|100|138|156|127|160|117|130|143|144|171|138|149|129|145|127|126|135|141|170|145|142|172|149|171|155|152|164|141|140|140|154|129|134|155|135|122|130|133|127|110|114|115|99|93|94|123|84|85|74|93|79|86|81|92|77|
2013-05-07|2|1_CTs|ct17||66|44|48|37|26|22|16|15|18|17|12|8|5|12|11|6|10|9|9|7|25|16|14|24|23|33|28|41|53|68|91|122|134|136|148|154|168|159|176|171|202|188|204|189|226|176|199|209|184|171|176|174|180|173|154|148|167|167|162|189|205|200|200|191|212|172|161|200|185|201|168|171|203|205|197|187|187|225|171|195|164|165|174|137|122|129|77|111|94|88|86|95|87|71|65|64|
2013-05-07|2|1_CTs|CT19||30|28|30|22|14|12|14|6|12|8|5|2|1|7|6|9|6|3|7|4|13|9|8|6|10|13|18|27|38|39|52|72|74|94|95|84|106|98|83|102|100|111|112|125|132|137|127|116|103|111|107|111|100|108|93|103|76|92|105|98|123|113|133|134|137|119|97|122|114|120|123|137|137|157|141|120|111|117|110|121|112|95|107|76|82|69|40|58|50|50|41|46|59|34|51|38|
2013-05-07|2|1_CTs|CT20||32|26|32|25|22|30|17|12|18|16|12|9|6|9|2|4|3|11|6|4|7|9|3|8|15|14|19|28|30|32|50|65|68|92|80|85|74|80|76|70|83|68|64|74|67|70|73|66|74|64|68|74|62|74|59|52|66|61|59|65|71|79|81|72|70|68|77|82|73|76|74|77|88|84|85|90|79|98|80|77|81|77|57|55|56|51|46|53|51|37|51|42|72|44|55|57|
2013-05-07|2|1_CTs|CT21||22|19|14|9|10|13|6|6|9|1|1|5|1|5|2|1|1|4|3|2|1|0|0|3|7|6|10|13|12|16|34|35|41|59|45|53|52|45|46|50|42|39|40|51|52|50|47|41|50|39|42|40|42|37|34|37|41|26|40|43|40|42|44|55|72|44|49|54|45|42|49|57|51|61|51|44|50|55|49|34|49|52|28|33|39|19|27|31|30|24|24|17|46|33|20|23|
