2012-07-25|22|1_CTs|CT1||23|17|11|8|9|11|13|9|5|5|6|9|5|11|5|1|8|5|4|8|10|13|15|20|20|17|19|27|35|56|70|92|75|97|120|116|126|119|91|95|62|93|71|70|60|58|53|66|88|65|62|87|59|59|59|56|66|83|69|69|38|50|73|53|66|57|72|60|59|89|70|77|78|72|69|59|57|63|71|57|56|46|46|32|33|36|43|31|27|30|33|16|19|21|14|23|
2012-07-25|22|1_CTs|CT2||53|41|25|16|18|9|25|16|7|16|11|9|11|12|3|4|10|3|3|11|6|21|24|28|20|30|28|57|60|64|88|123|132|158|177|197|184|192|170|166|124|134|137|176|140|143|129|137|131|124|125|137|124|140|124|129|134|137|154|139|147|144|136|148|131|124|160|147|171|174|178|159|179|179|159|154|154|129|120|128|110|85|98|89|72|59|74|59|61|65|53|50|44|62|38|54|
2012-07-25|22|1_CTs|CT3||45|63|42|32|17|18|26|21|14|20|18|15|16|11|7|11|11|8|9|9|13|21|19|32|28|38|37|69|70|96|156|161|186|209|245|261|263|277|227|245|206|167|192|208|168|186|171|164|142|183|159|190|169|186|159|165|192|191|196|191|183|180|219|171|170|180|193|204|237|236|226|230|230|246|215|210|177|173|203|162|164|137|134|121|112|99|105|100|92|80|93|80|57|84|54|72|
2012-07-25|22|1_CTs|CT4||39|31|31|18|25|16|11|12|11|12|7|8|9|5|5|5|2|4|1|6|2|9|12|14|27|19|31|37|57|59|79|118|132|179|227|257|255|204|195|180|152|138|120|149|134|156|137|147|130|124|149|155|124|131|118|119|129|160|143|128|127|152|148|140|141|128|178|150|169|172|172|177|181|226|196|210|183|162|133|119|141|132|97|97|79|69|75|57|63|60|62|54|36|68|50|39|
2012-07-25|22|1_CTs|CT5||47|37|32|20|26|21|8|17|12|11|10|10|9|6|6|9|4|4|6|7|4|13|13|14|24|25|41|51|65|78|90|125|151|177|248|263|300|248|218|213|170|161|158|158|138|185|147|161|149|152|159|159|146|151|133|154|145|166|164|144|153|151|178|151|164|172|212|198|185|191|212|203|239|250|213|224|220|199|170|156|138|137|118|103|87|83|80|59|63|59|60|64|52|62|48|46|
2012-07-25|22|1_CTs|CT6||28|27|27|16|12|10|5|13|8|7|6|4|8|5|1|6|3|2|3|4|5|5|14|10|14|15|20|21|36|38|39|62|79|86|119|149|157|146|97|92|96|82|84|93|97|100|86|89|91|92|101|79|77|89|65|87|80|104|88|108|100|89|98|82|111|107|129|108|114|110|137|148|131|157|132|128|140|134|116|86|88|107|71|71|60|53|48|49|37|29|46|39|48|41|29|36|
2012-07-25|22|1_CTs|CT7||15|8|4|2|5|4|2|3|0|1|3|2|0|6|0|0|2|2|1|2|1|3|5|7|2|4|2|8|15|9|9|15|17|26|28|39|39|33|32|19|11|28|23|24|28|17|21|19|20|26|21|24|26|17|22|21|13|21|21|17|21|18|20|16|23|16|18|22|21|16|21|22|24|19|25|25|26|17|20|21|16|14|12|10|10|7|13|8|11|12|2|4|10|8|5|5|
2012-07-25|22|1_CTs|CT8||3|13|7|3|3|3|1|3|4|0|2|0|1|3|0|1|1|1|1|0|0|1|0|1|1|3|13|5|9|5|16|17|15|27|15|35|32|44|52|49|46|18|29|30|22|29|17|39|25|21|26|31|24|25|25|32|25|31|45|31|26|40|30|26|35|27|29|33|29|39|37|32|51|53|47|53|34|40|39|41|25|26|24|20|17|13|11|16|13|20|4|20|10|17|6|9|
2012-07-25|22|1_CTs|CT9||43|20|17|22|13|19|7|10|12|14|10|9|8|8|8|6|6|8|9|7|11|13|17|30|36|42|57|71|85|124|180|188|200|204|223|264|259|262|261|236|206|222|187|179|178|173|161|141|146|165|163|170|187|160|59|171|165|160|171|176|173|160|189|154|158|157|173|170|188|165|148|178|178|190|162|136|147|143|133|127|117|131|84|98|73|88|85|78|63|80|56|50|53|47|43|38|
2012-07-25|22|1_CTs|CT10||0|2|0|1|1|0|0|1|0|3|2|2|0|2|0|1|0|2|1|0|3|2|1|5|4|2|12|1|4|2|5|3|3|5|5|1|14|8|8|5|3|4|5|4|7|3|3|2|3|1|1|3|7|5|9|8|6|2|4|4|1|5|3|2|5|6|4|5|6|1|4|4|3|7|5|2|2|1|3|2|2|4|2|2|2|0|3|2|0|1|7|18|10|7|2|2|
