2018-01-09|3|1_CTs|ct1||99|80|68|50|52|293|45|21|32|280|16|27|23|14|12|13|8|14|11|15|30|22|29|31|303|66|199|216|131|407|247|338|854|882|384|390|368|343|322|322|566|297|308|311|305|502|546|799|306|1083|519|314|351|296|562|546|298|293|605|329|352|322|327|577|280|606|349|637|364|356|372|331|384|358|600|330|289|341|617|623|298|305|559|492|208|192|422|166|159|142|159|141|140|113|118|354|
2018-01-09|3|1_CTs|ct3||157|141|132|319|88|74|72|47|51|44|287|49|44|27|31|21|16|22|23|30|52|39|50|313|334|93|91|132|169|202|332|437|751|742|525|810|1303|748|734|445|443|684|441|453|430|354|420|661|417|640|439|502|480|427|464|428|412|425|732|496|503|712|486|481|451|539|529|789|561|853|577|799|567|1040|790|447|507|737|553|562|536|501|499|429|367|322|572|796|259|254|516|243|242|206|458|157|
2018-01-09|3|1_CTs|ct5||373|356|73|560|46|33|48|37|30|27|273|25|12|10|12|13|13|16|11|12|9|5|18|22|20|34|38|35|50|67|120|440|973|244|255|250|277|244|200|213|176|400|194|434|445|431|230|470|195|702|238|503|456|485|464|217|441|195|504|743|226|524|272|285|531|775|290|325|331|274|605|327|244|721|471|205|443|467|511|503|499|524|505|227|199|147|155|132|151|130|379|144|135|390|127|130|
2018-01-09|3|1_CTs|ct6||7|11|6|2|4|5|1|3|3|1|2|2|3|0|0|1|2|0|0|1|2|2|1|2|5|8|13|17|24|31|42|53|281|83|81|83|68|332|69|55|61|52|50|66|49|60|44|298|48|300|49|45|307|39|291|36|50|57|75|73|74|72|53|57|53|55|37|310|36|48|42|49|44|313|66|42|51|57|298|291|285|34|29|38|18|31|14|19|17|24|11|12|14|10|11|6|
2018-01-09|3|1_CTs|ct7||78|59|45|38|47|29|283|26|37|22|18|30|22|13|18|12|8|11|12|10|16|11|18|34|261|31|46|310|62|53|585|99|94|118|126|130|131|128|128|641|138|1103|125|141|134|138|881|668|153|166|138|147|139|136|120|132|135|142|137|147|412|164|135|424|149|650|146|132|143|130|135|160|1103|382|123|127|120|114|111|134|115|117|347|116|99|85|94|72|344|581|71|80|87|64|592|75|
2018-01-09|3|1_CTs|ct8||42|35|28|18|29|13|18|13|13|10|7|18|10|10|9|9|7|6|7|6|5|4|276|20|20|26|24|23|34|24|287|49|51|63|73|83|331|74|92|328|104|331|80|88|112|103|843|116|108|115|95|101|88|97|92|96|346|334|99|77|373|368|94|370|109|372|110|102|101|101|92|109|1051|335|89|77|109|81|73|92|66|326|311|318|54|42|58|52|67|829|44|42|51|33|313|37|
2018-01-09|3|1_CTs|ct9||777|435|68|307|68|82|60|41|36|39|26|26|25|20|25|17|19|27|28|20|29|14|31|24|30|29|36|60|321|84|194|258|1081|995|197|246|1692|1389|895|292|288|651|1864|1992|514|534|766|939|171|170|708|798|2345|1386|950|1638|366|1140|1201|1640|1087|899|1227|617|1746|831|3300|1822|1114|281|418|237|585|950|679|1644|2534|931|881|979|965|1946|2757|238|630|556|529|893|329|935|539|204|647|1130|301|184|
2018-01-09|3|1_CTs|ct10||60|54|49|35|34|29|27|28|32|33|21|18|19|7|15|14|18|17|17|16|15|11|12|20|17|24|34|28|48|65|84|114|142|168|168|168|162|169|166|177|136|126|145|134|135|123|146|126|145|142|146|153|115|133|142|111|141|139|156|154|133|136|141|141|141|162|168|154|171|163|159|166|143|134|168|165|142|153|137|137|136|140|122|117|97|91|84|72|72|77|100|86|79|86|76|81|
2018-01-09|3|1_CTs|ct13||164|162|136|338|98|48|76|60|66|68|72|263|38|18|28|48|38|51|44|28|28|34|58|66|59|85|82|339|356|143|189|213|505|514|279|260|512|470|188|229|235|256|286|210|493|212|254|484|282|514|216|228|260|282|273|278|242|290|804|251|258|255|242|265|279|242|284|263|244|203|486|242|240|483|267|250|749|242|253|271|520|482|482|504|445|734|218|451|215|193|198|214|422|220|175|173|
2018-01-09|3|1_CTs|CT16||342|65|29|45|35|48|552|40|39|38|29|21|15|13|21|21|13|13|25|7|19|19|16|20|27|24|33|43|73|83|389|155|152|165|168|207|448|201|175|435|192|417|169|199|430|165|191|453|426|410|683|199|171|192|162|174|169|192|202|181|189|475|161|442|181|221|179|462|237|266|219|231|301|520|268|200|446|227|197|180|195|222|437|143|126|101|409|80|95|101|394|128|88|112|100|76|
2018-01-09|3|1_CTs|ct18||93|65|53|51|44|45|32|30|38|35|29|26|21|9|25|15|20|16|17|20|20|18|18|29|26|33|56|50|86|116|152|153|201|241|251|234|236|263|235|220|200|212|220|213|224|183|171|141|198|177|180|204|171|179|210|177|174|195|228|200|215|222|186|188|202|170|183|196|231|203|179|205|225|193|220|223|185|216|149|198|186|172|169|146|128|137|120|83|117|111|113|109|117|116|103|110|
2018-01-09|3|1_CTs|ct19||1|0|0|0|0|0|0|0|0|0|0|0|0|0|0|0|0|0|0|0|0|0|2|2|2|5|4|5|6|3|5|11|1|10|2|9|6|7|6|4|7|7|5|5|5|4|8|6|4|12|11|9|7|4|4|4|4|3|4|8|7|4|6|9|10|12|3|11|12|7|6|4|4|9|8|2|9|3|6|5|4|7|6|4|7|3|5|3|1|1|1|1|0|3|1|1|
2018-01-09|3|1_CTs|ct22||2|3|2|4|1|1|1|1|0|2|2|256|0|1|1|0|0|1|2|3|1|1|1|2|5|5|6|3|3|11|17|11|14|20|18|16|13|15|17|27|23|20|22|24|20|27|27|28|18|281|21|29|16|13|11|273|25|27|21|280|24|25|24|22|19|19|21|40|37|29|31|28|26|31|287|23|19|17|20|20|25|12|14|13|14|7|8|7|7|7|6|3|9|3|7|7|
2018-01-09|3|1_CTs|CT23||571|70|52|264|40|26|19|20|20|17|17|244|15|9|7|10|10|9|20|12|14|14|18|23|31|36|61|82|111|176|401|213|476|216|216|216|475|240|209|211|212|439|183|437|161|446|177|158|142|406|131|383|140|382|112|117|365|161|682|168|190|699|432|170|172|148|150|148|149|129|132|92|363|68|134|61|77|137|146|162|156|622|147|137|356|105|353|349|351|108|352|98|93|347|85|76|
2018-01-09|3|1_CTs|ct24||52|63|44|32|268|19|12|21|12|13|4|13|9|11|11|6|8|8|8|15|22|39|34|57|78|151|227|366|469|545|806|833|1034|1504|502|507|720|511|775|556|757|1048|523|741|732|743|463|1336|588|284|551|288|559|274|534|284|302|427|1260|750|741|367|427|617|572|368|639|646|396|405|916|446|467|946|432|975|679|688|420|367|526|555|732|738|443|148|422|129|129|117|136|115|382|595|582|77|
