2015-07-03|6|1_CTs|CT1||1|3|2|1|0|1|0|0|1|0|0|1|1|0|0|1|0|1|1|0|1|2|0|4|3|3|2|257|2|6|9|16|16|23|20|28|24|28|21|14|41|12|49|30|12|6|4|4|2|4|3|7|266|7|10|3|3|10|9|7|0|2|3|5|2|10|7|43|25|7|10|2|5|6|8|9|11|4|4|5|5|4|4|4|6|5|11|2|5|4|18|317|326|64|337|60|
2015-07-03|6|1_CTs|CT2||0|0|0|0|0|0|0|0|0|0|0|0|0|0|0|0|0|0|0|0|0|0|1|0|0|0|0|0|0|0|0|0|0|0|0|0|0|0|0|0|0|0|0|0|0|0|0|0|0|0|0|0|0|0|0|0|0|0|0|0|0|0|0|0|0|0|0|0|0|0|0|0|0|0|0|0|0|0|0|0|0|0|0|0|0|0|0|0|0|0|0|0|0|0|0|0|
2015-07-03|6|1_CTs|CT3||15|19|17|7|3|7|9|7|6|2|1|0|2|0|4|4|8|10|8|13|13|19|19|29|21|22|31|256|272|44|62|85|289|99|140|151|73|61|64|62|53|59|61|263|305|57|50|59|56|43|251|52|52|50|49|59|47|49|58|47|37|310|300|43|40|62|58|58|72|47|58|50|53|285|280|55|34|46|263|42|36|45|43|36|26|32|33|21|20|15|13|22|18|24|21|22|
2015-07-03|6|1_CTs|CT4||10|10|8|7|2|7|7|8|6|4|2|0|1|2|2|3|1|2|1|0|1|3|1|4|4|1|0|3|3|8|6|11|15|22|25|277|29|22|6|25|26|29|19|13|22|22|20|21|24|22|18|21|13|16|23|19|19|31|21|22|27|28|32|26|31|275|28|38|24|27|33|43|38|46|43|5|32|28|27|22|288|22|13|24|17|13|12|11|17|13|15|13|12|12|14|9|
2015-07-03|6|1_CTs|CT5||29|25|26|22|12|18|17|5|6|7|6|5|14|5|5|8|8|3|8|6|8|2|6|8|8|266|19|22|256|24|32|540|55|72|76|80|328|74|93|71|49|74|71|312|78|94|68|67|67|51|79|74|65|71|61|63|60|73|319|78|577|76|67|73|69|57|77|64|74|71|329|74|207|186|86|87|89|61|63|299|304|47|50|40|33|42|43|37|20|38|28|26|28|29|43|34|
2015-07-03|6|1_CTs|CT6||26|41|18|9|14|15|9|12|8|7|9|5|3|2|5|3|5|5|9|11|8|10|15|10|20|254|26|24|31|47|64|68|108|147|200|207|181|166|373|107|110|116|109|589|122|116|100|104|104|104|108|98|355|116|98|95|102|97|96|105|358|122|126|105|97|357|94|132|113|134|128|118|623|118|109|101|380|100|100|107|104|355|100|91|88|305|68|301|48|44|56|50|49|49|46|47|
2015-07-03|6|1_CTs|CT7||11|7|7|8|3|1|5|2|2|2|3|1|2|1|0|1|0|2|2|0|5|4|2|4|4|3|1|7|12|13|21|21|33|32|36|295|34|57|32|28|29|19|35|286|26|20|25|18|20|22|24|273|31|21|26|26|28|31|22|29|22|27|16|22|28|23|20|31|23|28|21|22|33|30|293|34|23|23|25|24|24|22|22|19|19|273|12|15|13|12|250|11|267|7|9|5|
2015-07-03|6|1_CTs|CT8||78|69|77|40|18|19|28|235|21|15|12|9|25|13|2|13|9|12|11|268|12|8|24|24|27|24|51|291|71|359|153|172|204|466|217|421|185|205|426|399|178|358|189|145|132|140|152|135|137|146|148|363|166|135|146|134|162|424|158|166|147|398|389|153|166|130|431|182|196|429|416|445|403|182|198|689|183|399|196|631|155|613|651|141|105|336|118|101|99|106|583|323|345|310|336|335|
2015-07-03|6|1_CTs|CT9||79|71|306|43|29|18|19|29|16|7|16|11|9|7|11|250|7|9|12|14|19|20|288|39|296|37|54|65|337|124|183|248|307|246|569|339|310|268|261|229|230|225|491|463|436|179|452|217|439|183|189|184|196|434|181|191|182|200|187|217|203|210|729|474|222|451|499|254|272|236|489|243|257|269|482|725|213|209|197|215|205|409|142|132|137|123|130|347|369|79|100|87|107|86|82|114|
2015-07-03|6|1_CTs|CT10||43|36|32|27|30|14|16|14|11|14|8|8|8|9|5|6|6|3|5|7|5|11|10|20|21|280|29|48|46|53|95|104|135|163|214|212|477|424|163|410|82|58|96|128|139|141|153|161|134|132|155|423|136|109|153|132|125|131|154|160|184|708|295|804|303|260|173|480|212|243|693|492|373|350|240|250|768|237|474|202|190|174|155|170|131|87|80|64|67|73|59|42|63|39|43|51|
2015-07-03|6|1_CTs|CT11||43|42|34|291|8|13|11|10|271|3|6|5|6|6|7|5|230|7|9|8|14|12|16|35|289|48|57|74|98|149|222|750|273|290|568|548|783|257|493|201|100|47|117|112|436|170|158|173|153|167|173|182|454|435|154|168|160|187|179|178|397|141|149|415|140|160|451|199|178|202|185|190|184|161|174|177|161|156|636|425|172|390|138|156|129|623|364|99|76|332|59|13|2|2|2|3|
2015-07-03|6|1_CTs|CT12||71|55|297|28|20|11|15|20|14|14|16|8|9|11|5|7|5|7|6|13|11|11|17|25|31|31|50|53|50|84|367|392|179|229|540|566|293|532|214|459|436|408|486|451|448|195|193|178|181|171|196|467|204|155|195|183|175|198|183|182|452|215|277|331|562|210|481|557|299|341|271|274|796|301|559|294|259|271|238|247|480|214|430|211|166|143|114|93|91|94|83|54|74|63|81|74|
2015-07-03|6|1_CTs|CT15||42|30|28|16|256|15|20|15|11|7|16|6|17|7|14|3|11|10|18|270|24|22|27|33|33|35|55|68|75|93|353|150|170|158|208|220|436|184|402|397|145|155|133|110|130|111|123|352|130|131|124|623|364|123|107|304|206|137|118|106|356|104|596|106|126|124|111|126|143|129|610|132|142|148|381|351|104|118|123|112|119|346|90|338|75|316|76|306|52|49|40|269|290|45|312|47|
2015-07-03|6|1_CTs|CT16||50|43|38|39|29|15|20|11|16|12|7|8|9|8|5|9|9|5|10|6|13|10|11|282|25|31|33|58|335|94|169|458|221|227|253|282|523|272|238|183|90|42|423|215|204|432|449|167|176|411|174|440|447|158|435|165|144|199|446|185|396|173|407|160|165|436|149|215|238|227|702|455|217|202|215|476|727|421|178|202|424|418|417|423|149|125|118|96|90|85|312|69|65|57|323|51|
2015-07-03|6|1_CTs|CT17||30|22|11|21|16|9|267|16|10|13|15|6|6|9|5|7|9|6|6|11|10|3|8|6|267|13|22|24|280|308|294|41|74|73|45|47|563|54|39|48|44|282|67|50|43|31|40|41|36|295|36|318|40|41|40|51|299|48|37|50|47|34|45|47|41|55|63|65|74|77|339|80|77|86|61|82|324|59|65|68|59|57|43|55|63|56|28|28|31|29|25|19|30|23|19|25|
2015-07-03|6|1_CTs|CT18||81|322|77|55|280|44|41|26|26|15|24|12|26|16|13|19|21|14|19|264|26|10|22|24|291|36|53|69|597|112|172|465|252|287|299|584|578|283|295|223|191|712|242|485|241|261|237|215|231|186|241|488|234|207|190|202|204|495|219|239|436|253|226|232|238|218|218|245|262|296|282|280|661|373|269|285|276|227|232|461|463|718|459|433|173|170|149|145|106|129|605|98|92|92|361|615|
2015-07-03|6|1_CTs|CT19||67|57|29|32|19|25|29|22|22|21|13|264|7|8|6|9|7|260|4|10|7|8|8|13|12|9|24|21|271|46|48|556|96|383|391|178|166|160|398|117|125|136|144|621|377|151|132|146|143|166|158|144|405|134|370|127|111|136|132|146|376|142|151|394|386|179|164|175|184|448|715|214|236|231|212|202|194|188|158|150|158|403|373|125|116|109|82|86|84|64|70|307|70|321|59|76|
2015-07-03|6|1_CTs|CT20||273|28|276|22|5|9|16|13|16|8|7|4|4|3|4|7|6|3|9|8|3|4|9|12|10|22|23|18|41|45|55|321|86|362|358|410|385|125|377|27|108|389|357|385|116|112|128|102|336|40|116|14|73|65|16|43|10|69|382|125|346|115|629|101|109|83|21|347|47|353|259|294|87|127|32|100|95|37|344|82|56|324|327|6|92|11|53|72|68|80|320|64|55|37|50|309|
2015-07-03|6|1_CTs|CT21||93|100|305|43|47|35|29|28|16|17|18|11|17|13|21|19|17|25|29|32|47|300|51|69|59|81|106|99|366|214|759|340|320|504|292|547|573|270|279|524|220|230|236|410|232|220|223|213|230|198|223|200|221|201|179|213|447|186|247|471|194|201|176|450|187|210|440|231|503|269|242|237|235|229|222|220|214|193|495|202|192|466|191|185|163|137|359|135|405|111|331|131|116|366|109|372|
2015-07-03|6|1_CTs|CT22||112|99|82|81|59|36|55|57|42|31|34|57|228|25|29|22|252|34|45|61|46|44|66|60|62|77|89|95|121|141|174|395|439|427|258|285|523|265|252|224|436|468|237|234|230|250|262|240|288|284|268|274|502|240|234|234|433|516|254|274|283|265|1013|296|308|497|367|358|399|398|668|643|432|414|629|634|588|371|558|590|282|538|485|237|458|203|406|148|168|148|392|159|120|128|163|121|
2015-07-03|6|1_CTs|CT23||93|93|90|305|28|38|37|22|25|18|22|15|30|16|14|16|9|16|235|24|16|17|32|43|46|281|74|95|109|159|234|267|313|571|339|577|335|329|545|269|258|213|504|687|210|213|472|213|225|476|231|227|225|244|207|214|493|231|490|256|501|238|216|457|246|490|742|289|514|267|275|289|438|446|294|527|255|258|571|740|229|229|232|221|172|170|170|146|158|395|374|114|121|118|619|140|
2015-07-03|6|1_CTs|CT24||352|120|74|564|35|54|47|272|49|29|20|24|19|20|14|18|15|20|23|26|20|23|36|23|48|37|69|88|122|154|170|239|242|261|347|355|319|321|305|507|266|255|506|503|477|518|479|245|262|247|291|269|291|253|245|490|236|229|245|298|507|307|587|866|406|423|370|664|612|831|651|418|439|435|908|431|643|406|378|345|516|584|276|478|198|424|168|139|362|145|114|128|113|140|360|339|
