2012-10-26|22|1_CTs|CT1||14|14|12|9|9|5|3|5|3|6|1|2|6|4|3|7|6|6|4|7|5|9|21|19|14|23|28|40|46|64|83|152|206|195|212|219|203|185|197|118|84|87|82|81|78|72|87|77|85|80|80|98|90|97|77|82|90|77|86|84|73|91|71|75|98|95|91|112|162|190|178|165|167|180|183|145|87|75|86|64|87|70|70|74|57|51|36|27|26|28|23|32|23|24|21|27|
2012-10-26|22|1_CTs|CT2||13|14|6|17|8|5|3|3|3|4|1|1|4|1|1|2|3|2|0|4|6|10|6|9|16|13|15|23|23|30|34|79|70|75|90|104|105|90|80|59|33|37|41|50|41|38|40|39|48|47|43|44|36|44|40|38|41|41|44|38|43|50|42|40|50|36|48|50|83|97|82|76|79|64|88|79|55|42|44|41|35|39|27|31|26|32|27|32|27|21|23|22|16|16|25|19|
2012-10-26|22|1_CTs|CT3||61|63|49|36|34|16|21|17|9|10|12|13|14|9|7|13|12|6|4|12|15|22|14|28|33|38|44|67|86|119|172|310|334|403|438|399|438|391|387|314|210|214|199|206|200|207|201|179|202|207|212|236|213|195|216|253|201|230|229|238|211|229|233|223|242|254|259|286|349|391|386|407|399|348|364|388|294|257|226|215|216|217|166|212|161|123|135|106|115|105|95|94|79|85|97|77|
2012-10-26|22|1_CTs|CT4||30|27|22|13|19|12|11|13|9|14|6|12|9|5|8|4|5|8|16|5|10|9|19|18|26|29|30|51|61|77|99|138|181|198|227|238|227|217|221|200|196|186|170|149|159|164|131|153|149|163|176|157|169|178|160|151|169|169|161|155|178|180|189|159|198|205|207|210|245|229|217|255|241|261|227|274|229|239|206|174|216|199|168|160|124|103|103|88|75|79|73|59|47|60|45|48|
2012-10-26|22|1_CTs|CT5||51|34|21|28|27|11|11|13|10|10|12|14|12|3|7|8|7|8|12|10|11|15|12|26|28|29|39|50|69|81|124|203|256|335|266|279|302|261|243|233|206|186|182|168|185|180|160|184|166|198|209|195|199|222|175|190|197|219|200|177|185|194|221|213|222|238|259|251|288|323|270|337|267|330|300|326|290|276|247|179|203|212|184|171|145|133|105|86|76|94|67|74|62|72|65|56|
2012-10-26|22|1_CTs|CT6||23|28|14|20|22|11|7|13|8|11|5|5|7|6|3|3|4|6|10|3|8|8|11|13|18|14|22|31|44|32|50|60|91|96|107|147|132|147|102|120|97|102|103|103|101|113|109|110|111|94|116|100|121|106|105|101|106|129|106|110|111|103|131|125|153|142|156|167|181|183|181|220|180|198|179|203|197|176|135|131|191|152|142|94|100|88|66|71|45|64|52|50|44|51|44|46|
2012-10-26|22|1_CTs|CT7||5|3|3|4|1|0|0|1|1|0|2|1|2|1|1|1|3|2|0|3|2|3|5|1|2|5|4|10|10|14|15|33|36|40|19|37|25|20|28|25|14|26|21|27|29|27|18|20|22|24|23|35|27|22|20|27|33|20|23|25|15|26|23|23|18|23|24|27|32|32|26|20|12|17|28|23|15|21|11|20|24|21|17|11|17|18|13|7|13|6|10|6|11|7|8|8|
2012-10-26|22|1_CTs|CT8||30|30|18|19|12|8|10|2|3|4|5|12|7|2|3|8|3|4|0|0|4|3|2|7|3|6|6|12|11|21|26|62|75|102|93|88|91|103|73|83|79|59|61|70|88|73|73|92|66|84|86|85|78|84|81|94|58|74|83|92|66|81|76|95|73|76|91|102|94|111|94|90|98|94|86|100|112|85|104|95|55|86|77|67|56|48|55|43|54|43|37|37|25|40|41|33|
2012-10-26|22|1_CTs|CT9||46|27|23|16|18|11|14|10|7|12|16|11|10|8|7|11|7|10|7|9|15|13|12|23|31|43|27|57|104|159|232|347|343|345|288|281|283|283|287|280|214|214|186|178|182|192|182|187|177|234|217|229|238|207|217|194|213|199|213|198|181|123|187|197|201|224|236|214|262|242|225|226|211|205|183|177|177|179|158|136|155|169|166|156|147|115|75|78|76|68|60|53|56|76|61|73|
2012-10-26|22|1_CTs|CT10||0|0|2|1|1|0|0|0|1|0|1|1|1|2|1|1|1|1|2|1|1|1|2|5|4|8|7|6|2|7|6|13|75|36|5|8|8|9|10|12|6|1|4|5|6|1|5|10|9|11|5|5|8|4|8|8|4|14|11|5|4|5|11|11|6|5|5|9|7|5|10|2|6|3|4|6|2|5|4|2|3|3|2|3|3|5|2|3|4|3|10|31|21|0|1|2|
