2017-08-20|2|1_CTs|ct1||153|99|106|90|89|65|65|53|60|50|41|50|272|287|30|32|23|23|27|26|26|10|27|18|24|43|37|44|41|46|308|53|46|61|78|101|82|84|90|128|331|112|138|129|136|133|128|124|171|412|142|145|397|362|103|129|385|131|121|372|126|147|132|131|122|153|395|130|143|116|136|144|149|148|137|409|159|159|422|149|149|406|401|146|133|146|130|112|131|128|103|365|104|102|90|79|
2017-08-20|2|1_CTs|ct2||85|281|98|64|56|40|44|38|39|34|31|38|29|279|23|22|14|16|17|20|18|6|12|13|14|25|16|21|9|20|272|20|14|28|284|38|36|32|54|63|54|62|50|58|59|63|307|74|78|323|55|69|67|61|61|57|52|59|53|64|51|60|318|64|57|67|59|309|53|57|52|69|73|65|64|70|70|67|309|67|57|79|76|63|68|72|50|53|68|62|57|64|60|52|53|53|
2017-08-20|2|1_CTs|ct3||377|66|89|70|52|50|46|36|41|38|34|26|26|24|26|24|19|20|16|270|19|13|15|11|14|23|13|29|21|24|36|43|270|34|51|58|63|317|68|86|78|80|107|357|116|89|104|328|125|118|98|107|99|90|343|88|107|76|96|89|339|101|346|96|347|109|109|91|95|99|102|350|95|102|103|124|377|111|106|115|96|121|115|95|77|103|309|73|89|98|66|69|76|317|57|50|
2017-08-20|2|1_CTs|ct4||50|61|43|34|45|31|38|26|29|24|26|273|281|17|21|22|14|30|21|21|20|7|19|11|25|18|12|14|19|13|273|23|21|27|36|26|35|37|31|29|47|48|64|52|45|50|46|48|66|69|71|71|316|318|323|55|37|65|57|54|61|70|551|56|61|64|71|571|74|336|61|81|64|56|60|67|317|320|50|42|68|46|64|49|47|47|52|42|39|61|47|46|58|47|53|311|
2017-08-20|2|1_CTs|ct5||49|47|54|39|42|51|28|28|26|20|19|15|19|24|22|19|9|12|276|11|8|6|16|7|5|14|11|8|14|21|12|22|19|32|34|23|36|36|34|39|46|44|47|58|53|44|63|54|60|59|72|324|309|43|46|45|318|60|52|61|63|62|63|56|65|61|53|48|66|64|65|64|57|317|53|63|44|59|311|45|53|53|46|45|41|296|43|48|35|40|34|300|41|43|310|48|
2017-08-20|2|1_CTs|ct6||142|383|109|93|363|110|91|91|83|328|316|48|67|58|62|42|34|49|51|30|32|27|33|21|31|40|33|26|33|38|35|39|304|58|61|48|80|329|77|71|95|87|97|87|372|343|357|92|109|98|110|115|98|104|346|112|96|142|102|370|134|113|870|108|126|131|386|374|126|115|136|377|369|127|376|386|144|115|116|109|369|114|116|120|376|118|625|105|111|112|136|372|133|645|132|135|
2017-08-20|2|1_CTs|ct17||450|402|172|126|129|93|96|85|98|76|87|60|54|65|68|55|34|53|43|72|41|30|44|21|31|45|41|47|41|44|59|73|57|333|92|95|114|105|125|136|406|146|165|178|186|407|198|175|201|470|179|174|173|397|134|140|422|158|168|425|406|173|686|423|174|180|180|423|177|448|193|181|171|436|183|195|188|183|449|166|418|197|177|413|395|186|149|144|126|145|132|638|129|372|99|99|
2017-08-20|2|1_CTs|CT19||70|275|89|298|41|38|39|293|43|21|26|15|24|19|17|18|12|11|6|15|9|9|9|11|11|12|15|21|17|14|24|37|29|28|40|30|45|50|44|57|69|68|80|90|75|333|334|337|93|100|90|75|87|67|65|64|79|70|69|82|326|43|334|66|331|83|110|582|95|608|88|92|340|92|90|88|101|578|351|70|75|80|94|64|59|76|332|57|67|60|41|305|56|57|48|49|
2017-08-20|2|1_CTs|CT20||67|76|315|73|62|58|55|53|44|60|56|52|44|309|52|45|283|26|25|37|36|15|27|15|13|18|23|12|19|13|12|281|18|280|40|23|34|41|46|49|312|51|56|62|59|47|330|59|65|70|69|321|58|319|61|62|571|313|52|327|54|59|808|58|318|61|51|66|69|580|66|72|328|327|59|78|318|324|330|83|67|69|328|326|61|60|310|49|313|61|331|309|54|53|68|44|
2017-08-20|2|1_CTs|CT21||290|41|40|29|29|28|40|23|19|23|27|276|15|23|22|19|265|12|11|19|16|5|8|4|6|12|9|6|9|8|5|9|14|17|260|22|275|24|30|29|36|31|293|36|39|39|56|51|50|306|63|34|41|32|302|37|44|30|265|31|40|32|770|32|291|31|44|43|40|537|296|297|307|37|37|37|38|285|49|45|40|295|45|48|33|32|35|28|32|29|23|40|28|255|33|263|
