2012-03-08|3|1_CTs|ct1||72|60|39|20|18|27|8|12|9|5|8|7|6|3|2|3|2|2|9|3|4|9|10|23|18|16|35|48|40|87|140|179|235|258|238|215|245|212|193|217|208|162|190|181|174|184|189|177|193|193|206|191|204|194|197|200|203|208|228|220|223|222|223|189|201|198|195|205|190|209|211|202|224|201|226|216|204|212|219|221|224|188|209|231|235|209|151|128|114|106|105|103|82|98|94|75|
2012-03-08|3|1_CTs|ct3||154|146|102|72|57|67|50|45|32|28|21|30|22|18|14|17|19|14|19|35|43|37|38|78|61|63|124|115|136|211|330|387|495|534|483|534|531|512|465|542|507|479|458|443|441|431|423|437|410|420|422|473|448|456|443|431|469|487|519|453|509|469|457|453|449|422|429|405|382|399|367|346|356|344|378|419|347|333|372|396|443|371|481|428|459|450|315|304|209|277|259|229|220|233|240|202|
2012-03-08|3|1_CTs|ct5||172|101|105|65|80|68|50|40|55|40|38|38|23|19|18|22|18|28|28|22|42|32|28|50|67|74|87|104|125|172|194|278|325|331|368|364|362|365|377|360|340|352|356|300|294|335|297|308|337|328|291|294|289|305|284|256|300|328|345|311|329|277|332|263|262|288|342|289|342|276|341|392|369|392|334|334|322|335|306|261|336|283|292|256|238|255|212|190|200|214|211|186|214|182|184|171|
2012-03-08|3|1_CTs|ct6||101|78|79|52|56|45|44|32|31|20|20|21|19|15|14|22|10|25|15|12|7|10|21|18|17|30|20|36|32|52|81|128|173|186|215|229|207|224|201|178|142|158|165|174|175|166|180|172|183|196|234|208|213|193|194|173|184|188|238|174|221|230|220|251|230|264|257|248|264|300|305|306|282|313|297|269|272|280|298|266|289|295|222|187|158|156|159|140|160|182|152|163|126|143|134|166|
2012-03-08|3|1_CTs|ct7||127|96|84|75|65|50|44|33|40|35|33|31|28|22|18|15|16|18|18|14|14|26|22|32|30|39|37|35|43|68|78|100|145|147|170|193|192|184|187|182|162|153|176|212|179|178|199|184|203|175|213|192|210|179|148|180|177|181|245|214|261|248|253|197|224|236|215|185|188|192|181|172|173|155|195|174|159|164|180|202|205|191|165|169|126|158|130|134|121|142|181|141|138|180|179|182|
2012-03-08|3|1_CTs|ct9||100|96|77|76|74|67|79|84|58|51|18|48|44|18|22|33|38|39|24|25|28|19|27|34|13|32|36|35|48|76|101|162|169|210|218|218|206|248|220|195|189|185|146|146|168|160|143|170|177|165|195|148|147|139|128|151|207|187|185|213|304|158|159|171|164|247|179|178|191|192|123|242|212|213|196|203|249|223|175|212|275|217|170|150|141|92|93|99|94|109|111|105|113|124|134|183|
2012-03-08|3|1_CTs|ct10||71|61|54|49|35|31|42|36|34|30|32|14|21|14|21|14|12|14|17|25|16|13|19|23|23|22|20|24|37|37|59|91|128|135|135|131|138|151|149|153|128|132|108|131|144|107|139|126|134|121|107|129|130|144|125|118|120|126|133|142|142|129|125|122|131|149|151|140|153|147|164|144|150|138|115|142|143|112|122|114|131|110|113|121|101|90|94|85|79|75|85|79|94|78|94|100|
2012-03-08|3|1_CTs|CT11||29|20|27|22|14|26|22|20|11|13|12|16|26|17|11|17|13|22|18|10|10|10|18|14|13|13|22|34|26|26|48|42|47|57|68|59|61|66|49|59|62|56|62|62|56|66|66|51|60|58|51|58|63|58|51|54|55|64|59|57|53|54|67|56|62|57|54|63|45|52|58|70|58|55|60|57|56|62|52|57|64|53|61|50|43|45|62|47|50|58|44|47|53|41|39|45|
2012-03-08|3|1_CTs|CT12||23|23|22|22|14|22|15|16|17|18|19|7|10|12|12|11|4|8|14|17|9|12|7|17|13|12|16|12|18|22|24|14|23|25|22|34|28|32|33|32|50|46|38|46|36|38|41|40|46|42|42|42|44|36|37|34|37|43|34|42|41|42|30|38|42|42|34|43|34|33|48|27|39|29|49|43|45|30|41|34|41|42|31|40|48|35|27|36|32|37|33|28|29|34|36|35|
2012-03-08|3|1_CTs|CT16||27|28|21|17|18|21|21|11|16|15|17|11|10|17|3|7|11|5|6|6|7|8|7|6|6|7|12|8|12|17|22|21|35|45|46|49|50|44|42|44|57|42|42|36|56|41|41|50|50|45|53|42|47|42|37|32|41|36|46|35|49|46|43|42|54|52|69|49|59|58|54|54|65|60|62|59|59|46|44|47|44|42|34|47|32|27|37|41|27|25|32|34|29|26|34|32|
2012-03-08|3|1_CTs|ct17||82|68|58|43|46|42|30|21|32|24|26|16|18|12|15|12|15|20|17|18|23|19|17|29|20|22|33|41|68|70|126|248|292|274|320|328|341|329|281|291|264|262|199|219|220|221|202|214|232|213|191|219|221|233|205|207|202|228|258|254|237|246|215|215|247|276|277|269|266|250|270|247|267|223|238|209|206|198|169|212|199|185|173|182|159|124|141|127|126|107|115|97|97|107|127|98|
2012-03-08|3|1_CTs|ct18||121|86|86|73|61|59|50|56|46|41|46|20|27|24|22|18|19|19|26|27|23|23|25|39|41|35|44|44|67|74|100|169|239|211|215|258|220|217|273|206|210|216|151|192|203|191|173|190|192|155|159|189|178|191|174|164|185|174|206|173|185|176|185|192|176|175|179|193|166|143|198|192|200|149|183|189|171|145|185|185|178|158|163|174|146|138|139|131|130|124|138|122|135|111|156|136|
2012-03-08|3|1_CTs|ct19||1|5|1|0|0|1|0|1|1|0|0|0|0|1|0|0|0|0|0|0|0|0|2|2|4|10|9|7|10|12|11|8|8|16|6|10|9|12|5|6|8|11|8|5|8|6|7|9|8|7|8|9|4|6|12|10|9|6|7|6|6|12|9|7|9|11|8|9|6|12|8|6|8|7|10|13|9|10|11|8|12|8|9|6|7|6|2|1|0|0|0|2|0|4|0|5|
2012-03-08|3|1_CTs|ct20||64|59|73|48|33|28|26|24|23|17|17|17|13|12|10|9|11|8|10|18|10|12|17|16|24|29|64|63|103|107|170|211|195|231|222|194|175|202|193|174|151|196|197|194|198|184|205|199|205|201|184|218|201|198|191|172|201|203|198|210|193|202|212|195|223|227|209|217|234|236|188|225|217|199|208|148|182|220|191|192|182|219|192|181|170|159|123|130|110|110|134|118|135|108|115|130|
2012-03-08|3|1_CTs|ct22||31|10|3|7|1|1|0|1|2|5|0|1|1|4|4|0|3|1|3|1|1|0|2|0|5|4|4|5|5|9|6|13|23|35|17|21|18|21|26|11|27|18|23|18|28|22|32|25|26|33|34|33|33|22|28|16|29|34|26|36|34|43|32|24|31|41|43|45|49|49|43|52|64|58|43|50|40|36|46|26|55|30|29|28|14|14|16|9|6|12|9|7|9|12|14|29|
2012-03-08|3|1_CTs|CT23||118|120|55|49|36|30|24|25|12|19|17|10|31|8|7|14|0|14|4|10|8|12|8|1|10|15|18|34|44|89|123|182|246|277|275|253|273|227|206|191|167|173|165|167|183|214|204|224|217|226|238|245|242|236|250|214|223|211|251|255|216|250|270|283|250|277|324|300|342|381|380|391|419|387|443|414|409|408|374|342|388|310|335|320|267|241|202|182|190|180|169|122|139|136|129|140|
2012-03-08|3|1_CTs|ct24||173|169|122|106|77|66|59|37|56|43|37|30|32|23|28|34|31|34|38|31|41|53|96|99|151|185|311|517|676|872|1058|973|937|987|894|945|942|848|885|851|947|949|929|928|884|780|768|807|785|727|803|869|764|769|741|803|794|874|913|903|829|852|872|832|757|836|828|864|814|907|925|901|928|950|948|823|814|761|710|746|745|711|595|574|406|420|370|390|379|367|326|312|301|295|239|231|
