2011-08-07|22|1_CTs|CT1||17|14|11|11|8|9|12|5|3|4|3|6|5|3|6|7|5|7|5|7|5|9|13|13|20|14|10|13|13|20|22|16|20|25|22|17|9|20|25|26|31|39|29|28|24|40|42|32|44|36|25|51|40|38|29|38|27|33|24|36|36|34|25|39|41|46|40|43|50|41|37|58|47|54|46|46|44|49|41|45|26|52|39|32|20|44|35|31|22|37|29|20|26|38|22|29|
2011-08-07|22|1_CTs|CT2||34|22|27|27|18|26|17|16|13|5|5|5|10|6|10|10|6|11|9|5|11|9|9|18|24|28|29|30|29|37|31|45|28|37|42|40|36|32|32|44|54|73|71|59|57|66|58|63|70|65|62|56|59|78|60|69|76|62|63|65|72|63|69|70|76|72|54|63|68|70|67|64|69|71|67|78|74|62|65|66|53|76|58|58|43|55|50|44|48|51|41|31|20|49|40|38|
2011-08-07|22|1_CTs|CT3||50|37|34|38|27|34|27|20|24|18|16|11|16|16|9|9|8|16|13|13|13|15|10|13|19|29|29|28|30|41|44|42|41|47|45|52|49|57|43|45|59|76|77|80|64|68|81|81|94|71|90|82|87|91|94|97|98|92|87|86|98|115|92|98|105|110|75|81|92|96|94|84|78|95|96|112|88|80|89|94|79|83|76|76|71|81|63|60|80|72|60|54|37|58|69|50|
2011-08-07|22|1_CTs|CT4||32|22|26|24|18|11|11|15|10|18|11|8|15|9|11|5|4|7|8|10|6|5|6|11|12|15|15|16|28|24|28|34|23|36|33|30|38|34|31|54|39|45|59|64|49|62|63|46|68|73|52|76|105|51|49|44|56|51|54|64|49|59|73|60|58|58|63|68|66|58|77|69|72|58|93|79|77|85|67|73|121|75|75|47|54|67|44|40|36|44|41|26|29|38|35|35|
2011-08-07|22|1_CTs|CT5||36|27|25|22|18|15|17|15|11|14|6|12|14|8|6|6|9|5|7|12|8|8|9|13|14|20|16|22|30|27|28|32|28|35|30|47|29|40|36|57|46|63|83|84|51|67|66|56|68|74|60|75|93|60|51|60|47|55|51|86|61|62|85|74|58|72|73|64|63|59|81|79|71|62|75|89|84|96|71|86|93|86|59|52|57|58|51|50|40|43|33|27|29|41|36|38|
2011-08-07|22|1_CTs|CT6||33|23|21|13|12|6|10|12|5|6|3|11|6|3|5|5|11|4|6|8|6|5|10|18|13|16|9|13|27|15|17|23|19|25|17|27|31|28|42|50|36|45|54|58|34|47|46|43|47|57|53|46|69|49|50|57|46|43|43|58|50|43|51|48|47|45|67|58|54|41|47|49|46|45|50|67|55|58|50|63|58|50|36|35|35|32|48|38|36|34|39|32|26|26|33|32|
2011-08-07|22|1_CTs|CT7||5|2|6|4|7|4|4|3|1|1|1|0|1|0|1|2|1|4|1|0|0|3|2|6|3|3|2|2|3|3|6|5|3|5|9|5|1|7|4|8|11|11|10|8|8|17|13|11|7|17|12|12|11|18|9|9|6|4|9|9|7|7|7|11|17|8|6|7|13|12|9|7|13|16|14|16|14|11|13|17|12|11|11|11|5|11|10|9|8|10|8|7|4|8|9|7|
2011-08-07|22|1_CTs|CT8||19|12|7|8|5|8|14|8|6|11|6|1|8|4|2|2|6|5|5|1|1|7|1|1|4|7|6|12|13|7|5|6|10|6|10|16|12|17|9|14|17|21|35|26|18|22|33|29|45|28|40|38|34|19|22|13|21|11|7|14|8|11|18|5|9|13|7|12|13|7|17|9|9|10|16|14|5|9|11|15|13|14|7|11|15|15|5|11|10|9|5|11|6|7|13|2|
2011-08-07|22|1_CTs|CT9||29|31|26|20|17|18|18|14|23|19|14|8|12|12|16|5|8|6|6|10|17|10|8|11|17|14|14|26|18|43|36|41|26|29|37|36|37|52|45|43|49|66|58|72|46|51|68|71|70|66|74|71|70|68|81|84|51|73|60|80|64|60|70|77|67|61|58|61|64|67|99|59|72|78|79|79|74|76|71|78|56|79|62|64|46|64|53|57|49|49|47|41|41|46|41|47|
2011-08-07|22|1_CTs|CT10||0|1|1|1|0|1|0|2|1|0|0|0|1|0|0|1|0|0|1|1|1|0|0|2|3|2|1|1|2|3|2|1|1|1|2|1|3|0|0|2|1|1|2|1|1|1|1|2|4|3|1|3|1|4|1|1|1|3|2|3|3|4|1|2|2|4|1|1|3|1|4|2|3|2|3|2|2|2|2|1|0|4|2|1|3|2|1|2|1|2|2|2|1|0|1|1|
