2015-12-28|3|1_CTs|ct1||42|33|35|27|16|12|13|11|15|8|11|7|6|6|4|1|260|7|4|4|3|5|6|12|13|21|26|26|40|65|88|109|144|140|385|476|173|180|139|163|180|380|157|153|165|134|162|201|153|180|178|195|171|422|411|139|398|188|205|436|963|185|441|186|195|685|156|452|186|208|187|429|170|190|186|200|183|187|152|143|140|141|384|112|103|98|69|80|78|71|318|63|38|44|45|58|
2015-12-28|3|1_CTs|ct3||64|65|45|45|20|10|22|18|17|6|274|5|12|271|19|7|12|11|12|11|16|14|15|26|33|40|58|49|46|89|116|392|923|423|687|501|223|473|202|207|483|477|459|227|226|215|195|753|493|231|260|229|233|734|486|474|491|505|241|466|725|234|198|471|212|201|475|454|450|173|685|435|143|436|184|447|184|460|448|220|430|427|179|184|164|140|381|123|129|119|95|98|360|76|344|104|
2015-12-28|3|1_CTs|ct5||98|80|72|518|53|45|28|27|31|18|18|12|13|17|10|5|8|6|12|11|8|13|17|18|6|21|19|29|51|308|345|109|126|137|178|464|460|457|466|426|147|162|183|461|466|174|206|190|197|216|232|238|752|436|198|420|509|198|483|697|225|480|246|250|258|245|530|550|542|299|248|522|552|811|293|511|287|742|490|248|220|197|192|147|119|124|359|112|135|126|100|109|117|125|114|105|
2015-12-28|3|1_CTs|ct6||16|10|6|5|3|2|5|4|3|1|2|4|2|0|1|1|1|1|2|2|2|3|0|2|5|5|7|14|17|17|20|28|29|48|43|48|49|43|46|37|52|46|36|51|298|45|44|40|46|46|281|52|51|50|283|303|44|48|56|57|60|321|40|48|69|83|58|60|83|68|78|65|89|87|79|61|60|72|53|44|48|49|39|284|23|16|17|15|269|22|19|20|27|14|11|10|
2015-12-28|3|1_CTs|ct7||105|74|70|282|60|54|35|43|46|297|34|23|22|24|18|16|258|13|22|16|20|17|22|24|271|25|31|41|42|45|563|840|81|83|378|377|138|388|132|119|130|123|181|653|382|172|154|409|164|425|149|174|412|419|168|160|164|161|157|198|716|190|95|87|363|88|75|90|345|317|68|115|145|349|144|395|416|155|160|144|381|154|142|122|111|112|116|96|363|631|114|95|111|109|359|92|
2015-12-28|3|1_CTs|ct8||51|36|31|249|39|21|19|21|17|16|16|17|14|8|11|9|9|7|5|6|9|11|15|13|256|14|18|26|26|21|30|297|49|43|86|68|103|339|78|84|339|320|116|352|108|113|113|354|344|103|99|104|365|120|618|110|105|125|354|126|146|132|137|143|408|137|134|123|115|102|386|131|126|113|362|363|629|180|274|103|90|88|95|93|88|305|87|63|67|582|72|57|60|71|56|51|
2015-12-28|3|1_CTs|ct9||81|65|50|68|65|51|223|105|26|31|30|30|25|25|18|12|12|270|14|19|12|275|23|30|20|26|292|47|120|362|86|126|127|155|239|501|502|237|438|436|459|139|150|146|425|139|130|155|154|158|131|182|156|142|661|411|169|412|184|712|404|693|187|223|196|473|209|209|187|196|192|165|218|204|177|161|180|166|131|162|155|130|127|107|352|86|62|106|102|319|72|102|348|90|91|107|
2015-12-28|3|1_CTs|ct10||70|66|69|56|46|50|47|25|36|38|25|15|16|14|17|16|13|13|16|16|19|14|16|15|14|19|22|28|36|40|46|65|94|85|107|122|127|111|108|134|131|129|115|115|108|112|123|138|119|131|142|139|136|136|112|135|122|166|145|142|148|154|160|139|143|153|154|150|155|147|149|127|133|157|128|139|145|120|103|146|129|119|102|90|82|80|86|81|86|87|69|84|70|90|86|83|
2015-12-28|3|1_CTs|ct13||142|150|108|88|94|376|58|50|71|56|273|38|30|38|30|42|22|26|42|28|47|42|50|53|56|65|338|88|78|380|160|203|432|219|237|239|255|282|248|1391|821|519|522|806|371|300|320|248|466|293|156|255|300|312|291|288|252|222|280|744|224|263|285|558|250|219|545|251|533|250|293|82|0|0|0|0|0|0|0|0|0|0|0|0|0|0|0|0|0|0|0|0|0|78|180|146|
2015-12-28|3|1_CTs|ct14||44|46|42|281|20|17|15|17|11|267|11|9|14|6|5|5|4|8|9|4|6|13|10|273|29|34|73|118|159|203|196|255|456|220|265|257|242|259|521|740|207|477|477|193|187|157|180|185|414|178|690|406|141|412|117|147|444|443|462|200|467|185|183|193|165|187|433|146|420|166|174|202|201|476|715|230|219|479|194|176|669|392|385|94|90|83|67|341|85|329|68|75|57|66|313|306|
2015-12-28|3|1_CTs|CT16||74|336|130|59|50|66|54|47|30|58|277|41|18|22|2|12|3|24|35|22|30|49|40|63|40|70|298|40|53|109|344|137|148|366|96|380|206|461|423|152|179|474|180|455|195|182|168|179|185|178|676|438|223|157|146|439|197|194|508|459|193|242|226|252|204|447|187|202|472|458|204|483|495|259|270|220|478|168|189|446|150|148|426|119|130|142|81|120|126|98|130|103|132|94|69|372|
2015-12-28|3|1_CTs|ct18||92|72|87|75|63|56|55|36|41|36|24|26|24|15|20|16|16|15|25|15|26|21|25|26|31|28|40|46|53|72|90|126|144|172|180|190|188|214|200|198|183|180|163|176|176|184|174|166|152|173|199|191|180|201|160|187|173|208|213|202|188|211|223|224|183|204|189|185|207|207|186|157|163|191|185|195|158|133|165|160|167|152|159|130|119|110|111|101|119|132|109|114|95|116|113|106|
2015-12-28|3|1_CTs|ct19||0|1|0|0|0|0|0|0|0|2|0|1|0|0|0|0|0|0|0|0|0|0|1|3|1|9|4|3|4|5|10|4|5|4|7|4|8|7|6|3|4|6|8|3|5|7|5|3|6|7|3|10|5|4|5|8|4|4|5|4|6|4|4|11|6|3|6|8|6|3|9|6|4|4|6|8|6|7|7|5|2|4|3|7|3|2|2|1|0|2|2|0|0|1|0|1|
2015-12-28|3|1_CTs|ct20||0|0|0|0|0|0|0|0|0|0|0|1|0|0|0|0|0|0|0|0|0|0|0|0|0|0|0|0|0|0|0|0|0|0|0|0|0|0|0|0|0|0|0|0|0|0|0|0|0|0|0|0|0|0|0|0|0|0|0|0|0|0|0|0|0|0|0|0|0|0|0|0|0|0|0|0|0|0|0|0|0|0|0|0|0|0|0|0|0|0|0|0|0|0|0|0|
2015-12-28|3|1_CTs|ct22||2|2|2|2|0|1|2|2|1|0|0|0|3|0|0|1|2|0|1|1|2|1|0|2|1|0|0|1|3|1|6|8|15|12|22|19|18|17|30|283|21|28|15|15|293|28|23|20|20|28|28|24|21|18|16|10|20|24|23|19|31|21|30|22|31|24|36|301|56|42|49|43|58|39|46|35|32|27|27|20|21|22|10|11|7|6|5|261|3|9|2|7|2|5|1|4|
2015-12-28|3|1_CTs|CT23||128|99|60|59|51|25|35|18|36|18|21|16|19|15|11|9|269|13|13|9|13|18|14|20|17|14|26|23|48|340|103|147|184|194|495|532|309|1016|478|229|231|448|216|195|216|243|487|279|241|303|325|360|844|281|290|202|229|271|582|308|331|321|689|355|377|674|390|426|449|513|751|1238|790|847|575|535|502|513|701|345|362|349|563|226|239|218|448|182|196|165|148|403|134|132|126|415|
2015-12-28|3|1_CTs|ct24||167|425|151|105|365|66|60|53|51|292|45|29|35|32|30|28|27|30|56|42|43|48|80|101|120|195|535|463|553|926|1022|849|848|1132|936|850|1096|1413|906|1352|966|1100|883|1141|801|811|834|1026|789|820|1110|1093|1036|1273|1276|1514|1091|1145|1188|1059|834|771|630|750|677|691|956|662|914|676|930|735|797|1060|1140|771|1062|757|668|652|621|870|488|478|654|387|315|604|327|300|281|276|269|278|494|443|
