2012-07-16|7|1_CTs|CT1||17|20|14|7|14|13|7|14|9|6|7|7|5|2|6|4|4|5|2|4|9|6|8|13|7|9|16|24|26|49|77|101|113|158|146|188|168|155|177|186|166|165|141|132|142|127|123|123|105|109|128|110|107|99|91|90|108|119|131|129|141|126|128|98|126|132|120|128|136|146|125|144|139|154|172|140|133|135|112|106|106|79|64|69|62|55|59|60|53|53|56|58|42|32|36|40|
2012-07-16|7|1_CTs|CT2||390|711|751|534|494|551|778|289|246|216|235|922|600|287|160|188|977|671|708|749|690|855|864|926|1151|612|453|1137|404|443|101|668|135|188|57|63|124|16|2193|111|109|107|195|341|373|185|184|141|131|131|119|127|140|151|108|151|122|163|126|119|137|132|238|207|414|2117|698|186|195|209|284|210|226|214|129|174|428|200|141|181|146|110|110|95|87|100|88|124|178|80|77|74|171|1854|505|216|
2012-07-16|7|1_CTs|CT4||20|30|27|20|20|13|30|25|20|13|13|5|10|7|13|12|3|7|3|8|3|8|7|5|3|1|3|3|7|1|2|0|2|3|10|12|15|8|6|7|8|14|20|12|13|14|6|15|10|16|13|26|27|8|18|18|11|15|18|16|21|27|23|31|30|26|52|64|66|50|61|66|52|52|50|45|33|52|53|54|29|34|26|14|10|15|22|8|16|21|25|18|22|34|30|30|
2012-07-16|7|1_CTs|CT6||38|26|26|32|28|13|19|23|14|10|14|12|12|18|6|6|9|6|7|11|18|8|14|12|15|6|13|21|23|31|63|57|83|120|111|127|125|149|103|141|135|146|125|140|125|116|119|131|136|121|125|115|124|144|98|131|129|155|141|140|153|136|152|148|144|169|130|147|184|198|163|179|175|196|191|184|181|160|163|154|149|137|96|111|84|82|73|72|73|71|69|65|53|38|41|46|
2012-07-16|7|1_CTs|CT7||25|18|17|11|26|18|18|16|18|14|13|7|11|8|12|3|10|9|8|11|14|11|9|27|20|16|17|33|34|55|58|61|82|80|99|105|95|127|141|108|103|85|112|111|115|107|112|102|115|98|91|114|120|80|66|108|107|98|91|134|95|109|126|127|127|136|107|111|153|130|137|149|150|154|120|138|140|129|119|104|124|96|85|76|51|55|61|58|51|51|49|32|37|41|34|46|
2012-07-16|7|1_CTs|CT8||114|109|84|76|64|47|55|43|45|47|27|20|20|33|24|23|22|28|34|59|73|70|78|90|102|122|119|177|183|242|303|366|385|403|435|426|382|406|367|399|377|371|332|340|344|347|321|337|298|292|306|295|269|302|257|323|310|328|349|378|326|307|321|330|302|332|320|332|315|400|333|343|408|434|419|358|361|326|311|258|276|235|220|183|155|180|148|203|171|162|169|171|147|125|119|106|
2012-07-16|7|1_CTs|CT9||68|69|50|31|44|35|38|24|48|31|20|20|17|15|14|21|14|17|19|37|39|51|48|42|55|66|66|88|101|138|218|209|231|233|253|271|270|254|260|250|268|201|234|228|219|204|196|210|188|192|205|195|169|186|146|183|169|195|215|207|220|190|221|223|210|210|201|210|193|211|188|204|245|246|237|247|239|209|185|175|157|138|129|128|127|110|100|114|121|99|105|107|105|77|60|65|
2012-07-16|7|1_CTs|CT10||96|82|63|54|50|73|52|57|53|43|34|49|37|38|32|39|34|26|27|45|46|47|53|45|47|48|61|56|90|105|101|152|180|177|244|242|231|231|234|226|229|214|226|253|254|275|277|256|268|241|235|251|280|222|235|219|225|250|255|219|283|247|280|272|266|264|288|298|294|331|367|329|260|270|292|296|278|296|275|257|275|206|210|197|149|144|158|149|145|152|133|123|138|142|123|123|
2012-07-16|7|1_CTs|CT11||95|63|63|58|72|65|45|47|50|53|34|43|28|33|28|41|36|23|31|39|44|52|52|49|59|54|68|72|89|130|124|131|187|216|221|236|229|236|246|219|269|234|240|273|259|287|272|280|287|241|268|224|268|248|278|240|269|255|261|249|283|303|333|308|307|444|411|355|353|457|479|357|427|574|421|328|286|311|271|281|302|246|200|209|145|135|127|147|152|127|142|117|121|136|112|136|
2012-07-16|7|1_CTs|CT12||50|39|33|36|35|24|22|20|23|13|18|15|19|21|8|10|8|12|6|12|20|10|21|11|17|16|22|27|33|34|68|100|112|126|148|189|169|217|171|189|172|165|168|181|191|177|162|187|201|198|180|182|204|161|147|170|153|204|174|198|199|206|200|212|223|211|232|224|260|264|226|247|249|289|261|258|248|226|230|233|193|182|159|125|115|97|105|105|89|87|98|83|80|78|72|62|
2012-07-16|7|1_CTs|CT13||10|8|5|6|12|9|5|5|8|4|6|4|2|4|7|2|5|4|2|6|4|4|4|10|7|6|8|10|15|23|34|33|39|33|36|51|43|77|73|42|58|32|52|40|56|38|49|43|52|28|45|43|60|40|32|43|45|45|48|59|41|45|59|45|48|36|38|50|50|49|49|69|17|73|68|76|61|59|50|55|57|52|41|43|32|34|36|28|23|15|12|20|17|11|14|25|
2012-07-16|7|1_CTs|CT14||109|87|88|79|73|61|62|61|52|55|38|31|21|22|30|38|33|28|38|52|62|59|61|83|74|84|96|134|125|158|225|214|285|309|340|354|404|349|365|339|326|333|347|319|323|375|340|390|360|341|328|342|317|311|323|308|347|314|359|329|359|363|353|364|382|387|415|444|418|494|443|504|486|502|454|422|463|511|452|444|347|330|292|262|207|203|185|193|211|177|163|160|147|140|145|136|
2012-07-16|7|1_CTs|CT15||14|13|9|17|13|11|10|6|7|10|2|5|5|6|7|2|5|6|6|5|6|4|7|7|7|5|9|12|24|20|32|35|43|60|65|76|68|66|49|50|49|57|45|41|40|38|61|42|30|43|43|41|44|49|47|44|48|56|45|59|36|52|46|56|56|55|46|67|62|52|63|48|63|79|69|55|72|51|52|52|39|40|30|37|35|33|29|42|21|18|35|21|26|22|17|24|
