2011-09-07|6|1_CTs|CT1||0|1|1|1|1|2|0|3|1|0|0|2|0|0|0|1|0|2|1|2|3|0|5|3|5|6|4|3|6|2|7|4|11|5|3|8|9|3|7|3|4|7|5|10|5|3|12|5|7|5|4|9|6|5|3|8|7|3|3|10|4|13|8|2|11|2|6|8|6|6|5|5|3|6|8|1|6|4|4|7|4|5|5|6|3|2|1|2|2|5|18|28|27|10|2|3|
2011-09-07|6|1_CTs|CT3||13|12|10|20|13|12|8|3|7|5|3|4|1|4|2|3|3|7|13|14|17|17|27|37|19|42|43|57|61|62|80|83|97|77|78|101|90|83|77|79|76|40|50|60|51|73|45|58|51|66|51|64|53|64|67|44|46|57|60|49|48|60|48|63|62|68|65|76|70|60|56|72|63|79|66|52|58|58|41|34|42|52|35|36|26|33|34|28|36|26|19|19|33|28|21|18|
2011-09-07|6|1_CTs|CT4||9|3|4|6|3|4|3|3|2|0|1|2|1|2|2|2|1|1|1|2|0|1|0|2|1|1|5|6|7|7|10|18|19|20|11|20|21|29|17|18|5|11|21|23|23|15|17|22|27|24|21|17|24|20|17|19|16|19|20|14|26|24|28|15|23|28|27|34|26|24|31|38|39|33|32|4|41|28|26|40|20|25|31|15|24|20|19|15|6|9|14|15|12|8|5|11|
2011-09-07|6|1_CTs|CT5||24|24|14|9|14|7|9|8|12|8|10|10|3|3|7|5|3|3|8|5|6|3|7|11|9|13|17|19|20|16|34|38|38|45|63|62|52|63|60|80|75|82|71|78|74|61|73|81|69|63|83|65|61|65|70|65|40|62|62|79|76|93|76|78|56|58|60|75|49|42|56|52|59|60|54|63|30|42|41|49|54|56|50|37|44|35|37|40|39|38|29|29|28|27|27|24|
2011-09-07|6|1_CTs|CT6||22|18|13|13|12|5|5|8|9|4|2|2|4|1|5|3|3|2|5|14|9|9|8|20|16|18|17|26|28|36|60|82|88|118|115|146|146|125|120|123|111|111|109|116|81|101|91|104|90|86|99|79|95|80|99|107|95|123|120|110|100|114|92|104|97|90|107|101|124|98|116|110|126|112|93|87|108|104|106|101|87|99|112|62|81|69|61|57|59|49|38|43|42|32|33|27|
2011-09-07|6|1_CTs|CT7||3|6|4|2|3|2|2|1|2|0|0|1|1|1|0|2|2|2|1|1|2|1|0|9|6|2|1|7|9|10|16|15|20|28|34|44|30|33|34|23|25|24|24|18|20|26|22|18|21|31|27|24|28|17|23|23|15|22|29|21|18|23|13|26|18|26|20|12|20|29|25|28|33|39|31|32|20|15|31|21|13|18|12|12|11|14|9|13|11|6|10|4|8|5|10|12|
2011-09-07|6|1_CTs|CT8||55|31|31|39|21|15|18|15|10|15|12|15|15|9|8|8|9|7|13|9|7|13|19|16|28|26|42|46|67|114|149|184|227|194|210|198|197|217|211|183|180|167|164|141|137|123|134|123|149|156|158|153|154|132|123|130|134|153|167|159|144|151|170|135|133|159|137|163|146|171|164|158|174|200|168|159|171|176|167|148|146|134|142|110|103|93|73|104|72|65|72|62|66|51|58|56|
2011-09-07|6|1_CTs|CT9||57|47|44|32|40|16|19|16|12|22|12|11|7|7|12|13|9|7|11|8|20|16|21|35|31|48|49|63|77|102|169|185|205|238|295|286|268|255|255|236|196|188|194|202|185|203|196|176|189|191|210|243|188|192|168|167|190|212|197|196|210|224|203|217|208|195|235|210|231|236|224|247|228|263|267|210|212|204|197|190|204|168|144|117|124|101|94|99|98|65|77|104|68|71|82|69|
2011-09-07|6|1_CTs|CT10||40|28|30|18|25|15|4|6|12|3|10|10|8|7|5|5|9|7|7|2|8|8|14|16|29|27|37|39|59|55|100|127|96|156|151|172|183|174|166|166|146|148|146|156|159|140|134|157|159|167|152|143|135|138|137|119|144|153|134|147|163|170|160|153|158|189|152|169|195|188|214|189|210|243|227|204|180|194|172|141|130|144|126|80|87|76|60|66|63|44|41|55|49|34|35|46|
2011-09-07|6|1_CTs|CT11||29|20|21|15|18|16|7|18|7|14|7|17|14|11|6|3|2|9|9|18|15|19|28|29|32|38|62|75|80|122|198|239|243|277|273|302|302|265|276|281|207|206|184|189|202|160|188|166|150|173|169|174|181|164|156|160|157|165|176|190|182|174|173|170|147|164|171|168|156|167|174|159|173|194|160|160|155|125|144|138|127|115|134|90|108|83|62|86|58|49|2|31|48|47|50|34|
2011-09-07|6|1_CTs|CT12||43|37|31|21|25|22|7|9|13|13|11|8|13|7|2|8|11|7|9|7|9|9|21|15|29|27|39|52|59|68|102|119|142|177|191|205|222|229|207|177|187|160|151|159|162|144|135|175|142|164|171|154|177|132|159|126|167|154|158|161|171|213|147|153|155|183|173|180|204|222|241|227|259|295|270|270|223|224|199|158|163|149|163|99|109|87|84|83|58|53|51|62|50|54|41|45|
2011-09-07|6|1_CTs|CT13||41|34|28|29|23|17|14|8|8|9|8|7|4|9|7|10|8|9|7|6|18|9|13|32|28|32|33|48|74|86|104|134|146|176|205|220|170|177|200|163|155|143|160|141|130|145|139|133|145|155|160|164|143|126|137|119|143|147|150|148|146|156|127|141|77|42|53|51|48|39|33|42|38|40|40|38|30|37|34|32|30|32|27|23|22|15|18|21|16|16|20|16|14|17|21|13|
2011-09-07|6|1_CTs|CT14||37|23|22|14|19|11|6|6|6|9|11|4|12|9|3|7|2|2|3|8|6|5|18|9|14|19|21|29|28|27|45|48|68|80|74|102|100|115|88|88|83|120|100|88|118|96|92|98|107|106|98|93|96|87|91|87|91|89|97|91|92|131|110|92|126|126|128|118|132|156|139|159|177|158|153|161|141|155|140|112|88|98|93|68|67|53|57|59|39|39|40|45|43|40|42|49|
2011-09-07|6|1_CTs|CT15||16|11|13|8|16|8|7|8|6|5|3|2|5|4|5|5|3|5|1|4|15|11|13|14|17|24|21|35|52|72|71|86|105|126|151|123|133|137|137|110|101|76|99|69|63|81|70|70|56|83|90|77|74|66|67|70|73|78|78|72|81|81|64|72|81|77|56|81|70|82|88|83|87|97|98|76|79|55|82|71|52|59|44|56|46|33|30|31|28|13|29|21|24|19|19|22|
2011-09-07|6|1_CTs|CT16||30|30|16|21|18|17|7|13|10|5|5|14|11|13|7|5|6|11|8|3|15|10|16|23|34|26|44|58|66|81|146|179|162|200|214|241|230|232|230|228|192|187|181|200|203|183|176|166|172|183|173|184|149|176|152|160|159|153|166|179|186|198|171|203|152|187|186|178|186|175|204|173|200|205|206|180|177|144|182|148|145|121|135|95|106|104|67|83|74|64|54|40|61|41|45|59|
2011-09-07|6|1_CTs|CT17||5|9|3|5|1|3|0|2|1|2|2|1|0|1|0|0|2|1|0|1|3|0|0|1|3|0|11|5|6|4|13|20|26|30|34|41|38|38|27|12|26|29|31|22|25|44|32|27|33|41|31|42|20|17|32|26|20|27|42|32|30|45|29|28|29|26|30|36|25|35|34|28|36|38|50|53|51|43|29|34|32|31|24|11|19|16|11|21|5|10|12|8|6|11|8|7|
2011-09-07|6|1_CTs|CT18||65|55|34|36|37|27|25|22|23|19|19|18|11|18|14|14|12|13|21|10|15|16|21|20|39|42|50|56|77|109|156|195|207|212|264|282|276|293|270|273|248|246|223|237|218|234|218|215|218|219|240|228|252|217|193|215|201|216|249|233|225|257|242|243|216|229|241|249|240|232|265|236|266|275|256|269|230|215|236|209|189|193|176|163|148|124|123|114|127|118|124|105|86|84|84|78|
2011-09-07|6|1_CTs|CT19||42|27|20|17|23|13|14|16|12|22|6|14|5|8|10|10|9|9|3|8|7|8|11|7|6|7|18|16|24|30|47|66|77|109|133|143|162|135|118|138|126|160|139|148|135|134|137|143|139|157|145|165|140|130|125|106|123|130|135|133|151|166|131|131|163|136|153|158|141|199|162|197|167|185|175|194|181|163|137|176|147|124|118|97|88|92|78|79|54|57|60|55|58|36|40|44|
2011-09-07|6|1_CTs|CT20||26|15|15|12|14|9|13|3|4|3|0|2|3|5|4|4|5|3|3|7|9|8|13|11|15|13|20|24|43|48|63|67|88|84|110|118|131|104|129|117|114|108|104|123|112|3|125|113|126|76|124|101|106|104|92|100|106|92|152|114|136|116|128|139|105|127|41|84|107|129|130|110|120|95|38|13|114|48|69|103|88|50|62|70|65|27|26|55|9|50|57|54|53|46|56|43|
2011-09-07|6|1_CTs|CT21||68|85|43|54|42|24|19|23|21|17|13|11|13|9|8|16|13|11|23|23|24|29|36|44|46|76|85|115|124|171|256|280|299|324|334|386|330|332|333|283|244|273|233|247|253|220|224|192|214|247|223|242|204|217|212|214|192|216|249|254|260|267|239|239|199|261|207|260|204|230|249|254|255|282|252|225|193|230|202|203|186|187|158|181|122|122|120|123|107|121|104|86|106|102|87|85|
2011-09-07|6|1_CTs|CT22||95|86|81|54|58|66|41|29|27|43|34|21|29|25|14|23|17|26|28|42|33|32|51|58|67|91|116|108|111|139|180|213|194|242|270|297|274|283|292|268|245|280|234|266|242|261|246|282|272|274|315|275|288|246|237|205|245|235|264|275|279|297|293|252|271|339|336|329|347|367|391|331|374|312|292|341|418|335|322|290|271|247|228|193|182|174|157|123|136|137|144|156|128|105|106|108|
2011-09-07|6|1_CTs|CT23||75|64|33|58|48|24|34|24|17|25|19|18|14|20|13|12|9|14|11|10|11|16|26|39|48|60|69|81|102|171|238|296|287|354|330|343|302|355|292|306|267|250|278|237|205|224|220|214|221|236|249|273|222|243|227|217|217|243|282|241|238|247|247|240|247|240|246|277|263|281|291|307|301|325|299|304|277|277|292|246|228|239|188|194|166|132|138|148|123|96|107|104|89|107|89|93|
2011-09-07|6|1_CTs|CT24||81|62|58|47|41|30|41|21|25|24|21|14|15|23|9|11|16|11|22|20|19|16|28|36|47|46|75|100|114|143|163|184|202|232|296|304|293|269|313|268|264|258|251|223|245|233|244|249|237|274|252|268|230|226|222|237|239|254|261|249|274|268|269|252|268|278|334|288|338|328|328|371|367|393|367|343|350|362|289|269|272|292|216|205|180|144|130|121|131|130|131|99|115|103|102|67|
