2016-10-20|7|1_CTs|CT1||40|33|32|28|20|17|18|18|16|17|11|11|6|12|9|10|9|263|8|7|8|13|11|18|28|30|38|36|57|80|119|176|187|185|170|155|162|157|175|168|149|161|144|123|388|363|140|120|122|372|128|121|371|103|113|375|115|120|151|130|135|134|133|141|150|125|125|137|138|399|150|165|155|127|143|140|141|125|124|122|123|110|358|101|88|84|329|66|66|55|53|54|66|48|309|39|
2016-10-20|7|1_CTs|CT2||47|40|70|110|73|311|53|100|46|40|22|32|22|30|22|16|28|10|26|28|24|26|24|35|32|60|55|43|97|348|38|108|275|229|208|326|417|405|118|744|214|440|138|119|130|322|278|120|83|712|964|1434|383|456|34|915|431|226|138|179|165|668|147|166|136|129|455|405|445|217|653|399|469|233|172|160|162|387|143|295|72|120|82|67|131|179|195|67|208|63|91|83|77|85|342|77|
2016-10-20|7|1_CTs|CT4||42|30|39|34|35|30|272|10|20|13|6|18|278|6|15|10|10|4|15|8|6|7|7|260|7|11|8|12|21|19|24|46|113|86|318|80|61|35|93|59|81|65|38|78|38|57|57|53|49|76|71|65|333|312|60|69|58|71|73|66|61|82|96|79|101|107|353|123|109|114|409|416|151|129|143|130|122|125|107|106|86|89|68|55|65|51|58|55|46|49|62|66|69|36|51|54|
2016-10-20|7|1_CTs|CT6||44|39|36|35|33|25|23|24|17|16|8|14|8|2|1|6|3|7|6|6|1|5|3|4|12|12|17|27|31|37|330|113|174|448|437|474|167|156|110|114|117|113|383|125|103|891|117|132|105|378|149|130|397|109|382|140|373|154|400|160|138|158|147|145|159|180|466|238|262|511|770|184|228|214|488|193|173|178|189|157|410|143|90|118|89|101|77|61|76|62|65|68|59|59|54|54|
2016-10-20|7|1_CTs|CT7||30|29|38|18|9|17|20|16|15|11|13|11|8|13|6|9|6|7|14|8|11|10|17|22|30|25|45|59|55|57|86|95|106|141|105|131|120|597|98|363|128|105|115|367|358|125|359|119|376|110|119|127|363|120|132|131|118|101|134|137|366|394|140|119|134|160|155|199|171|179|157|172|185|166|199|167|187|161|160|137|158|114|352|83|83|65|79|60|45|54|53|49|58|61|43|39|
2016-10-20|7|1_CTs|CT8||119|87|104|77|310|49|37|33|30|34|34|23|30|22|19|11|25|34|51|310|76|73|88|88|115|141|148|513|236|315|984|481|482|470|499|475|427|744|419|397|409|416|386|379|617|336|407|376|366|338|404|423|346|361|628|606|337|380|861|409|421|400|418|403|369|401|658|434|660|458|429|413|374|391|386|400|404|396|348|343|326|583|291|503|234|475|197|183|187|156|171|460|149|183|436|139|
2016-10-20|7|1_CTs|CT12||57|44|55|44|31|283|21|23|16|18|10|22|11|7|9|12|7|7|6|270|5|8|8|7|17|10|24|39|302|54|98|179|269|260|245|277|236|454|187|191|418|157|201|167|144|178|436|205|195|195|226|209|442|178|192|441|445|218|195|215|191|188|237|213|233|502|553|567|296|306|310|289|314|326|299|283|274|322|306|256|267|220|162|198|150|143|376|82|109|81|87|80|72|66|75|72|
2016-10-20|7|1_CTs|CT13||14|10|16|9|3|6|6|4|5|3|7|1|2|258|4|3|2|0|3|4|3|4|3|6|9|9|22|23|17|28|40|290|45|46|34|35|27|283|34|39|303|303|36|37|49|47|39|46|43|42|46|54|59|58|40|45|294|46|44|50|49|56|69|49|51|62|318|60|53|73|79|90|77|62|69|66|566|72|306|43|316|43|44|46|33|40|39|23|21|28|27|271|32|18|278|17|
2016-10-20|7|1_CTs|CT14||129|108|89|80|320|61|307|48|43|48|44|29|50|39|26|28|34|43|34|281|59|54|70|56|97|83|116|144|929|209|548|328|426|508|1017|482|440|689|368|369|352|598|317|580|625|378|360|349|657|909|373|412|880|638|370|341|354|356|380|388|696|399|444|447|462|774|773|787|512|604|848|853|968|907|619|588|847|546|553|465|461|684|342|568|283|247|248|448|468|227|216|210|177|688|455|186|
2016-10-20|7|1_CTs|CT15||43|37|37|23|34|13|13|12|9|15|12|14|6|8|3|12|12|8|6|7|4|7|6|17|15|11|15|35|26|302|88|197|504|493|244|201|194|421|119|362|365|97|98|89|87|82|334|86|80|60|78|365|92|101|119|123|93|100|351|113|97|114|140|410|133|249|487|150|187|226|275|185|213|780|230|183|140|158|154|112|121|90|78|82|50|576|52|52|59|44|46|51|52|47|43|30|
