2011-09-17|22|1_CTs|CT1||17|21|23|16|15|12|4|9|7|11|8|7|6|6|5|4|1|6|15|3|4|10|16|25|13|27|22|22|26|33|40|40|47|44|51|68|42|59|56|67|59|74|47|66|73|61|69|57|77|52|43|62|47|65|44|49|54|43|50|45|57|49|52|49|46|47|44|50|53|49|45|53|61|61|65|44|52|40|45|53|58|48|35|48|33|35|22|25|19|25|25|25|25|21|20|18|
2011-09-17|22|1_CTs|CT2||47|44|30|26|29|24|12|13|18|13|12|9|10|13|9|9|14|7|15|18|16|16|21|21|27|26|41|40|31|48|60|66|67|71|92|85|90|64|111|100|85|105|128|102|132|118|116|117|118|122|111|123|108|122|102|93|85|102|99|97|91|115|95|103|93|75|85|86|93|90|99|81|97|98|86|87|103|88|93|95|94|90|65|59|69|61|61|44|42|55|50|53|41|40|38|47|
2011-09-17|22|1_CTs|CT3||84|54|52|44|50|40|32|23|23|37|19|16|18|23|21|16|16|11|18|19|19|17|28|26|23|41|32|63|44|55|67|90|81|101|111|119|107|111|127|121|108|145|171|143|162|176|141|168|141|150|158|181|183|130|136|134|143|129|137|156|146|196|148|142|122|132|124|139|128|142|143|147|168|141|125|142|138|144|142|125|144|134|108|102|84|95|85|73|76|77|68|75|65|70|60|58|
2011-09-17|22|1_CTs|CT4||31|41|27|29|21|24|23|22|22|14|15|14|18|20|7|11|12|12|12|13|15|14|17|19|23|20|40|28|33|42|41|52|54|69|71|76|86|85|89|90|118|100|95|103|130|120|122|124|140|136|140|128|101|103|100|88|95|97|94|103|104|100|115|112|94|122|98|119|97|104|115|86|91|111|122|108|105|116|108|93|119|89|100|70|77|58|59|48|65|50|48|38|54|42|36|52|
2011-09-17|22|1_CTs|CT5||41|45|30|33|29|21|16|21|30|15|19|21|11|19|14|7|10|19|14|10|17|14|27|21|29|31|38|37|46|42|50|51|71|71|65|95|87|98|103|103|125|131|138|140|156|151|143|158|141|133|155|145|141|149|111|99|96|108|108|94|108|110|126|103|98|115|95|120|114|118|130|116|127|109|119|115|116|120|98|119|128|98|91|55|74|56|67|60|70|52|48|53|51|52|35|44|
2011-09-17|22|1_CTs|CT6||38|29|22|25|20|20|17|15|17|9|16|13|10|11|9|6|10|7|13|6|12|9|22|11|18|24|19|28|26|33|33|23|48|30|31|46|48|56|51|50|68|73|89|74|84|105|95|83|71|124|102|91|84|83|73|74|57|62|62|82|68|75|78|62|84|90|82|81|77|85|90|76|89|85|75|68|72|79|76|63|66|73|71|47|48|45|43|42|38|45|35|37|28|31|28|32|
2011-09-17|22|1_CTs|CT7||5|5|6|4|5|3|0|3|2|1|1|2|1|2|1|2|1|1|2|3|2|2|1|6|3|4|2|5|3|6|4|9|10|9|17|14|19|9|18|17|16|12|19|18|21|16|24|16|21|22|17|9|15|22|11|15|15|8|17|12|16|20|13|12|11|11|16|8|20|16|15|18|15|14|10|17|12|11|13|19|17|14|15|6|23|10|9|6|3|5|9|8|7|5|6|10|
2011-09-17|22|1_CTs|CT8||10|4|6|5|4|6|7|3|2|8|5|4|4|4|6|1|1|1|3|3|1|1|3|1|4|3|4|3|5|6|8|13|4|16|7|11|14|14|13|5|22|24|23|25|36|30|25|38|36|24|35|33|36|35|16|17|15|15|17|15|19|23|15|21|15|30|21|13|21|23|26|20|23|18|22|20|29|25|17|15|20|19|15|16|16|14|15|13|8|8|11|2|8|8|9|5|
2011-09-17|22|1_CTs|CT9||57|28|26|35|28|18|14|22|18|18|12|12|10|10|11|9|13|6|7|17|13|18|27|35|29|41|34|60|46|62|69|117|102|70|100|148|101|133|126|133|150|127|150|177|147|133|155|133|132|121|142|159|125|123|107|109|101|101|101|113|119|109|119|105|94|99|113|130|98|120|104|128|83|105|100|113|100|102|111|137|125|97|114|97|84|75|71|46|60|45|13|49|53|52|45|38|
2011-09-17|22|1_CTs|CT10||0|1|0|0|1|0|1|1|1|7|3|1|0|0|1|1|0|1|2|2|3|1|3|4|15|4|1|2|2|2|1|2|4|4|2|3|3|6|3|4|6|5|2|8|7|4|6|2|5|3|4|5|7|3|3|3|2|2|2|3|3|2|6|1|1|5|0|5|2|4|1|2|3|2|3|2|0|5|2|5|4|5|4|4|5|5|2|3|1|2|10|23|12|4|1|2|
