2013-02-10|2|1_CTs|ct1||133|117|104|87|73|75|0|0|0|0|0|0|0|0|0|0|0|0|0|0|0|0|0|0|0|0|0|0|0|0|0|0|0|0|0|0|0|0|0|0|0|0|0|0|0|0|0|0|0|0|0|0|0|0|0|0|0|0|0|0|0|0|0|0|0|0|0|0|0|0|0|0|0|0|0|0|0|0|0|0|0|0|0|0|0|0|0|0|0|0|0|0|0|0|0|0|
2013-02-10|2|1_CTs|ct2||77|74|69|66|58|57|0|0|0|0|0|0|0|0|0|0|0|0|0|0|0|0|0|0|0|0|0|0|0|0|0|0|0|0|0|0|0|0|0|0|0|0|0|0|0|0|0|0|0|0|0|0|0|0|0|0|0|0|0|0|0|0|0|0|0|0|0|0|0|0|0|0|0|0|0|0|0|0|0|0|0|0|0|0|0|0|0|0|0|0|0|0|0|0|0|0|
2013-02-10|2|1_CTs|ct3||160|120|121|115|106|99|75|94|106|56|73|46|45|55|46|42|46|45|30|48|40|32|32|33|46|33|35|41|26|39|44|31|40|42|46|61|39|58|63|78|74|85|84|104|108|99|95|109|91|99|112|106|99|84|97|109|102|108|102|122|138|114|135|107|119|117|115|116|113|93|90|104|98|113|98|77|107|105|93|82|92|97|93|107|65|79|67|76|51|73|54|48|55|59|56|52|
2013-02-10|2|1_CTs|ct4||49|50|70|37|51|63|42|51|40|38|42|34|39|33|38|38|31|37|38|31|34|30|32|31|32|25|31|27|29|18|17|28|30|21|17|24|21|36|34|35|33|25|46|41|57|52|61|50|58|48|74|58|56|75|61|62|68|45|72|60|70|80|82|59|64|54|73|61|65|69|76|55|73|75|63|71|42|66|52|50|53|44|49|51|46|34|42|34|26|34|30|35|59|28|48|28|
2013-02-10|2|1_CTs|ct5||84|116|121|88|74|77|66|86|73|63|56|56|64|64|50|59|42|53|57|39|39|42|37|36|39|39|47|40|31|30|27|29|41|39|38|40|30|61|52|52|51|67|71|83|66|64|66|89|100|108|110|96|78|100|114|113|102|98|118|108|123|142|142|120|121|108|110|103|131|112|114|77|127|122|102|105|111|100|89|80|90|76|87|77|72|67|61|52|46|62|65|54|90|51|71|56|
2013-02-10|2|1_CTs|ct6||134|101|105|96|68|100|92|82|78|64|59|47|221|440|514|491|505|402|213|366|282|211|171|431|405|423|500|494|285|55|25|34|34|45|22|41|26|46|45|53|39|63|52|74|86|69|75|77|83|99|103|92|96|82|85|99|94|94|117|106|146|124|153|127|112|99|173|120|108|111|127|79|126|111|107|95|97|114|91|71|100|69|94|60|68|62|79|56|42|74|66|69|99|62|74|53|
2013-02-10|2|1_CTs|ct17||155|132|126|106|108|81|96|86|102|60|63|48|48|56|43|29|34|36|30|39|31|28|29|29|36|25|29|36|21|23|30|34|25|34|39|53|37|50|58|71|68|57|78|84|94|78|83|88|87|96|100|97|87|82|97|104|87|89|96|117|128|109|124|116|109|120|124|121|123|98|93|94|102|114|94|91|94|92|96|80|98|82|94|93|74|81|63|68|52|70|45|50|51|51|45|46|
2013-02-10|2|1_CTs|CT19||71|66|60|37|47|39|32|41|37|39|34|28|23|30|23|13|13|11|22|15|7|9|14|15|20|8|11|14|6|6|14|16|11|16|20|25|15|22|33|41|31|31|35|37|53|48|37|44|46|43|52|52|50|57|42|61|39|52|65|55|60|56|68|57|55|46|59|63|66|55|57|45|60|61|33|46|45|49|47|38|48|38|41|38|40|42|31|36|30|30|29|23|26|24|32|20|
2013-02-10|2|1_CTs|CT20||50|49|75|52|49|57|38|58|46|42|46|40|45|43|43|47|28|32|26|15|20|13|24|20|16|13|19|10|20|19|12|10|15|14|16|19|13|22|22|29|28|26|40|35|46|46|44|46|50|42|49|53|51|52|42|50|43|42|55|59|60|62|59|51|54|49|45|62|48|41|54|45|54|54|63|56|58|48|48|42|48|51|27|40|40|33|32|20|33|33|19|24|42|31|22|30|
2013-02-10|2|1_CTs|CT21||30|28|47|27|25|27|17|22|20|24|14|20|17|18|12|20|12|15|11|12|12|2|11|9|3|5|7|1|4|14|7|2|9|9|11|8|6|10|15|14|17|12|24|40|28|35|26|30|34|33|30|36|29|29|26|30|29|30|41|35|41|39|34|23|29|27|22|33|29|30|29|23|36|36|29|42|23|27|24|22|28|23|15|17|13|19|14|14|18|13|13|6|17|12|16|19|
