2012-02-04|7|1_CTs|CT1||51|45|29|31|28|31|19|12|20|19|20|13|18|14|12|12|11|14|10|13|15|9|18|13|22|19|18|17|19|28|52|56|36|42|67|62|61|54|77|92|79|88|91|111|131|114|108|137|132|142|130|138|126|123|93|101|115|111|117|116|121|121|129|141|123|146|134|126|102|120|117|113|120|116|96|107|121|104|96|87|90|70|65|67|66|50|42|45|43|34|54|70|60|45|50|46|
2012-02-04|7|1_CTs|CT2||108|96|74|98|82|62|86|60|68|77|38|30|50|34|40|28|42|34|24|46|36|26|28|28|50|44|56|62|38|62|92|124|92|106|158|172|172|198|172|222|234|253|306|300|231|302|317|364|384|388|349|351|322|341|280|264|298|226|276|264|288|285|298|295|319|264|303|292|288|298|290|309|303|258|246|311|241|272|163|208|208|249|186|150|150|168|114|128|106|122|126|116|132|118|100|100|
2012-02-04|7|1_CTs|CT4||20|35|28|24|28|26|27|19|20|21|16|27|20|18|21|13|10|5|7|7|13|17|6|6|9|10|13|11|4|11|31|34|11|7|31|32|19|13|15|18|26|9|38|36|92|81|37|13|15|16|18|19|20|21|17|28|26|30|40|38|11|18|11|10|13|11|16|14|14|16|24|15|18|7|8|20|30|13|5|9|14|12|22|10|5|9|19|13|16|22|20|36|26|53|38|19|
2012-02-04|7|1_CTs|CT6||56|69|51|26|43|39|37|34|31|41|31|22|17|15|25|15|25|28|20|13|16|13|26|14|17|13|9|21|13|16|49|68|28|45|54|63|61|67|94|74|87|115|111|120|113|118|144|101|115|126|156|157|137|152|173|114|109|109|111|143|160|138|149|140|158|159|147|158|136|153|149|170|187|159|138|151|135|129|118|94|113|83|71|69|66|53|59|38|57|42|56|73|56|42|45|55|
2012-02-04|7|1_CTs|CT7||54|43|39|25|21|22|22|19|17|4|17|11|24|9|17|14|14|11|10|9|21|12|15|13|12|15|12|21|23|22|30|32|38|33|46|52|48|47|60|65|67|52|92|88|95|92|103|85|99|103|107|103|105|89|91|84|66|57|85|88|82|89|68|84|90|114|66|125|106|91|104|89|91|98|99|95|108|85|78|64|76|73|47|50|39|43|48|36|41|25|39|38|32|42|35|37|
2012-02-04|7|1_CTs|CT8||112|104|123|100|70|54|47|41|39|39|60|37|29|39|30|24|42|33|38|60|55|71|52|78|72|101|105|119|123|136|159|190|152|155|200|230|207|209|203|238|250|248|233|264|298|280|291|280|265|280|278|282|256|275|286|235|273|227|245|269|289|264|299|264|280|267|269|264|278|280|250|266|288|300|263|247|242|246|251|241|192|236|166|163|165|140|122|139|137|138|120|130|155|135|131|108|
2012-02-04|7|1_CTs|CT9||73|74|86|60|50|44|30|39|58|32|29|23|16|13|25|20|25|22|23|32|31|40|35|43|42|51|56|55|80|78|103|97|95|109|112|155|139|146|132|147|171|177|165|194|182|197|183|158|111|113|199|198|177|182|150|165|151|168|152|189|195|174|193|191|191|176|177|174|179|154|168|177|178|185|191|158|182|142|152|138|144|164|130|108|122|89|89|91|85|94|78|91|107|106|89|78|
2012-02-04|7|1_CTs|CT10||122|123|122|102|103|99|83|88|76|92|66|65|53|60|43|55|57|56|47|52|54|41|49|50|56|57|61|55|79|56|70|88|86|90|105|122|124|134|129|172|158|157|184|211|212|247|209|203|249|230|232|280|275|260|273|192|204|223|171|203|240|230|264|226|240|239|291|280|259|256|227|233|275|265|271|251|205|252|224|209|223|196|175|139|141|145|126|93|106|95|107|145|138|122|109|121|
2012-02-04|7|1_CTs|CT11||111|105|115|99|95|109|86|67|61|93|67|55|56|63|43|52|57|46|51|44|44|56|54|58|69|54|82|74|87|92|88|98|104|100|128|133|114|126|153|166|188|173|210|217|230|258|240|259|278|271|260|244|262|271|256|213|216|226|182|227|224|271|270|203|237|224|262|267|229|242|222|203|240|244|243|219|210|187|222|160|200|176|175|117|139|119|111|87|101|115|106|115|142|123|103|117|
2012-02-04|7|1_CTs|CT12||85|79|65|55|52|51|30|44|41|43|38|31|22|26|34|21|24|29|29|17|17|15|26|19|21|17|23|21|20|24|51|70|32|60|70|75|75|84|110|109|125|127|144|147|172|179|186|201|178|185|246|233|231|215|208|190|162|153|161|153|201|186|252|211|197|210|177|204|223|207|200|205|212|205|178|194|203|184|177|166|177|123|120|107|127|90|81|89|84|64|77|81|69|73|77|65|
2012-02-04|7|1_CTs|CT13||25|27|22|11|8|7|12|11|8|1|4|2|7|4|6|7|6|7|6|3|4|7|2|7|7|4|4|7|11|14|12|13|9|20|29|24|24|26|30|33|25|25|59|57|50|53|52|44|40|52|46|50|52|35|45|40|33|30|47|42|32|34|33|42|56|56|39|58|41|36|50|42|54|53|58|45|50|40|33|30|34|32|28|25|16|27|17|21|15|12|18|22|12|23|13|23|
2012-02-04|7|1_CTs|CT14||148|136|111|115|110|98|75|74|64|56|73|64|59|58|47|37|57|52|40|45|61|46|61|60|69|68|88|101|93|82|112|121|102|135|149|164|179|165|192|225|223|233|240|264|302|309|317|301|339|303|347|339|331|355|315|276|283|270|251|265|299|311|341|317|278|298|318|376|290|364|336|323|313|304|283|294|317|270|294|237|241|246|187|156|145|144|151|126|109|116|132|138|153|142|134|141|
2012-02-04|7|1_CTs|CT15||17|31|14|11|15|14|18|11|6|10|7|6|5|10|5|8|10|9|6|6|10|10|12|7|9|12|12|11|13|14|14|11|13|24|15|35|29|27|44|34|50|54|39|50|57|48|46|49|47|55|60|57|64|44|50|42|34|43|43|58|53|60|50|39|52|47|55|43|54|54|35|46|45|49|35|54|47|45|32|45|30|30|38|29|23|23|28|17|18|12|25|21|26|18|17|18|
