2014-08-08|2|1_CTs|ct1||81|64|65|42|47|44|32|40|22|34|17|13|12|15|12|18|14|15|18|23|23|25|23|32|38|39|51|67|71|103|114|161|144|160|185|201|186|203|201|202|186|207|208|182|175|163|165|174|185|203|177|209|184|203|187|179|195|176|192|169|143|159|144|137|134|162|191|202|187|201|193|198|185|183|187|192|183|214|190|187|179|191|171|190|189|166|158|140|122|138|124|131|128|120|105|113|
2014-08-08|2|1_CTs|ct2||58|49|38|30|34|34|23|29|18|25|16|17|13|12|7|14|14|9|10|12|11|19|15|16|18|19|19|26|20|22|38|47|42|45|55|53|73|68|87|74|84|94|90|78|118|106|108|89|90|81|91|89|67|90|71|55|89|78|85|99|77|107|95|111|117|95|86|89|68|85|99|87|96|75|75|98|88|73|88|92|76|104|79|97|107|84|81|72|92|72|75|85|68|68|55|68|
2014-08-08|2|1_CTs|ct3||96|90|86|69|61|62|44|44|32|35|35|27|26|22|16|30|23|13|23|22|17|36|32|44|46|35|44|65|57|72|87|135|125|120|131|160|142|160|173|183|191|183|205|198|195|202|211|212|184|196|189|210|186|177|174|178|176|184|184|179|189|201|154|179|212|202|222|183|156|200|203|206|200|163|183|190|195|173|197|195|143|200|171|165|199|192|175|173|133|155|148|154|153|134|124|132|
2014-08-08|2|1_CTs|ct4||71|75|72|68|38|31|36|29|25|34|38|22|12|25|27|26|24|10|23|11|18|17|32|28|28|34|31|37|44|32|48|57|68|72|71|74|97|109|104|111|101|104|87|110|86|76|111|101|122|131|95|113|108|111|102|92|97|94|94|104|94|102|125|129|114|112|102|105|83|111|101|93|137|109|85|97|87|95|93|98|78|84|96|77|83|72|91|68|79|91|110|97|92|95|73|90|
2014-08-08|2|1_CTs|ct5||130|139|119|116|61|70|54|45|48|42|45|36|28|34|35|34|31|14|25|20|22|27|36|32|28|42|33|42|44|51|52|86|101|119|124|148|155|170|164|168|186|181|183|172|178|190|192|189|204|196|183|189|187|204|170|167|150|219|236|188|185|165|237|235|220|218|202|197|169|230|226|188|227|203|180|204|191|185|182|154|142|188|177|156|167|152|125|148|147|154|175|135|155|160|135|142|
2014-08-08|2|1_CTs|ct6||39|41|35|33|24|19|18|13|17|11|16|19|4|14|10|11|8|5|10|7|9|8|12|9|11|12|13|14|14|9|12|19|16|17|25|30|33|38|35|34|49|40|32|38|46|52|52|48|41|49|42|43|41|32|38|38|40|60|50|54|46|50|50|55|56|66|62|70|49|62|66|52|51|53|62|51|50|58|44|54|42|47|52|53|60|44|57|44|42|57|43|51|49|48|39|58|
2014-08-08|2|1_CTs|ct17||140|105|135|95|90|78|61|70|46|53|51|46|40|41|28|32|31|24|18|27|23|48|49|49|40|45|52|95|63|105|81|127|153|153|173|169|188|203|218|229|222|236|250|228|258|249|239|228|220|204|225|214|223|206|189|197|182|186|175|168|196|191|164|168|256|226|237|227|178|240|229|239|252|207|226|232|243|229|241|242|213|238|211|200|233|255|197|190|170|190|194|172|181|167|143|165|
2014-08-08|2|1_CTs|CT19||59|50|43|37|29|20|15|26|21|17|13|10|12|8|11|10|9|8|8|7|11|12|12|14|10|14|17|26|28|38|44|58|85|85|93|62|71|104|102|119|120|115|121|101|137|100|133|117|123|101|118|124|114|98|113|114|100|92|95|102|112|122|123|129|151|135|126|129|110|127|131|126|154|158|116|125|129|121|114|109|88|112|101|101|80|105|100|75|70|68|79|66|78|69|59|57|
2014-08-08|2|1_CTs|CT20||62|61|54|49|53|34|36|29|37|50|21|15|19|14|17|15|9|12|5|10|17|13|18|19|10|16|14|30|24|27|35|47|57|90|88|79|88|90|83|91|90|82|94|84|83|91|88|97|89|89|75|72|63|96|73|86|84|90|82|87|85|104|89|88|87|79|68|61|74|90|82|66|94|88|84|75|87|94|83|86|94|101|101|81|86|76|75|78|79|62|69|67|56|72|69|68|
2014-08-08|2|1_CTs|CT21||43|37|28|25|24|16|19|18|18|21|12|7|5|7|4|8|6|7|5|2|5|9|7|6|5|6|10|9|12|19|18|22|41|55|50|48|53|57|55|68|50|59|65|54|51|59|53|60|60|58|47|60|51|62|53|63|36|74|52|53|78|67|62|58|63|56|37|43|42|66|50|44|57|54|55|63|55|50|45|59|50|69|65|64|61|49|48|44|56|35|38|34|32|45|49|47|
