2015-04-27|6|1_CTs|CT1||1|2|1|2|0|0|0|1|0|0|0|0|3|0|0|2|0|1|1|0|3|241|2|5|2|0|3|6|5|8|10|54|395|141|87|100|24|15|20|20|3|13|4|5|5|6|3|8|4|7|14|7|4|7|6|10|6|5|8|4|6|4|8|6|7|4|18|17|12|15|18|7|11|16|263|3|2|5|5|5|4|6|2|2|1|0|1|2|1|0|1|1|1|1|1|2|
2015-04-27|6|1_CTs|CT3||8|7|10|7|5|4|2|2|6|2|5|7|2|4|2|1|9|16|9|19|28|29|23|34|25|28|21|48|54|79|69|95|80|627|112|358|102|301|73|85|59|60|294|64|41|51|44|47|298|52|46|60|50|62|47|67|254|58|57|60|48|63|58|50|49|292|70|301|63|285|66|62|73|47|64|284|44|46|51|40|31|31|275|34|18|21|17|14|11|21|21|13|18|11|18|9|
2015-04-27|6|1_CTs|CT4||4|3|1|2|3|3|3|2|0|0|2|0|0|1|2|2|0|0|2|1|0|1|1|0|4|2|5|1|10|6|11|23|62|53|36|32|33|27|23|22|32|22|27|29|34|23|25|29|34|33|269|18|39|38|283|31|25|27|26|254|27|26|21|34|37|29|46|49|35|58|26|40|37|35|300|300|38|57|288|48|30|27|22|16|19|13|16|15|9|11|4|10|11|13|11|6|
2015-04-27|6|1_CTs|CT5||10|16|10|6|8|5|7|4|6|259|6|4|7|7|5|1|4|2|5|2|8|7|8|8|10|13|8|19|25|23|46|284|65|66|74|92|71|69|334|79|67|65|70|80|73|75|71|68|76|61|59|68|65|58|579|66|70|70|70|76|61|68|80|81|85|90|87|80|589|88|88|73|38|21|29|21|13|12|26|47|312|304|52|301|32|49|35|272|30|22|35|22|23|17|11|17|
2015-04-27|6|1_CTs|CT6||25|15|15|2|5|11|249|4|4|2|3|2|3|3|2|4|3|5|2|6|9|14|11|10|13|9|19|20|37|53|88|88|389|199|195|202|176|142|363|110|115|89|97|88|96|356|88|102|95|90|331|88|79|107|90|111|105|366|107|323|113|100|96|114|115|100|116|116|376|168|400|120|127|118|118|614|111|101|105|95|363|124|84|86|323|298|64|313|52|49|259|32|35|57|34|508|
2015-04-27|6|1_CTs|CT7||4|1|2|2|0|0|4|2|1|2|1|1|0|0|0|1|0|1|1|1|3|4|3|7|4|6|4|14|14|19|28|27|43|283|48|48|38|559|307|37|37|39|35|28|25|20|17|15|21|23|24|31|30|33|26|35|23|33|20|24|26|28|34|32|24|23|21|28|32|22|45|38|31|37|35|28|17|25|264|16|20|20|16|15|9|16|10|11|5|7|11|3|5|7|8|6|
2015-04-27|6|1_CTs|CT8||36|26|16|23|14|16|13|5|7|9|11|7|22|238|8|2|10|1|4|7|6|14|26|21|20|35|300|46|324|115|166|438|234|190|378|174|441|448|390|183|179|139|124|141|162|173|582|327|131|393|874|151|146|398|389|141|158|165|149|144|160|150|168|166|421|152|169|159|161|423|204|202|449|445|184|423|180|186|153|615|390|135|111|106|336|316|326|78|51|561|281|63|63|72|270|45|
2015-04-27|6|1_CTs|CT9||29|34|32|28|20|12|12|6|8|8|6|5|5|263|6|5|6|4|3|8|13|29|25|32|285|285|42|69|92|114|213|582|334|881|643|428|822|428|524|238|230|449|474|190|216|170|208|451|185|458|193|167|195|207|695|231|203|209|470|486|467|473|217|191|222|261|251|256|238|1055|281|326|556|318|540|542|253|470|195|447|171|174|152|132|113|120|356|379|88|90|86|69|66|79|57|41|
2015-04-27|6|1_CTs|CT10||13|28|20|16|267|7|8|9|6|2|4|4|2|4|5|3|1|5|5|3|8|5|11|19|283|20|23|46|38|62|85|386|182|399|452|150|197|434|435|195|174|648|142|395|125|147|123|898|160|137|389|146|125|140|125|142|420|392|412|143|152|140|135|421|160|179|189|196|198|449|216|221|232|240|259|200|216|172|175|158|408|132|368|355|89|83|77|328|293|61|309|45|40|40|36|296|
2015-04-27|6|1_CTs|CT11||29|24|24|275|14|7|9|5|7|6|4|4|2|5|1|5|5|8|6|7|7|258|272|265|23|31|47|69|92|127|247|312|435|211|417|459|287|293|781|263|489|214|456|170|434|225|422|443|175|156|450|209|188|194|166|172|171|207|469|461|188|681|188|187|198|235|484|504|493|218|222|215|216|228|457|464|148|876|138|652|393|130|352|364|357|87|81|75|311|58|66|48|63|59|41|20|
2015-04-27|6|1_CTs|CT12||28|22|18|19|10|8|7|11|9|2|3|5|2|6|1|4|5|7|7|5|11|12|12|16|30|28|39|38|45|71|120|452|270|324|280|297|446|621|777|242|203|419|445|169|155|155|176|156|183|411|677|203|435|459|184|161|440|229|181|443|203|186|185|222|464|221|277|805|520|303|305|297|318|275|521|574|264|227|456|197|447|697|144|112|114|105|113|91|72|297|71|310|57|45|48|541|
2015-04-27|6|1_CTs|CT15||149|143|20|13|12|9|5|2|5|7|3|7|6|5|4|6|6|10|12|10|25|38|29|38|40|28|47|69|66|101|136|460|217|212|253|271|0|430|185|159|143|124|123|112|117|130|109|108|121|373|122|119|129|110|128|151|358|126|143|131|113|127|126|132|122|124|147|142|146|168|418|151|156|475|162|381|118|112|94|112|353|91|313|70|72|60|44|45|44|53|37|280|43|36|41|26|
2015-04-27|6|1_CTs|CT16||21|31|20|15|14|10|10|11|8|7|5|7|5|4|259|5|3|6|9|3|265|13|13|24|26|27|33|318|75|100|175|243|289|523|256|570|280|552|534|275|249|211|212|169|174|170|189|434|179|155|435|200|195|209|181|445|204|419|203|216|182|186|175|695|201|210|179|246|488|475|227|494|474|512|499|447|162|435|437|419|152|130|138|117|99|364|339|80|66|75|69|52|61|64|293|296|
2015-04-27|6|1_CTs|CT17||1|2|3|4|3|2|0|0|1|0|0|1|0|0|1|2|2|1|0|1|0|0|0|1|1|258|3|6|4|7|14|16|24|21|20|23|34|21|24|27|22|15|33|33|23|26|23|23|15|25|23|20|26|23|19|281|15|15|23|25|19|21|30|18|20|24|30|21|42|541|303|54|45|305|46|53|37|18|28|26|28|19|13|14|14|14|18|15|15|8|10|4|4|6|4|6|
2015-04-27|6|1_CTs|CT18||42|41|33|20|17|14|21|7|19|267|11|9|9|7|12|4|8|9|10|8|18|18|21|24|30|30|37|75|348|124|194|494|297|355|286|817|441|362|773|279|277|219|492|254|216|217|232|446|213|214|475|229|490|244|195|219|492|235|228|497|241|498|216|500|244|262|285|513|1062|298|308|279|253|307|346|287|268|483|244|461|198|428|174|416|382|135|130|101|90|99|105|75|848|72|58|310|
2015-04-27|6|1_CTs|CT19||22|19|13|17|9|13|9|16|6|5|2|5|5|2|2|4|1|1|2|6|5|5|7|8|10|9|12|13|19|42|56|92|173|423|146|167|181|388|657|142|125|96|123|112|122|105|358|116|116|406|396|130|139|406|363|355|133|402|133|368|145|117|155|147|418|186|187|191|456|190|238|222|224|236|252|227|203|724|164|152|173|146|125|107|339|333|359|319|64|58|295|45|45|36|42|296|
2015-04-27|6|1_CTs|CT20||12|16|10|11|3|8|1|3|4|1|6|3|1|5|0|1|2|8|5|8|5|11|12|13|23|9|15|18|27|45|64|93|121|395|143|401|432|138|348|125|380|114|107|17|118|89|371|311|49|350|611|101|371|121|105|368|360|136|116|123|13|122|9|107|125|141|373|127|115|56|86|128|410|148|143|373|123|364|108|60|18|63|68|69|312|540|57|297|55|295|304|285|39|35|30|276|
2015-04-27|6|1_CTs|CT21||62|62|35|40|35|20|255|16|14|274|14|13|10|11|10|9|17|18|31|34|49|276|53|56|499|285|107|105|130|179|309|280|605|865|353|562|365|348|292|299|271|247|225|229|217|206|240|683|232|436|465|231|176|231|439|465|197|244|256|215|222|471|229|216|238|214|464|235|219|503|489|281|236|265|268|478|437|209|200|409|167|165|141|151|105|115|80|119|90|107|314|79|79|86|82|63|
2015-04-27|6|1_CTs|CT22||98|58|46|41|41|259|38|16|20|20|14|13|261|17|13|21|463|253|43|40|50|285|559|80|66|288|73|329|107|138|167|183|258|269|302|301|275|308|253|257|227|457|224|246|200|230|269|464|245|517|481|248|241|232|493|462|459|258|251|496|265|328|263|772|311|327|295|325|348|410|381|375|369|626|375|561|366|349|291|506|705|254|209|178|653|155|141|139|122|348|127|361|337|335|91|104|
2015-04-27|6|1_CTs|CT23||54|47|25|26|23|18|265|6|13|13|254|11|20|11|11|8|11|8|10|14|20|26|29|41|554|69|65|91|336|153|249|303|826|838|612|335|358|340|304|326|516|236|432|252|242|245|431|197|189|194|244|273|215|249|206|494|222|270|267|493|501|231|253|249|269|518|289|713|283|1040|328|326|570|578|328|316|290|794|738|233|475|468|174|181|347|131|621|587|83|130|118|86|89|85|300|68|
2015-04-27|6|1_CTs|CT24||56|50|30|30|32|29|25|14|256|15|10|13|8|6|13|4|8|10|17|18|24|22|27|34|37|40|45|101|359|135|202|221|324|787|344|372|351|354|786|284|275|466|457|244|452|250|273|232|271|279|946|228|250|250|203|433|254|258|266|250|499|566|281|523|499|341|594|566|343|592|643|410|418|436|656|604|395|406|345|305|316|505|501|470|598|407|151|146|304|130|133|90|85|89|313|74|
