2013-04-26|3|1_CTs|ct1||34|31|23|11|14|10|15|11|8|14|3|3|5|3|3|7|4|3|3|6|2|9|4|13|16|25|34|28|47|46|107|124|158|175|212|230|192|181|160|170|175|155|130|157|168|127|155|148|147|195|188|160|156|152|151|136|169|188|164|177|194|191|149|174|168|195|173|178|172|170|187|154|176|219|175|170|161|123|148|156|140|154|124|127|123|126|88|84|86|87|79|69|85|75|77|84|
2013-04-26|3|1_CTs|ct3||84|57|50|36|33|27|26|34|19|7|16|10|20|26|13|27|23|39|14|41|44|23|42|44|52|55|74|62|86|92|146|166|204|212|235|259|257|311|245|241|273|231|279|314|281|274|285|251|219|240|244|229|222|221|212|224|228|247|244|239|252|260|214|221|378|203|280|225|211|192|191|173|197|213|170|181|172|173|189|190|169|184|203|225|184|195|193|148|135|145|124|130|137|144|114|126|
2013-04-26|3|1_CTs|ct5||139|120|70|52|49|42|45|40|31|25|26|20|16|23|20|11|18|21|16|14|16|14|8|8|11|18|18|24|39|57|70|101|132|145|172|199|206|170|159|183|144|182|176|206|172|166|196|204|203|229|226|236|231|190|194|166|168|189|200|221|233|236|253|237|255|238|246|240|249|276|278|273|268|269|248|227|226|203|258|210|242|210|200|199|126|132|129|130|153|144|124|123|107|116|131|103|
2013-04-26|3|1_CTs|ct6||6|8|8|6|3|4|0|4|3|2|0|0|1|1|2|3|0|1|2|3|5|7|1|5|4|9|10|10|11|26|18|36|51|50|61|65|66|53|58|71|52|47|39|49|33|31|49|51|49|51|46|54|48|36|34|27|49|47|47|56|52|40|65|28|35|47|46|36|67|33|63|75|62|70|51|52|35|62|51|38|34|32|40|27|22|31|17|9|22|17|24|18|19|15|17|13|
2013-04-26|3|1_CTs|ct7||140|132|103|68|72|61|69|46|47|41|39|28|30|25|33|10|21|18|22|20|22|18|22|26|34|25|21|32|56|50|57|81|100|135|136|155|155|148|155|160|181|163|168|176|163|174|170|205|219|221|214|200|195|193|172|172|167|188|168|194|203|211|206|196|201|186|215|198|177|209|171|199|211|181|187|175|184|165|169|170|161|162|143|149|130|126|110|117|121|128|120|103|102|155|140|119|
2013-04-26|3|1_CTs|ct9||79|51|71|61|34|48|36|50|29|48|37|37|58|33|26|28|28|31|30|17|22|23|30|20|28|25|36|29|56|65|93|127|166|182|161|204|197|174|163|170|184|183|155|174|199|155|158|185|174|158|148|143|151|153|137|124|155|171|178|176|166|158|167|141|149|172|161|197|185|180|171|187|169|199|196|180|158|143|153|173|148|149|121|120|121|138|94|90|105|96|121|89|99|97|91|98|
2013-04-26|3|1_CTs|ct10||63|41|45|53|38|35|32|34|52|37|22|21|18|11|20|22|21|21|25|21|12|15|18|26|18|21|28|19|19|35|60|81|105|134|143|134|139|166|123|115|107|128|114|118|101|105|126|107|101|140|133|137|135|109|112|125|122|150|128|120|130|126|144|135|134|130|138|156|155|146|149|134|144|138|140|145|121|130|147|124|109|118|134|95|125|101|82|94|90|94|87|83|87|90|93|102|
2013-04-26|3|1_CTs|CT11||613|919|1033|202|47|32|44|23|16|21|21|18|21|8|21|8|12|15|13|12|11|12|9|11|16|68|51|65|91|108|129|178|264|290|292|316|326|303|316|338|322|343|308|362|375|338|347|392|376|448|423|401|398|357|339|360|287|341|361|416|398|507|478|398|723|394|444|407|402|423|465|395|386|415|414|515|637|411|524|460|504|341|751|725|515|257|223|233|249|251|214|233|202|278|276|240|
2013-04-26|3|1_CTs|CT12||54|50|35|32|21|21|23|21|22|22|20|10|13|14|9|18|9|3|16|8|14|10|10|13|17|16|10|11|15|16|12|32|29|44|70|62|80|54|78|73|86|85|102|107|103|109|97|113|129|108|130|85|89|78|80|62|78|79|89|122|108|120|115|114|124|134|115|130|122|140|143|111|149|153|136|132|93|108|132|165|91|75|86|77|74|64|75|57|64|95|41|65|52|79|60|60|
2013-04-26|3|1_CTs|ct13||869|677|1793|3099|804|2066|1539|394|1483|1980|1331|515|2508|1095|136|689|1981|2801|3419|1153|3230|5164|2430|1168|2550|689|2324|53|2924|1006|1732|1215|580|1992|815|562|1607|647|2336|1841|1158|495|613|757|227|446|387|273|238|237|651|410|612|1150|1502|986|1548|324|881|690|596|1008|1178|694|297|392|418|191|210|356|725|216|201|168|162|206|252|680|1630|699|2011|2237|1847|433|283|296|405|466|232|230|215|219|174|226|207|217|
2013-04-26|3|1_CTs|ct14||34|41|28|26|15|18|8|9|8|4|4|4|10|4|12|3|1|4|1|12|4|9|12|12|22|37|57|107|130|189|249|255|275|282|289|275|270|288|268|249|208|184|154|182|172|164|200|167|147|148|162|160|149|156|140|157|167|192|178|172|163|189|180|192|129|167|151|147|179|180|184|234|217|213|215|165|166|170|157|169|145|141|117|99|100|114|82|96|75|70|61|73|69|52|59|45|
2013-04-26|3|1_CTs|CT16||81|57|59|69|68|59|50|31|62|24|29|29|39|40|19|15|14|27|45|17|25|21|26|29|22|29|41|41|62|59|73|117|144|156|177|183|131|139|144|144|151|138|153|125|140|138|137|142|155|143|147|120|141|136|131|111|102|131|130|120|150|103|140|113|114|160|129|140|164|227|184|159|186|225|190|172|170|139|176|129|170|156|110|146|98|131|98|115|100|110|148|87|88|99|113|99|
2013-04-26|3|1_CTs|ct17||59|46|45|42|30|34|29|20|25|22|13|17|12|14|15|14|11|17|23|16|14|20|35|15|20|25|40|26|51|65|88|147|242|261|246|278|291|256|244|225|199|214|165|186|164|172|176|174|172|198|165|182|175|181|165|179|175|190|199|210|205|198|207|193|205|211|228|219|219|217|206|222|203|208|202|209|190|184|185|160|161|173|166|148|130|142|110|93|102|115|115|86|96|87|93|104|
2013-04-26|3|1_CTs|ct18||85|59|63|74|55|43|44|40|63|41|26|28|25|23|27|26|24|27|30|24|20|28|28|42|35|35|38|42|54|74|102|116|219|210|226|254|223|210|200|192|129|164|149|182|154|178|185|153|159|155|184|173|160|158|159|160|177|171|170|181|149|190|145|192|170|169|175|195|173|145|180|176|119|168|194|191|174|171|147|138|166|151|153|140|151|144|122|138|128|131|133|100|131|121|138|138|
2013-04-26|3|1_CTs|ct19||0|1|1|0|0|1|0|0|0|0|0|0|0|0|0|0|0|1|0|0|0|0|3|1|4|3|5|6|6|7|10|6|6|8|5|8|5|5|6|9|6|7|5|8|7|4|8|6|6|8|4|12|7|7|4|6|6|7|9|9|6|3|8|4|1|9|8|10|6|7|8|6|5|9|8|7|3|8|5|6|3|6|3|7|7|5|1|3|0|3|0|2|0|2|2|1|
2013-04-26|3|1_CTs|ct22||11|1|0|4|2|2|0|1|0|3|0|2|2|0|1|1|2|2|1|2|1|1|2|2|1|0|2|4|3|2|11|5|11|19|17|16|18|13|13|23|20|17|19|17|27|16|18|27|15|18|23|23|26|15|21|23|24|21|19|26|36|26|26|13|20|22|27|20|27|33|39|40|38|32|43|32|34|28|21|23|12|10|23|17|9|10|8|5|4|9|4|9|5|5|9|7|
2013-04-26|3|1_CTs|CT23||65|63|44|34|43|23|30|23|29|31|11|15|14|5|12|3|8|5|9|6|8|13|3|13|13|25|23|34|43|64|99|149|147|181|240|217|227|204|194|200|188|192|155|202|187|205|245|207|241|268|274|272|226|238|228|224|218|231|218|217|193|274|251|224|276|245|330|327|344|345|341|354|402|408|400|360|381|315|267|303|300|263|224|217|187|194|158|119|164|147|128|138|120|106|113|130|
2013-04-26|3|1_CTs|ct24||172|137|110|107|75|61|53|39|36|34|22|32|38|21|27|24|22|22|27|56|44|63|76|111|112|162|262|413|503|727|900|859|819|927|799|874|836|925|940|867|806|771|798|814|771|693|763|718|647|663|722|744|707|658|697|665|718|808|730|765|761|798|766|765|674|742|736|741|795|792|758|824|800|851|800|699|657|655|630|674|598|613|556|536|464|479|405|353|344|341|303|327|301|299|302|249|
