2015-08-24|3|1_CTs|ct1||35|39|771|19|18|24|11|19|6|8|7|5|5|6|6|3|2|2|1|10|10|7|9|12|21|14|24|282|48|55|349|123|153|171|196|470|436|180|180|177|170|154|152|142|154|673|134|130|168|402|154|171|163|134|103|134|117|166|146|160|166|168|420|158|150|140|147|157|168|189|183|186|443|215|478|192|426|177|162|415|133|138|108|90|96|73|68|84|76|575|63|306|52|46|27|43|
2015-08-24|3|1_CTs|ct3||316|60|44|307|287|32|31|23|17|22|7|12|14|11|18|23|8|17|14|17|16|21|26|19|31|51|52|54|64|69|128|148|430|214|213|250|242|225|233|209|230|218|226|227|479|487|245|468|207|287|448|231|736|178|201|730|457|228|250|233|492|505|484|490|203|204|465|222|454|212|693|458|166|178|185|425|197|190|718|476|189|202|154|171|144|94|352|124|602|103|345|356|88|87|66|80|
2015-08-24|3|1_CTs|ct5||77|66|71|61|41|42|38|292|30|16|24|13|8|19|8|7|10|15|5|4|9|8|8|23|19|25|25|280|300|67|85|123|149|662|194|223|471|200|170|435|157|193|190|191|209|438|171|229|194|483|213|198|473|429|170|420|168|195|192|218|194|203|503|236|255|492|755|266|295|548|312|538|318|337|291|299|282|268|265|486|241|502|182|148|155|132|388|342|130|97|108|366|117|373|113|90|
2015-08-24|3|1_CTs|ct6||12|5|2|4|7|1|1|1|0|1|1|0|2|6|3|1|1|1|0|1|4|2|5|1|5|6|11|3|17|21|36|32|32|40|39|45|57|52|44|29|29|35|34|41|272|34|41|26|35|38|28|42|40|31|38|37|43|42|45|53|33|46|50|45|38|38|39|48|278|43|303|54|306|71|43|46|538|42|32|52|33|34|30|27|24|31|13|269|21|14|14|16|14|15|18|14|
2015-08-24|3|1_CTs|ct7||79|75|92|63|53|49|46|32|39|32|36|26|25|21|262|538|47|20|20|13|25|39|34|23|25|28|40|555|52|61|66|81|87|97|377|139|136|126|134|114|135|148|145|397|158|682|168|432|655|394|166|403|139|166|136|385|397|142|151|164|429|148|178|174|191|409|193|186|428|347|141|130|124|312|347|88|141|155|435|413|647|147|128|373|113|112|126|348|386|120|97|376|135|367|108|92|
2015-08-24|3|1_CTs|ct8||42|46|39|26|28|26|17|24|19|14|19|9|12|9|9|11|13|9|17|13|8|16|13|12|14|15|21|24|32|34|40|45|47|309|323|78|83|74|85|78|93|96|352|91|117|119|116|618|351|350|105|110|98|99|88|342|354|91|94|106|359|367|114|141|120|353|123|142|377|909|139|133|124|391|384|130|377|106|116|365|616|90|77|87|77|68|79|55|89|73|310|72|75|76|76|47|
2015-08-24|3|1_CTs|ct9||323|62|70|40|42|31|42|37|26|294|42|23|26|21|27|25|15|11|11|270|17|25|25|34|21|499|29|309|68|327|279|147|386|166|243|726|642|1079|208|523|153|179|170|427|339|162|229|402|204|382|135|138|138|120|133|141|140|417|129|162|175|394|152|157|171|404|393|162|208|169|685|444|683|192|473|167|154|431|399|166|433|549|238|106|68|93|66|340|64|103|77|563|328|86|70|74|
2015-08-24|3|1_CTs|ct10||54|43|36|36|33|32|22|29|21|25|18|21|14|19|13|20|17|19|19|12|11|16|17|20|14|20|27|24|40|33|40|69|64|92|106|101|121|119|101|99|92|92|109|99|89|112|93|111|97|113|116|109|101|98|96|94|97|119|118|116|123|101|108|129|111|118|130|115|124|141|131|138|122|135|119|114|110|122|112|111|96|103|90|78|78|74|93|75|61|68|65|73|76|44|71|82|
2015-08-24|3|1_CTs|ct13||142|116|348|98|106|68|340|74|52|27|42|42|32|44|33|34|38|44|46|48|30|38|50|58|78|88|94|69|110|126|156|192|185|458|237|236|261|237|290|254|248|324|263|257|258|219|246|235|250|250|277|496|514|495|255|479|257|249|429|310|248|213|254|260|239|627|315|302|283|291|256|482|414|1434|972|580|599|702|662|741|1435|852|1240|706|1526|2638|1189|300|472|174|401|240|178|632|407|180|
2015-08-24|3|1_CTs|ct14||48|50|36|32|25|13|18|22|15|11|5|12|5|3|8|7|4|2|3|8|3|5|13|15|27|28|47|364|134|199|236|239|230|229|251|264|514|510|259|253|216|192|193|161|164|144|136|408|146|461|356|611|470|395|375|165|179|160|190|182|186|409|179|151|155|139|372|139|161|161|418|194|687|223|483|235|444|206|190|666|136|145|122|346|104|110|337|583|551|325|332|316|322|295|52|61|
2015-08-24|3|1_CTs|CT16||56|52|288|45|46|40|299|27|22|17|40|17|24|20|20|15|31|13|6|9|16|12|13|276|20|21|22|27|284|38|63|75|349|120|158|129|123|153|121|166|112|124|137|111|111|382|121|405|121|135|150|108|379|353|91|384|109|119|135|146|139|128|118|145|125|131|144|145|157|407|423|430|162|415|434|453|685|447|402|144|134|141|101|109|80|64|73|319|81|72|84|348|68|67|332|72|
2015-08-24|3|1_CTs|ct18||63|61|50|54|40|43|31|38|23|30|19|22|17|25|19|25|18|26|18|15|15|23|19|25|27|25|42|39|53|57|96|115|117|162|205|160|187|183|168|184|149|143|160|128|147|167|138|143|129|154|174|145|133|133|133|138|140|161|164|144|180|139|162|167|140|156|140|152|166|172|132|158|132|176|140|172|167|168|138|143|143|153|109|107|100|83|110|87|94|82|86|99|94|58|98|106|
2015-08-24|3|1_CTs|ct19||0|0|0|0|0|1|0|0|1|0|0|0|1|0|0|0|0|0|0|0|1|2|2|3|3|3|5|7|4|4|8|3|5|5|3|7|3|4|3|7|4|5|3|5|4|9|2|0|4|4|10|4|4|6|6|3|6|4|4|5|9|6|7|3|6|6|5|7|8|6|5|4|4|8|6|3|2|6|10|9|6|5|9|3|2|5|3|7|0|1|0|2|0|1|1|1|
2015-08-24|3|1_CTs|ct22||3|3|2|0|3|1|2|3|0|0|1|1|0|1|1|0|0|0|256|0|1|0|1|0|0|1|3|2|2|5|5|4|4|12|22|270|12|19|15|20|25|19|16|12|16|14|11|22|16|19|34|26|17|16|17|15|20|21|17|18|13|9|15|9|21|17|26|28|25|31|281|28|52|287|32|34|28|26|21|17|268|15|8|266|9|5|6|4|3|6|2|260|4|2|4|0|
2015-08-24|3|1_CTs|CT23||78|50|316|38|38|38|30|24|13|17|20|21|13|28|11|16|4|5|2|11|19|11|13|10|18|26|17|38|50|54|120|149|194|222|282|338|515|771|226|230|465|202|200|200|181|218|216|216|260|281|490|263|798|229|232|233|265|254|494|213|218|259|223|558|272|551|320|343|667|984|382|716|528|566|784|496|466|431|422|385|874|562|309|419|445|197|659|411|156|423|351|870|624|117|98|89|
2015-08-24|3|1_CTs|ct24||689|164|870|373|93|86|81|48|42|39|27|36|19|24|33|22|30|24|289|33|32|49|65|97|100|133|748|887|749|1202|816|849|1182|886|1112|1088|1028|1359|942|850|1066|1047|756|1009|921|673|1145|651|926|713|1101|694|882|632|613|914|672|736|793|790|731|975|1215|640|618|885|634|681|1402|640|1153|746|750|862|1100|1088|1197|707|881|877|814|590|495|951|451|398|319|292|764|532|549|523|776|730|488|453|
