2012-11-16|22|1_CTs|CT1||14|14|16|10|4|6|2|7|5|2|3|2|7|3|2|6|3|5|8|9|15|9|10|21|23|30|27|39|37|49|75|152|203|188|213|222|193|185|134|112|84|77|72|93|71|74|77|84|74|76|107|105|88|79|82|74|72|84|116|130|91|76|95|84|83|95|83|98|102|134|161|139|165|152|123|141|107|99|71|73|67|49|61|49|50|44|41|28|24|21|23|27|21|23|29|21|
2012-11-16|22|1_CTs|CT2||42|25|34|21|16|13|9|13|7|11|12|5|6|4|2|6|8|9|7|15|11|16|18|31|50|60|58|70|71|87|126|218|229|273|307|319|294|302|195|187|170|142|128|149|134|127|123|145|130|134|151|149|157|159|145|154|162|160|226|193|187|154|159|171|178|202|175|177|232|259|308|310|276|114|211|285|286|208|181|149|127|126|116|101|79|94|70|68|72|79|56|61|39|38|58|48|
2012-11-16|22|1_CTs|CT3||55|43|48|30|15|17|17|17|8|16|20|4|9|9|7|11|11|11|8|21|16|17|29|28|48|37|48|80|83|117|156|294|304|344|405|416|394|385|276|259|211|214|205|204|203|186|180|178|173|180|224|225|193|199|215|220|219|222|253|260|259|210|223|223|224|268|262|271|260|331|325|335|260|234|301|378|339|221|197|192|158|169|179|156|134|117|106|93|116|106|69|68|70|46|95|65|
2012-11-16|22|1_CTs|CT4||33|25|18|33|14|10|16|14|14|15|9|9|9|14|13|3|7|8|6|9|9|12|15|22|22|38|37|38|72|73|119|142|191|187|211|190|194|180|200|145|164|165|168|159|144|147|169|148|138|139|143|159|157|157|142|139|131|148|167|185|152|176|180|175|210|232|250|256|296|237|235|240|245|247|242|261|237|273|213|218|194|170|126|137|108|97|88|54|77|60|65|46|39|58|40|47|
2012-11-16|22|1_CTs|CT5||42|25|22|25|20|15|10|17|8|12|7|7|5|8|8|8|7|7|12|5|9|18|15|22|29|35|40|44|73|84|129|200|255|325|282|280|280|265|206|195|170|161|182|168|130|169|163|166|150|156|203|189|179|213|184|178|166|207|213|187|208|195|202|221|240|263|281|282|325|217|245|268|312|318|318|315|253|284|274|232|223|204|142|142|119|100|97|77|77|84|71|60|54|56|57|55|
2012-11-16|22|1_CTs|CT6||29|26|22|20|10|14|8|11|8|7|10|3|4|7|3|2|4|3|9|6|6|7|15|17|18|20|24|22|38|35|46|82|84|104|124|111|109|109|84|93|82|96|106|89|87|111|93|85|105|90|121|116|92|91|115|119|85|97|114|112|116|122|130|111|138|181|156|161|195|195|179|205|193|208|183|215|239|193|188|159|147|123|83|98|71|75|56|58|40|73|57|37|37|38|27|37|
2012-11-16|22|1_CTs|CT7||6|5|1|6|4|2|1|3|2|2|2|2|0|1|1|1|0|3|1|1|4|3|1|4|3|10|3|6|13|9|17|26|37|37|35|52|48|45|39|29|26|22|29|23|22|13|23|25|24|21|26|26|37|28|24|29|32|23|26|20|25|23|21|28|31|37|36|27|33|23|23|25|23|26|29|22|15|19|22|24|23|13|17|9|11|25|7|15|12|8|9|7|5|4|7|6|
2012-11-16|22|1_CTs|CT8||20|20|14|10|14|6|9|12|5|8|7|1|2|6|3|3|4|4|5|4|5|3|7|4|5|9|13|8|12|22|34|75|77|62|73|74|90|75|85|88|61|61|74|61|65|66|74|76|64|55|77|75|78|75|76|77|73|88|69|93|84|87|94|82|75|79|86|93|104|89|79|97|91|71|79|93|93|90|84|90|70|65|56|55|61|47|44|49|52|46|32|36|24|22|37|31|
2012-11-16|22|1_CTs|CT9||34|31|17|17|10|13|4|9|13|6|12|8|6|8|4|11|5|14|11|12|11|21|25|28|30|39|59|75|112|136|221|331|381|348|364|334|338|334|267|271|222|216|209|172|190|173|183|158|156|202|239|193|198|194|207|182|216|200|201|196|180|203|194|191|206|226|231|201|203|211|213|201|173|170|168|121|140|148|159|132|157|154|151|118|111|86|91|66|66|71|56|50|60|44|48|43|
2012-11-16|22|1_CTs|CT10||1|0|1|1|0|0|0|0|0|0|1|0|0|0|0|1|0|1|1|1|2|2|1|3|9|7|4|2|6|4|0|20|40|24|19|17|16|4|8|8|8|5|6|5|3|3|5|8|4|4|6|7|2|3|4|5|4|7|2|9|3|6|4|7|6|4|9|2|5|10|15|3|5|8|6|3|2|3|4|1|1|5|4|1|2|0|2|2|1|1|7|9|10|7|0|2|
