2013-09-18|6|1_CTs|CT1||0|1|0|2|0|1|0|1|0|0|0|1|2|1|1|1|1|1|2|1|1|1|5|4|7|2|5|3|2|5|10|38|51|58|42|42|34|27|22|15|11|5|8|16|8|4|7|5|4|3|13|4|11|9|5|6|6|10|4|2|12|8|8|6|7|8|5|7|4|9|11|10|5|6|0|5|4|3|6|5|5|6|3|0|4|0|2|1|1|0|7|22|21|1|1|1|
2013-09-18|6|1_CTs|CT3||9|11|8|8|5|8|6|1|3|1|3|5|0|2|2|10|4|8|13|18|16|21|30|33|31|34|32|34|45|58|40|83|91|91|111|108|88|83|76|83|52|46|57|49|41|59|50|56|44|47|53|58|62|33|54|45|47|44|70|34|50|45|53|47|62|72|52|62|74|52|45|49|63|75|74|62|39|52|45|35|33|33|30|28|24|23|25|12|10|16|14|19|28|21|21|19|
2013-09-18|6|1_CTs|CT6||24|29|12|13|12|9|7|11|4|4|6|4|7|6|3|6|4|6|4|4|4|6|11|17|11|13|16|16|23|41|63|86|149|173|186|201|183|155|136|99|90|120|116|99|84|100|103|112|90|91|81|89|97|120|86|106|95|107|114|105|112|90|132|109|106|95|99|124|142|140|112|133|122|124|112|109|105|94|107|97|95|108|78|73|69|64|60|51|62|52|52|45|31|39|42|27|
2013-09-18|6|1_CTs|CT7||6|4|5|2|6|2|2|0|1|0|1|1|3|2|1|1|2|0|1|1|1|6|1|2|3|2|0|6|7|14|18|27|52|45|36|52|40|44|43|39|17|27|27|25|30|24|21|22|19|31|20|26|23|31|20|18|23|23|24|27|17|31|20|31|24|16|35|34|33|27|37|24|34|33|33|30|22|20|20|25|20|22|14|12|11|9|9|13|11|10|8|4|9|9|4|8|
2013-09-18|6|1_CTs|CT8||31|33|27|24|18|15|18|14|12|5|10|4|17|8|7|3|5|5|5|10|6|10|24|20|18|36|45|42|79|113|162|197|245|224|233|196|205|183|191|174|146|150|158|133|120|148|150|143|153|137|128|153|165|142|134|148|138|175|180|146|149|173|161|156|147|151|162|176|178|188|184|176|175|217|195|169|193|175|166|183|149|136|113|92|106|75|82|73|65|75|74|71|62|58|70|56|
2013-09-18|6|1_CTs|CT9||48|47|40|21|21|18|14|16|13|6|7|10|10|9|11|5|7|4|11|9|12|17|20|32|46|38|47|71|64|122|211|284|283|352|336|429|371|337|288|234|228|206|235|208|202|199|177|195|196|179|209|179|202|201|205|206|195|238|205|212|193|203|219|205|257|248|222|235|228|247|285|312|312|297|312|276|273|264|263|214|176|167|133|98|130|92|90|88|88|84|81|80|80|69|73|58|
2013-09-18|6|1_CTs|CT10||30|33|23|17|19|12|11|15|5|6|7|2|3|5|6|4|2|2|3|3|9|9|13|20|22|20|27|36|53|72|98|152|169|187|208|202|196|187|193|179|165|161|182|163|182|182|147|163|136|152|147|130|155|160|125|121|129|146|144|149|139|137|160|174|185|181|202|229|187|219|183|215|210|236|238|238|207|199|193|181|141|165|114|129|98|83|92|60|65|57|51|62|32|51|45|54|
2013-09-18|6|1_CTs|CT11||32|25|12|10|13|8|9|8|10|3|8|7|17|9|5|4|7|6|6|2|16|14|25|26|31|38|58|74|79|146|261|365|342|359|293|341|325|358|273|204|204|260|234|206|245|192|186|197|173|196|223|178|206|197|206|191|213|243|206|215|188|185|187|223|202|235|204|242|232|223|222|246|215|224|202|202|178|175|161|180|164|134|109|104|94|69|81|67|78|56|40|30|54|36|40|40|
2013-09-18|6|1_CTs|CT12||35|29|22|14|22|12|7|15|8|5|11|5|9|11|7|2|6|7|5|6|13|12|18|22|22|28|32|54|52|79|137|211|256|307|280|297|301|267|241|221|190|188|212|166|171|217|197|186|182|168|165|162|191|218|160|166|196|192|176|195|156|164|180|220|232|218|279|286|228|266|251|274|276|295|316|295|252|254|223|215|181|161|135|122|114|92|91|67|71|67|52|68|50|58|41|54|
2013-09-18|6|1_CTs|CT15||13|10|10|5|8|9|5|3|3|3|2|2|6|4|2|6|2|4|6|8|15|10|13|17|19|20|26|31|46|64|96|154|194|190|218|214|160|155|125|107|75|72|77|82|69|78|70|67|68|65|82|90|70|67|60|76|85|83|72|68|77|82|73|79|105|97|86|101|89|94|92|91|105|138|127|107|93|103|102|79|54|48|35|42|33|30|25|31|26|24|21|24|26|21|23|17|
2013-09-18|6|1_CTs|CT16||31|29|30|17|16|16|15|15|10|5|8|7|13|11|6|6|3|4|5|2|10|16|13|16|20|24|34|46|61|111|163|271|299|290|286|306|265|279|287|253|187|182|195|207|190|199|168|197|157|195|169|187|169|222|146|166|179|177|203|196|174|198|175|217|196|219|211|214|238|225|217|227|205|244|217|233|177|183|176|170|152|186|109|117|106|89|107|68|87|76|71|60|57|48|51|52|
2013-09-18|6|1_CTs|CT21||68|59|54|28|23|34|24|23|11|15|7|12|9|9|11|10|16|22|33|21|30|28|53|49|48|59|78|89|138|187|259|310|348|340|388|352|376|379|256|283|243|225|224|244|201|203|230|226|222|219|211|223|221|181|221|207|220|241|249|256|253|221|242|232|185|217|231|244|235|266|235|237|220|268|264|228|240|233|232|196|178|169|161|140|116|134|98|114|94|103|89|91|113|103|77|90|
2013-09-18|6|1_CTs|CT22||85|84|65|48|43|37|27|31|26|31|20|28|21|9|33|26|19|20|41|40|48|29|65|62|65|63|68|77|77|127|148|212|226|269|284|290|280|302|281|253|234|263|222|225|242|239|249|286|264|263|245|284|276|250|207|260|261|220|241|269|300|267|280|284|282|298|289|314|361|402|385|375|389|395|393|387|325|372|295|257|261|241|225|207|169|143|154|122|130|122|145|136|141|136|115|98|
2013-09-18|6|1_CTs|CT23||66|59|46|35|36|31|22|22|15|17|11|10|20|10|12|13|10|6|11|12|14|20|40|40|35|48|69|72|130|186|197|324|345|379|396|365|365|336|351|319|261|232|228|239|221|214|214|218|240|198|189|266|250|212|198|250|214|237|303|245|237|250|232|231|252|254|277|289|306|291|282|303|317|336|348|318|312|307|290|285|232|194|178|153|174|118|126|120|110|114|107|98|116|98|105|82|
2013-09-18|6|1_CTs|CT24||70|51|39|34|29|30|17|20|17|23|15|13|18|15|16|10|11|15|22|18|24|19|31|31|45|46|62|74|69|133|190|223|263|328|328|345|368|368|339|295|260|283|282|278|244|285|283|279|291|259|261|264|256|310|216|232|221|243|273|283|295|322|293|273|299|337|342|333|350|367|409|419|419|410|435|433|444|392|347|311|274|250|231|183|185|162|127|137|120|122|125|104|117|100|90|106|
