2016-05-21|2|1_CTs|ct1||117|119|88|78|82|68|65|50|49|41|34|40|45|45|308|40|33|27|28|26|36|291|25|42|288|57|55|306|64|472|414|106|108|357|121|142|151|148|162|438|175|431|171|172|176|429|176|202|188|175|190|176|420|432|185|180|200|191|173|164|179|208|184|202|354|468|394|158|422|168|174|185|173|160|201|151|188|201|421|165|408|950|202|201|402|174|180|177|151|152|154|136|404|151|144|160|
2016-05-21|2|1_CTs|ct2||87|74|65|56|53|274|54|29|31|36|23|26|30|33|297|28|36|22|532|22|26|278|25|24|25|35|24|22|20|46|255|35|40|40|40|312|73|63|81|342|92|77|86|85|81|81|68|98|67|81|83|85|68|314|93|73|80|95|77|77|79|97|350|93|352|110|99|415|306|100|99|81|97|330|77|94|100|89|863|103|111|357|392|137|120|136|112|110|91|86|99|87|82|82|87|82|
2016-05-21|2|1_CTs|ct3||135|156|106|364|345|81|96|321|64|57|52|32|69|320|64|54|46|48|42|275|303|46|289|50|53|62|49|311|46|333|78|99|94|88|110|115|140|660|170|181|190|442|172|208|209|455|171|208|179|203|192|170|438|168|174|167|198|206|167|190|667|456|425|215|186|168|181|222|468|480|724|182|200|180|203|186|222|200|192|222|197|701|242|484|463|207|209|218|198|168|204|153|679|437|185|185|
2016-05-21|2|1_CTs|ct4||78|59|342|74|71|56|55|70|55|39|45|35|290|47|44|52|28|305|37|30|35|31|36|279|30|38|23|29|298|41|42|52|51|59|53|55|60|287|62|104|91|128|98|104|358|366|131|100|126|117|122|134|115|119|125|369|120|108|100|377|610|374|363|914|121|123|133|124|385|130|113|106|134|385|625|126|133|106|124|139|98|114|360|108|357|122|125|90|88|118|123|119|114|103|116|93|
2016-05-21|2|1_CTs|ct5||398|152|155|119|118|336|85|110|74|70|63|56|50|85|591|70|51|83|51|41|53|57|44|36|41|51|35|306|51|47|61|65|333|82|85|348|119|134|163|408|165|180|155|380|171|177|193|176|220|217|470|202|183|182|182|450|424|200|193|213|423|471|226|757|473|67|208|467|493|216|225|194|473|241|453|223|465|192|469|473|206|207|183|437|172|170|398|142|194|439|479|200|200|192|165|182|
2016-05-21|2|1_CTs|ct6||131|133|140|114|363|90|90|91|70|82|65|56|53|323|336|69|307|65|62|36|44|36|299|32|45|41|287|36|41|42|58|59|52|59|59|66|75|82|97|118|102|378|107|116|370|105|139|133|115|152|406|137|141|132|148|132|130|137|400|151|392|145|158|425|162|114|150|447|187|187|163|172|185|191|185|191|189|176|669|679|136|152|123|388|145|145|124|119|135|385|181|425|158|175|411|448|
2016-05-21|2|1_CTs|ct17||143|437|142|143|377|107|115|111|79|71|75|55|78|64|91|340|60|68|52|43|63|64|46|66|40|333|59|71|62|80|91|352|110|108|368|391|166|435|194|468|240|468|221|512|474|246|217|233|229|253|251|233|229|453|241|215|485|232|210|504|475|486|241|246|380|310|210|257|751|249|239|230|481|240|483|262|239|239|466|492|252|502|774|263|243|248|229|239|490|463|493|191|449|215|193|206|
2016-05-21|2|1_CTs|CT19||312|61|314|301|38|260|43|274|24|25|26|15|26|252|32|246|18|17|13|267|15|18|12|16|14|30|22|24|25|36|292|44|53|57|53|55|69|79|322|361|355|356|110|99|595|363|354|113|110|126|114|1089|100|100|347|102|358|96|602|351|89|103|358|378|80|121|132|116|123|131|105|113|621|125|372|388|386|115|589|885|389|869|354|353|361|367|99|98|357|89|98|86|593|76|551|69|
2016-05-21|2|1_CTs|CT20||66|318|74|332|76|553|312|575|58|60|293|39|33|49|41|36|296|543|29|31|279|11|14|17|274|17|17|26|28|15|25|31|49|50|47|63|308|69|330|82|340|336|66|578|328|598|333|68|93|75|81|68|78|65|344|322|598|68|333|73|65|346|71|57|66|332|69|70|330|327|342|83|71|318|78|84|342|581|96|79|93|345|342|584|82|78|90|85|343|344|352|74|353|91|94|96|
2016-05-21|2|1_CTs|CT21||48|521|49|43|541|292|288|32|25|31|14|15|19|261|22|253|27|17|14|236|14|7|3|8|9|13|10|10|17|6|9|14|275|30|27|35|33|56|551|57|59|58|40|312|279|54|63|50|56|48|56|52|50|273|306|48|46|299|304|52|289|64|43|52|287|44|39|95|232|49|283|45|49|58|65|58|59|43|306|311|297|580|63|320|322|65|65|66|57|570|65|63|316|66|73|65|
