2011-08-29|3|1_CTs|ct1||52|58|28|34|28|14|12|9|13|13|11|7|7|6|7|5|9|1|2|3|6|9|11|20|17|14|25|22|49|69|101|139|174|201|218|210|217|195|214|197|178|174|187|153|169|151|159|153|127|175|164|144|155|161|150|162|162|173|177|192|207|184|176|166|163|177|150|197|163|169|177|160|203|219|208|214|209|180|186|136|158|165|107|104|103|95|91|79|87|78|67|63|69|64|54|59|
2011-08-29|3|1_CTs|ct3||132|119|98|81|80|45|59|35|34|35|30|30|18|20|25|15|31|17|16|27|25|37|44|66|51|48|92|100|136|157|227|348|392|422|469|460|499|464|470|463|435|387|446|404|433|363|378|391|374|380|347|359|371|336|397|355|469|431|419|434|464|396|438|399|382|417|337|377|333|331|348|342|326|343|342|335|316|332|321|332|267|302|306|290|252|198|215|197|237|188|208|166|186|181|147|155|
2011-08-29|3|1_CTs|ct5||101|91|75|82|76|64|37|40|59|31|61|65|39|41|25|42|12|13|36|36|27|26|41|45|53|72|62|104|131|148|188|243|250|251|301|306|331|333|295|293|294|297|291|329|321|344|328|304|301|296|285|322|311|273|228|291|305|250|320|356|347|400|273|357|251|285|254|275|286|445|328|312|372|335|318|335|290|287|288|281|280|276|230|223|219|179|178|195|181|148|192|168|179|191|108|161|
2011-08-29|3|1_CTs|ct6||75|65|66|43|37|45|30|27|26|24|27|21|17|10|10|9|16|19|10|13|11|7|11|11|21|19|20|21|36|65|65|104|118|142|174|215|178|178|170|152|160|171|155|140|177|180|157|175|179|205|176|201|167|183|148|143|154|166|215|175|193|228|202|204|226|232|213|259|265|277|258|265|268|275|287|267|269|271|238|224|216|194|181|126|123|95|85|92|96|107|98|73|90|95|83|97|
2011-08-29|3|1_CTs|ct7||87|79|63|45|56|42|38|46|35|32|38|24|15|14|13|10|14|14|20|9|17|14|25|16|31|16|27|25|33|58|62|92|93|140|128|171|168|132|141|148|143|167|137|170|163|153|152|173|188|185|176|192|189|145|153|174|130|182|209|193|165|245|218|202|208|189|209|183|230|228|197|204|238|217|197|167|221|196|179|183|170|179|126|116|108|84|102|98|110|113|96|83|110|95|94|116|
2011-08-29|3|1_CTs|ct9||72|81|64|84|50|57|74|43|40|49|42|25|30|28|34|24|25|24|29|37|22|17|19|14|36|33|42|50|52|53|97|89|139|136|174|170|172|159|167|160|151|137|141|129|101|143|120|140|131|124|124|127|138|100|120|114|164|134|154|163|124|135|130|143|121|118|151|121|155|151|158|141|135|165|175|136|158|141|136|125|134|130|131|85|100|65|91|68|83|68|87|62|79|93|90|90|
2011-08-29|3|1_CTs|ct10||41|41|39|40|28|40|42|38|32|31|28|25|15|13|13|11|10|15|16|13|14|15|12|25|19|11|20|24|32|37|49|60|68|82|89|110|103|120|108|126|111|106|102|100|92|106|95|95|100|94|118|109|102|99|96|88|84|108|101|119|104|99|123|121|108|122|126|100|106|120|116|137|120|112|120|97|108|104|115|109|83|114|89|78|68|64|68|52|54|63|56|50|58|70|49|67|
2011-08-29|3|1_CTs|CT11||18|18|18|8|17|12|12|12|5|4|9|6|7|8|7|3|8|11|8|4|6|5|9|14|7|9|18|15|22|28|30|37|45|44|53|57|53|58|54|47|43|53|47|38|53|44|53|56|44|55|56|58|52|42|59|39|43|43|50|52|60|49|49|57|48|61|52|63|39|57|56|54|56|56|56|69|53|52|59|53|52|52|39|29|32|30|36|34|31|39|28|23|27|32|19|33|
2011-08-29|3|1_CTs|CT12||19|19|21|14|20|15|19|24|20|11|18|13|9|8|4|6|8|9|10|11|9|10|9|22|13|7|12|12|12|15|14|17|18|25|20|33|30|40|43|37|34|46|35|34|32|38|31|28|29|30|35|38|29|29|31|30|31|30|29|44|32|33|32|37|34|34|46|33|42|35|31|30|30|30|28|36|37|33|34|33|37|38|28|23|20|15|23|14|26|17|16|25|27|17|19|24|
2011-08-29|3|1_CTs|ct14||0|0|0|0|0|0|0|0|0|0|0|0|0|0|0|0|0|0|0|0|0|0|0|0|0|0|0|0|0|0|0|0|0|0|0|0|0|0|0|0|0|0|0|0|0|0|0|0|0|0|1|0|0|0|0|0|0|0|0|1|0|0|0|0|0|0|0|0|0|0|0|0|0|0|0|0|0|0|0|0|0|0|0|0|0|0|0|0|0|0|0|0|0|0|0|0|
2011-08-29|3|1_CTs|CT16||14|15|6|12|12|10|9|10|9|13|8|2|4|4|5|6|8|7|5|3|5|4|9|4|6|9|9|7|8|8|10|23|18|24|21|23|35|28|41|25|34|31|19|33|22|26|27|37|30|33|26|32|31|22|16|17|25|22|31|30|31|28|23|25|32|30|28|28|27|26|35|30|34|36|43|36|32|38|34|24|26|28|31|21|23|16|8|19|14|16|17|13|19|14|21|14|
2011-08-29|3|1_CTs|ct17||55|47|37|53|29|37|25|32|26|36|16|18|16|18|20|9|12|19|19|16|23|18|12|30|25|18|34|39|56|93|106|151|171|240|272|277|269|261|249|275|221|204|214|156|207|207|196|174|209|203|204|205|195|148|184|159|223|177|241|214|202|202|242|200|193|188|219|199|207|232|191|214|213|248|192|187|201|208|180|187|195|190|155|115|122|117|103|99|105|99|86|98|116|104|87|85|
2011-08-29|3|1_CTs|ct18||75|56|49|47|42|41|49|44|43|39|31|31|20|14|23|15|9|19|27|20|21|16|19|43|27|25|34|41|63|69|94|105|127|156|172|196|182|228|205|193|163|146|142|151|158|155|151|142|141|138|132|142|149|134|155|116|145|152|164|173|149|160|148|138|159|155|162|136|141|144|162|182|180|166|190|157|158|145|163|136|153|165|143|112|93|101|83|94|82|94|84|99|97|102|78|87|
2011-08-29|3|1_CTs|ct19||0|2|0|1|0|0|0|0|0|0|0|0|0|0|0|0|0|0|0|0|0|1|0|4|3|7|6|8|4|7|12|5|8|6|6|8|4|7|5|6|2|7|6|4|5|5|8|5|4|6|6|4|8|9|5|6|4|3|5|5|6|6|6|4|10|7|8|6|5|7|6|10|4|2|10|9|6|6|3|4|8|6|5|5|11|4|4|0|1|2|2|0|1|2|0|0|
2011-08-29|3|1_CTs|ct20||52|35|26|36|26|22|17|19|12|9|13|3|11|6|7|5|6|4|12|13|11|11|12|22|14|19|37|47|59|87|115|130|127|141|158|151|166|153|185|143|145|108|136|111|121|121|118|134|124|108|103|133|111|109|120|133|145|159|176|179|137|131|135|121|121|113|105|125|110|111|123|130|135|145|155|148|133|130|124|136|137|124|103|108|76|92|71|62|60|81|51|62|52|92|60|66|
2011-08-29|3|1_CTs|ct22||6|3|3|2|1|2|5|2|3|1|0|0|0|1|3|1|1|2|2|0|3|2|1|1|2|2|1|3|1|2|4|10|8|8|12|17|9|13|15|21|17|11|32|15|24|19|25|25|23|19|24|29|23|21|13|23|24|30|19|21|17|25|19|18|21|18|31|28|36|47|27|32|49|44|33|28|38|27|36|26|29|12|16|6|10|4|6|5|7|6|4|5|9|3|2|3|
2011-08-29|3|1_CTs|CT23||54|62|39|30|29|21|29|26|12|25|14|14|17|7|5|5|8|4|7|5|21|9|10|10|20|13|18|23|37|70|74|115|151|200|230|227|231|183|213|188|168|151|141|155|169|143|170|162|200|239|201|216|234|211|191|187|176|187|213|196|189|221|216|214|237|213|236|277|286|299|311|310|366|417|358|403|403|402|373|295|285|295|211|172|141|129|150|99|141|106|77|91|95|102|61|61|
2011-08-29|3|1_CTs|ct24||221|182|163|147|123|101|95|81|73|52|38|31|33|35|35|27|12|34|36|63|41|55|71|87|120|134|258|427|499|672|853|902|1000|806|901|934|909|900|926|851|850|772|759|803|695|684|679|682|642|635|700|734|645|620|590|622|766|769|792|851|710|650|658|674|613|609|629|614|628|702|733|807|743|817|846|812|768|746|655|689|649|571|507|440|397|345|341|325|304|318|304|257|321|286|228|228|
