2014-06-13|3|1_CTs|ct1||70|69|60|56|44|45|54|51|61|57|52|55|56|41|41|49|44|31|44|45|42|40|32|32|39|38|39|34|40|44|68|68|53|62|63|60|59|90|66|80|85|82|96|83|100|87|76|90|78|92|95|84|98|97|96|104|81|87|101|107|88|106|85|87|100|103|82|87|95|84|91|80|75|74|81|79|101|90|105|105|109|92|86|77|89|88|76|65|73|72|70|56|52|72|70|58|
2014-06-13|3|1_CTs|ct3||0|0|33|74|69|73|72|68|67|61|77|83|88|76|90|87|89|78|73|102|76|90|92|72|83|87|80|101|75|69|78|93|87|73|81|95|85|106|101|119|118|145|115|111|134|127|87|124|127|135|112|126|131|121|133|128|127|121|138|149|110|152|125|111|129|138|132|120|129|106|133|112|130|129|129|128|150|122|161|168|181|166|167|160|164|160|147|119|125|143|158|125|133|115|152|137|
2014-06-13|3|1_CTs|ct5||25|26|27|136|95|72|90|99|74|96|87|100|98|107|92|102|87|75|83|82|72|56|63|61|68|70|99|56|80|67|79|85|102|103|107|95|101|114|128|122|113|111|145|125|151|132|137|147|174|166|158|161|135|145|149|134|159|146|173|175|201|191|179|198|211|229|253|226|182|225|185|164|133|173|133|132|149|170|153|141|127|107|110|98|101|98|81|99|113|107|115|109|134|159|136|123|
2014-06-13|3|1_CTs|ct6||0|0|2|8|20|11|8|16|10|2|5|6|5|6|8|3|2|4|4|5|10|5|5|8|5|5|6|5|6|8|6|7|7|13|5|14|9|14|11|14|11|18|17|12|17|19|21|13|22|12|18|23|12|22|13|24|13|12|18|19|25|20|25|14|19|18|12|20|26|32|22|29|20|19|18|21|24|16|29|27|23|28|22|16|8|20|21|17|18|9|18|12|23|22|9|20|
2014-06-13|3|1_CTs|ct7||4|2|11|0|0|2|7|33|12|12|2|6|8|7|5|3|9|10|5|7|2|6|2|20|72|93|94|89|97|71|75|61|61|60|69|74|69|80|80|91|79|85|118|102|118|116|106|95|147|106|126|109|114|110|93|101|94|113|92|106|127|117|120|112|130|126|124|124|120|133|127|120|112|113|105|127|128|150|124|134|106|98|109|93|124|112|126|98|123|111|124|139|148|133|150|144|
2014-06-13|3|1_CTs|ct8||4|2|0|0|2|2|4|6|24|5|0|3|5|5|2|3|1|8|7|6|3|2|1|12|39|45|53|40|56|52|47|29|40|32|32|40|36|38|46|52|52|54|46|58|57|65|52|46|67|64|69|58|54|45|42|65|51|84|59|65|75|66|70|68|69|69|89|72|69|87|65|68|63|81|61|84|77|78|67|78|69|64|75|60|73|69|71|69|82|67|77|80|102|76|91|93|
2014-06-13|3|1_CTs|ct9||107|126|125|201|206|255|335|151|131|250|155|108|149|133|240|111|90|121|143|114|104|77|102|74|52|54|46|41|51|52|61|65|85|87|91|85|88|81|88|96|77|85|106|81|89|110|98|107|103|119|126|104|95|94|94|91|118|95|137|121|108|122|106|126|103|88|116|94|114|99|110|81|86|90|99|96|123|216|101|95|101|96|83|97|75|111|182|103|93|115|96|90|107|121|172|105|
2014-06-13|3|1_CTs|ct10||104|106|107|128|102|107|128|111|117|116|119|111|133|126|139|130|146|112|100|101|110|100|93|97|72|79|83|69|51|59|50|49|41|34|38|53|43|51|56|51|62|63|60|63|70|65|68|67|64|79|78|70|73|74|57|68|54|62|62|61|73|74|78|92|74|73|74|84|84|92|68|78|92|86|83|72|87|84|76|85|90|84|84|75|85|71|74|58|85|87|63|67|89|90|83|72|
2014-06-13|3|1_CTs|ct13||2719|1116|24|140|285|407|289|775|881|422|837|686|904|1532|526|648|1362|561|801|311|518|327|307|618|377|229|244|180|176|172|173|143|136|160|141|159|121|164|217|205|190|950|2685|2868|404|927|457|1174|578|544|335|2255|1131|757|700|908|184|183|234|215|1126|1854|957|267|568|2095|681|332|772|241|1044|783|272|268|775|206|196|658|206|241|246|238|194|195|257|2078|1210|1147|232|1055|1160|1042|214|253|256|211|
2014-06-13|3|1_CTs|ct14||67|69|67|46|34|36|24|20|24|17|14|14|18|18|15|5|9|6|11|11|15|12|11|8|16|21|30|44|58|68|100|118|58|82|86|66|78|73|89|95|58|77|110|109|74|106|119|109|82|100|100|99|108|94|102|90|105|116|118|103|112|128|133|165|148|123|126|117|126|129|136|118|137|140|138|131|158|150|161|162|151|127|123|118|119|116|85|94|115|119|101|90|83|69|91|66|
2014-06-13|3|1_CTs|CT16||58|56|102|42|69|62|126|134|115|176|109|100|118|81|74|85|92|131|87|57|60|72|62|84|60|52|50|87|90|74|74|73|64|76|89|78|101|59|57|88|63|80|100|65|92|122|113|124|114|109|108|114|145|102|110|126|117|91|118|122|121|87|118|115|105|131|121|160|149|113|112|121|109|97|114|88|128|143|126|121|101|117|115|118|105|78|104|80|67|84|88|65|131|111|81|96|
2014-06-13|3|1_CTs|ct18||108|126|126|149|108|109|123|115|118|144|136|124|142|134|134|136|152|121|117|96|121|105|101|106|85|80|96|83|59|66|73|59|64|58|62|78|64|82|73|74|86|96|78|89|93|100|107|82|98|102|126|94|103|98|94|93|90|99|93|89|94|117|111|127|98|119|110|113|130|111|110|113|120|111|127|100|138|120|121|149|126|130|112|118|107|99|116|92|107|112|93|102|104|106|107|111|
2014-06-13|3|1_CTs|ct19||1|3|1|0|1|3|1|0|1|0|0|0|1|3|2|3|0|4|0|1|0|2|3|2|0|1|1|1|2|5|2|0|2|3|0|2|4|2|1|3|1|1|1|2|4|3|1|4|2|2|2|1|1|4|3|4|0|3|2|1|3|1|2|1|2|4|0|3|2|3|0|2|4|1|0|6|0|1|2|3|2|2|4|0|1|2|1|1|2|0|1|0|1|0|1|1|
2014-06-13|3|1_CTs|ct20||0|1|0|0|0|0|0|0|0|0|0|0|0|0|0|0|0|0|0|0|0|0|2|0|0|0|0|0|0|0|1|0|0|0|0|0|0|0|0|0|0|0|0|0|0|0|0|0|0|0|0|0|0|0|0|0|0|0|0|0|0|0|0|0|0|0|0|0|0|0|0|0|0|0|0|0|0|0|0|0|0|0|0|0|0|0|0|0|0|0|0|0|0|0|0|0|
2014-06-13|3|1_CTs|ct22||15|16|21|7|14|17|19|17|5|9|13|7|6|4|7|6|8|8|6|4|5|5|5|1|0|6|3|4|4|1|6|5|5|7|7|5|4|5|2|7|3|10|8|4|7|4|8|6|5|4|9|7|10|4|8|5|8|6|8|12|9|8|7|5|14|9|7|9|11|12|4|8|3|0|0|0|0|0|4|5|7|8|6|3|3|3|6|1|11|8|3|6|1|4|1|4|
2014-06-13|3|1_CTs|CT23||276|303|253|172|149|139|148|158|149|108|115|98|78|76|84|83|60|53|67|53|69|52|45|49|45|45|44|27|38|52|84|98|85|121|117|108|126|128|91|109|128|149|155|142|151|167|148|153|169|156|168|172|159|183|156|166|155|156|156|195|165|169|168|177|181|157|159|154|186|188|155|141|156|132|123|157|136|133|136|124|142|149|99|98|133|94|81|87|98|110|117|84|93|81|87|79|
2014-06-13|3|1_CTs|ct24||231|250|205|194|154|133|148|106|109|72|71|67|68|50|53|62|41|62|74|67|68|71|86|92|88|125|171|194|234|342|384|366|278|344|308|348|334|344|388|426|394|405|492|509|460|466|507|486|444|491|480|468|473|457|439|432|450|476|515|513|543|558|556|671|654|589|577|549|550|582|556|582|581|617|647|630|677|660|741|786|692|606|591|568|519|469|443|416|454|404|384|366|381|357|344|274|
