2017-02-02|3|1_CTs|ct1||44|19|22|15|7|9|7|3|2|2|1|2|5|3|2|1|3|1|3|3|2|4|5|7|12|20|14|42|771|628|109|155|188|185|195|201|404|162|157|159|139|151|146|131|136|381|368|136|124|136|119|138|141|119|117|127|138|374|119|411|423|166|134|151|156|139|184|449|190|425|169|423|190|179|443|182|420|181|146|123|133|138|117|115|83|72|77|49|62|320|304|54|57|49|54|50|
2017-02-02|3|1_CTs|ct3||89|66|49|37|24|23|20|14|20|14|13|16|17|21|15|4|13|22|18|11|11|22|20|23|289|50|62|87|316|151|427|194|187|226|227|481|211|224|223|462|213|249|482|236|230|481|198|208|477|174|205|222|234|199|205|434|491|220|743|255|238|218|257|221|202|465|420|712|199|191|447|194|167|404|198|142|174|142|408|445|186|173|180|163|106|127|110|79|97|93|98|84|357|72|356|87|
2017-02-02|3|1_CTs|ct5||384|92|84|64|51|56|56|38|29|25|24|19|19|26|23|11|20|13|23|4|10|18|16|22|31|18|35|61|69|68|130|195|209|257|264|275|258|299|308|518|200|187|146|184|182|432|195|227|226|249|221|476|504|235|232|433|181|499|229|223|249|255|521|502|276|297|298|285|335|568|553|564|863|1071|315|327|308|304|573|513|562|305|244|227|199|177|160|402|161|147|359|464|807|424|647|352|
2017-02-02|3|1_CTs|ct6||8|7|10|3|0|1|3|1|2|4|1|2|5|0|3|3|2|0|1|1|1|6|2|2|6|8|11|14|25|35|34|296|60|75|85|337|317|309|68|68|56|71|60|63|63|82|56|53|44|59|55|47|68|48|44|45|59|555|68|315|75|62|65|60|48|314|59|49|57|64|66|67|308|77|332|44|64|69|54|54|41|41|33|37|37|24|24|19|24|264|12|16|21|17|20|12|
2017-02-02|3|1_CTs|ct7||107|341|69|55|60|298|46|38|36|41|286|30|38|38|26|18|20|14|19|14|15|20|24|23|37|29|46|50|64|313|74|110|382|141|139|388|396|148|149|364|159|147|138|402|165|167|159|171|188|179|188|197|417|167|384|143|181|406|156|180|189|419|104|73|336|855|87|83|76|70|287|83|136|53|75|390|388|140|144|145|144|138|118|119|115|360|102|124|102|317|105|359|111|112|89|331|
2017-02-02|3|1_CTs|ct8||52|319|33|31|30|18|18|266|21|14|16|11|9|13|14|16|10|6|14|8|5|5|16|22|17|21|18|24|33|286|40|57|55|76|77|329|596|107|93|314|376|123|97|368|102|118|110|121|134|126|109|132|842|100|88|358|100|92|109|123|142|129|143|148|174|130|139|153|403|144|136|149|124|135|129|115|335|80|103|85|344|67|78|63|75|51|64|69|60|58|60|314|66|66|52|47|
2017-02-02|3|1_CTs|ct9||147|338|91|105|355|167|178|61|69|37|38|43|31|33|39|23|38|34|29|11|12|30|24|293|38|26|48|56|64|374|186|194|247|279|364|474|1223|1438|349|614|375|1697|494|404|2195|2718|1418|579|1025|1044|1384|1748|962|1038|2849|1881|531|1017|345|499|483|261|532|333|285|495|262|730|284|727|993|2033|251|214|215|211|558|728|734|441|454|493|512|165|178|107|141|113|121|109|101|268|389|309|610|424|
2017-02-02|3|1_CTs|ct10||95|76|58|79|31|40|40|27|32|33|33|24|20|19|16|12|17|24|16|11|16|15|22|28|23|25|24|28|37|54|91|98|130|154|151|194|169|162|152|159|159|134|147|99|111|137|143|140|124|143|152|134|134|97|145|110|133|130|152|161|144|150|148|163|144|158|149|158|154|139|161|160|164|154|155|144|166|141|127|116|155|145|133|133|130|109|86|84|91|92|102|88|109|97|88|90|
2017-02-02|3|1_CTs|ct13||194|177|134|390|84|96|106|354|74|86|69|314|65|46|35|52|80|76|46|301|60|40|44|83|76|76|104|106|104|450|964|192|218|209|493|246|268|529|250|244|251|510|259|282|680|486|830|253|509|176|196|251|534|245|238|1563|273|288|261|525|282|250|225|288|285|551|385|342|192|292|414|1037|1468|639|922|520|944|263|797|297|295|306|271|260|274|277|236|720|250|461|468|467|228|288|742|272|
2017-02-02|3|1_CTs|CT16||97|77|90|309|52|55|43|304|32|31|35|32|23|19|14|22|20|22|16|272|12|17|24|30|32|28|42|41|54|89|113|137|153|173|193|198|193|451|179|165|452|428|155|147|157|193|452|181|189|195|175|159|136|167|400|125|159|160|158|153|187|214|216|199|461|205|208|211|205|456|242|498|473|257|217|457|222|218|468|500|204|177|139|169|156|138|129|107|104|104|350|94|111|139|596|276|
2017-02-02|3|1_CTs|ct22||7|3|3|3|2|2|2|1|1|0|0|1|1|0|1|0|2|0|2|0|1|0|2|0|2|3|6|4|5|8|9|13|21|18|14|20|17|18|28|278|12|20|21|28|16|24|30|30|23|22|20|24|23|27|16|36|25|33|24|281|27|23|24|275|33|30|35|36|48|33|39|36|34|32|286|33|30|23|19|26|31|23|17|24|23|11|13|8|10|2|4|14|8|16|9|7|
2017-02-02|3|1_CTs|CT23||1926|1757|1457|1018|1654|1545|1948|1652|928|1906|2312|2393|2458|2361|2351|1795|2668|2552|2374|1848|2679|2598|2302|1806|2524|2599|1668|727|570|543|624|156|169|199|201|209|297|1310|690|1211|795|1250|1018|514|920|410|141|161|130|173|168|435|443|147|153|145|158|150|690|179|446|180|460|188|214|497|488|242|280|548|306|392|850|2321|2263|1955|2242|2101|1570|1593|1884|1885|2098|2315|2880|3346|3574|3738|2943|3642|3567|1609|1191|2509|1919|1686|
2017-02-02|3|1_CTs|ct24||52|51|25|27|20|25|25|17|10|10|10|9|14|12|266|12|263|11|19|23|15|36|37|46|317|377|209|653|1208|587|815|882|817|595|556|519|551|503|522|575|561|1048|538|778|724|448|436|393|402|442|719|521|437|408|404|663|910|425|753|499|488|405|430|422|411|399|383|615|350|443|733|479|722|680|732|757|482|472|949|646|361|308|264|515|202|197|160|405|402|121|134|355|352|624|569|339|
