2011-11-24|6|1_CTs|CT1||0|8|2|0|2|0|2|0|1|0|0|0|0|0|1|1|0|0|0|0|0|1|0|0|2|2|2|11|5|5|8|6|13|20|17|7|7|12|7|9|5|6|1|6|4|3|9|3|0|5|2|7|4|4|7|4|3|6|5|1|3|4|3|4|0|5|10|6|8|8|11|11|5|7|9|7|5|3|1|4|4|3|4|2|1|4|3|0|1|3|9|35|21|23|9|4|
2011-11-24|6|1_CTs|CT3||10|10|7|10|4|3|3|3|3|4|1|4|0|5|3|3|1|6|6|9|7|13|6|8|10|15|18|26|31|51|47|83|87|152|190|174|93|57|55|61|24|40|27|20|26|34|17|33|23|23|20|29|28|31|23|32|27|26|32|26|30|40|28|35|30|34|40|53|46|37|49|57|40|36|32|42|35|36|18|29|26|18|19|20|21|7|18|10|16|14|15|17|15|7|12|12|
2011-11-24|6|1_CTs|CT4||9|7|6|5|5|4|3|2|5|1|1|3|3|1|4|0|1|2|0|2|2|2|2|1|2|0|3|6|6|18|19|23|41|41|28|32|18|37|33|29|34|27|18|23|28|26|29|26|32|32|35|24|49|5|16|10|34|29|37|30|26|32|24|33|36|42|36|44|45|53|48|52|41|53|55|54|52|37|49|48|15|30|22|28|17|21|18|9|12|16|8|12|11|17|10|12|
2011-11-24|6|1_CTs|CT5||23|23|18|20|14|12|9|9|11|9|8|4|7|9|3|9|4|8|9|5|7|9|5|16|14|15|14|12|23|29|42|67|84|100|131|163|135|138|130|110|93|74|77|62|75|57|62|57|52|48|76|60|60|59|67|51|72|61|63|95|58|54|67|65|57|73|79|77|65|59|54|69|75|74|98|76|57|65|70|48|42|52|46|42|35|39|43|41|34|29|30|25|27|26|25|22|
2011-11-24|6|1_CTs|CT6||23|14|20|14|11|12|12|7|10|7|4|3|2|3|8|5|4|2|6|2|4|6|5|10|7|21|13|30|42|57|104|118|150|152|177|188|164|153|128|136|118|102|90|91|92|92|90|88|91|85|99|85|106|89|109|101|106|98|118|105|113|86|117|109|100|95|113|117|140|165|143|111|128|100|131|121|120|101|81|88|108|113|97|83|75|67|64|66|52|67|58|61|56|50|37|49|
2011-11-24|6|1_CTs|CT7||5|3|7|6|2|0|2|3|4|0|4|2|2|2|1|2|1|2|0|0|1|1|0|2|1|9|3|9|14|17|18|25|36|39|37|33|51|25|27|29|23|22|18|22|25|22|29|24|16|18|20|13|22|22|24|19|12|20|26|23|18|19|34|24|29|21|32|27|27|19|27|24|28|23|29|29|22|19|25|19|14|14|12|14|13|13|7|7|18|10|9|5|11|8|4|7|
2011-11-24|6|1_CTs|CT8||55|45|29|25|24|20|15|11|19|20|19|10|24|16|11|14|7|13|11|15|9|13|19|34|30|52|76|111|145|217|234|241|248|194|224|213|189|192|229|169|161|164|156|138|157|118|122|115|129|123|140|153|143|144|145|155|168|152|184|169|182|169|166|150|158|161|180|177|201|195|183|207|207|195|200|196|169|170|161|156|153|121|130|108|104|104|87|68|90|89|80|67|66|57|65|47|
2011-11-24|6|1_CTs|CT9||47|50|38|36|19|17|15|16|14|14|15|7|13|11|9|16|9|6|12|11|10|18|22|35|42|55|63|106|147|218|279|337|370|418|382|348|251|293|220|223|200|168|177|178|158|186|186|192|169|186|186|204|186|198|179|170|206|194|194|211|220|208|198|201|214|245|258|263|291|284|304|288|279|296|263|241|237|215|195|202|182|169|171|153|119|106|120|88|90|98|80|72|77|68|72|63|
2011-11-24|6|1_CTs|CT10||42|25|27|29|14|8|12|5|9|15|10|8|6|6|5|4|8|10|5|9|8|10|21|22|36|36|53|74|92|123|130|188|184|186|197|210|202|217|211|190|192|147|155|157|156|148|141|131|122|157|166|142|136|136|148|148|133|167|141|149|144|178|177|148|174|197|212|208|198|228|244|223|242|256|231|249|212|193|190|177|161|165|118|107|96|83|79|83|70|62|67|40|49|64|54|61|
2011-11-24|6|1_CTs|CT11||30|24|26|17|12|15|13|6|15|8|5|7|7|6|3|8|3|4|6|7|15|21|23|40|39|62|91|125|196|293|350|353|409|352|368|321|303|293|284|260|202|176|192|175|143|141|164|156|149|194|173|176|180|182|159|160|166|184|189|193|184|184|168|179|199|228|212|235|234|235|236|226|213|209|197|190|150|151|141|153|119|120|107|96|95|76|81|81|81|72|19|49|51|57|47|49|
2011-11-24|6|1_CTs|CT12||48|28|31|31|11|17|15|8|8|9|10|11|3|5|5|9|4|7|5|10|14|14|19|16|28|33|49|69|99|144|172|210|202|257|255|244|249|243|193|199|163|147|161|142|147|130|160|138|131|173|157|156|183|145|146|151|150|176|151|171|154|181|175|179|226|261|232|280|291|269|290|321|305|308|308|284|237|254|230|191|180|145|135|138|109|82|86|76|73|67|79|46|54|55|66|69|
2011-11-24|6|1_CTs|CT13||74|42|103|57|34|57|145|153|56|179|145|50|174|92|74|74|65|94|306|124|99|197|203|145|185|169|274|184|182|174|265|317|274|309|284|160|218|314|196|217|247|258|307|181|287|316|296|213|121|233|156|181|154|430|188|147|285|173|226|150|292|169|183|280|231|266|230|280|265|267|223|209|139|225|250|172|263|261|365|169|324|290|343|294|282|335|292|271|197|112|205|255|202|248|180|172|
2011-11-24|6|1_CTs|CT14||37|26|20|27|15|8|14|3|7|7|6|6|8|3|2|4|5|4|5|7|2|8|16|12|13|16|23|34|47|42|75|85|104|107|127|122|129|109|114|84|74|83|95|83|103|101|86|83|93|81|90|96|101|78|112|103|104|123|95|100|88|120|138|115|120|129|143|142|167|168|184|164|188|183|182|178|142|143|130|136|124|90|80|71|67|47|49|50|66|69|56|49|41|40|47|43|
2011-11-24|6|1_CTs|CT15||16|22|17|6|7|2|5|6|8|2|4|6|8|3|4|3|4|3|1|4|5|5|4|10|13|18|16|45|58|91|114|138|184|187|185|162|134|117|107|82|80|63|59|80|54|44|83|77|47|68|66|75|85|77|64|60|49|77|64|61|48|51|72|76|68|65|80|84|83|88|77|91|85|76|89|81|70|72|65|65|66|51|43|32|33|30|23|28|32|18|24|24|20|23|9|23|
2011-11-24|6|1_CTs|CT16||38|33|36|25|18|14|16|10|19|15|10|9|12|6|4|4|3|8|8|9|10|12|19|30|32|56|56|115|124|192|256|275|296|308|308|292|298|289|256|287|239|193|189|207|178|177|177|185|164|185|182|178|184|181|185|154|164|178|193|187|187|184|197|191|187|221|232|235|229|198|208|238|240|222|241|220|184|164|190|187|147|148|108|97|114|104|83|90|100|85|62|67|60|68|44|56|
2011-11-24|6|1_CTs|CT17||25|28|24|20|8|8|6|12|7|2|12|5|2|4|2|0|1|0|6|7|5|2|10|6|15|9|11|15|28|37|62|80|81|109|103|82|85|101|83|72|73|56|92|67|69|75|66|79|70|100|71|63|89|73|78|74|73|79|95|87|83|92|95|85|106|111|131|121|111|99|110|129|137|108|96|132|106|110|106|95|93|81|86|70|64|54|41|51|44|43|38|36|36|32|21|34|
2011-11-24|6|1_CTs|CT18||82|63|62|47|36|26|25|24|26|24|16|11|20|18|9|18|12|19|16|15|17|18|27|34|48|59|78|102|142|214|271|340|358|187|189|145|151|148|179|248|226|257|249|250|244|213|219|242|224|216|238|246|227|223|242|223|243|241|253|301|235|242|279|259|243|277|292|306|267|314|268|312|315|283|332|311|256|242|263|238|209|205|168|182|152|140|137|130|135|123|105|111|89|96|91|90|
2011-11-24|6|1_CTs|CT19||40|39|38|26|20|27|14|14|18|10|13|10|6|10|9|10|6|6|11|10|7|13|12|8|20|20|23|34|41|76|94|144|147|180|160|179|152|179|164|136|147|127|116|123|119|110|137|112|149|131|148|132|148|164|131|130|132|145|131|145|134|142|162|160|157|174|168|201|210|211|209|244|267|223|215|216|224|189|204|187|151|161|132|93|109|86|101|72|72|74|58|53|60|54|42|49|
2011-11-24|6|1_CTs|CT20||36|30|22|21|6|12|11|3|6|7|4|2|5|7|4|4|3|1|0|5|9|3|11|14|18|10|24|34|35|47|74|99|122|159|182|175|143|130|112|114|111|105|99|87|92|84|92|8|97|83|68|34|100|112|32|74|51|62|9|130|125|128|9|95|96|111|122|112|137|145|109|70|124|129|96|21|122|98|13|60|10|78|75|41|5|67|48|53|64|45|56|42|28|37|18|18|
2011-11-24|6|1_CTs|CT21||63|61|37|27|35|25|17|15|19|20|8|19|17|10|9|7|8|11|17|16|20|26|36|33|42|68|120|167|240|314|359|416|396|329|295|267|324|260|253|255|215|226|220|187|192|196|199|208|189|226|216|235|223|190|197|188|204|224|240|252|231|238|208|233|237|235|220|257|270|247|262|270|247|282|270|229|245|226|199|178|161|174|155|126|117|131|131|111|106|106|111|89|73|68|58|66|
2011-11-24|6|1_CTs|CT22||100|74|71|57|49|39|43|22|37|43|23|24|28|17|15|20|18|17|18|28|23|22|41|28|55|44|81|93|124|139|202|219|225|258|287|299|253|249|245|236|223|209|184|210|206|234|195|248|231|241|245|243|229|212|220|221|212|208|235|264|263|277|257|282|262|293|315|326|382|376|371|338|379|376|361|349|347|298|317|294|268|274|209|180|163|173|142|137|142|141|140|119|113|134|111|102|
2011-11-24|6|1_CTs|CT23||65|72|47|30|39|31|27|19|26|21|17|19|27|25|15|10|14|21|12|19|13|16|26|47|30|62|98|136|189|279|350|385|395|421|385|392|369|371|343|268|233|209|236|203|232|203|170|175|214|208|223|217|219|224|212|240|259|220|260|268|249|273|260|244|249|258|285|284|338|310|315|315|339|351|340|307|287|243|247|257|253|193|166|185|147|153|131|99|113|117|122|95|100|68|73|73|
2011-11-24|6|1_CTs|CT24||97|68|59|48|34|27|35|20|29|25|31|20|17|14|9|9|17|9|11|14|17|18|21|36|41|60|89|103|144|202|206|279|290|365|288|323|336|316|309|290|274|224|225|204|212|228|219|229|213|227|258|233|244|220|242|229|228|234|230|273|241|236|264|263|261|330|323|359|346|394|366|427|439|413|442|395|384|392|359|330|307|294|219|182|160|157|140|120|135|132|121|115|132|102|85|99|
