2011-04-20|2|1_CTs|ct1||34|35|26|25|27|18|16|9|6|8|7|7|9|7|5|3|6|9|5|13|14|13|23|19|19|20|39|52|42|74|105|107|120|114|116|136|134|127|132|138|134|149|143|147|133|136|146|127|144|137|143|141|149|143|120|110|146|125|119|140|146|132|142|142|107|148|103|150|132|114|127|138|110|108|117|109|124|124|111|96|122|118|98|80|85|85|69|66|50|54|64|56|44|86|67|51|
2011-04-20|2|1_CTs|ct2||14|10|8|12|11|9|4|8|8|8|4|4|5|4|1|2|4|3|8|4|5|6|12|13|14|12|19|11|18|18|26|29|38|28|48|56|48|52|56|70|59|50|62|71|66|60|85|62|97|58|66|79|65|62|67|43|63|50|61|70|67|59|85|71|60|62|71|73|56|63|52|49|50|40|59|46|43|46|52|54|33|48|46|47|45|42|26|33|23|19|25|24|18|15|31|22|
2011-04-20|2|1_CTs|ct3||83|79|55|64|53|49|33|42|22|34|27|19|29|20|10|18|14|23|25|24|22|31|39|40|46|54|51|82|82|99|125|144|178|167|168|187|184|208|202|209|208|216|219|241|219|225|210|251|246|224|219|210|218|226|192|174|214|189|195|214|222|217|226|202|214|223|278|242|221|257|205|215|214|174|224|181|206|198|181|166|175|162|176|133|142|153|116|113|109|95|110|117|85|120|122|110|
2011-04-20|2|1_CTs|ct4||58|54|38|41|44|32|34|24|26|13|21|18|14|22|16|8|14|15|15|9|14|17|21|24|36|24|37|30|41|53|68|86|104|114|130|140|139|138|121|144|129|139|150|143|118|146|138|156|137|141|164|152|127|144|136|111|140|123|148|152|127|151|139|123|136|164|137|117|118|127|143|134|141|115|143|110|128|121|122|118|121|89|109|91|82|81|69|61|60|61|58|68|46|60|78|61|
2011-04-20|2|1_CTs|ct5||93|99|66|53|56|50|55|43|35|29|29|26|23|17|20|13|16|16|12|17|24|23|13|26|26|19|39|44|53|52|86|97|135|166|207|226|222|199|211|222|181|230|215|221|221|232|226|238|226|248|254|234|215|222|220|182|220|213|203|218|216|241|196|194|234|215|253|223|203|218|226|212|211|453|201|198|178|209|202|206|185|141|142|111|124|121|108|109|105|108|110|100|79|106|105|109|
2011-04-20|2|1_CTs|ct6||66|75|51|47|45|38|42|36|28|18|24|17|18|10|21|7|15|13|17|12|13|26|14|27|26|23|30|30|42|53|70|83|104|97|88|110|103|110|103|98|93|109|132|136|136|150|110|135|140|145|161|140|134|140|109|121|121|137|121|138|136|158|158|145|156|167|144|163|145|142|160|155|124|382|121|115|136|120|124|115|133|114|101|72|71|91|74|72|73|62|68|59|72|82|102|92|
2011-04-20|2|1_CTs|ct17||67|51|34|43|34|36|21|18|8|19|12|10|14|14|9|4|9|6|6|10|12|15|17|17|16|22|26|39|44|58|84|96|134|116|145|147|135|148|132|131|150|142|151|132|134|126|110|143|129|142|146|149|138|132|144|116|137|114|118|131|119|124|120|105|176|112|156|138|112|156|131|141|138|131|135|131|126|136|135|120|128|119|124|96|109|94|83|71|67|72|74|73|55|95|78|70|
2011-04-20|2|1_CTs|CT19||65|48|29|30|17|28|18|20|11|11|15|9|7|13|9|2|9|4|3|8|9|8|10|13|9|17|17|20|36|38|69|69|88|84|89|121|101|106|107|103|120|111|121|120|107|131|109|143|123|114|119|138|110|128|109|97|110|107|132|112|118|120|122|133|138|129|133|106|108|137|152|143|130|388|138|118|122|131|125|110|116|104|108|74|74|74|74|47|40|48|49|56|47|51|69|40|
2011-04-20|2|1_CTs|CT20||56|64|51|44|34|35|23|29|26|31|28|30|19|16|6|9|11|12|6|6|8|10|9|15|17|15|22|28|20|33|27|65|59|326|77|90|89|78|96|92|75|82|82|73|78|85|66|82|79|78|85|73|68|71|85|55|74|60|68|68|76|78|75|62|79|89|77|74|76|91|78|83|87|99|80|84|101|104|84|83|90|77|73|57|64|45|44|44|44|54|53|33|39|47|53|63|
2011-04-20|2|1_CTs|CT21||29|32|32|20|20|27|16|16|13|10|13|10|10|2|4|2|4|8|5|1|3|1|4|9|8|8|7|12|8|17|22|42|36|54|49|60|54|56|62|57|51|54|49|46|61|41|39|51|50|49|48|40|37|36|50|35|38|38|40|48|51|46|42|38|51|42|54|41|46|48|55|47|49|60|50|64|40|59|54|57|46|47|50|36|28|17|24|22|27|33|30|22|21|26|37|37|
