2014-02-15|2|1_CTs|ct1||132|120|118|101|104|79|61|52|53|60|39|39|43|31|18|32|24|28|24|22|23|29|32|40|44|47|47|56|46|54|84|69|69|77|80|112|108|124|116|142|131|143|130|145|168|180|163|174|202|180|172|166|168|185|157|167|166|167|155|188|179|178|205|187|204|157|185|142|165|182|162|158|171|158|163|170|163|169|181|191|184|182|204|185|199|179|163|161|127|122|130|155|158|136|140|145|
2014-02-15|2|1_CTs|ct2||65|63|73|57|66|42|46|38|30|59|35|38|29|26|24|26|22|23|17|34|12|17|18|23|29|26|22|18|24|26|35|25|25|30|34|31|25|43|46|47|52|55|50|47|64|55|57|51|73|45|54|55|60|49|44|43|49|47|62|67|65|61|71|57|76|63|77|80|75|67|69|46|56|68|57|82|80|88|81|65|87|97|91|85|107|94|72|81|62|59|49|74|48|57|70|57|
2014-02-15|2|1_CTs|ct3||156|111|135|131|111|105|79|82|75|76|65|60|60|40|33|49|27|37|30|20|40|37|33|42|58|44|53|56|41|62|89|67|77|69|76|106|102|92|132|141|114|120|136|140|147|142|172|164|187|177|162|142|146|148|153|143|137|139|132|146|177|178|178|175|188|180|193|173|176|179|176|152|167|159|177|167|137|151|171|166|198|169|172|168|181|172|188|158|139|140|142|169|159|162|152|171|
2014-02-15|2|1_CTs|ct4||85|52|55|73|55|56|61|54|43|38|39|41|34|29|32|27|34|34|34|21|20|28|33|27|49|37|26|40|40|34|39|29|39|55|53|35|52|55|71|68|69|72|71|105|84|89|86|87|120|113|103|115|77|96|80|98|69|76|98|89|92|100|106|109|106|109|112|82|111|84|123|88|95|113|98|102|100|85|94|89|89|74|87|59|69|74|70|70|53|67|57|60|85|71|63|59|
2014-02-15|2|1_CTs|ct5||153|110|117|125|88|88|97|100|61|72|46|61|49|40|46|42|38|45|42|30|31|38|42|42|61|51|38|50|45|44|51|46|56|69|67|62|88|73|93|129|105|103|116|139|152|127|159|157|166|164|170|162|179|180|151|140|126|157|142|150|148|170|197|189|177|186|189|179|184|185|201|156|175|210|213|184|190|194|189|133|156|143|156|111|117|135|110|120|102|124|124|111|134|127|122|117|
2014-02-15|2|1_CTs|ct6||47|32|34|46|32|32|32|33|19|22|18|25|17|15|8|18|18|18|15|15|16|13|16|15|25|16|14|14|14|14|18|14|12|16|24|8|17|20|14|155|429|74|68|102|90|87|116|106|101|108|123|108|101|124|113|100|98|92|110|120|104|121|151|135|132|281|345|502|529|468|214|39|43|50|48|47|39|42|44|39|33|28|33|27|39|34|26|30|28|38|28|35|40|39|35|28|
2014-02-15|2|1_CTs|ct17||170|158|155|162|135|128|127|96|93|93|76|90|67|60|62|53|48|34|35|22|43|52|34|46|59|67|52|63|50|69|75|78|78|76|84|112|104|116|139|160|117|145|141|160|163|167|175|167|199|184|181|163|197|179|183|148|151|168|158|181|204|206|217|220|208|201|225|212|192|202|229|193|181|176|190|205|161|158|183|197|213|194|195|181|210|182|214|172|166|138|163|172|168|181|163|190|
2014-02-15|2|1_CTs|CT19||79|61|66|58|48|51|38|27|33|28|27|22|25|16|19|19|9|11|11|5|10|13|7|11|18|14|21|25|17|29|31|36|36|35|30|48|63|53|58|76|62|80|78|61|84|85|94|89|118|97|96|93|93|92|87|59|79|71|78|101|90|95|93|119|99|87|115|86|96|111|102|96|96|78|85|108|77|87|115|98|104|93|72|73|88|85|79|75|74|61|66|75|83|79|67|87|
2014-02-15|2|1_CTs|CT20||65|47|52|65|58|61|44|40|60|48|38|36|31|39|24|31|39|19|22|22|16|14|13|18|16|19|20|17|16|20|33|25|22|35|32|40|45|38|38|51|59|59|56|63|72|56|64|75|65|83|74|65|67|81|75|54|54|54|65|67|71|83|78|70|78|64|77|65|77|77|77|74|84|84|84|79|70|66|70|86|73|73|84|63|59|56|58|59|51|56|49|51|61|52|51|67|
2014-02-15|2|1_CTs|CT21||28|28|32|33|36|25|24|22|33|26|11|14|11|11|10|12|17|12|14|10|10|6|9|9|8|10|8|12|5|15|11|8|10|18|18|15|23|24|19|29|28|37|29|46|41|37|37|50|51|39|41|34|53|45|46|35|39|36|45|45|33|64|42|51|54|46|38|53|54|45|48|37|53|56|53|43|36|39|44|57|51|51|56|32|38|30|30|30|29|34|25|27|35|31|37|45|
