2013-02-01|2|1_CTs|ct1||57|52|33|42|32|30|20|15|20|17|12|10|10|7|9|8|9|9|9|15|16|13|20|24|22|29|35|49|62|79|92|121|116|154|151|133|154|152|161|162|172|178|142|163|142|140|154|179|194|173|160|183|167|144|115|116|117|128|155|144|170|189|182|187|150|166|157|144|142|139|151|136|145|142|111|118|126|130|133|113|152|163|179|204|185|162|146|104|112|101|107|112|121|108|103|113|
2013-02-01|2|1_CTs|ct2||33|38|24|34|31|22|24|19|22|16|16|19|19|10|14|15|12|8|13|14|17|19|20|24|28|21|17|25|39|30|50|60|59|54|87|69|76|76|80|89|90|87|101|82|67|81|85|105|121|90|103|88|92|96|61|72|78|91|81|101|120|103|125|112|88|95|104|91|76|74|86|79|81|85|65|71|84|83|90|87|107|104|125|123|126|103|102|62|82|65|74|81|65|90|63|63|
2013-02-01|2|1_CTs|ct3||93|91|56|53|44|51|35|40|34|35|25|21|29|9|29|17|20|17|20|26|29|28|46|44|41|62|41|54|66|80|91|120|125|144|158|132|159|167|168|181|176|178|177|173|142|155|156|189|207|206|158|192|201|170|134|131|131|151|168|175|192|208|212|211|195|171|183|181|164|183|173|175|183|171|157|142|169|163|155|148|199|160|224|230|206|174|174|146|144|117|138|137|143|135|136|154|
2013-02-01|2|1_CTs|ct4||35|37|32|30|37|22|25|22|18|12|11|22|12|15|20|20|17|14|18|14|18|14|30|30|26|34|22|36|33|37|47|75|79|104|111|111|120|133|115|135|131|130|114|136|130|124|104|115|136|132|117|119|117|109|101|98|118|92|70|123|105|108|110|120|113|110|105|119|104|95|105|89|105|93|98|108|105|88|98|73|90|72|80|100|87|73|64|90|69|60|63|60|57|63|46|66|
2013-02-01|2|1_CTs|ct5||73|69|58|56|58|43|37|28|31|23|19|26|19|22|18|21|19|20|26|21|23|19|26|29|23|33|43|43|42|43|72|94|129|138|170|153|147|171|164|195|162|198|186|189|181|194|165|187|178|201|163|194|165|173|161|123|147|174|167|169|170|165|187|198|197|174|158|183|164|157|175|137|153|157|169|162|153|153|165|145|151|138|149|152|151|134|112|139|121|116|109|99|112|92|105|106|
2013-02-01|2|1_CTs|ct6||159|83|57|76|67|44|45|34|39|26|15|26|24|22|16|23|15|18|23|22|25|22|25|32|42|26|31|39|39|44|54|93|119|128|142|152|150|152|162|172|163|178|168|179|169|164|159|192|190|192|161|180|168|168|141|139|171|167|153|177|194|152|188|201|172|191|150|177|152|161|139|140|145|148|138|149|139|145|133|124|124|119|129|130|138|122|118|112|123|109|102|121|122|99|121|104|
2013-02-01|2|1_CTs|ct17||101|88|55|61|36|39|39|33|31|32|25|14|23|12|29|14|11|13|22|13|15|18|29|26|36|38|34|44|47|65|73|102|116|136|162|126|158|170|173|152|191|178|169|149|154|166|142|172|194|191|162|177|188|188|131|126|118|132|163|168|199|207|209|195|183|205|204|191|165|172|211|177|199|213|173|151|174|173|175|161|182|192|203|208|193|191|183|150|136|120|130|131|127|134|135|155|
2013-02-01|2|1_CTs|CT19||39|41|33|31|16|27|8|9|17|17|18|10|9|2|11|8|6|9|6|5|7|7|8|10|12|16|14|22|26|36|35|64|60|92|86|97|103|109|111|109|105|105|100|101|101|99|100|101|124|113|101|119|105|99|80|63|77|93|92|119|116|121|138|124|124|129|122|124|122|129|146|122|141|128|122|113|114|105|110|107|94|103|92|123|93|76|74|73|77|55|70|59|62|65|45|87|
2013-02-01|2|1_CTs|CT20||42|56|43|38|47|36|34|31|12|27|20|19|15|14|9|11|6|15|14|9|13|12|8|18|14|12|17|21|26|32|42|64|61|81|88|91|85|81|98|87|88|85|79|71|85|70|71|67|75|73|70|68|70|76|80|58|64|73|90|84|75|68|62|93|70|86|90|67|78|90|86|80|92|61|109|88|88|79|74|79|92|80|73|73|75|77|60|69|53|50|50|48|65|57|72|63|
2013-02-01|2|1_CTs|CT21||26|29|21|14|17|23|11|10|11|11|6|6|4|9|5|6|3|6|2|1|1|1|4|6|8|8|11|8|13|11|23|38|37|40|59|64|42|50|61|49|48|52|39|52|70|45|56|33|36|43|46|31|32|41|48|41|37|54|47|47|35|44|48|63|42|47|51|39|47|52|50|41|51|42|48|46|49|40|33|37|48|44|49|36|40|32|27|38|29|21|21|25|28|26|47|31|
