2017-07-23|3|1_CTs|ct1||683|404|134|132|97|90|89|322|64|85|62|61|69|34|41|46|44|45|283|27|25|31|26|286|32|37|40|321|64|49|63|74|311|89|90|370|94|129|148|145|144|158|176|178|168|182|455|437|191|184|634|571|208|490|201|460|435|190|435|714|709|217|207|219|1014|235|203|473|207|478|729|466|224|443|253|200|997|216|223|722|223|203|728|181|187|399|688|144|442|152|170|387|398|139|121|364|
2017-07-23|3|1_CTs|ct3||535|495|498|208|163|162|389|415|355|152|111|119|110|76|87|79|84|74|320|63|42|55|317|63|62|74|75|112|619|95|110|121|409|152|169|193|172|190|256|232|230|291|267|279|287|564|607|301|307|326|838|656|313|604|327|336|281|306|271|314|560|322|597|589|623|853|318|600|341|599|842|551|345|558|607|573|368|593|353|323|323|338|564|276|762|238|769|247|265|241|505|470|251|217|225|214|
2017-07-23|3|1_CTs|ct5||427|455|413|135|115|119|88|591|413|257|62|49|40|42|39|283|26|42|25|29|37|21|20|21|276|29|30|33|30|46|53|69|294|341|80|93|115|114|378|141|140|149|153|403|173|404|448|195|445|203|871|313|468|203|165|146|154|386|137|155|429|168|200|392|402|688|443|169|450|177|164|160|152|176|168|388|675|163|429|190|175|422|382|141|395|126|873|388|360|377|130|119|133|636|632|171|
2017-07-23|3|1_CTs|ct6||12|15|20|16|8|8|8|6|5|4|3|5|3|5|3|3|7|4|2|4|5|3|3|3|5|4|7|6|2|4|2|3|3|11|9|7|14|10|7|9|15|270|15|18|17|22|12|23|15|22|15|16|17|13|279|14|18|19|26|20|18|22|278|23|20|19|194|123|32|29|28|34|277|18|24|21|32|29|30|285|39|16|28|16|29|288|27|21|273|12|18|14|22|17|13|24|
2017-07-23|3|1_CTs|ct7||161|364|132|105|343|96|92|76|84|77|69|58|309|45|296|45|41|44|37|35|32|36|43|35|39|39|40|33|30|32|50|39|47|46|44|66|74|325|316|72|350|340|76|87|89|91|109|585|359|97|124|95|108|351|104|97|88|106|343|602|115|368|350|100|112|125|125|364|122|123|121|113|135|124|140|131|123|130|135|131|366|140|115|98|118|96|102|106|119|344|99|91|102|125|351|349|
2017-07-23|3|1_CTs|ct8||95|80|85|58|328|55|49|297|40|38|29|21|21|26|273|28|16|24|17|13|14|21|24|28|14|15|30|15|27|24|27|18|34|26|35|45|51|37|48|45|303|51|293|309|61|45|66|299|80|53|79|59|70|325|58|59|59|59|53|59|73|68|301|61|90|334|80|71|81|74|59|564|95|88|89|86|73|76|336|333|74|80|76|66|84|63|63|68|88|304|71|57|69|61|70|271|
2017-07-23|3|1_CTs|ct9||120|112|443|377|201|116|345|357|328|80|329|66|326|63|62|86|60|58|329|44|54|40|43|36|40|59|50|47|158|241|210|234|693|2739|572|172|768|1238|330|184|573|122|143|163|125|185|283|271|523|338|256|314|287|192|541|136|212|166|103|749|1672|313|729|790|826|1312|255|528|702|555|653|287|850|959|163|585|465|178|493|976|314|1078|737|236|223|105|344|360|90|111|97|629|92|169|468|105|
2017-07-23|3|1_CTs|ct10||103|114|102|87|94|93|89|89|89|86|68|90|83|75|69|73|66|83|65|60|49|54|44|46|55|45|48|36|44|31|29|28|28|17|30|33|34|34|44|49|67|65|72|78|88|93|94|90|93|94|99|109|122|69|79|83|74|72|65|88|82|102|92|101|100|81|126|84|99|110|104|108|115|102|126|96|115|107|92|87|120|110|100|89|79|109|89|77|103|89|72|95|80|108|98|80|
2017-07-23|3|1_CTs|ct13||467|455|771|1259|927|821|799|450|1849|931|823|686|669|659|793|667|735|1697|904|346|636|592|562|82|105|1043|111|117|363|98|582|116|746|96|766|232|150|386|318|191|555|212|567|351|336|174|687|457|195|230|710|480|986|177|462|157|187|193|190|221|203|183|222|193|228|721|241|184|227|490|684|212|218|453|225|464|222|218|173|199|220|197|670|463|431|470|712|217|181|467|202|436|202|182|206|199|
2017-07-23|3|1_CTs|CT16||110|378|128|168|129|97|620|114|104|90|83|96|335|87|328|361|109|98|75|46|300|59|37|46|77|63|33|34|33|38|37|42|308|54|41|79|36|66|325|59|81|72|97|110|98|94|126|153|384|127|129|132|145|156|103|357|97|77|83|86|104|101|71|101|365|94|124|114|134|104|623|125|115|386|128|399|377|156|409|687|394|134|115|413|129|102|372|80|97|361|114|116|112|433|143|397|
2017-07-23|3|1_CTs|ct22||13|4|6|5|2|7|242|5|1|2|3|4|2|4|3|1|0|3|0|1|2|3|5|2|1|1|1|1|0|4|1|3|2|6|6|0|1|4|8|4|3|6|5|14|6|4|10|8|5|5|8|2|5|259|6|10|3|4|8|6|5|6|262|5|13|259|8|7|9|7|15|10|11|4|8|11|3|6|5|14|28|15|4|4|12|12|4|4|6|6|4|4|3|7|3|3|
2017-07-23|3|1_CTs|CT23||130|110|113|348|333|81|79|64|64|55|60|54|40|48|45|38|35|23|292|34|22|28|30|33|41|40|34|45|817|57|80|69|46|59|56|67|79|63|339|71|95|350|340|93|86|357|383|121|119|127|123|373|127|382|116|116|624|348|384|112|370|145|398|128|126|144|396|128|153|175|164|399|144|147|417|404|414|164|177|405|144|415|142|121|378|373|109|121|111|373|364|371|364|122|112|100|
2017-07-23|3|1_CTs|ct24||412|144|137|605|349|90|87|64|52|47|44|56|47|41|42|31|21|29|23|26|23|24|293|47|52|45|64|54|64|591|620|121|323|81|358|362|117|117|156|179|170|433|442|443|213|463|950|222|501|529|665|1101|475|250|470|225|232|458|250|256|263|316|546|290|512|813|345|573|353|599|807|584|613|616|615|355|900|381|566|592|843|575|570|264|770|1021|271|242|505|489|244|769|220|213|677|148|
