2011-05-05|2|1_CTs|ct1||36|27|25|26|32|18|9|9|9|12|7|3|10|2|8|7|7|4|13|12|17|9|22|21|19|19|26|54|75|67|101|114|110|103|122|115|110|129|122|125|107|137|127|139|144|146|137|126|120|137|114|129|126|134|111|123|108|101|122|114|144|141|114|129|140|137|122|119|125|117|129|99|118|127|122|97|117|138|117|120|106|105|105|92|93|85|68|68|70|94|82|83|77|66|76|55|
2011-05-05|2|1_CTs|ct2||14|10|14|10|8|7|6|8|6|3|3|2|4|1|2|3|5|4|6|4|4|11|8|14|13|12|19|16|17|16|30|30|30|30|39|42|59|53|61|59|61|76|67|69|73|76|66|71|65|81|60|68|69|72|42|66|66|49|64|70|85|67|73|53|61|58|53|61|44|67|54|45|61|54|61|38|56|48|49|53|51|60|58|54|42|37|22|15|20|28|23|20|22|24|34|22|
2011-05-05|2|1_CTs|ct3||85|74|60|62|54|60|33|34|35|28|24|16|15|21|20|15|22|18|19|20|28|38|33|48|43|57|54|74|103|84|157|143|168|149|165|162|176|191|193|186|170|210|217|206|231|224|205|217|208|193|211|191|172|211|175|198|190|173|192|221|212|237|205|208|233|236|214|199|182|222|215|169|221|187|194|207|198|190|204|204|160|174|174|166|148|129|100|101|125|129|151|119|120|133|136|110|
2011-05-05|2|1_CTs|ct4||64|43|44|43|37|24|22|27|19|28|18|7|13|8|14|7|7|10|12|10|12|15|15|27|30|32|31|28|49|61|80|92|110|115|124|136|155|121|145|150|148|145|143|155|142|144|145|128|131|140|161|159|120|144|112|131|126|138|155|154|150|149|123|107|123|165|140|149|137|127|123|121|102|151|110|109|90|109|117|119|110|97|84|89|79|71|72|61|68|74|77|64|64|68|80|70|
2011-05-05|2|1_CTs|ct5||97|69|74|60|55|48|31|35|44|36|35|14|19|20|17|13|9|15|17|14|14|16|18|26|27|27|35|46|59|79|99|124|129|162|187|212|241|171|207|207|259|240|215|211|201|242|221|223|205|197|239|236|169|202|147|177|181|210|275|216|239|216|212|186|218|237|214|228|218|190|237|215|185|251|220|196|189|176|172|175|174|136|131|146|114|96|110|111|120|136|150|113|111|123|125|102|
2011-05-05|2|1_CTs|ct6||71|58|54|69|36|34|23|26|16|28|21|18|17|8|15|7|5|6|19|8|15|8|8|18|26|27|25|24|41|45|47|52|77|80|91|99|101|91|99|107|104|113|110|130|143|118|130|128|135|139|142|147|135|129|112|127|134|127|181|156|170|149|140|124|132|129|149|148|135|127|126|133|111|123|120|119|97|120|116|107|100|99|85|91|66|82|65|64|77|91|84|89|92|86|87|74|
2011-05-05|2|1_CTs|ct17||84|70|61|53|62|47|31|28|42|19|26|17|12|19|8|13|19|18|17|16|24|19|26|39|26|41|48|52|83|76|140|121|158|173|171|182|158|205|190|179|178|194|206|193|207|215|204|207|208|159|235|187|173|191|171|172|161|168|180|194|193|189|207|190|183|200|186|188|189|203|201|172|207|183|196|221|204|202|209|215|187|169|171|156|144|118|108|89|127|124|130|120|110|111|119|113|
2011-05-05|2|1_CTs|CT19||34|32|32|23|21|15|15|18|11|18|14|9|7|8|2|7|10|8|10|5|8|10|9|13|14|14|23|27|46|46|63|61|86|98|94|102|95|120|101|111|102|97|118|106|128|117|132|124|120|110|135|125|114|100|104|101|90|95|109|121|103|125|112|115|132|132|136|110|141|134|120|136|138|142|145|124|131|146|135|130|122|84|99|82|66|65|58|48|64|64|69|51|54|57|56|50|
2011-05-05|2|1_CTs|CT20||58|37|47|36|24|34|27|17|21|16|19|12|16|12|9|2|2|9|8|5|3|10|2|10|15|20|19|23|28|30|47|67|68|77|89|89|103|86|94|83|75|81|74|77|61|69|89|65|94|74|67|64|61|61|67|70|61|66|92|81|71|83|75|82|78|86|92|86|93|83|77|88|100|92|100|100|80|88|80|97|71|87|67|53|72|36|55|40|58|64|49|60|56|60|63|66|
2011-05-05|2|1_CTs|CT21||39|16|23|14|19|18|12|18|13|11|11|8|7|8|3|2|3|6|1|4|2|5|2|3|8|7|9|11|16|9|35|43|48|36|59|64|56|54|60|55|46|45|40|38|42|42|52|35|59|44|39|44|46|46|41|33|33|42|52|52|41|55|41|49|40|51|44|53|44|57|51|41|51|60|46|44|43|42|49|52|39|50|44|30|37|36|34|24|36|36|26|31|23|31|46|47|
