2012-08-23|6|1_CTs|CT1||0|1|1|1|0|0|0|2|2|0|0|1|0|0|0|0|0|1|0|0|3|1|1|4|3|4|2|1|2|3|2|4|4|7|3|14|2|4|6|9|4|2|3|1|10|3|1|2|5|3|1|2|3|5|0|2|1|3|4|2|1|2|3|5|2|5|7|0|4|2|2|1|5|3|4|2|5|2|0|0|0|2|3|1|3|0|0|1|1|2|10|19|12|0|0|1|
2012-08-23|6|1_CTs|CT3||14|8|7|4|6|11|4|3|5|3|0|2|3|3|5|4|5|6|11|18|20|27|30|35|24|36|32|36|47|48|58|62|57|54|62|51|61|51|59|65|53|52|48|45|48|40|43|48|52|52|41|52|47|38|31|32|38|42|45|43|35|47|45|39|39|49|39|36|39|36|31|44|56|43|43|42|25|31|32|22|35|26|23|23|19|24|11|16|21|30|32|12|16|21|19|17|
2012-08-23|6|1_CTs|CT4||8|7|4|4|3|3|1|4|2|5|0|3|2|0|1|1|1|0|0|3|1|1|1|0|2|2|1|2|5|3|8|2|13|6|15|13|16|18|10|8|18|11|19|20|16|21|22|22|18|22|18|21|17|28|21|21|23|13|22|15|25|18|15|37|20|23|25|14|20|21|25|20|25|19|35|22|27|36|32|27|20|23|11|17|11|17|15|18|19|13|12|13|11|6|9|7|
2012-08-23|6|1_CTs|CT5||25|21|12|17|11|8|12|8|8|7|3|3|8|4|5|4|1|8|5|6|6|6|5|11|11|12|7|22|18|25|30|30|35|37|41|35|42|51|34|43|25|47|48|49|57|63|58|70|62|50|55|53|58|50|58|65|58|49|49|67|63|54|50|65|78|46|60|64|55|36|57|54|57|62|54|65|53|52|45|49|54|45|48|38|31|36|38|24|27|29|25|23|21|25|25|27|
2012-08-23|6|1_CTs|CT6||20|12|13|6|12|11|1|7|7|6|5|3|9|3|3|0|4|8|4|7|11|8|7|15|12|15|18|18|30|25|52|43|55|79|76|91|97|81|80|89|87|69|58|86|87|68|71|77|66|70|77|50|62|55|77|63|65|85|77|74|74|82|70|70|72|62|63|73|59|70|66|60|84|72|80|74|81|85|77|55|72|67|47|58|47|50|44|43|35|28|23|19|17|35|27|22|
2012-08-23|6|1_CTs|CT7||7|3|4|3|0|4|3|1|0|0|0|3|0|2|0|0|0|1|0|0|0|2|2|0|3|5|1|7|5|7|11|14|14|17|25|15|18|13|17|21|13|14|16|18|17|21|20|16|12|21|21|17|12|14|18|13|24|14|12|18|19|17|24|17|21|13|20|14|21|18|20|13|19|14|32|17|17|18|12|15|16|13|8|8|12|11|5|10|10|10|12|6|4|3|5|3|
2012-08-23|6|1_CTs|CT8||36|33|28|40|22|19|17|9|11|9|11|10|12|14|9|6|6|3|5|8|8|13|16|17|23|20|30|31|77|81|123|146|145|181|195|182|189|179|145|165|137|145|136|124|101|112|103|108|111|102|134|117|103|114|104|102|125|123|135|130|120|113|149|122|129|123|112|125|103|129|132|129|148|170|155|131|139|146|155|142|103|119|81|94|71|82|67|75|67|70|49|56|54|53|54|55|
2012-08-23|6|1_CTs|CT9||41|32|28|30|19|13|22|9|14|13|6|10|10|14|5|4|7|7|6|5|9|20|22|31|28|29|38|61|60|104|113|131|125|146|186|191|180|182|177|193|155|147|136|162|150|154|168|131|162|138|143|136|146|128|109|131|142|132|157|138|140|160|157|142|156|158|140|163|158|156|173|149|166|173|168|141|143|154|155|118|105|105|92|91|84|89|69|79|74|67|60|61|49|52|67|45|
2012-08-23|6|1_CTs|CT10||27|27|18|17|20|10|13|7|9|14|8|5|6|13|2|1|6|4|3|3|8|8|13|18|30|22|30|22|42|53|67|67|76|100|99|103|117|125|117|104|117|116|109|107|107|119|98|100|115|132|106|117|100|96|86|87|93|106|95|123|101|95|126|107|120|107|120|110|125|132|117|123|132|138|141|136|103|126|102|99|99|85|85|79|60|53|61|35|38|33|32|25|38|33|37|30|
2012-08-23|6|1_CTs|CT11||24|28|24|12|8|7|9|13|15|5|8|8|9|6|6|3|7|6|6|5|10|14|21|23|28|39|50|55|68|83|133|144|155|169|187|199|186|208|188|177|156|162|155|151|128|136|116|119|124|127|140|131|148|103|122|116|137|117|134|132|125|137|125|140|122|133|123|111|142|119|111|134|142|132|127|87|113|115|94|109|93|98|75|82|74|64|59|46|54|49|42|44|51|37|37|33|
2012-08-23|6|1_CTs|CT12||27|27|25|14|11|11|14|7|15|7|10|8|6|10|2|4|4|5|4|6|11|10|21|18|29|25|39|32|51|58|76|81|87|119|106|149|145|146|144|94|143|130|120|117|108|135|127|106|129|124|132|132|122|117|104|95|113|120|108|130|119|120|138|119|132|127|114|122|119|146|145|141|148|167|155|162|125|137|107|118|119|95|98|76|82|56|41|45|59|37|46|40|46|28|38|31|
2012-08-23|6|1_CTs|CT13||141|156|218|124|232|199|196|73|128|130|108|229|180|176|137|153|155|100|82|157|144|164|206|160|146|125|127|194|162|152|212|283|180|172|313|197|222|185|205|193|224|150|116|75|90|105|114|121|90|167|125|170|113|73|132|145|187|161|116|79|92|89|120|84|121|202|187|139|155|128|186|111|132|131|250|167|190|177|104|167|99|141|105|132|146|100|116|53|119|159|137|130|75|102|111|164|
2012-08-23|6|1_CTs|CT14||16|20|20|12|13|6|14|5|4|3|8|6|6|5|4|4|4|4|1|4|10|7|19|9|13|16|21|18|34|25|36|36|44|49|48|67|49|74|86|54|75|79|73|49|72|82|63|71|85|94|84|86|88|79|56|62|75|94|84|73|70|82|77|74|105|97|83|92|91|92|104|103|100|97|95|108|81|101|72|82|69|52|69|47|61|41|32|30|31|31|44|31|28|25|22|21|
2012-08-23|6|1_CTs|CT15||17|14|9|6|6|7|5|5|5|1|3|7|4|8|1|0|2|8|3|9|8|12|14|18|17|17|24|26|32|42|44|61|65|67|95|79|82|72|82|67|66|71|63|63|47|59|69|66|55|49|42|43|50|49|53|54|49|41|71|57|64|68|54|43|44|54|61|58|52|57|61|67|68|63|63|52|55|52|52|47|36|43|39|27|34|24|29|25|22|17|17|30|12|14|19|13|
2012-08-23|6|1_CTs|CT16||33|28|23|15|16|16|11|9|12|9|5|9|5|10|4|5|5|6|3|3|7|8|8|14|25|32|29|34|43|55|78|103|120|135|147|147|145|163|162|163|143|143|135|145|112|146|126|113|121|155|132|125|144|103|117|114|124|118|104|134|126|128|126|134|129|121|144|115|140|126|122|133|143|139|153|109|123|118|106|112|115|103|91|88|77|76|66|54|49|57|45|45|47|41|43|41|
2012-08-23|6|1_CTs|CT17||18|8|4|9|7|8|13|3|4|2|2|8|6|4|4|1|1|1|6|3|1|1|3|5|4|5|8|10|10|16|15|34|27|47|37|59|54|50|53|57|61|41|49|57|47|47|58|51|54|53|54|57|58|42|29|41|64|25|27|21|17|20|21|16|21|35|32|44|30|47|34|38|61|61|63|86|45|40|32|29|32|21|14|12|15|13|10|21|19|15|17|23|18|11|22|17|
2012-08-23|6|1_CTs|CT18||71|44|39|44|29|25|22|17|15|18|10|8|16|11|10|7|5|16|10|13|11|11|12|22|24|40|40|53|63|79|109|122|132|181|188|171|196|211|181|191|150|193|194|203|184|170|175|175|169|167|184|166|158|151|172|171|172|170|155|171|208|184|164|170|191|169|175|198|194|183|176|188|187|209|190|200|179|190|151|164|157|143|131|118|99|108|104|86|71|102|71|71|59|66|71|65|
2012-08-23|6|1_CTs|CT19||34|28|17|23|20|11|17|11|8|7|2|14|8|8|9|5|0|5|4|6|2|6|6|6|7|7|9|20|14|29|34|43|65|76|62|93|89|94|108|104|107|97|93|95|90|101|111|89|106|96|103|92|107|79|68|74|100|95|83|90|97|88|97|95|108|117|85|104|87|115|122|112|122|134|133|136|109|93|108|119|106|78|76|59|68|46|34|46|54|40|41|39|39|35|53|37|
2012-08-23|6|1_CTs|CT20||4|15|10|11|17|9|7|9|5|3|4|4|9|4|1|4|0|4|8|7|4|8|6|13|14|14|13|28|25|33|42|41|54|55|80|82|97|106|80|94|93|92|103|99|95|97|105|100|75|89|97|97|73|82|77|87|75|89|16|86|91|97|86|82|86|92|95|49|33|100|18|62|95|89|91|85|83|88|89|69|40|33|70|57|25|22|56|15|48|36|28|32|24|30|30|19|
2012-08-23|6|1_CTs|CT21||65|55|34|39|34|25|14|18|19|10|10|15|16|17|13|12|13|11|16|18|27|39|40|38|45|57|52|79|103|142|210|221|223|250|271|288|239|251|260|235|193|210|203|180|220|191|204|180|190|184|192|179|160|158|162|161|179|186|193|195|175|196|210|167|189|187|197|187|183|220|201|197|195|220|220|191|199|174|162|187|147|146|136|147|113|129|96|91|100|86|101|81|64|78|77|60|
2012-08-23|6|1_CTs|CT22||80|57|64|52|48|44|28|25|22|23|22|28|16|16|19|20|17|30|29|33|38|48|60|54|57|55|70|82|102|123|145|165|143|192|193|222|235|181|212|218|228|206|233|220|214|240|232|226|230|212|209|193|203|193|203|180|197|223|217|251|208|231|216|225|207|270|243|259|272|276|288|295|282|330|349|254|255|271|247|215|216|220|146|155|147|113|93|113|124|104|89|102|98|95|98|107|
2012-08-23|6|1_CTs|CT23||61|51|42|55|31|31|15|17|19|13|12|13|14|19|15|11|7|12|8|17|17|23|27|37|37|36|47|66|95|122|158|189|237|267|265|303|244|274|260|243|218|212|208|196|171|194|169|183|167|176|203|204|182|187|177|152|195|194|226|208|175|184|186|226|180|212|207|196|204|211|227|206|250|283|240|249|220|221|221|200|171|184|140|136|107|116|102|88|86|105|96|81|83|71|94|78|
2012-08-23|6|1_CTs|CT24||68|61|45|41|37|32|25|22|18|27|16|18|12|12|19|8|16|15|14|9|23|18|28|31|44|40|57|77|85|107|145|146|141|215|192|269|271|210|227|236|198|195|200|190|206|189|224|210|220|241|194|204|176|195|182|175|206|221|212|225|236|224|195|221|215|247|217|270|285|260|287|280|288|342|325|298|284|271|301|262|208|187|174|160|127|111|102|84|101|105|93|100|89|78|83|86|
