2012-01-05|6|1_CTs|CT1||0|1|1|1|0|1|0|1|2|0|0|1|0|0|2|1|0|2|0|2|4|5|1|6|8|6|13|3|8|3|7|9|47|21|13|9|15|7|6|13|4|7|7|4|4|3|5|5|6|6|8|9|11|8|7|5|6|5|5|4|4|6|6|12|8|9|9|4|7|6|1|10|7|6|10|6|6|11|7|1|5|7|2|3|3|1|2|2|1|2|12|7|0|0|0|0|
2012-01-05|6|1_CTs|CT3||22|19|10|9|3|2|0|5|1|3|2|0|2|5|1|1|3|8|6|9|19|25|18|34|38|37|35|46|50|57|66|61|90|93|111|91|90|44|56|52|61|52|60|57|43|42|41|44|62|41|52|47|44|54|38|45|49|50|53|42|53|43|49|43|58|60|55|65|65|63|61|64|65|64|54|50|47|47|44|38|36|31|24|15|24|27|27|11|22|17|29|3|0|0|0|0|
2012-01-05|6|1_CTs|CT4||7|11|9|9|5|4|4|3|4|2|2|2|1|2|3|2|2|1|1|2|1|1|1|3|1|2|5|3|6|17|15|15|73|60|26|18|27|23|21|25|9|21|29|28|22|27|23|23|18|23|34|34|35|43|23|27|26|27|23|31|29|27|34|20|26|40|43|36|34|38|52|39|46|46|54|40|40|37|46|32|28|44|24|18|29|25|15|9|16|16|13|7|0|0|0|0|
2012-01-05|6|1_CTs|CT5||8|5|6|19|6|14|12|7|6|11|4|6|5|1|4|7|5|3|5|6|5|8|7|9|14|15|11|17|21|31|21|37|55|74|61|84|84|47|72|63|57|58|52|73|46|62|69|61|48|69|67|57|64|75|69|54|75|75|69|86|73|67|73|88|83|80|94|76|64|94|91|91|89|69|62|63|64|62|48|40|51|50|58|54|39|43|37|38|29|45|25|12|0|0|0|0|
2012-01-05|6|1_CTs|CT6||24|12|17|14|8|6|7|6|3|6|5|6|4|6|4|2|5|9|4|8|11|14|7|13|17|16|16|23|37|40|71|109|139|197|185|184|187|99|112|111|110|111|101|102|94|108|103|115|105|101|110|98|106|113|99|86|109|116|128|113|119|122|118|121|129|125|121|124|145|158|130|115|135|122|118|121|128|85|111|108|112|133|96|86|84|62|62|56|62|53|54|23|0|0|0|0|
2012-01-05|6|1_CTs|CT7||7|4|5|1|2|2|3|0|1|1|1|1|0|1|1|1|1|2|2|1|1|0|0|2|5|7|4|5|6|10|17|12|28|34|38|47|36|19|33|37|28|28|31|24|20|15|21|29|24|23|23|25|28|22|20|12|20|23|28|29|31|18|21|26|26|29|18|30|28|37|26|35|44|35|30|35|27|28|17|12|21|18|15|17|4|8|14|5|13|10|9|2|0|0|0|0|
2012-01-05|6|1_CTs|CT8||83|60|37|30|22|14|24|19|19|11|10|15|29|4|10|9|8|6|3|9|11|12|18|29|22|33|35|61|73|107|145|212|231|216|238|199|167|113|174|170|182|142|145|136|149|121|124|128|136|128|147|143|127|139|159|145|181|157|168|164|149|153|134|140|130|165|149|152|177|174|183|195|204|201|182|188|170|154|158|165|155|130|118|106|86|88|84|75|79|81|72|32|0|0|0|0|
2012-01-05|6|1_CTs|CT9||48|55|20|28|20|21|17|12|8|14|6|11|11|10|8|10|5|5|6|13|9|14|17|40|33|40|43|72|90|130|201|273|323|358|311|343|328|181|268|252|234|236|191|216|178|172|208|187|192|227|217|225|213|215|180|236|231|236|228|232|212|222|231|220|257|228|215|246|287|302|298|349|272|296|298|277|227|207|202|201|184|170|144|145|140|111|93|93|94|78|93|33|0|0|0|0|
2012-01-05|6|1_CTs|CT10||44|31|22|20|14|12|13|9|11|7|12|8|5|8|6|6|7|8|2|6|7|14|12|25|29|22|34|39|64|55|101|141|185|187|165|225|219|126|177|181|149|149|123|144|159|152|152|161|159|145|157|159|148|145|140|140|162|169|170|173|166|198|191|169|189|180|210|192|163|189|236|211|221|264|242|201|200|205|168|177|155|155|114|114|94|84|74|71|61|50|63|17|0|0|0|0|
2012-01-05|6|1_CTs|CT11||28|27|17|18|11|18|18|4|8|7|10|8|6|6|14|7|6|5|6|11|15|18|15|31|35|41|57|80|110|151|233|350|360|363|334|300|291|176|259|249|232|232|172|190|201|173|188|175|160|196|231|199|200|169|170|214|186|228|240|178|202|174|183|190|204|216|212|222|226|221|242|226|244|219|214|206|161|168|145|156|149|128|109|101|100|75|77|70|66|58|25|10|0|0|0|0|
2012-01-05|6|1_CTs|CT12||41|25|29|18|15|19|13|13|12|10|14|7|4|9|3|11|8|7|1|10|10|17|14|22|32|25|41|49|72|73|129|192|254|269|238|279|249|188|231|186|194|177|170|159|183|161|157|175|183|171|188|165|200|183|162|183|174|188|217|177|189|183|180|235|197|241|226|230|244|298|261|345|279|309|327|325|261|290|209|190|198|174|158|139|122|83|93|57|64|49|73|27|0|0|0|0|
2012-01-05|6|1_CTs|CT13||13|13|4|7|6|5|2|4|3|1|0|1|2|2|1|3|1|3|1|1|2|6|6|15|11|18|16|24|22|29|46|48|56|49|62|84|56|28|51|47|35|38|35|45|37|40|42|35|40|36|47|32|45|39|33|41|46|42|39|30|35|44|41|41|69|37|49|45|45|48|50|62|39|48|47|42|41|34|30|28|28|27|31|24|21|22|20|17|18|19|20|7|0|0|0|0|
2012-01-05|6|1_CTs|CT14||36|17|24|18|12|11|7|8|5|12|13|3|2|5|5|3|4|4|3|4|4|9|5|13|17|19|19|23|34|44|48|61|87|98|91|98|89|85|95|86|69|98|87|90|88|106|92|104|113|92|111|92|109|125|82|107|107|122|127|122|103|117|139|119|130|125|144|133|149|177|161|178|166|173|179|167|149|155|150|124|125|109|108|83|87|51|60|52|44|37|60|26|0|0|0|0|
2012-01-05|6|1_CTs|CT15||16|10|10|7|7|6|5|2|7|3|0|5|5|5|2|6|5|6|6|8|6|15|12|20|21|24|20|34|37|58|90|137|201|199|176|197|142|80|124|101|107|76|76|83|68|64|79|70|69|75|88|95|79|78|74|75|68|74|77|74|78|74|77|82|79|79|70|84|83|115|102|111|83|106|114|100|79|71|68|57|53|53|45|42|35|29|27|18|34|27|23|8|0|0|0|0|
2012-01-05|6|1_CTs|CT16||50|31|25|25|20|22|17|8|8|7|11|10|4|7|9|7|4|11|6|3|12|12|9|24|28|39|39|44|77|110|148|221|289|299|250|277|243|153|241|243|210|199|197|189|191|174|196|185|178|164|207|209|174|179|146|176|161|173|236|204|192|192|192|193|206|207|238|222|187|213|216|210|237|260|235|221|179|165|164|152|177|135|128|116|82|104|77|88|77|59|68|21|0|0|0|0|
2012-01-05|6|1_CTs|CT17||21|16|15|11|12|4|7|6|4|10|6|7|4|4|2|3|2|5|0|2|2|2|2|4|5|4|8|8|19|17|39|45|58|42|49|71|52|44|45|36|20|50|42|33|40|43|45|32|41|34|31|43|59|94|69|76|68|66|72|76|64|82|73|74|74|55|38|66|86|60|60|53|53|50|58|70|66|66|81|70|83|75|74|75|44|40|42|33|42|29|44|13|0|0|0|0|
2012-01-05|6|1_CTs|CT18||78|59|53|48|24|33|35|25|20|22|17|18|12|11|11|14|12|15|15|10|12|25|17|22|42|47|41|63|93|112|176|230|321|337|307|300|300|192|275|281|264|254|206|238|218|218|233|228|236|239|258|241|235|222|211|225|224|235|265|273|251|274|271|275|255|265|305|294|277|290|328|321|296|317|331|300|280|265|230|195|214|184|178|158|139|148|124|121|113|140|110|31|0|0|0|0|
2012-01-05|6|1_CTs|CT19||50|25|29|23|19|21|14|14|15|15|8|9|10|6|5|7|9|4|3|9|7|5|6|7|7|10|12|9|32|31|65|100|176|154|140|162|155|90|143|136|154|138|139|110|134|127|147|155|137|118|134|149|145|143|133|133|125|149|144|142|130|162|150|181|155|174|176|194|201|201|235|226|206|236|241|221|169|200|153|152|163|149|144|110|83|79|75|58|59|46|67|24|0|0|0|0|
2012-01-05|6|1_CTs|CT20||22|23|18|14|4|6|6|5|7|6|6|2|2|3|6|4|2|3|3|4|9|13|13|7|23|21|15|34|46|42|66|101|108|142|178|158|132|87|130|107|119|124|103|117|91|114|120|47|97|25|85|122|101|103|28|124|73|64|79|41|57|47|132|117|115|132|126|139|141|129|136|96|139|107|25|96|83|117|98|98|96|47|42|6|82|49|53|46|70|49|56|22|0|0|0|0|
2012-01-05|6|1_CTs|CT21||70|54|46|25|19|21|15|16|14|21|13|11|13|11|13|9|16|13|20|21|20|30|30|50|52|72|74|104|126|195|273|315|343|348|349|357|323|175|314|262|260|235|246|258|240|249|213|203|234|232|232|228|241|211|213|260|226|261|266|288|257|235|267|233|233|253|248|243|269|237|252|263|279|265|269|233|220|215|196|179|172|185|147|116|115|114|107|108|96|104|115|24|0|0|0|0|
2012-01-05|6|1_CTs|CT22||107|85|58|57|41|55|34|39|32|25|14|15|11|17|15|18|24|27|13|36|44|52|41|66|83|86|92|94|109|147|155|164|223|243|262|291|246|150|270|246|253|232|258|236|231|230|275|260|298|298|286|239|236|216|218|243|247|269|284|329|288|299|303|269|304|314|326|358|395|354|376|374|402|391|368|351|311|379|279|265|253|232|219|188|176|153|139|129|126|131|129|45|0|0|0|0|
2012-01-05|6|1_CTs|CT23||105|77|56|40|28|33|26|31|14|24|14|15|27|12|11|15|14|13|5|11|15|18|33|37|43|50|56|84|109|169|219|310|378|378|357|331|277|170|324|295|255|241|244|233|211|201|209|234|223|196|228|251|228|220|225|234|235|257|286|246|255|253|240|284|242|252|278|285|317|320|341|326|343|333|311|295|291|262|276|225|233|213|181|162|146|149|118|136|114|128|99|29|0|0|0|0|
2012-01-05|6|1_CTs|CT24||96|59|58|45|26|21|23|30|15|15|17|17|13|11|13|12|20|15|8|23|19|21|23|43|39|42|63|71|104|127|174|215|254|312|316|285|313|188|284|293|254|252|242|243|242|229|219|242|276|262|256|235|253|214|236|218|251|234|294|279|294|297|285|279|315|304|324|291|357|336|411|374|398|357|378|403|386|356|305|331|288|278|267|207|177|125|159|124|123|122|103|43|0|0|0|0|
