2013-09-05|3|1_CTs|ct1||57|32|39|18|27|15|9|12|14|17|9|6|9|8|6|3|6|3|3|10|6|10|9|17|20|18|30|31|43|58|92|133|149|177|209|251|213|231|216|164|184|160|152|172|130|154|158|158|175|168|166|193|161|148|142|132|159|154|183|212|194|191|182|162|209|187|164|198|189|199|185|190|179|209|222|201|199|210|226|211|172|168|148|144|134|98|101|85|86|89|67|68|72|59|70|60|
2013-09-05|3|1_CTs|ct3||96|63|95|54|60|43|54|55|25|30|20|15|12|20|16|7|24|14|16|34|22|23|25|40|39|43|50|52|71|87|113|178|191|203|242|273|263|262|262|255|256|241|231|259|234|224|226|225|225|233|232|230|242|211|208|197|238|201|246|220|250|256|224|216|229|217|196|244|210|216|202|215|218|198|228|187|234|224|224|220|218|204|212|224|185|153|157|127|111|131|118|111|114|131|126|92|
2013-09-05|3|1_CTs|ct5||143|108|92|120|72|66|74|55|35|57|34|26|32|23|18|14|13|21|16|22|21|22|8|23|15|19|14|25|48|54|91|143|159|191|193|194|223|224|208|202|164|205|176|190|190|191|210|226|186|207|209|209|232|203|205|189|174|214|215|220|227|251|247|275|284|251|259|267|278|275|273|257|317|334|289|276|282|271|267|238|276|269|232|173|171|176|116|113|120|129|131|134|141|131|175|140|
2013-09-05|3|1_CTs|ct6||21|12|3|7|4|5|3|3|2|4|1|3|4|1|2|1|1|0|1|2|4|2|4|6|3|4|6|7|16|27|32|33|50|59|75|76|69|61|39|59|53|49|63|52|39|42|33|49|32|45|51|44|42|35|29|39|46|70|78|86|50|51|60|57|48|60|60|68|40|46|51|58|58|65|75|79|59|60|60|73|39|49|31|38|24|28|18|30|28|19|15|21|12|21|7|15|
2013-09-05|3|1_CTs|ct7||146|119|105|115|64|70|71|40|62|55|51|44|34|33|35|25|29|41|36|32|28|33|24|27|33|34|40|44|61|70|75|90|91|117|109|135|146|153|135|151|162|141|134|165|166|188|198|181|175|170|170|195|172|171|139|146|160|164|184|181|175|189|202|208|185|185|177|170|205|203|149|67|72|61|76|64|88|183|176|174|181|162|144|141|137|146|108|108|110|118|110|115|138|124|160|137|
2013-09-05|3|1_CTs|ct8||88|71|55|79|28|34|38|25|32|28|19|18|12|19|18|12|14|23|14|20|22|17|12|13|23|24|18|28|27|39|26|45|53|61|75|82|85|85|83|99|109|84|91|116|107|124|124|124|121|105|108|115|107|116|89|95|109|116|117|122|108|112|123|133|104|127|109|106|140|150|124|187|140|197|140|150|145|131|123|120|103|117|96|86|92|82|64|69|74|82|66|67|88|77|96|72|
2013-09-05|3|1_CTs|ct9||74|82|66|60|72|71|68|48|40|57|46|40|48|44|25|34|19|24|21|30|22|15|19|23|30|29|43|58|50|60|92|138|153|203|229|292|341|352|206|186|229|340|433|338|288|186|170|190|207|173|206|176|158|167|140|153|204|308|152|171|161|197|219|291|218|203|193|215|202|223|205|200|160|193|169|160|177|194|155|175|160|161|120|199|104|102|82|86|84|106|80|94|75|95|76|84|
2013-09-05|3|1_CTs|ct10||81|80|84|68|72|61|58|58|51|58|46|36|37|34|37|27|36|24|37|30|26|23|41|21|26|24|24|40|30|40|60|79|87|119|139|161|148|134|132|145|135|145|131|130|112|107|123|152|121|127|130|148|117|117|129|123|120|127|143|107|123|133|139|118|131|124|152|134|153|161|141|157|150|155|137|131|144|140|141|119|129|127|133|113|129|112|109|96|92|96|90|88|88|99|108|101|
2013-09-05|3|1_CTs|ct13||217|192|154|146|163|134|147|106|100|128|95|74|82|62|76|76|65|77|84|74|82|72|96|78|96|90|88|117|106|139|173|183|167|198|235|260|204|228|267|224|270|460|290|252|278|204|238|283|263|258|303|236|218|2499|310|1695|212|252|212|467|271|274|196|226|625|683|853|286|512|258|544|306|306|423|549|489|189|257|212|249|280|224|250|263|267|263|257|253|224|231|210|197|217|217|230|255|
2013-09-05|3|1_CTs|ct14||44|41|43|32|21|23|17|20|18|7|9|10|7|10|7|8|6|7|4|12|11|12|17|19|24|35|53|89|129|196|251|271|279|274|284|292|288|293|278|271|247|192|153|163|167|134|184|152|129|163|166|150|132|141|124|189|161|170|199|194|180|159|161|187|151|143|170|170|152|197|216|247|218|226|233|252|221|226|203|184|163|156|156|134|102|104|88|92|74|78|82|76|80|63|69|53|
2013-09-05|3|1_CTs|CT16||94|84|63|85|61|58|43|39|36|47|32|28|55|19|45|31|48|43|27|39|18|56|22|18|43|36|24|42|54|55|91|126|102|140|156|161|142|138|148|162|159|158|120|121|153|151|147|164|146|161|147|171|126|116|99|138|158|135|126|149|160|176|147|133|185|177|153|179|161|182|239|210|166|190|200|186|202|178|190|203|171|141|161|116|120|136|109|101|111|113|79|84|119|119|97|105|
2013-09-05|3|1_CTs|ct17||91|76|64|61|59|39|34|20|33|28|23|24|21|27|21|13|16|19|19|23|22|17|29|21|22|27|36|51|51|62|123|145|174|226|250|292|275|298|238|261|236|214|189|183|202|175|7|0|2|182|196|217|181|175|168|185|179|205|187|209|192|195|204|188|177|215|216|192|205|242|216|232|213|224|198|211|207|175|215|170|189|171|170|162|135|148|149|125|100|101|98|92|103|110|97|100|
2013-09-05|3|1_CTs|ct18||110|100|101|87|86|68|73|58|55|75|56|45|40|37|48|37|32|28|40|34|29|29|45|34|45|35|44|57|49|79|122|121|171|176|238|239|220|200|157|167|183|197|174|200|173|172|155|211|155|178|179|204|159|153|161|176|152|202|179|187|182|176|197|176|153|180|178|163|184|195|164|202|149|131|143|155|134|96|135|158|178|159|162|146|144|156|144|127|122|129|109|125|121|120|131|139|
2013-09-05|3|1_CTs|ct19||0|0|0|0|0|2|0|0|1|0|0|0|0|0|0|0|0|0|0|0|1|0|1|5|4|1|7|6|6|5|11|7|6|6|5|4|6|4|7|5|6|9|6|3|9|3|16|4|9|7|3|5|5|5|4|2|4|5|5|4|3|4|3|5|11|3|7|4|7|9|7|3|6|7|12|7|7|4|8|4|9|10|5|7|6|4|8|3|0|2|0|1|0|1|4|2|
2013-09-05|3|1_CTs|ct22||12|6|6|4|3|0|1|4|0|6|4|0|2|1|2|0|0|0|1|0|1|3|0|2|1|1|3|4|6|8|8|11|14|16|16|13|16|14|26|28|14|27|21|15|19|21|22|13|18|27|31|28|26|18|10|21|16|21|19|17|18|19|30|23|24|22|35|41|44|34|30|36|30|44|47|31|46|34|36|30|32|28|12|13|7|9|6|7|4|7|4|2|2|8|17|9|
2013-09-05|3|1_CTs|CT23||123|50|66|40|33|41|27|26|25|28|20|21|11|15|20|6|9|8|7|14|10|5|15|14|24|20|22|34|60|75|98|148|192|222|276|286|265|253|241|253|193|206|200|202|169|159|193|247|218|245|228|273|252|214|219|196|194|186|178|279|216|251|250|234|317|289|278|348|338|383|359|329|414|435|425|449|415|417|383|379|326|302|258|202|220|157|150|139|185|145|122|134|129|92|115|119|
2013-09-05|3|1_CTs|ct24||212|168|156|137|102|93|68|84|56|47|41|37|34|41|30|30|37|31|33|46|61|73|74|119|120|181|271|416|554|733|962|982|939|886|896|906|857|825|939|961|958|741|713|749|792|699|752|726|637|743|778|799|779|664|691|727|743|750|826|879|806|770|738|817|692|710|724|775|732|825|815|917|852|932|910|943|878|858|816|813|730|664|663|577|428|468|365|411|374|324|345|317|339|311|279|240|
