2012-02-02|6|1_CTs|CT1||0|1|0|1|0|0|0|1|1|1|0|0|1|1|1|0|1|3|0|0|5|3|1|5|7|6|4|2|7|7|17|24|77|63|34|11|14|11|24|36|28|19|16|38|28|9|3|6|5|4|10|10|13|9|8|3|11|2|3|6|3|6|11|9|5|5|13|9|12|13|8|9|5|10|11|19|5|2|6|9|6|2|1|5|7|3|0|0|2|6|18|20|20|1|1|0|
2012-02-02|6|1_CTs|CT3||13|14|7|5|5|4|2|4|0|2|6|3|0|4|2|2|3|7|5|18|20|20|12|31|34|33|35|38|57|51|86|84|113|172|189|233|217|191|165|149|131|141|121|69|51|38|50|40|53|67|49|65|44|49|50|62|56|49|44|47|59|45|53|46|49|61|60|69|71|75|75|93|72|69|74|79|68|53|41|36|43|32|24|22|37|41|14|20|31|29|26|16|15|20|15|17|
2012-02-02|6|1_CTs|CT4||15|10|3|3|6|2|1|4|1|1|5|2|0|2|3|0|1|2|1|1|0|4|1|1|8|3|5|6|6|15|12|40|48|52|18|42|41|36|39|30|22|29|47|30|22|19|37|28|34|37|24|37|52|30|36|30|27|27|31|39|28|46|27|32|37|28|36|48|41|39|58|57|74|63|61|61|68|63|35|39|49|40|29|26|20|25|17|18|23|15|14|16|14|15|9|10|
2012-02-02|6|1_CTs|CT5||21|26|23|18|16|11|7|10|10|7|3|4|10|2|4|4|3|5|5|6|9|5|5|13|6|15|18|24|32|53|54|65|67|76|150|155|138|149|146|123|131|144|132|121|85|99|89|75|64|49|76|71|69|58|60|67|64|63|70|62|51|66|80|72|87|76|86|93|99|86|99|89|76|88|83|85|85|50|55|51|52|55|50|48|53|41|36|40|38|43|34|30|35|26|27|22|
2012-02-02|6|1_CTs|CT6||25|23|6|14|19|10|5|8|11|8|6|6|1|2|7|8|5|6|4|6|10|11|9|16|16|20|26|26|42|48|90|119|149|195|209|195|227|191|167|148|135|146|143|104|118|110|106|109|101|90|122|85|92|107|105|98|104|141|134|121|98|116|108|110|111|101|125|150|150|143|161|137|165|162|116|120|135|110|111|98|116|110|87|97|89|81|73|59|74|56|49|53|50|44|35|41|
2012-02-02|6|1_CTs|CT7||6|5|5|2|1|1|1|1|5|1|0|1|0|0|1|1|2|1|0|3|1|4|0|5|5|4|4|16|10|20|23|26|32|34|39|38|34|32|21|31|39|37|34|30|19|25|27|20|23|23|33|30|25|19|22|27|22|22|27|38|25|27|24|30|30|26|21|32|25|21|22|16|22|37|39|32|36|21|20|22|18|17|11|15|14|10|7|15|17|9|13|8|7|9|6|8|
2012-02-02|6|1_CTs|CT8||45|39|32|24|25|18|20|17|18|18|12|11|19|12|8|8|5|11|11|9|13|17|27|26|31|44|58|77|122|182|235|265|250|215|191|195|178|204|184|176|201|199|163|140|146|120|139|140|137|173|148|180|143|142|156|176|146|187|201|172|184|161|170|157|147|179|171|170|189|205|209|203|189|196|197|188|187|205|188|153|150|155|120|131|120|108|97|77|106|106|71|65|74|61|41|41|
2012-02-02|6|1_CTs|CT9||52|55|36|34|26|20|18|19|11|15|13|10|10|10|4|13|5|7|11|12|19|26|24|38|50|66|69|94|136|181|260|336|357|406|417|414|434|437|420|430|358|430|366|295|258|211|192|209|191|225|237|191|201|186|208|250|220|239|216|225|238|239|248|227|257|264|293|292|336|370|361|349|334|344|366|329|322|228|239|235|179|198|183|165|117|123|120|122|109|89|95|84|75|73|74|58|
2012-02-02|6|1_CTs|CT10||35|33|28|26|20|17|11|10|9|11|10|9|7|2|3|7|3|7|4|10|11|8|11|30|30|34|56|60|63|91|139|167|206|220|180|199|193|182|184|189|193|190|176|199|192|180|203|142|153|151|168|180|173|162|149|147|197|166|168|177|154|172|185|180|215|212|200|222|203|237|234|245|203|208|271|239|276|234|232|206|172|153|133|124|93|79|89|77|77|66|49|60|52|65|47|45|
2012-02-02|6|1_CTs|CT11||32|32|26|20|17|10|14|14|11|8|15|8|8|3|5|3|6|10|7|11|20|23|22|40|48|48|82|116|162|234|329|389|354|340|343|358|352|325|360|343|335|317|341|291|308|246|188|216|183|190|223|227|211|195|200|190|190|196|224|225|191|220|191|207|203|231|246|275|317|278|235|243|232|226|230|221|186|177|180|151|152|123|111|108|111|91|84|86|78|67|23|42|60|39|45|36|
2012-02-02|6|1_CTs|CT12||29|32|16|17|22|14|19|18|15|9|12|5|8|5|9|5|6|12|4|6|9|15|11|26|33|33|53|55|90|106|188|201|296|302|241|305|271|246|259|229|242|212|195|222|208|189|193|169|178|179|199|185|192|198|205|174|187|178|178|204|179|188|207|204|218|229|275|295|315|326|317|323|308|324|347|341|350|280|302|217|199|162|148|146|123|99|91|94|79|63|55|57|50|54|52|44|
2012-02-02|6|1_CTs|CT13||34|32|18|19|22|16|18|21|11|9|6|9|6|6|6|10|4|8|4|11|12|18|15|28|31|36|52|67|98|113|195|229|270|303|323|369|293|321|335|322|205|287|249|196|162|168|143|144|162|160|176|163|170|160|146|171|165|143|164|172|171|182|165|163|194|190|205|234|227|304|284|263|277|303|279|271|272|207|189|191|146|134|126|113|98|87|66|90|70|56|70|61|49|57|54|46|
2012-02-02|6|1_CTs|CT14||28|22|20|15|12|10|8|11|7|7|7|3|8|2|5|2|2|5|3|3|3|5|14|16|16|24|26|23|34|42|78|67|122|115|114|152|113|134|124|87|99|108|96|107|110|98|97|112|114|131|113|103|100|110|109|96|97|98|122|108|117|121|144|100|143|147|170|168|150|181|179|201|207|195|187|179|185|177|167|147|130|110|93|83|71|55|66|55|66|59|34|40|42|40|45|20|
2012-02-02|6|1_CTs|CT15||17|12|10|13|7|8|4|4|5|2|1|3|1|5|5|4|3|3|3|6|8|10|11|20|20|28|21|46|45|78|125|152|196|233|234|238|215|216|226|179|144|163|162|110|91|74|60|63|73|87|83|91|59|81|74|68|75|62|66|96|86|80|69|70|87|82|92|100|85|186|180|138|130|123|99|110|93|64|69|73|61|54|49|45|41|44|29|25|23|33|18|16|14|25|18|13|
2012-02-02|6|1_CTs|CT16||41|39|40|30|21|15|8|11|17|10|9|13|3|4|3|5|7|4|7|13|17|16|14|32|35|43|59|98|109|157|218|282|324|328|304|309|288|276|273|290|308|285|310|275|295|259|224|204|173|179|217|211|194|187|200|183|160|209|201|221|177|228|192|221|225|195|240|255|231|207|235|232|255|261|261|261|253|195|201|200|165|163|130|115|115|94|88|85|92|70|73|75|58|56|55|52|
2012-02-02|6|1_CTs|CT17||4|4|4|0|4|4|1|3|1|1|3|0|2|0|1|2|1|4|1|1|2|5|0|0|7|5|3|12|4|13|22|31|44|54|38|52|37|44|46|49|32|32|34|36|34|26|24|40|35|41|33|38|26|27|38|30|36|29|35|36|38|41|56|32|46|37|55|62|50|63|51|68|51|50|47|55|71|45|63|53|46|42|36|39|24|20|17|29|23|17|6|13|11|10|12|11|
2012-02-02|6|1_CTs|CT18||69|76|64|51|50|25|21|17|30|16|13|17|14|8|17|14|12|12|11|15|15|18|21|36|40|47|59|97|120|184|250|340|364|283|194|195|132|179|172|154|139|217|222|242|324|309|306|242|230|221|273|282|244|237|241|238|238|287|301|271|266|274|290|290|273|290|311|321|331|308|337|328|347|369|366|293|243|271|285|260|243|212|197|158|178|393|143|125|114|147|98|121|88|95|94|71|
2012-02-02|6|1_CTs|CT19||44|32|18|24|17|12|17|15|11|10|7|7|9|12|6|5|9|6|9|5|4|10|9|8|14|17|14|30|34|50|80|122|175|184|194|188|177|187|189|157|150|150|133|136|132|160|155|152|139|156|147|131|170|178|139|137|155|127|147|152|161|162|174|176|167|152|188|226|209|222|235|219|266|257|271|271|238|226|209|215|193|171|146|123|92|92|109|68|75|59|51|52|59|54|56|43|
2012-02-02|6|1_CTs|CT20||21|17|16|11|18|7|9|3|5|7|7|4|7|2|10|5|3|8|5|6|6|15|8|15|30|30|24|26|41|46|75|110|128|148|170|48|127|154|173|161|58|67|135|126|104|105|125|124|125|113|118|108|119|72|98|97|110|123|118|132|152|132|6|105|29|130|148|147|123|134|165|159|46|166|136|6|125|127|117|98|68|45|74|75|43|24|79|57|51|40|64|43|39|51|41|24|
2012-02-02|6|1_CTs|CT21||74|56|45|27|22|28|12|19|15|17|9|4|12|17|6|8|11|5|16|14|31|38|32|45|59|79|100|133|197|274|340|372|398|372|326|349|378|323|346|326|268|276|294|327|261|269|221|231|235|243|251|238|248|223|201|253|233|290|250|288|262|264|258|220|266|245|254|275|239|313|319|324|286|280|270|263|276|255|220|234|158|169|169|148|146|153|108|116|128|103|110|76|88|85|74|61|
2012-02-02|6|1_CTs|CT22||108|85|54|46|45|42|40|37|34|26|23|16|21|15|25|15|18|26|14|42|43|33|47|61|70|81|91|107|121|160|197|237|279|272|333|332|332|284|260|277|263|253|255|244|222|275|237|294|286|315|266|298|250|258|258|249|274|291|288|288|270|323|297|328|319|330|351|366|386|399|412|414|428|395|368|389|425|392|383|343|339|288|259|224|227|164|187|170|167|176|154|128|115|133|82|103|
2012-02-02|6|1_CTs|CT23||44|34|38|28|25|22|13|16|12|15|12|9|11|12|9|5|9|5|7|9|11|19|24|24|33|48|44|73|94|138|195|237|272|275|277|281|279|264|286|266|297|259|212|156|136|97|121|145|142|138|150|171|152|141|157|168|144|168|189|179|171|158|168|175|160|185|213|208|208|271|245|258|249|272|257|248|243|236|186|172|153|140|125|109|114|101|96|77|97|73|83|57|58|53|43|49|
2012-02-02|6|1_CTs|CT24||89|77|42|50|37|33|32|25|30|13|17|15|14|13|19|12|17|11|11|20|19|23|31|43|51|55|68|100|125|158|242|273|301|368|337|352|345|324|354|344|341|328|332|258|281|302|288|306|247|245|277|262|269|251|261|268|263|315|281|274|302|307|334|300|314|318|359|377|425|382|418|426|444|408|454|426|456|445|412|379|380|305|268|225|177|452|151|169|134|124|121|114|116|105|94|105|
