2013-06-21|7|1_CTs|CT1||36|26|27|18|15|13|11|10|8|7|5|4|7|3|5|1|2|2|6|5|8|9|6|7|10|16|16|29|28|46|80|112|172|171|189|194|193|193|224|188|180|161|125|122|142|127|163|122|132|125|133|131|108|109|101|100|142|149|131|147|153|142|147|134|143|154|129|160|156|152|157|178|148|158|163|160|173|160|144|154|133|131|99|127|93|98|93|71|60|73|49|63|62|47|44|48|
2013-06-21|7|1_CTs|CT2||170|138|114|62|81|61|39|30|40|22|8|8|12|10|8|6|14|8|10|16|8|10|30|13|36|21|52|60|51|72|90|118|259|307|289|323|295|344|289|208|174|162|247|220|186|150|133|196|130|198|212|246|242|180|175|107|213|201|249|207|228|159|242|214|274|265|254|289|269|253|268|274|221|246|234|214|204|181|191|166|215|184|232|134|169|166|96|104|106|98|163|98|136|107|92|74|
2013-06-21|7|1_CTs|CT4||20|37|40|33|28|22|23|18|39|25|24|19|10|26|27|10|10|13|14|14|7|1|5|10|8|6|0|2|6|4|6|8|6|19|5|12|14|17|13|9|17|12|20|6|10|3|15|12|22|13|17|26|26|18|20|10|24|12|21|17|28|26|33|28|35|59|62|61|72|76|57|60|59|61|58|40|57|58|26|36|56|39|34|28|19|21|25|9|22|34|28|30|28|27|37|31|
2013-06-21|7|1_CTs|CT6||49|44|38|29|23|25|27|21|18|20|7|13|17|8|21|11|16|9|3|6|15|7|10|16|10|17|16|22|17|37|52|58|135|166|143|141|159|99|124|134|146|134|129|128|125|128|141|141|132|187|132|156|133|130|135|115|131|124|139|156|153|145|154|160|196|166|196|183|186|202|232|222|206|222|270|217|229|201|192|171|167|137|130|95|107|84|100|74|50|101|109|103|88|97|87|68|
2013-06-21|7|1_CTs|CT7||43|57|38|41|74|63|53|48|42|28|12|8|13|9|13|7|9|10|11|5|9|9|17|21|12|21|29|24|30|44|57|79|86|88|109|113|106|99|109|119|115|108|125|121|89|93|99|101|98|102|114|119|114|103|96|87|130|92|122|111|107|125|115|109|119|132|141|142|134|142|155|176|169|158|165|139|158|158|138|125|112|103|92|90|79|85|75|66|59|63|44|65|66|66|57|69|
2013-06-21|7|1_CTs|CT8||136|99|88|70|79|45|50|40|36|38|30|31|15|43|24|24|26|40|48|55|75|77|103|92|101|120|120|140|214|255|336|343|382|424|429|420|431|376|386|401|357|344|339|358|352|299|382|338|340|306|347|344|302|285|296|301|293|366|364|335|345|354|356|336|352|340|342|401|374|342|383|338|389|406|380|361|324|365|318|291|329|285|313|291|229|222|227|194|159|206|190|176|189|195|159|118|
2013-06-21|7|1_CTs|CT12||87|79|73|54|34|36|45|26|25|24|17|17|17|11|13|19|15|19|9|17|17|16|15|19|17|23|32|25|25|45|76|94|151|174|190|200|223|192|178|214|201|184|190|189|181|198|192|195|202|216|213|223|236|188|167|189|165|186|174|216|222|231|215|240|239|229|245|266|289|303|286|301|272|303|276|312|308|271|254|228|221|196|203|165|148|166|110|121|111|122|142|128|134|133|113|93|
2013-06-21|7|1_CTs|CT13||20|22|20|26|40|41|28|28|24|15|6|2|4|3|3|2|5|1|3|2|5|4|4|8|0|7|12|14|18|20|36|43|42|51|56|53|57|58|61|72|82|59|51|50|41|33|34|45|41|51|46|37|55|43|43|41|53|45|63|61|39|63|50|64|46|59|62|73|60|64|75|84|91|69|63|70|73|75|69|67|54|42|30|41|36|54|40|29|27|21|29|30|31|20|18|25|
2013-06-21|7|1_CTs|CT14||77|50|52|38|22|28|15|15|12|436|490|501|489|490|500|486|491|493|490|483|504|497|511|516|513|513|519|544|553|568|274|112|138|159|169|192|156|205|172|176|156|147|165|145|170|159|188|331|630|688|650|486|380|380|385|337|381|398|425|428|399|449|449|476|475|513|513|523|525|609|615|597|681|633|620|743|747|781|789|726|704|649|661|599|440|107|109|105|91|91|115|91|102|110|102|81|
2013-06-21|7|1_CTs|CT15||26|31|27|29|19|21|14|9|14|12|7|8|8|5|10|7|12|3|5|5|10|12|3|16|6|9|18|15|20|21|43|57|122|152|141|154|128|116|105|96|79|70|68|64|68|70|60|88|69|104|93|82|79|91|82|60|86|80|74|81|82|81|82|86|125|127|165|140|161|148|168|183|190|194|188|196|110|102|91|105|65|76|66|58|57|69|45|46|40|61|64|55|55|39|49|38|
