2011-03-17|22|1_CTs|CT1||15|10|10|10|8|9|6|3|8|8|1|2|1|4|5|5|0|2|1|5|8|8|10|15|12|26|28|44|66|75|137|170|214|223|221|235|191|161|128|127|94|100|90|101|83|88|73|75|92|98|92|107|91|84|76|68|87|102|96|88|97|71|83|95|86|93|89|112|96|104|138|138|111|182|196|168|98|61|72|54|73|69|48|46|45|43|32|21|28|33|22|22|22|19|10|24|
2011-03-17|22|1_CTs|CT2||18|31|15|20|11|13|11|6|10|6|2|2|3|5|4|7|1|4|5|5|8|9|13|15|16|35|40|41|75|96|140|199|217|226|255|315|230|226|159|175|146|146|135|140|116|99|119|125|131|118|137|142|113|129|119|134|130|139|150|140|136|141|107|150|135|146|157|159|172|204|202|229|229|236|253|254|220|127|117|104|117|117|70|88|82|71|57|59|64|64|54|47|43|42|37|46|
2011-03-17|22|1_CTs|CT3||46|41|34|35|33|24|19|15|14|11|10|6|8|7|4|9|7|11|8|10|20|22|24|41|26|51|54|53|108|163|247|328|337|374|408|438|373|360|302|271|230|223|213|206|203|173|198|218|200|217|203|242|220|231|207|223|225|247|253|222|244|220|223|245|215|245|265|258|284|312|350|385|337|337|374|390|388|283|204|192|188|222|146|144|157|119|108|101|120|115|104|83|92|67|80|62|
2011-03-17|22|1_CTs|CT4||34|32|25|21|24|11|11|12|23|10|6|5|7|9|9|4|11|9|5|5|6|7|10|28|30|34|38|49|73|86|101|151|210|195|245|240|243|215|185|199|173|167|153|140|169|155|160|139|186|160|157|153|146|167|151|159|165|172|149|164|160|169|176|184|185|207|182|187|202|230|228|228|231|250|278|210|220|185|209|169|184|169|159|135|104|93|84|86|90|72|84|65|50|50|63|43|
2011-03-17|22|1_CTs|CT5||31|36|27|26|22|10|8|5|15|11|5|4|12|6|2|5|8|7|9|8|5|13|16|29|31|28|36|56|70|81|131|185|245|270|280|315|292|283|294|239|188|176|162|178|162|183|188|172|194|155|195|202|178|169|159|167|172|181|170|175|192|185|171|172|201|239|202|233|272|272|280|308|298|274|309|277|270|217|197|176|225|197|153|129|114|100|81|66|81|77|72|71|51|47|63|35|
2011-03-17|22|1_CTs|CT6||28|24|18|18|16|10|6|3|6|6|4|4|9|8|2|2|4|3|5|3|2|10|12|21|8|22|21|33|46|47|64|74|94|112|121|146|158|134|116|107|102|96|99|103|97|102|112|107|123|107|111|96|114|80|101|101|118|129|107|112|95|136|137|107|129|121|135|128|164|152|160|191|173|191|187|157|138|153|125|125|146|152|115|93|71|73|53|40|61|72|62|61|41|26|45|37|
2011-03-17|22|1_CTs|CT7||3|2|3|6|3|2|0|2|2|2|0|0|0|2|1|2|0|1|2|3|0|0|2|2|1|4|9|7|12|8|19|26|39|30|39|40|44|32|27|26|22|28|28|31|23|25|17|18|27|25|31|34|39|19|20|22|19|28|23|35|16|22|15|20|30|20|32|37|33|36|39|22|31|33|28|20|25|21|16|16|18|17|10|19|12|18|9|7|6|12|8|10|14|16|5|12|
2011-03-17|22|1_CTs|CT8||24|21|17|18|10|7|6|7|3|5|3|1|2|4|3|2|2|3|4|8|1|4|4|3|8|3|9|7|17|31|55|61|57|81|70|70|61|68|109|93|82|61|81|72|77|77|76|87|82|80|102|82|82|91|69|54|77|102|67|66|75|80|45|62|81|94|81|94|111|143|128|144|108|97|123|138|127|122|83|70|93|76|67|77|62|45|38|50|54|48|44|42|29|32|43|26|
2011-03-17|22|1_CTs|CT9||33|27|19|20|28|8|14|2|7|7|4|7|6|4|2|5|4|15|7|10|26|23|22|34|35|49|10|82|108|177|246|328|357|330|307|323|330|309|295|258|231|200|207|182|192|180|197|182|165|176|177|228|195|190|151|166|186|199|172|212|199|181|168|168|171|204|202|189|218|210|241|247|241|212|161|197|201|158|137|136|126|139|117|94|101|84|69|61|76|67|47|59|59|49|38|34|
2011-03-17|22|1_CTs|CT10||15|16|8|13|10|0|0|0|1|0|0|0|0|0|1|1|0|2|1|4|1|3|4|5|6|6|25|6|4|10|7|9|37|23|17|8|14|18|6|10|7|5|5|8|5|4|5|4|6|5|4|5|13|5|4|3|5|4|3|7|6|8|6|8|3|10|3|6|12|5|10|9|4|9|6|9|4|7|4|6|3|3|3|1|3|5|2|3|0|1|8|27|21|13|1|0|
