2013-11-06|2|1_CTs|ct1||53|48|33|38|20|23|25|12|17|10|14|12|7|10|11|11|13|15|8|23|22|18|30|38|39|47|71|80|114|110|119|121|148|186|184|178|184|190|190|198|180|199|181|208|184|195|195|203|174|187|219|178|171|171|175|179|193|192|209|185|197|212|197|193|194|175|144|140|157|140|127|123|118|157|164|148|146|162|182|191|175|184|172|174|141|109|93|98|88|96|94|80|90|81|93|72|
2013-11-06|2|1_CTs|ct2||28|33|25|22|11|20|15|5|15|10|8|9|1|10|7|4|7|6|8|9|8|16|12|17|19|26|33|27|29|32|39|41|42|54|73|74|77|78|70|88|74|100|80|82|81|84|85|85|70|76|84|81|91|72|89|93|53|81|97|84|86|94|67|78|78|77|64|59|68|75|60|79|78|81|89|55|71|90|110|100|78|100|92|108|67|52|50|39|43|42|42|54|42|51|43|37|
2013-11-06|2|1_CTs|ct3||66|52|48|44|42|28|31|22|13|28|11|15|11|11|8|12|11|16|13|24|19|25|30|37|45|45|58|68|93|93|97|98|124|142|150|163|163|152|135|170|162|167|163|182|165|214|178|178|182|172|179|163|140|158|148|163|154|153|178|181|202|188|160|199|189|181|149|146|165|159|115|138|160|160|185|134|164|157|181|180|159|138|145|140|143|108|85|91|105|107|109|93|90|98|80|97|
2013-11-06|2|1_CTs|ct4||47|35|40|41|32|30|24|13|14|12|13|10|12|5|16|5|4|9|10|12|15|10|15|17|28|25|24|32|36|40|51|92|78|107|120|126|145|127|111|113|119|115|121|116|121|124|141|114|140|124|122|127|112|101|90|103|128|105|129|110|131|124|102|120|95|136|116|109|127|98|100|89|106|113|79|83|106|90|101|90|89|77|81|67|75|68|53|60|64|77|60|62|71|59|53|58|
2013-11-06|2|1_CTs|ct5||74|73|68|70|45|45|41|26|18|19|20|18|13|9|14|8|9|10|13|19|21|21|17|18|21|32|46|48|44|55|94|123|135|156|182|190|169|188|159|166|171|177|198|187|198|177|203|231|207|191|187|171|175|170|165|163|178|180|205|190|199|219|185|250|181|215|188|187|164|179|193|176|174|183|141|149|158|155|153|154|151|142|145|131|117|97|106|109|102|114|106|119|112|122|83|97|
2013-11-06|2|1_CTs|ct6||69|74|46|53|46|28|37|27|22|19|21|19|13|7|20|7|8|9|18|12|23|16|16|17|26|23|39|27|44|48|62|76|84|96|117|108|132|120|115|116|103|122|142|141|150|121|120|156|153|142|146|150|130|119|127|135|137|140|160|158|147|155|160|170|155|157|136|143|142|128|149|128|149|136|115|102|121|141|111|147|132|105|104|110|106|69|77|82|78|103|92|114|115|99|94|99|
2013-11-06|2|1_CTs|ct17||58|48|45|27|56|34|31|20|17|23|13|14|13|11|9|11|11|14|12|19|25|23|23|31|41|40|56|53|78|71|101|97|107|152|161|156|164|169|153|165|159|179|176|170|145|185|195|180|181|185|169|157|138|160|150|147|146|167|168|170|191|186|170|204|182|187|187|154|172|152|146|153|156|175|185|146|160|159|203|163|157|140|146|106|142|116|83|90|99|100|105|86|90|105|87|85|
2013-11-06|2|1_CTs|CT19||30|23|28|12|20|17|12|5|9|12|11|4|5|4|4|3|4|11|6|9|10|10|5|10|18|15|21|28|49|38|41|54|70|96|67|98|101|106|108|87|100|109|113|107|94|94|119|116|110|99|102|97|82|96|94|74|95|95|105|96|127|121|98|121|103|115|109|107|146|89|109|103|115|132|116|105|105|94|113|98|105|77|80|73|88|58|38|61|44|58|50|47|51|46|49|40|
2013-11-06|2|1_CTs|CT20||46|40|32|33|17|23|17|16|18|20|23|7|6|5|12|5|5|6|5|7|10|5|6|7|11|17|24|22|19|29|51|78|65|81|98|86|98|102|83|92|78|76|59|44|78|60|83|63|75|75|81|63|52|59|64|66|60|71|78|71|72|60|65|87|70|87|58|89|87|74|93|74|77|92|83|88|83|82|86|73|74|68|66|75|47|58|53|59|46|36|45|59|57|70|37|56|
2013-11-06|2|1_CTs|CT21||25|18|18|21|13|17|10|8|4|7|9|3|1|2|3|3|2|6|1|2|5|3|2|4|8|5|8|11|8|14|29|41|47|42|51|44|58|62|44|46|43|43|49|35|43|41|49|30|39|48|45|31|36|31|31|32|37|40|51|36|41|45|36|43|34|53|40|45|39|45|59|39|60|47|45|36|48|49|37|47|32|33|34|44|27|28|27|33|22|27|16|24|41|42|24|41|
