2011-04-05|22|1_CTs|CT1||10|19|10|8|8|4|8|3|5|4|7|2|4|5|4|2|1|7|5|4|5|9|11|25|18|16|32|45|56|86|133|177|234|265|249|229|232|232|234|215|173|172|116|72|73|96|82|65|82|69|81|77|94|88|81|64|83|78|86|93|78|72|96|74|84|94|90|92|85|95|98|110|117|120|150|148|161|95|66|64|64|54|61|42|38|30|37|42|45|26|33|23|18|26|14|30|
2011-04-05|22|1_CTs|CT2||26|24|17|16|7|13|12|2|6|1|6|4|4|4|3|3|2|5|7|6|11|8|9|26|20|24|27|61|66|104|151|218|260|279|322|306|293|297|271|258|232|233|170|135|127|128|120|126|125|117|147|111|120|129|122|128|127|148|154|139|122|120|121|120|137|150|147|134|147|173|175|168|164|186|204|193|220|186|129|92|99|103|79|63|65|59|65|52|59|54|54|29|43|41|49|32|
2011-04-05|22|1_CTs|CT3||47|42|36|37|8|18|18|10|15|10|9|8|9|7|5|6|6|3|6|12|19|12|20|33|33|46|55|90|122|177|274|365|426|427|478|465|470|405|427|418|407|383|278|279|228|225|204|213|232|189|226|200|203|220|213|212|209|252|231|206|229|221|237|227|244|255|260|279|276|318|328|313|288|332|362|363|363|330|249|230|219|190|148|131|137|117|128|99|109|108|93|74|82|78|79|67|
2011-04-05|22|1_CTs|CT4||25|29|26|13|12|17|11|8|6|6|9|4|8|7|3|4|3|3|9|4|13|6|13|27|35|32|34|69|81|119|138|163|183|189|185|212|218|208|170|204|158|127|180|170|159|158|177|169|169|167|156|167|170|171|125|148|171|158|170|178|191|153|175|162|204|180|202|178|201|227|218|214|200|231|237|220|246|210|225|242|171|168|149|121|100|74|87|76|68|75|79|61|48|48|51|45|
2011-04-05|22|1_CTs|CT5||29|26|21|23|12|17|8|12|12|8|11|7|8|10|4|5|5|4|6|7|9|14|14|28|27|32|36|53|80|111|140|200|241|259|254|309|249|281|259|250|200|218|212|182|195|175|194|192|180|204|197|173|193|176|159|141|167|193|172|198|210|186|185|175|214|213|253|234|247|279|293|299|276|289|317|302|282|283|257|240|195|204|164|138|119|86|86|68|72|65|69|63|47|51|38|51|
2011-04-05|22|1_CTs|CT6||20|29|18|9|8|11|12|4|4|7|10|9|3|3|5|3|2|1|3|3|4|7|11|19|22|15|23|31|29|49|62|90|102|99|116|128|109|136|120|86|90|96|103|110|116|109|112|109|114|126|125|100|107|118|105|96|109|122|115|102|115|119|121|113|124|117|132|122|134|150|174|188|139|165|181|157|162|189|147|172|137|122|116|82|77|57|60|53|49|57|53|46|38|39|38|22|
2011-04-05|22|1_CTs|CT7||3|7|6|2|3|2|1|0|0|1|2|1|0|2|0|2|0|1|4|1|1|2|0|6|1|6|3|11|14|13|23|33|37|41|45|28|37|47|49|45|35|30|29|28|21|22|29|19|28|21|46|34|24|26|19|25|30|25|40|36|20|20|31|16|26|27|27|28|24|33|35|36|35|41|42|25|19|26|16|16|20|20|13|15|13|10|9|13|13|10|10|5|9|7|8|7|
2011-04-05|22|1_CTs|CT8||2|5|5|8|1|2|1|3|0|3|3|1|1|1|0|2|1|1|3|0|0|0|3|2|3|4|2|5|3|13|25|31|36|51|52|52|36|53|65|37|28|27|25|26|27|33|19|28|36|40|39|36|33|38|28|27|27|45|25|39|31|32|37|44|34|26|37|36|31|47|50|47|42|59|41|56|45|70|46|34|44|27|17|31|19|23|17|15|16|17|5|11|7|8|9|8|
2011-04-05|22|1_CTs|CT9||38|27|20|16|16|7|4|8|15|11|6|13|6|10|3|7|5|4|4|9|23|17|16|29|40|49|79|106|153|190|308|394|431|318|328|355|309|306|347|278|351|319|295|261|199|183|184|168|196|169|189|192|190|164|173|169|156|205|213|206|181|205|190|176|171|214|214|205|189|210|244|210|216|239|222|187|175|175|127|188|118|128|107|116|96|94|68|79|73|65|55|52|51|51|42|46|
2011-04-05|22|1_CTs|CT10||1|1|0|1|2|0|0|2|4|0|0|1|0|0|1|1|0|2|2|2|3|3|3|6|3|10|6|6|3|4|10|12|35|61|73|41|29|47|41|24|21|22|15|17|10|6|7|7|2|8|8|10|11|5|9|23|5|6|5|10|6|4|6|6|10|9|10|7|10|10|5|10|6|5|4|11|7|2|3|5|3|4|2|3|7|0|1|1|11|3|5|19|24|23|1|2|
