2014-08-29|6|1_CTs|CT1||0|1|1|0|0|0|0|2|0|1|0|0|0|0|0|1|0|1|0|0|2|2|1|3|2|3|0|3|1|4|2|3|10|4|7|5|4|8|4|6|14|7|5|3|8|4|7|3|2|4|6|3|5|2|2|5|5|2|5|3|9|2|12|3|1|7|4|3|6|4|2|2|6|3|5|4|2|0|1|5|1|2|4|2|1|1|1|3|3|2|3|2|0|0|1|1|
2014-08-29|6|1_CTs|CT3||20|9|12|7|6|7|5|3|1|0|2|3|2|2|3|3|2|4|16|18|19|22|20|33|16|28|35|23|45|43|46|50|50|50|54|61|59|60|49|59|39|44|47|28|53|55|49|52|60|57|40|51|46|46|54|44|46|53|34|32|41|27|28|36|41|38|46|43|42|52|51|47|51|56|58|37|50|41|44|21|36|28|31|22|24|29|26|21|27|19|20|10|20|19|29|10|
2014-08-29|6|1_CTs|CT4||8|5|2|3|4|2|5|2|2|0|2|4|2|3|0|1|0|2|1|3|2|3|1|0|0|0|1|7|2|6|4|12|11|14|15|15|23|13|21|7|19|15|16|14|21|19|22|21|20|17|26|27|20|24|23|15|17|29|20|17|20|23|20|25|23|28|20|32|28|27|29|40|31|19|25|30|31|32|25|22|21|24|22|14|5|12|20|12|14|14|11|14|12|13|11|11|
2014-08-29|6|1_CTs|CT5||17|16|19|17|5|11|16|5|5|6|2|10|10|5|4|9|3|5|7|11|6|2|7|9|9|7|13|13|22|21|19|43|38|37|44|38|45|48|62|52|52|67|50|69|58|69|61|55|53|79|62|75|66|65|55|53|67|59|59|63|57|65|56|73|54|65|56|51|75|68|55|55|65|77|53|50|55|67|61|68|45|47|36|56|50|36|31|32|28|27|19|27|26|26|25|27|
2014-08-29|6|1_CTs|CT6||12|12|13|8|10|10|7|5|6|6|7|1|5|3|2|3|4|2|0|5|12|8|13|12|17|11|23|17|17|36|44|50|59|73|87|104|118|93|90|96|76|64|75|68|85|75|79|81|74|77|86|64|59|74|89|78|58|73|89|83|72|86|71|93|86|80|72|81|81|95|91|75|78|101|79|90|89|72|83|73|82|77|65|51|49|62|54|34|38|25|30|27|33|30|28|25|
2014-08-29|6|1_CTs|CT7||6|7|5|1|0|1|2|6|2|2|0|2|2|1|4|3|1|2|1|1|3|0|1|5|5|1|4|8|8|15|13|16|19|31|21|24|19|23|26|18|27|19|21|21|12|25|18|30|22|28|19|36|21|20|16|16|12|16|24|25|17|24|20|25|27|21|20|16|19|16|20|31|26|32|31|20|18|26|23|15|12|14|18|14|7|17|8|12|10|6|4|5|8|6|8|7|
2014-08-29|6|1_CTs|CT8||39|29|31|32|22|25|19|14|8|14|11|8|16|14|7|2|8|12|6|3|8|9|21|25|26|29|43|42|83|79|107|159|160|166|214|197|197|186|156|166|151|130|142|126|110|144|122|126|115|126|136|129|127|133|118|113|116|114|154|141|147|139|130|129|123|142|126|138|149|156|143|149|173|172|187|156|164|143|174|128|144|117|111|106|111|83|96|58|81|79|54|56|63|67|58|49|
2014-08-29|6|1_CTs|CT9||58|42|31|36|23|25|13|12|12|14|10|7|8|12|10|2|6|8|8|11|8|14|24|23|30|28|39|60|63|97|112|150|145|170|188|213|185|197|172|171|170|163|154|122|160|162|138|170|155|146|180|174|167|140|147|142|173|172|154|150|167|123|171|144|158|166|155|161|188|161|174|188|188|201|215|150|190|173|156|127|146|128|114|96|105|111|85|86|72|64|91|67|67|71|48|64|
2014-08-29|6|1_CTs|CT10||27|17|25|13|20|12|9|8|5|2|5|3|8|4|6|3|5|1|8|3|6|12|6|16|23|17|27|36|33|53|60|86|91|96|117|128|115|122|135|127|108|120|114|116|134|138|113|125|104|130|123|132|126|101|104|85|105|104|128|117|118|138|135|122|140|117|145|122|131|154|163|140|187|184|194|176|229|223|228|230|158|174|110|85|83|78|70|59|46|45|51|50|48|33|31|44|
2014-08-29|6|1_CTs|CT11||39|24|19|17|16|9|12|5|6|5|9|5|4|3|7|6|3|4|7|11|12|11|20|26|26|34|46|54|68|92|121|184|193|210|205|247|204|207|189|176|181|145|133|147|149|139|137|153|152|145|152|150|138|128|111|127|138|153|158|141|143|126|156|145|145|148|123|110|147|116|131|124|131|151|127|115|91|102|94|106|108|113|96|100|111|88|71|62|56|56|56|39|39|45|44|28|
2014-08-29|6|1_CTs|CT12||46|30|27|20|23|21|12|9|8|4|6|3|6|7|6|3|6|3|6|5|7|20|12|20|26|28|34|38|39|74|72|97|114|119|142|162|157|160|164|132|119|124|133|139|138|139|129|140|136|151|147|161|152|131|118|92|99|137|154|141|147|140|155|165|142|154|155|160|176|182|197|174|215|211|242|197|236|231|234|253|177|156|123|103|99|90|83|73|60|62|61|55|67|51|41|47|
2014-08-29|6|1_CTs|CT15||26|30|19|15|14|8|14|10|15|10|9|9|11|7|10|6|4|11|10|15|17|19|28|34|31|32|41|56|68|81|82|123|113|109|140|152|116|117|108|104|99|103|109|111|81|97|103|98|110|93|100|132|106|102|75|87|93|90|97|95|93|98|95|108|91|103|78|103|97|102|103|120|104|122|99|77|106|93|80|86|69|78|71|78|62|69|49|59|48|48|44|40|34|45|36|31|
2014-08-29|6|1_CTs|CT16||47|28|28|16|14|13|9|15|6|6|8|5|11|5|10|9|5|5|12|7|10|5|7|20|27|23|37|45|52|70|91|150|159|172|174|202|180|182|186|169|166|167|148|148|161|162|152|166|138|169|147|179|160|146|135|119|118|135|164|152|163|154|160|156|156|157|144|130|152|142|146|165|168|179|162|144|155|145|133|131|130|133|115|109|105|100|100|83|63|55|61|57|58|58|48|53|
2014-08-29|6|1_CTs|CT17||14|7|4|5|7|3|0|2|0|0|0|0|1|1|2|0|0|0|0|2|0|0|2|0|0|3|0|3|5|8|11|11|16|11|16|20|28|22|21|19|18|8|13|24|16|29|29|46|99|19|25|48|30|17|25|23|24|29|30|28|29|23|28|24|25|40|32|37|24|34|32|41|32|37|35|37|38|39|35|27|27|19|17|19|13|18|17|9|7|12|7|14|16|14|12|8|
2014-08-29|6|1_CTs|CT18||55|38|56|39|21|21|27|18|14|12|9|25|15|16|12|16|5|17|13|19|20|10|20|23|33|30|44|41|77|83|115|173|164|186|207|230|225|199|190|208|184|204|184|194|185|176|201|177|178|184|214|225|204|193|182|171|187|177|203|203|190|200|185|210|196|199|195|176|201|202|204|194|227|241|198|203|211|193|185|175|143|171|142|156|155|126|118|102|91|96|78|87|83|100|77|82|
2014-08-29|6|1_CTs|CT19||36|24|34|27|25|17|17|11|7|13|11|3|8|14|6|2|2|5|2|4|0|7|6|4|8|9|5|8|13|27|40|52|58|54|83|97|100|104|93|85|110|89|95|90|109|112|126|104|124|119|112|112|126|99|101|93|87|92|83|110|126|98|116|145|113|122|103|134|141|142|152|138|145|184|146|134|147|142|128|116|114|104|100|92|77|75|83|66|29|60|38|57|56|52|41|42|
2014-08-29|6|1_CTs|CT20||21|21|18|18|15|9|5|8|6|8|7|2|5|3|3|3|3|3|6|6|4|9|11|9|14|12|19|20|30|33|38|49|67|65|88|77|93|81|92|92|103|98|95|103|121|123|115|133|44|56|116|111|23|86|106|83|91|109|112|110|105|91|115|106|113|109|96|100|102|90|40|65|62|53|107|100|105|94|97|82|66|78|66|81|82|32|24|40|54|55|43|51|34|32|1|28|
2014-08-29|6|1_CTs|CT21||72|56|54|39|50|31|21|22|22|25|19|6|12|18|18|13|9|25|19|37|40|40|39|48|54|67|74|83|113|158|225|255|244|244|277|263|272|269|246|249|206|218|231|249|229|181|217|197|181|198|208|181|189|199|196|194|175|207|207|209|210|222|197|219|211|206|216|166|228|211|215|233|240|206|200|198|172|210|180|161|171|167|175|144|139|123|103|132|107|128|94|101|86|96|91|89|
2014-08-29|6|1_CTs|CT22||96|73|68|58|55|47|47|30|36|31|28|30|23|30|27|31|33|36|38|46|52|48|51|50|52|70|77|76|97|114|139|149|142|187|176|222|212|218|215|228|210|230|225|213|242|248|271|243|228|250|255|222|231|190|212|238|219|208|218|240|230|285|236|248|242|284|252|297|309|361|351|357|387|392|369|352|298|319|316|284|282|277|201|207|169|147|136|133|133|139|139|150|126|112|113|118|
2014-08-29|6|1_CTs|CT23||67|50|38|44|28|31|26|17|14|20|13|16|17|24|13|7|10|17|12|14|18|17|30|35|43|42|57|68|97|98|172|214|239|258|283|265|260|262|236|248|201|224|217|197|174|225|172|191|195|193|205|212|179|188|221|182|192|196|229|217|225|215|187|210|207|214|214|226|236|248|260|254|249|300|272|258|282|227|261|195|189|191|184|172|152|141|142|109|103|127|98|95|87|95|95|80|
2014-08-29|6|1_CTs|CT24||70|61|50|53|45|40|42|38|26|28|12|19|18|21|15|21|11|22|13|27|30|25|22|27|52|28|63|77|89|118|161|168|154|185|212|246|281|273|230|229|229|214|228|228|224|245|210|218|222|234|243|249|221|194|204|197|205|228|200|232|235|238|228|221|220|238|257|241|288|312|310|359|361|379|356|333|358|375|366|319|291|267|196|167|160|128|115|99|111|109|119|110|115|91|83|98|
