2014-06-18|3|1_CTs|ct1||48|41|23|27|17|16|14|6|6|9|8|5|10|6|5|2|2|6|7|3|4|9|8|12|10|13|30|40|59|75|106|157|159|198|228|218|187|233|207|215|189|177|209|175|166|167|154|159|158|175|183|183|169|153|143|173|157|184|163|183|172|190|177|210|200|213|217|206|181|212|219|227|216|212|61|149|168|201|207|207|198|217|209|144|145|140|112|91|103|108|81|81|68|66|75|63|
2014-06-18|3|1_CTs|ct3||78|66|28|29|38|27|22|13|24|14|16|9|15|16|18|7|9|15|20|21|13|15|27|42|26|34|57|69|85|105|122|189|181|214|249|266|231|256|262|243|260|239|237|252|227|228|223|232|203|235|213|241|220|204|224|217|211|258|216|237|255|234|245|244|247|247|231|223|200|209|221|195|211|206|58|120|161|196|194|207|208|215|238|200|187|165|153|126|131|114|102|96|91|121|103|91|
2014-06-18|3|1_CTs|ct5||130|92|78|64|88|73|54|35|33|30|27|26|24|27|15|19|17|24|19|11|12|11|12|14|21|23|26|40|39|70|113|142|183|240|231|243|230|228|212|180|178|171|193|206|209|205|242|214|209|201|215|241|254|245|203|184|203|238|235|197|202|232|258|269|269|268|260|299|275|322|300|303|283|218|76|177|211|298|318|293|271|293|265|182|182|165|172|151|172|150|161|167|204|173|168|124|
2014-06-18|3|1_CTs|ct6||9|4|9|2|8|3|2|3|5|1|0|1|0|4|2|1|0|2|1|1|4|3|4|4|1|6|4|21|13|21|35|45|44|62|62|59|49|48|54|37|54|52|57|72|62|60|60|49|46|50|45|52|51|54|46|59|47|60|61|67|70|69|63|63|59|53|50|59|68|61|69|78|55|67|20|49|55|58|71|51|40|43|39|33|35|23|21|23|15|19|23|29|31|19|16|18|
2014-06-18|3|1_CTs|ct7||100|94|54|51|25|29|33|19|21|22|18|13|15|25|21|21|15|14|15|22|17|24|36|48|50|52|37|36|54|53|86|103|126|132|132|142|136|149|144|157|167|159|178|175|175|177|205|187|184|167|171|186|180|173|137|151|169|173|184|176|184|196|191|202|179|211|183|187|211|179|168|162|170|139|51|333|123|79|77|138|153|155|158|149|132|138|134|120|152|138|163|172|172|141|154|145|
2014-06-18|3|1_CTs|ct8||40|60|105|118|112|90|79|62|59|51|49|30|41|46|33|26|31|23|27|32|26|47|45|62|52|56|38|19|36|25|51|51|67|81|69|77|86|84|80|96|101|101|125|110|124|113|133|116|113|107|121|121|115|93|87|98|97|110|126|105|112|119|119|139|124|148|122|115|118|99|117|90|111|107|34|302|136|102|136|135|120|119|90|97|83|85|80|72|100|88|99|110|103|71|93|80|
2014-06-18|3|1_CTs|ct9||83|172|169|98|97|131|60|49|53|48|58|53|58|42|36|52|21|43|16|19|21|41|27|29|29|35|48|55|57|83|111|123|194|238|237|259|273|282|227|262|240|227|215|196|182|176|190|193|204|195|182|206|193|156|161|169|187|169|168|188|168|187|191|163|209|185|214|205|191|186|234|227|232|251|82|181|175|220|233|215|183|197|145|164|110|363|116|95|129|108|92|134|120|97|103|122|
2014-06-18|3|1_CTs|ct10||77|79|63|50|54|54|45|21|27|35|32|24|19|16|18|13|12|25|19|17|24|14|21|19|15|19|24|36|32|44|78|91|112|138|146|147|144|150|137|118|127|114|102|136|98|98|95|94|110|137|93|90|78|62|74|121|130|121|99|99|113|98|116|94|76|75|69|81|115|144|132|79|107|110|19|74|71|70|141|136|130|130|109|101|94|89|107|87|80|100|91|101|100|100|74|95|
2014-06-18|3|1_CTs|ct13||188|190|182|126|154|126|116|79|58|102|76|72|53|96|46|58|57|76|52|60|77|134|64|76|88|78|103|114|94|123|165|220|206|248|218|224|242|265|230|205|198|239|238|267|237|327|259|286|541|274|243|208|243|262|275|270|234|267|229|342|1300|413|642|255|255|323|967|389|0|6|235|281|231|253|99|101|210|242|192|206|268|237|653|1293|360|572|272|827|754|670|1115|298|429|280|473|431|
2014-06-18|3|1_CTs|ct14||33|42|36|26|21|14|14|9|7|5|6|9|11|8|8|7|9|2|6|10|11|12|13|12|27|42|66|117|168|263|287|289|258|254|270|265|247|262|284|264|263|270|235|241|197|188|175|201|179|152|193|199|157|154|171|170|212|197|241|203|205|187|213|185|168|181|114|155|182|194|141|219|240|252|86|196|251|236|230|190|172|174|148|123|96|104|101|81|106|96|103|64|66|82|57|61|
2014-06-18|3|1_CTs|CT16||84|73|67|65|52|48|61|36|40|65|64|24|28|14|17|16|33|19|23|23|31|14|12|26|22|38|45|45|42|86|80|129|137|166|167|170|162|150|179|160|165|176|164|177|164|160|150|197|206|186|175|193|181|193|148|136|147|138|133|203|177|164|171|155|154|191|200|217|237|197|232|236|245|262|79|275|264|259|270|209|221|174|148|135|118|116|87|91|113|95|97|130|164|97|102|86|
2014-06-18|3|1_CTs|ct18||88|84|74|67|72|64|53|25|38|32|33|29|27|16|22|17|18|28|16|24|21|15|30|21|24|29|35|59|59|86|119|144|168|203|245|233|240|232|244|182|222|198|189|186|156|173|175|162|162|155|192|121|166|142|167|149|162|161|194|160|174|195|185|178|130|97|164|141|145|187|196|148|146|144|33|94|98|120|151|195|163|154|156|144|120|131|114|110|119|136|115|127|127|125|106|111|
2014-06-18|3|1_CTs|ct19||1|0|2|0|0|0|0|0|1|0|1|0|0|0|1|0|0|0|0|1|0|2|2|1|2|6|3|4|6|5|5|4|10|10|5|7|4|9|4|6|4|7|5|8|4|3|5|5|6|9|8|8|6|7|7|5|6|8|3|5|7|5|5|6|7|9|8|15|5|6|7|10|9|3|1|3|7|5|8|5|6|8|7|5|5|3|5|2|3|0|1|0|0|0|1|0|
2014-06-18|3|1_CTs|ct20||0|0|0|0|0|0|0|0|0|0|0|0|0|0|0|0|0|0|0|0|0|0|0|0|0|0|0|0|0|0|0|0|0|0|0|0|0|0|0|1|0|0|0|0|0|0|0|0|0|0|0|0|0|0|0|0|0|0|0|0|0|0|0|0|0|0|0|0|0|0|0|1|0|0|0|0|0|0|0|0|0|0|0|0|0|0|0|0|0|0|0|0|0|0|0|0|
2014-06-18|3|1_CTs|ct22||8|2|5|4|1|4|3|1|3|2|2|1|1|0|2|1|1|2|2|1|2|2|1|1|1|1|2|2|3|5|5|12|11|16|26|19|21|22|19|20|18|18|12|12|18|20|21|25|25|22|25|25|24|22|20|18|24|32|27|30|20|22|29|32|28|33|34|37|41|48|41|55|62|59|18|46|53|44|52|45|36|24|22|29|18|10|18|12|11|8|11|6|8|15|17|5|
2014-06-18|3|1_CTs|CT23||114|85|76|44|55|45|28|26|25|28|24|14|22|19|15|10|3|10|14|5|2|19|23|11|14|21|32|49|69|83|134|197|214|388|362|297|278|320|281|231|184|195|223|175|194|216|230|191|244|269|303|300|284|205|222|247|190|178|219|263|252|264|223|276|287|300|322|327|364|421|380|442|415|362|71|148|227|414|403|377|374|380|361|266|276|214|237|167|235|208|167|160|134|132|183|111|
2014-06-18|3|1_CTs|ct24||167|161|135|95|97|78|58|37|52|31|33|33|30|29|30|23|29|25|32|52|42|54|62|106|111|190|275|523|666|912|1036|828|845|807|736|813|833|755|858|886|912|944|912|867|775|778|749|881|802|684|800|793|759|747|744|752|778|895|895|845|791|829|755|772|698|730|555|597|770|935|904|954|899|907|293|756|965|876|869|752|698|679|601|546|449|434|408|380|383|383|378|312|328|293|266|227|
