2011-03-31|6|1_CTs|CT1||0|1|0|0|1|0|0|2|1|0|2|2|0|0|3|1|0|2|2|3|2|3|3|5|7|4|21|10|7|6|8|11|41|38|10|17|11|7|8|16|5|5|6|12|5|8|5|7|1|3|5|4|16|14|3|8|5|9|4|7|3|5|7|9|7|11|10|10|7|14|13|4|9|8|8|9|4|4|0|6|2|3|8|4|5|2|3|3|3|1|6|32|23|1|1|2|
2011-03-31|6|1_CTs|CT3||12|9|14|14|13|11|8|3|4|7|1|1|2|1|1|1|3|4|6|8|9|17|18|28|38|31|42|38|45|54|66|93|101|103|133|132|156|127|122|83|83|76|51|69|45|63|62|56|73|72|53|57|58|52|55|65|72|55|76|55|51|67|68|59|75|62|57|67|70|60|75|107|87|89|78|85|68|70|59|49|40|48|27|29|44|48|44|26|28|28|27|33|20|25|31|19|
2011-03-31|6|1_CTs|CT4||14|8|6|5|4|3|1|2|1|1|1|2|1|2|4|3|1|1|0|2|1|2|1|2|0|2|1|5|3|11|16|26|71|47|27|47|44|34|32|23|26|34|11|22|24|28|28|24|18|27|17|14|36|41|33|21|22|22|29|34|26|34|37|47|37|32|44|37|43|39|55|53|59|55|53|61|50|27|49|46|47|34|27|31|13|15|11|16|17|12|12|28|12|20|10|9|
2011-03-31|6|1_CTs|CT5||21|17|15|16|17|14|16|10|17|10|5|6|7|6|8|5|8|6|9|4|7|4|10|7|6|13|18|13|15|22|22|38|53|69|97|143|149|152|107|72|73|78|79|94|101|79|67|82|78|63|69|80|59|62|73|47|69|75|57|73|82|68|65|88|76|80|77|88|69|78|61|85|77|83|89|101|63|53|54|41|26|46|50|52|49|51|28|33|38|30|23|29|32|42|25|26|
2011-03-31|6|1_CTs|CT6||25|21|16|14|14|12|10|7|7|8|5|5|5|5|3|3|3|8|7|8|9|11|6|11|15|15|22|22|35|54|81|96|172|183|164|175|170|143|154|155|129|107|108|116|116|103|109|110|113|125|113|100|105|104|120|106|106|140|128|131|118|110|126|114|119|129|116|115|156|140|133|131|138|149|118|118|133|126|120|99|116|118|97|128|92|87|85|66|77|76|67|65|49|62|38|40|
2011-03-31|6|1_CTs|CT7||3|2|7|9|4|3|3|1|1|1|1|1|1|0|2|2|0|4|1|2|0|2|2|4|4|5|3|10|11|6|19|22|44|35|44|39|43|36|39|37|25|25|21|11|28|21|24|18|30|23|27|27|29|33|28|23|26|17|24|20|23|25|25|29|20|30|23|31|26|37|26|40|23|39|22|22|26|23|18|21|23|28|21|20|16|13|21|12|13|10|8|9|12|10|9|6|
2011-03-31|6|1_CTs|CT8||0|0|0|0|0|0|0|0|0|0|0|0|0|0|0|0|0|0|0|0|0|0|0|0|0|0|0|0|0|0|0|0|0|0|0|0|0|0|0|0|0|0|0|0|0|0|0|0|0|0|0|0|0|0|0|0|0|0|32|3|0|51|144|157|157|169|164|167|177|185|198|193|213|214|188|187|173|181|187|165|153|159|127|133|128|88|96|107|91|97|88|96|84|68|55|62|
2011-03-31|6|1_CTs|CT9||62|44|39|34|32|18|20|8|15|14|11|7|5|7|5|9|11|5|5|16|13|15|30|35|22|49|62|62|104|145|264|386|421|409|423|461|423|386|419|348|295|211|197|210|196|186|191|202|221|204|209|208|197|203|196|219|257|321|342|258|238|236|238|235|245|237|275|269|294|320|357|376|376|405|370|369|304|277|237|220|224|206|202|149|156|142|110|129|138|118|120|108|115|87|89|78|
2011-03-31|6|1_CTs|CT10||51|35|30|22|26|19|12|10|12|10|7|6|7|8|5|3|9|8|6|7|6|11|14|27|30|37|43|49|61|74|109|143|156|200|195|244|236|216|179|175|164|177|171|144|165|147|154|163|245|216|260|263|274|312|263|219|171|182|173|176|141|180|167|178|185|195|214|220|207|207|227|220|240|239|241|265|223|202|187|209|193|175|152|150|131|127|113|90|90|71|80|59|52|59|57|51|
2011-03-31|6|1_CTs|CT11||45|29|17|21|17|11|11|14|15|9|8|9|7|8|4|6|5|9|10|11|16|13|23|35|24|55|23|84|119|163|283|325|346|339|352|325|287|295|322|321|285|243|179|203|183|182|183|165|170|154|147|143|131|148|123|197|231|250|224|201|189|199|193|213|204|208|212|216|211|253|249|229|216|217|200|197|160|161|144|152|145|150|145|133|102|94|95|83|78|63|73|60|62|55|34|51|
2011-03-31|6|1_CTs|CT12||34|33|30|19|24|16|9|12|13|14|8|16|6|8|1|8|7|5|4|10|9|12|19|25|27|37|35|68|59|100|139|172|223|273|238|302|287|262|225|224|205|188|152|165|192|162|190|164|222|195|228|289|282|278|249|218|184|198|196|163|149|176|197|240|246|235|249|258|257|273|282|315|268|296|291|324|267|244|233|228|216|210|172|162|127|129|100|91|92|74|89|66|58|68|54|53|
2011-03-31|6|1_CTs|CT13||22|18|20|20|13|8|11|3|8|7|6|3|5|4|3|7|5|2|4|9|6|5|16|19|16|27|32|41|70|74|148|268|278|251|267|292|285|280|256|206|159|106|112|107|113|113|113|116|114|89|107|111|115|125|108|122|110|158|211|105|132|128|128|120|119|98|149|121|142|150|147|212|146|124|100|56|51|42|41|32|35|27|34|25|27|24|20|22|29|29|26|27|21|13|18|17|
2011-03-31|6|1_CTs|CT14||25|22|25|18|17|8|8|6|11|7|8|8|3|6|3|4|4|6|3|7|5|10|15|14|20|17|21|37|32|43|51|76|95|100|104|110|135|123|93|110|100|83|112|104|99|125|113|89|165|147|198|212|221|227|217|177|123|122|145|109|100|113|135|113|131|157|145|151|167|169|180|186|144|173|178|191|157|174|148|164|139|124|113|98|93|77|64|66|71|70|75|63|43|58|53|40|
2011-03-31|6|1_CTs|CT15||15|14|14|18|10|10|8|1|9|2|4|2|3|3|5|5|3|2|2|8|5|7|17|15|22|17|21|37|58|72|128|190|262|238|229|254|220|226|199|150|120|103|95|81|74|88|85|89|67|64|87|79|81|73|66|69|79|138|123|84|95|78|87|84|93|93|89|75|97|104|138|179|165|162|170|155|102|98|80|64|66|62|60|47|50|40|46|34|36|32|20|15|25|26|14|25|
2011-03-31|6|1_CTs|CT16||50|31|31|34|23|20|20|14|14|7|7|5|7|10|8|4|7|13|9|9|7|15|17|28|27|39|53|66|91|94|166|207|270|304|277|247|284|230|218|260|241|211|203|194|206|180|178|167|194|169|177|171|178|194|178|185|203|186|203|198|192|204|209|224|200|190|217|208|214|234|227|254|213|219|216|219|224|189|166|171|175|173|149|148|149|126|132|103|95|74|71|72|77|66|52|45|
2011-03-31|6|1_CTs|CT17||3|5|6|8|3|1|2|0|2|0|2|3|0|2|0|2|1|0|1|4|0|1|4|1|1|5|1|4|3|9|13|32|31|45|38|45|39|39|36|40|24|29|24|20|28|27|32|27|41|44|26|38|22|38|27|24|38|40|28|36|37|35|42|43|30|29|45|32|49|35|45|48|58|50|41|48|46|47|37|47|31|30|29|40|24|19|11|20|23|10|14|11|16|17|11|11|
2011-03-31|6|1_CTs|CT18||74|66|55|55|48|39|27|25|28|15|10|18|14|11|12|15|14|15|18|19|15|12|29|23|30|44|64|67|78|121|193|229|285|335|242|135|169|195|258|299|288|292|246|276|262|242|237|240|260|216|237|245|219|240|251|200|243|269|263|267|239|238|274|259|271|274|270|306|267|318|310|337|339|335|269|227|281|261|256|227|224|205|191|202|159|168|172|133|146|123|98|115|97|116|89|74|
2011-03-31|6|1_CTs|CT19||38|41|25|35|32|17|22|16|13|12|14|11|3|9|10|9|6|11|7|6|8|8|11|14|6|13|13|22|25|40|65|91|185|178|173|186|187|173|186|141|140|118|124|130|152|131|148|143|147|141|155|175|166|147|141|128|153|147|147|140|164|138|150|180|155|163|157|175|205|191|240|209|240|252|238|217|215|229|208|177|171|140|134|127|122|101|91|60|66|69|72|75|70|78|52|56|
2011-03-31|6|1_CTs|CT20||21|26|16|21|16|10|9|6|3|4|4|5|2|7|3|2|1|3|3|11|4|7|8|10|25|18|21|32|43|44|64|82|147|150|171|176|66|95|144|106|110|132|139|116|140|110|135|110|115|63|8|97|105|118|73|117|108|69|80|159|39|80|87|146|116|70|52|85|152|95|11|47|130|54|169|145|144|113|106|61|96|16|62|28|82|89|31|45|67|59|65|60|45|45|35|37|
2011-03-31|6|1_CTs|CT21||88|81|65|57|35|29|28|16|21|12|9|10|6|6|15|21|11|16|15|14|23|25|36|51|49|65|88|98|147|220|253|314|332|311|388|369|402|380|365|311|307|263|240|280|239|242|267|223|206|223|207|220|203|217|211|203|242|278|296|280|261|291|295|237|239|254|273|247|261|265|310|354|292|330|310|286|245|256|198|189|214|213|164|186|172|178|148|139|132|123|118|133|108|91|101|89|
2011-03-31|6|1_CTs|CT22||92|85|85|68|66|59|36|37|25|34|20|19|15|25|26|22|15|25|23|25|32|31|55|65|62|75|84|96|124|131|172|214|226|226|279|304|321|294|250|273|245|251|254|281|257|249|268|280|288|284|291|273|266|296|260|271|285|297|320|291|298|316|293|328|285|350|335|351|385|378|390|352|389|372|387|376|361|367|333|297|300|290|273|219|217|187|189|187|192|180|164|170|148|173|161|124|
2011-03-31|6|1_CTs|CT23||88|81|57|58|45|35|36|17|19|21|16|11|19|16|6|8|18|15|19|15|10|15|25|38|55|57|70|95|117|206|274|355|378|414|419|392|359|361|373|333|297|264|275|228|222|230|252|233|247|269|288|247|266|253|221|244|266|316|295|295|269|283|282|257|264|270|284|270|336|310|370|347|357|360|356|303|314|304|299|271|260|249|200|193|208|193|159|154|152|142|131|154|131|91|95|92|
2011-03-31|6|1_CTs|CT24||95|73|42|45|46|30|24|36|19|22|10|17|11|20|16|7|19|14|16|16|19|20|23|36|37|48|68|84|82|153|184|218|263|297|308|325|346|316|298|331|283|258|243|254|270|239|263|250|271|293|338|338|335|319|254|275|308|338|255|289|274|321|309|319|321|308|340|353|362|379|378|372|370|420|380|386|374|377|366|328|357|330|257|231|202|189|181|141|156|136|117|129|133|128|122|107|
