2012-09-19|3|1_CTs|ct1||55|50|29|18|26|9|15|7|10|7|8|8|7|4|6|4|6|6|7|8|10|6|7|17|11|23|32|42|45|55|114|149|164|160|181|162|131|145|128|147|132|119|118|138|120|134|121|129|134|142|151|153|138|140|137|139|140|173|167|158|166|132|174|145|189|186|147|135|130|185|248|267|227|141|188|199|141|165|165|149|168|140|128|124|101|90|89|87|84|106|83|94|81|70|84|57|
2012-09-19|3|1_CTs|ct3||114|100|72|68|69|46|85|26|37|25|37|49|36|43|71|13|15|51|32|37|29|39|60|43|38|68|76|94|96|100|172|209|244|245|257|240|225|220|221|257|217|222|225|225|211|230|256|257|234|249|252|300|320|346|317|330|294|333|330|267|249|274|323|262|255|264|254|270|241|230|194|219|184|172|207|242|189|237|267|243|246|272|251|250|222|219|206|258|181|196|248|186|196|617|948|229|
2012-09-19|3|1_CTs|ct5||88|86|99|47|57|50|30|36|32|36|30|36|14|21|26|24|22|18|33|22|40|34|35|49|52|67|84|119|147|165|207|222|202|240|292|243|274|251|212|269|240|194|236|211|214|238|252|231|190|200|223|215|232|222|204|213|223|222|243|246|211|255|222|184|213|230|206|163|202|214|201|209|251|252|242|280|235|226|239|196|233|186|179|183|200|139|171|157|155|162|163|155|160|126|143|137|
2012-09-19|3|1_CTs|ct6||96|66|51|60|52|50|30|38|29|29|22|13|23|23|11|17|16|16|15|11|12|9|11|16|27|15|22|25|34|59|71|110|120|145|161|165|139|148|131|135|117|95|134|105|130|126|127|141|149|160|162|178|167|153|140|123|135|128|146|161|157|183|181|146|170|168|158|181|204|216|222|226|216|212|202|196|210|183|177|202|183|203|156|122|126|108|123|121|132|122|134|137|105|94|102|104|
2012-09-19|3|1_CTs|ct9||100|87|82|71|71|51|46|32|43|43|25|30|20|36|24|24|35|33|21|23|17|18|18|23|35|25|34|32|55|79|107|175|191|206|242|250|218|231|188|191|164|161|138|184|173|184|152|171|152|168|184|154|159|153|140|142|175|167|161|179|161|202|186|158|183|195|166|196|203|190|190|204|196|207|210|183|165|188|171|173|176|147|131|113|107|118|85|99|115|91|80|97|95|91|93|105|
2012-09-19|3|1_CTs|ct10||85|93|84|50|45|48|35|37|55|37|28|27|19|29|16|26|22|19|19|20|19|23|23|16|17|20|27|31|27|45|63|95|128|140|135|152|127|164|132|123|119|108|103|108|125|127|123|142|108|124|124|150|131|122|103|135|128|123|130|138|112|133|133|149|118|125|127|130|128|128|117|145|138|134|147|142|108|134|125|125|146|138|127|121|91|86|91|92|104|81|74|98|101|77|87|90|
2012-09-19|3|1_CTs|CT11||17|22|17|22|19|13|10|10|11|15|9|11|14|10|10|14|7|13|16|9|15|9|13|18|12|20|19|18|25|22|36|42|27|38|53|43|40|50|46|41|48|46|47|49|57|44|56|52|48|45|48|44|41|46|42|35|57|45|52|50|50|50|47|43|61|45|54|48|47|45|69|48|47|39|44|39|53|47|46|40|57|53|51|33|35|34|34|30|38|37|41|47|28|33|34|32|
2012-09-19|3|1_CTs|ct14||0|0|0|0|0|0|0|0|0|0|0|0|0|0|0|0|0|0|0|0|0|0|0|1|1|0|0|0|0|0|0|0|1|0|0|0|1|0|0|0|0|0|0|0|0|0|0|0|0|0|0|0|0|0|0|0|0|0|0|0|0|0|0|0|0|0|0|0|0|0|0|0|0|0|0|0|0|0|0|0|0|0|0|0|0|0|0|0|0|0|1|0|0|0|0|0|
2012-09-19|3|1_CTs|ct15||0|1|0|0|0|0|0|0|1|0|0|0|2|0|0|0|0|0|0|1|0|0|0|1|1|0|1|0|0|0|1|1|2|1|1|0|1|1|0|1|2|1|0|0|0|1|0|0|0|1|0|2|0|0|0|1|0|1|0|2|1|0|0|1|1|1|1|0|0|2|0|3|0|0|1|0|2|0|0|1|0|1|0|0|0|0|1|1|2|1|1|1|0|0|0|1|
2012-09-19|3|1_CTs|CT16||80|69|74|64|54|38|45|31|19|28|41|30|31|18|15|24|32|6|15|8|7|6|12|21|25|14|26|37|35|63|74|110|119|131|160|140|167|167|187|132|167|127|120|170|146|162|161|109|114|136|143|136|141|143|131|133|133|125|190|137|155|157|179|156|184|139|181|186|217|231|221|191|186|182|184|206|153|192|222|229|203|189|153|110|99|116|104|85|110|149|73|86|81|89|76|106|
2012-09-19|3|1_CTs|ct17||80|59|56|55|54|36|30|28|21|29|23|23|17|15|16|14|11|16|13|16|20|23|28|20|18|23|42|48|64|66|130|221|286|310|327|233|249|329|274|257|243|236|202|237|192|209|205|194|185|184|221|241|185|200|191|196|224|202|231|197|209|220|199|198|197|233|216|230|251|260|218|249|205|204|255|223|193|229|200|204|199|197|160|158|118|117|112|124|112|112|99|129|95|97|96|93|
2012-09-19|3|1_CTs|ct18||114|105|99|75|72|62|47|46|58|46|44|40|26|30|23|35|30|27|22|26|22|27|32|33|26|28|42|48|59|77|104|182|185|237|235|213|251|246|202|205|178|174|147|178|187|182|156|176|165|156|183|191|171|185|139|184|186|179|217|187|173|176|188|191|158|165|188|157|185|154|174|171|159|175|193|150|147|185|164|180|178|198|161|167|118|138|117|126|150|127|111|146|141|128|103|129|
2012-09-19|3|1_CTs|ct19||0|1|1|0|1|0|1|0|0|0|0|0|1|0|0|0|0|0|0|0|1|0|5|1|4|8|9|4|9|7|4|3|12|7|7|8|8|6|7|11|9|7|7|6|7|6|9|11|7|7|3|10|9|2|7|6|6|5|8|12|6|5|5|10|6|5|8|8|12|12|10|3|7|10|13|12|7|9|6|10|6|6|13|8|8|4|5|3|0|3|0|1|1|0|2|1|
2012-09-19|3|1_CTs|ct22||8|8|5|3|0|3|4|1|1|2|2|1|1|1|0|0|1|1|2|2|5|0|3|8|2|1|2|1|6|8|7|13|26|29|24|20|25|28|21|25|26|24|30|25|20|21|26|19|20|33|26|36|30|22|22|18|19|24|20|28|25|21|35|24|34|37|47|39|52|49|47|47|57|64|50|44|42|43|36|31|27|26|15|17|23|10|11|7|7|2|8|4|8|5|7|6|
2012-09-19|3|1_CTs|CT23||99|87|63|38|28|28|26|20|25|20|15|11|14|18|19|8|5|10|12|6|12|17|7|16|19|12|41|24|76|50|140|209|240|231|286|232|208|181|173|163|169|157|163|156|191|180|199|174|165|200|202|235|297|233|207|237|207|223|251|187|247|229|226|230|234|286|264|278|315|373|337|360|381|427|431|397|365|409|350|345|325|269|236|240|189|154|157|165|192|164|127|160|161|106|94|89|
