2012-07-26|6|1_CTs|CT1||0|0|2|2|1|0|0|1|1|0|0|1|0|1|2|1|0|2|0|1|3|1|2|5|8|8|8|2|2|3|3|4|6|3|8|5|3|7|4|9|9|2|7|5|5|4|1|2|3|0|4|3|3|8|4|2|2|6|4|8|4|3|3|2|4|7|4|2|4|5|2|3|2|1|3|2|2|4|3|4|4|0|2|2|0|1|0|1|0|0|2|10|17|5|2|2|
2012-07-26|6|1_CTs|CT4||7|8|6|9|2|2|6|1|3|4|1|2|1|2|1|4|0|0|1|2|0|1|0|1|2|3|0|2|8|6|9|14|10|21|20|20|13|15|17|21|27|13|23|15|19|16|26|18|29|23|25|20|27|17|20|19|27|18|13|11|28|23|22|34|26|34|37|36|29|18|43|35|28|31|47|41|40|39|25|28|36|21|31|18|24|20|15|17|15|21|12|11|15|8|11|12|
2012-07-26|6|1_CTs|CT5||25|28|14|15|13|7|10|12|8|9|5|1|3|4|6|4|3|1|7|4|10|11|6|13|9|18|12|19|20|27|28|38|52|76|54|66|60|54|72|64|64|71|79|90|83|77|63|50|65|60|75|74|67|67|64|62|61|61|83|67|73|72|68|62|57|70|72|55|57|59|72|65|66|80|66|53|47|45|51|56|52|49|36|30|39|32|26|25|31|34|38|26|26|41|27|24|
2012-07-26|6|1_CTs|CT6||29|21|22|16|22|7|8|10|0|4|4|6|3|3|6|4|3|9|2|3|6|13|8|17|17|14|13|18|33|40|56|73|77|115|121|155|146|132|120|107|92|108|84|110|101|82|106|89|88|94|104|95|77|82|86|84|88|101|115|99|102|98|89|95|87|116|96|106|112|107|107|109|113|111|105|102|100|106|85|86|92|94|70|72|70|64|55|51|45|44|57|49|65|47|46|33|
2012-07-26|6|1_CTs|CT7||2|5|8|2|2|2|2|2|0|2|2|1|2|2|1|0|1|2|0|0|3|2|4|3|3|6|6|9|7|9|14|16|15|19|36|23|28|30|35|27|30|23|20|23|30|21|23|17|19|14|28|20|23|19|19|16|24|19|22|15|17|17|15|18|18|26|25|22|17|25|15|27|25|24|29|23|20|19|22|18|19|20|6|14|10|10|9|12|9|7|7|12|5|8|6|5|
2012-07-26|6|1_CTs|CT8||56|48|40|27|25|24|14|22|15|16|16|17|19|9|11|11|12|8|10|6|11|15|24|21|27|29|26|51|77|94|125|165|168|212|223|222|189|200|205|138|116|119|130|136|116|165|109|126|145|127|147|134|131|134|124|118|123|164|153|137|166|124|123|131|137|128|136|127|141|167|153|170|169|182|175|176|131|160|135|144|122|100|118|111|98|91|90|104|83|68|58|71|72|67|85|55|
2012-07-26|6|1_CTs|CT9||64|56|52|44|34|22|16|13|11|9|13|14|8|5|10|11|6|6|9|14|14|24|29|35|32|37|51|66|82|111|133|157|181|223|243|281|269|262|245|235|235|195|192|158|175|176|181|191|185|184|174|191|151|144|166|172|175|164|178|185|181|208|189|194|185|193|227|193|191|219|210|209|220|249|231|177|185|177|183|175|160|144|128|136|117|95|100|92|104|78|84|116|99|107|125|69|
2012-07-26|6|1_CTs|CT10||39|28|38|25|20|14|6|16|7|9|10|4|2|7|7|4|5|7|9|4|7|9|12|22|27|28|29|49|49|52|72|106|119|131|137|179|176|187|170|156|163|145|140|129|138|126|139|130|142|133|134|130|132|140|115|109|113|135|131|153|140|159|137|118|150|158|133|154|166|175|209|165|198|203|181|178|158|137|158|135|145|109|115|95|92|67|98|72|66|47|45|54|41|42|45|43|
2012-07-26|6|1_CTs|CT11||37|30|28|18|20|12|11|6|11|7|10|8|9|7|9|13|7|8|7|8|15|15|26|33|34|40|52|76|92|119|172|195|215|244|263|318|268|265|246|242|232|195|214|207|177|158|154|156|154|168|181|162|140|150|157|158|145|166|180|186|161|190|159|157|159|160|159|170|163|179|165|154|164|163|152|146|145|123|140|126|112|127|119|97|107|77|74|71|64|53|48|51|60|47|61|42|
2012-07-26|6|1_CTs|CT12||35|32|42|21|24|12|11|15|12|5|9|6|10|10|7|10|6|8|5|8|10|15|10|21|33|30|37|49|70|63|85|121|135|175|194|197|205|209|192|166|186|169|159|162|154|154|159|152|140|155|170|152|168|146|120|129|133|154|151|176|166|181|147|163|178|174|173|175|187|207|231|226|220|210|205|195|181|173|171|164|169|135|131|114|103|99|98|80|80|58|59|57|48|44|54|51|
2012-07-26|6|1_CTs|CT13||38|36|45|23|25|13|12|10|4|5|11|9|10|4|5|4|5|3|4|11|11|21|21|29|27|29|45|46|70|72|88|120|124|144|172|182|185|174|189|150|170|137|123|139|133|162|131|144|139|146|139|148|116|97|124|122|131|122|137|125|134|131|137|132|130|135|158|157|132|163|163|169|165|159|169|139|136|150|132|112|114|98|83|90|77|73|75|73|67|56|63|77|64|86|89|52|
2012-07-26|6|1_CTs|CT14||31|23|26|21|19|13|7|7|9|5|10|0|5|2|5|2|3|3|8|2|9|10|11|13|15|19|25|35|37|27|37|59|58|64|75|83|101|98|77|85|94|86|104|90|90|100|94|106|83|92|102|75|86|87|77|73|75|100|90|89|96|97|93|97|85|122|119|113|119|129|157|107|133|111|124|142|105|120|116|99|111|78|77|66|59|61|54|50|54|45|42|48|36|30|52|28|
2012-07-26|6|1_CTs|CT15||19|22|17|13|6|5|10|4|5|5|6|4|3|7|5|4|1|5|4|7|8|17|19|23|24|24|24|29|32|49|79|76|89|92|135|142|105|103|114|112|84|69|83|76|73|91|61|48|65|77|68|86|65|61|66|51|62|66|60|59|45|60|42|59|69|75|76|71|70|73|74|72|67|86|78|64|66|59|63|55|65|42|36|43|43|31|36|27|37|33|32|30|36|41|39|22|
2012-07-26|6|1_CTs|CT16||30|38|33|24|26|12|8|17|11|9|11|8|6|6|7|7|7|9|8|2|10|7|20|20|28|34|39|58|60|77|108|143|167|148|210|228|232|220|229|216|208|188|173|203|184|163|176|155|175|157|169|161|151|149|147|149|148|151|162|166|159|175|160|142|156|158|169|169|155|185|183|176|164|205|189|188|174|137|152|137|136|132|120|101|103|77|86|88|68|57|52|71|46|57|64|49|
2012-07-26|6|1_CTs|CT17||5|3|7|7|3|0|2|5|6|1|1|1|1|2|2|1|0|2|1|0|0|2|1|0|7|2|7|8|11|10|17|29|24|46|34|44|44|37|76|60|74|65|64|68|83|53|85|94|75|70|80|70|70|51|43|32|45|39|38|19|26|38|44|37|52|52|55|67|44|71|77|91|96|74|76|54|45|40|43|35|27|18|29|25|17|24|15|18|10|9|15|10|6|5|23|21|
2012-07-26|6|1_CTs|CT18||52|60|58|35|37|24|25|28|23|21|17|13|11|8|14|12|13|6|16|7|15|18|23|28|32|47|52|64|61|109|137|156|200|233|224|267|296|278|294|256|221|256|258|257|237|194|208|176|223|196|226|248|214|195|185|195|188|194|245|242|265|251|217|209|230|231|233|243|237|238|221|257|241|285|276|240|222|212|220|189|186|176|144|126|143|124|134|116|118|111|99|75|85|106|97|75|
2012-07-26|6|1_CTs|CT19||37|36|26|34|30|22|12|19|15|8|6|11|11|8|10|7|6|4|9|1|6|5|8|6|10|10|14|22|28|29|45|55|62|95|94|144|139|133|109|141|142|104|136|132|128|129|110|116|142|122|142|111|135|119|98|101|107|114|141|166|123|143|128|140|139|136|131|159|150|153|149|175|171|146|175|182|166|166|151|151|141|116|109|103|83|74|60|86|71|57|56|43|48|45|55|51|
2012-07-26|6|1_CTs|CT20||22|25|23|15|16|13|7|11|9|5|5|4|7|5|4|3|0|4|2|5|8|12|8|16|17|19|26|36|23|47|42|64|86|85|103|109|118|107|109|63|48|5|113|104|9|117|126|95|111|6|94|52|77|114|99|32|41|99|126|119|107|81|5|92|91|124|63|50|89|103|75|33|115|74|61|90|107|21|71|59|5|7|23|73|69|8|26|53|77|48|20|40|49|36|35|22|
2012-07-26|6|1_CTs|CT23||78|78|75|51|40|37|20|24|25|25|11|26|23|17|12|15|14|11|11|12|13|26|33|36|50|48|50|67|98|147|187|256|278|307|327|353|352|282|318|247|252|225|239|235|197|242|211|229|213|206|244|219|213|213|205|217|186|243|264|261|248|232|217|211|231|262|234|257|258|249|276|285|298|327|327|261|251|259|235|244|216|176|189|171|161|141|134|145|134|124|110|122|113|92|119|101|
2012-07-26|6|1_CTs|CT24||80|80|60|58|44|41|29|21|26|33|16|13|12|18|11|15|7|22|15|18|19|25|24|35|47|48|57|82|106|122|160|188|187|234|264|332|312|304|298|283|278|277|258|228|244|263|257|241|281|264|288|281|257|242|217|237|236|224|269|284|258|245|255|254|269|295|297|326|306|368|344|338|380|397|377|353|377|360|334|301|309|242|213|209|177|155|140|141|121|127|139|120|126|123|108|95|
