2011-06-19|3|1_CTs|ct1||90|84|74|86|68|60|54|40|49|30|34|30|32|18|19|16|8|16|15|10|10|13|10|12|11|14|23|23|15|27|27|27|33|37|34|37|47|50|59|60|57|52|76|81|77|69|66|79|97|98|96|93|86|92|97|81|90|84|82|103|101|95|82|115|93|113|102|111|92|92|97|91|111|96|101|103|101|109|94|84|101|108|101|90|86|94|87|77|72|84|74|67|66|73|62|54|
2011-06-19|3|1_CTs|ct3||243|248|205|208|167|147|138|113|111|85|87|76|88|51|58|59|28|42|31|32|33|46|40|49|28|57|42|69|55|64|69|61|74|72|93|118|104|111|106|163|112|131|200|177|172|192|150|183|159|184|187|218|183|189|189|181|188|188|196|235|247|219|199|290|199|246|243|236|236|233|241|236|239|243|227|221|237|249|250|205|213|274|252|228|186|219|197|215|194|186|205|178|153|177|156|146|
2011-06-19|3|1_CTs|ct5||324|321|235|263|250|225|200|131|153|202|172|186|121|167|158|166|128|107|133|101|65|71|65|61|73|122|76|86|66|80|80|116|66|94|73|116|97|77|68|132|117|121|144|153|136|152|162|192|186|203|158|180|168|182|173|181|151|258|264|235|166|174|172|218|175|173|210|224|185|211|214|218|183|199|241|233|229|352|224|244|271|249|243|195|175|189|126|204|173|165|166|225|179|203|163|125|
2011-06-19|3|1_CTs|ct6||63|75|50|62|74|62|53|60|53|49|49|54|51|41|54|53|30|34|27|31|34|28|21|17|16|24|20|22|38|26|44|36|51|58|72|38|66|62|70|79|74|69|77|91|82|86|88|78|89|117|85|125|104|102|88|78|97|84|84|91|97|112|102|100|109|93|118|107|84|93|102|85|91|72|82|83|61|77|86|100|94|95|104|74|61|85|81|72|82|79|102|76|67|115|85|64|
2011-06-19|3|1_CTs|ct7||0|0|0|0|6|17|20|11|10|38|4|1|4|15|2|1|5|5|20|18|5|52|24|3|4|0|8|14|7|10|8|2|1|3|2|10|4|7|8|7|4|5|4|4|4|5|7|1|2|6|2|3|2|2|2|1|4|1|1|0|3|5|2|2|1|2|2|8|7|4|5|10|6|9|10|1|3|5|2|5|5|1|6|2|7|56|65|61|63|71|77|81|83|124|101|92|
2011-06-19|3|1_CTs|ct9||82|73|75|76|76|77|59|65|67|70|52|61|63|48|47|55|55|41|32|28|38|23|27|17|26|20|18|12|18|29|18|27|27|37|40|40|43|59|48|63|58|61|69|72|65|65|62|79|74|76|70|75|78|55|85|79|83|79|82|75|75|80|90|102|87|83|89|73|75|73|79|61|70|81|77|82|71|75|76|80|84|66|82|56|73|60|63|69|62|61|71|73|91|63|80|72|
2011-06-19|3|1_CTs|ct10||152|138|159|133|126|153|156|170|154|143|131|161|160|178|141|145|128|114|109|115|88|91|99|59|91|81|84|75|68|44|43|49|34|41|42|51|34|53|59|73|64|65|79|60|86|91|76|95|88|99|105|85|72|96|80|87|68|81|74|84|90|97|41|0|0|0|0|0|0|0|0|0|0|0|0|60|116|110|108|118|106|115|105|83|84|84|97|101|83|81|78|87|62|86|69|69|
2011-06-19|3|1_CTs|CT11||52|50|49|63|60|65|49|45|37|39|39|36|34|31|28|42|39|37|24|34|30|30|21|29|19|20|17|26|27|28|25|23|21|27|31|34|31|32|34|32|33|40|46|40|40|37|49|36|33|52|38|60|42|39|27|32|50|41|38|41|51|35|45|35|36|36|53|46|28|47|43|29|39|35|19|39|31|31|34|32|37|39|30|30|31|32|39|20|23|34|25|25|26|31|23|26|
2011-06-19|3|1_CTs|CT12||78|64|89|48|40|76|75|89|87|83|64|70|93|103|76|73|92|67|61|76|64|74|66|39|65|44|43|53|53|30|38|33|26|28|28|32|22|32|32|27|30|23|23|29|33|30|26|33|28|41|33|23|25|38|30|26|21|33|26|17|37|29|33|40|34|28|35|38|36|40|35|39|36|43|53|39|43|29|31|34|38|28|29|30|25|36|36|36|37|35|23|31|24|28|32|27|
2011-06-19|3|1_CTs|ct14||0|0|0|0|0|0|0|0|0|0|0|0|0|0|0|0|0|0|0|0|0|0|0|0|0|0|0|0|0|0|0|0|0|0|0|0|0|0|0|0|0|0|0|0|0|0|0|0|0|0|0|0|0|0|0|0|0|0|1|0|0|0|0|0|0|0|0|0|0|0|0|0|0|0|0|0|0|0|0|0|0|0|0|0|0|0|0|0|0|0|0|0|0|0|0|0|
2011-06-19|3|1_CTs|CT16||5|10|21|16|26|11|4|19|9|11|7|7|6|11|6|8|9|11|3|2|9|1|3|9|3|8|3|3|4|2|4|3|3|1|1|6|4|5|6|4|8|13|7|13|12|8|12|14|13|13|8|9|14|13|15|11|14|16|12|12|10|20|23|11|17|16|22|22|19|21|14|22|22|18|17|25|22|20|29|16|24|16|22|17|22|20|17|18|16|18|16|10|19|14|14|14|
2011-06-19|3|1_CTs|ct17||141|137|142|143|128|132|111|96|105|84|89|92|85|54|73|98|75|69|80|75|43|69|50|55|60|51|53|51|31|34|29|50|43|32|50|70|67|52|66|87|91|109|101|122|131|136|131|109|148|150|137|131|136|144|151|135|127|167|112|130|136|155|190|158|158|156|149|155|168|155|199|161|172|214|170|186|202|178|176|214|198|203|172|165|144|169|155|178|107|138|128|110|100|124|103|83|
2011-06-19|3|1_CTs|ct18||183|181|182|178|148|207|182|182|172|163|154|169|167|178|147|154|143|128|122|134|103|105|114|67|92|86|96|81|74|44|45|61|40|48|55|57|58|62|76|83|88|79|92|77|88|128|100|114|106|121|120|100|112|116|103|106|101|122|92|98|125|128|132|151|119|149|132|141|128|152|157|171|154|165|165|155|155|136|157|175|162|141|136|129|123|130|130|153|98|120|114|120|116|133|105|112|
2011-06-19|3|1_CTs|ct19||2|4|1|1|0|1|2|2|0|1|0|1|1|0|0|1|0|0|0|1|0|3|0|3|1|2|1|2|4|1|4|2|5|4|5|2|3|4|5|4|6|4|5|2|4|2|3|6|3|3|4|3|10|2|1|4|6|6|3|4|2|4|10|3|4|3|6|3|3|2|6|3|2|6|4|3|2|7|5|2|5|3|3|4|1|3|2|5|1|4|1|2|2|0|0|3|
2011-06-19|3|1_CTs|ct20||117|101|112|99|76|93|76|60|43|60|42|53|35|50|30|29|22|33|32|20|20|12|17|18|27|24|17|26|18|23|28|22|35|37|42|45|47|45|68|83|56|66|58|64|76|76|77|84|83|87|96|101|81|104|82|92|104|93|92|102|103|104|135|112|95|114|112|114|98|111|128|101|145|113|119|123|119|121|129|136|144|105|107|108|98|96|131|85|80|83|73|99|74|77|68|66|
2011-06-19|3|1_CTs|ct22||11|4|9|2|4|4|5|5|5|5|4|7|3|4|2|1|2|2|2|2|1|4|0|5|4|2|2|0|1|5|6|4|6|2|4|2|3|1|3|3|6|5|10|2|6|4|3|10|5|7|9|9|10|7|6|6|6|2|9|8|5|10|15|12|8|8|7|5|4|9|10|8|4|7|3|7|9|5|4|9|7|6|5|1|4|7|5|4|10|3|5|9|3|6|11|6|
2011-06-19|3|1_CTs|CT23||103|111|85|86|75|62|72|47|48|37|44|42|50|39|31|33|38|32|35|24|30|14|19|37|15|20|34|28|40|46|26|54|52|45|67|68|86|74|90|74|114|118|100|125|131|107|134|138|160|148|143|140|151|153|143|122|122|120|105|137|146|133|137|143|147|148|154|135|141|121|155|120|135|131|133|158|141|144|105|130|151|113|106|82|94|93|89|80|90|79|87|88|111|97|85|76|
2011-06-19|3|1_CTs|ct24||357|348|314|308|242|249|224|188|152|140|126|131|97|120|102|85|58|99|83|63|62|60|80|76|84|93|120|114|102|171|216|194|142|167|181|199|216|228|264|328|286|345|359|365|380|368|417|426|423|431|465|502|425|498|427|468|458|496|452|534|518|570|601|553|559|537|546|514|574|534|582|567|654|681|654|689|616|640|653|714|603|629|578|574|538|460|510|492|493|443|494|409|451|377|344|312|
