2015-08-08|6|1_CTs|CT1||0|1|2|1|1|0|0|2|0|0|0|1|1|1|1|1|0|1|0|0|0|0|0|1|1|5|2|1|0|3|4|4|1|2|1|7|2|4|9|4|2|0|1|4|7|3|1|4|3|6|3|5|2|2|2|3|1|0|2|5|2|5|3|2|2|1|7|1|8|3|2|2|0|0|3|1|3|1|2|3|5|1|3|1|1|4|1|2|2|3|1|0|1|0|0|1|
2015-08-08|6|1_CTs|CT3||17|10|14|7|8|10|1|6|10|10|7|7|5|9|8|7|5|15|14|19|20|17|23|27|20|36|26|22|29|33|33|44|50|37|29|37|33|41|283|36|35|30|42|39|43|43|49|40|37|45|35|26|31|40|37|28|34|32|32|38|34|39|21|29|34|31|28|30|22|36|35|32|25|30|30|29|25|27|20|24|28|24|17|19|22|18|13|20|19|14|9|16|20|8|12|9|
2015-08-08|6|1_CTs|CT4||6|3|5|4|7|5|3|2|3|3|0|1|1|0|2|1|2|2|4|1|0|0|0|2|3|0|2|2|3|3|3|4|1|6|9|9|6|8|7|8|6|11|12|5|14|10|17|10|21|10|13|14|20|8|14|11|18|10|9|5|12|16|16|19|12|16|21|9|10|13|10|10|9|21|13|14|9|10|11|19|14|17|12|10|15|10|7|13|6|13|6|7|7|6|5|7|
2015-08-08|6|1_CTs|CT5||20|20|12|12|10|18|9|5|13|12|4|9|3|4|8|6|10|6|7|5|8|7|10|8|11|9|12|14|6|15|20|26|29|24|28|29|19|42|32|54|40|39|33|48|48|54|301|46|44|36|50|44|36|41|39|23|33|34|31|32|34|34|24|26|26|33|21|29|43|10|22|44|49|36|40|46|37|33|40|41|31|31|26|30|26|35|30|27|20|25|20|19|14|22|12|11|
2015-08-08|6|1_CTs|CT6||21|12|28|15|9|6|8|6|7|7|8|2|5|5|4|3|2|5|8|5|6|5|9|9|14|18|16|14|11|19|31|24|35|35|40|44|38|46|43|68|58|61|192|59|49|67|61|63|74|63|79|66|67|52|66|69|49|51|48|46|41|69|60|60|51|40|69|37|48|49|51|52|45|50|59|64|40|53|41|66|54|55|54|42|40|46|40|38|29|29|32|30|27|30|26|22|
2015-08-08|6|1_CTs|CT7||9|6|5|5|4|4|0|4|2|1|4|1|1|1|2|2|2|0|1|0|2|3|1|3|3|4|3|6|4|13|5|9|8|16|9|9|10|7|10|15|14|17|16|23|20|17|17|12|20|13|11|18|9|18|12|14|11|8|11|12|17|10|8|268|13|21|11|16|16|10|13|16|16|14|15|11|11|15|14|11|12|14|11|8|14|11|9|8|5|4|9|9|5|8|4|4|
2015-08-08|6|1_CTs|CT8||55|55|31|43|26|32|26|20|18|15|12|14|16|13|12|10|16|16|10|6|11|15|15|23|17|14|26|20|31|44|57|53|49|50|59|73|73|73|73|66|82|85|91|95|73|111|85|90|75|88|93|83|90|83|72|84|59|96|67|70|75|69|100|62|85|63|87|84|87|76|73|76|85|83|91|341|71|87|86|80|85|300|69|67|68|74|60|66|59|64|72|52|52|42|47|60|
2015-08-08|6|1_CTs|CT9||52|59|61|47|32|28|15|14|13|15|16|13|16|10|16|17|18|14|11|11|12|18|13|35|26|31|37|41|46|61|60|66|61|55|60|77|58|103|74|105|119|107|108|110|117|382|102|129|147|121|105|117|122|140|92|98|106|100|100|118|118|107|110|106|91|111|127|101|102|104|90|94|96|105|97|92|111|93|102|104|109|97|83|67|80|89|66|66|59|54|64|78|60|70|55|62|
2015-08-08|6|1_CTs|CT10||25|30|21|16|15|10|7|12|7|10|8|4|9|14|10|4|6|11|9|7|7|9|14|14|17|14|29|27|26|24|51|53|50|47|53|76|54|54|67|82|92|73|65|78|77|75|91|99|79|75|84|71|74|74|80|58|58|59|57|70|70|62|59|69|72|84|74|71|77|79|72|319|63|72|69|74|59|79|76|77|80|70|69|57|64|63|47|47|34|38|42|37|34|39|27|32|
2015-08-08|6|1_CTs|CT11||30|39|33|18|12|15|11|16|9|8|12|10|6|6|6|3|7|7|8|10|9|16|9|21|22|32|40|29|34|54|74|82|65|87|83|96|93|99|97|114|132|115|103|124|105|109|110|91|96|108|108|100|101|103|79|71|95|80|77|80|98|80|105|96|105|79|114|101|99|95|73|83|78|70|84|97|86|81|75|101|52|83|84|61|83|76|52|55|53|30|49|44|48|50|39|48|
2015-08-08|6|1_CTs|CT12||34|32|29|17|23|18|11|11|12|10|9|8|12|8|6|4|4|9|12|10|4|10|16|16|20|25|30|23|29|32|46|54|59|46|57|71|69|88|73|98|121|92|341|101|352|109|108|99|106|108|104|92|112|97|84|71|81|69|77|70|84|70|84|90|98|94|76|88|98|98|88|86|71|86|81|86|101|81|93|96|87|331|79|60|66|69|54|52|49|53|47|55|32|54|50|43|
2015-08-08|6|1_CTs|CT15||34|31|20|13|15|22|12|11|10|10|11|8|3|12|7|7|9|13|13|21|16|21|19|29|26|31|33|48|54|53|56|55|63|61|65|59|68|74|69|86|76|100|79|79|106|81|89|80|90|74|69|92|55|84|87|71|77|78|63|68|68|59|53|63|65|92|53|80|69|70|55|57|64|69|60|76|309|64|70|68|71|284|68|40|54|48|52|46|43|36|23|38|41|32|39|41|
2015-08-08|6|1_CTs|CT16||44|34|29|25|20|21|9|18|15|12|16|7|5|13|14|6|9|7|10|3|11|18|7|15|20|26|32|41|32|52|61|85|62|95|93|97|87|77|102|115|128|118|117|142|136|366|114|114|101|110|113|104|101|116|106|344|97|84|90|78|99|91|103|86|96|126|99|107|110|105|94|96|81|99|104|356|77|91|95|96|98|93|109|86|92|93|69|67|48|36|54|313|46|49|38|45|
2015-08-08|6|1_CTs|CT17||53|41|37|33|35|28|12|18|10|31|11|13|22|9|17|10|12|7|6|3|1|8|10|10|9|11|23|12|24|30|27|27|30|30|47|40|42|59|50|76|101|71|90|92|104|125|81|97|99|101|110|105|122|134|93|81|103|102|78|98|62|95|110|95|95|104|96|65|78|84|106|98|87|116|106|91|109|91|94|86|95|98|75|67|58|72|66|55|52|64|52|74|35|50|63|51|
2015-08-08|6|1_CTs|CT18||72|56|45|30|31|296|22|29|24|24|10|19|16|15|21|12|14|9|20|16|14|23|17|14|27|23|43|43|34|57|69|77|79|89|97|98|78|112|121|110|150|147|138|150|401|143|399|176|160|130|159|137|149|148|118|125|111|132|118|114|376|135|122|111|119|117|136|104|141|136|133|135|132|121|149|386|122|116|116|131|115|104|95|109|91|122|93|74|82|74|65|73|64|74|63|57|
2015-08-08|6|1_CTs|CT19||37|28|24|30|33|25|17|15|12|20|16|17|12|10|16|9|9|9|7|5|4|8|3|10|6|5|19|11|15|23|23|38|34|32|40|49|50|57|52|60|92|68|97|106|84|115|97|116|101|102|88|106|105|91|73|77|86|74|74|59|74|68|83|66|72|89|75|62|77|71|89|80|79|96|84|73|86|82|65|74|78|76|77|63|63|61|50|60|51|46|54|41|35|47|46|32|
2015-08-08|6|1_CTs|CT20||35|24|28|13|11|10|13|3|9|9|6|4|12|4|3|2|4|9|4|11|7|6|12|13|11|16|14|12|21|37|34|28|45|44|45|56|299|82|66|64|93|104|67|34|98|91|99|115|126|81|23|85|97|97|89|84|9|58|71|70|63|61|77|69|66|58|44|47|59|13|75|68|11|50|58|10|7|60|28|30|58|306|66|53|30|4|22|43|41|41|47|42|27|29|29|36|
2015-08-08|6|1_CTs|CT21||99|83|67|39|32|54|27|31|24|26|14|24|23|24|19|22|23|30|26|44|42|26|40|60|53|60|62|67|89|86|108|104|106|115|134|157|123|142|143|146|150|174|151|162|164|142|170|159|172|169|176|141|172|160|134|154|152|141|176|173|138|396|158|169|174|143|185|155|158|145|180|167|140|161|148|157|147|140|144|152|154|127|120|129|143|348|115|109|78|94|94|94|93|107|338|77|
2015-08-08|6|1_CTs|CT22||106|96|88|61|59|57|46|49|50|35|37|31|28|33|52|37|40|37|59|51|276|39|64|65|58|59|70|89|94|98|114|99|100|108|114|139|126|151|176|172|178|177|207|221|189|230|236|230|225|226|209|444|252|193|167|179|160|175|182|175|190|430|179|199|221|176|190|183|219|205|187|195|174|186|179|160|171|165|173|166|185|139|133|112|131|145|123|112|113|93|117|102|106|99|115|103|
2015-08-08|6|1_CTs|CT23||82|74|56|41|40|47|37|27|31|26|19|18|31|24|17|13|20|27|19|12|19|20|22|26|30|42|37|48|57|72|97|94|92|98|95|120|108|145|130|131|139|116|173|160|126|162|426|140|155|155|154|142|153|163|130|123|134|148|137|130|125|110|145|116|146|115|134|136|141|123|124|136|111|121|116|124|112|127|120|121|109|107|99|112|123|98|98|76|88|91|85|314|87|74|74|55|
2015-08-08|6|1_CTs|CT24||85|65|56|50|49|52|33|33|37|24|29|33|26|26|29|19|18|24|33|40|22|30|25|31|43|31|43|64|48|58|66|76|72|84|75|109|94|100|121|121|116|140|146|158|383|151|178|150|183|163|164|166|128|146|168|128|125|130|118|126|127|124|121|156|141|134|171|147|128|133|145|147|151|137|131|121|124|165|164|137|142|137|137|116|91|97|100|96|82|76|111|328|95|97|76|61|
