2016-01-18|2|1_CTs|ct1||48|40|19|30|20|15|16|13|6|14|9|4|8|9|265|10|15|10|14|11|15|26|21|33|36|39|48|75|90|106|121|136|394|137|680|161|177|170|191|445|175|650|187|442|193|187|161|406|172|159|423|183|167|428|409|169|154|168|186|703|185|441|425|153|147|171|149|173|146|147|123|148|139|129|140|392|156|120|120|135|347|358|126|340|97|90|324|65|70|59|52|53|60|72|63|47|
2016-01-18|2|1_CTs|ct2||31|26|17|24|17|12|11|9|7|8|2|4|4|12|2|4|11|8|7|9|8|9|12|15|18|18|22|25|27|34|44|40|300|49|68|60|73|64|338|96|81|313|86|85|84|86|64|305|305|323|320|78|71|71|66|59|74|72|95|335|82|81|84|71|69|69|75|69|305|63|63|57|55|58|63|67|78|59|60|73|295|58|52|307|35|48|32|286|253|27|29|24|28|29|29|24|
2016-01-18|2|1_CTs|ct3||51|41|32|33|26|280|24|18|16|260|12|5|10|270|5|14|15|7|16|10|16|19|23|37|35|36|49|56|54|341|100|110|619|610|133|129|158|161|173|166|149|182|170|437|197|185|446|151|142|166|670|179|161|180|161|380|153|158|184|186|189|427|185|151|154|158|178|173|171|147|136|142|156|141|154|379|449|149|134|145|369|367|134|341|362|85|62|71|317|53|67|66|54|78|77|45|
2016-01-18|2|1_CTs|ct4||293|38|527|28|25|19|25|14|16|11|15|3|8|17|9|8|12|9|8|6|7|13|15|12|21|26|21|32|43|39|54|338|74|126|118|135|132|130|99|102|394|370|95|369|120|106|369|125|351|109|115|106|103|159|281|102|113|91|67|125|128|386|119|346|348|100|124|106|111|111|103|368|102|118|99|96|96|113|111|79|97|323|74|69|71|321|63|55|63|58|50|45|46|46|38|40|
2016-01-18|2|1_CTs|ct5||52|41|38|35|301|23|29|20|25|20|10|11|14|15|15|11|17|271|12|19|13|17|263|13|26|19|24|36|51|47|76|376|126|156|155|188|181|176|136|905|512|355|407|187|201|428|429|685|161|431|166|165|172|402|670|168|157|134|170|179|187|449|182|164|419|180|179|435|173|407|162|195|188|160|155|175|169|139|156|141|126|103|108|106|96|90|360|339|325|50|47|36|30|30|40|29|
2016-01-18|2|1_CTs|ct6||53|59|35|37|37|24|32|22|19|20|13|8|13|20|16|16|17|18|11|13|14|17|270|20|26|16|18|29|42|39|61|79|341|115|107|113|136|109|366|127|329|393|652|141|393|407|402|157|122|134|130|125|141|130|120|376|126|123|127|407|166|420|163|152|160|401|162|155|149|125|391|148|132|128|378|357|124|113|124|109|110|98|94|92|88|75|87|58|320|70|78|62|73|76|57|55|
2016-01-18|2|1_CTs|ct17||67|56|558|39|292|33|24|21|21|21|13|7|12|19|11|12|15|16|14|17|18|23|27|293|35|50|46|62|302|93|108|117|402|120|674|164|170|713|220|207|430|444|482|212|469|511|465|207|692|213|232|212|222|210|207|178|195|185|202|474|240|462|239|205|211|216|219|493|221|244|434|203|201|204|477|209|235|183|196|184|139|145|422|106|112|123|93|80|92|74|77|80|59|78|342|69|
2016-01-18|2|1_CTs|CT19||30|23|15|16|7|8|18|10|9|10|7|1|4|3|243|5|7|4|2|4|4|6|5|10|7|14|16|25|32|45|58|61|71|316|608|346|865|95|93|601|104|343|629|115|327|115|83|80|109|352|361|105|87|95|75|326|99|100|331|119|104|113|118|347|90|112|111|355|114|365|96|403|377|131|141|129|110|339|144|334|285|330|339|57|59|49|302|293|523|34|39|286|27|37|301|30|
2016-01-18|2|1_CTs|CT20||27|276|14|19|12|14|15|4|14|16|16|4|10|4|263|8|9|5|8|2|3|3|5|12|9|4|15|17|24|16|40|320|813|828|86|104|350|310|68|86|325|582|73|71|75|560|61|293|105|67|84|321|71|77|45|300|573|78|62|80|91|82|354|63|61|319|66|576|338|331|336|87|560|75|91|82|94|347|96|64|88|57|560|35|53|51|46|300|291|40|38|58|32|40|38|36|
2016-01-18|2|1_CTs|CT21||21|11|6|14|13|5|4|4|4|7|3|4|4|1|242|2|1|0|5|4|1|1|2|3|3|4|9|7|15|8|26|37|36|41|50|58|61|45|47|38|46|268|280|302|296|298|288|44|36|46|46|32|32|39|32|30|32|26|37|309|64|55|45|46|41|48|41|36|310|51|35|49|43|43|35|284|51|266|40|34|270|28|280|22|32|26|16|279|23|278|22|23|20|23|20|13|
