2015-03-20|6|1_CTs|CT1||0|1|2|0|1|1|0|1|0|0|0|1|0|0|0|1|0|1|0|0|2|1|1|4|1|1|3|5|3|4|10|35|650|104|87|75|310|81|73|62|14|8|8|11|12|266|6|8|3|9|6|8|16|4|11|14|4|4|1|7|10|7|5|10|6|10|7|13|13|13|7|6|5|9|6|6|10|6|4|6|5|1|3|3|2|4|257|0|2|2|3|258|1|1|0|0|
2015-03-20|6|1_CTs|CT3||14|6|6|6|8|4|2|1|0|2|3|3|3|3|4|7|2|7|5|9|24|19|36|29|33|34|29|29|40|51|272|72|317|88|117|107|98|110|101|126|74|59|285|53|59|48|51|36|270|269|44|54|42|53|47|287|292|53|44|48|41|53|49|38|52|49|42|43|56|64|53|52|58|61|55|59|59|39|50|52|34|43|35|29|32|18|18|34|253|25|24|21|26|14|22|16|
2015-03-20|6|1_CTs|CT4||7|7|7|4|3|3|4|1|4|2|0|1|3|0|0|2|0|1|2|3|2|1|2|1|3|1|1|5|8|4|10|21|51|42|34|18|17|26|32|16|26|30|27|281|20|25|286|285|37|24|37|38|45|33|27|30|33|28|285|34|29|35|31|294|288|38|45|47|38|38|15|33|40|40|51|39|50|44|278|22|28|36|29|26|28|21|21|20|250|21|18|21|15|11|273|12|
2015-03-20|6|1_CTs|CT5||13|277|16|16|17|8|6|7|6|244|4|8|6|6|3|4|3|4|4|7|8|4|3|11|11|7|21|16|22|34|40|46|63|73|83|96|300|94|370|130|105|90|66|52|336|579|328|62|72|60|56|72|69|57|74|65|80|81|97|66|75|584|79|341|71|80|61|95|96|78|82|328|84|97|77|581|69|75|60|60|59|71|62|57|50|304|43|36|34|30|28|31|12|29|26|26|
2015-03-20|6|1_CTs|CT6||23|37|17|12|9|10|5|3|7|4|2|3|2|3|4|2|1|3|10|7|9|7|14|19|18|12|244|12|26|46|82|88|416|202|193|210|189|405|139|119|126|115|363|86|96|95|315|78|84|88|99|90|104|361|96|321|111|102|335|340|130|594|129|104|381|118|120|273|204|144|354|131|105|100|126|113|386|92|106|123|587|103|95|76|69|77|81|50|65|540|63|34|42|291|58|59|
2015-03-20|6|1_CTs|CT7||5|5|4|1|2|1|2|1|0|0|1|2|1|2|1|0|0|1|1|3|4|7|4|7|246|2|2|13|20|12|24|29|32|36|46|36|302|34|38|32|30|42|26|38|16|23|20|37|30|23|25|26|29|28|31|21|20|22|29|22|29|32|27|28|35|27|290|176|130|35|35|291|34|27|38|25|22|26|25|14|18|20|34|22|15|21|15|12|11|9|11|11|10|6|10|4|
2015-03-20|6|1_CTs|CT8||291|493|17|258|16|23|13|7|13|8|9|17|251|20|5|5|9|247|4|6|8|21|19|491|20|31|45|59|78|318|168|198|650|223|455|431|666|180|208|200|159|139|399|127|146|134|131|365|128|408|154|422|156|145|125|646|412|157|158|171|393|403|144|394|146|178|173|320|285|190|218|443|459|419|203|185|187|395|427|155|384|166|153|366|117|86|335|75|87|81|310|319|324|342|81|75|
2015-03-20|6|1_CTs|CT9||55|290|30|278|21|22|23|19|11|8|7|7|7|5|7|2|7|5|5|9|11|18|23|27|38|59|49|71|336|382|197|554|789|346|360|377|555|299|574|568|232|219|202|188|450|199|186|200|217|187|458|202|486|224|212|411|239|221|212|255|219|465|206|207|229|233|235|502|267|295|558|529|293|342|605|281|483|230|491|199|176|192|164|381|384|123|343|105|112|89|96|346|90|77|327|72|
2015-03-20|6|1_CTs|CT10||35|29|23|14|15|14|13|12|6|5|7|6|5|2|5|3|5|5|5|3|12|14|14|20|28|30|25|44|46|80|103|134|170|403|171|215|672|182|427|413|167|146|157|161|142|150|150|665|156|150|152|164|161|140|145|134|400|131|152|167|163|452|186|426|163|203|697|219|191|246|225|210|255|511|242|252|229|235|209|200|180|410|179|187|152|166|77|75|70|79|327|57|49|41|39|30|
2015-03-20|6|1_CTs|CT11||28|28|16|7|259|7|9|8|3|262|2|4|0|4|4|6|4|4|4|8|12|13|13|27|30|41|64|328|96|149|260|315|928|154|396|82|351|306|430|203|237|209|186|451|189|431|438|447|195|464|455|198|209|219|186|163|186|190|208|182|187|164|191|203|207|205|240|480|242|474|455|202|188|473|422|167|157|183|440|191|400|146|129|375|97|379|356|71|75|61|55|66|66|48|53|55|
2015-03-20|6|1_CTs|CT12||45|278|28|24|23|271|14|6|13|7|8|10|7|2|5|4|3|5|267|6|14|23|18|29|282|27|40|39|69|84|138|184|512|270|499|510|524|527|485|243|230|205|182|194|408|218|201|689|231|215|186|207|208|469|178|438|181|162|199|479|213|480|222|470|775|279|516|292|299|318|568|323|332|303|268|521|538|275|513|503|239|216|210|430|168|178|97|348|88|78|83|67|63|305|56|107|
2015-03-20|6|1_CTs|CT15||26|257|18|15|13|13|10|7|7|6|5|7|3|7|7|3|11|6|7|15|19|23|25|541|37|42|47|56|78|336|379|181|666|235|204|226|171|182|191|167|151|131|126|104|370|104|122|356|90|114|107|407|129|130|118|371|114|127|378|127|133|359|112|123|133|141|128|128|124|182|175|164|150|206|202|147|132|140|138|89|107|107|92|85|326|65|62|49|278|47|46|46|46|53|29|34|
2015-03-20|6|1_CTs|CT16||28|35|19|11|18|9|15|15|7|2|8|6|5|7|3|9|7|5|6|9|14|18|14|21|26|29|37|65|85|108|452|233|502|513|279|228|491|502|285|263|248|215|197|210|164|185|440|710|186|196|425|458|207|190|185|440|157|441|442|193|190|703|195|459|204|218|242|246|229|224|242|227|215|222|237|217|443|183|178|209|158|166|167|159|629|387|626|82|567|338|63|85|74|296|64|36|
2015-03-20|6|1_CTs|CT17||14|7|7|6|4|2|3|3|5|2|3|2|4|2|0|1|1|3|3|0|4|4|0|2|260|5|2|5|7|7|20|23|33|38|41|26|279|33|44|37|22|43|24|22|29|31|31|33|38|39|28|21|21|20|19|21|282|25|18|26|13|29|25|23|280|30|284|25|65|33|36|50|36|46|42|44|39|23|25|19|520|28|23|20|12|15|14|13|10|17|18|6|6|5|6|8|
2015-03-20|6|1_CTs|CT18||42|814|47|289|36|25|22|25|17|253|7|18|13|11|8|11|11|11|9|16|20|27|22|29|32|39|305|60|91|147|188|258|312|320|241|555|519|558|580|188|233|249|247|260|493|477|255|457|463|455|226|496|227|213|202|740|237|488|281|258|260|789|253|232|506|266|282|429|409|536|296|303|298|314|334|276|247|264|248|246|490|224|212|193|444|689|416|127|127|623|129|635|318|110|604|81|
2015-03-20|6|1_CTs|CT19||44|296|30|29|22|20|272|10|12|9|12|10|10|9|5|248|6|8|9|3|7|8|7|5|8|15|7|16|26|42|64|93|667|159|160|184|690|368|220|183|154|127|131|381|133|135|148|390|156|627|375|142|400|394|135|134|134|128|393|398|153|148|142|398|415|158|429|198|200|184|258|248|234|250|226|231|217|200|209|193|409|169|135|109|121|106|345|68|299|66|297|62|307|55|56|69|
2015-03-20|6|1_CTs|CT20||22|19|27|9|16|13|133|404|5|8|1|7|4|3|1|4|2|6|264|3|10|6|13|18|13|19|22|24|36|300|304|81|104|68|81|117|397|143|148|160|130|128|128|78|93|126|134|362|15|92|112|67|59|112|98|133|10|392|40|120|15|389|114|91|6|71|344|140|33|37|40|102|138|295|115|134|104|56|72|117|37|315|74|335|34|86|325|65|64|316|55|51|59|312|47|28|
2015-03-20|6|1_CTs|CT21||315|291|41|276|27|30|28|18|258|16|14|13|18|11|15|10|10|16|19|30|38|50|66|59|63|65|85|99|142|202|487|571|570|325|336|295|734|502|497|236|257|256|477|239|217|244|223|231|427|456|217|206|456|463|206|732|450|219|249|212|467|471|241|232|225|251|453|223|244|262|266|244|220|280|271|271|441|448|243|222|412|204|169|156|143|135|130|150|535|95|126|100|354|94|88|90|
2015-03-20|6|1_CTs|CT22||87|322|52|59|298|38|36|25|26|36|25|15|19|20|18|19|25|17|266|43|71|57|332|64|63|66|301|86|338|134|160|204|203|250|506|278|303|262|259|253|215|237|450|242|240|265|254|270|276|289|293|265|260|235|241|500|238|262|514|268|272|287|283|293|309|306|848|323|377|428|374|617|392|371|381|428|407|374|354|307|303|526|260|436|448|208|425|160|170|165|134|139|376|389|120|112|
2015-03-20|6|1_CTs|CT23||59|308|492|26|292|21|30|16|21|18|16|263|27|27|15|5|267|13|6|12|257|25|41|44|39|46|65|91|375|418|469|307|568|376|363|366|319|584|318|573|494|244|479|227|219|202|444|890|188|480|248|481|239|476|222|415|476|251|237|517|242|482|235|253|494|283|284|304|288|312|305|570|320|604|594|316|314|253|501|270|752|491|223|200|172|137|135|112|385|623|114|368|592|128|356|108|
2015-03-20|6|1_CTs|CT24||58|74|776|41|37|30|29|14|17|16|21|13|14|12|10|13|9|18|16|28|29|27|284|216|44|37|62|331|105|144|422|208|740|319|337|347|638|305|517|312|536|272|246|481|474|514|253|255|680|284|241|296|276|472|238|498|238|245|525|339|303|304|273|273|344|346|353|701|505|641|393|648|431|677|676|454|617|620|375|333|814|307|263|466|237|440|379|150|364|399|122|135|120|119|105|106|
