2017-05-12|2|1_CTs|ct1||91|75|316|48|42|43|44|42|279|37|26|18|14|12|19|267|13|18|14|11|18|28|23|41|36|58|74|88|100|114|156|131|146|405|179|173|185|197|202|184|187|206|195|212|203|203|438|190|459|169|449|450|192|194|203|195|178|200|204|207|198|216|210|200|190|198|192|179|786|559|152|429|137|160|391|178|161|180|194|177|200|437|201|448|693|196|155|364|120|114|370|377|124|121|366|139|
2017-05-12|2|1_CTs|ct2||50|44|53|23|33|34|34|30|17|15|12|6|11|24|13|270|10|13|9|14|10|15|12|17|27|19|27|44|35|288|72|294|49|316|72|70|78|98|361|97|345|96|103|102|100|100|88|358|88|103|104|99|92|101|104|92|328|82|91|92|111|116|114|126|91|101|80|77|593|592|95|99|91|94|98|105|368|90|83|355|99|114|118|111|341|101|82|68|67|335|317|84|68|65|313|72|
2017-05-12|2|1_CTs|ct3||71|52|41|34|28|33|270|28|37|36|18|17|14|13|11|6|7|16|9|8|10|18|20|20|28|40|43|48|71|65|101|93|90|85|101|113|119|113|368|127|134|133|391|139|159|144|107|145|138|129|154|119|381|108|127|114|126|118|135|142|392|142|139|141|130|131|129|131|116|114|116|117|374|377|154|145|108|369|153|131|144|145|655|399|422|169|161|381|141|154|106|170|149|394|116|127|
2017-05-12|2|1_CTs|ct4||41|35|293|29|17|15|24|25|269|18|18|21|11|8|8|9|11|9|13|11|6|7|8|11|8|18|8|18|25|26|284|43|42|46|63|50|70|51|60|92|477|184|58|79|588|67|342|66|341|83|84|85|65|75|73|194|189|331|78|85|79|49|72|50|69|74|80|86|78|75|57|86|67|49|66|68|54|335|62|54|61|40|293|69|41|47|38|37|47|35|44|47|48|43|46|33|
2017-05-12|2|1_CTs|ct5||48|37|37|37|18|17|27|251|272|9|11|5|10|11|7|4|5|1|5|5|4|3|6|7|9|8|10|14|27|26|39|63|61|86|98|88|96|97|87|104|355|89|84|102|87|361|331|124|87|103|101|104|92|84|91|89|86|81|70|350|104|91|119|101|103|109|85|107|86|111|76|99|90|67|82|92|342|98|85|322|64|60|337|80|319|60|65|70|55|49|49|322|57|76|49|51|
2017-05-12|2|1_CTs|ct6||134|101|94|74|55|61|67|48|53|45|38|29|30|34|23|15|23|16|19|19|22|279|279|31|30|31|36|33|50|61|63|84|99|116|109|94|133|106|378|143|407|143|139|146|652|398|402|190|419|443|151|177|166|159|164|155|149|149|419|429|160|196|211|166|186|202|169|173|176|171|165|171|191|170|159|186|425|162|140|393|152|117|142|144|145|155|135|121|122|134|135|122|388|143|126|169|
2017-05-12|2|1_CTs|ct17||404|101|114|67|73|71|73|319|63|72|46|38|48|31|25|19|29|35|36|22|24|295|288|44|54|56|66|74|104|107|124|156|155|145|161|223|227|211|489|227|506|767|240|238|1053|231|197|236|196|240|245|481|219|226|240|230|234|217|246|259|247|231|245|505|259|231|243|245|213|207|222|216|236|188|238|481|241|208|243|740|227|221|468|195|204|197|181|413|152|431|162|422|181|154|159|157|
2017-05-12|2|1_CTs|CT19||50|57|44|33|19|32|23|24|27|31|19|9|10|8|7|6|1|2|5|7|3|249|11|9|20|20|22|32|41|285|317|317|83|80|74|95|100|349|376|125|598|112|64|85|602|106|138|123|38|102|116|362|97|107|101|104|99|104|109|374|388|121|124|111|110|123|128|122|118|117|129|129|138|365|114|93|99|109|105|96|94|79|78|82|592|77|64|299|63|58|67|44|320|42|54|61|
2017-05-12|2|1_CTs|CT20||57|77|315|55|38|56|293|559|280|39|29|24|22|20|17|14|22|16|16|10|15|24|270|13|11|24|280|28|34|20|39|68|71|63|84|75|81|81|329|332|72|323|65|73|71|61|587|73|317|71|314|591|55|65|65|77|78|76|74|73|70|329|57|87|75|79|68|77|77|336|72|342|72|330|344|330|76|349|80|70|102|94|339|81|850|83|83|71|63|66|70|63|62|77|85|595|
2017-05-12|2|1_CTs|CT21||28|37|38|29|23|39|16|23|11|12|17|10|8|4|5|7|5|7|3|5|4|5|3|5|5|12|8|17|12|16|25|275|40|54|44|45|56|52|39|41|285|55|47|43|284|44|40|45|303|36|43|50|43|42|299|286|45|34|51|32|53|34|47|47|55|38|46|59|57|48|45|51|41|50|284|55|45|54|296|47|55|45|270|274|48|46|292|30|288|41|36|29|293|42|36|45|
