2013-10-10|2|1_CTs|ct1||58|61|40|35|26|20|21|20|21|12|17|17|10|8|6|10|9|12|9|21|23|20|25|35|40|50|59|68|91|86|110|124|132|148|180|187|180|174|178|206|200|193|198|194|168|197|177|197|195|205|221|190|205|194|180|185|176|171|188|217|186|186|202|192|192|175|165|163|160|172|173|165|170|173|179|170|195|188|197|202|181|191|189|192|168|130|106|101|113|105|103|92|79|93|91|93|
2013-10-10|2|1_CTs|ct2||37|51|33|31|30|18|23|15|21|15|9|10|14|9|6|9|9|9|7|8|14|12|8|17|18|29|29|22|24|33|36|38|44|47|65|68|66|70|84|114|101|90|105|93|89|83|84|75|104|104|100|78|95|98|74|83|75|69|84|101|97|82|97|91|103|74|81|68|79|56|82|79|69|88|79|79|103|86|98|93|92|95|88|95|80|57|51|64|61|64|69|55|43|59|47|61|
2013-10-10|2|1_CTs|ct3||74|83|51|48|56|31|32|36|16|35|31|20|21|15|5|11|12|16|15|19|23|29|32|44|36|45|56|60|81|81|88|119|112|114|138|145|164|161|145|176|169|201|197|184|183|179|182|188|202|207|186|168|184|169|169|170|170|172|185|198|191|179|203|194|213|175|157|182|160|143|180|191|174|169|190|161|199|181|170|197|201|197|179|166|185|124|100|112|105|132|106|115|106|104|108|119|
2013-10-10|2|1_CTs|ct4||37|56|41|34|36|38|24|24|14|18|21|8|10|15|15|5|13|17|15|10|22|13|24|23|22|23|27|25|37|50|63|83|100|106|113|133|132|91|117|122|108|128|123|126|112|106|133|138|133|140|150|127|125|105|125|119|106|94|109|139|128|108|132|129|119|141|115|98|98|105|122|121|113|89|112|103|104|89|78|134|101|89|95|102|70|81|67|64|87|72|71|79|70|96|73|64|
2013-10-10|2|1_CTs|ct5||81|93|67|52|56|55|33|36|23|34|20|15|15|20|17|10|11|20|18|14|23|16|20|32|30|26|27|26|55|47|73|100|146|153|171|181|183|144|151|187|163|214|201|191|161|187|186|174|201|239|207|186|159|197|183|180|177|161|194|203|204|177|220|211|222|204|221|163|176|204|179|180|190|189|189|157|185|175|142|176|155|161|152|147|126|144|123|111|123|120|126|121|124|153|121|120|
2013-10-10|2|1_CTs|ct6||89|88|58|56|44|48|33|43|26|24|18|14|21|17|15|9|10|15|17|6|22|15|16|27|27|28|33|27|49|44|60|76|90|102|112|102|107|112|94|132|105|135|146|133|105|128|128|138|158|148|177|143|116|146|146|140|132|130|147|154|151|169|147|173|165|165|149|140|144|148|156|139|168|137|154|119|139|126|133|135|119|132|112|119|99|97|109|96|94|123|121|98|104|123|117|111|
2013-10-10|2|1_CTs|ct17||76|76|60|48|64|30|30|35|20|31|29|16|13|15|7|14|10|17|13|19|19|28|30|31|30|34|38|53|63|74|72|117|103|112|118|151|149|187|139|186|158|197|174|195|188|165|189|198|189|188|189|171|181|173|171|147|165|167|177|179|172|185|199|203|212|192|167|159|189|148|179|183|165|167|202|161|180|202|173|194|208|194|163|153|161|139|101|91|122|123|95|91|103|102|100|109|
2013-10-10|2|1_CTs|CT19||39|31|27|14|13|17|7|11|9|14|17|4|5|3|3|4|4|7|4|7|8|5|9|10|10|13|21|31|34|43|45|66|70|64|62|63|102|92|76|83|111|97|89|121|119|101|92|141|109|106|122|99|112|101|88|86|82|74|82|98|123|87|114|117|118|118|105|117|119|88|114|142|110|121|105|108|117|112|125|128|101|111|84|89|94|90|61|58|62|48|41|42|48|51|52|48|
2013-10-10|2|1_CTs|CT20||36|64|39|29|32|24|16|21|15|22|21|12|11|7|5|4|8|6|12|12|12|15|4|10|15|15|20|23|24|31|42|61|79|84|74|95|80|86|79|85|76|80|65|66|50|38|65|73|80|61|60|80|66|65|67|56|64|58|63|78|70|84|67|68|76|80|66|83|72|85|83|74|76|67|82|77|91|92|88|92|88|75|70|63|65|53|42|44|60|52|60|49|49|62|59|56|
2013-10-10|2|1_CTs|CT21||16|34|18|18|14|14|9|10|4|7|3|2|3|3|2|1|4|3|6|4|3|3|0|3|9|6|8|9|12|17|32|34|43|48|51|48|45|55|49|47|45|54|40|46|44|32|39|47|43|41|40|39|36|30|33|41|40|36|40|56|47|49|41|48|46|36|38|55|43|44|45|42|48|40|47|56|43|57|61|56|58|43|36|37|32|28|24|28|32|32|30|24|39|47|33|32|
