2013-01-01|7|1_CTs|CT1||3|6|27|36|31|34|37|19|37|33|28|24|27|34|17|20|20|22|23|12|12|18|18|17|11|12|12|14|10|9|17|11|8|9|13|10|10|8|12|12|20|17|20|20|25|30|41|42|49|40|42|60|67|68|49|49|49|56|54|68|60|65|80|80|77|79|100|91|69|93|80|70|82|87|95|87|79|66|73|68|50|67|66|34|38|46|31|33|39|42|34|25|28|30|28|16|
2013-01-01|7|1_CTs|CT2||10|36|52|70|70|72|78|84|82|76|52|72|38|76|40|52|46|44|32|28|18|40|10|18|10|18|18|39|32|12|27|32|20|14|26|38|30|24|28|39|54|38|42|87|75|66|82|110|112|69|118|145|105|104|126|106|102|116|118|94|119|130|110|148|161|131|134|166|163|171|129|159|172|158|186|156|180|144|124|113|132|149|80|84|85|118|78|88|80|76|50|75|88|56|32|28|
2013-01-01|7|1_CTs|CT4||2|0|4|3|2|6|6|2|1|3|6|9|6|5|5|4|4|15|6|4|3|2|3|3|3|8|3|2|5|1|3|4|0|0|0|0|0|0|0|0|2|0|0|0|2|2|0|0|2|0|1|1|5|4|2|2|2|0|4|3|3|4|2|1|3|5|3|6|0|3|3|2|6|4|1|7|15|5|11|13|6|6|7|14|16|22|6|21|17|10|17|14|12|12|16|21|
2013-01-01|7|1_CTs|CT6||14|20|39|50|52|39|44|46|61|55|57|35|40|43|42|31|32|21|30|22|27|19|20|30|20|9|23|10|7|12|17|14|20|10|18|17|14|22|26|21|18|26|37|33|37|50|51|36|65|58|73|66|71|57|71|74|60|55|56|73|67|69|87|97|82|120|101|95|92|122|100|99|102|105|95|102|97|90|68|74|87|62|65|54|45|65|64|62|61|52|40|30|33|30|28|21|
2013-01-01|7|1_CTs|CT7||13|16|15|35|32|30|25|30|44|23|27|23|32|23|25|20|22|20|16|18|14|18|17|16|19|11|23|9|11|9|12|19|14|12|13|22|14|11|18|14|23|19|21|24|37|32|21|34|30|76|47|49|35|59|42|47|37|35|72|50|58|61|51|55|60|61|69|76|76|64|83|55|75|71|69|55|65|68|47|52|75|66|52|57|51|50|42|46|27|34|23|27|28|31|35|18|
2013-01-01|7|1_CTs|CT8||31|60|99|100|130|111|99|96|119|119|108|102|85|89|97|83|64|76|62|83|58|90|61|85|74|92|66|93|84|83|93|101|90|64|61|53|66|73|72|73|68|89|72|104|98|122|122|113|160|164|217|186|155|186|202|186|190|206|188|195|179|250|222|232|218|265|252|249|314|267|291|266|269|248|289|287|295|260|226|226|229|208|190|178|145|172|171|164|152|167|154|127|123|115|110|93|
2013-01-01|7|1_CTs|CT12||14|28|51|79|80|56|65|59|87|66|72|49|51|63|49|48|46|41|44|33|42|42|27|23|30|22|25|31|15|15|23|16|24|16|19|27|27|17|42|22|33|47|36|42|56|71|86|57|89|88|104|101|90|128|105|96|87|86|84|93|95|106|118|118|114|150|124|121|136|164|159|161|147|165|136|129|149|140|114|99|126|100|85|70|66|88|89|77|80|72|59|54|44|49|52|34|
2013-01-01|7|1_CTs|CT13||3|4|12|15|16|15|9|12|14|8|13|12|13|11|8|8|7|2|6|11|7|6|4|4|4|3|5|2|5|3|7|6|7|3|5|8|5|4|3|5|10|6|6|11|10|19|12|12|13|30|19|18|27|27|18|24|20|12|37|21|28|27|27|29|39|34|34|44|36|26|48|42|31|34|35|48|37|35|30|32|40|31|21|26|30|16|24|16|9|16|10|13|16|21|20|14|
2013-01-01|7|1_CTs|CT14||40|59|136|165|171|176|185|162|175|158|133|146|149|138|105|92|82|93|108|95|87|104|82|94|65|56|72|73|67|64|76|81|54|69|70|60|65|46|53|63|72|93|82|76|121|124|125|138|169|192|165|166|187|162|156|147|159|170|151|150|189|202|214|210|218|244|222|231|256|264|271|233|230|232|224|217|204|208|182|173|196|200|149|153|142|145|150|148|126|126|134|111|120|115|101|80|
2013-01-01|7|1_CTs|CT15||8|14|19|27|27|24|38|39|32|34|29|28|12|12|27|22|10|14|27|14|16|22|19|17|9|16|10|16|9|7|12|7|12|7|5|9|8|8|7|13|13|13|13|14|18|26|28|20|24|38|33|35|40|25|24|51|32|31|39|38|52|44|52|51|34|40|37|35|41|45|44|50|50|47|44|37|43|33|37|38|39|37|40|43|31|39|40|48|35|33|26|22|25|23|26|17|
