2016-08-05|6|1_CTs|CT1||1|2|0|3|1|0|0|1|0|0|0|1|0|0|0|1|2|1|1|1|1|2|0|4|3|3|6|5|3|2|7|11|15|26|15|64|23|20|11|13|5|6|1|7|11|9|9|12|4|8|7|10|8|7|10|2|6|6|3|9|8|13|11|9|3|9|11|6|7|3|3|9|5|11|7|3|6|1|4|6|7|8|10|5|5|3|4|1|2|1|3|2|1|3|0|2|
2016-08-05|6|1_CTs|CT3||16|11|11|9|13|7|7|2|5|4|3|5|0|4|0|3|5|9|12|19|24|16|26|29|20|23|32|33|35|41|45|51|54|84|68|68|62|46|63|51|49|58|50|53|39|56|49|42|53|46|51|41|39|38|52|39|50|42|35|49|42|34|40|45|46|39|41|41|41|47|57|67|35|46|46|37|46|35|44|31|37|29|27|36|36|25|19|35|23|16|18|22|21|11|25|15|
2016-08-05|6|1_CTs|CT4||7|2|5|4|4|6|8|4|0|5|3|4|1|1|0|4|2|1|0|2|1|0|2|2|1|1|5|4|8|6|9|11|16|12|11|25|30|23|24|20|23|21|27|23|15|24|25|25|22|34|20|28|24|22|21|24|37|24|28|12|26|27|34|21|26|25|28|27|22|31|25|32|14|26|26|36|34|26|26|23|19|18|22|15|18|15|7|15|11|8|12|5|6|9|14|8|
2016-08-05|6|1_CTs|CT6||23|19|12|10|17|15|6|14|3|9|4|2|2|1|3|4|1|7|7|9|8|20|13|14|16|15|16|17|30|32|75|59|94|99|103|120|117|115|100|87|107|96|80|90|85|80|100|90|86|94|99|76|74|93|75|84|97|87|97|304|99|87|81|111|107|89|97|91|99|92|93|80|72|81|99|95|99|96|95|71|80|84|79|67|49|53|58|69|41|34|45|36|42|36|28|42|
2016-08-05|6|1_CTs|CT7||2|7|4|3|3|3|5|2|2|3|3|2|1|2|1|0|0|0|3|4|5|5|4|7|1|4|5|11|13|8|23|26|26|29|33|31|42|39|42|18|31|24|20|24|26|26|32|28|27|23|25|19|32|31|21|20|22|21|21|25|15|28|14|36|19|29|34|32|19|31|27|35|37|29|36|26|19|16|26|21|18|19|18|17|18|7|7|267|9|14|10|6|10|10|10|8|
2016-08-05|6|1_CTs|CT8||38|42|30|18|31|19|18|15|7|15|13|11|21|10|10|7|6|8|3|5|11|256|27|22|22|33|37|41|58|335|136|391|164|192|204|182|163|168|134|153|148|122|146|116|114|114|112|104|340|141|129|110|138|118|112|115|117|150|118|122|122|124|130|123|130|132|130|145|143|142|163|140|155|181|163|162|139|142|147|124|151|125|108|99|93|103|82|69|84|76|295|66|69|62|75|59|
2016-08-05|6|1_CTs|CT10||34|28|21|18|20|11|17|12|5|8|6|16|6|6|4|7|3|4|4|4|3|7|12|13|26|18|30|29|36|55|65|44|67|74|105|105|108|96|94|104|107|106|110|354|99|101|108|86|347|123|107|91|104|77|97|94|102|93|93|100|91|109|132|128|101|117|127|116|122|128|154|147|152|148|161|397|138|138|121|106|127|106|94|79|76|59|39|47|49|53|42|33|39|34|35|29|
2016-08-05|6|1_CTs|CT11||34|33|21|19|15|12|9|11|3|10|7|8|4|4|4|5|5|7|3|3|9|17|18|27|31|36|50|56|70|97|185|236|212|229|263|219|221|231|198|212|177|167|176|140|150|159|176|191|166|162|437|154|432|141|146|149|152|167|149|179|156|164|170|136|161|164|157|160|169|171|406|138|146|158|155|133|141|118|129|124|153|152|135|119|105|103|86|66|68|64|49|59|56|59|51|38|
2016-08-05|6|1_CTs|CT12||42|40|28|22|25|14|17|17|7|17|10|10|8|6|10|8|9|11|5|4|5|20|13|15|25|30|32|45|47|66|98|360|121|140|146|160|198|167|159|151|142|148|112|391|120|156|170|147|145|178|172|124|138|143|130|130|137|151|165|161|139|169|142|170|149|178|199|188|212|211|208|211|260|211|216|429|197|179|166|152|172|165|146|104|116|100|63|58|68|86|316|49|51|77|51|53|
2016-08-05|6|1_CTs|CT15||27|36|17|13|16|16|13|12|13|10|13|5|13|8|5|4|4|9|9|25|17|17|23|27|32|25|38|54|59|73|97|121|117|115|134|149|135|154|138|135|123|92|81|99|107|94|100|103|102|122|88|96|98|90|89|96|107|97|97|115|91|104|109|128|95|98|113|99|79|111|122|161|174|101|91|344|95|81|95|89|81|80|82|63|67|63|58|62|46|47|38|26|39|41|41|35|
2016-08-05|6|1_CTs|CT16||36|43|23|29|20|22|18|13|9|7|9|14|7|8|5|4|3|3|6|5|13|11|14|29|19|28|38|55|56|79|146|447|200|235|244|247|245|251|225|212|194|180|189|441|174|148|169|457|194|182|201|147|184|174|170|141|166|152|130|188|182|172|170|179|169|160|183|174|152|181|439|194|179|178|182|426|167|163|161|133|156|162|132|132|118|111|87|63|85|72|64|50|62|67|56|45|
2016-08-05|6|1_CTs|CT17||46|36|38|26|26|25|21|17|8|10|8|8|4|4|9|8|7|7|3|2|4|5|6|6|6|13|16|15|30|26|34|59|65|93|104|116|116|145|98|117|89|125|98|114|115|108|136|126|130|126|387|87|111|128|100|123|98|111|141|111|110|140|128|118|137|104|118|118|170|165|154|151|179|134|172|137|141|133|126|101|100|106|90|86|96|103|77|65|66|71|330|45|61|74|61|63|
2016-08-05|6|1_CTs|CT19||35|39|30|22|24|28|26|18|11|9|10|13|3|8|8|11|7|8|6|7|4|7|5|4|4|6|18|23|20|21|33|59|61|84|111|128|117|132|121|116|100|108|106|113|121|124|111|127|135|145|140|109|113|113|115|94|109|119|132|131|113|110|122|125|133|147|123|147|143|156|149|159|168|178|153|165|137|141|150|126|137|119|97|91|95|90|92|52|52|46|61|46|70|55|55|46|
2016-08-05|6|1_CTs|CT20||24|21|23|12|16|5|11|7|4|9|7|7|6|3|1|0|2|5|6|5|3|4|11|16|15|21|17|24|32|47|48|57|70|72|101|124|76|102|107|104|99|101|103|87|84|110|14|119|115|102|91|111|90|46|95|103|92|11|25|90|98|66|105|101|82|10|76|93|93|93|91|103|108|86|109|84|96|81|104|28|22|42|20|38|19|71|66|7|70|54|60|40|47|46|49|34|
2016-08-05|6|1_CTs|CT21||315|80|66|51|44|31|25|15|18|20|22|15|18|17|10|19|18|22|27|42|36|55|54|64|51|76|70|111|135|188|233|261|249|298|292|273|256|252|260|253|215|242|221|219|195|205|197|233|454|219|453|207|205|194|189|187|188|211|217|235|447|203|205|187|208|215|194|212|193|221|214|285|239|221|201|431|419|174|398|170|194|178|152|168|142|128|141|158|114|124|103|116|100|126|84|83|
2016-08-05|6|1_CTs|CT23||59|50|47|35|42|30|24|28|16|26|17|20|28|15|12|11|8|16|12|12|19|23|36|39|33|47|67|320|104|134|396|232|231|299|299|301|262|245|233|220|219|188|221|448|195|172|196|167|211|198|199|184|190|158|179|173|228|425|183|210|194|213|194|195|201|185|203|204|222|254|245|274|239|299|243|240|200|227|207|195|198|181|195|141|160|132|119|116|121|121|92|99|343|95|88|93|
