2013-03-25|7|1_CTs|CT1||14|19|16|2|6|15|1|3|3|7|2|0|3|3|2|1|3|2|2|1|4|2|6|3|7|11|20|20|25|49|81|83|101|121|142|178|175|180|175|176|158|161|133|166|127|136|128|124|121|129|122|124|134|119|92|122|144|116|141|160|144|143|140|130|116|122|131|144|120|132|124|132|136|170|136|120|142|128|90|110|87|70|78|53|58|53|54|49|37|37|40|26|32|23|26|18|
2013-03-25|7|1_CTs|CT2||28|37|20|20|28|24|6|6|8|6|2|10|6|2|2|11|2|8|2|3|12|8|10|14|14|24|26|28|67|67|103|186|230|215|277|173|181|203|213|265|162|129|137|168|199|224|223|195|86|214|170|96|140|160|178|179|166|199|241|214|239|277|217|209|192|200|212|241|203|210|217|260|296|290|292|222|208|273|140|159|133|114|132|60|86|94|82|76|52|77|49|45|62|76|49|32|
2013-03-25|7|1_CTs|CT4||38|36|17|23|17|13|2|15|22|18|7|10|9|14|3|2|7|8|7|5|2|0|2|1|3|2|1|3|3|9|5|12|19|12|3|25|14|8|16|17|19|9|9|14|19|12|19|15|18|27|40|20|31|19|19|22|15|32|23|17|28|21|28|40|28|42|53|51|70|74|57|65|52|47|53|67|60|66|58|62|64|57|24|40|62|42|28|14|11|19|16|16|28|30|17|7|
2013-03-25|7|1_CTs|CT6||15|19|24|17|15|4|12|8|9|5|5|10|10|4|1|7|7|5|3|3|8|4|7|7|7|12|20|17|22|20|42|60|72|101|115|119|109|119|140|117|117|133|116|113|122|146|149|135|140|143|116|126|134|128|111|132|120|148|143|162|158|122|190|158|137|194|173|199|226|167|193|188|226|177|208|188|170|138|157|134|138|136|81|78|102|74|65|70|51|45|58|47|60|48|42|43|
2013-03-25|7|1_CTs|CT7||20|26|14|17|12|8|5|8|8|5|10|16|5|4|6|7|5|6|8|4|9|6|12|10|10|10|33|28|25|56|59|73|76|86|92|116|90|92|115|107|123|88|123|105|99|105|88|97|88|97|113|109|105|77|91|100|94|105|87|113|107|129|96|112|115|137|154|141|128|127|123|158|147|149|136|154|163|124|125|107|112|101|67|131|216|191|168|210|165|50|47|23|37|30|29|25|
2013-03-25|7|1_CTs|CT8||80|83|69|65|40|37|32|34|22|30|21|10|16|12|9|20|28|25|38|41|57|80|80|94|96|142|116|148|159|221|286|393|399|413|427|387|372|428|381|323|378|340|325|340|358|320|303|340|276|305|303|294|277|296|293|285|340|314|353|373|377|341|387|348|347|338|321|328|314|335|336|345|386|347|350|347|272|295|267|278|207|230|194|199|199|165|149|144|128|150|155|107|138|127|112|104|
2013-03-25|7|1_CTs|CT12||35|34|33|23|21|21|22|13|12|9|3|7|18|3|6|7|9|5|6|3|8|12|12|7|8|16|30|19|39|33|52|80|96|105|146|158|194|191|189|182|178|184|174|172|182|198|198|214|191|181|186|197|198|191|164|163|172|181|199|203|208|204|206|245|212|235|266|250|264|258|284|238|284|295|253|233|249|238|239|207|212|173|144|119|148|117|94|105|80|72|68|54|74|77|59|46|
2013-03-25|7|1_CTs|CT13||8|13|9|3|5|5|2|2|3|0|3|3|1|2|3|3|1|1|3|2|3|1|5|5|2|3|10|11|12|26|24|34|30|46|45|47|50|50|61|44|53|58|52|46|45|49|48|52|46|47|57|53|51|28|45|43|44|44|66|55|46|79|51|75|58|51|51|49|58|50|61|61|76|68|53|59|71|74|46|48|45|57|31|75|96|121|116|94|94|16|13|10|11|13|11|13|
2013-03-25|7|1_CTs|CT14||94|93|76|71|37|41|34|37|25|20|22|20|30|16|17|23|29|26|35|29|48|45|79|78|71|96|94|91|127|150|169|221|233|257|279|381|337|341|350|319|299|311|327|332|341|315|323|298|297|339|300|351|367|332|266|298|303|363|327|372|378|379|371|386|393|406|420|443|442|479|471|496|516|501|504|472|432|452|421|394|349|358|232|221|186|197|170|155|176|154|136|158|121|135|101|106|
2013-03-25|7|1_CTs|CT15||19|18|14|15|8|6|14|6|8|8|6|5|1|1|2|7|3|6|9|3|5|5|3|6|8|17|21|21|22|23|29|55|58|64|47|85|74|93|93|85|71|79|79|58|55|79|62|77|70|64|67|68|74|67|54|69|79|67|80|85|85|74|88|73|80|89|87|93|88|78|100|118|147|99|132|115|127|105|89|57|83|93|54|49|57|54|55|46|28|43|48|33|42|37|22|26|
