2011-08-30|7|1_CTs|CT1||18|20|15|10|19|8|5|10|5|6|4|4|1|4|1|5|3|2|6|4|3|2|5|10|11|14|13|25|31|38|66|90|104|106|119|156|175|120|134|143|128|126|112|113|111|124|115|114|120|112|108|89|104|112|86|90|86|119|130|142|107|126|120|133|117|133|115|103|111|116|109|115|123|153|146|135|117|128|96|75|90|79|70|61|52|48|46|45|51|38|40|36|28|30|34|23|
2011-08-30|7|1_CTs|CT2||23|19|21|19|18|13|14|12|9|6|7|8|8|4|9|2|2|2|4|4|3|8|3|15|8|11|23|33|29|30|50|76|66|81|112|104|128|90|122|113|86|95|92|82|92|90|145|91|109|109|101|86|114|83|78|104|109|122|153|142|82|96|104|132|110|115|133|116|119|137|87|73|118|127|145|116|114|101|97|98|86|72|48|51|48|45|51|41|63|42|42|44|36|39|20|37|
2011-08-30|7|1_CTs|CT4||49|43|53|37|65|47|64|49|37|36|36|30|30|24|24|44|19|12|21|12|18|28|13|12|8|8|12|9|10|11|7|16|10|24|44|27|49|10|22|37|22|18|18|23|32|27|26|33|27|21|29|23|28|39|19|18|42|44|52|40|34|39|39|42|46|40|42|55|68|64|56|43|64|74|59|65|60|40|46|47|46|52|38|36|25|34|51|47|53|28|63|48|69|74|86|93|
2011-08-30|7|1_CTs|CT6||34|23|27|22|23|17|17|5|8|13|11|7|6|12|9|6|4|8|6|3|7|3|10|8|5|11|17|12|18|22|46|53|68|73|63|98|81|99|122|106|98|117|97|106|113|125|103|101|135|100|128|98|89|106|85|112|117|101|125|96|116|122|136|127|117|137|118|118|116|140|124|147|158|175|147|140|149|115|112|117|87|98|75|92|50|63|55|57|50|59|44|38|40|39|34|32|
2011-08-30|7|1_CTs|CT7||35|20|36|31|28|8|6|14|15|13|11|10|6|7|13|7|7|8|9|14|6|10|4|14|11|20|24|34|28|34|68|86|87|62|87|104|95|86|101|97|109|104|112|95|89|104|104|123|108|123|112|103|111|93|86|101|110|114|109|104|125|94|124|131|110|137|124|131|117|135|125|142|118|123|153|127|146|125|118|110|110|105|75|65|82|68|65|52|55|59|44|48|50|48|39|31|
2011-08-30|7|1_CTs|CT8||90|116|73|70|64|49|32|38|18|18|26|23|30|25|23|20|14|29|50|40|47|49|68|83|88|113|132|154|195|197|296|308|325|354|388|373|326|322|339|348|314|290|326|287|304|322|303|318|312|296|301|312|251|290|252|267|266|299|286|317|326|323|342|335|334|322|318|297|324|337|314|321|307|341|333|315|289|304|319|263|249|212|201|204|151|146|158|160|138|166|123|149|157|115|100|127|
2011-08-30|7|1_CTs|CT9||52|68|55|39|43|27|24|24|27|12|13|12|20|11|12|11|9|14|25|18|32|32|37|44|44|64|60|73|93|107|177|197|195|191|213|251|219|224|173|204|229|175|201|201|173|189|193|212|223|167|199|162|162|174|172|172|163|198|168|222|211|182|221|200|204|190|193|188|206|195|192|237|183|213|217|184|201|172|176|153|164|140|146|100|95|97|98|107|93|99|80|91|66|75|62|58|
2011-08-30|7|1_CTs|CT10||95|96|95|69|57|64|37|48|48|22|44|26|29|20|32|19|21|22|18|27|35|40|34|30|47|52|56|54|66|86|106|126|172|168|198|199|216|214|215|204|205|222|202|227|225|246|287|236|279|241|238|230|243|202|219|172|213|247|237|240|252|275|265|263|272|303|309|293|282|311|282|291|283|284|293|265|265|301|297|239|255|221|161|167|161|115|148|114|145|146|146|112|129|119|104|100|
2011-08-30|7|1_CTs|CT11||102|75|87|67|48|55|38|31|51|23|28|29|28|13|17|21|17|18|29|37|31|41|40|41|54|54|64|66|77|101|118|110|206|167|202|202|219|213|183|198|218|189|201|237|244|216|277|240|262|257|243|254|223|210|211|167|205|203|236|267|261|265|258|240|263|279|298|291|281|286|272|252|258|270|257|229|245|271|259|228|218|224|155|155|161|116|153|125|155|128|131|124|106|106|97|102|
2011-08-30|7|1_CTs|CT12||59|38|44|40|27|30|25|14|10|16|16|13|13|11|13|7|6|10|6|10|6|8|9|10|16|17|23|21|32|34|40|72|106|103|132|139|122|132|149|130|136|150|145|166|158|155|167|175|184|165|185|171|193|172|149|158|157|174|181|195|161|194|191|200|200|222|227|205|200|211|246|238|257|259|265|236|235|210|204|200|169|157|125|123|125|100|73|83|87|61|70|67|89|68|54|57|
2011-08-30|7|1_CTs|CT13||22|7|15|9|10|5|4|7|6|5|3|5|0|3|2|5|3|3|3|6|1|3|3|3|3|7|12|10|13|20|24|28|43|35|50|53|48|54|39|48|45|50|44|42|37|39|43|53|52|39|47|30|36|42|41|29|48|50|66|70|75|46|48|51|45|52|40|46|39|65|64|68|51|49|61|56|74|55|45|51|53|50|35|33|44|37|24|27|23|32|26|35|37|27|23|21|
2011-08-30|7|1_CTs|CT14||116|114|86|86|56|60|42|51|51|43|36|33|30|30|17|23|24|19|41|35|41|37|48|51|73|89|108|94|132|156|171|199|245|263|311|311|315|315|341|293|303|275|296|261|292|306|330|358|332|316|268|336|307|270|298|258|269|307|333|335|354|353|324|372|376|378|424|411|466|466|483|466|456|511|484|389|447|430|418|359|338|320|248|220|203|145|168|173|167|179|144|157|150|128|109|122|
2011-08-30|7|1_CTs|CT15||11|9|15|3|4|3|8|5|2|2|10|3|5|6|1|0|2|7|2|3|3|1|7|10|6|8|16|7|14|12|19|24|29|54|33|49|42|50|57|39|49|60|46|32|42|55|39|45|60|22|46|36|46|31|30|37|39|30|19|40|48|31|47|47|47|39|47|42|64|49|52|56|52|76|73|52|61|44|45|52|38|41|24|21|1|0|18|24|19|26|27|24|14|24|15|21|
