2014-06-02|3|1_CTs|ct1||34|41|32|22|38|31|25|24|34|34|51|38|46|24|15|13|7|8|10|5|10|10|10|10|23|16|35|41|55|79|127|174|192|222|247|242|243|224|211|229|189|159|168|168|166|150|155|175|163|165|175|194|170|165|150|169|171|194|208|209|196|176|177|196|169|177|201|173|189|213|204|216|203|213|236|206|223|208|171|169|159|139|156|125|123|84|97|91|83|80|64|55|48|53|60|43|
2014-06-02|3|1_CTs|ct3||46|57|52|33|51|35|27|29|48|30|37|41|32|35|23|18|18|18|28|25|26|20|24|31|35|41|47|65|61|104|145|194|223|229|247|260|272|264|278|258|247|244|251|222|239|236|227|256|228|212|226|262|239|213|226|227|244|263|255|260|248|226|218|250|211|241|225|239|206|218|188|199|192|164|166|178|166|183|159|180|171|176|176|179|149|129|137|124|98|108|103|88|79|71|94|120|
2014-06-02|3|1_CTs|ct5||108|72|82|71|55|36|31|31|28|40|52|50|40|34|22|11|18|16|14|11|11|17|16|18|18|23|24|40|52|71|90|165|186|225|260|250|225|202|219|179|198|188|184|203|176|211|226|215|245|242|242|224|235|195|187|198|202|230|218|220|241|222|237|253|240|276|279|304|317|307|286|277|316|320|323|297|291|312|251|285|284|268|220|190|195|166|162|138|159|128|133|136|142|155|102|141|
2014-06-02|3|1_CTs|ct6||8|11|8|7|6|4|3|2|1|1|4|2|6|1|2|1|0|2|2|1|3|2|8|6|5|4|12|16|25|31|48|43|59|69|75|67|64|52|64|55|63|56|61|43|40|47|35|46|41|41|48|49|46|36|44|44|54|42|64|63|67|58|46|43|53|52|44|61|51|62|44|60|53|56|48|53|40|62|60|61|53|38|38|28|25|33|15|17|14|15|17|12|21|18|9|12|
2014-06-02|3|1_CTs|ct7||101|80|68|64|43|59|43|48|37|40|47|34|36|41|28|29|25|21|33|23|26|28|27|28|26|41|35|41|65|65|85|105|116|136|154|155|170|154|160|130|166|148|155|170|180|192|183|165|179|176|183|190|189|159|147|135|154|178|170|200|163|189|191|180|196|187|179|178|190|134|89|60|79|75|52|59|64|86|124|163|161|147|133|126|134|107|116|113|112|106|127|110|105|107|105|130|
2014-06-02|3|1_CTs|ct8||57|42|26|25|24|29|20|17|11|22|18|16|18|19|22|16|12|12|15|7|16|16|17|16|14|24|21|25|31|34|47|48|62|63|68|76|101|91|87|76|102|83|93|114|115|102|112|106|116|102|109|127|109|94|83|94|96|112|99|107|110|113|119|100|110|106|108|104|122|131|126|135|140|136|122|123|135|134|115|113|91|93|68|74|67|54|73|64|62|65|61|64|67|64|68|69|
2014-06-02|3|1_CTs|ct9||76|57|45|40|42|42|48|23|27|53|42|40|29|22|26|32|23|15|17|18|18|29|23|32|38|41|40|47|67|79|142|145|203|265|214|254|234|239|250|236|178|182|158|176|187|168|163|144|184|153|156|145|166|156|179|169|144|160|163|178|179|181|168|170|197|207|207|204|220|195|229|202|216|195|150|205|211|210|189|194|170|142|122|115|115|114|101|89|126|106|77|84|83|81|88|82|
2014-06-02|3|1_CTs|ct10||49|56|34|34|30|27|34|33|24|26|29|32|26|34|21|13|9|11|23|9|22|8|13|20|19|19|21|33|36|37|71|84|105|122|105|149|126|136|122|118|123|116|106|100|108|137|103|111|112|99|109|118|112|102|101|120|119|118|142|125|125|112|130|124|140|139|111|144|134|127|133|152|145|130|130|134|135|114|110|110|102|98|124|88|85|113|90|88|69|83|68|74|78|75|68|69|
2014-06-02|3|1_CTs|ct13||154|782|3204|3191|2262|2127|1743|2771|1789|1050|1265|883|1673|446|487|564|2113|1841|160|114|2611|1514|2988|614|1364|364|717|372|118|150|235|360|253|360|240|301|54|2|132|225|182|191|265|233|257|271|300|260|267|161|282|261|246|276|290|254|268|276|222|464|230|570|347|271|347|574|459|311|236|260|266|357|352|199|213|262|420|281|339|431|542|1587|1692|763|304|315|220|352|1228|377|210|234|194|240|273|216|
2014-06-02|3|1_CTs|ct14||33|41|34|28|29|20|25|11|11|14|12|10|10|12|9|9|7|5|8|12|11|13|14|12|25|44|66|127|205|253|256|287|255|249|255|260|254|254|239|248|272|244|224|184|218|159|211|199|166|166|184|207|170|113|109|199|200|211|194|217|185|204|189|166|162|187|193|168|185|243|200|215|238|240|215|224|254|250|238|188|168|175|115|121|110|89|99|116|84|72|82|72|77|67|49|49|
2014-06-02|3|1_CTs|CT16||60|111|43|68|42|54|56|44|73|50|63|20|25|35|12|3|17|12|27|22|41|19|12|30|37|32|44|40|61|71|91|108|132|175|172|196|186|176|203|185|201|138|185|171|204|185|154|201|234|168|192|191|215|197|143|139|176|182|214|218|209|202|196|220|183|186|196|210|218|223|265|225|254|288|262|321|258|238|230|245|192|162|153|151|93|116|118|85|112|120|97|104|102|133|71|91|
2014-06-02|3|1_CTs|ct17||0|0|0|0|0|0|0|0|0|0|0|0|0|0|0|4|0|0|0|0|0|0|0|0|0|0|0|0|0|0|0|0|0|0|0|0|0|0|0|0|0|0|0|0|0|0|0|0|0|0|0|0|0|0|0|0|0|0|0|0|0|0|0|0|0|0|0|0|0|0|0|0|0|0|0|0|0|0|0|0|0|0|0|0|0|0|0|0|0|0|0|0|0|0|0|0|
2014-06-02|3|1_CTs|ct18||71|69|35|51|41|39|53|31|31|29|40|29|30|40|23|23|16|11|23|16|28|14|14|22|34|31|32|53|74|83|124|142|168|206|205|237|229|198|228|202|182|175|158|157|168|177|133|151|145|133|145|134|157|126|129|176|163|160|167|131|189|140|167|160|158|150|50|169|145|188|178|179|150|155|178|161|164|128|150|128|140|131|168|116|106|137|129|116|97|100|107|106|106|108|104|95|
2014-06-02|3|1_CTs|ct19||0|0|0|0|0|0|0|0|0|0|0|0|0|1|2|1|0|0|0|0|0|1|0|1|1|11|7|7|12|8|5|4|4|7|4|5|5|13|4|7|8|5|5|4|1|13|6|6|4|5|5|6|4|8|3|9|4|4|3|3|3|8|7|5|2|2|2|4|5|10|4|9|8|5|7|7|8|5|6|10|2|8|4|7|6|3|7|0|1|0|0|0|0|0|3|0|
2014-06-02|3|1_CTs|ct20||0|0|0|0|0|0|0|0|0|0|0|0|0|0|0|0|0|0|0|0|0|0|0|0|0|0|0|0|0|0|1|1|0|0|1|0|8|0|0|0|0|0|0|0|0|0|0|0|0|0|0|0|0|0|1|0|8|0|0|0|0|0|0|0|0|0|0|0|0|0|0|0|0|0|0|0|0|0|0|0|0|0|0|0|0|0|0|0|0|0|0|0|0|0|0|0|
2014-06-02|3|1_CTs|ct22||6|1|4|2|2|1|5|3|1|5|2|6|4|2|1|0|0|1|0|0|2|5|2|0|1|1|3|3|6|5|4|13|19|16|15|15|16|23|20|36|28|25|26|21|22|18|25|23|22|17|31|28|21|21|18|18|30|24|25|27|20|13|30|29|11|32|54|39|38|40|47|44|57|66|61|59|48|41|39|26|26|22|25|14|10|11|13|4|11|8|3|6|13|6|5|4|
2014-06-02|3|1_CTs|CT23||70|55|49|41|46|62|42|52|64|91|101|96|72|45|27|19|9|9|16|15|10|15|17|19|19|29|34|37|61|64|130|225|197|260|340|306|313|279|244|220|221|202|203|223|169|213|183|233|258|215|250|252|234|238|218|215|202|220|219|264|244|221|275|290|285|293|316|340|380|418|418|427|468|487|478|479|481|471|404|366|335|344|281|257|262|215|207|177|206|159|154|118|136|106|113|116|
2014-06-02|3|1_CTs|ct24||139|158|118|105|87|67|77|64|56|45|58|31|30|34|47|35|33|31|40|53|52|57|63|103|112|215|299|501|686|952|980|924|886|801|854|918|842|794|806|851|950|928|866|858|759|717|841|840|747|718|787|807|733|542|598|800|767|864|879|833|850|823|796|782|756|819|755|767|800|814|794|870|949|872|699|782|899|923|788|714|624|607|527|475|445|428|366|380|308|289|288|287|284|244|202|167|
