2012-03-27|3|1_CTs|ct1||45|55|33|27|31|21|10|19|12|8|7|6|5|5|2|4|6|5|4|7|6|4|12|15|14|23|42|44|50|69|134|175|212|200|230|241|235|238|226|232|207|196|194|193|179|169|183|191|212|175|195|202|197|204|168|188|198|230|215|212|217|217|212|196|181|198|183|223|212|227|204|219|204|207|222|228|214|215|231|236|219|217|168|157|119|84|113|132|125|117|113|114|102|91|86|81|
2012-03-27|3|1_CTs|ct3||122|141|86|68|71|57|35|39|43|26|24|32|13|29|13|18|27|21|22|28|45|25|44|68|60|79|107|117|160|184|290|404|466|435|469|497|495|470|438|454|431|495|460|469|414|419|375|463|387|464|429|484|461|422|390|479|445|477|465|479|467|449|422|436|371|431|359|432|393|372|363|405|359|359|334|344|305|369|401|454|415|415|414|321|271|208|214|310|291|332|303|275|224|222|215|181|
2012-03-27|3|1_CTs|ct5||99|96|71|55|50|48|42|39|26|25|29|22|23|24|25|21|28|19|35|26|32|20|33|54|43|61|90|112|116|149|184|233|247|316|399|378|387|321|411|379|309|313|284|355|325|303|324|292|318|275|305|330|256|274|268|304|302|310|354|363|292|354|280|276|269|292|286|286|297|322|299|307|357|322|272|315|333|317|303|248|289|280|220|224|162|196|169|170|220|218|226|221|183|202|163|156|
2012-03-27|3|1_CTs|ct6||113|94|81|50|55|76|32|44|28|25|21|18|17|14|13|8|18|15|10|14|7|9|7|9|20|18|26|30|33|40|90|132|143|187|214|216|209|205|186|187|161|159|157|178|165|184|152|190|177|190|204|199|211|205|203|180|158|199|212|198|197|237|211|230|228|265|277|265|266|299|277|294|284|308|275|267|290|280|299|241|242|256|187|183|138|132|107|152|177|144|150|143|152|148|199|244|
2012-03-27|3|1_CTs|ct7||119|101|84|63|83|71|61|64|42|33|27|24|19|19|20|8|20|10|19|17|15|22|22|28|22|28|42|39|45|59|85|124|130|183|161|183|209|196|166|187|177|155|182|187|180|200|175|197|190|220|212|185|226|216|162|189|196|199|203|248|238|223|208|247|247|210|244|234|204|193|204|187|195|151|163|183|168|166|205|181|162|145|150|143|124|109|102|114|128|119|137|117|141|155|249|269|
2012-03-27|3|1_CTs|ct9||91|87|75|64|87|82|69|51|48|40|38|32|40|23|36|30|37|28|20|19|26|23|18|32|19|31|40|34|63|66|109|120|169|203|221|177|222|223|211|183|156|200|186|191|162|176|145|148|137|154|152|182|167|172|157|155|155|174|183|170|175|161|165|167|184|177|156|123|116|208|113|179|150|82|89|101|161|112|84|98|127|148|131|128|116|96|86|96|122|103|103|96|121|138|104|109|
2012-03-27|3|1_CTs|ct10||58|42|44|42|25|25|29|25|22|25|26|17|20|16|17|13|13|7|12|12|17|10|14|24|20|13|16|22|28|45|53|75|95|105|132|103|120|127|150|138|146|120|136|121|123|116|128|115|114|120|112|144|123|116|103|122|119|133|127|137|143|129|119|135|135|134|134|123|130|136|132|135|137|133|140|139|131|156|113|107|116|96|111|67|81|81|79|85|94|78|108|91|78|81|78|77|
2012-03-27|3|1_CTs|CT11||29|30|28|16|19|28|12|9|16|14|10|8|13|13|13|8|12|14|12|7|13|5|8|8|19|10|16|28|23|23|46|47|40|52|54|57|54|66|61|62|54|47|59|55|51|52|46|49|47|34|50|51|48|56|57|50|39|53|49|47|39|59|34|56|50|51|41|50|53|63|48|62|61|57|61|57|47|58|62|60|50|48|56|41|46|31|38|43|48|38|43|38|36|33|36|40|
2012-03-27|3|1_CTs|CT12||31|15|19|23|11|14|16|9|16|14|16|13|10|7|8|10|7|6|8|5|12|9|7|10|12|8|6|15|17|22|14|25|17|17|27|24|31|32|39|37|34|44|54|37|31|43|43|49|40|32|40|43|45|37|34|41|41|44|37|33|50|33|35|32|49|42|39|39|30|32|34|40|42|34|30|35|27|49|36|31|28|42|31|29|29|27|25|34|31|29|42|26|26|23|21|22|
2012-03-27|3|1_CTs|CT16||30|27|23|22|29|18|23|17|27|16|16|8|12|11|14|11|16|7|6|4|9|7|2|6|7|9|15|14|16|9|24|34|44|38|57|48|54|63|63|53|51|48|54|46|52|52|63|45|53|45|60|58|43|62|52|52|48|41|42|69|58|66|64|49|61|65|53|53|69|66|84|77|58|80|66|81|77|82|75|72|44|57|37|48|43|38|27|42|44|43|49|32|41|42|31|33|
2012-03-27|3|1_CTs|ct17||66|59|61|40|35|30|29|20|11|27|23|10|16|9|8|10|5|13|12|10|14|12|21|26|23|27|36|39|57|62|117|183|234|264|297|292|312|300|261|285|260|269|253|216|213|222|219|198|214|189|189|242|207|198|196|195|200|208|223|239|235|236|211|244|209|214|219|221|229|258|216|238|242|243|242|240|227|225|204|202|201|157|158|146|130|122|92|124|129|111|114|122|108|108|84|97|
2012-03-27|3|1_CTs|ct18||88|71|77|51|53|43|44|43|41|37|40|19|21|22|21|14|16|15|22|20|23|17|22|34|29|34|38|45|47|81|100|141|192|209|227|183|244|238|209|235|224|184|205|175|179|187|186|183|163|152|167|200|212|156|179|151|196|165|194|219|212|180|178|210|191|163|182|172|162|217|169|172|186|182|160|222|210|188|160|154|149|156|160|118|130|104|113|143|149|133|142|143|120|120|116|116|
2012-03-27|3|1_CTs|ct19||0|0|0|0|0|0|0|0|0|1|1|1|0|0|0|0|0|1|0|0|0|1|0|3|2|14|12|4|6|10|2|9|5|8|9|8|7|9|10|5|5|5|8|5|4|11|5|9|8|6|5|8|6|7|9|5|4|14|10|7|10|5|11|6|8|8|10|5|10|2|6|9|10|9|7|13|13|8|10|9|12|8|9|6|8|5|3|2|1|1|1|0|1|4|1|1|
2012-03-27|3|1_CTs|ct20||65|54|42|34|27|17|20|23|18|18|21|18|18|20|5|7|9|12|13|18|11|19|12|20|25|26|45|56|78|96|152|188|206|216|211|131|81|167|65|155|115|201|166|103|216|187|228|189|193|200|203|223|222|218|217|191|201|193|236|190|131|222|213|234|192|216|226|221|222|250|223|216|220|203|210|184|200|211|213|190|186|164|164|155|143|105|108|133|127|113|121|118|116|102|96|109|
2012-03-27|3|1_CTs|ct22||9|4|5|3|2|7|4|2|0|2|5|3|2|0|2|2|3|3|2|2|2|3|2|0|1|3|0|0|5|4|8|9|17|9|18|19|26|25|29|24|28|19|27|17|24|24|27|24|24|28|29|33|28|28|29|21|33|33|27|25|36|34|27|25|36|28|44|40|47|47|50|45|51|64|70|50|49|41|41|35|24|23|10|24|13|4|9|8|11|10|7|5|5|3|10|7|
2012-03-27|3|1_CTs|CT23||108|65|47|48|38|32|31|27|13|15|9|16|27|11|14|13|10|6|10|12|8|8|14|12|13|21|21|35|49|65|126|154|189|202|262|298|282|245|233|233|198|188|197|201|184|184|203|195|232|221|244|238|238|219|193|182|224|266|242|195|231|232|249|231|291|269|322|302|323|378|338|373|392|377|427|434|429|411|390|348|329|284|281|204|196|161|136|193|225|205|198|173|157|119|128|116|
2012-03-27|3|1_CTs|ct24||163|169|109|89|65|53|48|53|44|29|30|39|21|28|28|17|33|37|39|42|47|63|84|91|117|185|280|476|600|843|1033|962|921|862|950|928|939|959|929|919|996|934|881|899|812|791|747|800|723|794|799|845|868|741|691|766|815|760|933|913|801|812|846|764|663|720|720|777|798|849|857|969|924|966|869|850|855|959|947|823|695|584|530|460|381|344|301|393|384|365|317|331|271|279|254|207|
