2014-09-12|2|1_CTs|ct1||109|117|87|96|88|76|68|54|41|50|38|24|17|29|26|26|23|14|21|23|20|29|26|35|34|43|43|74|82|92|113|154|143|182|192|206|183|192|213|226|218|202|206|191|196|170|172|194|178|190|191|205|142|183|185|194|198|207|198|204|179|194|195|138|130|146|149|183|163|150|158|185|154|184|172|175|194|192|181|206|201|189|202|202|182|184|168|139|137|149|131|137|150|143|158|151|
2014-09-12|2|1_CTs|ct2||97|111|94|101|91|79|62|46|34|49|32|26|18|24|20|19|22|10|18|13|14|15|12|14|21|20|25|18|33|33|44|46|57|77|58|76|87|99|93|102|110|121|127|101|119|88|92|91|106|88|99|112|141|114|106|99|84|97|88|115|89|116|120|124|109|133|123|118|106|93|89|101|84|110|92|107|88|103|104|105|122|109|109|118|132|113|92|92|76|75|76|88|82|99|105|65|
2014-09-12|2|1_CTs|ct3||168|152|145|180|149|129|90|75|65|75|58|54|38|43|38|34|36|33|28|35|32|32|26|47|35|37|49|76|64|86|96|141|126|153|138|152|178|178|197|197|236|202|222|235|225|205|189|185|186|170|169|185|216|217|225|204|189|177|195|212|179|203|204|194|177|230|204|237|188|169|185|184|184|204|179|212|192|200|178|184|193|186|209|193|203|164|185|156|130|152|139|165|149|146|198|156|
2014-09-12|2|1_CTs|ct4||112|102|85|67|57|68|57|46|37|40|35|42|27|23|24|30|25|29|19|22|24|21|28|28|20|24|34|35|32|45|60|64|89|98|113|94|118|117|138|126|142|119|122|132|150|155|145|134|113|139|148|151|132|121|115|118|130|134|131|116|139|141|124|141|142|126|116|128|138|99|124|113|113|96|106|98|118|130|121|84|101|110|104|109|91|85|76|91|93|67|99|96|87|103|118|94|
2014-09-12|2|1_CTs|ct5||201|183|160|149|115|115|93|89|69|60|60|53|43|42|36|35|32|34|31|34|33|31|30|39|29|31|43|49|53|64|74|101|132|148|158|167|166|175|192|162|217|205|205|214|217|239|231|226|207|239|225|216|255|204|161|202|228|214|201|202|207|232|218|257|240|239|218|223|238|203|215|198|215|184|217|192|219|208|204|154|194|193|183|164|157|148|128|128|135|120|143|143|149|173|190|137|
2014-09-12|2|1_CTs|ct6||93|87|77|73|40|47|33|27|24|21|25|16|14|15|12|9|16|18|8|8|12|9|10|19|10|11|14|11|10|18|17|19|19|26|24|38|33|33|42|46|52|52|63|51|57|74|61|61|47|52|56|54|58|49|50|54|51|65|62|49|70|67|73|69|73|73|84|58|76|56|62|60|54|63|66|57|78|54|57|53|47|45|56|55|61|46|46|49|47|36|46|60|49|72|67|42|
2014-09-12|2|1_CTs|ct17||182|174|177|188|173|160|113|86|87|105|75|68|49|47|51|41|35|40|37|30|46|31|40|60|43|41|46|64|92|85|112|146|171|176|174|192|198|226|236|228|258|239|255|280|244|264|235|281|225|215|208|247|270|246|248|218|218|206|238|229|197|200|191|223|225|265|230|245|265|196|221|216|258|244|218|225|264|250|212|211|230|240|217|247|212|194|197|216|158|171|163|179|164|174|191|185|
2014-09-12|2|1_CTs|CT19||104|80|64|64|39|51|42|26|33|35|20|22|17|14|14|13|8|10|7|10|11|9|10|11|8|20|10|24|43|38|43|63|85|75|88|89|91|108|116|102|128|112|115|116|131|144|92|128|107|106|96|105|120|102|121|100|112|115|121|110|109|98|106|112|126|160|132|140|142|117|132|110|137|136|123|108|155|162|110|110|104|107|114|114|102|93|83|92|60|78|72|68|72|83|74|76|
2014-09-12|2|1_CTs|CT20||55|55|71|54|43|47|47|50|39|40|36|28|28|22|14|17|19|14|13|17|10|15|12|15|17|20|17|27|21|34|38|45|75|79|79|81|83|92|73|74|79|79|77|42|79|84|59|70|79|66|68|63|85|74|63|76|89|70|72|77|89|71|75|89|79|77|83|83|74|50|86|93|102|91|82|97|87|85|64|44|48|56|47|56|79|73|69|57|63|49|52|66|71|75|74|68|
2014-09-12|2|1_CTs|CT21||32|25|32|22|17|25|22|18|19|16|6|12|8|7|6|17|8|5|8|8|6|5|2|9|9|4|11|10|8|15|21|26|42|41|48|50|47|47|54|44|49|46|45|33|46|37|47|39|38|25|52|48|54|41|48|47|49|36|47|58|45|49|42|41|44|43|52|50|44|51|51|57|62|67|52|39|51|48|49|34|35|18|1|44|39|37|33|41|36|23|34|30|49|49|53|51|
