2011-07-01|6|1_CTs|CT1||1|0|1|0|1|0|3|0|1|0|0|1|0|3|1|0|1|2|2|3|3|2|2|6|4|7|5|5|7|8|4|9|7|12|10|12|12|14|10|7|4|8|4|7|10|5|7|5|4|7|3|2|5|19|15|6|4|5|8|4|8|8|5|10|6|11|8|8|7|6|8|4|4|6|6|6|2|4|2|6|2|2|3|1|5|5|4|4|4|14|6|33|16|1|1|3|
2011-07-01|6|1_CTs|CT3||19|24|20|20|13|13|9|11|9|5|7|4|5|5|3|8|6|8|8|11|19|22|17|31|41|46|56|60|56|67|81|101|95|97|85|84|85|101|72|77|72|56|58|65|65|70|62|58|63|65|53|74|60|76|58|63|65|68|71|69|61|63|53|65|79|76|77|71|69|67|69|66|90|60|73|70|66|65|57|53|46|45|34|41|33|42|36|28|33|36|27|30|26|32|27|29|
2011-07-01|6|1_CTs|CT4||20|12|11|8|4|6|8|3|5|1|3|1|2|4|1|3|3|4|2|1|0|1|1|4|2|3|5|4|7|10|15|10|19|14|24|29|32|31|24|21|25|26|24|23|28|27|27|19|22|23|33|29|37|47|27|16|26|24|27|33|33|23|26|35|28|20|32|23|40|35|33|36|45|47|40|38|35|28|34|33|39|22|27|28|20|13|8|18|15|23|13|17|10|14|11|11|
2011-07-01|6|1_CTs|CT5||30|36|32|18|21|13|18|9|16|14|9|7|7|10|11|6|9|8|13|11|9|10|8|9|16|15|20|22|24|23|45|44|61|52|77|75|67|41|72|79|71|59|59|69|69|77|54|69|58|58|55|63|52|64|72|76|75|50|66|33|30|69|67|49|87|64|83|65|61|64|45|43|66|63|47|66|49|56|46|45|51|37|42|33|41|46|52|39|31|39|29|37|35|25|29|35|
2011-07-01|6|1_CTs|CT6||48|35|23|17|18|16|16|10|5|10|8|4|7|6|13|8|4|7|11|9|11|11|9|11|22|18|18|36|33|45|63|94|124|144|154|146|171|139|169|120|129|118|113|106|112|126|94|116|118|107|111|115|81|85|78|82|97|132|110|109|126|123|115|97|111|121|122|122|139|103|123|119|116|116|124|131|122|99|93|85|105|91|113|93|96|71|64|78|69|74|60|70|52|51|53|44|
2011-07-01|6|1_CTs|CT7||10|3|12|6|2|4|2|2|3|3|5|3|2|2|1|0|1|2|2|1|2|0|1|3|5|7|7|8|7|8|16|27|31|23|33|48|32|44|32|24|35|34|18|35|30|24|22|29|28|24|22|25|26|20|25|28|32|26|22|23|28|23|18|23|19|22|29|34|25|28|29|37|25|35|19|35|26|29|30|16|25|16|17|26|16|11|13|16|6|11|11|6|7|13|10|17|
2011-07-01|6|1_CTs|CT8||79|76|65|54|33|30|21|23|19|21|22|19|21|19|11|11|11|8|20|9|12|10|17|23|24|27|46|57|90|118|180|182|232|219|236|218|229|225|198|211|116|88|180|142|155|142|141|129|137|146|147|156|156|148|133|152|147|164|170|159|151|174|171|155|155|153|173|178|166|178|180|166|180|206|203|175|169|166|164|155|161|186|127|169|131|136|109|120|108|108|91|110|95|100|117|115|
2011-07-01|6|1_CTs|CT9||91|77|78|59|52|39|22|26|20|22|21|13|14|15|13|15|15|16|12|20|18|13|23|41|33|56|44|70|102|134|187|227|252|281|303|319|259|313|254|237|253|207|217|188|214|206|190|220|185|230|212|254|208|182|212|201|222|222|259|251|197|251|223|227|224|224|220|233|244|280|273|277|277|290|350|317|320|277|233|174|183|175|144|169|164|157|114|129|137|93|114|88|106|74|104|105|
2011-07-01|6|1_CTs|CT10||55|43|43|32|28|18|13|26|15|16|14|9|11|15|8|5|7|9|7|10|8|14|17|26|30|30|41|49|76|65|106|117|131|185|205|220|206|204|190|185|175|159|168|157|156|166|151|136|151|162|164|160|175|148|135|137|169|174|162|175|215|186|172|213|188|225|180|231|226|226|231|228|235|231|255|268|281|311|289|303|329|302|266|197|164|116|89|84|68|74|74|61|61|62|58|69|
2011-07-01|6|1_CTs|CT11||38|50|34|36|24|23|17|10|13|8|9|13|9|12|9|11|9|12|7|15|21|11|24|37|45|60|55|99|104|152|218|280|294|259|324|278|283|308|283|240|251|216|208|191|189|201|189|169|186|188|156|201|190|169|175|153|184|178|200|207|175|182|181|180|161|190|211|155|166|187|174|157|198|180|161|134|129|135|133|111|91|135|129|134|148|129|89|89|77|68|53|25|63|54|61|84|
2011-07-01|6|1_CTs|CT12||59|43|43|37|30|25|24|21|15|15|15|4|13|16|9|4|14|5|6|15|14|18|17|24|35|29|41|62|73|73|107|138|142|186|246|237|221|252|220|170|191|199|179|185|174|173|182|162|193|157|184|199|176|158|156|158|195|206|179|180|243|210|168|212|226|225|258|253|280|262|279|267|282|272|293|319|312|297|295|290|306|291|249|209|182|156|97|96|77|92|75|80|61|68|67|71|
2011-07-01|6|1_CTs|CT13||14|17|16|8|10|6|7|3|1|6|3|4|4|1|1|8|0|5|4|30|15|20|24|28|20|29|22|22|26|35|43|53|58|50|73|69|49|61|52|61|63|39|37|43|43|39|47|49|39|49|44|48|42|40|38|39|46|45|179|128|170|174|159|186|176|168|161|211|218|223|217|199|212|246|294|320|274|258|209|180|184|158|120|136|116|117|77|89|78|83|72|58|67|49|65|74|
2011-07-01|6|1_CTs|CT14||39|36|34|34|16|23|13|17|14|13|8|5|4|11|7|1|6|0|4|7|5|7|19|8|25|26|21|37|37|37|48|65|67|80|80|93|97|111|108|78|91|88|101|97|100|113|119|99|129|97|111|109|114|109|91|108|129|133|126|105|152|147|139|147|147|154|125|181|184|156|171|202|170|171|186|222|243|285|319|276|278|287|219|179|152|112|76|69|53|74|54|53|49|55|33|43|
2011-07-01|6|1_CTs|CT15||23|28|26|23|10|9|8|11|6|10|8|7|2|9|5|2|0|4|3|5|9|9|17|20|15|32|30|45|54|66|97|112|121|139|156|150|135|152|129|126|123|87|78|82|99|94|75|89|89|81|96|106|87|89|64|66|77|87|102|101|61|81|75|86|78|93|69|86|85|87|104|101|87|155|186|139|134|81|62|59|58|40|48|52|59|43|37|45|34|33|39|20|36|22|37|33|
2011-07-01|6|1_CTs|CT16||58|59|52|42|29|27|17|19|20|17|16|17|12|20|6|7|8|11|10|9|13|12|20|25|32|43|50|65|86|102|150|187|190|216|240|275|244|257|260|244|248|226|191|212|173|193|186|183|205|198|176|197|196|182|174|153|198|177|167|210|180|180|182|208|188|182|231|194|188|194|215|208|217|205|178|188|151|162|146|131|158|144|150|148|139|131|96|104|81|79|74|74|74|69|70|81|
2011-07-01|6|1_CTs|CT17||17|18|9|5|7|4|5|2|4|1|1|2|1|5|3|0|2|1|2|1|1|3|2|4|5|5|4|4|6|9|12|18|37|31|41|32|27|28|41|31|28|49|42|20|25|29|33|44|35|34|29|27|25|33|17|27|35|38|36|35|34|27|25|31|45|32|34|42|35|55|55|36|47|36|52|38|40|33|28|35|25|26|25|26|20|25|6|27|15|10|11|17|6|9|15|11|
2011-07-01|6|1_CTs|CT18||91|102|86|57|55|43|42|28|33|37|24|23|17|26|25|19|23|20|32|26|17|27|27|29|37|51|77|69|93|135|162|212|236|233|280|264|293|290|319|311|274|275|257|255|259|249|266|263|254|221|257|225|213|223|230|238|234|237|270|250|281|249|264|266|261|280|290|266|263|282|295|279|317|284|274|288|221|219|188|194|216|213|202|194|178|178|165|140|119|129|123|127|103|93|117|103|
2011-07-01|6|1_CTs|CT19||75|57|42|59|48|36|32|23|30|22|15|12|15|16|13|14|21|10|9|11|10|7|12|13|13|15|22|18|37|34|58|64|81|107|122|166|152|148|136|153|137|124|120|145|158|146|141|163|175|133|150|164|120|126|124|137|157|136|146|160|139|156|147|168|177|177|203|184|191|204|199|190|210|218|187|185|189|189|167|145|152|144|123|108|117|105|96|87|93|89|65|65|83|64|63|62|
2011-07-01|6|1_CTs|CT20||35|38|24|29|8|23|8|16|12|11|13|3|5|8|6|2|2|3|12|7|8|13|13|16|17|21|27|30|48|58|63|74|105|113|115|134|120|123|60|83|136|127|130|124|111|95|48|136|109|57|61|107|92|47|109|113|102|119|41|22|95|115|71|135|39|99|15|112|43|103|125|12|103|130|103|133|8|116|106|86|21|94|65|71|19|51|75|51|23|64|82|60|10|17|65|62|
2011-07-01|6|1_CTs|CT21||96|112|93|63|51|42|33|24|25|26|16|19|15|22|19|10|17|28|20|23|26|37|37|50|60|90|94|140|172|179|257|315|338|364|363|326|320|335|291|294|277|279|244|244|248|250|218|241|260|257|227|236|207|225|237|208|225|217|272|243|234|221|256|259|247|270|257|222|245|237|223|235|269|254|311|274|220|224|206|199|175|147|179|204|192|147|105|139|159|131|123|139|121|122|118|117|
2011-07-01|6|1_CTs|CT22||141|121|86|116|121|77|71|64|58|34|37|26|36|26|28|33|23|26|43|41|43|51|52|76|86|106|90|108|135|167|189|200|228|247|261|288|290|273|272|272|278|301|272|277|273|271|284|292|308|270|281|330|300|269|264|268|271|265|276|312|326|328|332|318|303|415|361|374|396|425|431|415|383|424|406|395|408|358|384|366|346|344|262|232|230|198|195|172|174|163|170|168|152|124|126|131|
2011-07-01|6|1_CTs|CT23||119|107|100|80|53|45|32|35|20|28|34|20|24|30|16|13|17|18|22|26|18|23|25|37|48|59|79|102|140|199|265|291|321|375|377|327|342|331|323|294|163|217|358|254|243|232|248|231|216|254|254|250|241|249|228|234|223|297|290|288|258|258|263|271|259|277|280|292|302|302|312|316|306|373|366|315|324|318|275|273|224|256|247|239|232|230|165|153|152|163|143|149|151|131|153|139|
2011-07-01|6|1_CTs|CT24||109|105|63|85|83|60|60|38|33|38|35|26|33|23|21|25|18|15|25|33|28|27|31|33|47|74|65|108|119|148|187|212|224|258|275|298|262|301|303|296|260|254|271|243|239|274|262|256|271|278|283|315|299|256|233|230|257|252|267|260|321|310|323|302|321|335|330|368|392|393|386|401|386|401|421|375|412|351|461|444|435|396|394|318|263|178|166|166|138|134|131|124|141|120|117|114|
