2016-06-26|3|1_CTs|ct3||175|142|373|103|107|73|87|75|67|74|309|321|49|58|54|52|40|287|55|62|43|25|25|22|33|45|42|61|41|47|82|71|77|49|70|77|69|84|349|375|387|123|133|403|161|389|378|399|156|396|668|172|390|379|145|131|122|149|147|400|164|123|123|158|140|161|178|145|155|134|143|410|133|143|154|164|148|654|398|144|144|417|154|136|122|129|116|136|127|358|102|103|73|347|98|59|
2016-06-26|3|1_CTs|ct5||188|185|136|140|144|116|104|371|101|87|614|51|331|68|65|58|54|44|44|46|282|45|26|40|29|28|43|538|31|32|285|64|78|73|98|85|107|102|121|119|110|117|118|138|112|142|114|140|176|163|430|180|170|154|139|127|130|147|135|668|143|143|143|405|164|156|423|145|150|384|100|153|645|136|385|140|666|404|421|402|143|148|403|100|114|115|94|108|106|79|125|362|372|638|123|103|
2016-06-26|3|1_CTs|ct6||21|15|10|14|7|6|12|7|3|7|4|7|4|3|1|2|1|1|3|3|4|3|2|2|3|4|1|6|3|9|6|8|6|8|10|10|5|7|15|7|9|10|12|11|16|12|18|11|20|21|18|19|17|16|19|21|13|222|62|20|25|18|26|22|24|26|20|19|19|21|18|20|17|21|18|28|265|537|20|21|27|15|19|269|286|18|13|10|17|19|16|18|17|266|9|15|
2016-06-26|3|1_CTs|ct7||203|412|665|402|147|130|112|123|149|158|119|91|120|117|104|373|579|99|348|331|342|53|46|62|60|544|48|45|54|42|41|49|77|57|60|80|70|63|58|58|71|56|339|349|332|377|89|143|89|107|101|357|93|359|90|100|94|87|102|105|369|351|111|118|126|127|121|132|382|102|117|388|141|126|393|117|111|142|120|115|114|103|606|117|371|108|95|105|94|125|99|108|130|117|103|116|
2016-06-26|3|1_CTs|ct8||122|364|84|101|88|81|74|66|62|63|51|48|57|51|48|317|37|52|44|35|34|21|276|20|28|28|16|18|33|20|18|25|27|34|37|36|38|27|40|37|44|35|56|53|61|311|54|67|57|66|56|572|50|316|41|60|58|46|57|313|81|56|80|68|74|91|87|89|67|315|99|344|93|332|341|76|64|97|75|76|69|66|565|85|309|65|61|61|45|58|51|60|59|70|310|314|
2016-06-26|3|1_CTs|ct9||139|163|411|126|94|118|373|98|372|109|337|91|101|337|336|62|320|58|60|51|44|51|56|35|29|46|40|33|38|34|320|67|64|83|94|106|179|137|95|170|881|145|248|1126|650|438|188|185|145|136|166|171|152|507|247|163|346|618|157|131|147|815|196|492|149|406|125|129|873|369|129|104|407|551|1069|82|144|378|94|194|215|260|190|321|128|120|361|127|145|94|82|91|126|383|92|85|
2016-06-26|3|1_CTs|ct10||95|88|101|90|113|83|81|74|84|89|88|77|84|90|58|63|75|55|60|59|69|51|52|30|46|41|53|29|37|35|40|39|34|39|44|30|40|39|43|47|55|55|59|58|60|68|83|69|95|77|87|113|95|83|89|77|77|62|75|62|71|80|97|77|93|109|102|89|94|92|87|108|93|83|89|108|81|109|95|94|95|118|95|102|108|103|82|75|85|94|93|88|91|82|81|66|
2016-06-26|3|1_CTs|ct13||200|492|451|209|192|159|183|148|160|173|148|144|420|146|139|357|148|116|624|155|114|78|92|84|78|103|144|83|108|93|122|74|135|104|410|131|133|373|159|163|408|160|420|144|145|393|177|186|219|206|193|172|182|200|149|162|174|148|154|178|416|176|199|183|450|215|165|216|220|225|188|183|189|206|453|266|220|461|226|231|235|223|210|178|242|208|150|210|220|180|178|186|189|170|203|216|
2016-06-26|3|1_CTs|ct14||85|96|325|72|52|44|48|39|30|34|31|21|6|12|15|15|13|15|268|5|9|18|10|16|16|14|14|24|27|40|320|63|296|32|40|50|68|48|55|58|49|64|62|71|86|569|79|328|89|100|96|110|374|115|112|358|91|104|96|112|121|92|131|126|374|97|140|116|637|126|158|137|130|156|398|146|153|162|182|157|161|150|136|131|360|353|82|108|628|371|97|104|364|92|99|78|
2016-06-26|3|1_CTs|CT16||142|651|133|103|118|104|112|80|111|80|79|96|100|120|331|304|60|66|94|51|50|45|319|31|25|34|26|58|24|59|41|66|303|41|50|51|39|44|50|72|89|72|55|336|70|66|56|318|87|83|80|87|91|336|82|77|90|71|74|78|81|89|75|73|112|98|97|119|101|105|388|106|108|140|372|148|395|114|107|144|151|149|112|374|117|82|368|74|94|86|80|111|101|89|78|74|
2016-06-26|3|1_CTs|ct20||0|0|0|0|0|0|0|0|0|0|0|0|0|0|0|0|0|0|0|0|0|874|3510|3492|2818|2795|2837|2822|2831|2833|2826|2798|2825|2841|2839|2823|2847|2835|2846|2846|2859|2858|2845|2850|2854|2843|2864|2878|2883|2887|2900|3227|4153|2781|527|0|0|0|0|0|0|0|0|0|0|0|0|0|0|0|0|0|0|0|0|0|0|0|0|0|0|0|0|0|0|0|0|0|0|0|0|0|0|0|0|0|
2016-06-26|3|1_CTs|ct22||1|2|4|2|1|1|3|1|3|1|1|2|3|2|2|3|3|1|2|1|2|0|6|1|0|0|1|0|1|4|1|2|0|2|3|1|1|4|1|2|3|5|4|2|1|4|1|5|2|7|6|4|3|4|2|1|5|6|2|3|3|7|3|262|10|4|5|8|4|5|2|9|3|5|2|3|4|8|4|5|8|8|6|4|5|8|3|6|4|5|3|5|6|7|4|4|
2016-06-26|3|1_CTs|CT23||583|587|555|787|544|548|530|542|524|533|525|523|799|515|455|727|298|221|21|11|8|17|11|11|18|13|8|18|129|657|353|494|703|440|547|166|301|61|113|554|375|166|432|147|197|415|211|168|179|442|479|226|466|731|207|476|397|448|442|174|169|681|190|416|170|438|167|125|438|150|151|188|171|189|173|171|183|160|190|202|177|164|166|394|376|150|113|125|154|97|158|294|839|723|542|559|
2016-06-26|3|1_CTs|ct24||188|431|144|132|118|101|101|58|63|56|54|42|29|26|35|22|18|31|23|25|21|25|29|32|37|51|63|74|76|343|389|132|90|341|89|129|136|130|150|153|651|277|655|693|666|746|661|700|509|519|573|522|779|738|571|707|410|706|504|539|562|557|623|573|822|594|654|659|864|953|653|943|666|699|957|675|636|1010|766|737|658|638|630|518|702|831|342|653|785|769|745|718|221|238|456|187|
