2018-01-08|6|1_CTs|CT2||0|0|0|0|0|0|0|0|0|0|0|0|0|0|0|0|0|0|0|0|0|0|0|0|0|0|0|0|0|0|0|0|0|0|0|0|0|0|0|0|0|0|0|0|0|0|0|0|0|1|0|0|0|0|0|0|0|0|0|0|0|0|0|0|0|0|0|2|0|0|0|0|0|0|0|0|0|0|0|0|0|0|0|0|0|0|0|0|0|0|0|0|0|0|0|0|
2018-01-08|6|1_CTs|CT3||11|9|8|7|4|7|2|2|3|0|1|3|5|7|1|7|3|6|7|7|10|19|20|24|23|28|34|31|267|45|49|65|74|81|71|329|78|71|67|75|51|52|480|39|40|50|46|45|41|55|51|34|36|48|41|224|29|41|49|41|44|46|41|51|31|52|37|226|49|64|45|51|41|44|47|44|38|50|32|33|31|30|24|21|22|18|17|17|19|11|7|12|7|15|200|9|
2018-01-08|6|1_CTs|CT6||14|18|11|5|4|1|2|4|6|6|5|1|1|1|4|7|0|0|1|2|8|215|11|11|20|15|19|20|32|26|56|124|145|175|409|125|138|319|109|97|97|95|103|91|101|85|337|100|106|95|101|100|88|349|84|108|109|123|126|119|85|104|129|108|124|106|116|147|137|131|309|126|122|119|349|92|112|341|106|104|88|307|77|484|70|60|66|61|55|52|41|36|47|52|26|28|
2018-01-08|6|1_CTs|CT7||4|0|4|2|2|2|1|0|3|1|2|0|1|0|4|2|3|2|3|3|3|6|6|1|8|6|5|8|10|22|22|37|299|293|47|298|41|36|52|25|32|34|21|24|27|27|27|27|32|25|27|26|26|29|27|34|22|22|25|30|281|22|24|17|29|34|34|30|23|35|23|26|21|27|42|36|21|26|25|15|18|13|18|9|16|15|12|13|5|8|14|4|6|3|2|262|
2018-01-08|6|1_CTs|CT8||30|30|21|16|16|13|9|15|7|8|13|9|13|15|5|11|6|5|8|244|9|6|12|22|18|21|32|60|71|556|158|179|219|191|170|407|363|167|172|365|141|371|337|350|115|116|310|149|144|136|351|620|141|310|346|138|168|150|150|160|141|345|149|163|583|158|142|384|170|383|174|180|177|177|158|430|569|139|365|151|122|123|103|91|299|75|76|58|74|58|47|62|43|32|42|40|
2018-01-08|6|1_CTs|CT12||28|22|22|21|15|9|271|8|3|8|6|6|5|10|4|5|0|3|5|5|5|9|19|19|32|29|41|57|77|109|166|236|287|850|294|359|360|575|299|287|773|239|421|163|188|170|411|144|171|205|195|199|451|181|197|451|184|208|184|191|190|491|380|474|501|288|289|301|518|226|233|450|206|232|278|500|261|512|491|208|198|208|161|388|130|103|128|82|70|71|62|51|70|55|45|39|
2018-01-08|6|1_CTs|CT14||0|0|0|0|0|0|0|0|0|0|0|0|0|0|0|0|0|0|0|0|0|0|0|0|0|0|0|0|0|0|0|0|0|0|0|0|0|0|0|0|0|0|0|0|0|0|0|0|0|1|0|0|0|0|0|0|0|0|0|0|0|0|0|0|0|0|0|3|0|0|0|0|0|0|0|0|0|0|0|0|0|0|0|0|0|0|0|0|0|0|0|0|0|0|0|0|
2018-01-08|6|1_CTs|CT15||16|11|17|12|15|9|3|4|4|11|2|4|13|6|14|8|9|9|8|20|12|24|35|39|294|45|44|315|90|114|114|699|272|250|266|496|235|190|225|174|152|386|381|118|114|122|110|103|123|107|384|132|109|137|368|633|109|87|0|0|0|0|0|0|0|0|0|11|143|738|458|162|161|183|189|166|407|391|375|119|90|86|88|71|60|56|45|50|36|44|40|37|31|27|20|23|
2018-01-08|6|1_CTs|CT16||42|273|25|11|13|10|10|5|7|7|9|3|4|4|9|7|4|4|8|268|9|17|13|17|31|24|31|69|68|376|159|266|318|280|773|494|246|237|242|268|497|487|191|224|209|451|436|179|198|456|178|193|211|195|178|193|200|180|215|467|203|463|194|438|193|192|226|716|214|250|220|214|218|214|240|212|455|699|161|425|156|137|128|135|390|93|362|74|330|65|62|571|53|54|32|40|
2018-01-08|6|1_CTs|CT21||0|0|0|0|0|0|0|0|0|0|0|0|0|0|0|0|0|0|0|0|0|0|0|0|0|0|0|0|0|0|0|8|0|0|0|0|0|0|0|0|0|0|0|0|0|0|0|0|0|0|0|0|0|0|0|0|0|0|0|0|0|0|0|0|0|0|0|0|0|0|0|0|0|0|0|0|0|0|0|0|0|0|0|0|0|0|0|8|0|0|0|0|0|0|0|0|
2018-01-08|6|1_CTs|CT22||0|0|0|0|0|0|0|0|0|0|0|0|0|0|0|0|0|0|0|0|0|0|0|0|0|0|0|0|0|0|0|0|0|0|0|0|0|0|0|0|0|0|0|0|0|0|0|0|0|0|0|0|0|0|0|0|0|0|0|0|0|0|0|0|0|0|0|0|0|0|0|0|0|0|0|0|0|0|0|0|0|0|0|0|0|0|0|2|0|0|0|0|0|0|0|0|
2018-01-08|6|1_CTs|CT23||27|40|29|33|20|17|22|16|14|11|13|13|15|13|203|13|10|10|10|15|8|16|19|32|33|282|57|81|104|154|244|267|324|301|260|281|219|224|242|239|228|209|232|179|182|630|420|188|194|187|229|389|256|386|183|187|192|221|234|206|438|441|446|217|214|230|245|248|503|268|283|261|302|275|270|253|917|480|189|214|183|178|146|148|118|120|99|86|326|77|56|303|71|62|49|59|
2018-01-08|6|1_CTs|CT24||0|0|8|0|0|0|0|0|0|0|0|0|0|0|0|0|0|0|0|0|0|0|0|0|0|0|0|0|0|0|0|0|0|0|0|0|0|0|0|0|0|0|0|0|0|0|0|0|0|0|0|0|0|0|0|0|0|0|0|0|0|0|0|0|0|0|0|0|0|0|0|0|0|0|0|0|0|0|0|0|0|0|0|0|0|0|0|0|0|0|0|0|0|0|0|0|
