2011-08-17|22|1_CTs|CT1||16|11|11|14|10|7|4|7|2|3|2|1|1|8|2|2|1|6|3|7|11|10|9|23|12|15|23|25|34|43|53|65|83|65|83|94|82|73|90|67|55|60|54|59|63|58|69|56|76|47|61|45|54|39|56|57|57|65|64|43|54|52|47|50|45|59|48|55|64|82|61|53|68|67|70|59|45|34|41|45|47|38|35|29|30|24|21|24|26|25|24|19|17|16|17|15|
2011-08-17|22|1_CTs|CT2||24|25|24|22|21|11|14|7|9|6|3|7|8|12|5|6|8|10|7|5|12|10|15|19|18|30|41|42|57|67|94|102|114|108|112|135|129|123|134|140|126|104|122|112|133|135|145|99|137|119|112|109|97|107|107|110|109|127|145|108|112|119|91|112|114|118|113|110|114|143|126|104|127|118|138|105|92|120|97|80|78|89|80|58|61|55|40|49|48|43|43|42|40|34|28|25|
2011-08-17|22|1_CTs|CT3||32|41|34|23|25|11|16|10|14|14|12|12|7|14|2|7|8|9|5|10|10|18|14|33|29|41|46|58|62|99|100|140|140|144|181|158|172|180|168|182|164|156|154|164|154|141|169|159|173|138|144|128|136|146|151|156|150|158|146|162|165|156|141|152|169|156|153|169|155|163|175|153|179|176|167|148|126|144|119|122|118|130|76|93|84|75|78|72|69|71|59|59|65|55|40|42|
2011-08-17|22|1_CTs|CT4||31|20|13|19|14|11|7|10|6|6|12|3|3|8|4|2|5|6|8|2|6|7|15|17|19|22|35|39|40|45|65|88|82|103|113|133|130|119|117|133|113|135|114|122|121|138|133|120|125|118|94|115|102|102|100|82|87|113|111|119|138|120|120|107|123|109|111|109|131|139|110|104|114|132|136|127|113|136|102|104|87|97|80|68|64|51|59|49|54|37|44|28|27|34|31|30|
2011-08-17|22|1_CTs|CT5||29|19|13|15|16|13|12|9|7|4|12|10|3|8|6|5|4|10|9|4|12|7|22|20|17|26|30|46|50|61|81|92|94|116|128|147|152|138|129|127|115|122|128|123|145|143|155|113|135|115|116|117|117|100|106|79|108|118|120|116|125|145|112|129|122|117|115|132|148|150|147|122|154|134|160|151|134|155|116|118|101|117|86|86|72|57|56|48|55|44|35|32|43|39|29|30|
2011-08-17|22|1_CTs|CT6||15|16|15|7|6|16|9|8|4|6|4|2|2|5|2|4|10|3|4|5|7|10|9|5|15|20|20|22|38|35|36|41|46|60|68|83|64|78|63|83|76|78|71|82|98|94|90|77|88|77|83|77|74|58|62|57|53|90|76|72|77|94|91|86|95|86|82|87|107|102|95|82|109|108|122|109|100|128|74|100|77|63|57|56|62|40|40|32|40|35|36|31|35|32|31|24|
2011-08-17|22|1_CTs|CT7||6|5|1|2|6|3|4|4|1|2|1|0|1|3|2|1|1|2|0|1|0|2|3|0|2|2|3|4|6|6|14|10|20|19|14|26|24|17|19|28|18|11|16|14|19|19|16|9|18|26|14|24|17|17|19|23|15|14|26|12|13|6|12|11|18|12|18|21|21|20|19|14|18|20|23|14|15|15|18|13|5|4|14|9|10|10|4|9|6|10|4|7|3|5|2|1|
2011-08-17|22|1_CTs|CT8||7|4|1|1|1|1|3|1|1|2|2|2|0|2|0|1|1|0|1|2|5|0|2|3|3|5|6|7|17|20|15|13|27|38|60|48|48|57|63|46|44|61|54|46|48|43|66|54|66|62|48|48|62|57|58|61|66|30|28|32|22|31|26|26|32|31|29|36|32|27|25|20|22|23|34|32|24|27|22|26|19|25|7|21|16|11|14|13|14|13|11|6|13|9|2|4|
2011-08-17|22|1_CTs|CT9||25|28|12|11|15|8|9|7|7|12|12|8|6|9|8|6|1|8|5|15|10|14|13|35|36|14|44|58|70|110|128|164|138|181|174|180|185|197|179|179|171|148|143|146|148|155|133|133|129|112|127|120|106|117|105|110|118|129|125|126|151|129|134|129|130|110|123|119|98|105|115|110|134|111|106|127|104|93|90|93|88|78|77|77|57|46|52|48|17|43|16|26|39|36|21|34|
2011-08-17|22|1_CTs|CT10||1|1|0|2|0|0|1|1|0|0|0|0|0|0|0|1|0|1|0|2|3|2|2|6|7|4|6|3|4|4|4|4|2|7|4|7|6|5|7|5|3|4|4|1|4|6|3|4|2|5|6|6|6|5|6|2|2|2|3|1|3|5|7|4|9|3|4|6|3|5|8|7|5|2|3|1|2|1|2|5|0|2|2|4|2|2|2|2|9|1|10|14|19|4|0|1|
