2017-02-07|2|1_CTs|ct1||43|46|21|19|24|260|22|16|14|4|6|10|14|12|12|11|8|12|10|266|18|20|29|29|42|45|57|73|356|129|145|412|405|152|143|412|172|167|174|417|682|427|191|193|197|200|214|199|700|194|190|194|451|183|210|408|442|177|176|423|198|205|192|417|408|159|175|420|138|150|140|414|394|158|151|144|637|656|150|141|140|398|397|377|112|354|88|82|68|325|314|75|83|58|66|59|
2017-02-07|2|1_CTs|ct2||25|32|18|17|13|10|11|11|7|7|1|1|10|4|6|6|7|8|8|262|8|13|12|13|22|21|20|33|26|39|47|60|317|319|62|77|70|64|77|98|89|87|108|107|119|103|103|89|347|73|74|83|335|81|95|76|321|84|80|319|348|93|75|73|337|91|65|76|62|72|67|69|81|81|82|90|318|77|73|74|68|69|329|57|54|303|48|39|23|38|52|36|39|290|35|28|
2017-02-07|2|1_CTs|ct3||28|32|18|14|24|14|15|10|8|6|2|10|13|9|11|8|2|9|3|10|4|15|18|19|28|22|36|43|317|337|334|114|92|103|105|118|111|92|119|369|609|105|122|134|117|138|141|118|402|141|120|115|362|117|388|115|115|110|345|134|151|135|104|335|71|125|118|102|113|112|98|113|595|366|99|346|339|337|89|111|91|98|349|85|71|63|52|310|40|50|58|49|48|42|38|44|
2017-02-07|2|1_CTs|ct4||24|18|24|16|7|11|8|9|5|7|6|4|1|2|5|5|4|3|2|5|3|6|9|6|16|7|11|30|20|18|28|30|56|327|57|58|47|56|34|37|38|35|52|48|64|76|59|322|72|84|72|311|305|50|56|54|58|322|333|321|577|56|63|66|36|41|68|56|54|60|56|61|321|299|59|57|314|299|54|42|42|46|310|41|37|39|31|28|283|32|41|35|29|33|290|21|
2017-02-07|2|1_CTs|ct5||70|63|61|550|37|30|24|17|19|23|19|20|12|12|16|17|266|11|13|17|14|18|22|24|295|18|38|42|66|302|79|129|137|441|193|188|169|190|162|186|177|169|186|174|216|226|213|458|452|217|204|178|426|146|196|413|162|183|191|218|458|195|680|195|226|198|203|442|186|186|164|410|429|399|174|143|190|159|159|139|135|415|130|133|116|380|113|110|102|113|107|92|94|120|110|73|
2017-02-07|2|1_CTs|ct6||61|290|48|30|35|32|27|22|20|17|15|20|8|8|14|13|10|8|16|21|12|15|24|18|288|23|35|40|312|42|62|96|336|365|384|125|114|383|356|366|134|109|134|122|143|152|167|395|401|155|146|656|399|123|135|611|158|138|405|169|422|168|143|173|459|171|176|425|153|163|152|152|149|142|394|145|395|380|148|373|115|120|627|102|113|340|97|82|71|337|95|91|340|79|94|321|
2017-02-07|2|1_CTs|ct17||65|70|63|39|43|31|39|18|19|27|11|16|18|274|22|20|13|16|16|28|14|28|30|28|47|30|299|77|87|362|379|143|153|165|161|443|186|198|466|728|179|252|222|226|707|255|252|216|257|237|236|220|468|190|235|194|184|218|484|487|510|206|146|105|431|248|233|455|192|215|182|187|229|489|199|438|471|457|455|427|457|171|445|429|135|141|96|106|99|608|108|96|122|94|114|336|
2017-02-07|2|1_CTs|CT19||40|29|17|270|13|9|17|6|6|7|7|261|4|4|8|5|2|6|4|9|261|8|10|10|14|10|17|31|41|39|71|77|315|355|71|87|331|89|357|338|80|90|620|105|116|115|128|129|374|136|120|100|117|330|359|599|82|361|364|120|120|368|369|91|131|378|140|614|106|135|618|110|121|638|120|114|358|125|330|368|96|355|338|338|59|45|296|38|49|40|313|34|36|41|44|33|
2017-02-07|2|1_CTs|CT20||43|29|30|33|17|22|23|19|11|17|267|9|7|8|4|5|3|7|9|0|5|6|267|13|6|11|15|24|29|13|47|67|333|95|81|306|98|98|83|85|86|339|82|75|73|83|76|73|74|82|76|816|65|72|583|291|55|60|325|71|61|61|292|31|53|81|334|320|68|78|80|67|326|80|335|76|333|819|79|332|332|64|314|61|57|53|45|47|42|285|39|51|51|42|47|45|
2017-02-07|2|1_CTs|CT21||20|17|13|18|7|12|9|7|1|8|261|3|1|3|1|2|0|5|259|2|4|4|8|5|1|3|8|14|13|9|278|46|52|42|46|47|272|291|290|296|52|54|46|52|39|43|48|50|39|304|43|282|31|39|298|283|32|34|507|45|38|54|46|18|24|51|52|301|53|41|47|49|45|42|46|45|43|42|34|42|276|293|292|29|33|35|26|22|15|281|26|25|24|32|25|260|
