2011-08-03|22|1_CTs|CT1||21|11|17|8|4|7|5|5|5|3|7|6|4|3|3|6|1|7|4|2|6|10|14|20|13|18|24|44|42|59|68|67|96|91|122|178|125|84|105|90|68|78|72|88|56|70|62|51|69|51|81|67|54|48|52|60|59|61|64|63|59|62|65|73|58|83|68|54|80|70|80|69|53|81|80|60|45|65|57|47|54|44|39|40|32|31|32|26|19|27|25|28|21|24|16|20|
2011-08-03|22|1_CTs|CT2||29|35|16|16|13|16|7|17|9|5|5|6|15|6|4|5|3|7|4|6|6|17|15|22|38|24|26|58|66|72|92|94|126|150|143|230|224|145|152|129|115|131|128|140|123|129|115|130|111|122|139|134|118|96|109|130|112|145|114|125|111|134|107|128|123|123|107|118|144|137|158|134|170|156|166|140|132|152|128|101|105|76|80|60|61|64|54|62|50|46|45|43|34|37|25|32|
2011-08-03|22|1_CTs|CT3||42|50|35|26|23|22|19|25|12|14|11|11|12|11|7|7|8|8|6|6|12|18|22|36|40|37|44|63|74|104|144|138|181|200|224|307|293|232|185|181|184|150|162|194|177|178|160|180|152|168|162|185|153|132|143|172|167|193|164|173|167|168|175|182|180|165|183|168|199|173|204|188|213|201|223|184|174|184|150|150|143|121|113|95|103|78|85|84|86|71|75|60|67|58|47|50|
2011-08-03|22|1_CTs|CT4||32|27|25|15|14|10|6|5|7|14|6|7|5|6|6|4|5|4|5|4|6|7|10|17|22|33|37|39|50|69|85|99|109|116|116|164|146|129|147|120|132|136|138|118|143|133|118|112|141|139|131|118|127|107|89|98|122|140|132|117|119|140|134|136|128|139|132|133|122|130|130|146|150|175|168|158|129|147|128|117|113|85|84|70|82|71|54|48|54|38|39|44|37|40|34|33|
2011-08-03|22|1_CTs|CT5||38|34|22|17|19|21|9|9|10|9|11|6|15|10|4|8|6|5|10|6|8|15|12|16|26|26|41|36|57|66|96|103|103|147|140|183|174|154|159|129|128|126|139|113|166|160|109|125|135|138|155|128|129|120|106|120|116|153|131|129|128|148|104|114|146|132|153|145|148|171|154|180|207|204|163|189|160|181|153|132|128|116|89|78|65|84|57|59|57|57|48|52|43|41|34|38|
2011-08-03|22|1_CTs|CT6||26|26|15|9|12|10|7|3|8|8|12|11|5|4|1|5|7|4|5|4|10|11|12|7|22|21|20|21|31|40|40|39|59|64|81|89|86|79|101|66|79|92|92|83|84|104|84|93|98|95|92|81|78|80|73|68|82|97|98|93|86|100|103|98|104|94|92|101|92|105|119|109|155|130|123|129|105|127|94|93|76|64|63|63|50|57|47|34|46|44|42|26|33|43|32|28|
2011-08-03|22|1_CTs|CT7||5|6|5|1|3|3|0|4|3|0|0|1|3|1|0|2|1|2|0|1|1|0|0|3|5|4|1|12|5|12|8|11|23|22|21|31|32|24|33|23|24|28|22|23|27|25|20|23|14|18|26|28|22|18|17|19|18|21|25|24|14|22|18|18|14|21|9|21|29|17|26|22|19|20|21|20|19|15|21|12|11|19|11|8|8|11|9|9|8|9|7|11|7|7|4|5|
2011-08-03|22|1_CTs|CT8||3|13|4|6|1|4|2|2|2|1|0|2|2|3|1|3|0|0|1|1|1|2|0|2|2|7|4|7|7|12|10|10|23|21|10|26|36|34|26|22|13|15|32|21|37|25|24|32|32|26|22|18|27|22|16|31|37|24|27|30|19|20|32|22|22|24|32|22|29|29|35|23|36|32|31|35|22|32|29|39|23|17|19|17|13|16|8|10|13|11|10|13|8|14|8|6|
2011-08-03|22|1_CTs|CT9||31|32|20|21|14|7|8|13|13|9|7|14|15|6|5|5|5|9|6|5|19|17|16|33|32|24|59|64|93|104|159|170|212|220|255|266|235|236|208|197|198|160|158|165|163|163|140|159|129|130|140|153|147|141|132|140|141|146|149|146|139|139|124|141|133|146|152|128|107|132|142|154|144|155|168|129|112|116|122|98|96|89|81|72|61|60|62|48|44|62|21|36|39|31|41|32|
2011-08-03|22|1_CTs|CT10||0|2|0|1|1|0|1|0|1|0|0|0|1|0|0|0|1|2|1|2|4|1|4|4|4|3|3|1|4|4|6|2|3|3|5|6|4|5|5|5|7|4|5|1|2|8|4|6|5|2|3|6|15|11|9|5|3|2|6|4|3|2|0|4|4|4|5|5|6|2|4|4|4|7|5|2|5|4|3|3|1|3|3|3|1|2|2|1|1|3|19|25|27|1|1|1|
