2015-06-12|6|1_CTs|CT1||0|1|0|0|1|0|0|0|1|1|0|0|1|1|2|1|0|1|1|1|2|1|1|2|1|2|4|5|7|9|11|45|58|83|92|339|308|14|7|9|7|8|9|6|268|5|3|9|11|6|4|4|5|5|4|4|6|7|2|247|5|4|5|9|6|6|7|7|30|10|4|10|7|23|7|7|3|9|10|4|7|7|5|7|1|4|4|4|0|1|2|0|1|0|1|2|
2015-06-12|6|1_CTs|CT3||17|260|19|14|11|4|4|8|1|1|3|2|2|5|5|3|8|12|9|17|13|16|16|28|24|276|29|47|54|51|56|75|86|103|85|84|60|81|52|538|63|325|52|55|51|55|62|53|280|59|52|312|56|48|59|57|49|51|48|42|48|68|53|47|48|51|59|62|60|51|60|66|57|62|58|307|42|35|39|44|39|42|45|38|44|29|29|21|27|22|22|20|15|16|16|21|
2015-06-12|6|1_CTs|CT4||11|2|6|3|5|2|3|3|5|2|2|3|1|0|0|1|0|1|1|2|1|3|2|1|3|2|1|1|5|266|12|20|26|21|27|22|20|24|27|266|20|20|24|16|19|35|27|34|24|35|281|26|16|26|21|28|23|25|15|21|21|33|28|22|31|26|33|39|29|45|279|33|47|294|43|52|30|287|5|23|290|27|15|15|14|11|18|17|15|14|17|10|14|12|11|9|
2015-06-12|6|1_CTs|CT5||18|21|13|14|17|14|11|4|11|5|9|10|7|261|4|5|5|9|9|261|11|10|8|13|8|11|16|19|280|28|41|57|54|70|73|95|315|73|67|308|324|73|70|71|64|73|314|66|67|79|67|312|319|69|73|55|60|61|316|82|65|67|63|317|70|83|87|61|66|71|63|86|57|331|97|92|325|66|64|78|68|58|59|327|62|57|41|30|38|31|36|39|37|29|32|278|
2015-06-12|6|1_CTs|CT6||21|282|13|19|9|7|7|7|4|5|9|4|9|6|5|3|4|6|5|4|9|11|6|8|14|13|19|17|28|52|67|76|120|152|171|183|157|151|140|118|91|101|99|100|356|362|110|99|329|118|97|97|97|340|86|99|100|94|129|104|354|102|103|99|123|119|115|111|134|114|366|98|89|310|153|123|99|106|107|102|99|94|87|539|271|51|311|54|57|41|40|43|45|39|24|37|
2015-06-12|6|1_CTs|CT7||4|4|5|4|2|2|0|2|0|3|1|1|2|1|0|0|1|4|2|3|3|5|1|4|4|7|4|9|10|18|26|32|284|26|291|554|37|43|29|294|30|27|29|17|22|30|281|23|32|24|29|21|272|30|28|23|15|18|28|24|286|27|27|21|20|24|26|27|42|25|32|21|25|41|40|34|33|24|24|22|24|24|29|19|15|11|12|15|6|8|4|3|7|8|10|7|
2015-06-12|6|1_CTs|CT8||53|36|31|30|20|19|14|15|11|10|462|17|19|16|11|5|9|7|9|4|9|10|20|28|20|34|43|50|87|330|147|154|185|209|420|408|181|413|173|160|608|440|275|197|121|364|116|149|131|146|120|149|372|414|124|146|358|146|329|152|153|130|370|397|161|169|147|361|174|167|659|179|178|408|237|192|414|138|642|425|415|146|408|138|137|119|106|95|332|94|332|78|80|73|85|78|
2015-06-12|6|1_CTs|CT9||52|52|47|27|35|13|20|16|12|14|14|7|4|6|10|10|5|5|15|14|12|17|20|35|41|45|58|69|68|135|175|239|538|301|313|568|272|251|235|221|467|215|188|179|183|192|205|195|193|187|162|198|461|202|679|195|442|204|208|212|215|202|217|201|191|226|743|215|212|248|236|250|493|468|546|210|197|177|180|183|435|142|363|389|380|126|120|107|115|99|95|91|96|347|69|325|
2015-06-12|6|1_CTs|CT10||298|27|32|21|18|13|13|6|3|3|12|12|4|6|7|4|6|5|9|6|8|10|10|20|31|23|33|39|57|115|570|129|180|630|149|174|198|410|312|751|368|173|150|123|152|121|142|413|160|167|144|416|127|653|138|159|133|140|395|437|145|418|146|143|158|165|180|205|460|209|217|217|197|430|287|259|204|189|203|447|425|420|127|131|116|98|82|321|67|58|312|311|47|47|38|46|
2015-06-12|6|1_CTs|CT11||35|285|25|11|269|8|12|6|11|8|9|6|3|7|7|6|4|7|6|5|271|272|11|39|27|294|61|68|101|409|213|263|310|422|228|162|215|248|250|712|457|196|200|445|435|429|435|191|438|189|206|429|444|176|424|425|188|179|451|431|187|177|423|159|432|454|197|202|440|194|460|201|179|181|188|175|412|175|146|682|188|431|372|163|154|113|113|97|333|82|322|68|70|61|316|43|
2015-06-12|6|1_CTs|CT12||35|36|27|30|15|9|14|272|5|9|8|8|6|7|6|10|7|8|10|10|15|15|12|21|22|287|31|49|70|341|131|188|249|224|255|544|786|244|215|192|182|193|202|659|187|189|454|444|186|187|730|687|429|198|178|177|159|185|204|212|441|186|186|188|440|253|231|232|289|309|783|275|243|772|557|280|259|237|231|500|213|196|151|176|158|359|94|88|315|74|566|62|65|66|313|48|
2015-06-12|6|1_CTs|CT15||29|25|28|254|275|13|13|6|6|6|9|10|274|11|17|6|7|6|15|15|19|21|22|35|32|45|58|68|323|346|138|163|705|202|223|642|155|175|150|135|130|358|145|116|99|110|367|344|120|114|362|369|117|131|100|124|359|127|111|139|114|113|105|347|121|116|383|115|378|119|367|140|133|394|160|106|104|95|115|351|110|95|86|336|66|79|55|63|52|49|273|46|42|40|43|33|
2015-06-12|6|1_CTs|CT16||43|38|26|22|276|19|11|10|9|10|11|14|7|9|10|8|3|265|10|9|11|273|265|27|28|35|45|62|83|117|193|244|279|217|540|520|529|255|244|215|458|470|205|444|175|181|452|447|193|188|184|193|172|175|158|187|404|170|413|196|458|454|446|420|153|198|213|215|235|231|240|211|219|472|509|236|734|204|444|206|210|219|196|171|176|121|110|118|95|81|313|58|68|71|58|66|
2015-06-12|6|1_CTs|CT17||3|12|6|8|8|1|3|4|5|4|0|258|1|2|3|0|1|4|3|2|4|4|3|3|1|3|3|10|10|13|17|24|57|50|19|18|31|24|20|22|21|20|26|21|28|29|35|27|285|23|25|26|20|26|30|18|15|30|20|17|28|30|13|19|24|27|23|32|22|31|298|289|26|32|27|27|26|30|280|526|24|23|11|22|17|20|15|18|15|17|22|7|17|22|8|9|
2015-06-12|6|1_CTs|CT18||64|67|45|39|43|36|25|20|19|20|22|277|21|21|16|11|16|14|15|13|19|23|22|34|35|36|51|63|347|133|187|227|532|263|289|538|280|253|275|239|500|248|232|234|209|209|462|233|229|243|246|468|456|450|213|177|240|221|490|251|243|219|218|762|223|246|249|253|238|278|243|261|277|286|297|287|272|238|225|270|762|235|222|715|468|193|169|921|139|122|384|128|122|111|110|356|
2015-06-12|6|1_CTs|CT19||38|26|25|38|18|19|24|263|14|12|15|10|4|11|10|13|8|3|7|10|8|9|5|8|10|11|9|24|31|46|57|97|129|146|139|164|179|154|139|145|140|128|126|113|141|135|125|393|128|158|141|149|148|383|125|133|139|148|364|146|133|122|132|416|160|152|177|158|439|183|719|193|463|937|447|187|174|177|161|175|148|114|115|100|117|93|86|69|337|317|77|58|74|68|46|53|
2015-06-12|6|1_CTs|CT20||288|17|17|13|260|7|8|7|5|6|11|4|6|3|5|7|8|7|5|5|8|7|9|16|10|19|22|275|290|89|271|68|119|365|65|588|5|124|6|102|380|34|92|5|63|35|379|8|130|115|374|370|630|104|6|368|83|92|44|366|29|105|21|641|99|593|396|111|48|40|81|31|12|10|46|82|110|13|6|99|604|7|33|66|9|94|79|64|11|60|19|47|72|35|37|38|
2015-06-12|6|1_CTs|CT21||70|78|67|47|45|36|27|263|20|19|11|13|14|15|15|254|18|32|20|28|35|44|48|64|53|69|88|95|141|257|953|281|295|581|313|278|280|283|249|478|222|231|216|225|226|214|207|475|435|209|454|495|195|205|455|184|204|193|227|224|220|251|197|234|464|238|487|464|232|229|257|236|234|706|551|247|492|262|671|525|263|252|230|215|221|196|203|170|610|405|136|110|133|138|113|95|
2015-06-12|6|1_CTs|CT22||572|103|71|80|66|49|53|42|44|33|31|24|25|26|15|25|33|33|39|42|44|52|311|74|69|69|84|86|321|129|408|180|192|228|283|257|282|272|263|514|425|262|257|234|232|238|455|243|509|268|498|255|242|243|235|220|483|245|488|250|511|431|427|507|317|332|565|359|876|399|375|348|352|612|379|331|827|309|505|507|536|253|217|229|181|179|181|396|156|139|370|130|136|153|137|146|
2015-06-12|6|1_CTs|CT23||74|60|60|44|39|22|29|26|15|15|13|30|23|18|22|7|16|12|499|10|18|23|29|42|43|291|64|89|128|192|423|246|304|305|562|304|263|268|286|766|513|236|405|273|196|213|204|456|205|219|452|246|214|478|220|214|464|240|748|230|232|193|488|445|244|541|248|258|305|298|537|550|282|306|517|535|523|226|232|281|486|228|689|180|192|427|153|639|109|126|118|106|104|108|109|109|
2015-06-12|6|1_CTs|CT24||87|292|44|293|36|45|21|24|23|7|25|21|19|21|20|13|19|17|18|21|25|16|34|36|43|41|71|77|91|370|176|224|222|345|533|322|370|537|280|739|205|462|253|230|237|229|481|258|503|277|245|255|245|253|430|470|713|244|267|509|308|399|358|511|310|327|594|597|373|376|624|372|395|903|850|384|589|307|317|746|305|753|501|232|163|158|139|359|120|132|349|143|100|108|107|351|
