2013-01-08|6|1_CTs|CT1||2|1|2|1|0|0|0|1|0|0|0|0|1|0|2|1|0|1|1|0|2|2|2|3|4|11|15|3|3|8|11|10|15|17|9|9|14|9|6|6|4|8|6|3|7|4|9|4|4|4|3|7|7|1|8|3|8|4|6|7|3|3|6|1|5|6|4|5|4|10|6|8|4|6|1|2|2|2|1|3|3|2|0|1|2|1|2|2|2|1|6|8|12|1|2|2|
2013-01-08|6|1_CTs|CT3||11|11|12|11|3|1|2|6|2|1|3|0|1|2|1|4|3|8|8|7|14|25|26|40|24|35|34|29|35|42|45|50|80|84|83|80|70|67|67|57|44|43|46|52|41|39|42|46|42|38|37|43|39|45|45|28|40|46|39|34|39|55|50|44|42|51|41|58|56|45|47|62|38|56|61|50|44|32|30|32|48|26|26|27|26|13|19|4|16|12|12|14|19|20|16|10|
2013-01-08|6|1_CTs|CT4||9|3|4|5|1|2|5|2|0|2|0|1|2|2|2|2|1|0|0|1|1|1|0|0|3|2|1|3|6|5|11|28|66|42|16|28|26|25|24|32|22|24|29|22|29|29|24|14|33|26|24|31|33|31|25|22|29|24|13|21|37|26|44|45|30|36|46|43|44|33|53|54|47|50|50|62|51|41|46|29|36|21|28|16|12|26|17|16|14|7|6|13|7|10|10|10|
2013-01-08|6|1_CTs|CT5||21|12|18|5|3|8|6|4|6|2|4|2|4|1|1|3|2|3|2|2|4|2|6|11|11|5|7|13|15|23|38|48|57|62|76|86|76|29|49|68|51|52|69|59|65|66|74|59|56|66|57|58|49|70|50|50|55|77|77|69|61|60|59|79|73|66|56|66|76|73|77|67|63|72|82|65|71|59|58|56|38|42|33|35|38|31|29|24|25|27|26|19|20|17|15|15|
2013-01-08|6|1_CTs|CT6||22|10|19|6|5|5|5|7|5|4|3|4|5|4|4|7|5|3|8|1|5|11|6|11|19|17|16|21|34|38|47|81|154|210|189|181|163|158|117|119|112|130|98|99|96|91|108|106|93|105|85|93|93|99|93|112|120|104|91|119|120|111|107|106|97|113|103|137|130|128|118|122|135|124|125|111|120|121|115|90|124|97|78|62|59|60|60|66|48|54|52|46|61|53|28|35|
2013-01-08|6|1_CTs|CT7||5|3|4|2|1|1|1|2|1|0|0|0|0|2|0|3|0|1|0|0|0|3|0|1|1|5|3|5|7|7|9|26|29|33|34|45|47|37|32|36|35|18|18|15|28|15|31|25|19|23|29|31|25|21|18|15|20|17|24|24|27|27|24|29|26|24|32|28|34|32|37|27|35|36|32|26|23|18|12|21|17|18|15|12|7|20|6|7|14|3|9|4|8|5|2|4|
2013-01-08|6|1_CTs|CT8||45|30|22|24|19|16|18|11|12|12|10|12|14|7|14|9|7|6|10|5|12|12|13|28|24|29|40|57|64|98|148|199|231|205|190|179|170|179|186|193|163|127|132|137|129|138|143|150|102|152|140|150|142|135|147|157|149|166|160|158|163|140|138|146|144|153|158|169|165|188|179|170|193|210|202|182|169|152|167|160|146|132|96|95|83|76|87|87|66|83|58|57|56|52|58|47|
2013-01-08|6|1_CTs|CT9||40|44|23|24|28|12|19|9|5|12|10|9|4|5|9|8|3|8|4|6|14|11|24|26|40|41|44|74|82|102|166|304|313|361|370|380|347|317|263|256|199|183|200|208|191|205|194|200|190|155|187|172|206|212|204|170|207|230|177|218|249|240|350|213|214|270|240|213|223|286|310|305|269|298|328|268|261|223|205|163|167|143|142|121|124|101|103|100|102|91|73|84|61|67|56|60|
2013-01-08|6|1_CTs|CT10||31|26|23|17|13|9|14|6|5|15|7|4|5|7|6|2|3|2|5|2|17|8|16|17|27|34|31|38|74|78|77|139|184|172|183|220|225|196|195|173|165|154|159|150|164|172|158|136|147|142|141|153|129|153|136|131|112|150|171|130|157|135|167|163|176|182|202|233|213|234|218|233|225|225|228|213|188|178|166|179|152|135|121|109|86|91|76|78|57|62|50|38|53|43|46|29|
2013-01-08|6|1_CTs|CT11||39|23|15|10|22|11|10|7|9|5|6|2|7|3|6|7|11|6|6|3|12|15|18|20|37|32|62|80|80|140|213|342|401|371|351|331|309|327|281|266|222|203|172|195|165|182|181|169|173|152|176|220|207|217|168|184|162|225|215|195|179|228|222|187|189|204|228|188|210|238|233|245|199|202|218|161|155|158|133|128|139|132|119|123|89|68|76|74|70|85|36|15|23|48|51|29|
2013-01-08|6|1_CTs|CT12||34|20|21|18|22|21|10|12|7|10|7|7|5|5|7|3|6|6|5|3|9|14|20|16|30|28|39|43|69|86|99|172|253|309|248|267|296|256|214|206|192|183|176|174|164|162|198|171|165|159|175|188|185|182|152|179|156|193|193|170|171|180|197|184|200|212|255|269|249|289|280|318|276|266|298|307|236|240|182|177|162|159|122|115|97|84|82|73|64|64|62|45|52|47|48|32|
2013-01-08|6|1_CTs|CT13||28|29|19|8|13|8|9|7|6|3|8|6|0|4|6|8|1|2|4|2|10|10|20|20|39|33|41|45|61|70|102|195|214|235|245|288|270|208|186|167|152|135|176|151|144|139|164|143|151|127|131|146|157|156|137|143|152|155|148|161|160|170|257|155|170|193|195|187|185|231|228|240|204|235|250|246|171|167|142|111|112|94|92|79|70|72|71|55|63|42|47|54|40|34|35|34|
2013-01-08|6|1_CTs|CT14||18|18|17|15|10|12|6|11|3|8|7|2|5|3|5|1|2|5|6|2|7|9|7|23|11|19|24|20|31|28|41|49|76|93|94|115|98|116|88|98|79|93|75|79|82|109|107|115|122|89|102|99|96|110|87|104|88|105|106|101|91|128|112|93|107|127|122|137|142|140|151|173|170|153|181|152|128|147|111|107|95|98|76|70|59|54|42|42|45|36|47|38|27|29|30|30|
2013-01-08|6|1_CTs|CT15||14|9|8|7|4|2|2|2|10|3|5|0|7|8|5|4|3|1|6|0|7|6|15|15|28|19|28|27|31|41|80|130|190|177|194|199|138|132|102|111|93|70|94|79|72|75|91|77|79|74|76|75|72|90|57|68|87|81|73|77|73|88|122|66|86|99|78|95|89|104|99|100|92|112|115|105|72|74|67|54|50|41|34|36|38|31|25|19|29|22|32|15|20|16|15|16|
2013-01-08|6|1_CTs|CT16||36|24|37|17|20|7|14|12|7|13|4|3|3|6|4|6|7|3|5|3|10|10|11|17|20|41|37|45|59|111|129|224|295|268|237|281|285|272|249|243|192|173|166|199|169|190|180|155|155|157|159|208|174|200|172|147|149|176|210|182|170|174|180|211|204|205|206|215|228|203|222|246|217|221|221|182|156|145|146|164|161|133|105|142|96|84|82|87|83|76|69|35|49|49|46|30|
2013-01-08|6|1_CTs|CT17||24|11|14|13|10|10|8|3|3|3|1|7|3|2|2|0|1|7|0|1|0|2|4|1|3|12|7|13|10|24|23|58|82|106|72|88|106|92|81|76|59|63|67|76|68|67|83|65|85|80|73|68|72|60|75|54|66|90|76|75|88|88|79|87|85|94|91|88|84|104|90|88|77|96|88|90|125|108|88|74|86|65|64|62|69|54|42|39|36|47|42|37|23|21|30|33|
2013-01-08|6|1_CTs|CT18||57|42|51|25|24|21|20|13|18|9|13|10|11|11|9|8|10|8|11|10|12|16|22|24|33|41|52|57|72|111|157|244|294|349|320|346|312|293|297|297|258|263|224|250|237|224|255|201|208|241|221|228|230|235|214|186|202|237|246|227|255|223|204|261|254|264|253|298|278|306|299|286|256|284|301|288|237|226|241|219|191|158|164|157|126|128|141|118|104|117|104|74|87|79|74|57|
2013-01-08|6|1_CTs|CT19||31|27|29|20|14|15|17|9|10|14|4|11|2|5|8|5|3|6|2|6|4|5|5|6|8|14|10|15|16|43|46|77|183|179|159|190|184|170|144|154|147|117|127|118|148|123|146|131|134|128|146|134|142|155|127|137|133|128|128|145|130|166|139|141|158|186|167|188|191|198|204|217|199|199|197|215|193|186|147|135|125|125|101|91|98|90|74|61|51|62|60|56|38|37|44|56|
2013-01-08|6|1_CTs|CT20||16|11|13|8|10|5|3|3|3|0|7|5|8|4|3|2|1|2|2|7|6|7|14|19|20|20|20|19|42|31|54|70|124|166|95|56|153|132|132|132|96|42|73|117|118|129|91|38|122|57|67|111|101|7|71|107|14|114|124|139|128|132|103|129|132|112|47|132|146|83|61|124|124|106|75|125|117|46|90|77|40|67|74|68|41|42|61|49|43|45|48|45|33|23|27|27|
2013-01-08|6|1_CTs|CT21||67|51|36|28|17|14|10|16|16|7|7|12|11|9|10|11|16|16|19|19|25|29|34|42|63|63|73|84|127|176|240|301|355|350|387|381|298|329|298|321|243|236|253|252|217|218|199|219|196|208|227|231|227|211|219|219|212|254|248|229|227|230|268|224|231|222|226|218|246|245|244|265|226|263|263|262|222|194|184|171|182|158|148|117|105|92|114|84|76|96|72|75|76|90|59|60|
2013-01-08|6|1_CTs|CT22||70|76|49|40|36|31|28|23|19|28|18|9|11|16|14|16|12|21|20|35|31|56|49|66|71|60|65|72|86|95|159|183|200|251|248|276|244|237|258|244|227|224|211|206|244|214|251|262|276|260|288|273|246|254|241|234|230|225|241|267|252|290|258|280|278|284|288|328|341|329|393|343|365|322|346|329|306|298|273|283|261|215|201|159|139|137|116|144|124|103|102|110|93|98|99|90|
2013-01-08|6|1_CTs|CT23||58|54|45|33|28|19|23|19|10|14|15|8|19|15|16|11|11|11|10|6|18|25|28|38|40|47|62|84|100|129|214|313|348|382|367|378|303|317|303|296|294|213|232|231|191|200|217|218|183|252|234|255|219|201|227|246|256|260|259|232|245|234|253|242|217|296|272|271|278|325|311|302|299|359|352|294|292|259|252|232|217|215|178|142|139|121|110|120|118|104|94|83|83|80|74|70|
2013-01-08|6|1_CTs|CT24||63|54|46|45|21|24|21|25|20|19|12|7|18|13|20|10|12|8|9|9|26|22|25|37|52|54|47|88|92|123|161|181|259|349|301|378|352|314|332|298|258|269|255|270|236|254|234|252|264|256|270|223|242|248|236|217|255|267|293|268|320|249|281|252|298|322|311|327|340|363|383|368|400|415|392|393|356|351|343|282|279|289|219|173|159|141|156|136|121|95|112|88|93|97|74|81|
