2014-04-30|2|1_CTs|ct1||59|53|52|50|23|26|18|24|16|13|12|12|9|12|12|11|8|16|8|23|27|20|28|40|41|46|52|69|85|103|131|142|150|167|176|180|189|180|204|209|208|211|210|219|198|88|66|101|139|144|211|201|219|192|192|185|182|189|208|206|201|203|212|208|204|219|169|175|174|167|168|172|177|182|159|138|169|199|208|199|200|210|190|208|199|188|141|159|161|145|159|146|153|161|149|136|
2014-04-30|2|1_CTs|ct2||41|31|34|31|18|14|14|14|17|11|7|10|9|8|7|6|4|9|5|15|11|14|14|15|17|28|17|27|15|21|43|31|38|56|71|72|97|99|92|103|97|107|95|102|94|91|74|97|89|112|121|96|92|93|86|80|75|95|107|98|89|97|105|97|86|81|88|102|85|82|88|95|94|77|66|68|79|76|99|103|105|90|87|110|116|106|126|99|84|72|80|63|73|84|59|64|
2014-04-30|2|1_CTs|ct3||78|67|68|51|26|28|36|34|25|20|16|12|8|12|15|12|7|9|14|18|25|20|29|36|42|49|54|46|76|84|103|122|119|143|150|163|167|157|188|181|183|193|203|213|187|161|144|178|175|187|204|204|179|197|157|182|173|177|199|219|191|210|219|209|185|193|191|159|166|176|171|179|192|195|172|148|168|179|202|200|187|187|190|177|202|147|191|206|198|155|181|151|179|171|199|157|
2014-04-30|2|1_CTs|ct4||57|43|47|29|29|25|21|38|26|30|10|6|26|5|156|340|425|492|501|468|228|91|234|240|18|13|16|13|17|21|25|22|35|36|30|47|179|519|527|372|386|277|307|127|151|183|258|235|367|372|511|209|117|121|119|130|122|117|114|144|115|114|121|56|124|109|127|107|104|88|136|90|89|98|107|137|368|394|143|77|84|119|344|88|81|74|85|233|457|515|480|106|153|75|57|46|
2014-04-30|2|1_CTs|ct5||89|83|66|55|49|43|34|54|44|22|16|14|18|9|22|14|11|14|15|18|20|16|17|25|19|33|38|45|41|62|93|107|121|164|182|173|180|168|175|186|154|187|200|192|175|235|194|172|218|174|210|201|168|192|175|193|211|169|182|211|216|209|196|167|239|212|210|199|191|176|189|177|193|196|190|168|143|153|185|181|152|187|149|159|157|139|160|144|170|121|134|135|135|143|157|143|
2014-04-30|2|1_CTs|ct6||9|6|2|1|1|4|1|5|3|2|0|1|2|0|0|0|0|0|0|0|1|0|0|1|0|1|2|3|0|4|4|5|2|5|1|18|308|183|108|120|96|125|109|147|141|144|144|139|156|136|162|165|154|116|131|152|153|150|150|163|169|162|168|151|169|163|184|160|168|135|163|136|163|137|146|135|124|118|175|145|144|154|189|128|122|127|125|193|279|407|489|380|54|42|49|51|
2014-04-30|2|1_CTs|ct17||87|84|92|66|42|39|54|36|29|25|24|18|11|13|15|13|14|14|23|20|28|32|38|51|50|53|57|48|82|88|133|173|140|159|169|211|233|200|226|226|249|232|227|233|223|207|211|195|255|226|229|248|213|240|179|222|203|279|218|224|237|223|253|235|246|234|258|231|188|229|209|219|213|250|231|213|207|218|228|250|220|216|231|222|133|51|224|226|196|166|185|169|177|207|214|194|
2014-04-30|2|1_CTs|CT19||39|51|29|26|19|24|16|24|13|9|7|6|10|2|8|2|7|6|10|4|9|6|9|11|13|15|19|16|39|32|64|86|85|83|105|109|113|94|112|103|111|127|119|132|102|111|108|97|126|119|135|127|129|121|111|107|94|102|121|123|125|114|129|87|115|131|116|141|120|127|102|133|126|133|130|125|123|140|137|137|117|109|96|96|42|59|112|103|111|90|87|75|71|77|77|88|
2014-04-30|2|1_CTs|CT20||48|43|37|27|30|22|26|22|26|17|16|15|7|6|8|2|4|3|5|8|5|10|5|13|13|8|23|25|24|33|51|78|70|94|97|100|92|95|96|97|68|83|88|90|72|84|81|74|84|82|75|82|88|80|76|67|75|75|88|77|93|79|85|81|78|92|94|100|92|82|91|92|90|75|92|89|78|81|83|87|98|94|95|112|80|55|82|78|78|60|59|74|63|61|63|65|
2014-04-30|2|1_CTs|CT21||24|19|21|19|15|15|13|11|9|11|3|4|5|2|0|1|3|2|2|4|2|2|1|3|11|6|8|11|13|17|26|45|43|60|55|59|52|56|67|67|48|51|69|46|61|63|50|52|40|52|40|54|57|43|46|49|43|54|43|51|55|56|71|55|56|64|64|39|73|59|44|58|62|54|55|64|58|48|55|58|67|66|69|61|55|35|34|34|40|44|29|36|28|29|47|31|
