2011-04-23|3|1_CTs|ct1||73|44|37|46|30|29|18|24|23|23|23|9|14|11|4|8|10|6|10|6|10|6|11|11|11|19|22|30|22|28|34|39|38|27|41|43|48|53|75|77|88|75|82|78|91|95|96|83|108|114|111|101|79|80|86|82|97|78|91|92|131|96|107|118|139|92|104|116|113|101|108|113|88|94|78|83|85|90|83|85|107|107|110|85|94|66|72|60|66|56|50|61|81|338|71|87|
2011-04-23|3|1_CTs|ct3||181|167|126|136|105|85|78|72|64|75|65|57|47|38|38|30|34|41|49|31|32|23|45|44|55|70|90|98|66|78|89|94|99|95|124|120|143|163|196|220|220|222|212|213|263|279|244|223|245|266|256|272|206|222|210|200|231|225|225|240|290|286|274|343|305|267|314|293|296|247|290|277|248|260|201|253|243|267|227|237|261|285|286|257|266|242|202|212|182|187|171|184|217|530|213|269|
2011-04-23|3|1_CTs|ct5||130|140|76|111|77|80|104|85|70|88|89|48|61|89|69|57|51|68|69|46|32|45|62|62|77|62|68|83|71|71|75|103|80|78|88|139|133|130|151|158|136|161|170|180|195|166|165|236|204|218|195|224|250|225|167|170|218|192|186|227|237|224|273|252|262|260|250|221|267|224|207|212|234|216|244|235|242|230|255|258|208|224|201|174|198|187|208|182|151|156|168|183|199|207|199|154|
2011-04-23|3|1_CTs|ct6||97|81|78|72|75|50|59|48|43|34|44|41|38|46|25|24|23|18|28|21|19|20|19|24|17|21|27|25|31|26|27|54|42|54|65|81|56|77|94|82|93|109|104|116|120|103|115|114|112|107|113|145|134|144|119|91|104|96|101|108|118|109|139|131|137|150|166|138|138|125|133|115|101|138|114|103|130|134|137|154|155|145|89|92|69|66|56|62|60|66|61|69|77|88|92|69|
2011-04-23|3|1_CTs|ct7||123|103|95|115|116|85|76|80|70|73|73|59|64|69|55|47|40|36|28|30|32|38|26|42|27|24|27|39|33|29|31|41|42|56|45|68|58|74|70|90|92|100|87|117|129|119|132|128|149|168|135|178|168|160|127|117|105|107|126|109|125|116|140|137|162|151|179|169|143|153|162|147|166|169|143|148|182|185|196|185|144|162|117|113|79|64|86|76|101|96|88|107|113|118|103|119|
2011-04-23|3|1_CTs|ct9||86|64|72|78|74|79|73|83|50|49|60|50|38|65|62|44|53|57|52|34|31|30|24|27|27|77|30|29|25|40|40|48|43|48|61|49|49|57|62|70|78|74|102|90|93|86|72|78|81|73|98|84|75|93|83|83|60|75|57|80|80|81|86|103|108|90|93|81|85|81|96|83|82|83|87|84|92|74|92|98|97|89|80|82|63|53|68|57|62|67|46|72|87|100|76|102|
2011-04-23|3|1_CTs|ct10||65|69|46|57|73|62|70|58|50|82|52|59|65|69|55|50|61|73|51|38|47|30|50|44|40|28|27|42|32|27|26|16|21|29|31|23|22|26|38|42|46|44|36|53|46|57|55|65|56|76|65|75|80|65|61|57|59|64|55|51|63|63|64|82|73|79|77|89|83|82|75|79|80|66|72|77|84|64|74|82|69|93|78|46|57|74|82|60|56|57|58|63|79|60|70|71|
2011-04-23|3|1_CTs|CT11||17|21|14|17|18|16|20|21|9|16|20|12|9|8|13|15|12|12|12|12|15|13|14|10|12|13|18|24|16|16|22|13|22|23|22|26|22|21|23|30|30|20|32|32|27|36|41|34|23|29|35|29|27|37|24|34|26|26|29|25|24|31|31|35|35|31|33|28|25|24|30|32|31|33|30|25|20|45|28|25|35|31|29|32|25|29|21|23|21|9|21|21|27|25|35|17|
2011-04-23|3|1_CTs|CT12||28|33|18|31|31|33|36|27|25|43|27|27|33|35|32|32|34|49|29|21|30|17|35|29|18|23|13|22|23|18|17|11|12|17|16|10|10|12|11|22|19|21|14|17|14|22|18|27|25|20|13|14|27|16|13|12|21|24|20|9|15|20|16|26|25|23|19|28|28|19|24|26|21|16|19|18|24|16|22|26|27|33|31|15|27|31|32|27|38|21|21|38|33|32|30|28|
2011-04-23|3|1_CTs|CT16||16|15|7|14|14|15|14|26|11|5|13|17|8|10|9|12|13|11|7|9|16|12|8|12|11|14|10|7|13|5|8|9|8|13|8|13|15|9|10|9|17|10|13|5|14|10|10|19|15|16|13|13|20|21|10|11|11|12|2|24|11|10|16|12|15|17|11|22|18|18|21|17|21|13|18|13|21|16|22|19|18|26|12|18|18|7|11|15|9|12|12|8|11|22|21|20|
2011-04-23|3|1_CTs|ct17||95|69|42|62|51|72|44|55|44|51|45|50|39|55|28|34|33|50|53|32|41|39|37|57|38|35|33|36|31|32|29|51|44|57|48|36|76|60|65|83|82|74|76|88|101|96|93|119|119|138|120|138|130|119|126|106|108|93|85|111|136|122|128|121|132|157|141|148|146|131|117|151|143|162|112|152|142|152|136|130|137|134|117|116|112|110|105|90|73|69|85|99|126|96|83|102|
2011-04-23|3|1_CTs|ct18||91|88|55|88|90|90|96|80|55|97|64|79|81|67|64|61|82|92|58|45|70|47|65|56|56|41|43|54|42|38|40|48|38|40|41|40|37|52|63|63|70|66|64|60|68|84|91|95|96|111|101|97|110|103|103|91|76|90|78|84|100|80|116|94|96|116|114|126|128|103|102|122|127|117|99|110|123|113|114|123|107|143|109|80|100|101|104|85|79|72|75|94|120|97|100|101|
2011-04-23|3|1_CTs|ct19||0|0|0|1|0|0|0|0|0|0|1|0|1|1|0|0|0|0|1|0|0|0|2|7|2|2|5|5|3|2|3|6|4|6|8|4|2|8|4|6|5|12|5|5|7|4|5|7|2|4|6|4|7|5|5|4|5|7|5|6|5|3|5|3|6|11|2|5|3|3|7|1|5|3|9|3|4|1|8|4|3|8|5|8|1|5|6|6|3|6|0|3|1|2|0|0|
2011-04-23|3|1_CTs|ct20||83|63|68|50|33|51|44|43|25|24|27|16|16|21|14|16|11|9|16|15|11|19|22|12|9|18|25|30|25|26|26|33|36|36|40|48|47|36|61|65|64|60|68|68|71|70|79|86|93|74|92|76|84|86|70|71|59|88|86|79|88|103|101|108|108|91|102|108|115|83|98|87|94|90|114|95|83|92|117|103|88|111|104|91|106|80|82|67|54|68|65|62|88|100|75|77|
2011-04-23|3|1_CTs|ct22||9|5|6|2|5|5|2|1|2|1|2|3|1|0|3|2|1|2|5|2|2|3|4|5|5|6|5|2|3|4|2|5|4|1|3|0|5|3|3|7|7|6|15|7|10|5|6|7|8|3|10|12|10|12|5|11|4|6|7|8|9|9|5|5|15|13|5|10|9|4|2|15|8|6|6|13|6|7|13|5|7|6|5|10|6|10|2|3|4|5|5|5|7|9|32|7|
2011-04-23|3|1_CTs|CT23||84|61|48|40|35|32|42|16|39|35|26|14|30|14|13|26|15|14|9|10|7|11|12|15|15|22|12|21|29|35|36|32|26|37|41|63|47|50|67|66|69|88|92|101|70|97|120|117|140|127|144|106|135|121|114|96|97|88|89|102|155|113|93|134|128|143|123|130|113|124|100|137|120|133|124|129|121|149|121|123|153|142|103|71|88|54|71|62|73|67|49|77|98|88|96|80|
2011-04-23|3|1_CTs|ct24||175|206|159|132|106|126|108|102|71|62|51|70|46|45|50|38|27|32|37|53|35|60|78|65|87|100|159|152|141|175|247|299|193|218|272|296|247|277|354|380|402|361|410|435|412|471|455|407|446|432|478|451|397|463|399|381|426|408|436|477|503|534|572|569|506|481|498|513|527|454|445|422|445|475|443|474|494|430|473|510|446|479|433|415|369|317|310|286|233|244|240|283|315|321|272|275|
