2011-12-15|3|1_CTs|ct1||86|65|47|46|20|21|17|20|18|16|12|11|11|9|9|5|8|5|7|4|11|5|12|25|16|21|29|50|50|82|119|204|238|246|247|224|236|233|227|240|230|229|223|218|184|202|195|209|214|217|223|221|221|210|176|181|229|230|224|218|231|225|222|220|215|210|206|208|228|214|215|198|182|193|175|203|147|205|191|163|187|192|218|208|222|172|127|117|120|111|112|103|89|103|111|106|
2011-12-15|3|1_CTs|ct3||205|174|141|117|78|79|68|62|62|47|58|31|38|29|49|20|30|39|38|44|48|51|65|92|72|73|132|124|179|279|319|437|465|512|495|529|545|528|523|491|1015|505|469|499|460|459|453|462|516|434|460|543|464|483|464|432|458|478|507|470|485|481|486|469|499|408|409|406|455|360|364|249|334|316|297|294|263|382|336|247|371|405|458|498|511|411|271|250|257|283|252|266|246|283|236|265|
2011-12-15|3|1_CTs|ct5||357|310|322|268|266|193|186|124|109|414|501|285|89|76|89|70|63|175|609|1349|4148|5590|2366|1002|6380|8734|8930|9016|8691|8898|8556|8383|9646|11243|13309|10813|1790|1288|412|481|547|663|670|705|474|428|527|438|455|490|456|455|398|386|353|375|392|440|506|503|576|225|342|365|440|281|372|643|1753|2669|3127|495|311|248|283|418|282|879|477|550|366|437|571|417|343|323|363|309|241|244|242|172|228|291|2468|2545|
2011-12-15|3|1_CTs|ct6||179|136|115|76|76|69|64|38|44|45|28|20|30|18|22|23|24|24|21|17|6|17|16|17|18|21|22|36|36|66|89|140|158|180|208|219|217|230|190|194|157|160|172|185|167|187|175|194|215|208|208|206|218|247|219|209|206|201|227|222|216|226|201|245|198|247|253|300|293|310|298|199|264|145|223|137|224|131|96|91|91|112|214|215|209|175|185|168|172|145|152|149|136|167|172|178|
2011-12-15|3|1_CTs|ct7||162|168|142|88|92|64|60|55|56|58|44|37|27|20|21|24|10|14|22|15|16|12|18|21|27|25|30|29|55|73|78|104|131|166|172|206|191|180|189|177|169|194|166|181|188|181|208|207|189|205|225|241|219|190|201|201|221|208|236|248|200|177|162|178|123|129|168|147|160|170|161|161|147|162|162|137|161|162|195|175|188|173|157|141|162|162|141|131|113|118|130|137|124|173|173|234|
2011-12-15|3|1_CTs|ct9||123|104|76|99|69|77|61|58|51|61|57|47|46|42|43|34|45|35|38|23|33|31|20|24|27|26|42|51|65|71|130|158|206|189|229|246|199|204|175|271|190|184|199|179|199|152|145|380|495|203|170|161|727|335|463|429|344|334|404|345|91|129|176|243|208|50|47|117|107|128|146|145|236|180|215|152|199|291|189|212|202|210|181|154|162|115|105|111|107|109|126|109|120|110|125|106|
2011-12-15|3|1_CTs|ct10||96|83|97|71|69|39|57|46|34|41|38|43|19|36|23|23|22|19|20|16|22|24|16|23|40|29|26|31|33|35|62|86|136|136|125|153|151|154|145|148|140|107|129|112|126|151|128|140|147|118|164|152|110|120|116|135|119|128|151|128|143|138|147|156|147|134|119|150|146|150|123|160|146|143|126|138|141|126|141|118|105|128|119|119|104|107|99|103|88|84|62|86|77|105|84|97|
2011-12-15|3|1_CTs|CT11||42|35|21|25|19|23|27|21|15|22|7|18|13|17|17|24|19|28|23|17|11|15|15|14|16|17|22|17|39|37|53|50|41|44|57|56|72|49|47|63|55|59|56|57|53|60|54|65|57|57|72|60|58|61|52|59|62|67|56|58|63|59|57|61|65|46|54|56|59|57|58|47|38|50|56|49|52|66|56|52|57|64|67|52|47|42|43|41|36|52|45|55|45|36|51|40|
2011-12-15|3|1_CTs|CT12||30|26|27|20|28|17|23|18|20|27|21|18|10|19|7|16|16|13|10|10|14|17|14|15|23|13|20|12|19|13|17|22|29|30|26|24|34|31|40|43|36|32|43|43|28|45|41|45|34|39|44|48|44|38|37|39|28|41|45|38|42|45|40|39|30|39|26|62|38|32|35|38|27|38|33|47|44|39|41|27|34|29|32|37|43|51|21|39|32|28|19|21|24|24|29|28|
2011-12-15|3|1_CTs|ct14||0|0|0|0|0|0|0|0|0|0|0|0|0|0|0|0|0|0|0|0|0|0|0|0|0|0|0|0|0|0|0|0|0|0|0|0|0|0|0|0|0|0|0|0|0|0|0|0|0|0|0|0|0|0|0|0|0|0|0|0|0|0|1|0|0|0|0|0|0|0|0|0|0|0|0|0|0|0|0|0|0|0|0|0|0|0|0|0|0|0|0|0|0|0|0|0|
2011-12-15|3|1_CTs|CT16||28|22|17|17|22|21|17|14|6|12|15|11|11|7|4|12|5|9|7|3|2|4|6|5|4|3|7|6|10|18|18|22|32|32|39|39|39|40|43|38|42|42|37|36|31|47|37|33|35|42|31|34|24|41|38|23|40|40|37|29|47|57|44|34|26|47|65|51|62|63|56|71|63|62|64|49|61|55|35|49|33|43|36|30|38|33|27|33|18|29|25|25|16|30|20|35|
2011-12-15|3|1_CTs|ct17||86|73|82|62|57|46|43|23|30|27|33|29|28|18|20|17|19|20|26|18|18|19|23|23|35|37|39|56|64|72|125|214|314|314|329|318|228|299|304|327|248|238|229|245|220|265|215|270|241|223|213|260|227|222|198|220|195|202|250|232|249|250|252|246|245|280|238|256|253|264|190|211|229|181|240|259|216|247|206|222|214|201|227|185|185|171|172|134|114|110|95|123|113|112|139|128|
2011-12-15|3|1_CTs|ct18||132|119|127|91|91|64|65|56|38|60|36|46|24|37|37|24|33|31|26|25|27|29|27|34|53|43|49|58|69|69|113|157|234|241|252|239|231|231|231|232|214|174|190|173|195|214|185|197|187|190|168|218|180|170|194|141|199|185|237|199|181|228|203|250|147|201|180|181|210|213|169|191|187|180|180|201|219|205|210|168|175|189|202|181|158|153|146|168|136|120|128|144|114|138|129|148|
2011-12-15|3|1_CTs|ct19||0|1|0|2|0|0|1|0|0|1|0|0|0|0|0|0|0|0|0|0|0|1|0|2|3|5|6|4|10|7|8|7|6|8|8|10|10|9|11|9|9|3|8|9|10|5|8|5|10|8|5|9|7|6|8|6|4|7|9|6|16|4|5|8|7|10|5|13|6|2|12|10|6|9|5|10|3|8|11|6|10|6|9|4|4|6|5|1|3|4|0|2|1|3|0|1|
2011-12-15|3|1_CTs|ct20||121|93|59|75|48|50|38|26|27|33|21|21|17|13|16|10|11|14|16|11|24|13|19|26|21|35|56|79|100|123|163|212|216|116|67|131|165|146|203|176|208|132|158|170|192|222|195|198|205|225|226|232|39|15|17|120|188|197|190|216|58|150|233|224|233|245|233|166|245|225|165|154|144|68|72|174|50|14|19|23|26|37|20|21|125|174|140|138|117|132|128|135|117|129|121|118|
2011-12-15|3|1_CTs|ct22||9|9|3|4|3|7|0|0|3|2|2|3|2|1|0|1|1|3|2|4|2|1|3|3|5|0|0|5|5|6|13|15|18|14|26|20|23|25|21|24|22|24|21|21|33|22|35|25|23|31|35|32|23|22|21|24|25|23|26|33|24|36|25|41|51|51|52|60|62|53|60|56|43|64|56|53|24|1|37|50|38|38|24|17|12|14|15|18|9|10|13|6|12|9|6|7|
2011-12-15|3|1_CTs|CT23||132|96|89|68|36|44|25|38|23|28|28|25|28|14|13|18|4|10|11|5|13|6|9|8|20|23|15|37|44|82|104|168|227|240|281|282|300|265|248|216|195|189|186|207|189|193|224|203|226|243|270|276|257|256|235|231|232|250|251|267|283|257|270|285|319|288|341|333|388|380|365|294|305|365|308|332|280|366|310|247|268|216|292|254|293|215|217|223|204|176|196|195|173|184|173|162|
2011-12-15|3|1_CTs|ct24||191|182|161|138|90|101|81|75|55|54|34|41|33|40|37|39|22|40|47|51|49|47|89|130|136|214|313|517|695|919|958|923|962|962|972|967|921|848|890|954|884|964|972|960|863|836|883|842|844|852|967|918|864|820|782|821|811|911|922|943|877|853|929|829|783|886|845|898|856|923|922|792|862|908|956|911|922|790|821|881|820|828|718|582|495|458|434|422|348|382|347|337|321|349|338|267|
