2013-10-23|3|1_CTs|ct1||43|36|26|22|24|9|13|8|6|6|4|3|5|4|3|6|5|5|6|4|8|10|8|17|11|25|33|47|38|68|102|164|207|219|264|281|255|241|252|207|193|200|165|174|177|167|138|160|155|164|188|169|180|219|182|170|184|159|154|179|194|172|170|200|167|186|202|199|188|206|184|195|178|202|204|194|214|156|193|168|182|167|147|111|110|108|93|93|99|103|71|84|54|55|63|39|
2013-10-23|3|1_CTs|ct3||524|263|52|58|441|443|364|192|38|37|39|40|47|35|37|59|64|57|57|71|71|42|52|75|67|80|85|58|88|87|108|367|545|565|578|600|598|563|508|407|415|421|383|375|416|480|451|578|561|582|561|462|183|187|205|152|204|512|563|544|499|326|329|352|536|431|329|334|505|316|347|303|534|482|426|394|364|522|414|219|169|189|139|201|220|129|101|146|241|438|523|549|421|497|520|540|
2013-10-23|3|1_CTs|ct5||94|85|80|66|46|40|33|37|36|19|20|23|15|20|12|18|10|21|10|16|13|14|11|11|21|12|16|46|40|52|120|136|165|201|229|189|225|226|190|200|165|155|176|172|194|188|185|220|223|200|225|228|254|226|184|184|158|225|218|211|224|227|202|252|228|263|264|271|279|286|298|270|281|297|308|258|200|209|219|229|256|200|178|166|206|159|143|148|166|146|147|144|161|110|115|113|
2013-10-23|3|1_CTs|ct6||4|3|3|6|4|2|2|3|2|1|0|0|3|0|2|0|0|1|0|3|3|2|4|1|5|6|11|14|20|24|39|48|63|87|77|74|71|80|83|68|78|74|60|66|44|54|48|51|49|46|45|45|51|64|54|61|45|67|82|77|75|51|73|74|60|64|51|70|79|67|70|69|81|81|72|68|62|40|42|51|55|41|34|27|21|35|19|21|26|28|14|17|30|18|15|10|
2013-10-23|3|1_CTs|ct7||115|89|78|76|61|60|51|63|44|37|25|34|25|23|18|25|11|18|23|18|42|49|21|22|36|32|38|42|47|46|74|91|113|135|138|119|159|168|155|156|143|152|151|175|182|192|208|174|175|190|164|185|157|167|182|194|165|184|184|184|188|88|71|69|63|69|52|76|75|92|58|57|64|77|55|97|129|76|0|0|0|3|0|0|0|0|0|0|74|101|110|112|122|118|89|96|
2013-10-23|3|1_CTs|ct8||45|43|39|36|32|23|32|27|18|21|18|19|6|14|12|10|9|16|14|9|19|18|15|20|24|17|20|27|20|28|38|47|54|86|86|61|77|93|86|103|104|88|99|129|125|92|132|112|108|113|100|104|100|99|103|108|101|109|116|133|133|140|150|158|146|136|128|118|126|156|119|138|104|129|125|111|84|105|103|96|82|86|75|79|86|60|61|57|56|60|69|87|65|65|44|50|
2013-10-23|3|1_CTs|ct9||94|90|60|51|39|53|36|36|42|20|41|38|21|17|29|20|17|27|16|13|23|15|27|21|21|31|41|39|54|67|142|172|204|217|241|249|254|261|195|210|175|150|183|154|157|143|167|147|136|152|154|151|159|156|155|140|183|166|180|184|189|172|192|205|167|207|207|212|210|156|156|120|169|135|207|221|209|183|189|212|188|125|152|138|116|99|91|95|102|109|94|92|71|91|84|77|
2013-10-23|3|1_CTs|ct10||79|50|55|42|32|50|32|32|24|34|19|25|17|19|9|15|14|12|8|11|16|19|13|14|17|23|25|31|44|54|86|108|114|176|170|166|174|159|167|150|126|126|105|139|122|123|148|143|107|133|170|152|141|129|137|128|142|140|154|144|139|130|141|132|139|136|134|148|147|156|152|147|157|153|150|150|151|134|132|140|143|129|147|120|137|143|94|102|92|100|69|113|87|95|79|75|
2013-10-23|3|1_CTs|ct13||178|163|138|113|106|98|94|80|68|49|52|71|46|66|38|68|41|48|39|50|56|46|60|63|72|66|76|116|108|172|140|178|186|210|260|241|221|225|109|188|243|213|215|262|247|224|250|282|238|266|305|199|173|206|224|204|222|236|224|262|217|0|0|0|0|0|0|0|0|0|0|0|0|0|0|0|0|0|0|0|0|0|0|0|0|0|0|94|221|242|203|183|248|229|221|184|
2013-10-23|3|1_CTs|ct14||34|33|27|22|13|15|16|17|7|5|7|7|8|9|6|3|5|4|6|10|9|9|12|20|22|27|68|123|170|272|312|319|316|310|290|308|300|293|289|289|238|235|227|221|196|161|183|161|162|155|186|200|166|168|195|199|182|190|196|200|195|180|220|195|143|146|188|190|170|199|220|199|213|229|225|246|236|171|245|234|216|189|122|130|117|84|73|95|90|81|83|59|70|63|58|38|
2013-10-23|3|1_CTs|CT16||66|59|54|53|40|45|34|41|26|20|29|20|17|17|9|19|15|15|13|12|9|6|13|15|14|17|22|22|40|59|92|127|138|162|155|168|177|132|135|161|181|149|140|135|155|115|149|123|150|138|126|123|113|135|150|118|135|144|166|158|134|178|197|166|158|164|184|204|173|212|215|192|214|204|228|225|221|221|200|200|187|142|128|119|124|131|98|103|97|88|60|72|95|73|64|66|
2013-10-23|3|1_CTs|ct17||74|54|35|35|31|31|27|14|22|17|15|19|13|10|6|8|10|5|10|15|13|12|19|21|21|23|27|34|65|81|150|197|275|262|268|276|323|306|304|271|227|206|210|190|196|192|190|168|188|145|191|210|201|189|189|182|204|210|221|237|207|230|216|186|216|207|238|225|224|253|234|240|216|250|224|217|225|194|186|213|182|151|176|134|166|158|106|101|120|90|65|86|98|95|60|59|
2013-10-23|3|1_CTs|ct18||95|75|66|61|43|51|39|35|29|36|23|29|22|24|7|19|20|16|18|15|16|24|25|30|30|34|40|45|66|95|147|179|213|264|231|262|258|233|240|205|187|180|153|188|173|168|192|163|138|172|168|183|195|173|170|162|188|180|193|183|186|173|205|172|171|167|185|167|188|171|202|183|193|164|197|216|212|173|174|189|191|169|175|138|179|161|126|124|135|122|98|131|107|120|110|93|
2013-10-23|3|1_CTs|ct19||0|2|0|0|0|3|0|0|0|0|0|0|0|0|0|1|0|0|0|0|1|1|2|1|5|6|7|7|5|5|5|5|5|10|11|6|10|7|7|5|10|5|8|5|4|5|5|7|5|8|10|3|6|13|5|6|4|9|7|7|8|4|11|8|10|8|7|5|4|7|4|10|4|8|8|5|7|6|7|9|3|8|6|4|7|3|9|3|3|3|1|1|0|1|1|1|
2013-10-23|3|1_CTs|ct22||2|5|8|2|4|2|2|1|1|3|2|1|3|2|3|2|3|7|2|3|1|0|1|4|1|0|1|4|5|7|5|12|14|22|18|16|14|23|23|15|34|22|17|16|20|23|22|21|25|29|18|30|31|21|22|17|16|38|30|29|37|36|20|32|21|29|44|67|50|61|55|60|47|57|57|47|48|40|41|27|28|19|27|17|10|16|8|4|9|8|4|6|4|5|6|3|
2013-10-23|3|1_CTs|CT23||106|83|62|46|42|25|17|27|16|13|13|12|16|10|11|11|11|9|12|8|11|10|13|19|12|27|18|39|68|51|111|166|203|255|313|285|253|292|253|206|202|194|244|171|181|226|183|220|215|233|217|241|271|270|250|190|174|216|148|260|256|188|304|277|274|303|348|322|377|414|376|351|430|483|426|452|420|271|320|325|325|345|230|226|220|219|151|242|213|241|132|171|176|119|100|111|
2013-10-23|3|1_CTs|ct24||179|146|99|98|59|68|43|45|40|25|33|23|17|32|24|22|33|38|33|38|52|66|88|110|137|157|300|538|693|925|1028|926|854|887|844|928|912|806|897|932|928|857|870|874|824|771|748|751|680|743|837|901|759|750|758|757|759|871|819|845|742|787|770|677|684|738|781|801|716|808|791|731|813|883|759|808|781|643|885|786|838|717|529|526|424|367|314|335|313|316|310|258|299|257|206|173|
