2012-01-15|6|1_CTs|CT1||1|3|0|1|0|0|3|2|0|0|1|1|0|0|0|2|0|2|0|1|3|1|0|0|5|0|2|2|3|1|1|1|1|4|1|2|2|1|1|2|2|2|1|2|1|4|3|3|1|1|3|3|3|4|5|2|3|2|2|2|2|4|3|4|5|1|1|4|7|6|4|3|1|2|1|3|3|2|3|3|1|5|0|1|2|1|1|1|0|0|0|2|2|1|0|2|
2012-01-15|6|1_CTs|CT3||7|14|2|2|6|3|7|10|3|3|3|6|3|3|3|7|8|4|7|7|12|14|13|20|19|22|31|20|24|31|31|26|27|20|16|21|25|27|23|30|34|36|26|27|22|20|24|30|35|30|37|34|26|33|34|25|30|27|35|24|31|30|35|35|35|47|38|45|35|49|49|45|61|43|45|33|37|39|31|38|30|18|20|16|27|25|23|12|16|19|25|21|14|20|22|16|
2012-01-15|6|1_CTs|CT4||7|8|9|7|8|7|3|4|5|4|11|3|3|6|3|2|1|0|3|2|4|1|4|3|1|1|1|0|1|1|2|1|9|6|5|3|6|7|4|10|9|10|8|14|20|9|15|14|22|26|23|20|20|25|14|13|17|18|15|25|23|17|24|18|24|23|17|25|31|23|25|14|14|23|21|14|17|21|23|19|22|19|13|9|11|14|10|15|9|8|13|15|10|13|11|6|
2012-01-15|6|1_CTs|CT5||32|36|19|17|17|19|16|14|22|9|8|8|13|10|9|5|6|6|7|9|8|7|6|4|5|4|5|9|6|7|9|18|10|8|5|10|18|18|11|22|22|20|17|11|13|7|22|15|14|22|21|28|34|29|23|14|28|22|33|44|44|20|34|25|22|23|32|29|42|45|34|43|29|39|26|32|36|21|31|32|18|30|17|19|21|13|17|12|17|20|18|26|15|15|12|10|
2012-01-15|6|1_CTs|CT6||32|34|21|24|12|16|11|7|13|15|12|7|7|7|5|6|12|8|9|7|8|12|5|15|5|10|12|12|12|10|10|25|15|10|22|23|23|23|28|32|47|43|48|59|44|48|57|55|65|85|91|90|90|85|82|65|66|72|82|83|77|76|88|82|58|68|80|76|69|77|74|65|85|89|77|77|90|72|73|54|71|76|43|38|42|38|40|33|42|38|27|26|31|30|21|27|
2012-01-15|6|1_CTs|CT7||3|16|8|3|1|6|2|4|3|7|4|2|0|1|3|2|0|1|2|0|2|0|1|2|0|0|6|1|2|3|4|6|6|2|2|4|5|4|7|7|8|9|6|15|7|7|13|14|11|14|11|16|16|14|12|10|12|15|14|14|14|9|9|15|24|17|9|9|9|27|23|31|14|19|16|18|12|13|7|17|17|10|10|7|8|9|12|14|13|15|18|14|7|8|7|3|
2012-01-15|6|1_CTs|CT8||56|45|45|40|41|30|20|23|25|17|27|21|24|18|13|13|20|15|13|12|7|12|13|13|15|15|18|21|11|28|33|32|20|28|24|28|30|39|36|47|47|43|53|61|57|66|60|50|55|72|82|75|90|80|81|70|86|72|109|90|115|115|107|113|82|76|91|101|100|97|105|99|91|115|102|92|89|71|92|66|61|77|58|63|78|75|66|45|39|51|42|47|38|49|35|33|
2012-01-15|6|1_CTs|CT9||44|41|32|34|31|25|35|24|30|31|36|28|17|23|20|13|16|22|16|15|16|17|15|13|17|30|34|30|27|37|33|40|33|39|43|44|41|41|43|63|53|59|58|86|61|89|84|80|95|125|116|94|126|114|120|107|95|115|111|133|137|142|159|123|135|124|121|178|172|155|169|125|135|123|124|145|119|109|92|96|94|106|70|58|59|80|56|66|63|69|72|58|39|54|42|35|
2012-01-15|6|1_CTs|CT10||41|45|33|21|31|24|20|24|23|17|11|16|18|9|13|13|12|12|13|4|14|10|15|11|10|12|13|23|24|17|15|34|24|30|30|38|30|35|34|53|46|52|48|48|61|88|72|65|70|80|78|92|131|105|90|76|69|93|65|87|71|84|101|86|92|115|89|118|92|117|106|105|104|91|96|168|89|94|93|83|95|129|74|51|47|35|39|33|38|42|38|48|31|36|20|26|
2012-01-15|6|1_CTs|CT11||30|26|32|31|23|16|19|19|18|19|20|11|9|15|10|9|10|15|9|14|8|17|11|9|13|14|18|20|21|28|37|33|34|42|35|52|21|53|61|65|68|77|72|81|60|66|72|71|86|93|98|91|112|88|109|99|91|96|99|92|108|109|121|102|113|112|98|128|117|99|115|88|81|81|125|115|91|84|81|98|84|95|59|49|53|56|37|54|43|51|56|50|38|35|28|20|
2012-01-15|6|1_CTs|CT12||47|38|36|31|23|28|26|29|28|13|15|15|12|14|13|13|10|13|11|12|13|12|13|13|18|16|15|20|26|19|28|44|39|37|25|45|25|53|63|59|62|65|65|88|62|79|73|80|72|94|108|104|124|103|96|78|86|102|78|83|91|109|109|102|110|114|107|123|104|114|115|102|92|89|122|154|97|98|88|99|87|101|81|62|53|42|41|48|53|50|40|41|39|37|31|25|
2012-01-15|6|1_CTs|CT13||9|13|10|5|9|6|6|18|12|12|6|7|4|5|4|2|4|4|1|4|5|2|5|6|5|14|13|10|11|11|10|14|8|11|14|11|15|12|12|16|10|18|20|25|18|22|21|25|24|33|21|26|29|33|31|26|28|31|22|22|32|33|35|27|30|29|25|57|38|50|40|35|28|23|29|29|34|31|14|28|24|23|9|13|10|18|19|17|14|20|14|11|7|20|11|10|
2012-01-15|6|1_CTs|CT14||30|25|21|23|15|18|6|16|18|11|8|13|13|9|11|8|15|7|9|6|6|9|11|16|11|16|13|12|17|10|19|23|20|17|23|29|18|31|25|34|31|29|31|42|41|46|38|34|51|69|68|62|65|67|61|53|54|59|58|60|49|69|69|59|70|64|58|74|73|76|63|57|55|59|63|77|49|62|42|52|62|55|55|40|33|39|23|28|35|34|29|31|28|29|25|14|
2012-01-15|6|1_CTs|CT15||13|23|17|7|11|8|4|9|10|11|10|5|1|4|6|3|6|6|12|7|11|8|7|11|6|12|17|12|8|20|24|18|18|20|26|23|20|25|30|35|32|32|36|48|36|31|30|40|34|46|36|47|56|40|39|50|30|44|46|50|53|44|40|57|51|45|51|98|67|91|79|67|63|48|61|66|48|43|42|43|42|31|29|26|23|27|27|34|22|31|28|24|12|23|15|8|
2012-01-15|6|1_CTs|CT16||36|54|43|32|33|24|20|22|24|25|19|16|20|10|15|11|12|11|12|6|12|10|13|10|9|10|15|19|21|25|20|21|30|30|30|43|27|32|57|63|60|67|63|70|78|82|97|81|89|93|92|109|137|121|118|105|91|118|96|108|109|98|120|104|134|115|114|134|101|138|144|132|112|118|98|153|105|108|100|104|95|143|84|68|62|58|53|56|56|66|69|62|53|45|28|28|
2012-01-15|6|1_CTs|CT17||25|28|15|14|14|15|11|16|16|6|17|14|9|7|8|9|3|8|4|4|7|2|3|4|6|5|3|8|6|8|6|11|10|7|6|16|10|18|13|20|12|10|19|27|15|34|30|33|32|38|52|38|46|50|49|38|42|39|37|49|52|54|47|54|53|50|45|42|40|65|49|40|57|45|44|45|42|43|43|39|57|40|38|32|25|22|32|25|36|25|18|24|19|24|10|8|
2012-01-15|6|1_CTs|CT18||88|93|60|55|56|50|46|40|41|41|24|22|26|21|26|18|20|29|19|14|20|15|19|17|20|21|32|24|25|34|43|47|32|42|41|57|51|51|52|91|75|77|85|97|94|92|114|107|126|124|134|141|151|138|152|120|135|140|163|152|183|146|152|177|169|179|206|191|159|182|153|171|169|176|156|187|155|157|154|167|108|155|106|101|92|88|74|79|86|99|66|93|59|56|62|45|
2012-01-15|6|1_CTs|CT19||52|49|36|34|27|29|31|25|32|30|26|20|17|21|15|23|15|12|10|14|15|9|9|9|18|13|11|20|11|13|11|22|16|18|19|16|31|32|28|38|48|49|38|58|44|62|60|72|69|80|102|92|92|109|75|73|73|86|69|96|86|95|86|113|90|80|99|90|97|105|102|74|99|92|95|94|83|95|84|84|102|69|66|49|64|54|48|47|53|44|43|42|32|36|23|25|
2012-01-15|6|1_CTs|CT20||25|32|22|28|19|11|16|12|11|13|11|7|6|3|5|4|9|8|7|3|6|7|8|7|6|11|12|15|15|13|17|13|13|24|15|26|34|32|32|32|41|54|53|41|62|46|86|61|70|46|43|72|27|76|9|9|70|64|77|82|106|82|86|73|76|86|88|92|78|84|104|78|80|35|44|71|65|51|59|13|54|12|34|19|38|7|26|22|35|38|32|21|30|15|15|10|
2012-01-15|6|1_CTs|CT21||57|81|67|42|45|32|34|33|22|30|16|30|25|16|10|14|14|18|20|21|16|29|25|36|31|30|40|33|29|51|59|57|56|51|60|65|61|61|66|89|95|97|95|91|93|96|118|107|149|128|154|150|171|146|148|142|130|150|170|173|198|184|195|179|179|204|195|211|211|205|200|206|197|214|210|205|193|210|165|203|130|92|100|112|95|100|97|109|136|148|132|122|108|85|90|85|
2012-01-15|6|1_CTs|CT22||91|92|87|68|57|57|50|40|37|50|68|44|38|33|38|46|42|36|37|38|41|50|43|55|61|49|70|64|57|63|70|69|80|60|81|66|86|87|113|99|112|125|132|131|134|149|150|140|163|159|172|185|149|178|155|161|141|175|181|170|179|178|219|174|214|189|211|252|191|202|194|191|203|226|192|181|171|167|170|138|170|139|128|111|125|103|101|93|92|98|91|101|93|91|67|76|
2012-01-15|6|1_CTs|CT23||47|54|42|29|40|26|26|20|25|20|19|19|21|18|15|11|19|17|11|11|5|16|15|15|14|20|24|19|21|27|38|37|27|33|36|37|32|49|54|64|59|61|59|70|55|68|74|71|96|92|93|93|86|104|90|80|87|93|106|104|100|122|113|112|95|95|99|121|106|109|93|88|112|114|104|112|94|96|98|71|74|77|67|53|68|63|60|54|50|43|53|56|42|36|36|27|
2012-01-15|6|1_CTs|CT24||87|78|59|56|58|43|41|31|32|47|40|45|42|28|25|28|28|26|31|28|21|30|18|36|20|40|37|33|51|38|37|58|37|47|40|49|44|55|67|67|82|89|96|102|75|92|90|105|132|142|137|163|137|140|130|137|107|114|113|133|156|129|157|154|190|196|177|188|173|151|184|143|178|153|186|174|165|145|142|129|134|139|110|91|108|96|84|87|82|86|65|85|53|73|61|63|
