2011-06-20|6|1_CTs|CT1||0|1|0|1|0|0|0|1|0|0|2|1|0|0|0|1|0|2|3|1|3|2|0|7|5|6|19|7|6|12|6|12|15|33|9|9|8|7|16|30|7|4|4|1|9|4|7|1|6|2|7|5|9|6|6|4|8|5|7|9|8|4|7|4|8|6|8|4|6|6|6|4|6|7|9|4|4|3|3|6|3|5|2|2|3|1|3|2|0|3|2|13|27|4|4|3|
2011-06-20|6|1_CTs|CT3||30|13|12|19|13|12|4|5|3|3|2|0|4|0|0|3|4|2|7|8|11|26|21|41|41|53|60|58|60|60|75|92|116|110|146|138|110|103|106|93|70|57|60|75|50|73|58|59|64|53|67|63|60|48|47|59|66|55|54|52|45|47|49|53|49|70|68|60|70|63|73|83|59|65|71|51|54|47|49|43|38|25|29|23|26|28|36|31|28|32|21|13|22|16|20|14|
2011-06-20|6|1_CTs|CT4||9|7|5|4|2|2|0|5|1|0|0|2|0|1|0|2|1|1|1|1|1|1|2|1|2|3|2|1|11|10|11|15|33|34|34|27|25|15|30|31|15|20|23|8|23|25|14|31|20|30|28|32|39|34|14|15|22|22|34|24|36|45|31|30|39|25|37|29|49|47|39|50|40|58|44|44|37|42|37|40|42|26|22|21|22|18|16|17|13|16|11|13|13|12|13|6|
2011-06-20|6|1_CTs|CT5||22|20|17|6|11|8|9|5|4|7|7|7|4|2|1|2|3|4|7|9|9|4|8|9|10|16|25|27|31|21|39|48|71|59|66|92|75|60|66|97|75|62|62|65|74|69|52|60|40|61|76|78|59|67|60|77|79|80|75|82|50|74|57|71|67|73|65|79|62|75|24|45|66|67|59|60|49|56|45|36|31|30|43|44|32|47|46|31|36|25|29|32|35|31|17|28|
2011-06-20|6|1_CTs|CT6||29|15|16|14|4|8|5|4|2|4|2|4|2|3|4|3|5|1|2|5|7|10|11|13|14|22|20|22|40|43|70|93|121|168|189|175|178|152|118|136|113|111|91|108|90|97|96|112|104|95|107|103|85|104|94|87|108|129|113|118|105|113|107|103|116|109|119|132|143|134|135|120|117|135|130|132|121|109|125|101|104|83|70|81|93|83|58|68|55|66|67|42|49|44|28|32|
2011-06-20|6|1_CTs|CT7||5|3|4|5|2|2|1|0|3|0|0|2|1|1|0|1|0|3|1|1|1|2|1|1|3|7|3|11|10|12|13|33|27|43|44|34|40|28|33|29|22|34|37|19|30|25|33|20|26|24|24|22|25|27|26|20|30|15|27|22|25|22|25|16|19|27|26|24|13|31|28|38|27|32|34|34|26|17|17|16|21|14|17|20|13|10|14|10|10|12|16|8|5|4|8|6|
2011-06-20|6|1_CTs|CT8||50|40|33|25|12|27|8|13|13|14|8|9|14|8|6|7|8|6|4|6|10|16|9|24|27|36|38|72|77|128|168|205|231|222|248|204|204|196|234|194|176|158|154|154|143|132|132|142|128|145|150|144|140|162|137|156|152|183|153|147|161|137|118|170|142|146|150|180|148|179|169|169|177|207|181|159|149|165|151|163|145|133|113|118|104|77|106|84|91|99|78|79|55|77|60|54|
2011-06-20|6|1_CTs|CT9||41|54|35|36|30|15|11|16|23|10|9|10|11|5|2|5|5|9|10|8|14|14|19|49|25|49|38|78|109|166|231|270|291|332|333|331|282|238|274|271|212|209|188|210|166|196|194|186|170|177|187|234|213|198|193|230|205|191|202|194|231|213|199|218|192|250|268|281|227|283|269|265|276|260|261|247|228|218|218|185|186|162|138|149|119|105|115|121|111|97|76|69|93|56|53|56|
2011-06-20|6|1_CTs|CT10||43|29|21|19|10|9|14|9|8|9|7|9|12|5|4|4|4|2|8|7|5|9|15|18|26|33|37|51|57|87|107|147|161|195|199|204|141|116|154|152|146|162|147|140|151|166|180|146|141|153|139|175|166|145|155|135|147|146|156|149|146|180|155|157|167|181|172|196|199|184|185|211|212|209|215|218|201|174|159|142|137|133|110|102|106|102|91|69|71|67|61|48|54|38|48|42|
2011-06-20|6|1_CTs|CT11||35|29|12|25|22|10|9|13|18|7|3|6|11|4|1|5|3|4|7|7|15|14|15|44|30|40|26|93|116|161|251|310|357|309|297|323|286|143|255|269|203|192|194|184|181|162|194|175|172|159|172|196|196|155|159|189|176|189|199|212|205|178|154|160|151|173|207|182|213|229|206|220|198|196|177|173|147|115|143|136|119|121|116|99|95|77|90|69|65|77|50|41|72|58|42|41|
2011-06-20|6|1_CTs|CT12||38|21|14|22|11|9|10|13|13|5|4|8|12|7|5|9|2|2|4|9|7|14|14|20|23|32|42|62|54|98|134|160|198|243|270|259|234|153|221|226|200|179|163|164|171|162|182|155|168|161|142|181|185|159|140|145|169|169|165|157|187|187|182|181|180|207|224|217|253|252|235|286|242|260|278|247|255|206|177|178|160|181|128|111|126|110|83|77|62|75|73|64|56|39|38|49|
2011-06-20|6|1_CTs|CT13||212|18|15|20|9|10|4|4|9|2|4|4|5|1|1|3|2|40|14|9|5|9|10|9|11|21|13|36|34|70|101|136|122|185|273|211|185|189|201|190|156|176|152|120|103|109|116|129|152|114|143|114|140|127|164|134|153|126|145|137|142|150|141|153|135|202|183|183|146|203|181|212|179|194|195|163|176|154|160|138|121|114|113|98|104|87|71|74|76|63|71|54|52|35|35|37|
2011-06-20|6|1_CTs|CT14||27|14|24|7|10|8|7|6|9|7|7|3|8|5|2|5|2|4|3|8|4|7|13|13|21|25|24|29|30|47|58|62|84|99|112|115|106|97|120|97|96|95|93|97|94|112|116|100|103|101|112|104|110|96|98|85|96|116|105|81|119|109|123|120|113|132|121|118|127|153|148|166|151|166|158|138|134|120|115|116|115|102|91|70|82|81|72|62|55|55|45|49|40|41|33|39|
2011-06-20|6|1_CTs|CT15||28|21|15|17|8|2|8|4|5|1|2|3|4|0|5|3|4|6|10|4|9|18|12|20|15|19|20|41|62|66|104|140|141|190|170|170|130|144|141|97|105|106|93|79|81|95|62|81|68|58|81|80|90|85|80|90|81|70|78|89|89|62|65|69|68|69|88|95|81|93|90|79|93|85|76|88|86|73|61|70|57|54|51|59|38|33|37|34|36|50|30|30|14|27|24|18|
2011-06-20|6|1_CTs|CT16||47|38|22|28|15|19|15|12|17|8|5|11|6|8|3|4|3|6|10|3|6|9|12|24|28|38|42|73|81|103|156|201|248|236|279|283|226|122|218|231|232|204|195|193|184|187|223|201|182|168|171|196|194|191|185|172|184|169|185|188|180|199|168|160|164|206|184|197|210|216|200|239|228|206|213|212|169|159|174|136|120|121|134|111|115|100|125|82|95|82|67|55|73|53|64|43|
2011-06-20|6|1_CTs|CT17||4|3|6|7|4|0|0|6|2|0|2|2|1|0|1|0|0|0|3|1|0|2|1|2|2|3|3|2|8|21|12|24|28|26|33|41|41|36|39|25|23|32|18|26|20|30|40|30|26|26|30|33|27|31|25|28|24|43|21|21|34|18|30|24|32|39|28|48|34|50|33|33|39|35|39|54|63|59|46|34|44|26|27|19|13|17|18|14|18|12|15|13|4|10|4|5|
2011-06-20|6|1_CTs|CT18||66|53|44|29|29|24|31|12|16|16|15|14|12|6|7|8|9|10|14|11|18|18|20|24|37|47|52|71|99|126|162|227|280|281|317|324|295|238|268|306|281|277|246|232|232|243|256|246|208|200|237|248|227|233|214|209|248|284|229|271|223|250|214|246|216|256|258|291|261|269|284|300|272|301|306|270|240|236|234|211|170|170|171|153|145|159|161|122|111|106|100|111|118|90|75|76|
2011-06-20|6|1_CTs|CT19||19|31|24|21|19|17|14|15|15|4|4|7|7|5|4|10|7|8|4|4|3|5|8|7|10|22|8|15|27|39|59|106|120|136|148|173|168|168|136|152|124|110|102|159|133|145|153|132|144|135|125|139|156|148|127|121|127|144|144|142|148|139|146|130|150|157|149|195|160|192|177|184|180|223|200|202|192|202|178|160|149|146|110|103|104|81|81|80|64|75|74|58|47|56|38|50|
2011-06-20|6|1_CTs|CT20||19|14|8|7|13|7|6|7|4|2|2|2|2|4|4|4|1|4|9|9|10|8|10|17|18|18|25|35|55|52|69|84|110|133|165|158|144|55|82|120|104|107|113|127|111|115|82|98|23|88|101|108|102|100|103|105|109|66|67|134|56|86|127|113|103|97|111|133|145|143|129|144|74|136|123|114|70|122|31|84|85|60|72|75|70|65|15|49|60|46|47|55|30|23|33|28|
2011-06-20|6|1_CTs|CT21||102|76|80|42|58|37|34|30|16|10|18|14|18|9|6|14|3|11|15|11|22|33|26|36|46|79|94|120|145|216|269|319|351|375|368|344|327|309|330|284|284|257|273|264|259|257|239|226|220|235|245|237|225|229|209|176|210|245|261|250|248|234|258|226|209|232|237|244|241|268|253|259|252|264|267|218|235|243|179|188|172|181|148|142|120|116|141|125|123|116|103|81|102|85|87|73|
2011-06-20|6|1_CTs|CT22||88|76|64|54|46|39|50|32|26|24|21|17|14|18|17|16|11|17|25|29|37|26|50|68|79|94|98|123|117|154|191|197|231|251|309|286|272|293|281|300|264|233|238|247|244|248|226|261|267|295|279|274|242|264|271|220|261|263|279|271|284|299|251|288|291|288|349|361|350|382|369|351|322|350|385|365|312|330|333|296|274|244|223|186|183|165|171|146|159|167|148|146|114|114|110|89|
2011-06-20|6|1_CTs|CT23||72|58|48|36|26|31|18|23|19|19|7|9|17|13|8|12|5|9|6|12|12|16|23|32|50|61|61|113|123|197|261|306|347|380|380|372|326|306|323|323|275|239|227|252|241|227|235|227|235|246|262|246|247|239|234|236|241|265|269|262|243|250|224|249|250|257|256|262|280|315|265|310|303|328|323|282|285|267|300|242|236|213|204|186|173|133|162|143|129|157|112|125|99|88|92|76|
2011-06-20|6|1_CTs|CT24||74|59|44|30|21|29|33|14|11|17|18|10|11|12|10|6|10|10|9|19|18|25|29|31|52|56|64|109|120|141|185|209|261|288|300|303|309|290|299|305|265|274|268|265|249|279|252|267|243|244|271|243|245|234|234|241|245|244|248|262|290|294|286|280|267|324|302|324|353|367|340|362|351|401|354|371|352|330|317|292|297|244|214|211|199|160|158|124|113|138|132|111|117|108|89|94|
