2013-02-17|7|1_CTs|CT1||32|31|29|29|24|19|10|28|16|17|12|9|10|10|9|9|5|4|14|1|10|14|6|8|8|12|6|15|8|3|10|19|13|8|20|15|18|25|16|30|22|30|38|44|41|44|47|61|56|65|65|62|68|71|67|66|64|65|74|79|147|86|82|80|75|96|82|89|74|71|73|76|89|91|87|80|69|70|75|48|59|40|57|40|38|48|35|23|28|38|39|35|31|25|24|22|
2013-02-17|7|1_CTs|CT2||72|57|82|46|70|37|23|27|41|38|34|14|23|29|16|21|30|17|24|18|31|13|11|26|13|16|14|14|21|12|18|20|31|61|41|17|32|52|63|77|58|72|57|73|91|102|93|94|136|131|201|117|116|102|146|180|184|189|210|258|221|264|249|57|104|166|200|84|117|136|142|166|156|228|132|132|179|155|195|140|114|102|92|67|63|67|79|62|53|59|60|70|58|50|64|64|
2013-02-17|7|1_CTs|CT4||19|7|16|31|15|8|12|10|9|12|7|14|12|26|9|5|7|6|10|7|6|11|1|5|6|7|11|12|9|0|1|1|0|2|0|1|4|4|1|2|0|4|0|1|2|0|4|5|9|2|0|6|3|11|2|5|2|3|5|2|0|13|7|2|9|5|5|12|9|6|9|6|5|5|4|21|14|13|10|11|11|15|10|8|12|7|4|4|12|21|9|7|21|6|7|10|
2013-02-17|7|1_CTs|CT6||51|44|39|43|40|33|33|32|31|22|23|19|27|16|22|11|13|21|20|24|14|12|14|17|13|11|14|14|8|9|14|18|14|20|20|33|33|28|29|35|38|38|26|51|45|78|73|59|65|61|79|64|80|99|62|79|66|76|74|77|62|75|82|72|84|74|76|100|104|105|72|58|88|101|116|95|93|102|72|61|64|76|53|59|49|50|53|49|48|51|62|40|50|41|33|40|
2013-02-17|7|1_CTs|CT7||34|37|29|39|24|24|19|11|16|20|9|7|12|7|6|6|11|12|7|18|12|12|11|10|13|23|14|14|7|6|12|17|16|14|17|21|12|30|32|42|23|24|33|35|42|32|39|33|62|67|48|67|59|55|63|59|50|54|42|57|59|71|60|71|83|61|63|66|81|72|64|68|61|68|64|67|66|74|79|56|72|61|68|52|47|40|36|25|32|31|42|39|33|28|24|24|
2013-02-17|7|1_CTs|CT8||105|91|100|72|85|70|55|60|41|46|40|31|34|28|38|41|43|47|43|28|58|56|69|103|91|84|85|66|63|73|78|111|81|101|80|91|99|131|118|118|138|132|128|116|159|160|154|178|175|172|191|212|178|223|196|190|183|187|240|261|225|284|258|264|213|266|223|257|267|272|264|299|251|261|247|275|265|251|249|263|222|208|189|159|161|162|142|159|157|155|187|154|137|158|115|76|
2013-02-17|7|1_CTs|CT12||72|75|60|50|47|44|42|21|41|31|42|27|29|29|26|25|21|34|19|34|17|17|17|26|23|16|22|23|18|14|18|34|18|37|19|35|28|45|37|48|62|39|38|50|77|84|91|85|93|111|97|113|125|125|109|107|129|97|91|107|121|143|146|101|153|137|138|130|148|135|129|116|118|144|142|145|143|151|138|121|121|126|94|77|70|67|49|66|57|75|89|62|73|39|52|34|
2013-02-17|7|1_CTs|CT13||16|17|19|22|13|10|10|11|10|8|4|4|5|3|7|1|4|5|2|8|2|3|3|3|7|5|5|3|3|4|7|8|6|4|8|9|5|18|10|15|7|9|9|17|23|11|23|17|30|19|20|26|30|32|22|23|22|18|19|26|24|34|36|38|39|32|36|33|30|24|31|40|39|39|28|28|28|60|52|33|37|23|29|24|17|16|16|15|14|16|19|18|18|15|12|5|
2013-02-17|7|1_CTs|CT14||126|153|121|123|121|83|88|100|107|83|58|59|66|80|73|58|56|57|64|57|61|57|79|84|71|69|73|62|66|63|72|79|87|66|83|100|69|99|101|120|112|130|137|138|150|165|193|164|170|195|189|196|211|198|174|185|180|166|170|182|210|229|206|224|221|211|250|246|257|259|265|224|231|243|259|249|237|258|264|236|204|232|143|145|143|145|107|118|134|128|142|97|139|109|110|102|
2013-02-17|7|1_CTs|CT15||26|16|16|17|14|23|9|12|13|13|18|17|11|12|8|13|5|22|11|6|10|9|14|7|10|14|9|16|9|9|10|18|16|15|13|23|15|20|17|30|31|31|28|34|27|35|41|34|33|45|56|47|59|60|41|41|33|46|51|44|45|42|62|56|64|46|69|47|52|56|33|49|45|52|55|43|59|48|43|43|46|39|37|37|36|42|26|34|21|38|38|36|41|28|25|14|
