2011-03-25|6|1_CTs|CT1||0|2|0|1|0|0|1|1|0|0|0|4|0|0|2|1|0|2|2|1|3|2|3|7|3|14|4|7|5|6|11|11|47|62|14|17|15|8|10|5|5|12|5|6|4|3|5|4|6|5|7|7|8|5|8|6|8|6|6|2|7|1|9|7|8|11|7|7|5|5|8|7|11|12|5|8|2|5|2|7|8|4|6|0|4|3|2|3|1|1|1|25|18|2|1|4|
2011-03-25|6|1_CTs|CT3||17|5|2|10|10|6|4|5|1|1|1|0|5|5|3|2|5|5|5|6|13|14|22|25|38|46|42|56|46|67|62|103|108|123|153|123|152|130|114|126|80|60|62|62|50|55|43|64|51|65|55|68|54|60|70|61|61|67|53|73|59|60|89|67|60|60|81|106|82|67|78|92|75|82|90|101|86|77|50|52|46|36|29|37|37|46|33|42|36|40|19|22|19|18|12|19|
2011-03-25|6|1_CTs|CT6||40|21|17|13|15|6|11|6|10|4|9|7|5|2|10|6|7|3|5|6|12|10|4|13|9|23|21|32|47|51|101|110|129|200|186|181|156|158|155|115|133|125|107|138|90|103|104|103|117|100|113|127|111|138|127|100|132|116|120|115|136|137|129|130|101|132|125|143|165|149|124|145|150|133|126|126|110|151|112|107|104|110|100|94|91|79|69|69|62|65|69|51|40|41|53|51|
2011-03-25|6|1_CTs|CT7||4|3|1|3|3|3|3|1|2|4|1|2|0|0|1|0|3|3|0|0|2|1|5|4|3|4|10|8|9|15|15|35|39|32|46|35|35|31|31|40|25|31|27|24|18|31|18|31|26|31|29|36|28|32|21|25|29|20|23|27|19|25|25|25|27|21|29|42|25|34|25|26|32|19|18|28|20|24|19|35|25|20|22|18|15|17|17|11|16|6|9|11|15|5|2|5|
2011-03-25|6|1_CTs|CT8||53|49|36|29|18|21|12|25|13|13|14|11|20|10|5|4|9|8|11|8|7|17|19|23|35|35|43|79|109|153|195|243|257|252|229|242|215|243|245|240|191|199|189|155|167|157|151|161|150|147|162|166|162|142|165|167|175|176|193|172|179|164|177|172|169|166|176|194|177|178|207|204|214|200|202|181|174|187|163|188|170|152|151|156|114|105|111|105|98|101|96|98|75|80|72|96|
2011-03-25|6|1_CTs|CT9||67|52|39|45|24|27|19|15|23|24|18|13|17|15|17|8|16|7|11|13|24|24|34|39|36|60|60|76|116|188|278|294|351|360|423|435|412|411|414|431|330|309|232|215|195|189|188|225|201|190|208|225|229|204|192|222|237|218|236|238|241|197|217|247|222|241|282|342|369|353|372|378|384|375|326|383|376|368|340|329|280|266|194|208|167|160|137|130|118|121|107|90|104|116|110|100|
2011-03-25|6|1_CTs|CT10||48|36|38|25|18|22|13|20|11|14|13|15|21|16|15|13|3|13|13|12|15|22|18|27|36|42|41|49|77|87|143|177|177|204|216|223|221|249|232|222|178|165|164|179|159|147|154|163|154|165|188|169|150|190|132|157|191|172|168|182|174|161|201|205|212|240|220|223|250|261|248|235|230|256|287|202|229|247|217|213|218|209|179|141|125|121|115|100|102|102|87|63|98|65|55|53|
2011-03-25|6|1_CTs|CT11||36|36|26|16|14|14|10|14|7|10|9|12|11|8|14|3|9|6|8|8|23|21|24|48|34|56|90|100|118|208|298|339|359|332|353|334|291|261|295|272|298|275|217|191|193|187|192|200|178|179|198|191|195|201|174|200|207|189|209|190|226|178|193|208|189|221|228|217|216|210|215|216|231|207|168|155|147|179|187|191|201|173|176|138|123|95|102|85|77|85|56|25|62|59|65|52|
2011-03-25|6|1_CTs|CT12||39|34|37|33|16|23|16|16|11|14|11|14|15|9|13|11|5|12|10|10|10|21|24|25|32|35|43|58|79|98|149|207|253|283|267|278|267|253|288|275|196|214|182|192|153|198|160|198|207|210|226|220|193|237|143|174|186|191|171|196|207|212|216|241|236|266|298|290|289|320|311|286|292|292|327|309|316|330|264|260|234|199|200|143|128|128|126|101|114|88|93|65|77|60|55|56|
2011-03-25|6|1_CTs|CT13||13|11|8|5|7|6|2|3|5|5|6|3|2|4|3|1|4|2|3|4|8|8|10|10|14|17|18|22|28|45|44|64|79|79|105|105|112|104|126|112|69|148|108|140|85|112|101|104|96|109|127|124|109|92|112|99|113|107|127|137|115|116|112|124|132|116|142|188|199|216|136|193|222|200|154|187|222|162|183|137|111|101|81|97|84|79|53|48|49|44|47|49|45|52|41|56|
2011-03-25|6|1_CTs|CT14||37|23|22|23|11|14|15|6|9|11|8|8|7|7|3|12|3|8|7|5|14|12|21|14|15|24|28|29|45|53|60|84|106|122|113|116|124|142|149|147|126|116|108|97|98|103|91|112|115|119|124|120|116|122|108|114|108|127|125|119|119|136|136|178|158|143|190|156|159|205|200|157|187|189|211|191|173|201|191|179|157|145|116|99|92|71|74|59|69|70|60|64|56|53|57|57|
2011-03-25|6|1_CTs|CT15||15|13|12|17|13|11|7|7|6|4|5|6|3|4|5|5|9|5|8|2|12|11|12|20|16|31|32|39|47|95|129|173|205|205|255|229|241|225|224|183|162|146|104|97|86|88|67|74|94|91|92|83|99|81|68|84|100|85|88|87|85|72|74|92|83|86|98|146|142|147|161|178|169|170|154|165|171|140|148|138|76|73|85|60|53|44|44|38|36|28|28|29|20|25|15|22|
2011-03-25|6|1_CTs|CT16||50|42|40|20|22|20|15|15|9|12|12|8|16|13|12|9|7|14|11|8|17|17|25|32|22|41|58|81|79|131|201|248|294|306|286|283|267|227|251|230|234|253|221|200|192|193|203|184|196|204|203|226|185|209|180|191|210|179|197|216|200|200|203|209|196|186|222|227|228|235|224|220|219|216|224|195|182|194|175|178|193|182|184|138|134|122|139|105|107|114|75|72|99|59|71|57|
2011-03-25|6|1_CTs|CT17||4|6|10|8|1|5|2|3|5|2|1|5|3|3|2|1|1|1|2|2|1|1|2|2|5|0|3|5|11|11|22|28|33|34|35|36|37|48|27|31|27|43|25|32|26|33|32|35|50|35|35|35|36|24|22|23|30|34|30|27|45|41|52|39|45|39|46|45|47|40|46|71|37|44|39|52|87|54|47|47|37|32|27|24|20|24|24|16|25|11|8|14|14|21|21|8|
2011-03-25|6|1_CTs|CT20||22|14|20|16|8|6|11|14|9|6|7|7|5|10|11|8|7|7|5|7|10|7|15|13|19|26|27|33|37|62|79|86|130|82|158|170|178|78|92|139|127|81|135|106|137|77|67|138|106|51|84|95|44|129|60|94|121|25|44|87|139|33|113|121|7|125|76|83|156|133|149|157|75|177|163|150|92|137|133|64|59|7|115|98|78|86|96|56|71|55|65|66|79|68|62|57|
2011-03-25|6|1_CTs|CT21||77|74|58|32|27|34|20|17|22|20|10|13|12|6|7|8|13|11|17|23|26|23|41|61|54|68|95|150|162|252|300|349|360|389|375|333|329|332|369|355|311|341|308|255|255|234|232|232|240|252|247|208|243|233|240|217|242|263|281|278|257|262|254|247|226|238|250|308|286|310|318|311|311|323|356|312|286|275|277|259|250|220|204|181|153|144|151|117|133|129|110|121|106|102|107|81|
2011-03-25|6|1_CTs|CT22||96|102|77|50|57|42|31|23|35|28|32|20|32|21|18|21|15|24|22|26|35|27|58|71|72|84|92|102|122|151|176|215|276|272|290|351|295|262|267|266|265|236|243|256|273|245|275|286|300|303|292|278|275|275|286|254|298|302|289|329|357|307|337|326|353|388|377|391|407|436|443|404|396|428|382|425|397|397|345|348|361|313|279|247|231|212|216|188|219|205|175|158|136|116|134|125|
2011-03-25|6|1_CTs|CT23||85|66|46|37|31|30|21|31|27|24|24|16|24|18|13|11|14|13|15|13|13|25|40|39|50|54|76|110|136|211|302|360|391|414|373|409|379|370|380|360|293|284|299|284|271|263|246|274|240|235|266|245|261|220|238|267|274|277|281|328|294|277|293|273|306|263|308|344|348|328|367|352|362|350|369|342|337|321|336|274|302|281|229|217|182|168|179|168|163|154|117|151|119|111|110|103|
2011-03-25|6|1_CTs|CT24||82|75|63|50|35|27|43|27|29|26|22|25|23|11|14|13|14|11|18|22|14|24|28|32|46|57|70|106|116|164|204|247|262|324|319|316|343|338|340|319|304|244|255|276|279|254|266|262|279|283|267|292|272|279|266|282|256|256|242|240|368|359|319|349|310|395|366|292|400|404|439|424|420|421|420|390|385|426|362|398|387|309|265|251|206|181|144|161|152|162|158|138|132|133|121|120|
