2012-12-27|22|1_CTs|CT1||12|12|10|4|8|7|11|7|6|1|5|3|9|4|5|1|3|4|4|7|3|8|16|24|19|25|21|29|27|35|59|63|74|90|102|92|109|91|85|87|81|77|75|81|61|72|78|72|80|75|84|73|57|68|69|67|75|76|77|86|90|84|69|69|85|77|96|83|88|108|115|72|81|97|104|89|67|72|62|59|47|49|50|41|30|29|30|25|21|23|17|22|18|12|21|9|
2012-12-27|22|1_CTs|CT2||15|26|24|18|11|13|14|12|5|3|2|14|8|8|3|3|4|8|6|8|4|11|20|23|29|34|32|28|57|67|28|28|35|40|45|39|39|42|40|26|29|42|38|36|113|400|551|34|30|40|34|45|34|37|34|33|38|37|31|30|49|32|41|34|34|39|40|43|44|56|54|37|37|39|50|36|32|33|25|29|30|21|25|21|25|23|19|17|15|21|12|9|13|19|11|8|
2012-12-27|22|1_CTs|CT3||43|37|45|38|24|24|22|12|9|11|6|13|13|14|5|4|6|8|6|13|11|15|24|25|36|36|37|55|69|85|121|124|134|139|187|190|183|210|222|190|180|184|169|168|194|178|186|197|202|183|175|195|161|180|176|170|191|186|203|211|245|193|220|209|183|210|214|236|231|254|255|205|220|213|239|211|208|192|179|156|169|119|118|105|101|84|82|62|85|74|60|55|57|62|50|51|
2012-12-27|22|1_CTs|CT4||35|31|11|22|20|20|6|14|9|8|7|7|4|3|4|1|4|7|2|6|8|8|16|14|28|29|27|31|42|61|68|85|90|98|116|135|143|136|124|138|165|137|146|130|149|151|134|140|155|135|128|142|125|129|135|110|127|161|140|153|142|153|156|167|173|165|159|148|143|185|202|187|215|205|196|174|140|159|139|131|138|115|99|104|73|66|65|59|49|39|52|34|52|40|38|37|
2012-12-27|22|1_CTs|CT5||36|32|17|20|19|18|13|10|10|10|11|8|4|7|3|8|7|6|5|7|11|9|19|21|41|31|31|37|40|59|86|90|121|114|122|162|159|187|172|194|179|145|167|148|157|165|176|186|177|137|148|162|160|156|154|127|156|161|171|181|169|190|192|173|210|216|218|182|198|226|226|184|234|230|224|239|207|173|165|167|174|112|114|124|86|78|76|61|62|50|56|43|58|49|50|38|
2012-12-27|22|1_CTs|CT6||22|21|13|16|8|14|11|8|8|4|10|8|2|1|1|1|7|7|4|4|8|7|15|17|27|19|24|24|26|27|43|51|44|44|55|81|68|104|83|79|88|83|103|92|90|88|103|94|123|86|77|95|87|82|73|86|94|99|110|116|118|120|112|105|122|116|134|137|127|119|140|130|127|153|134|130|132|117|100|92|73|87|68|66|65|54|61|24|53|34|43|30|39|24|43|36|
2012-12-27|22|1_CTs|CT7||3|9|2|2|0|2|7|4|3|0|0|1|2|0|0|1|1|2|3|0|0|2|1|4|2|3|3|2|4|9|10|11|26|18|25|24|27|26|30|23|18|24|18|29|20|28|28|22|23|16|22|15|23|19|24|19|24|24|23|22|23|30|29|23|23|31|26|25|24|27|22|23|27|29|22|24|17|22|18|14|21|12|19|14|10|10|10|7|10|8|9|8|4|6|7|6|
2012-12-27|22|1_CTs|CT8||25|16|17|15|11|10|9|6|7|4|8|0|1|8|2|4|2|1|1|2|3|5|3|1|10|8|10|14|14|12|32|24|34|43|39|54|51|59|61|79|64|59|63|59|83|84|92|80|99|70|68|70|77|67|66|65|73|76|91|86|88|75|86|91|84|77|101|101|96|104|81|70|92|88|98|91|96|93|87|70|76|43|73|41|42|39|35|36|34|29|33|27|23|22|36|28|
2012-12-27|22|1_CTs|CT9||33|24|23|17|11|11|13|10|8|9|5|7|6|9|3|8|4|9|7|10|18|17|16|25|51|31|44|54|68|99|133|179|178|173|198|247|202|242|241|230|190|189|168|183|167|176|180|181|174|148|179|173|175|166|180|153|174|193|184|193|206|217|174|170|198|181|166|168|169|163|147|138|163|151|189|148|138|133|116|110|131|84|101|99|67|64|73|43|71|46|45|44|51|48|28|27|
2012-12-27|22|1_CTs|CT10||1|1|0|2|0|0|0|2|0|0|0|1|0|0|1|2|2|2|0|1|4|3|1|2|12|8|3|2|3|2|3|11|0|2|3|2|4|4|5|10|10|4|6|1|2|23|1|2|1|4|4|3|5|5|3|4|4|2|8|11|5|3|5|3|4|0|3|7|2|7|5|3|5|7|2|9|2|2|2|1|3|1|1|1|0|2|2|1|3|0|7|14|19|0|0|1|
