2016-05-07|3|1_CTs|ct1||587|314|65|48|69|38|39|36|25|26|18|12|12|14|15|14|8|9|13|3|5|16|9|16|18|19|16|284|37|35|43|53|46|579|66|72|81|79|91|111|346|365|609|91|105|114|98|123|106|123|118|129|117|115|106|370|131|378|129|116|397|117|138|130|120|111|106|634|120|380|133|375|124|120|128|120|122|143|390|135|108|141|120|96|80|67|56|55|62|305|51|82|117|130|402|376|
2016-05-07|3|1_CTs|ct3||85|81|348|63|69|51|64|44|289|27|24|21|22|18|283|11|16|18|22|15|12|275|20|17|292|31|36|51|42|55|54|71|65|81|83|102|92|117|105|123|112|120|400|118|109|108|128|126|121|635|119|372|113|127|115|112|371|134|131|382|120|122|103|96|374|132|131|145|129|106|116|127|103|363|103|380|107|136|123|369|383|126|403|382|107|378|90|93|83|331|334|95|125|103|357|88|
2016-05-07|3|1_CTs|ct5||162|418|222|668|374|134|124|108|98|81|69|62|570|318|304|45|36|34|30|25|24|19|28|18|26|26|30|27|45|280|72|85|72|96|363|129|144|107|166|138|380|144|171|155|413|151|429|688|186|229|206|231|208|254|264|218|231|426|184|692|692|461|447|183|478|238|248|456|715|475|461|230|205|478|497|218|201|203|202|486|467|437|425|376|90|82|350|80|100|81|111|368|119|431|400|145|
2016-05-07|3|1_CTs|ct6||24|11|9|8|7|6|7|15|7|2|8|7|260|2|7|5|7|4|4|3|4|4|4|4|4|8|3|5|10|6|18|16|14|17|26|19|17|23|23|21|24|19|28|283|23|28|32|30|33|33|38|38|36|27|24|42|26|277|289|37|35|37|35|34|28|22|24|25|296|34|41|30|21|37|26|25|28|22|37|32|27|28|30|29|15|13|12|16|14|16|20|17|24|18|12|16|
2016-05-07|3|1_CTs|ct7||412|408|164|396|127|376|377|387|107|107|110|84|81|100|78|77|307|296|801|291|44|34|46|45|55|51|45|43|43|61|71|54|318|66|75|80|326|90|93|102|363|107|123|131|146|124|132|142|636|157|397|410|396|404|122|125|144|131|129|123|387|640|391|154|155|646|152|166|159|424|166|132|156|411|152|144|135|134|388|153|140|113|351|130|106|355|97|105|359|350|100|134|114|130|117|110|
2016-05-07|3|1_CTs|ct8||105|358|324|94|99|79|78|332|52|58|55|51|37|44|40|31|38|295|288|27|19|17|24|23|28|20|32|24|25|32|37|20|33|40|49|56|61|59|59|67|65|67|75|78|101|86|78|105|100|332|339|101|90|610|86|85|106|81|353|94|95|109|357|113|115|625|106|112|106|364|116|83|104|349|86|75|355|99|348|615|101|307|60|86|65|326|330|73|324|329|304|65|75|352|80|333|
2016-05-07|3|1_CTs|ct9||131|376|141|382|151|184|116|100|104|96|95|77|64|100|94|332|321|342|57|62|55|60|312|43|53|41|42|60|44|57|87|100|82|108|110|136|170|129|445|165|180|225|177|304|299|169|137|572|188|174|220|407|176|216|426|276|213|577|660|804|948|2779|221|444|860|1248|343|1086|284|851|2220|1582|209|317|1127|1380|994|720|1201|3193|2579|1449|1120|386|111|96|115|630|116|443|103|104|122|117|117|107|
2016-05-07|3|1_CTs|ct10||146|119|126|115|124|145|116|117|86|110|100|99|102|103|71|94|75|68|69|71|39|54|49|52|47|47|59|37|45|42|41|58|41|47|52|72|70|74|68|90|115|118|99|96|110|123|122|126|112|121|131|123|125|138|133|142|140|124|132|95|110|120|145|130|129|108|121|144|124|147|129|150|123|121|130|98|105|124|130|97|131|113|114|119|110|94|91|84|84|91|82|88|95|98|96|102|
2016-05-07|3|1_CTs|ct13||278|251|761|218|220|239|214|204|148|480|424|173|168|161|124|170|113|159|393|142|85|128|102|104|102|106|116|118|166|114|136|156|155|396|184|184|177|169|219|215|228|498|219|232|241|311|242|397|252|212|257|498|240|238|254|470|479|503|488|249|245|268|221|326|212|250|202|255|220|223|215|535|182|186|259|279|262|498|260|224|265|271|224|450|242|182|215|476|236|227|239|188|198|268|218|469|
2016-05-07|3|1_CTs|ct14||57|72|322|50|38|29|26|26|21|27|21|20|280|22|12|8|17|16|13|9|17|17|15|12|17|27|38|62|46|69|366|112|75|345|116|395|415|660|150|149|134|141|124|376|141|135|129|388|130|95|120|123|394|142|108|142|136|383|387|118|405|130|139|143|382|114|116|135|632|139|131|134|144|122|388|394|122|144|392|139|140|125|389|110|112|82|80|68|71|336|82|88|66|81|329|87|
2016-05-07|3|1_CTs|CT16||147|425|145|409|117|162|357|94|114|92|77|61|58|349|72|319|51|69|51|43|298|54|50|54|40|44|27|53|37|70|317|111|75|73|98|85|356|87|123|135|123|126|134|385|125|141|131|200|201|155|199|436|151|173|189|152|155|153|136|161|405|680|164|162|143|138|173|425|144|154|178|176|165|418|169|148|169|150|449|153|405|130|146|386|121|85|110|82|113|353|75|92|97|347|124|113|
2016-05-07|3|1_CTs|ct19||0|0|0|0|0|0|0|0|0|0|0|0|0|0|0|0|0|0|0|0|0|0|0|0|0|0|0|0|0|0|0|0|0|0|0|0|1|0|0|0|0|0|0|0|0|0|0|0|0|0|0|0|0|0|0|0|0|0|0|0|0|0|0|0|0|0|0|0|0|0|0|0|0|0|0|0|0|0|0|0|0|0|0|0|0|0|0|0|0|0|0|0|0|0|0|0|
2016-05-07|3|1_CTs|ct20||0|0|0|0|0|0|0|0|0|0|0|0|0|0|0|0|0|0|0|0|0|0|0|0|0|0|0|0|0|0|0|0|1|0|0|0|1|0|0|0|0|0|0|0|0|0|0|0|0|0|0|0|0|0|0|0|0|0|0|0|0|0|0|0|0|0|0|0|52|1|0|0|0|0|0|0|0|0|0|0|3|0|0|0|0|0|0|0|0|0|0|0|0|0|0|0|
2016-05-07|3|1_CTs|ct22||262|10|12|7|6|8|0|3|3|2|1|1|3|1|1|5|3|1|1|0|2|3|3|0|5|3|1|3|0|4|8|1|9|3|4|5|6|7|10|7|8|9|8|13|7|12|267|17|13|275|18|16|14|7|4|10|15|2|7|10|8|10|10|267|22|9|10|10|6|12|6|6|15|15|5|9|8|17|9|8|10|11|9|11|17|10|4|4|4|3|0|4|8|9|10|4|
2016-05-07|3|1_CTs|CT23||427|180|143|120|124|108|80|60|70|58|42|46|37|23|283|35|30|27|25|33|18|32|279|20|12|284|25|301|31|302|67|98|90|92|104|148|109|159|405|431|676|438|1187|201|185|225|244|459|268|522|224|267|284|283|299|498|247|491|254|211|474|202|234|529|259|274|259|223|508|510|261|477|271|316|534|517|282|808|385|394|243|244|235|184|165|141|123|122|140|652|110|114|231|264|488|445|
2016-05-07|3|1_CTs|ct24||194|382|460|475|189|131|129|139|114|110|337|85|327|82|60|62|287|89|309|52|70|67|78|102|99|163|188|480|496|321|960|433|616|963|585|692|1178|877|793|1061|782|758|914|693|757|792|950|701|702|606|634|929|648|672|618|694|692|1126|640|625|914|616|615|711|709|580|678|954|1178|932|621|668|638|672|643|923|618|676|924|656|628|643|613|1344|563|198|189|343|636|900|612|601|520|285|412|426|
