2015-06-21|6|1_CTs|CT1||2|2|2|2|1|1|2|1|0|0|0|1|1|0|0|1|0|2|1|0|3|0|1|0|1|0|0|1|0|2|0|0|1|0|3|3|1|2|3|3|2|1|3|4|2|0|1|4|6|3|3|4|4|5|3|2|4|7|0|2|1|3|1|3|3|3|6|3|5|2|5|7|4|3|0|8|4|3|7|4|1|4|8|3|6|3|5|265|3|1|0|0|3|3|0|0|
2015-06-21|6|1_CTs|CT3||16|11|10|9|5|6|6|12|12|6|3|3|5|6|7|4|14|19|12|19|20|27|26|32|27|27|507|33|33|37|51|34|33|30|42|40|31|42|32|32|43|42|31|43|28|42|52|47|52|50|41|42|39|44|44|44|29|287|42|40|42|265|37|34|53|41|265|45|48|41|280|46|48|39|57|41|43|295|34|31|29|36|36|34|28|31|18|29|28|20|14|19|27|14|16|221|
2015-06-21|6|1_CTs|CT4||8|7|6|5|10|2|2|4|3|4|1|5|5|1|0|3|3|4|4|2|1|3|1|1|0|6|2|4|0|1|3|3|2|7|6|3|4|5|2|4|11|10|6|6|16|9|13|14|10|11|14|14|8|15|8|13|6|15|14|9|13|14|22|14|21|274|13|25|15|19|20|13|20|18|18|21|22|18|22|269|13|11|18|17|13|10|19|15|252|12|12|8|11|7|8|10|
2015-06-21|6|1_CTs|CT5||30|25|28|26|25|23|13|17|13|21|14|14|9|9|6|9|13|9|8|12|10|6|7|11|7|4|13|7|9|9|20|25|7|15|17|13|5|18|17|23|32|25|32|34|283|33|35|32|21|38|29|38|288|41|288|33|35|29|27|34|275|32|44|35|47|46|300|49|41|44|45|40|51|63|33|48|40|32|42|59|35|52|38|29|35|32|30|290|28|29|24|30|28|23|24|19|
2015-06-21|6|1_CTs|CT6||32|33|20|26|28|20|17|6|22|9|8|11|12|8|5|10|7|6|9|8|6|7|4|13|13|16|10|12|28|11|18|8|16|17|22|32|30|33|49|42|47|51|36|37|57|48|56|44|322|58|70|316|58|71|62|57|290|64|65|52|56|343|65|79|315|62|327|68|329|49|73|69|84|91|69|87|94|101|109|82|326|66|75|46|63|63|47|57|296|294|34|40|45|309|33|32|
2015-06-21|6|1_CTs|CT7||12|9|9|6|5|6|4|5|5|2|3|1|1|2|4|3|5|4|6|2|3|5|0|5|4|3|7|5|5|3|11|8|3|8|8|7|13|7|7|13|8|20|11|20|14|21|13|16|12|22|16|19|15|21|12|11|14|7|11|17|9|11|18|9|20|11|273|12|18|26|28|22|19|20|16|25|25|15|35|19|281|25|17|20|19|14|18|13|12|10|17|13|9|16|10|10|
2015-06-21|6|1_CTs|CT8||57|60|44|46|251|36|33|32|34|12|22|20|224|30|16|13|17|14|10|10|14|249|14|8|17|266|16|19|21|39|50|47|53|52|49|52|46|58|49|283|54|58|51|71|66|50|80|63|573|77|74|53|66|55|50|298|70|322|82|328|84|90|103|83|77|68|564|63|77|72|352|93|351|96|93|79|92|90|337|315|81|316|95|89|574|79|64|67|87|73|88|71|72|63|290|26|
2015-06-21|6|1_CTs|CT9||57|69|72|41|48|40|35|27|283|31|27|26|33|17|19|17|15|20|16|20|14|15|276|23|23|17|30|26|23|40|50|43|51|315|46|54|58|69|73|75|89|78|78|75|101|119|101|84|116|108|377|357|83|83|88|99|99|84|115|109|100|100|385|134|106|95|377|108|96|382|121|394|382|117|140|129|156|162|124|129|118|372|367|114|102|334|332|86|103|354|66|79|61|76|72|313|
2015-06-21|6|1_CTs|CT10||42|308|32|35|26|28|22|21|17|19|16|15|11|9|270|10|7|10|9|11|7|7|10|15|15|16|13|16|20|22|17|28|287|41|40|44|297|30|54|61|65|65|89|67|332|65|65|73|329|327|73|72|94|94|68|69|333|72|73|327|77|62|71|85|74|343|342|109|78|90|95|84|93|102|353|392|114|110|111|98|90|381|95|93|62|59|65|288|58|53|296|46|292|46|17|42|
2015-06-21|6|1_CTs|CT11||58|50|44|40|26|32|26|28|15|24|16|15|17|10|11|10|5|8|8|7|7|13|16|14|14|13|22|19|19|294|34|37|40|52|51|60|47|62|50|75|73|65|81|341|85|94|594|82|107|86|92|94|358|106|85|97|95|353|88|96|88|103|112|104|93|106|95|115|618|113|133|136|117|135|128|398|153|151|148|127|146|125|107|102|99|73|324|94|81|83|301|63|55|58|64|42|
2015-06-21|6|1_CTs|CT12||67|54|29|36|43|36|17|31|261|21|15|14|13|16|16|9|11|8|10|248|14|13|10|19|18|273|23|23|25|40|32|42|298|56|56|47|50|50|55|67|68|71|62|79|87|83|343|75|88|86|82|326|106|348|87|73|343|349|75|87|101|79|93|92|106|88|97|353|344|102|121|110|125|114|120|149|142|133|131|115|128|358|118|105|90|88|55|323|79|66|73|63|56|60|298|40|
2015-06-21|6|1_CTs|CT15||40|48|26|24|29|34|16|22|14|18|267|9|7|15|13|18|15|13|16|26|529|22|20|26|31|22|42|28|48|36|44|44|31|55|32|286|53|46|317|80|303|66|308|61|63|79|62|64|83|107|87|553|271|73|75|65|61|69|75|73|72|66|84|310|66|76|325|79|77|89|347|88|353|111|78|129|97|109|95|96|91|78|81|80|84|53|76|332|54|58|59|304|50|53|34|36|
2015-06-21|6|1_CTs|CT16||60|65|302|47|27|299|33|27|24|30|22|14|18|9|14|17|11|14|17|13|11|13|16|14|16|16|18|23|19|21|33|33|281|41|37|311|54|53|58|78|81|92|115|112|105|88|91|94|368|358|104|115|118|122|97|100|106|353|101|355|90|87|106|100|99|127|372|129|641|120|154|149|114|134|127|143|162|139|431|372|131|171|123|118|114|94|99|96|70|79|83|327|64|70|310|47|
2015-06-21|6|1_CTs|CT17||7|5|11|4|13|130|141|4|5|5|10|5|3|3|3|3|2|1|4|3|0|1|2|4|4|1|3|3|4|3|7|7|13|2|10|5|12|13|7|14|14|9|20|12|14|22|24|21|22|27|24|270|14|23|16|13|14|8|12|13|19|13|26|25|19|22|17|15|15|23|24|25|25|15|25|23|12|24|15|14|17|14|27|11|9|16|6|10|13|11|8|12|10|10|7|10|
2015-06-21|6|1_CTs|CT18||87|340|84|73|59|310|47|46|40|50|288|36|23|27|26|26|26|25|26|30|265|23|21|280|24|21|20|28|37|34|45|59|30|41|300|62|317|580|66|106|321|115|116|146|387|120|124|122|358|126|377|130|110|141|377|115|119|119|128|396|107|385|116|143|134|411|885|382|405|156|171|393|142|180|166|422|182|142|168|193|162|435|149|135|128|126|111|366|361|96|336|93|94|84|74|315|
2015-06-21|6|1_CTs|CT19||48|39|44|40|53|42|28|32|26|29|28|22|18|18|281|9|19|8|12|9|13|10|7|11|9|8|12|10|16|13|18|22|24|278|25|28|34|32|48|52|49|52|65|68|82|77|330|97|79|73|93|344|79|94|75|86|330|66|68|56|343|335|77|69|85|60|327|323|78|92|327|114|96|110|327|105|103|109|96|87|85|79|77|73|79|71|54|335|308|53|56|289|301|303|43|47|
2015-06-21|6|1_CTs|CT20||30|30|23|13|18|256|17|14|8|16|9|18|17|8|14|9|5|12|12|6|14|7|4|11|11|13|13|14|22|22|26|26|21|28|33|549|37|27|52|301|70|60|70|70|583|72|73|73|79|339|346|335|67|339|82|48|57|73|77|63|59|52|14|8|8|79|9|79|71|79|276|14|75|76|96|43|83|9|93|90|42|30|80|15|321|7|55|41|64|276|21|29|36|43|26|15|
2015-06-21|6|1_CTs|CT21||106|98|90|81|56|302|50|43|43|29|30|26|25|31|17|21|30|35|41|300|40|65|300|63|55|62|51|63|66|325|97|80|555|98|96|94|323|115|99|114|382|111|114|102|130|369|131|116|129|386|133|160|150|144|150|140|136|156|149|150|422|164|422|192|428|170|428|398|408|190|460|219|212|190|228|496|477|266|244|472|227|192|214|205|195|176|158|427|145|158|156|424|145|140|133|350|
2015-06-21|6|1_CTs|CT22||374|126|123|107|99|85|85|68|69|323|62|52|268|52|42|48|58|49|72|76|338|86|75|73|85|57|85|70|84|326|91|103|334|100|104|104|117|144|383|370|168|167|152|172|164|194|168|197|175|199|197|181|161|159|181|136|149|144|154|155|181|172|176|161|178|419|449|186|403|195|186|185|203|205|195|178|190|200|660|179|162|168|152|183|131|169|135|357|109|630|109|373|113|100|133|118|
2015-06-21|6|1_CTs|CT23||71|336|62|63|314|57|44|49|300|29|40|28|29|32|17|21|30|25|18|20|39|27|28|285|30|35|31|40|42|66|83|86|332|322|85|106|86|108|96|91|108|124|94|120|568|113|149|136|378|130|124|117|124|118|117|341|348|415|134|647|162|922|429|154|130|131|122|118|149|132|412|384|143|155|166|402|155|166|401|149|150|159|128|400|135|108|358|111|361|343|110|100|96|338|89|56|
2015-06-21|6|1_CTs|CT24||103|77|330|285|85|55|71|46|53|42|51|37|49|36|32|36|31|20|263|34|39|32|25|37|29|37|46|50|50|61|49|70|60|66|303|321|81|93|97|88|290|105|111|107|364|106|347|127|136|162|152|349|131|149|137|124|364|117|140|119|149|143|140|156|134|194|145|398|186|169|164|165|193|188|210|199|205|236|229|445|170|134|178|142|124|128|348|348|130|133|574|359|108|342|103|80|
