2012-12-22|6|1_CTs|CT1||1|2|0|1|3|1|1|1|1|0|0|1|0|0|0|1|0|1|1|0|3|2|2|1|2|11|2|2|2|0|0|2|0|3|0|2|1|0|4|5|6|5|7|9|1|4|3|2|2|8|3|2|3|0|2|4|5|1|1|2|3|5|3|2|4|3|4|3|3|2|1|1|2|1|6|2|3|1|4|3|2|4|3|0|2|1|1|2|3|0|5|32|12|1|2|1|
2012-12-22|6|1_CTs|CT3||9|11|20|17|11|11|9|6|11|4|7|5|4|4|5|7|9|15|21|23|19|20|25|36|33|37|37|42|35|32|34|41|42|45|27|31|27|39|48|38|43|46|42|40|33|45|38|27|40|44|46|41|37|23|20|36|42|30|34|35|37|41|30|46|31|40|42|37|35|41|34|39|26|29|29|32|26|31|21|30|14|22|10|18|23|24|22|16|18|15|15|22|15|17|12|20|
2012-12-22|6|1_CTs|CT4||11|19|6|10|8|9|5|3|4|8|4|4|7|4|3|5|2|4|3|9|2|3|4|1|5|1|1|2|5|5|7|5|5|9|7|17|10|13|6|27|15|22|18|21|19|17|30|9|15|29|2|8|3|20|24|20|15|12|9|24|25|1|5|5|22|20|21|17|11|14|29|27|20|29|17|24|21|20|22|22|33|20|18|13|19|13|16|10|9|14|10|7|15|9|11|12|
2012-12-22|6|1_CTs|CT5||27|20|34|31|21|19|17|15|20|13|17|9|10|8|11|12|12|5|13|9|9|7|6|13|12|15|14|16|7|3|20|22|15|4|18|29|23|35|40|48|42|47|41|43|34|29|30|21|37|39|50|45|52|54|49|50|67|53|41|58|66|36|55|43|44|51|46|45|41|37|58|61|79|66|56|57|49|34|66|35|39|51|55|37|35|31|46|34|29|22|25|31|29|27|20|19|
2012-12-22|6|1_CTs|CT6||33|27|41|20|38|17|24|11|16|15|10|8|10|10|15|13|8|5|14|12|10|16|18|25|16|18|16|15|13|26|20|26|23|23|44|42|56|59|63|59|63|81|96|71|102|123|113|114|120|109|114|126|148|122|119|98|82|98|94|94|116|104|102|134|107|104|86|129|99|100|106|73|121|99|97|70|69|89|78|75|92|80|73|48|68|44|47|59|40|35|45|28|27|34|36|38|
2012-12-22|6|1_CTs|CT7||8|8|9|7|1|2|3|2|3|4|1|1|2|0|2|0|2|2|2|2|2|3|1|4|4|8|5|6|5|6|8|10|9|7|14|9|6|14|15|15|20|10|13|28|23|24|16|27|36|33|21|25|24|33|18|32|19|11|21|21|24|19|24|23|19|27|30|17|15|16|18|20|28|19|16|9|19|12|15|22|11|13|13|7|22|10|7|10|6|5|7|4|4|9|7|8|
2012-12-22|6|1_CTs|CT8||84|56|80|45|47|35|33|47|27|27|28|19|25|24|21|22|30|21|21|17|9|14|31|25|29|23|19|41|36|35|78|52|57|47|69|84|78|76|81|92|101|113|112|115|91|124|107|133|114|107|107|97|96|96|112|100|112|128|120|112|124|117|127|124|114|127|120|119|126|113|123|108|121|120|104|111|113|100|105|103|114|123|88|96|84|70|70|70|72|75|47|52|48|64|59|58|
2012-12-22|6|1_CTs|CT9||71|95|86|71|48|41|51|50|26|35|30|31|30|20|28|25|17|20|16|35|18|17|28|31|36|37|40|49|47|53|60|73|74|72|96|76|81|97|107|127|118|122|150|150|159|141|156|204|179|179|179|190|175|167|168|169|161|175|140|163|180|170|188|174|173|200|193|178|149|167|146|156|179|159|152|141|135|149|156|139|118|122|106|81|91|106|86|74|58|48|71|66|65|68|70|77|
2012-12-22|6|1_CTs|CT10||46|45|38|34|35|26|30|25|30|15|25|12|16|13|12|12|11|12|10|10|17|10|20|25|23|20|33|29|30|40|36|54|59|53|70|75|80|84|128|102|121|115|116|117|139|150|156|190|175|162|136|137|132|148|138|105|120|113|103|115|129|140|150|148|166|194|163|156|181|152|146|132|135|109|120|121|120|118|118|125|91|93|94|89|78|61|58|50|47|39|48|42|58|33|40|40|
2012-12-22|6|1_CTs|CT11||53|54|35|27|31|26|22|26|20|17|18|16|9|18|15|13|12|11|11|16|21|18|22|42|28|18|47|43|37|48|65|92|57|100|103|114|114|124|138|160|139|147|162|179|164|175|173|225|193|176|192|172|164|149|110|153|141|157|137|158|173|158|165|161|164|146|175|137|142|141|139|124|142|118|130|113|96|130|125|104|112|111|104|95|71|75|63|60|46|41|30|43|58|37|55|50|
2012-12-22|6|1_CTs|CT12||55|42|45|31|34|32|32|31|31|28|29|16|22|13|18|14|14|8|11|11|23|16|22|34|32|30|41|36|36|36|47|69|53|72|77|87|86|101|130|129|148|143|144|144|159|173|178|273|226|206|183|195|178|183|145|121|129|148|131|142|166|160|156|179|193|186|199|167|178|166|156|134|149|129|130|137|146|120|146|143|99|104|103|79|91|73|63|63|55|50|52|47|67|43|44|57|
2012-12-22|6|1_CTs|CT13||48|58|58|37|27|22|29|28|16|21|16|10|14|7|13|13|9|9|11|19|10|14|14|26|29|35|37|40|35|36|47|60|60|53|69|76|57|73|87|83|95|95|118|124|153|108|113|137|167|144|155|151|132|155|120|115|109|112|111|117|131|115|131|122|138|127|151|111|105|105|97|106|106|97|95|83|85|105|90|99|74|67|72|41|71|63|52|58|49|32|48|42|37|45|32|32|
2012-12-22|6|1_CTs|CT14||41|47|50|26|28|27|26|18|19|19|19|14|11|8|17|7|16|9|5|10|15|15|18|19|17|25|20|34|27|27|39|32|37|50|39|49|50|61|52|65|60|71|87|66|87|87|84|177|157|114|105|111|92|101|92|90|79|84|92|104|90|113|114|112|140|134|138|118|123|114|119|89|96|89|94|88|106|79|70|85|68|51|56|49|59|39|53|45|49|34|41|41|39|27|35|35|
2012-12-22|6|1_CTs|CT15||16|23|19|20|12|14|10|10|7|8|5|10|6|2|4|10|5|12|8|12|8|20|19|25|19|16|23|24|26|19|29|40|40|38|43|52|45|49|69|67|81|57|76|82|73|73|96|68|64|70|65|83|66|57|55|70|55|56|64|64|57|73|67|58|58|58|82|44|60|63|54|42|69|57|50|52|48|53|57|48|45|39|41|26|46|29|26|23|19|11|27|17|23|32|18|20|
2012-12-22|6|1_CTs|CT16||65|54|45|44|27|27|29|27|31|21|24|16|13|16|15|17|12|16|10|11|19|19|20|30|25|32|42|38|39|45|56|67|68|85|101|110|113|102|149|133|158|134|160|190|184|194|182|191|221|210|207|201|156|175|143|179|163|174|140|159|186|170|179|169|171|178|182|169|190|170|159|166|161|156|138|144|120|146|136|138|118|134|106|106|103|77|76|68|53|46|33|49|55|41|55|42|
2012-12-22|6|1_CTs|CT17||36|37|31|38|20|26|23|27|13|23|17|17|19|10|19|10|11|9|1|8|13|7|8|8|16|9|12|16|9|12|18|15|20|26|26|24|33|36|57|59|35|60|55|57|59|63|65|105|83|79|86|80|86|83|84|65|72|82|66|57|73|77|80|74|73|82|89|87|75|82|73|74|76|75|80|58|74|79|83|81|62|55|63|41|52|48|35|26|21|24|35|22|26|34|37|43|
2012-12-22|6|1_CTs|CT18||114|82|101|78|69|40|54|47|45|41|43|32|27|28|27|39|33|27|28|23|25|29|29|45|39|51|50|52|47|48|69|91|75|66|96|133|123|144|180|166|185|206|197|224|238|250|254|275|257|260|279|239|225|222|210|229|244|251|214|223|255|218|246|252|252|257|256|288|260|230|249|238|236|232|212|222|194|174|202|166|158|195|163|118|140|120|135|115|104|94|82|99|92|85|78|73|
2012-12-22|6|1_CTs|CT19||58|61|44|41|41|39|31|38|23|39|28|29|33|29|32|25|11|20|17|21|17|21|16|15|17|14|20|24|18|14|30|29|32|35|61|46|63|69|79|114|106|110|116|116|117|127|156|182|180|165|179|202|176|171|144|130|151|155|132|110|139|169|148|159|164|153|151|165|182|161|162|152|166|144|158|157|161|159|158|130|114|113|104|81|85|88|76|80|58|52|58|59|51|60|67|56|
2012-12-22|6|1_CTs|CT20||48|60|46|36|26|15|28|17|18|17|6|7|13|13|11|12|4|9|8|7|8|18|20|19|17|14|22|17|33|32|32|30|41|45|51|61|70|70|82|104|116|135|121|122|11|138|128|140|113|46|3|24|71|20|139|69|99|136|119|128|139|138|135|84|143|58|63|10|7|128|57|65|66|57|68|103|78|109|85|17|5|62|28|42|83|51|51|46|45|46|40|44|31|45|36|32|
2012-12-22|6|1_CTs|CT21||107|93|83|73|59|43|42|38|41|34|28|38|26|24|25|27|27|37|27|26|31|40|50|51|62|53|53|73|65|92|89|121|96|115|140|151|156|141|147|198|184|162|180|201|208|230|224|198|200|212|184|202|198|179|207|200|173|193|217|187|215|227|244|226|231|215|231|238|216|225|190|215|194|227|182|185|181|180|158|162|158|148|170|143|112|126|121|111|100|84|88|91|86|111|99|89|
2012-12-22|6|1_CTs|CT22||132|141|118|113|89|81|69|66|81|76|55|59|64|43|53|50|50|67|58|58|57|70|75|73|72|88|87|71|99|102|103|121|113|120|134|136|130|177|174|197|186|209|212|240|244|275|260|284|274|284|289|290|289|262|264|247|244|244|255|242|276|277|278|286|268|297|269|273|304|272|261|275|274|264|277|282|298|258|264|221|211|222|179|159|156|130|137|123|125|129|113|129|103|120|117|103|
2012-12-22|6|1_CTs|CT23||121|92|106|82|67|48|55|64|39|34|27|31|37|34|33|28|32|39|26|38|8|32|44|48|38|46|45|53|64|52|80|90|80|98|122|145|118|127|138|148|167|189|187|189|188|194|184|180|205|195|191|185|178|182|176|171|193|189|195|166|179|174|212|191|191|202|189|199|192|196|188|190|192|181|165|184|176|162|154|163|160|170|156|154|132|103|117|83|97|91|76|70|70|91|67|82|
2012-12-22|6|1_CTs|CT24||145|114|106|70|72|79|70|66|56|50|48|40|53|40|50|46|29|36|31|45|41|37|40|46|58|56|46|62|56|84|75|88|73|86|91|115|122|124|140|151|137|177|170|150|194|212|216|228|242|222|255|248|222|256|215|194|210|187|192|204|219|210|231|245|242|267|262|251|252|229|244|228|222|235|212|222|218|202|207|207|211|187|169|159|110|105|96|103|98|102|91|89|119|102|94|104|
