2013-04-26|2|1_CTs|ct1||66|66|53|32|37|23|37|26|11|14|17|14|14|8|13|5|10|9|10|19|16|18|18|25|25|31|30|43|59|81|114|108|130|158|161|185|154|167|196|203|182|202|205|203|206|190|191|208|212|217|192|192|200|181|174|156|165|197|205|205|210|200|213|194|186|205|203|206|178|186|159|171|176|170|167|182|158|151|174|163|151|168|154|157|170|149|121|114|115|127|122|113|117|131|121|103|
2013-04-26|2|1_CTs|ct2||40|45|34|41|33|21|25|26|16|14|12|14|15|11|6|11|14|6|11|14|9|17|21|19|20|24|19|34|35|43|56|65|84|83|109|103|96|110|126|142|123|132|141|119|138|123|105|139|121|122|128|128|131|131|100|119|112|121|124|138|137|151|149|124|133|135|122|115|114|125|110|101|107|107|107|104|102|121|130|114|96|111|132|112|123|102|102|91|70|100|92|79|79|98|92|87|
2013-04-26|2|1_CTs|ct3||82|75|69|55|33|37|41|31|20|22|25|18|16|21|7|12|16|17|13|27|26|30|25|36|51|45|42|49|57|89|80|115|117|138|151|150|164|173|184|202|165|180|191|193|218|201|197|209|196|173|196|183|183|157|181|165|145|193|192|195|194|216|230|201|160|188|206|169|189|196|174|181|183|191|170|205|185|129|204|170|163|172|156|187|167|157|151|130|126|149|119|143|131|142|133|123|
2013-04-26|2|1_CTs|ct4||32|44|36|27|26|26|27|20|13|13|16|7|10|8|9|8|6|8|13|15|10|9|16|23|27|27|29|25|34|42|60|68|68|95|104|115|113|117|129|125|115|98|111|121|120|131|109|141|136|139|115|128|140|127|97|96|107|104|127|88|96|140|129|119|122|136|108|125|113|116|120|121|103|112|125|109|98|102|122|115|87|104|101|90|92|75|99|77|72|88|74|56|69|73|65|73|
2013-04-26|2|1_CTs|ct5||77|82|67|48|48|44|41|22|25|19|27|17|17|18|9|8|10|18|18|23|13|18|16|24|31|28|26|37|40|43|76|98|114|125|131|156|163|156|185|182|215|186|191|199|199|222|175|235|234|198|161|205|202|197|167|145|167|182|187|191|207|229|209|212|208|194|160|195|202|171|178|211|202|192|207|169|185|190|164|190|148|174|148|158|145|124|126|126|120|120|118|115|133|127|105|112|
2013-04-26|2|1_CTs|ct6||114|85|67|42|51|42|28|27|26|17|17|22|13|11|13|8|14|13|18|21|18|14|11|23|29|25|26|33|45|37|57|69|79|101|91|97|100|109|133|123|135|130|129|138|148|148|144|156|171|179|168|154|172|167|141|157|143|176|170|185|176|205|219|181|194|193|156|186|165|198|217|205|203|205|206|186|172|194|174|184|138|176|176|148|154|151|126|105|101|122|118|105|109|124|124|109|
2013-04-26|2|1_CTs|ct17||72|73|62|46|32|36|41|20|18|17|25|11|18|14|8|7|13|10|7|18|16|18|17|20|37|30|22|39|40|72|63|96|119|119|143|153|145|148|184|200|162|175|188|192|222|210|178|227|216|151|181|176|196|155|140|150|152|167|183|195|189|203|213|191|194|191|202|200|193|165|190|191|184|194|193|209|177|169|166|180|169|152|147|177|171|143|155|137|132|123|112|127|108|135|126|112|
2013-04-26|2|1_CTs|CT19||28|36|28|22|12|15|18|6|10|11|11|6|8|4|5|6|4|5|6|9|7|9|4|9|14|11|17|23|25|45|43|61|67|86|81|84|92|97|100|110|81|102|97|115|118|132|114|118|131|104|93|107|121|92|75|77|83|65|90|117|105|127|108|124|119|125|125|129|112|110|112|83|113|133|113|125|115|119|95|102|94|105|87|84|97|65|82|67|66|56|52|49|45|74|51|63|
2013-04-26|2|1_CTs|CT20||33|44|31|43|26|23|24|23|22|22|19|11|13|12|8|8|11|6|8|7|9|7|8|9|14|17|19|24|23|23|38|50|56|64|89|89|98|82|76|81|81|75|72|64|64|69|71|83|67|78|73|72|61|55|57|70|73|69|62|71|71|71|82|70|83|78|75|85|91|76|78|75|82|79|77|85|85|86|84|84|82|76|76|84|90|63|64|69|54|59|62|70|53|64|69|54|
2013-04-26|2|1_CTs|CT21||14|24|9|20|24|14|16|16|9|7|10|4|2|2|4|3|3|4|5|2|0|1|3|3|7|7|9|12|7|12|21|31|33|37|58|53|53|58|42|58|52|46|44|49|43|43|44|50|55|49|44|36|45|43|35|42|30|34|40|56|47|41|39|49|59|53|41|49|45|42|59|59|38|38|40|44|44|42|48|44|47|57|51|36|49|37|29|33|32|43|39|37|30|40|27|29|
