2012-10-21|3|1_CTs|ct1||111|110|67|76|54|45|45|43|47|31|23|14|20|30|16|25|20|10|9|15|12|14|9|6|13|13|18|14|11|14|22|20|23|24|35|30|33|37|41|43|38|41|65|56|69|52|74|77|77|70|62|87|101|89|99|88|82|74|93|93|115|94|110|110|94|107|96|101|113|88|100|77|37|118|101|92|87|92|101|65|80|94|83|74|66|74|66|63|61|44|45|44|60|38|46|31|
2012-10-21|3|1_CTs|ct3||222|200|149|171|104|119|103|106|107|72|60|58|55|59|54|52|45|40|29|52|29|29|31|45|36|62|42|53|35|41|42|57|44|49|63|63|63|61|76|89|60|66|101|102|119|107|135|115|106|134|118|150|158|143|144|160|146|135|177|155|161|182|179|190|184|190|192|189|186|151|149|148|92|191|163|146|155|150|180|132|151|164|164|114|112|116|121|95|84|68|74|91|90|90|81|83|
2012-10-21|3|1_CTs|ct5||179|157|128|138|123|130|110|118|98|87|71|64|64|55|52|60|51|42|56|55|55|44|42|70|57|50|44|45|72|56|72|108|60|67|50|80|51|77|89|99|110|85|89|118|105|103|111|121|101|145|141|129|119|150|144|121|141|115|126|164|179|190|187|220|209|218|183|180|179|177|155|207|179|189|200|194|194|231|176|194|162|179|193|169|140|118|120|140|126|93|114|129|127|96|89|97|
2012-10-21|3|1_CTs|ct6||145|148|128|129|93|89|78|60|76|58|64|60|53|59|57|48|49|39|49|39|34|26|24|28|26|17|27|28|17|23|36|36|43|48|48|62|55|47|51|44|55|55|61|64|67|61|83|71|80|102|100|101|90|117|93|86|82|100|75|95|89|87|110|114|116|134|126|144|114|118|111|120|132|112|117|108|96|121|114|100|101|102|82|68|93|76|63|71|52|64|151|79|89|81|80|80|
2012-10-21|3|1_CTs|ct9||110|93|114|120|108|118|111|104|73|86|93|84|65|61|65|66|59|55|50|39|37|37|42|41|26|43|30|33|35|39|36|33|35|39|49|52|80|51|56|51|58|59|75|66|62|67|71|101|82|79|88|104|110|87|79|70|73|90|85|96|105|103|130|123|113|131|111|126|129|111|111|107|132|125|141|115|88|100|110|82|100|77|75|98|81|74|77|56|58|70|78|73|69|80|73|51|
2012-10-21|3|1_CTs|ct10||119|103|99|88|99|110|93|88|100|87|90|90|82|92|86|88|85|82|73|84|67|53|65|52|41|66|56|38|31|27|29|28|27|31|25|31|33|33|32|57|47|38|46|46|52|71|46|66|64|71|57|63|72|85|60|73|85|75|90|60|72|93|96|88|97|90|90|92|101|93|89|110|103|99|89|113|106|79|90|82|87|78|87|71|69|71|62|52|60|49|53|71|64|56|60|57|
2012-10-21|3|1_CTs|ct14||0|0|0|0|1|0|0|0|0|1|1|0|0|0|0|0|0|0|0|0|0|0|0|0|0|0|0|0|0|0|0|0|0|0|0|0|0|0|0|0|0|1|1|0|0|0|0|1|0|0|1|0|0|1|0|0|0|0|0|0|0|0|0|0|0|0|0|0|0|0|0|0|1|0|0|0|0|0|0|0|0|0|0|0|0|0|0|0|0|0|0|0|0|0|0|0|
2012-10-21|3|1_CTs|ct15||0|0|0|0|2|0|0|0|2|2|0|0|0|0|0|0|0|0|0|0|0|0|0|0|0|0|0|0|0|0|0|0|0|0|0|0|0|0|0|0|0|0|1|0|0|0|1|1|1|0|2|0|1|1|1|0|0|0|0|0|0|0|0|0|0|0|1|0|2|1|1|0|1|1|0|2|0|0|1|0|0|0|1|0|0|1|0|0|3|2|0|0|1|1|1|0|
2012-10-21|3|1_CTs|CT16||105|78|87|99|77|107|100|103|77|56|74|57|35|92|64|52|56|48|54|42|33|34|28|29|26|24|21|34|27|21|22|12|22|20|26|23|31|19|24|23|35|39|43|44|48|38|63|74|57|68|60|78|66|66|49|66|48|52|59|62|83|81|89|110|83|91|83|100|112|83|111|74|86|94|127|98|84|98|115|78|87|149|68|115|82|61|64|75|92|145|71|54|60|88|47|50|
2012-10-21|3|1_CTs|ct17||112|119|106|111|114|116|79|85|69|61|58|56|51|68|50|48|56|48|63|43|43|46|35|38|36|48|31|43|26|32|35|30|42|33|42|44|47|45|45|78|71|68|73|85|83|98|87|131|99|117|128|129|140|141|144|127|115|119|129|122|125|127|141|138|147|137|129|132|122|147|140|145|178|156|181|155|153|134|135|131|120|109|127|102|75|73|64|76|87|53|72|79|74|58|53|43|
2012-10-21|3|1_CTs|ct18||162|138|127|138|147|156|131|127|133|113|120|114|109|117|98|106|106|101|95|102|82|65|79|55|54|73|64|64|45|43|39|32|44|30|43|49|40|43|47|70|61|59|67|78|71|101|66|95|102|100|79|97|103|118|90|95|110|110|128|87|111|126|132|136|140|124|123|135|147|140|111|155|153|147|135|138|165|128|137|128|108|113|120|110|81|85|77|69|78|63|64|94|89|77|75|66|
2012-10-21|3|1_CTs|ct19||1|1|1|1|1|0|0|1|0|0|1|0|0|0|0|1|1|0|0|0|0|0|3|2|0|3|0|1|4|1|2|0|1|1|0|3|1|2|3|3|2|2|3|0|3|2|2|2|1|3|3|2|5|2|4|4|2|2|1|2|3|5|8|1|3|4|2|6|1|3|3|1|5|3|3|3|1|2|4|4|2|3|2|2|2|4|0|3|0|4|1|0|0|0|0|2|
2012-10-21|3|1_CTs|ct22||12|8|8|4|3|5|6|4|13|5|2|3|4|11|10|4|3|1|5|2|4|1|2|1|3|0|2|1|1|3|1|0|2|3|3|3|2|3|5|7|2|5|3|1|5|2|10|11|2|5|7|6|8|4|6|1|4|3|11|6|7|4|11|8|11|11|7|12|13|10|8|5|12|11|8|15|9|3|8|6|5|10|9|5|10|14|5|1|5|3|8|2|4|4|8|15|
2012-10-21|3|1_CTs|CT23||190|129|88|68|58|58|53|60|47|38|35|46|56|71|55|30|36|15|26|33|28|33|14|15|23|22|22|16|23|22|39|34|62|52|47|54|53|60|44|49|59|55|81|104|105|115|100|103|142|120|135|137|157|150|110|116|115|105|95|126|126|147|137|162|143|131|137|171|168|154|174|143|128|152|146|173|141|124|153|137|147|145|118|90|97|99|85|91|85|65|81|70|102|66|88|73|
2012-10-21|3|1_CTs|ct24||328|306|268|282|234|247|211|185|137|93|105|109|78|84|77|68|49|51|49|42|45|41|38|76|57|73|102|110|98|132|194|205|142|123|176|217|205|207|282|272|276|282|333|327|377|385|374|402|427|442|475|512|484|450|481|411|370|468|461|547|574|594|689|694|637|592|562|607|572|603|610|673|630|614|643|563|605|548|542|464|449|489|391|341|329|302|293|312|272|281|227|233|261|262|206|158|
