2017-09-29|3|1_CTs|ct1||53|44|38|34|31|16|16|7|14|9|9|10|8|261|5|6|5|4|4|5|5|7|9|16|17|19|33|35|49|77|138|423|184|431|462|685|144|175|432|169|165|397|379|408|400|155|132|381|124|149|138|159|385|279|269|128|399|142|399|409|154|431|163|142|399|413|149|684|180|440|446|441|194|659|929|173|691|174|166|414|425|405|410|149|390|109|96|97|101|100|331|64|329|71|76|79|
2017-09-29|3|1_CTs|ct3||289|262|187|195|155|123|619|66|356|68|71|70|66|306|43|54|285|35|49|59|48|56|68|317|340|89|134|150|673|245|633|735|785|534|878|549|506|511|842|336|613|907|596|548|267|403|468|414|709|479|1053|759|555|741|747|431|731|741|751|731|744|523|780|766|544|572|540|849|587|847|612|581|1028|874|792|558|498|538|553|546|1058|759|734|485|436|410|622|411|392|361|357|586|355|340|618|377|
2017-09-29|3|1_CTs|ct5||212|231|505|461|117|598|82|61|72|290|51|33|26|276|30|17|23|28|28|19|19|5|28|20|29|283|546|68|51|111|148|688|473|509|255|492|259|485|994|458|212|199|473|480|461|474|226|485|529|529|508|290|265|525|266|248|237|912|540|519|1041|796|562|1052|296|567|542|1271|360|603|366|357|314|843|565|573|526|313|285|284|287|266|279|219|221|207|159|170|440|196|168|159|187|192|230|507|
2017-09-29|3|1_CTs|ct6||20|11|8|11|8|6|4|3|4|2|2|4|3|2|0|0|2|0|3|2|5|2|0|7|11|7|17|25|36|32|51|71|316|79|72|83|94|319|75|55|305|59|63|62|321|67|59|73|52|55|300|48|58|52|72|47|64|284|54|563|64|66|65|310|43|72|555|542|312|58|66|56|77|328|338|61|329|55|54|306|38|53|48|282|292|28|292|25|24|22|32|20|18|16|24|19|
2017-09-29|3|1_CTs|ct7||0|0|0|0|0|0|0|72|575|50|56|39|37|28|28|25|24|33|23|25|31|23|27|41|42|35|292|59|65|66|86|95|114|122|156|146|147|124|143|145|162|140|152|144|165|169|167|180|163|180|380|131|154|146|412|387|403|161|173|155|130|77|85|69|56|65|62|48|0|0|0|48|93|57|89|94|155|413|675|143|180|164|421|162|162|166|140|141|140|666|139|133|146|159|162|176|
2017-09-29|3|1_CTs|ct8||96|132|392|67|55|307|36|36|282|28|26|272|16|17|17|14|16|13|7|11|17|7|13|23|19|23|272|37|41|44|47|45|72|70|92|96|106|93|101|108|365|109|113|99|126|109|115|134|118|127|396|150|367|125|126|101|109|132|122|133|138|152|144|139|146|143|129|126|153|402|380|145|145|152|152|126|117|374|356|108|116|119|126|105|115|111|101|98|93|89|104|92|360|102|389|111|
2017-09-29|3|1_CTs|ct9||225|134|388|153|109|201|336|94|311|73|65|324|47|47|53|27|301|28|32|277|25|41|38|37|40|34|49|310|346|307|559|1329|575|888|1668|958|392|1983|902|458|732|1971|2202|495|1229|1960|3079|3563|2386|1949|2246|2993|156|1282|2881|3593|3251|2444|2968|2901|2832|3327|2879|1710|347|624|1408|1536|512|602|103|317|1502|2319|555|645|179|172|230|130|293|290|462|220|197|146|186|426|137|157|116|400|912|192|154|711|
2017-09-29|3|1_CTs|ct10||112|134|119|88|75|74|62|74|60|57|65|46|37|41|47|35|56|46|33|45|44|34|33|37|43|42|42|44|45|58|82|124|164|163|191|192|186|179|187|159|179|143|151|154|162|133|151|144|151|147|133|145|151|128|137|161|156|151|154|146|168|149|164|167|138|158|158|163|175|150|161|164|167|170|163|156|151|163|173|148|157|138|129|180|134|127|110|140|122|126|119|136|121|130|137|119|
2017-09-29|3|1_CTs|ct13||217|531|271|216|146|664|406|144|113|94|363|78|65|345|83|100|124|98|60|349|86|48|327|358|112|368|132|384|127|191|208|221|258|278|286|528|269|285|244|520|504|736|1000|253|241|207|266|214|253|725|259|530|529|272|229|256|464|590|499|282|538|232|302|239|283|512|246|811|543|270|264|296|267|530|228|234|254|219|248|485|494|288|530|269|257|251|505|265|254|239|481|233|261|266|518|257|
2017-09-29|3|1_CTs|CT16||139|162|138|93|83|83|334|62|68|70|56|55|290|40|34|38|52|31|31|15|23|31|34|31|36|297|23|51|62|78|111|667|164|198|182|197|449|231|206|465|175|219|959|182|189|176|208|432|188|229|201|198|174|404|466|174|422|202|220|198|198|221|202|436|244|216|214|237|213|479|202|239|832|571|276|223|251|236|225|461|468|226|460|419|159|640|293|230|119|134|134|132|148|147|157|372|
2017-09-29|3|1_CTs|ct22||13|5|6|8|0|3|6|1|5|0|1|2|0|5|1|0|2|4|1|1|0|2|3|2|2|9|7|8|6|4|10|15|14|23|19|20|19|21|14|23|21|24|27|26|273|22|24|280|29|24|29|24|12|11|20|22|21|16|19|20|25|25|16|33|29|23|29|291|284|297|35|32|292|292|32|26|32|11|25|19|16|18|21|267|24|24|14|13|9|9|8|7|267|14|9|28|
2017-09-29|3|1_CTs|