2012-06-16|22|1_CTs|CT1||12|26|18|15|8|12|13|4|8|8|5|6|7|5|9|3|4|15|6|7|6|8|16|21|16|15|24|27|23|33|35|24|40|41|49|50|56|42|67|79|70|55|57|73|70|66|78|71|70|62|63|58|66|63|44|50|45|46|54|57|51|38|55|55|44|55|56|53|48|64|50|52|44|56|61|47|40|46|47|52|43|40|39|37|42|33|44|36|28|30|20|23|20|22|23|23|
2012-06-16|22|1_CTs|CT2||24|28|44|33|34|15|23|19|16|11|6|8|10|6|10|7|8|11|7|9|6|11|13|24|28|26|31|35|28|41|44|39|46|54|69|71|61|72|70|70|79|73|77|90|79|87|93|97|99|75|102|101|109|97|80|69|67|74|88|76|89|63|66|75|79|70|71|63|62|81|65|85|79|77|66|67|71|63|54|57|71|63|54|63|50|48|37|55|39|48|36|37|34|38|42|28|
2012-06-16|22|1_CTs|CT3||58|81|71|59|48|40|42|33|37|23|18|22|15|17|11|23|16|21|10|19|13|12|18|32|40|37|42|47|48|56|86|67|83|82|104|139|110|131|145|125|130|133|135|158|146|164|175|152|178|155|180|168|190|158|167|125|118|128|152|149|153|141|173|131|118|139|163|127|139|147|156|135|149|129|136|119|111|138|117|134|118|109|102|94|92|82|88|92|79|95|83|64|65|74|70|63|
2012-06-16|22|1_CTs|CT4||40|41|29|28|29|23|25|22|21|6|16|11|16|12|11|12|12|6|5|9|8|11|14|17|32|29|17|37|32|38|44|46|68|66|71|86|73|94|93|109|122|98|124|109|117|132|130|135|127|115|136|129|114|123|105|89|87|79|85|75|106|90|113|99|109|108|98|108|102|109|144|118|148|131|99|101|95|91|98|110|78|76|83|86|73|64|60|52|57|51|49|42|51|43|48|36|
2012-06-16|22|1_CTs|CT5||46|44|37|38|27|28|26|24|20|11|10|7|12|10|12|13|8|6|8|16|7|14|13|30|27|27|27|36|42|44|51|40|76|62|99|112|95|89|106|132|116|123|140|137|131|137|142|150|165|149|154|159|157|139|127|102|105|91|115|107|108|114|103|101|112|128|103|103|130|123|135|125|143|138|133|111|110|121|130|109|93|106|97|94|71|67|61|60|57|49|44|46|53|53|56|51|
2012-06-16|22|1_CTs|CT6||32|30|52|39|19|13|19|14|17|16|10|3|6|7|4|19|8|6|7|10|8|13|17|8|16|16|19|19|29|32|26|24|36|45|58|40|44|56|57|47|55|84|77|86|89|80|70|81|105|110|85|101|111|99|80|66|72|56|53|62|58|79|63|72|80|79|60|66|72|76|102|108|107|101|74|73|67|70|96|76|63|72|72|59|50|39|46|53|47|45|35|35|40|41|40|40|
2012-06-16|22|1_CTs|CT7||6|7|9|2|8|2|2|4|1|3|1|2|4|1|2|0|3|3|2|0|3|2|3|2|7|4|5|8|6|13|9|8|4|10|15|15|16|7|11|19|13|20|17|11|13|20|18|22|25|20|26|25|19|10|13|14|12|18|16|14|21|14|12|11|12|14|6|10|18|12|14|15|14|20|22|21|15|13|12|12|14|18|7|13|15|11|10|13|10|4|7|8|2|9|13|5|
2012-06-16|22|1_CTs|CT8||28|38|23|20|20|15|12|13|20|14|5|5|5|5|6|8|5|13|2|7|4|0|5|5|7|7|6|12|8|11|25|14|28|13|24|41|37|26|47|44|52|50|48|49|57|65|56|67|97|80|77|69|75|63|72|67|51|50|42|59|64|68|57|55|55|58|71|44|78|55|72|36|79|53|73|54|57|54|62|66|49|47|40|43|36|38|35|33|21|28|25|25|23|27|29|31|
2012-06-16|22|1_CTs|CT9||51|38|33|27|19|22|17|22|14|10|10|12|9|15|8|10|7|16|5|18|19|12|19|28|32|42|39|43|50|68|81|87|87|102|140|155|132|132|130|181|123|130|156|171|153|162|133|152|128|135|164|148|158|125|121|106|111|96|118|129|118|130|139|111|101|119|111|127|102|118|118|109|93|121|100|130|88|114|94|114|99|98|87|80|80|71|82|68|64|64|56|45|52|51|50|52|
2012-06-16|22|1_CTs|CT10||0|2|0|3|0|0|1|0|1|0|0|1|0|0|0|1|0|1|0|1|2|0|0|2|5|1|2|1|2|1|0|2|3|5|3|3|1|1|1|5|3|4|3|5|6|4|3|3|2|0|3|10|6|4|4|0|2|3|3|3|2|3|1|3|3|1|2|0|5|1|2|0|3|3|2|3|1|1|0|2|2|3|1|2|2|1|2|2|1|2|2|0|2|1|1|2|
