2016-07-02|2|1_CTs|ct1||358|105|348|94|80|79|60|67|297|50|48|24|29|35|26|22|27|282|31|23|22|36|30|28|42|51|60|279|60|85|108|111|98|111|112|130|123|137|132|407|402|431|396|415|169|172|173|183|193|157|177|166|153|149|140|163|394|394|410|163|675|162|159|164|156|142|156|157|180|162|161|402|145|162|180|177|415|164|167|181|369|408|374|152|141|144|398|157|110|380|128|111|117|138|126|115|
2016-07-02|2|1_CTs|ct2||311|41|321|52|56|46|47|47|31|42|39|27|25|31|28|18|18|19|21|33|15|27|22|11|18|23|24|247|20|23|27|20|29|51|47|42|312|58|59|81|320|339|63|336|69|67|61|73|80|79|70|66|70|331|77|69|47|52|71|77|320|79|68|72|62|64|305|66|65|86|79|82|82|75|82|85|336|92|87|83|316|329|562|325|68|72|71|94|56|84|74|48|65|86|77|61|
2016-07-02|2|1_CTs|ct3||108|110|118|124|106|79|78|83|71|54|59|59|45|52|44|26|42|36|39|38|280|39|288|30|38|49|57|293|297|68|87|94|334|111|105|119|359|123|134|163|154|160|173|172|196|183|156|184|175|430|438|177|350|455|154|153|401|125|168|697|408|176|933|153|152|178|146|399|187|173|167|418|430|427|180|204|191|171|167|451|150|168|383|160|146|147|147|156|153|404|164|133|130|145|670|393|
2016-07-02|2|1_CTs|ct4||81|67|88|90|55|78|68|320|63|51|51|46|45|27|29|28|36|39|43|294|37|38|33|22|30|28|28|306|42|295|51|64|60|58|72|71|66|96|103|104|114|90|107|372|116|134|123|353|145|130|634|130|138|114|108|362|102|372|109|360|146|131|371|130|110|386|392|125|117|124|121|637|152|110|139|151|129|121|114|134|128|125|104|86|107|610|106|96|107|71|98|98|113|124|97|249|
2016-07-02|2|1_CTs|ct5||391|126|411|130|118|117|102|111|362|93|318|77|60|53|46|308|50|549|313|54|55|38|45|32|31|43|39|59|54|66|67|83|76|82|95|374|99|131|128|391|179|180|178|450|446|182|170|431|451|188|196|233|485|434|443|180|158|428|155|683|442|182|203|190|196|204|193|279|345|183|448|444|205|202|218|222|206|460|169|201|694|431|151|152|657|148|408|396|426|124|139|151|178|189|159|163|
2016-07-02|2|1_CTs|ct6||389|644|112|120|134|132|128|113|136|378|340|330|57|54|44|48|562|47|46|37|43|45|38|26|31|37|38|301|304|56|54|58|56|66|65|339|78|90|85|96|116|116|111|127|104|130|123|120|146|130|130|145|629|112|130|110|360|384|386|132|895|124|160|658|141|138|148|151|173|161|651|151|151|163|154|167|148|170|147|161|408|156|127|114|118|115|118|124|124|124|101|109|167|160|662|122|
2016-07-02|2|1_CTs|ct17||642|143|129|156|121|97|88|113|93|75|300|74|58|333|57|288|313|56|54|57|48|54|49|38|50|52|54|61|64|83|92|118|98|125|116|149|163|142|424|430|440|195|216|219|220|224|205|499|264|222|205|241|195|473|179|456|461|189|438|226|733|489|244|197|222|205|209|177|217|444|206|724|231|206|215|236|498|235|220|497|459|213|197|200|442|438|939|185|178|675|160|134|162|180|447|165|
2016-07-02|2|1_CTs|CT19||57|548|44|50|38|275|39|31|296|24|21|19|15|13|16|7|268|19|15|9|7|8|15|13|12|22|263|17|33|29|300|61|47|58|296|58|303|384|267|286|72|307|595|84|337|87|344|342|105|87|365|94|326|559|358|314|64|75|78|338|92|84|388|270|80|94|337|98|338|326|344|573|95|87|71|350|582|86|88|348|90|87|91|339|78|74|576|71|62|50|564|300|50|70|565|51|
2016-07-02|2|1_CTs|CT20||64|67|333|65|60|73|314|51|57|317|61|48|558|47|287|286|33|283|24|278|274|268|16|9|18|17|21|278|31|33|29|28|34|41|291|55|57|60|59|65|67|82|551|316|330|68|335|325|320|80|339|78|318|72|73|71|835|576|61|72|318|66|341|74|75|85|71|329|328|305|76|311|86|332|82|67|75|86|74|83|91|73|329|71|78|73|319|73|52|294|316|306|346|83|78|73|
2016-07-02|2|1_CTs|CT21||31|37|297|35|34|289|266|29|35|26|29|22|22|19|24|14|10|8|11|10|10|9|7|7|16|11|12|266|14|16|18|11|20|24|26|27|30|39|30|40|278|302|48|46|552|301|52|40|40|53|520|52|65|57|47|61|296|520|47|39|42|40|45|57|48|305|50|307|54|295|60|278|284|289|53|50|60|64|55|56|51|54|42|46|520|38|282|38|31|37|34|30|54|41|298|34|
