2016-03-16|3|1_CTs|ct1||37|32|279|23|13|6|11|7|8|11|4|2|4|6|5|9|262|3|6|8|5|10|11|271|15|26|31|43|77|596|129|202|221|250|262|226|234|252|237|474|162|689|435|165|167|159|674|171|176|169|204|203|195|172|196|178|702|197|192|217|186|685|213|450|206|211|454|208|208|220|226|217|475|193|219|466|211|719|221|727|206|585|602|190|131|125|99|85|86|91|53|67|75|62|61|59|
2016-03-16|3|1_CTs|ct3||51|40|26|43|20|22|14|271|18|8|21|7|3|9|12|15|19|14|7|12|14|16|28|34|290|50|312|73|68|103|159|207|735|239|382|357|489|267|223|253|200|243|465|232|243|494|199|481|218|235|234|470|233|219|214|234|473|259|240|245|497|745|229|236|478|471|190|218|166|152|727|185|192|184|187|193|191|466|190|210|199|230|241|212|435|402|144|99|112|89|84|353|85|85|76|62|
2016-03-16|3|1_CTs|ct5||131|99|63|55|58|291|32|36|27|24|24|17|15|15|17|17|16|14|14|268|7|9|15|272|20|24|18|42|55|344|136|144|196|245|507|263|253|279|235|466|460|455|429|182|185|215|476|211|220|779|497|742|337|368|190|208|453|232|230|239|231|505|240|245|479|274|522|279|298|807|574|602|558|295|545|319|278|551|309|536|539|525|280|201|183|400|156|149|170|448|144|146|153|189|165|155|
2016-03-16|3|1_CTs|ct6||17|12|3|1|1|1|0|2|0|4|0|4|1|2|3|0|2|1|1|0|4|4|4|3|5|5|16|15|20|26|32|63|306|72|219|197|68|99|90|64|42|63|277|40|56|41|65|298|53|64|57|305|61|55|47|52|312|63|50|86|69|57|60|59|305|47|70|50|51|328|66|71|62|329|84|86|74|68|83|78|76|172|188|47|40|24|24|19|17|24|25|16|17|16|9|11|
2016-03-16|3|1_CTs|ct7||351|81|62|62|51|50|50|36|37|281|32|42|25|14|29|24|14|15|19|16|15|17|29|28|36|298|42|53|52|67|80|100|126|600|112|139|133|166|403|153|389|392|151|412|401|434|186|168|431|660|175|162|173|158|143|167|403|160|425|176|188|200|175|158|113|76|57|48|56|65|60|53|57|550|45|306|318|114|371|117|148|400|380|389|139|381|133|342|349|342|98|110|123|128|121|103|
2016-03-16|3|1_CTs|ct8||68|44|34|30|28|30|33|22|18|12|14|19|10|4|16|8|10|12|13|9|8|8|15|15|14|273|20|26|33|44|45|62|57|58|67|85|73|95|612|99|350|335|122|103|351|619|152|366|141|381|113|371|121|102|106|123|362|116|113|136|153|139|126|126|398|140|147|135|124|138|144|144|377|642|130|129|131|125|355|138|115|103|339|92|95|336|82|65|318|292|50|71|79|86|63|56|
2016-03-16|3|1_CTs|ct9||350|94|70|79|324|50|46|164|163|36|283|26|29|33|32|18|24|22|24|17|23|18|25|23|21|39|290|59|87|358|239|231|604|299|517|486|821|304|260|212|483|201|858|464|492|290|863|209|691|495|241|539|207|554|807|252|555|286|168|211|260|398|664|355|516|208|523|556|246|231|116|203|215|264|225|273|227|494|292|486|475|203|161|180|174|135|126|116|134|92|351|108|120|381|94|349|
2016-03-16|3|1_CTs|ct10||78|69|45|38|49|33|27|26|40|33|29|19|12|15|18|11|15|14|18|10|12|10|18|23|14|15|24|34|27|48|79|98|136|155|164|165|142|161|163|159|141|135|127|142|119|119|137|135|160|127|155|158|140|144|131|118|156|142|152|137|166|166|130|139|151|133|146|134|165|155|167|148|160|158|169|151|163|137|130|148|145|151|132|128|116|116|80|105|97|95|90|107|101|107|81|83|
2016-03-16|3|1_CTs|ct13||180|139|108|134|110|94|352|78|93|63|60|40|53|32|82|40|58|54|74|48|300|44|37|87|68|68|101|110|110|138|180|203|241|235|230|532|496|268|493|244|215|274|234|303|282|402|316|732|267|256|294|255|279|487|247|536|286|254|216|246|219|234|521|264|222|204|284|262|281|238|246|304|285|253|260|510|265|505|237|352|282|387|306|297|292|294|363|214|266|462|410|325|207|262|183|226|
2016-03-16|3|1_CTs|ct14||55|39|286|21|15|17|23|5|10|9|6|5|4|8|15|3|6|2|6|3|8|10|13|15|34|30|74|157|213|272|294|274|268|268|535|278|545|278|250|261|758|217|492|243|455|434|454|188|181|197|203|213|172|435|442|203|205|467|239|223|204|719|191|215|194|187|202|186|458|199|482|235|507|212|197|242|240|254|245|225|467|433|148|143|375|88|365|105|75|95|84|104|74|59|71|47|
2016-03-16|3|1_CTs|CT16||329|84|67|334|50|36|31|25|25|29|50|19|19|22|26|8|21|11|18|11|9|10|28|28|19|23|28|33|53|84|111|170|143|155|461|205|180|154|180|160|171|168|376|158|154|173|418|148|155|186|167|158|148|401|401|148|122|452|411|188|172|184|174|193|442|191|165|475|231|258|225|230|738|267|264|267|226|245|277|232|199|169|161|150|125|100|118|97|109|97|101|120|118|131|391|103|
2016-03-16|3|1_CTs|ct18||104|100|72|59|65|42|36|37|44|37|42|25|18|22|23|12|20|21|22|14|17|14|31|29|26|25|41|56|60|87|153|159|195|192|266|220|251|227|232|258|230|240|179|217|194|183|184|199|178|166|216|186|187|194|170|189|195|186|215|228|235|204|146|232|184|203|186|197|219|171|203|212|203|204|198|228|202|187|187|221|197|168|189|171|155|146|117|117|130|122|134|147|132|147|114|98|
2016-03-16|3|1_CTs|ct19||0|1|0|1|0|1|0|1|1|1|1|1|1|0|0|0|0|0|0|1|0|2|2|3|3|6|6|9|3|6|7|6|2|3|1|8|0|3|1|4|5|3|4|7|4|5|6|3|3|6|6|4|5|5|5|4|5|10|4|7|6|5|6|3|6|17|3|6|6|6|7|4|8|8|9|4|4|6|3|6|5|10|4|6|3|8|3|1|3|1|0|2|1|1|1|1|
2016-03-16|3|1_CTs|ct22||5|0|8|3|2|0|1|2|0|2|1|1|0|1|0|2|1|0|1|1|0|1|0|0|0|2|1|6|6|4|13|9|19|14|24|19|20|22|21|15|20|17|23|20|15|21|23|36|23|16|20|25|22|23|21|14|285|23|21|24|25|19|30|31|29|32|47|304|43|71|64|49|66|319|50|313|40|41|40|28|33|25|21|13|13|10|9|3|7|15|3|11|263|12|7|6|
2016-03-16|3|1_CTs|CT23||121|103|82|42|292|34|21|289|28|28|11|19|16|17|13|11|17|9|7|18|8|9|10|22|15|23|34|55|94|364|184|286|340|437|677|392|638|594|578|308|508|305|498|230|256|261|1014|509|546|312|302|666|751|746|595|313|332|353|568|313|306|577|369|614|651|679|679|450|477|834|736|845|610|940|565|1059|527|540|559|526|512|1020|482|388|564|249|219|226|467|246|163|163|217|173|162|154|
2016-03-16|3|1_CTs|ct24||430|148|120|78|76|56|313|40|289|31|278|24|20|31|40|22|23|25|32|32|305|58|73|340|140|188|385|610|755|971|979|983|1206|845|1054|1301|997|734|1074|795|1181|1068|947|847|933|846|1124|836|831|841|872|920|883|1018|798|787|1350|900|913|1118|821|845|826|821|1048|810|1114|829|828|1105|1166|1698|916|904|923|1095|914|883|866|1083|797|1001|616|590|503|913|370|618|810|361|329|612|276|264|473|205|
