2016-07-04|6|1_CTs|CT1||3|4|1|0|0|0|0|2|0|0|0|1|0|0|0|0|0|1|0|1|1|0|0|3|0|3|2|5|3|7|12|273|18|261|37|32|42|78|39|14|5|15|9|5|11|4|6|8|6|5|10|267|8|3|2|5|5|8|8|6|6|5|5|13|10|10|8|19|14|7|5|7|5|6|5|11|4|3|6|5|3|3|2|6|0|3|3|3|0|3|2|1|1|2|0|1|
2016-07-04|6|1_CTs|CT3||20|13|19|13|9|9|5|4|5|1|4|1|3|1|259|6|7|9|18|19|24|19|29|38|36|266|27|47|34|54|290|81|84|332|109|102|73|87|85|88|51|65|58|301|51|50|47|52|51|68|297|55|50|49|309|53|46|50|43|55|38|62|54|58|40|45|44|56|42|66|69|82|81|63|75|55|50|32|36|36|29|41|29|30|28|27|28|17|283|263|19|17|29|20|16|17|
2016-07-04|6|1_CTs|CT4||8|13|5|4|4|6|2|4|1|1|2|4|0|0|1|0|0|2|0|2|0|1|0|2|3|0|1|7|7|5|8|16|12|13|17|21|290|33|25|31|22|28|27|29|21|26|292|28|20|28|26|21|31|20|25|20|23|21|29|29|30|23|26|35|24|36|39|37|39|285|39|39|59|58|52|27|14|36|30|40|35|22|24|20|12|12|26|9|13|14|11|13|12|10|9|8|
2016-07-04|6|1_CTs|CT5||27|19|14|7|5|5|8|4|7|5|1|1|4|5|5|1|5|6|2|3|6|2|5|12|13|6|256|15|24|30|47|308|66|68|79|82|363|85|334|79|331|75|338|78|71|82|582|79|62|316|71|81|76|59|60|52|67|331|55|87|57|326|62|54|48|60|75|88|82|91|69|77|74|79|69|78|80|73|59|58|298|47|47|50|29|43|44|36|289|27|24|32|30|16|25|18|
2016-07-04|6|1_CTs|CT6||31|34|20|19|10|9|2|10|9|4|2|3|1|5|2|0|5|10|8|11|11|19|9|15|23|11|259|27|32|55|76|97|97|140|162|166|162|172|132|148|119|115|97|114|97|106|120|116|340|356|90|82|102|93|85|105|393|296|116|592|123|101|105|126|91|140|363|120|420|119|132|127|139|137|130|112|122|388|109|373|86|313|91|318|71|80|69|66|76|73|64|53|46|54|44|24|
2016-07-04|6|1_CTs|CT7||8|8|4|8|4|2|2|1|1|0|1|0|2|3|1|0|2|2|3|2|4|3|1|2|5|6|8|8|9|13|276|22|25|41|36|313|32|41|44|29|35|38|27|19|22|23|28|17|28|22|38|27|26|23|25|30|35|20|21|33|26|34|261|27|26|24|27|22|27|29|29|20|32|25|31|36|28|22|27|19|16|21|15|18|14|12|19|11|18|13|7|12|8|3|10|5|
2016-07-04|6|1_CTs|CT8||57|57|40|52|38|18|21|15|6|16|12|9|13|10|7|10|5|8|5|8|8|15|23|29|18|26|35|295|73|106|151|443|211|219|469|203|673|185|409|197|148|157|366|131|130|157|380|124|370|380|146|146|395|371|133|130|162|145|385|681|343|132|653|123|152|158|162|161|164|197|197|174|202|198|441|174|187|161|149|142|334|139|120|107|88|103|99|77|295|73|53|64|55|59|71|44|
2016-07-04|6|1_CTs|CT10||37|35|29|16|22|10|7|6|10|4|6|11|3|5|1|1|2|5|3|5|12|9|8|23|22|20|30|33|53|50|122|130|144|150|172|466|453|197|699|412|126|133|136|134|165|111|374|123|376|141|144|157|153|140|141|101|124|123|139|131|139|147|154|157|153|165|161|179|222|217|212|218|195|207|438|205|187|143|407|142|392|130|110|115|84|86|59|315|545|48|52|50|46|50|38|37|
2016-07-04|6|1_CTs|CT11||37|41|29|22|20|7|8|10|10|6|6|7|4|2|7|5|6|5|3|10|8|268|7|284|22|33|48|81|111|145|225|773|249|510|292|294|783|212|242|225|461|209|437|199|172|452|184|181|170|432|184|160|159|173|132|182|179|176|194|438|172|436|178|177|167|183|196|203|154|201|189|180|450|156|198|155|401|148|110|123|142|113|111|106|106|81|72|69|56|303|65|53|44|57|37|27|
2016-07-04|6|1_CTs|CT12||46|39|26|22|26|7|6|12|12|9|5|7|8|12|3|4|263|3|2|9|12|16|11|19|20|28|29|303|64|87|127|162|198|202|270|325|566|287|265|243|180|163|178|426|212|425|427|170|462|179|162|193|197|162|173|171|178|180|203|189|186|445|673|213|199|480|465|276|491|538|300|269|276|270|260|278|216|235|190|155|156|166|387|136|112|116|91|89|326|314|81|69|66|61|47|41|
2016-07-04|6|1_CTs|CT15||45|40|31|28|23|14|12|6|8|6|8|3|6|6|12|6|14|16|15|15|19|25|276|26|34|36|45|59|71|84|106|385|156|198|202|217|203|196|166|136|135|127|121|119|103|99|89|99|102|357|131|147|108|102|101|120|403|318|615|132|122|100|107|107|123|354|112|125|115|150|438|246|451|231|240|145|121|121|97|314|77|83|70|79|65|53|50|53|58|56|47|46|31|35|46|38|
2016-07-04|6|1_CTs|CT16||63|50|48|34|28|11|12|14|13|6|10|12|4|6|5|5|5|10|6|9|11|10|9|25|22|28|43|56|76|102|165|458|222|247|267|538|276|279|564|494|203|196|206|459|175|182|700|430|188|424|206|177|694|168|174|158|177|148|418|427|198|206|192|180|185|435|453|227|216|487|194|224|213|201|203|494|212|168|156|150|409|152|375|150|96|111|84|337|337|87|70|69|312|55|55|34|
2016-07-04|6|1_CTs|CT17||35|36|41|24|22|14|11|18|7|7|7|7|7|10|2|4|6|4|6|5|5|6|10|4|8|8|10|24|30|54|311|82|102|119|154|163|165|137|139|115|114|82|351|129|126|104|364|122|150|886|400|129|140|131|123|152|117|125|142|133|166|143|155|162|122|133|158|207|191|453|445|187|200|201|451|174|190|198|407|134|135|135|365|351|90|94|81|71|68|65|65|69|555|53|45|45|
2016-07-04|6|1_CTs|CT18||87|69|64|39|35|26|22|19|19|13|8|9|9|12|15|2|13|19|9|11|13|12|20|29|41|39|284|62|97|129|176|255|516|261|317|300|490|256|302|291|240|254|269|230|231|238|208|229|207|199|203|260|209|172|194|705|202|242|206|235|242|224|254|240|209|504|257|251|516|315|241|285|263|299|232|261|261|253|226|466|422|180|159|154|116|137|118|132|360|365|84|108|88|72|70|62|
2016-07-04|6|1_CTs|CT19||38|290|29|20|23|16|13|15|6|7|7|5|9|11|5|5|5|7|4|6|6|2|7|8|6|8|18|14|28|40|47|340|373|139|168|178|169|170|437|151|128|109|125|139|136|388|132|138|387|146|131|142|115|363|120|127|122|139|389|151|397|146|114|136|145|172|414|207|180|461|207|208|217|463|463|436|499|180|171|403|155|117|132|116|97|95|86|68|320|62|54|68|306|42|52|43|
2016-07-04|6|1_CTs|CT20||21|16|15|10|6|7|6|7|5|4|3|2|5|2|1|259|2|5|4|3|7|7|6|14|18|18|20|22|37|47|54|82|81|121|115|387|397|105|372|132|114|94|77|337|112|48|55|27|101|93|115|95|58|51|354|73|161|302|106|127|346|95|24|102|120|113|97|121|109|122|117|119|134|135|382|63|86|106|108|89|74|74|74|86|39|42|58|64|60|63|39|21|39|23|5|25|
2016-07-04|6|1_CTs|CT21||104|117|82|315|56|47|22|30|282|13|21|17|16|15|271|20|13|31|30|32|786|57|54|57|53|65|106|111|150|215|288|565|565|566|349|569|1059|567|333|509|257|257|486|231|210|255|205|230|243|481|240|226|235|196|214|201|239|254|243|231|212|216|457|241|202|477|211|232|216|277|246|282|287|523|296|236|219|201|220|189|161|149|164|150|141|129|346|109|94|122|131|102|97|93|77|82|
2016-07-04|6|1_CTs|CT23||88|72|60|51|44|29|26|16|271|20|16|13|12|16|12|11|9|13|7|18|14|24|290|51|37|48|317|102|112|146|243|307|314|314|349|345|350|776|317|296|277|260|212|221|226|486|470|199|207|233|232|242|213|204|209|209|236|232|220|262|199|235|241|472|245|489|271|527|286|552|322|304|316|335|597|290|284|261|212|449|180|217|183|178|144|137|130|366|337|125|327|343|85|77|81|64|
