2012-03-15|22|1_CTs|CT1||10|14|9|10|3|6|5|4|5|3|0|5|2|1|4|2|3|6|6|8|4|13|11|16|24|23|19|40|53|66|89|127|183|182|193|198|175|147|130|110|98|68|79|87|84|76|59|67|81|73|73|79|77|89|64|74|93|75|77|69|83|73|72|79|88|65|82|105|89|148|182|153|158|156|138|129|89|96|82|67|57|55|43|35|34|21|21|16|27|25|24|19|25|25|17|14|
2012-03-15|22|1_CTs|CT2||32|35|49|23|68|54|33|68|51|64|47|47|10|10|11|29|7|31|28|15|3|11|7|12|18|18|18|29|30|29|37|54|58|60|73|91|84|57|55|49|42|45|37|38|39|78|252|318|209|89|327|212|325|266|345|194|154|147|191|241|295|248|185|226|214|225|183|169|129|183|308|450|511|328|364|358|275|219|180|170|141|111|104|73|62|66|70|53|80|79|69|59|54|48|38|46|
2012-03-15|22|1_CTs|CT3||58|56|34|30|30|13|7|16|11|7|15|7|9|4|3|11|4|9|13|12|11|19|22|28|42|46|51|72|102|119|174|293|309|362|369|408|374|361|302|254|230|214|200|221|179|181|183|183|193|200|181|191|181|204|216|227|215|232|234|241|191|257|224|236|218|227|274|291|320|321|381|395|381|351|364|312|295|274|225|212|202|170|124|105|104|92|72|75|115|94|102|75|72|69|58|58|
2012-03-15|22|1_CTs|CT4||37|35|23|23|14|15|8|12|9|14|13|4|4|5|4|4|4|2|5|1|5|11|8|18|27|33|32|39|54|64|112|153|173|164|204|241|196|202|208|177|171|147|152|156|170|163|151|136|152|150|156|143|164|158|160|132|124|157|160|147|162|150|159|148|181|180|214|235|212|76|180|229|234|236|246|228|229|184|190|189|177|150|105|113|101|69|74|44|62|96|54|48|56|51|45|32|
2012-03-15|22|1_CTs|CT5||40|30|23|18|20|12|14|9|8|11|10|7|3|5|7|5|4|5|4|7|11|19|11|17|29|27|50|46|53|74|142|185|256|270|272|296|284|262|264|242|182|178|161|188|187|174|172|178|185|164|188|161|180|186|176|165|168|202|185|176|141|170|178|189|189|238|254|307|267|276|268|295|292|288|313|305|273|247|228|224|182|149|121|96|113|91|73|62|61|91|54|58|64|60|35|35|
2012-03-15|22|1_CTs|CT6||11|26|15|12|11|9|9|9|9|12|7|2|2|4|8|3|4|2|2|4|5|9|12|14|29|13|26|21|29|31|63|66|82|106|113|122|113|129|107|90|108|114|105|100|100|114|102|97|134|107|123|86|87|96|99|87|82|115|103|98|110|111|119|99|102|129|129|144|160|155|169|169|168|187|161|174|164|147|126|152|114|101|77|68|74|55|52|50|63|82|42|46|39|38|29|30|
2012-03-15|22|1_CTs|CT7||3|2|6|2|0|1|1|1|5|1|1|0|1|1|1|1|0|3|0|2|1|1|1|1|3|3|3|7|9|9|7|18|32|42|35|53|39|31|45|31|25|18|14|31|21|28|22|25|18|18|33|19|29|27|19|26|20|16|26|23|21|21|21|22|28|21|27|38|17|31|27|25|30|29|30|32|30|19|17|25|13|15|19|7|10|9|7|8|5|10|8|6|8|11|5|8|
2012-03-15|22|1_CTs|CT8||7|7|3|4|2|1|1|3|2|1|1|1|0|0|1|0|1|1|0|1|2|0|2|1|1|1|3|3|5|10|18|30|37|43|29|54|26|56|48|59|47|25|31|45|40|32|43|36|39|34|25|41|43|51|38|33|40|38|46|51|40|43|36|50|41|42|53|50|58|57|46|46|49|28|47|43|51|47|42|38|47|29|22|10|21|18|12|17|19|16|10|13|14|5|12|16|
2012-03-15|22|1_CTs|CT9||36|29|20|18|33|11|4|6|7|3|11|6|3|6|4|10|4|14|7|16|19|13|21|29|39|48|73|77|113|143|221|324|376|355|393|303|297|315|313|270|207|223|193|192|176|175|175|189|175|183|167|195|220|205|167|193|190|241|220|221|182|219|185|197|196|213|259|251|259|244|242|219|208|207|201|179|162|153|155|157|134|149|103|67|93|80|43|64|58|86|61|42|72|52|31|29|
2012-03-15|22|1_CTs|CT10||7|7|4|4|7|0|0|1|0|0|1|1|0|1|1|0|3|2|0|1|3|1|2|4|6|3|9|0|4|6|10|12|48|15|6|13|8|11|8|5|2|5|2|8|4|1|1|5|3|5|6|2|4|2|6|1|6|6|1|5|6|8|6|2|6|7|13|15|5|16|10|10|10|3|4|4|4|1|4|1|0|2|4|2|1|2|0|0|0|2|8|8|17|2|0|1|
