2013-01-29|7|1_CTs|CT1||20|17|15|17|7|12|8|5|8|3|6|2|5|3|1|0|3|2|4|3|4|3|3|10|8|15|20|28|46|70|133|190|219|212|194|209|226|223|233|226|207|206|199|142|128|108|126|122|119|126|127|133|107|121|109|118|141|149|134|137|152|148|136|132|132|148|154|184|149|166|171|164|165|171|165|172|150|134|131|103|115|84|96|64|57|62|67|54|42|40|40|41|34|25|31|24|
2013-01-29|7|1_CTs|CT2||42|56|10|26|18|22|12|12|10|12|22|4|0|6|2|8|6|8|2|4|12|10|16|8|20|28|28|54|67|85|173|215|326|361|255|344|324|333|375|170|174|200|285|236|231|210|213|197|160|167|207|204|210|242|240|250|188|240|215|211|268|304|211|181|252|212|249|270|260|260|301|202|303|306|332|269|237|217|176|196|222|139|153|121|96|116|98|99|85|73|77|60|68|54|58|58|
2013-01-29|7|1_CTs|CT4||34|20|10|10|23|25|29|32|28|22|20|9|25|20|11|6|9|11|3|4|3|7|12|4|5|5|4|8|2|11|17|7|25|12|18|12|14|18|14|10|22|28|25|42|32|22|28|21|11|19|25|8|23|19|26|19|23|19|24|25|36|17|24|33|40|63|65|49|62|87|46|54|90|96|73|97|77|60|51|32|62|35|43|33|32|31|29|29|30|28|12|12|12|13|12|12|
2013-01-29|7|1_CTs|CT6||51|41|22|17|19|10|22|12|9|11|6|5|3|7|10|3|8|7|7|5|7|4|5|10|15|15|18|33|27|35|69|123|201|218|174|186|170|175|138|139|140|124|112|143|123|153|161|133|141|126|148|141|129|130|104|137|144|161|129|147|171|146|137|153|177|174|207|241|241|226|216|203|264|228|224|223|218|161|154|157|154|137|106|107|101|93|73|75|79|54|52|61|46|57|65|42|
2013-01-29|7|1_CTs|CT7||26|26|28|17|20|13|7|6|7|13|2|6|7|4|6|0|8|6|7|7|12|1|6|15|9|17|23|27|39|44|83|103|115|127|151|135|121|135|131|128|95|117|110|133|121|108|118|127|91|106|103|93|103|86|87|104|108|100|124|111|128|128|101|112|117|117|137|124|136|149|142|174|138|137|124|150|165|137|174|109|102|101|94|68|67|63|43|60|57|38|45|28|51|33|36|40|
2013-01-29|7|1_CTs|CT8||82|85|73|33|48|46|40|20|25|20|15|24|10|23|15|20|18|32|25|34|35|61|60|98|116|111|120|171|221|266|375|480|474|391|421|418|456|446|579|463|403|392|353|329|316|347|326|305|316|300|287|295|270|283|307|296|299|352|349|359|360|367|338|349|330|347|380|334|364|400|372|369|395|387|372|373|351|336|302|293|288|250|202|189|164|160|157|175|127|135|133|133|118|94|97|81|
2013-01-29|7|1_CTs|CT12||56|52|36|29|26|25|19|16|18|12|15|13|13|11|7|10|9|7|8|10|7|11|6|13|22|26|25|34|40|59|96|171|234|277|251|260|243|230|208|212|195|171|190|197|178|222|192|183|185|179|228|230|199|200|166|196|184|212|187|235|235|213|236|209|233|252|253|289|289|303|317|318|294|336|308|304|298|253|231|243|243|211|189|158|143|118|112|100|105|84|84|77|63|50|79|62|
2013-01-29|7|1_CTs|CT13||13|7|9|7|13|5|2|2|1|4|2|2|1|0|4|0|1|4|1|3|4|0|2|7|7|4|7|9|12|23|34|51|54|47|59|47|52|64|52|58|68|61|40|48|43|46|49|57|32|43|59|40|52|48|60|45|50|52|53|54|67|62|57|44|44|52|58|58|70|72|67|72|66|79|75|90|91|69|69|60|49|49|40|16|25|19|11|24|32|27|24|18|33|22|14|15|
2013-01-29|7|1_CTs|CT14||91|86|72|64|43|40|41|34|47|34|25|22|23|22|34|33|21|27|29|31|30|40|56|63|62|70|71|105|136|163|240|297|355|390|424|401|429|383|364|357|293|289|319|299|322|360|352|343|384|329|351|376|337|283|306|312|314|388|370|398|329|340|373|381|384|396|434|442|472|489|498|508|534|542|513|485|516|495|444|442|376|342|254|295|199|218|183|198|201|164|142|138|139|135|128|113|
2013-01-29|7|1_CTs|CT15||24|20|24|9|12|9|8|9|6|8|7|4|6|4|9|1|8|3|6|6|4|10|5|11|11|12|15|17|22|33|46|88|170|165|164|203|184|122|107|97|96|87|86|86|108|93|79|85|55|62|80|86|99|110|80|106|87|91|62|80|90|104|100|110|157|207|224|229|216|168|174|173|177|154|146|142|170|94|87|69|96|92|60|59|64|45|45|50|30|43|31|40|30|26|35|23|
