2013-02-27|22|1_CTs|CT1||9|17|5|7|1|3|6|2|1|3|1|4|4|4|2|4|3|1|6|2|7|9|17|15|28|20|30|31|34|48|91|119|203|201|211|167|120|163|113|119|112|104|85|74|74|72|65|73|69|87|83|86|91|81|73|90|76|90|105|82|88|81|83|73|75|88|85|94|99|91|101|154|155|179|174|146|114|103|79|64|56|55|42|49|35|37|23|27|34|23|29|11|13|17|12|12|
2013-02-27|22|1_CTs|CT2||307|292|331|398|146|210|125|168|971|2|1|50|153|140|121|179|123|114|175|171|123|100|192|366|114|100|257|115|171|295|262|379|438|386|358|225|204|235|537|785|672|939|25|40|32|21|15|26|17|33|54|32|36|25|36|38|40|42|34|29|35|35|47|36|34|39|52|42|44|44|53|81|81|76|73|55|56|39|39|42|28|22|27|19|23|15|8|20|30|271|567|137|841|649|639|435|
2013-02-27|22|1_CTs|CT3||38|35|41|20|24|13|14|10|5|11|9|7|4|9|1|7|3|5|5|6|12|11|26|34|36|40|41|70|68|114|169|292|336|361|376|353|273|327|314|237|228|223|201|220|184|163|185|180|194|197|198|190|223|216|208|209|229|243|248|224|233|208|239|231|214|231|237|272|299|317|325|361|379|387|376|386|303|278|241|190|181|185|135|112|118|96|78|84|113|86|68|98|72|54|64|54|
2013-02-27|22|1_CTs|CT4||29|24|22|14|17|11|10|7|6|10|7|6|2|3|3|1|2|2|5|5|8|10|11|18|24|29|36|45|57|78|96|146|189|171|184|189|228|199|224|198|176|176|139|136|156|158|147|146|153|164|147|152|184|168|145|142|150|134|175|160|181|193|179|193|169|185|228|230|186|238|200|214|247|238|227|226|197|222|175|182|146|146|132|114|87|72|67|68|60|56|58|48|48|43|42|39|
2013-02-27|22|1_CTs|CT5||42|26|17|13|15|15|11|11|9|12|8|8|6|5|2|6|1|7|7|8|9|12|13|20|26|29|31|41|52|71|116|182|258|292|278|275|266|286|241|217|207|188|185|132|163|162|142|167|194|167|162|192|216|202|165|193|178|176|205|197|196|204|200|197|224|239|237|293|224|282|274|287|316|291|264|282|246|252|203|216|180|163|130|125|111|80|62|70|71|81|70|56|55|52|49|41|
2013-02-27|22|1_CTs|CT6||30|20|20|9|8|12|12|2|10|8|4|3|6|4|2|1|1|3|8|8|6|6|17|19|17|18|37|13|36|43|54|49|102|104|110|102|115|121|121|89|100|103|84|93|90|76|95|78|123|116|102|88|123|115|93|106|94|112|96|111|111|111|114|124|140|131|135|124|127|154|156|139|176|168|156|178|160|169|132|145|111|112|102|87|59|74|46|56|57|47|38|35|33|27|36|30|
2013-02-27|22|1_CTs|CT7||13|9|1|2|1|1|1|4|2|0|2|1|0|2|2|2|0|1|1|0|2|1|4|6|3|5|7|4|4|10|16|22|34|41|51|41|36|43|28|32|33|23|27|23|21|17|25|21|18|28|31|23|25|26|21|18|17|29|22|22|23|24|30|31|22|22|23|24|29|29|32|38|38|38|31|38|34|21|18|22|19|17|13|16|5|6|10|8|10|11|7|8|8|5|5|10|
2013-02-27|22|1_CTs|CT8||19|14|15|10|9|6|3|4|2|3|4|2|0|4|0|1|0|3|1|1|2|2|6|1|2|4|11|13|13|17|32|56|78|99|104|90|78|96|68|78|55|63|59|64|53|70|47|64|79|76|67|66|83|90|58|77|83|77|106|99|91|82|73|93|88|81|94|96|126|141|106|98|120|97|106|134|91|123|100|85|79|74|64|44|50|49|39|25|38|39|28|46|25|19|29|19|
2013-02-27|22|1_CTs|CT9||31|36|17|10|9|10|3|14|7|9|14|4|10|8|2|14|4|7|6|9|13|17|19|32|29|36|42|80|92|135|220|365|384|353|373|309|310|288|253|267|216|226|239|209|179|158|182|188|211|170|222|203|220|197|197|204|219|216|237|209|182|229|217|191|213|222|225|245|210|246|218|217|238|199|196|190|175|145|167|154|150|135|107|102|84|81|70|57|80|62|56|12|53|48|28|28|
2013-02-27|22|1_CTs|CT10||1|0|0|0|0|0|0|1|3|0|5|10|2|0|1|6|0|2|1|0|1|1|3|7|11|8|3|4|6|8|14|14|80|13|11|7|15|14|6|9|2|7|3|6|7|3|5|7|6|5|4|5|21|7|8|6|4|4|10|7|8|8|9|8|11|6|4|7|6|8|4|3|8|8|5|5|4|1|4|3|5|8|1|1|3|3|2|3|1|2|6|11|14|0|0|1|
