2016-08-12|6|1_CTs|CT1||2|1|2|1|0|0|0|0|0|0|0|2|0|2|0|0|1|2|1|0|3|1|2|3|4|2|1|4|3|3|7|7|9|9|17|16|16|13|8|13|5|8|6|7|15|9|8|3|7|10|4|4|4|2|7|7|4|10|12|5|5|7|5|10|8|8|3|8|8|4|4|7|4|6|4|2|8|2|4|5|6|3|8|4|5|8|0|4|3|6|2|5|4|1|2|5|
2016-08-12|6|1_CTs|CT3||15|16|10|9|11|4|3|1|5|2|1|2|3|4|7|5|9|9|9|18|31|21|25|37|23|36|30|32|47|39|46|58|64|50|60|66|55|53|65|58|48|58|40|35|39|60|47|41|57|47|46|38|36|43|36|42|46|47|49|49|51|44|47|36|45|50|37|44|42|50|47|42|42|46|36|43|40|35|44|24|30|29|31|23|30|18|32|18|24|18|15|22|24|28|23|10|
2016-08-12|6|1_CTs|CT4||10|8|1|4|4|4|0|1|2|2|0|2|3|2|0|0|3|1|1|1|1|3|2|1|1|0|1|7|4|7|7|7|13|13|20|13|19|12|21|16|29|16|13|12|14|25|22|27|22|16|18|12|20|21|23|15|10|21|14|19|20|26|21|16|19|24|26|20|25|28|26|26|39|25|21|28|25|13|18|24|16|26|17|22|18|15|18|8|10|5|6|12|10|10|9|7|
2016-08-12|6|1_CTs|CT6||14|14|15|14|8|2|3|4|9|3|5|8|2|5|4|6|1|9|15|11|16|9|9|17|14|11|16|19|28|42|41|69|90|81|98|367|109|103|98|102|69|81|94|91|96|78|98|84|101|75|70|76|95|62|68|70|78|88|91|85|88|105|96|78|77|89|76|76|82|70|68|342|84|86|61|84|70|77|65|62|65|74|74|65|62|57|60|49|38|34|39|38|32|31|37|25|
2016-08-12|6|1_CTs|CT7||6|7|3|2|3|6|2|0|4|0|0|1|0|1|0|1|1|1|2|1|4|1|5|3|5|3|5|11|7|17|16|27|27|25|36|23|30|22|27|20|21|28|32|33|33|27|22|20|26|24|24|21|18|20|11|16|23|24|16|26|14|21|16|9|21|22|16|21|19|20|27|31|24|28|25|21|16|21|22|12|10|21|14|272|19|11|9|10|6|11|10|6|6|4|9|5|
2016-08-12|6|1_CTs|CT8||44|35|27|32|25|21|21|11|21|16|14|12|16|17|12|14|8|7|3|6|7|17|19|23|20|31|39|39|49|83|126|163|145|438|192|199|175|157|150|127|133|132|128|127|116|119|113|120|95|135|122|124|122|96|97|111|113|116|128|151|143|120|118|126|123|120|134|132|129|142|135|143|163|142|164|152|132|131|127|119|353|374|102|97|83|102|88|84|64|73|64|59|74|548|60|50|
2016-08-12|6|1_CTs|CT10||40|23|24|17|16|14|13|6|6|8|6|4|9|8|3|6|3|6|6|5|3|9|15|25|16|18|28|34|37|53|76|62|84|106|102|118|95|130|92|363|106|102|96|107|103|114|96|104|98|100|100|99|100|92|87|83|94|83|119|91|97|95|95|101|112|127|117|119|118|157|135|151|151|147|155|160|153|153|113|111|116|135|96|80|65|61|69|51|52|50|41|38|34|31|34|40|
2016-08-12|6|1_CTs|CT11||37|40|20|23|16|14|11|11|5|9|9|3|4|4|3|5|8|8|1|6|8|12|18|28|30|38|42|58|61|102|157|204|197|200|234|227|204|223|200|160|183|164|159|153|161|141|134|152|167|150|149|150|133|136|128|137|143|176|141|132|151|139|156|156|131|146|135|136|137|138|120|141|119|123|138|135|156|116|123|124|109|107|114|129|98|90|76|81|80|66|63|64|51|55|36|33|
2016-08-12|6|1_CTs|CT12||43|40|28|31|26|13|18|13|10|11|13|7|8|6|7|8|3|8|5|5|8|14|18|23|21|19|41|45|47|69|85|94|103|123|153|174|160|142|135|136|153|132|146|140|144|150|143|135|133|135|129|151|135|100|106|107|112|138|133|137|130|147|159|157|132|162|156|173|171|202|200|198|184|186|229|207|209|180|174|144|155|152|129|118|87|84|97|70|82|72|61|60|54|59|47|54|
2016-08-12|6|1_CTs|CT14||0|0|0|0|0|0|0|0|0|0|0|0|0|0|0|0|0|0|0|0|0|0|0|0|0|0|0|0|0|0|1|0|0|0|0|0|0|0|0|0|0|0|0|0|0|0|0|0|0|0|0|0|0|0|0|0|0|0|0|0|0|0|0|0|0|0|0|0|0|0|0|0|0|0|0|0|0|0|0|0|0|0|0|0|0|0|0|0|0|0|0|0|0|0|0|0|
2016-08-12|6|1_CTs|CT15||35|28|22|18|22|18|16|9|7|6|7|8|6|9|10|10|4|12|11|18|23|18|21|27|25|35|36|51|49|322|98|129|111|116|122|124|322|161|159|159|104|129|98|91|98|112|95|130|103|122|115|109|100|86|62|82|89|101|89|84|104|78|100|78|88|87|85|108|103|107|99|93|87|95|96|92|76|80|98|62|77|69|71|76|76|64|55|51|39|296|42|29|40|40|31|44|
2016-08-12|6|1_CTs|CT16||50|41|286|21|15|25|15|12|12|4|8|7|7|7|4|6|9|9|5|8|13|12|17|25|22|25|35|52|52|335|132|173|175|203|228|221|199|210|180|191|175|174|196|166|184|182|151|149|158|166|147|162|145|134|145|143|131|170|143|156|148|149|123|151|136|170|149|157|128|139|143|168|146|167|133|161|137|126|141|125|378|131|118|114|131|97|92|78|72|83|70|60|53|53|44|42|
2016-08-12|6|1_CTs|CT17||11|13|256|16|5|10|5|7|6|5|9|4|4|1|5|3|0|2|3|5|4|3|3|4|2|2|7|3|12|15|10|15|20|24|35|38|22|22|39|25|22|26|35|37|28|29|27|24|21|40|32|35|27|26|24|20|35|38|19|21|16|22|18|23|18|25|23|27|24|33|27|30|28|26|38|49|42|26|36|26|23|31|28|37|287|30|33|27|20|16|25|22|32|20|20|12|
2016-08-12|6|1_CTs|CT19||31|28|33|34|25|27|18|9|15|17|8|5|8|4|12|6|7|4|11|5|6|7|4|2|6|5|13|19|15|27|51|59|63|72|101|111|105|122|113|111|108|105|103|116|104|372|120|107|113|127|126|119|104|101|80|81|97|113|102|121|112|104|107|109|102|124|130|135|146|144|122|136|136|148|145|134|144|116|122|118|113|104|93|83|72|81|71|74|55|61|64|57|45|59|35|37|
2016-08-12|6|1_CTs|CT20||30|15|21|14|14|0|4|2|11|7|7|5|2|2|9|5|3|6|5|7|9|8|11|16|269|24|16|21|32|40|21|37|63|76|80|95|88|77|98|115|83|35|52|107|69|109|95|24|90|119|104|96|88|97|89|62|60|41|81|91|97|97|105|56|94|86|90|19|78|80|85|88|110|106|106|100|85|71|93|42|63|80|48|79|65|11|54|58|62|55|36|65|59|48|28|29|
2016-08-12|6|1_CTs|CT21||77|80|46|53|52|37|31|16|26|15|12|16|18|16|23|16|18|28|240|27|52|42|46|52|48|81|68|100|146|175|206|258|237|281|250|297|253|251|263|263|458|230|205|193|433|248|182|219|197|200|225|204|190|167|197|171|194|202|183|174|213|213|211|216|206|203|172|175|209|221|205|209|188|236|203|186|179|173|176|178|180|172|169|391|142|134|113|118|140|345|374|105|115|362|103|96|
2016-08-12|6|1_CTs|CT23||62|56|44|45|35|31|29|22|26|19|22|27|11|22|21|18|13|11|8|16|17|28|34|42|29|37|56|63|92|129|161|205|241|270|286|268|243|244|221|190|188|206|196|205|180|173|183|179|171|206|162|191|178|157|155|175|164|195|203|214|185|206|214|177|205|177|223|206|228|266|235|210|226|239|253|191|213|194|164|205|131|156|144|155|118|126|126|128|94|120|101|90|100|103|86|76|
