2013-12-13|3|1_CTs|ct1||75|63|44|22|24|18|13|13|13|10|12|14|7|6|7|5|6|12|6|11|3|12|9|19|14|16|33|36|54|53|119|159|200|242|262|252|245|250|235|216|234|196|189|169|160|167|135|169|177|185|192|193|183|174|178|147|194|208|194|209|191|223|192|202|192|198|226|203|203|212|209|208|202|200|194|196|195|204|198|183|200|182|184|188|193|176|199|133|109|102|104|82|112|113|95|116|
2013-12-13|3|1_CTs|ct3||123|84|79|53|40|51|40|27|38|28|25|14|13|16|15|20|31|20|24|24|18|21|22|33|36|37|57|66|77|73|143|197|214|249|280|266|285|234|267|240|242|229|189|228|225|216|214|213|250|239|253|243|249|223|231|223|227|235|257|241|206|252|235|218|233|216|222|227|181|215|211|166|175|216|191|181|207|215|229|236|242|266|249|183|215|189|220|200|171|188|175|149|169|173|170|186|
2013-12-13|3|1_CTs|ct5||171|156|148|166|94|67|70|42|37|46|46|41|39|17|22|25|13|24|20|22|15|8|17|15|12|22|33|31|44|85|115|142|175|214|246|223|215|206|205|189|148|155|163|200|191|206|210|198|230|244|247|240|224|226|210|210|188|238|219|222|243|260|263|288|275|298|285|324|292|312|323|285|317|312|283|245|274|262|278|273|251|248|202|196|174|207|163|179|169|159|150|129|161|169|201|220|
2013-12-13|3|1_CTs|ct6||19|18|6|11|3|6|8|4|4|3|4|0|1|4|3|1|2|0|0|1|5|0|2|4|5|8|7|7|27|30|33|49|58|63|80|64|64|67|54|35|57|65|65|48|44|66|58|43|47|53|56|54|55|71|66|47|64|56|88|87|69|69|73|72|72|77|72|65|60|81|81|57|73|69|65|62|63|61|49|63|35|44|41|32|45|37|51|35|25|23|22|19|38|38|22|16|
2013-12-13|3|1_CTs|ct7||157|146|150|158|91|67|79|59|57|59|57|57|43|27|33|46|41|42|39|35|31|23|40|33|31|37|39|44|54|47|81|107|111|123|123|121|135|148|149|164|166|169|164|175|179|179|165|167|184|187|177|182|194|181|161|148|155|156|179|198|179|199|159|97|107|88|68|67|68|70|52|55|58|64|72|94|83|89|159|173|155|169|140|170|166|171|165|157|170|150|151|147|149|176|180|242|
2013-12-13|3|1_CTs|ct8||77|71|73|89|45|41|40|35|30|24|29|23|19|21|9|17|15|14|19|20|16|8|23|20|27|23|29|20|28|27|47|49|59|50|67|58|82|83|80|102|108|109|107|107|113|95|101|109|106|122|115|114|129|106|92|89|95|99|98|132|124|104|139|140|160|121|128|143|129|110|127|117|117|118|119|115|129|108|90|87|98|92|87|99|117|105|105|97|106|86|94|99|79|87|107|127|
2013-12-13|3|1_CTs|ct9||125|126|112|100|73|60|70|52|58|72|89|68|61|56|31|34|43|45|23|14|31|31|35|25|24|44|44|39|62|81|119|162|232|247|236|253|227|248|240|225|200|171|171|181|201|165|166|138|191|168|163|164|195|156|141|161|149|172|201|182|184|192|172|185|201|227|213|202|195|177|207|225|232|203|228|216|243|236|230|228|220|209|183|187|155|152|122|127|109|114|115|110|120|148|121|122|
2013-12-13|3|1_CTs|ct10||103|97|80|91|70|71|64|51|54|51|39|35|50|33|34|34|32|29|33|23|27|26|28|21|26|27|26|40|38|60|63|91|130|147|155|163|165|153|138|150|140|138|127|122|140|140|118|131|135|129|135|148|142|122|146|144|130|140|141|154|156|149|149|146|155|133|167|167|182|146|166|144|157|154|143|116|127|146|111|138|130|141|129|120|103|124|123|120|114|111|108|101|109|106|132|131|
2013-12-13|3|1_CTs|ct13||244|232|186|226|145|148|149|127|108|90|91|84|99|73|78|94|66|78|76|80|78|76|77|60|82|84|84|130|116|152|176|182|242|237|217|224|241|234|234|197|196|148|229|191|262|238|273|249|265|198|249|220|252|312|262|247|255|272|232|250|201|228|222|181|283|279|315|213|262|216|189|236|562|318|240|199|189|279|266|240|264|420|248|223|202|214|250|275|255|251|241|240|291|241|309|260|
2013-12-13|3|1_CTs|ct14||46|49|43|36|38|28|23|19|11|8|11|8|6|10|9|7|8|5|7|10|7|15|20|18|23|45|63|110|176|232|284|296|294|279|261|283|260|284|281|275|255|243|238|230|227|208|215|211|198|193|200|205|178|171|170|186|176|182|191|201|168|196|230|221|204|173|188|203|217|242|198|232|226|254|218|233|220|217|222|219|213|230|203|226|223|141|79|105|87|88|64|74|76|74|64|74|
2013-12-13|3|1_CTs|CT16||82|106|87|96|58|87|38|36|46|43|29|29|41|27|25|39|10|29|18|15|26|21|26|28|16|40|41|33|50|59|111|114|128|142|154|168|161|144|175|160|199|159|111|139|145|132|154|141|164|159|154|180|196|150|125|132|133|127|159|161|190|215|190|169|186|244|215|181|185|202|250|251|253|254|198|207|207|179|187|200|192|169|158|140|162|134|131|148|108|131|91|110|101|134|139|134|
2013-12-13|3|1_CTs|ct17||90|98|73|79|68|50|39|43|36|34|28|18|30|21|24|29|18|25|22|24|22|22|22|21|33|33|35|47|58|88|132|214|288|308|313|319|285|308|286|278|244|249|218|193|217|223|171|213|211|211|210|229|213|203|217|193|180|198|227|237|230|242|233|230|236|230|246|238|221|216|185|217|189|199|221|176|197|240|216|218|203|198|210|188|181|157|153|140|127|134|140|103|120|118|150|129|
2013-12-13|3|1_CTs|ct18||123|133|112|119|86|87|79|67|64|59|46|49|56|36|41|40|37|41|39|29|38|40|39|29|38|36|54|53|57|91|126|154|188|268|251|261|223|248|207|187|214|200|179|194|187|178|171|177|176|181|183|196|182|168|204|177|180|173|179|219|197|214|199|216|175|181|216|208|204|196|196|165|178|156|192|187|142|185|174|178|194|194|183|175|148|199|184|170|168|154|149|137|157|145|160|162|
2013-12-13|3|1_CTs|ct19||0|3|0|1|0|1|2|0|0|0|0|0|1|0|0|0|1|0|0|0|0|0|2|2|1|6|4|7|8|8|14|9|9|2|8|7|14|4|6|7|3|3|4|5|4|7|4|6|3|7|5|11|11|8|5|7|5|8|11|6|5|5|5|6|5|7|5|8|7|5|4|4|1|12|3|5|5|4|3|3|1|9|3|2|5|5|1|2|7|1|2|1|0|0|1|1|
2013-12-13|3|1_CTs|ct22||10|11|5|6|4|2|3|1|5|6|2|3|1|2|1|2|2|2|1|1|0|1|1|0|3|0|1|2|3|10|9|12|16|21|21|11|20|19|11|26|17|21|23|29|17|15|23|22|18|28|21|26|28|25|34|25|33|19|22|33|32|33|30|19|34|36|38|50|52|70|48|57|55|55|61|40|55|43|39|34|40|19|10|25|21|14|8|15|8|5|3|12|22|14|10|18|
2013-12-13|3|1_CTs|CT23||155|130|95|70|71|41|35|42|26|42|23|33|21|18|12|17|7|23|21|14|11|14|9|35|17|24|26|29|58|69|111|183|263|289|320|335|275|266|264|193|208|198|202|202|209|227|218|203|231|260|275|264|275|291|223|258|265|267|259|265|281|247|287|329|345|349|347|360|406|420|438|439|452|454|401|389|395|384|346|329|333|321|297|266|249|238|210|193|158|169|165|156|155|163|149|182|
2013-12-13|3|1_CTs|ct24||238|213|151|153|121|95|63|67|40|42|41|36|16|38|32|29|27|29|41|46|50|62|88|98|115|195|288|489|664|900|1023|991|973|868|936|950|838|836|890|855|911|938|927|968|862|847|860|833|847|801|936|943|870|807|765|809|808|809|853|862|790|837|903|901|858|814|825|801|936|888|817|864|866|923|829|903|919|859|871|878|858|920|734|765|731|487|479|473|383|374|309|379|341|343|343|297|
