2011-04-19|7|1_CTs|CT1||26|16|19|19|16|13|13|8|7|5|4|1|8|5|5|2|4|2|8|4|3|5|10|11|15|17|27|24|31|61|95|120|147|155|191|185|188|180|199|187|158|166|144|154|139|140|180|174|133|148|133|129|138|96|120|132|142|122|159|156|161|166|158|155|145|155|145|153|154|148|144|159|153|176|164|145|142|156|142|126|131|108|93|89|83|65|60|60|50|61|58|60|43|50|52|37|
2011-04-19|7|1_CTs|CT2||80|44|39|34|44|29|17|24|37|22|7|20|16|5|4|9|8|9|11|10|17|22|28|24|32|34|49|56|77|117|150|205|225|233|368|333|394|243|280|117|257|186|225|216|127|130|168|123|201|214|160|257|208|176|169|217|214|237|225|268|243|242|228|239|215|227|195|215|208|287|306|298|222|276|331|216|205|266|208|156|226|249|196|183|197|146|135|139|130|123|150|107|125|106|93|70|
2011-04-19|7|1_CTs|CT4||43|40|30|31|35|22|17|26|34|23|14|26|18|13|6|14|11|9|10|13|9|10|8|7|2|4|12|10|7|13|7|10|24|18|37|37|36|28|38|35|33|32|31|43|37|35|25|40|15|47|39|34|29|36|38|37|37|40|55|41|36|45|51|54|50|48|112|87|95|72|75|83|89|92|84|74|68|65|92|53|69|67|68|56|57|58|50|45|49|44|59|73|63|44|67|42|
2011-04-19|7|1_CTs|CT6||28|34|26|15|22|11|8|14|11|4|7|4|6|7|8|10|8|4|4|2|6|4|9|8|12|13|14|19|40|33|57|67|80|81|91|121|140|139|137|118|121|122|114|96|142|120|131|128|154|134|127|120|133|128|130|134|122|134|122|147|156|133|142|164|146|182|164|152|162|191|157|169|180|179|183|186|176|164|165|156|131|111|118|120|93|82|63|61|61|59|66|54|33|55|47|51|
2011-04-19|7|1_CTs|CT7||35|45|20|18|20|13|14|4|23|13|8|9|11|8|9|11|5|5|8|11|10|7|8|26|21|23|24|39|44|71|95|70|102|85|105|101|142|132|112|137|114|132|135|133|112|139|125|150|140|179|119|122|120|109|142|110|125|145|134|154|121|148|167|116|148|174|136|116|150|158|162|177|165|164|176|164|161|162|143|151|149|141|90|97|88|92|63|59|58|55|75|64|62|54|55|47|
2011-04-19|7|1_CTs|CT8||74|94|78|52|54|53|30|37|31|34|23|21|20|17|22|18|22|31|33|55|57|70|72|100|115|118|148|177|198|243|307|360|392|409|416|398|351|375|357|325|311|342|332|319|300|229|191|339|317|369|355|330|295|288|248|322|329|328|319|349|333|324|350|344|320|336|349|375|329|355|336|345|345|390|342|357|282|319|294|320|264|246|229|237|241|189|176|196|188|167|197|158|149|139|127|117|
2011-04-19|7|1_CTs|CT9||43|53|53|28|28|27|17|16|16|16|7|15|10|8|11|5|14|12|19|23|24|22|33|52|44|61|60|91|90|117|177|217|211|229|233|232|225|213|199|212|188|214|200|196|151|136|133|240|246|208|209|179|158|171|153|152|179|205|141|210|220|192|186|196|183|191|177|209|204|174|188|185|208|230|193|221|163|182|167|155|147|152|131|116|141|108|100|93|87|99|100|86|62|66|64|54|
2011-04-19|7|1_CTs|CT10||94|84|75|66|54|52|29|52|39|30|25|35|18|22|24|35|16|16|29|23|22|20|45|36|39|55|49|60|91|95|116|151|173|213|256|235|211|232|253|247|235|214|231|288|256|258|276|241|295|270|271|288|283|245|256|226|229|264|250|263|270|304|290|315|280|314|295|302|310|348|340|347|263|309|286|296|250|279|290|283|261|244|194|209|199|178|170|146|138|147|146|133|148|134|117|116|
2011-04-19|7|1_CTs|CT11||111|85|82|59|47|55|28|52|38|28|29|23|20|29|23|25|15|15|32|29|18|39|50|52|44|61|58|71|111|102|143|155|163|199|210|205|239|199|234|241|240|203|233|265|252|229|248|237|262|258|288|255|232|226|241|199|228|232|235|239|275|279|267|272|281|265|314|261|290|259|288|293|276|282|251|259|259|258|258|269|218|207|206|183|184|168|152|160|142|156|130|135|144|130|115|90|
2011-04-19|7|1_CTs|CT12||77|69|59|41|40|27|13|24|21|33|16|20|16|9|16|17|25|17|7|10|12|14|22|12|15|29|29|38|60|66|97|131|150|157|183|211|224|219|228|228|236|223|212|191|220|260|261|232|268|205|264|219|252|214|194|214|242|291|217|262|310|273|274|267|255|275|316|328|359|341|331|373|374|364|369|332|349|410|358|349|286|263|269|226|214|183|183|151|161|138|133|123|130|134|129|113|
2011-04-19|7|1_CTs|CT13||19|14|7|10|9|4|2|1|5|3|8|3|4|1|1|2|2|2|4|3|4|0|4|10|5|7|11|15|20|45|44|38|39|47|62|51|54|68|54|73|52|67|58|67|59|48|52|62|65|78|64|66|60|54|55|49|46|69|55|83|72|70|68|43|67|75|55|55|72|63|69|75|65|79|70|84|76|77|59|57|72|57|50|36|28|41|24|23|33|21|23|25|26|25|25|19|
2011-04-19|7|1_CTs|CT14||116|115|79|69|65|45|40|33|36|41|24|18|29|30|19|26|23|19|34|31|25|38|55|66|61|91|93|111|132|143|209|213|262|282|320|347|410|346|322|334|357|312|344|317|315|339|330|329|363|395|390|355|353|290|341|303|359|356|368|374|399|420|389|422|405|450|444|496|468|534|536|499|564|515|456|430|467|488|441|464|390|343|311|298|255|232|226|220|190|187|183|178|160|172|150|150|
2011-04-19|7|1_CTs|CT15||5|17|7|3|6|7|2|3|2|5|2|1|5|0|2|3|5|3|2|0|3|1|7|3|1|5|7|5|13|9|16|20|15|36|34|40|52|50|48|37|34|37|26|20|35|35|44|35|38|35|32|31|40|27|27|43|38|35|38|33|33|42|41|43|33|44|38|39|38|51|41|43|49|59|50|53|53|49|51|32|36|31|31|35|27|21|25|23|34|16|18|15|12|17|11|15|
