2017-12-16|3|1_CTs|ct1||262|286|234|207|181|169|413|157|382|99|121|352|621|104|83|331|331|319|326|56|65|316|62|36|313|64|72|91|71|102|124|130|644|158|176|444|233|227|246|763|261|559|289|321|311|538|336|317|346|334|886|362|630|388|1130|625|563|827|564|318|838|616|606|360|344|373|314|504|546|252|777|199|198|157|666|129|405|142|404|121|431|421|141|196|440|201|468|170|472|192|490|209|245|253|217|497|
2017-12-16|3|1_CTs|ct3||671|465|394|341|307|562|535|259|209|163|186|169|422|169|151|123|379|111|137|352|365|103|116|76|101|110|112|656|112|384|717|172|209|246|265|554|572|575|335|370|597|414|410|449|433|427|430|980|754|454|784|506|524|1024|510|776|430|723|459|442|702|490|438|963|418|747|599|457|552|240|525|198|783|148|1165|403|388|370|128|127|454|201|131|740|1167|226|429|190|219|729|767|315|351|273|283|645|
2017-12-16|3|1_CTs|ct5||298|278|545|268|223|191|439|174|420|403|136|374|346|91|79|337|828|320|62|566|49|43|35|144|164|42|33|50|39|312|564|337|90|92|113|132|387|108|172|679|442|420|449|463|193|222|770|545|789|235|243|495|272|784|500|524|756|712|238|494|218|505|250|291|523|817|525|767|512|274|548|272|280|224|456|274|766|497|770|996|291|761|277|256|482|474|477|204|693|417|464|462|220|231|251|560|
2017-12-16|3|1_CTs|ct6||21|16|22|8|23|17|9|10|3|12|4|3|7|5|8|4|3|260|4|4|1|4|5|2|4|5|7|2|13|268|9|19|15|13|17|23|21|20|25|24|29|29|27|28|41|27|39|293|46|44|58|48|47|48|300|64|42|52|44|39|47|34|308|58|44|39|34|47|307|41|29|28|25|26|18|21|267|279|272|16|23|38|301|44|39|291|31|31|23|268|32|34|28|24|30|286|
2017-12-16|3|1_CTs|ct7||0|0|0|0|0|0|595|127|98|115|111|85|84|83|77|78|56|70|74|71|66|41|48|45|41|35|49|41|43|51|46|60|64|56|66|66|85|83|99|119|102|113|119|126|386|140|212|121|111|134|388|148|164|351|170|163|148|147|144|398|639|681|160|161|204|132|97|12|1|32|77|68|324|61|67|75|61|68|58|75|82|323|345|356|364|138|174|172|184|173|168|174|178|118|95|88|
2017-12-16|3|1_CTs|ct8||107|85|328|73|84|351|576|68|51|54|54|39|41|41|35|34|28|40|48|266|28|25|24|24|19|13|25|16|28|21|277|38|29|30|31|36|47|56|55|59|310|295|60|70|336|69|112|109|94|89|84|337|603|303|113|112|96|104|100|100|596|890|358|100|128|118|121|104|359|97|108|101|842|91|87|331|100|91|105|115|92|342|94|614|103|104|115|115|130|122|94|99|105|111|113|86|
2017-12-16|3|1_CTs|ct9||208|266|156|411|177|154|121|103|119|106|103|106|105|110|96|122|77|352|54|64|570|314|76|65|308|54|48|41|49|57|83|79|1056|1295|206|711|1442|2270|3373|193|404|406|182|687|148|199|2400|2222|652|1310|3303|3219|465|348|907|1505|1373|1787|294|701|2469|555|551|306|409|677|305|960|1335|1414|333|295|248|269|524|429|1031|240|582|2178|514|446|450|1238|1508|231|654|1081|1044|956|1720|509|154|682|1148|383|
2017-12-16|3|1_CTs|ct10||147|158|121|127|145|108|122|119|96|140|109|126|115|124|119|93|95|94|99|96|81|79|78|72|60|54|55|43|41|46|46|40|48|43|65|73|62|85|111|107|122|116|127|104|117|130|135|125|130|135|147|152|130|144|147|133|151|113|127|126|122|144|169|165|150|171|148|163|166|161|163|171|155|138|137|149|165|136|137|131|121|120|148|127|141|127|125|129|95|100|104|106|93|119|135|107|
2017-12-16|3|1_CTs|ct13||263|543|295|263|523|475|264|236|209|231|249|208|224|205|192|476|186|160|454|178|164|413|401|384|122|168|125|94|92|144|375|117|144|389|173|177|194|175|217|221|254|200|309|230|117|44|703|286|253|512|284|779|270|254|269|511|218|500|248|283|245|572|397|609|224|482|145|20|86|0|0|0|2|6|0|0|0|0|406|882|848|977|282|228|496|273|531|80|531|280|247|633|268|338|826|1256|
2017-12-16|3|1_CTs|CT16||462|201|174|181|425|121|146|151|121|355|110|139|559|98|91|353|583|85|67|67|78|68|62|74|38|54|42|52|45|52|333|50|69|74|102|77|93|142|138|393|360|389|153|649|153|142|417|409|191|406|684|460|182|173|179|393|411|155|161|142|180|158|208|203|189|480|214|487|218|502|253|243|227|259|212|478|472|221|471|242|734|501|197|176|192|402|423|399|619|404|389|134|152|161|153|163|
2017-12-16|3|1_CTs|ct18||211|179|157|151|176|142|168|140|117|162|125|126|124|143|148|113|114|119|115|106|102|99|93|99|69|74|68|68|63|67|83|83|75|70|89|122|125|127|174|140|188|151|163|154|139|197|173|172|176|189|182|206|176|194|193|196|192|164|191|184|181|189|213|221|213|204|218|236|254|216|256|238|250|247|232|214|223|211|232|200|165|210|220|210|192|178|184|187|144|128|136|142|140|158|177|160|
2017-12-16|3|1_CTs|ct19||0|3|1|1|0|1|0|0|1|0|1|0|1|2|0|1|1|0|0|1|0|1|1|0|1|4|1|1|3|1|2|1|3|4|1|3|4|2|2|5|1|3|6|5|4|0|4|1|1|4|3|4|2|2|3|2|2|8|2|3|3|2|6|3|1|4|7|4|3|2|3|3|5|2|3|5|1|5|1|3|1|5|2|2|1|1|2|2|2|2|1|2|1|1|0|4|
2017-12-16|3|1_CTs|ct22||19|12|8|10|10|10|6|4|6|9|4|3|5|3|9|1|3|5|2|5|2|1|3|5|2|5|3|2|3|6|5|9|15|10|8|8|5|12|11|269|11|273|17|276|273|21|15|22|27|271|19|25|19|22|14|14|259|16|17|15|14|13|18|27|14|9|12|19|20|16|272|27|17|16|27|13|18|22|16|29|28|21|271|22|22|24|15|15|16|11|10|13|25|9|25|12|
2017-12-16|3|1_CTs|CT23||0|0|0|0|0|0|0|0|0|0|0|0|0|0|0|0|0|0|0|0|0|0|27|45|52|50|53|62|55|329|357|102|248|475|142|171|133|148|401|162|165|180|217|428|194|166|179|170|200|196|457|192|477|421|199|202|195|206|180|433|168|429|183|413|183|189|184|439|433|195|433|162|167|183|186|187|420|174|430|186|429|187|425|200|173|172|419|145|385|409|132|157|156|149|151|161|
2017-12-16|3|1_CTs|ct24||138|138|128|356|91|89|332|60|61|56|59|293|295|43|29|35|19|31|26|38|42|46|313|47|57|83|360|364|120|682|263|329|699|567|400|980|686|502|769|838|538|525|562|850|516|1035|773|725|778|1020|769|784|538|502|1021|763|451|430|754|780|540|792|548|775|753|755|1009|796|1035|777|1566|748|749|778|1006|489|999|525|746|525|488|498|1010|458|591|244|254|211|680|409|181|188|180|202|173|144|
