2017-11-03|6|1_CTs|CT3||25|19|11|5|4|2|5|1|0|1|5|8|10|6|6|6|10|14|19|15|19|25|21|25|24|28|31|52|42|48|66|307|79|115|109|93|69|76|67|64|50|293|54|52|51|50|57|54|58|65|42|44|53|44|49|45|40|52|47|50|44|46|52|505|49|61|64|289|57|61|284|68|55|68|73|302|40|46|258|45|44|46|275|40|28|264|42|24|22|25|14|12|242|24|20|15|
2017-11-03|6|1_CTs|CT6||26|29|16|9|7|5|4|8|4|9|6|2|3|1|3|4|0|5|7|6|15|11|10|21|26|247|19|26|51|50|68|111|188|175|579|126|153|399|126|88|104|92|103|100|85|79|97|535|112|90|76|100|96|507|129|92|120|273|124|121|91|118|133|110|312|369|99|115|111|127|121|101|327|137|97|84|93|89|349|93|78|94|304|111|100|76|64|39|217|37|73|42|262|40|39|264|
2017-11-03|6|1_CTs|CT7||8|9|4|2|5|2|1|4|0|1|1|2|1|1|1|1|1|1|3|0|3|2|4|1|2|4|8|8|17|27|36|36|47|310|296|50|45|47|299|39|30|36|29|25|25|32|29|38|29|28|29|29|39|282|23|22|29|22|23|23|29|547|25|284|22|44|30|37|36|25|17|29|14|22|19|28|39|21|19|21|21|26|16|18|17|17|13|13|11|12|4|6|6|17|10|6|
2017-11-03|6|1_CTs|CT8||256|40|28|32|13|17|9|9|10|7|6|13|14|12|16|234|216|7|5|6|10|13|247|25|28|33|38|315|80|125|175|464|205|383|162|164|148|381|132|338|152|147|151|125|357|128|131|130|135|383|157|143|156|338|125|353|149|178|141|143|159|391|386|159|374|412|137|181|396|175|702|165|402|168|176|352|153|620|394|155|121|140|129|340|101|117|82|92|85|91|80|63|296|53|61|55|
2017-11-03|6|1_CTs|CT12||310|33|31|22|12|18|11|12|11|19|10|5|13|6|15|5|4|4|3|15|9|9|21|29|25|41|54|313|74|123|448|262|302|334|330|362|279|532|226|209|201|186|183|208|200|202|189|464|182|206|209|224|193|519|181|186|205|222|489|231|242|785|255|537|546|549|546|487|503|219|188|461|424|424|203|213|490|731|276|299|280|255|467|147|143|401|104|103|86|340|99|74|310|79|60|60|
2017-11-03|6|1_CTs|CT15||282|29|16|278|15|8|6|14|9|19|10|7|7|6|11|11|11|17|16|280|27|23|40|40|35|48|57|320|86|115|444|248|521|261|256|258|196|468|410|412|136|392|116|134|114|123|367|377|646|127|386|135|145|130|121|111|125|129|122|140|111|145|201|638|379|147|187|175|184|219|203|160|451|203|223|199|424|398|368|104|126|106|103|323|89|69|62|69|55|562|39|45|49|283|44|46|
2017-11-03|6|1_CTs|CT16||25|36|287|20|19|13|9|15|9|13|11|9|5|2|7|8|7|7|5|8|13|9|18|25|21|27|49|75|106|141|230|301|326|283|269|260|278|265|250|492|211|491|462|208|200|192|482|227|461|446|204|239|205|218|199|193|194|180|197|179|202|191|453|226|449|219|218|199|229|224|713|442|401|434|184|161|198|465|182|186|195|230|182|138|152|399|105|111|83|589|68|322|69|333|77|55|
2017-11-03|6|1_CTs|CT21||80|59|43|41|26|211|21|17|15|18|14|16|21|15|14|18|23|28|283|51|45|519|47|54|63|287|99|350|398|225|251|306|309|352|337|291|247|504|267|232|224|425|690|221|224|194|213|206|239|214|219|691|200|195|198|189|196|211|446|206|453|403|198|222|208|430|362|360|251|228|231|207|197|476|269|217|406|197|213|192|189|178|159|157|136|106|120|97|103|298|76|274|313|318|93|286|
2017-11-03|6|1_CTs|CT22||0|0|0|0|0|0|0|0|0|0|0|0|0|0|0|0|0|0|0|0|0|0|0|0|0|0|0|0|0|0|0|0|0|0|0|0|0|0|0|0|0|0|0|0|0|0|0|0|0|0|0|0|0|0|0|0|0|0|0|0|0|0|0|0|0|0|0|0|0|0|0|0|0|0|0|0|0|0|0|0|0|0|0|0|0|0|0|0|0|0|0|0|0|1|0|4|
2017-11-03|6|1_CTs|CT23||68|47|36|46|19|25|16|17|19|20|16|17|18|242|22|11|208|8|12|11|15|31|256|41|270|56|71|100|126|164|251|308|314|271|256|520|237|450|216|211|200|218|225|185|651|200|212|185|452|428|215|207|224|204|207|219|215|240|472|459|229|461|294|467|461|227|385|403|510|542|286|273|493|274|295|261|252|248|224|234|221|203|413|189|161|151|139|121|106|329|100|77|92|97|83|84|
