2013-04-29|2|1_CTs|ct1||144|113|68|24|21|32|18|11|15|9|9|13|6|9|8|3|11|8|9|14|13|8|11|23|14|26|35|55|69|99|102|115|137|161|179|166|168|177|169|207|159|212|217|202|176|168|187|193|184|172|183|199|155|150|119|139|185|191|193|223|216|188|176|187|192|186|178|167|177|157|176|180|175|164|167|147|143|153|159|141|135|139|129|104|94|88|68|84|86|103|83|74|65|82|73|63|
2013-04-29|2|1_CTs|ct2||52|51|35|22|14|17|10|11|17|16|21|16|26|13|14|6|17|6|3|11|18|14|15|24|30|22|27|34|37|50|58|64|72|97|82|104|96|120|119|142|132|174|131|150|131|123|116|111|120|87|112|119|100|98|63|80|137|118|112|158|118|130|123|134|116|115|118|142|122|88|106|102|104|117|94|104|85|100|116|106|93|91|90|72|67|60|55|54|49|55|62|65|57|47|49|52|
2013-04-29|2|1_CTs|ct3||65|71|51|24|21|28|20|16|7|12|11|14|12|8|10|8|11|9|10|12|11|22|22|19|40|44|40|62|53|99|99|106|101|135|149|142|136|175|179|194|133|204|198|225|183|172|172|195|145|139|196|180|153|146|119|129|192|186|173|210|204|196|180|204|183|196|167|169|170|143|172|188|174|174|166|149|147|160|140|141|170|148|142|118|96|93|96|101|82|111|98|83|73|81|80|55|
2013-04-29|2|1_CTs|ct4||38|43|34|18|18|9|17|22|15|7|17|8|1|8|7|3|6|7|8|5|12|7|19|15|18|25|23|34|33|34|59|79|91|94|100|111|137|104|120|120|130|115|120|114|110|102|113|98|119|101|111|138|122|103|112|80|106|110|145|116|91|142|125|131|137|136|128|124|103|95|114|119|119|106|119|109|95|83|106|104|78|104|79|82|72|47|64|54|63|52|67|58|39|62|55|37|
2013-04-29|2|1_CTs|ct5||77|78|56|30|38|20|23|24|22|9|14|11|6|10|7|7|4|14|12|13|14|13|16|20|23|13|32|36|39|50|73|92|131|134|165|145|175|169|163|185|172|201|192|185|169|185|185|160|193|179|187|185|173|143|172|150|165|182|201|197|178|201|205|200|212|232|232|192|180|172|178|171|188|172|178|167|153|142|160|133|134|147|107|126|110|82|91|83|101|94|94|98|79|103|84|73|
2013-04-29|2|1_CTs|ct6||174|176|140|41|35|31|29|23|32|10|18|8|11|11|6|9|6|7|14|15|15|14|16|20|20|24|27|30|45|40|59|63|83|80|100|101|106|114|113|118|133|119|148|149|109|124|126|154|146|130|129|143|132|102|107|125|136|146|141|146|158|165|175|160|149|169|169|140|152|132|157|141|123|137|149|139|133|124|147|142|121|128|101|92|78|59|58|59|48|6|6|11|12|23|5|2|
2013-04-29|2|1_CTs|ct17||63|64|47|19|27|29|14|14|10|7|9|14|5|8|10|10|9|7|8|11|14|15|11|11|23|22|31|47|48|77|76|110|108|120|149|135|151|155|152|187|140|189|172|204|179|168|160|178|153|131|172|151|163|160|114|119|174|180|173|189|189|182|178|199|183|212|155|181|189|152|165|189|206|208|187|155|160|166|157|133|164|168|119|127|100|93|80|76|73|96|71|63|59|72|61|55|
2013-04-29|2|1_CTs|CT19||34|32|26|12|17|12|8|12|9|4|9|5|5|1|2|5|7|4|6|5|9|7|3|7|6|11|17|23|28|40|49|73|70|74|78|94|91|99|88|107|90|100|105|122|98|106|103|117|99|104|96|99|83|99|81|64|85|107|117|111|112|135|131|120|117|149|105|101|122|93|138|134|121|144|132|108|115|105|101|107|86|101|75|66|57|69|39|43|39|60|48|32|33|39|34|29|
2013-04-29|2|1_CTs|CT20||25|30|19|17|20|17|18|13|11|10|9|3|5|7|5|2|5|6|4|8|2|2|7|13|12|9|18|25|20|39|43|76|66|87|86|97|89|89|84|90|79|70|70|77|74|75|73|62|61|87|58|70|63|58|68|61|55|78|69|62|75|83|68|79|79|81|87|96|86|79|82|80|87|81|93|81|87|77|86|80|85|71|65|59|62|47|39|40|49|36|52|46|35|43|45|40|
2013-04-29|2|1_CTs|CT21||16|15|8|10|10|8|7|6|2|3|6|1|3|6|1|1|2|2|0|2|0|2|2|8|7|3|9|11|10|23|21|52|48|53|47|59|56|50|54|53|44|40|44|43|49|48|51|37|39|42|40|38|42|34|39|35|31|44|38|46|41|50|47|50|44|44|54|49|49|58|57|54|59|44|49|44|39|51|48|37|35|42|41|40|39|34|22|28|26|22|22|21|25|23|27|18|
