2017-12-15|6|1_CTs|CT3||10|10|13|246|4|3|3|4|5|3|4|2|0|5|4|5|7|5|10|14|226|13|20|23|149|114|30|34|36|43|54|54|76|111|283|71|318|90|71|269|64|54|43|257|55|62|49|59|49|49|33|51|49|49|42|45|46|47|41|48|59|46|41|47|40|41|51|55|56|59|51|65|43|45|284|247|36|45|43|38|53|41|263|22|27|27|28|21|17|22|22|25|22|24|25|27|
2017-12-15|6|1_CTs|CT6||35|31|23|23|17|9|6|4|6|3|3|6|3|4|4|4|4|7|5|12|7|16|14|21|16|20|19|29|237|45|66|318|146|175|351|127|139|131|106|116|609|353|116|108|98|317|94|537|112|115|107|133|125|112|124|373|374|123|149|117|129|125|125|111|123|360|155|361|120|127|100|130|102|123|129|106|107|269|415|106|58|67|65|85|77|70|69|60|60|46|267|56|51|48|46|62|
2017-12-15|6|1_CTs|CT7||6|6|6|9|4|4|2|3|0|0|2|3|0|0|4|3|0|3|3|1|4|3|2|7|5|7|8|12|7|15|28|32|35|33|49|38|37|305|39|43|34|35|280|38|30|33|26|34|24|29|292|27|28|27|26|34|39|38|24|26|31|30|25|34|38|26|27|29|33|25|27|32|28|27|25|29|22|29|26|30|27|27|27|27|16|10|19|15|10|9|15|10|11|6|9|8|
2017-12-15|6|1_CTs|CT8||79|68|38|54|41|35|35|19|18|12|13|16|14|12|11|14|11|9|6|6|7|15|27|28|22|36|82|253|78|108|177|203|208|408|383|167|143|434|180|404|868|373|158|144|139|361|149|140|138|143|149|126|410|138|144|139|609|151|357|408|178|160|171|156|372|434|169|186|398|381|334|377|158|417|437|167|186|197|169|149|415|159|374|124|113|96|84|297|345|78|106|66|99|78|80|119|
2017-12-15|6|1_CTs|CT12||67|69|47|30|36|24|17|20|10|20|6|8|13|10|5|6|10|8|18|11|15|13|25|28|32|36|281|53|70|103|172|245|271|327|542|294|535|548|302|508|1005|232|457|471|208|457|236|229|214|226|235|267|771|251|229|211|727|224|211|510|275|520|268|314|314|558|280|561|586|491|467|199|190|228|484|214|220|207|260|273|268|565|1033|225|423|135|120|360|90|102|97|340|108|374|345|97|
2017-12-15|6|1_CTs|CT15||35|288|32|33|12|17|10|9|5|6|7|12|5|10|11|14|10|13|272|17|21|26|23|45|40|47|94|264|87|129|141|213|263|270|763|264|486|229|456|198|688|396|124|396|395|394|378|388|130|146|143|133|125|134|119|137|164|136|652|122|109|109|116|152|129|162|187|225|466|249|512|203|197|203|189|204|210|192|412|151|126|222|161|105|88|335|80|328|58|50|306|67|62|55|44|70|
2017-12-15|6|1_CTs|CT16||57|65|294|50|20|24|17|27|11|8|14|4|11|6|16|7|5|10|10|12|12|18|16|22|30|39|45|69|86|629|441|516|286|284|280|267|526|285|265|285|758|515|214|262|225|474|212|211|212|492|218|227|220|214|203|462|739|226|231|220|496|493|494|242|227|205|233|482|485|467|222|206|201|217|456|218|192|380|539|203|459|221|487|206|161|142|136|86|102|91|89|59|353|84|97|99|
2017-12-15|6|1_CTs|CT21||0|0|0|0|0|0|0|0|0|0|0|0|0|4|0|0|0|0|0|0|0|0|0|0|0|0|0|0|0|0|0|0|0|0|0|0|0|0|0|0|0|0|0|0|0|2|0|0|0|0|0|0|0|0|0|0|0|0|0|0|0|0|0|0|0|0|0|0|0|0|0|0|0|0|0|0|0|0|0|0|0|0|0|0|0|0|0|0|0|0|0|0|0|0|0|0|
2017-12-15|6|1_CTs|CT22||0|0|0|0|0|0|0|0|0|0|0|0|0|0|0|0|0|0|0|0|0|0|0|0|0|0|0|1|0|0|0|0|0|0|0|0|0|0|0|0|0|0|0|0|0|0|0|0|0|0|0|0|0|0|0|0|0|0|0|0|0|0|0|0|0|0|0|0|0|0|0|0|0|0|0|0|0|0|0|0|0|0|0|0|0|0|0|0|0|0|0|0|0|0|0|0|
2017-12-15|6|1_CTs|CT23||99|80|65|55|40|274|37|26|24|218|23|27|14|21|17|23|15|16|10|13|11|28|37|36|35|46|57|75|132|402|235|286|331|326|235|255|706|442|250|255|465|251|452|207|200|221|209|229|261|223|222|234|452|232|217|230|212|469|501|245|256|279|231|280|258|507|288|519|292|285|285|249|474|258|510|281|282|419|575|270|489|251|252|195|161|145|134|122|126|107|145|108|114|318|110|147|
2017-12-15|6|1_CTs|CT24||0|0|0|0|0|0|0|0|0|0|0|0|0|0|0|0|0|0|0|0|0|0|0|0|1|0|0|0|0|0|0|0|0|0|0|0|0|0|0|0|0|0|0|0|0|0|0|0|0|0|0|0|0|0|0|0|0|0|0|0|0|0|0|0|0|0|0|0|0|0|0|0|0|0|0|0|0|0|0|0|0|0|0|0|0|0|0|0|0|0|0|0|0|0|0|0|
