2017-10-01|6|1_CTs|CT1||0|0|0|0|0|0|0|0|0|0|0|0|0|0|0|0|0|0|0|0|0|0|0|0|2|0|0|0|0|0|0|0|0|0|0|0|0|0|0|0|0|0|0|0|0|0|0|0|0|0|0|0|0|0|0|0|0|0|0|0|0|0|0|0|0|0|0|0|0|0|0|0|0|0|0|0|0|0|0|0|0|0|0|0|0|0|0|0|0|0|0|0|0|0|0|0|
2017-10-01|6|1_CTs|CT3||17|18|10|13|5|5|6|6|7|7|6|10|236|9|6|4|12|10|10|17|16|251|29|26|29|38|28|272|32|28|40|32|37|46|37|50|38|40|38|39|35|50|241|47|280|317|46|447|51|46|56|42|34|285|277|39|48|41|44|49|52|252|275|59|56|59|44|54|53|278|47|63|55|54|57|40|57|36|40|289|33|29|21|25|19|37|236|35|28|30|26|19|28|234|20|22|
2017-10-01|6|1_CTs|CT4||6|6|5|6|6|12|4|4|5|4|244|2|2|1|4|3|4|4|1|3|2|0|2|1|3|1|0|2|4|3|4|4|5|6|6|8|6|4|5|7|5|8|268|8|12|14|10|11|12|23|10|11|21|23|17|0|3|20|15|17|15|17|12|18|24|27|23|21|25|13|19|25|23|29|25|21|26|28|13|16|21|10|12|9|6|17|10|13|18|9|15|13|4|7|4|8|
2017-10-01|6|1_CTs|CT5||287|25|33|26|20|20|15|18|16|10|10|11|13|6|11|7|13|17|7|9|11|5|7|7|9|10|8|11|9|262|16|12|240|254|21|17|19|19|21|14|16|18|25|38|32|34|24|40|35|44|58|43|46|47|45|30|33|43|39|38|38|43|38|257|53|37|43|50|47|45|49|40|34|53|52|60|44|46|38|44|46|35|36|23|22|29|31|40|486|24|25|17|28|9|10|24|
2017-10-01|6|1_CTs|CT6||25|37|24|22|29|201|13|11|9|17|12|16|202|11|8|11|7|6|3|5|5|12|11|9|19|11|212|16|15|14|21|23|265|30|275|27|36|40|46|36|51|56|45|64|71|82|56|60|283|86|340|83|98|314|323|86|539|81|88|84|291|69|303|86|116|90|100|76|334|554|85|75|98|98|529|98|296|77|72|63|48|55|241|49|66|51|63|63|87|63|56|41|30|32|60|34|
2017-10-01|6|1_CTs|CT7||0|0|0|0|0|0|0|0|0|0|0|0|0|0|0|0|0|0|0|0|0|0|0|2|0|0|0|0|0|0|0|0|0|0|1|1|0|0|0|0|0|0|0|0|0|0|0|0|0|0|0|0|0|0|0|0|0|0|0|0|0|0|0|0|0|0|0|0|0|0|0|0|0|0|0|0|0|0|0|0|0|0|0|0|0|0|0|0|0|0|0|0|0|0|0|0|
2017-10-01|6|1_CTs|CT8||263|279|42|49|45|32|20|27|27|25|30|20|19|13|17|24|19|23|4|8|5|217|8|9|12|12|14|26|17|27|43|32|35|38|38|33|76|184|280|65|75|65|268|66|73|307|85|285|305|93|92|95|108|550|92|85|74|72|95|120|96|127|136|133|143|143|361|156|144|178|421|191|204|201|193|139|387|135|104|111|88|64|73|62|68|98|81|269|269|61|53|48|50|66|252|54|
2017-10-01|6|1_CTs|CT10||0|0|0|0|0|0|0|0|0|0|0|0|0|0|0|0|0|0|0|0|0|0|0|0|0|0|0|0|0|0|0|0|0|0|0|0|0|0|0|0|0|0|0|0|0|0|2|0|0|0|0|0|0|0|0|0|0|0|0|0|0|0|0|0|0|0|0|0|0|0|0|0|0|0|0|0|0|0|0|0|0|0|0|0|0|0|0|0|0|0|0|0|0|0|0|0|
2017-10-01|6|1_CTs|CT11||1|0|0|0|0|0|0|0|0|0|0|0|0|0|0|0|1|0|0|0|0|0|0|0|2|0|0|1|0|0|0|0|0|0|1|0|0|0|0|0|2|0|0|1|0|1|2|0|0|0|2|0|1|0|1|1|0|0|0|0|0|0|0|0|0|0|0|0|1|0|0|0|0|0|0|0|0|0|0|0|1|0|1|0|0|0|0|0|0|0|0|0|0|0|0|0|
2017-10-01|6|1_CTs|CT12||0|0|0|0|0|0|0|0|0|0|0|0|0|1|0|0|0|0|0|0|0|0|0|0|0|0|0|1|0|0|0|0|1|0|0|0|1|0|0|0|0|1|0|0|0|1|0|0|0|0|0|0|1|0|0|16|0|0|0|0|0|0|0|0|0|1|0|0|1|1|0|0|0|0|0|1|2|0|0|0|0|0|0|0|0|0|0|0|1|0|0|0|0|0|0|0|
2017-10-01|6|1_CTs|CT15||0|0|0|0|0|0|0|0|0|0|0|0|0|0|0|0|0|0|0|0|0|0|0|0|0|0|0|0|0|0|0|0|0|0|0|0|0|0|0|0|0|0|0|0|0|0|0|0|0|0|0|0|0|0|0|0|0|0|0|0|0|0|0|0|0|0|0|0|0|0|0|0|0|0|0|0|0|0|0|0|1|0|0|0|0|0|0|0|0|0|0|0|0|0|0|0|
2017-10-01|6|1_CTs|CT16||0|0|0|0|0|0|0|1|0|0|0|0|0|0|0|0|0|0|0|0|0|0|0|1|0|0|0|0|0|0|0|0|0|0|0|0|1|0|1|0|1|1|0|0|1|0|0|0|0|1|1|2|0|0|0|0|1|0|0|0|0|1|0|0|0|0|0|0|0|0|0|1|1|0|0|0|1|0|0|0|0|0|0|0|1|1|0|15|1|0|0|0|1|0|0|0|
2017-10-01|6|1_CTs|CT18||359|84|94|61|55|41|37|44|50|27|32|34|508|24|33|26|26|31|22|22|25|23|16|18|29|284|242|277|38|291|51|33|519|50|58|67|72|91|328|340|92|91|125|402|156|135|136|145|134|140|173|152|166|158|149|146|127|364|139|377|168|172|193|186|214|171|411|454|443|690|194|193|205|204|213|217|220|196|417|160|294|243|124|101|90|124|146|161|603|103|120|75|329|314|326|68|
2017-10-01|6|1_CTs|CT19||37|58|33|40|36|25|26|32|265|271|22|17|10|17|8|272|11|9|274|11|9|15|13|11|12|14|11|15|14|14|14|15|15|17|27|24|42|35|29|56|54|77|69|71|334|88|349|333|98|98|117|326|120|101|102|102|103|75|97|95|94|107|70|312|94|94|110|119|368|139|144|165|150|140|132|121|137|109|81|74|211|186|71|64|61|555|61|78|280|55|59|38|41|243|57|47|
2017-10-01|6|1_CTs|CT21||75|82|61|56|295|236|34|36|43|31|38|28|21|33|27|22|23|35|29|43|288|59|54|49|57|536|319|63|66|70|84|66|84|86|89|315|106|131|338|127|147|132|318|132|141|134|146|159|240|378|201|190|197|667|409|348|412|421|177|177|438|401|464|251|257|233|213|245|223|254|256|269|266|258|229|229|404|209|169|193|174|163|156|127|129|417|124|378|372|321|119|128|108|205|466|112|
2017-10-01|6|1_CTs|CT22||0|0|0|0|0|0|0|0|0|0|0|0|0|0|0|0|0|0|0|0|0|0|0|0|0|0|0|0|0|0|0|0|0|0|0|0|0|0|0|0|0|0|1|0|0|0|0|0|0|0|0|0|0|0|0|0|0|0|0|0|0|0|0|0|0|1|0|0|0|0|0|0|0|0|0|0|0|0|0|0|0|0|0|0|0|0|0|0|0|0|0|0|0|0|0|0|
2017-10-01|6|1_CTs|CT23||320|83|60|259|66|253|29|34|37|45|40|41|17|27|24|29|34|33|15|14|20|205|25|28|35|27|29|54|40|50|322|61|276|56|307|72|72|94|114|110|129|126|120|134|141|127|142|150|146|161|150|410|167|154|143|414|133|149|568|162|390|190|194|423|213|244|192|422|231|268|237|270|269|287|466|237|233|187|157|153|247|380|107|102|88|367|333|139|585|87|106|75|281|323|82|301|
2017-10-01|6|1_CTs|CT24||308|92|270|69|311|282|51|52|52|61|39|39|33|47|238|34|247|26|273|35|28|273|39|52|44|44|48|494|45|254|65|72|55|63|70|82|88|85|81|319|122|334|339|135|148|182|135|149|237|308|177|190|179|165|165|333|371|358|161|175|165|168|423|179|204|228|227|243|459|683|255|279|474|226|267|238|481|201|408|155|131|391|363|117|120|402|191|203|158|133|322|103|320|99|338|324|
