2011-09-09|2|1_CTs|ct1||100|87|61|50|50|35|36|19|23|22|19|16|15|7|14|11|4|14|20|18|14|17|26|21|15|36|33|48|51|65|94|118|100|105|104|103|113|125|121|126|147|134|121|145|122|158|128|136|122|130|122|126|125|116|116|94|124|112|134|133|136|132|123|126|140|130|114|123|123|103|137|130|133|124|104|129|111|137|136|124|123|126|137|137|138|128|112|113|123|110|111|76|117|100|96|95|
2011-09-09|2|1_CTs|ct2||57|63|42|44|26|27|34|18|16|8|13|12|10|14|9|8|8|6|3|8|4|16|14|16|9|20|18|21|16|16|29|34|28|42|35|45|47|56|60|68|75|61|55|82|77|85|72|76|77|81|63|66|64|56|69|55|60|48|73|66|65|87|80|60|63|70|51|65|71|49|55|75|60|56|57|56|52|57|75|59|57|60|56|85|59|74|51|56|40|52|25|35|29|34|32|41|
2011-09-09|2|1_CTs|ct3||195|179|140|120|104|86|101|81|59|64|55|56|46|43|40|29|27|28|40|42|23|48|51|44|45|65|57|88|74|105|125|152|133|160|143|170|159|195|184|216|222|223|219|227|218|209|209|220|238|220|208|208|214|179|204|158|204|170|216|225|212|233|214|201|224|246|219|215|203|191|205|242|217|208|212|217|209|215|229|204|187|196|203|219|217|213|187|201|191|189|177|147|190|168|160|174|
2011-09-09|2|1_CTs|ct4||100|112|80|67|60|50|33|43|29|42|29|37|20|26|16|18|18|18|16|21|31|23|28|25|31|39|34|46|39|56|57|72|103|108|135|131|123|123|133|134|139|120|135|145|131|118|133|152|138|146|143|132|124|138|95|120|111|121|111|125|129|145|140|134|139|154|140|130|150|134|130|126|107|126|130|123|103|113|126|121|113|94|109|114|105|99|95|93|84|97|81|90|93|81|106|86|
2011-09-09|2|1_CTs|ct5||179|176|144|111|99|89|72|76|51|74|50|51|34|40|28|25|23|19|27|26|38|34|34|27|29|34|39|55|64|84|95|113|151|163|175|180|173|186|220|193|193|186|196|188|189|214|203|222|235|217|233|226|199|224|177|185|206|206|211|211|229|199|259|214|248|257|194|224|207|238|195|209|223|207|206|228|172|198|233|178|183|146|168|172|175|147|155|159|155|132|155|143|147|139|178|156|
2011-09-09|2|1_CTs|ct6||256|197|122|106|91|79|72|58|56|48|55|45|33|35|29|25|24|17|24|24|27|30|28|29|21|27|35|28|35|40|47|54|77|79|92|102|87|81|98|100|106|96|123|122|106|123|110|137|135|132|144|138|133|135|124|111|131|128|127|142|143|130|144|131|154|163|142|150|120|135|131|132|121|144|131|150|135|116|124|130|137|109|95|95|111|91|105|118|108|104|114|94|116|111|141|181|
2011-09-09|2|1_CTs|ct17||206|175|122|130|107|79|94|77|58|61|55|50|40|44|33|27|28|25|32|39|18|38|36|35|19|54|44|72|66|75|111|148|141|142|145|160|160|170|186|195|197|207|220|200|198|181|175|199|173|183|191|181|169|172|172|177|163|156|189|186|201|213|182|177|202|193|183|189|195|189|188|182|209|183|200|186|219|210|206|192|182|187|177|198|180|193|182|186|178|186|156|150|161|175|153|171|
2011-09-09|2|1_CTs|CT19||96|114|62|60|53|42|29|44|28|37|42|35|11|10|17|8|15|13|12|12|8|12|12|20|12|17|20|34|32|33|54|79|79|75|86|84|87|97|100|57|128|125|114|121|98|119|124|116|130|124|114|120|89|100|83|104|96|95|88|113|120|111|99|107|118|138|121|112|131|143|134|125|124|143|135|133|119|116|113|130|114|102|111|97|89|100|89|78|82|88|75|63|79|85|79|67|
2011-09-09|2|1_CTs|CT20||65|54|74|61|46|49|46|53|43|52|54|52|46|32|19|21|22|16|12|15|14|8|13|15|20|18|17|25|29|29|40|51|60|66|61|85|75|95|81|92|70|83|76|72|79|85|81|80|65|70|70|68|89|63|65|62|72|72|71|63|89|67|90|76|88|89|84|84|93|93|75|82|74|86|90|89|93|94|81|85|97|81|92|84|61|65|68|69|59|65|52|65|55|56|69|78|
2011-09-09|2|1_CTs|CT21||32|30|34|30|21|22|28|31|14|22|15|15|17|14|7|4|5|8|4|6|6|3|3|10|11|11|10|10|17|18|23|33|37|33|52|50|51|60|49|42|42|52|47|54|48|46|50|57|49|46|42|45|37|47|45|44|38|45|32|48|60|47|46|46|51|51|51|46|58|57|54|39|50|54|50|54|40|58|44|57|54|51|58|52|41|44|36|40|37|45|25|34|30|37|48|44|
