2018-01-10|3|1_CTs|ct1||104|92|72|55|55|48|31|28|21|245|22|5|0|0|0|0|0|0|0|0|0|0|0|0|0|0|0|0|0|0|0|0|0|0|0|0|321|175|402|157|142|397|153|379|128|150|341|386|131|146|137|141|128|142|383|114|139|138|165|400|417|146|400|395|140|146|410|166|150|175|171|176|153|160|182|180|159|370|394|401|183|176|382|96|91|80|92|63|54|306|57|50|54|54|46|41|
2018-01-10|3|1_CTs|ct3||178|155|131|98|87|94|314|55|45|43|46|27|40|48|29|20|540|31|26|42|32|48|308|289|62|78|109|137|407|511|300|328|734|1011|497|544|579|531|466|454|425|700|438|406|404|436|409|446|461|706|471|437|466|730|947|675|444|495|707|1010|786|488|518|731|511|817|550|777|843|1290|570|814|817|1072|569|785|560|781|516|516|561|1088|511|379|402|627|597|563|301|246|270|538|746|256|219|454|
2018-01-10|3|1_CTs|ct5||109|86|74|63|47|44|52|37|32|17|19|21|12|20|13|255|16|15|21|19|12|9|17|15|268|19|27|55|60|74|110|199|447|285|519|498|517|247|211|493|199|426|212|450|228|190|681|483|241|737|255|230|242|251|463|489|430|475|515|228|245|511|521|277|287|559|322|352|558|621|374|317|826|564|327|329|278|533|316|286|305|581|247|191|447|174|185|159|448|143|153|161|148|161|113|365|
2018-01-10|3|1_CTs|ct6||4|13|2|1|2|0|0|2|0|3|1|1|2|1|2|2|1|1|0|2|0|4|3|2|5|7|7|263|29|32|50|43|59|338|74|326|314|323|293|64|321|56|54|314|64|295|305|47|40|37|36|46|49|58|41|53|60|57|60|68|321|310|53|57|38|61|49|38|39|58|48|53|58|63|45|69|52|47|46|54|29|297|37|35|27|29|25|19|19|10|19|17|16|12|240|10|
2018-01-10|3|1_CTs|ct7||72|70|54|51|46|30|41|20|283|31|23|278|14|20|20|19|7|13|21|19|15|20|24|23|23|29|37|47|55|308|325|87|92|129|139|128|141|120|139|138|140|136|411|139|161|166|655|163|152|159|146|408|163|374|142|130|142|932|148|157|163|149|363|369|65|121|139|114|86|10|0|0|0|25|4|0|0|0|0|0|0|0|0|0|0|0|0|0|0|0|0|0|0|276|313|362|
2018-01-10|3|1_CTs|ct8||42|40|32|54|31|14|15|29|19|15|16|23|12|14|12|22|15|15|18|11|9|11|12|11|19|15|20|15|20|537|297|41|50|63|75|86|83|303|94|85|99|110|344|107|110|118|352|119|104|108|102|369|607|94|104|76|108|364|90|101|103|118|1126|388|141|114|128|129|125|385|110|621|130|388|117|110|97|356|87|95|86|89|69|78|309|46|46|49|65|44|53|49|54|306|278|53|
2018-01-10|3|1_CTs|ct9||160|118|106|52|72|50|61|36|41|38|39|315|27|45|51|72|26|22|16|292|26|71|30|52|74|30|30|77|93|386|426|513|743|998|1154|889|462|1151|2361|508|283|314|354|469|204|702|388|1198|517|1175|1743|363|196|381|2263|2148|1657|833|2110|3349|2309|1486|1194|1257|484|345|590|631|782|1949|2193|2289|2151|747|437|1248|526|1277|1325|2341|2786|1158|1292|1088|1237|1236|1336|197|1866|237|200|1029|543|785|1403|940|
2018-01-10|3|1_CTs|ct10||66|63|50|37|51|34|26|20|33|28|24|28|22|11|18|13|10|12|14|14|12|17|16|10|26|16|29|33|48|42|80|119|148|161|168|184|180|164|164|155|160|139|138|153|134|148|148|156|140|125|150|127|149|149|129|117|145|143|142|142|173|152|153|153|170|173|169|170|177|145|152|139|127|135|141|144|142|133|124|157|139|145|151|111|102|109|80|68|93|108|88|85|107|99|87|86|
2018-01-10|3|1_CTs|ct13||151|138|138|79|94|86|89|74|62|65|62|72|60|300|50|40|42|48|46|30|42|50|39|54|72|69|100|364|132|132|194|224|201|546|229|302|410|245|244|514|255|269|278|541|309|259|501|272|306|281|292|281|305|533|285|294|1036|252|563|341|655|263|312|589|927|560|194|311|760|496|288|221|261|279|246|260|517|734|525|243|262|283|770|238|264|227|189|225|221|239|445|216|478|213|434|174|
2018-01-10|3|1_CTs|CT16||84|72|77|286|58|50|30|24|25|28|31|23|14|18|26|5|31|24|10|25|35|18|278|21|31|30|29|51|63|331|112|390|182|744|465|214|201|473|207|460|199|183|188|428|150|455|186|200|192|446|174|186|450|202|449|164|698|169|427|192|699|200|202|196|229|233|226|485|488|242|270|234|516|295|227|265|525|736|485|210|213|204|174|165|123|125|364|103|97|101|86|111|96|118|80|337|
2018-01-10|3|1_CTs|ct18||77|73|67|50|51|40|37|27|29|30|32|30|26|18|21|15|12|14|20|24|15|22|20|16|35|40|47|65|82|86|131|171|231|258|221|263|253|187|203|202|223|194|214|206|192|203|174|232|216|168|203|172|216|204|178|186|205|210|228|200|221|175|210|229|200|204|246|190|218|188|199|204|188|182|182|189|233|212|117|199|159|187|177|161|125|128|111|100|108|123|124|110|140|130|111|106|
2018-01-10|3|1_CTs|ct19||0|2|2|0|0|0|0|0|1|1|0|0|2|0|0|0|0|0|0|0|0|1|1|3|1|4|5|5|10|7|7|9|4|4|8|6|6|15|8|9|7|9|8|13|3|4|5|5|7|2|9|8|3|7|7|3|5|8|5|8|2|11|3|9|9|6|7|11|6|7|8|5|2|5|10|9|21|8|5|7|7|5|6|4|6|3|4|4|3|2|2|2|0|0|3|2|
2018-01-10|3|1_CTs|ct22||4|3|4|5|3|5|1|2|5|2|2|2|0|3|1|1|2|2|0|1|4|0|0|1|4|2|7|5|3|9|14|10|19|12|18|16|25|22|21|275|18|17|20|20|16|18|21|279|17|25|24|35|29|23|16|8|17|27|21|28|40|295|25|40|34|29|45|34|67|260|41|284|30|290|293|15|23|21|20|22|20|25|11|15|14|8|5|8|9|9|9|6|11|5|5|5|
2018-01-10|3|1_CTs|CT23||52|65|50|39|32|282|32|20|26|13|22|13|6|11|15|12|6|15|15|10|10|25|32|522|26|41|316|104|127|164|172|75|99|90|100|215|456|482|206|469|191|184|188|451|179|193|450|195|183|175|152|155|168|160|433|690|187|457|418|467|463|429|188|187|418|171|170|142|408|278|39|42|0|1|93|145|133|1154|159|699|394|138|161|160|135|123|111|116|112|96|109|115|111|225|191|87|
2018-01-10|3|1_CTs|ct24||68|64|37|282|19|263|20|10|14|16|11|11|9|19|16|7|11|8|8|11|20|36|287|68|82|131|247|945|423|572|570|565|757|753|715|456|764|515|531|1070|1080|764|569|813|557|538|782|475|665|964|481|441|475|479|928|720|1197|505|485|1012|500|1006|755|462|382|415|418|749|790|870|701|730|718|487|511|473|683|712|658|588|314|293|818|257|189|427|129|394|129|393|155|137|115|255|701|86|
