2017-12-27|6|1_CTs|CT3||12|17|21|9|2|3|3|1|1|10|5|3|6|2|3|3|1|4|8|7|16|13|13|20|27|21|35|31|30|32|268|47|216|40|278|54|47|51|283|49|37|47|38|237|57|261|40|47|49|49|41|43|33|41|228|38|35|34|32|41|34|38|267|37|33|24|44|29|40|268|53|36|54|46|43|38|41|32|34|33|36|43|30|22|17|16|26|24|26|263|29|21|24|22|24|18|
2017-12-27|6|1_CTs|CT6||240|15|20|11|8|3|3|5|6|8|4|3|4|9|3|3|4|1|2|1|10|10|8|18|12|14|22|15|33|33|41|74|58|535|78|81|88|106|88|99|78|328|85|296|81|97|85|326|111|114|97|97|93|522|97|101|87|93|117|95|112|101|122|354|520|174|106|323|90|99|340|95|85|94|96|514|80|79|108|96|88|309|82|59|382|162|55|41|46|53|41|33|31|51|234|31|
2017-12-27|6|1_CTs|CT7||3|6|4|3|3|4|1|0|0|1|0|2|1|0|4|0|4|0|2|3|3|5|3|2|5|4|9|10|7|17|17|15|24|18|25|34|24|33|33|21|31|26|26|21|39|24|21|24|32|21|30|22|32|23|19|28|20|265|27|22|20|29|30|20|27|283|22|22|28|23|30|21|28|26|27|30|20|23|277|17|17|23|17|5|15|13|13|10|8|11|7|4|8|5|9|6|
2017-12-27|6|1_CTs|CT8||43|38|15|11|17|16|14|10|6|6|14|11|18|11|6|215|6|5|4|5|1|7|26|19|25|17|36|49|70|66|299|127|626|389|370|388|137|165|382|391|384|320|111|321|142|358|110|358|118|136|143|637|143|519|114|358|306|137|143|166|138|134|148|154|141|344|158|153|141|174|358|402|383|171|169|152|156|396|357|137|111|121|111|89|303|312|60|317|63|67|62|57|50|270|56|54|
2017-12-27|6|1_CTs|CT12||54|39|22|19|13|16|8|9|11|12|16|8|7|6|6|3|10|8|9|8|7|12|11|27|25|33|44|55|49|64|363|122|390|385|172|174|176|199|188|175|168|160|433|170|443|170|424|191|192|467|202|471|438|420|168|440|438|166|189|204|234|250|236|258|430|568|231|484|230|241|232|226|229|501|254|219|198|466|420|183|151|149|132|113|107|98|75|610|75|574|332|86|61|57|50|301|
2017-12-27|6|1_CTs|CT15||20|26|16|264|20|16|8|7|9|7|7|12|10|10|13|4|10|6|12|16|21|17|28|27|36|42|48|40|70|108|99|134|370|139|153|161|133|148|124|137|368|124|118|104|130|116|107|97|122|372|380|121|120|116|105|128|115|373|122|118|106|364|387|106|375|358|152|117|393|131|175|404|400|147|179|148|121|113|332|90|87|85|69|59|55|60|44|560|51|41|47|297|39|287|34|41|
2017-12-27|6|1_CTs|CT16||37|28|25|25|19|15|9|12|5|13|11|5|11|4|8|2|8|5|10|7|14|13|17|20|30|28|43|308|316|96|115|181|650|679|171|204|703|217|222|223|202|201|197|194|213|182|203|450|211|193|209|454|198|182|175|706|659|180|181|200|195|207|196|210|185|193|191|198|459|462|188|204|195|198|181|167|188|173|166|146|160|143|153|102|92|83|82|82|74|47|52|316|56|50|303|300|
2017-12-27|6|1_CTs|CT21||0|0|1|0|0|0|0|0|0|0|0|0|0|0|0|0|0|0|0|0|0|0|0|0|0|0|0|0|0|0|0|0|0|0|0|0|0|0|0|0|0|0|0|0|0|0|0|0|0|0|0|0|0|0|0|0|0|0|0|0|0|0|0|0|0|0|0|0|0|0|0|0|0|0|0|0|0|0|0|0|0|0|0|0|0|0|0|0|0|0|0|0|0|0|4|0|
2017-12-27|6|1_CTs|CT23||61|53|33|26|27|21|20|15|16|10|30|16|21|13|6|11|8|8|6|16|8|15|33|34|39|29|63|76|285|363|605|205|201|197|388|202|186|219|205|209|393|189|187|188|207|195|168|182|194|430|208|412|213|414|184|181|187|222|196|239|202|381|220|223|202|434|257|227|260|500|234|260|243|257|233|475|229|242|476|197|194|181|154|124|105|103|100|98|100|336|103|307|71|67|90|66|
2017-12-27|6|1_CTs|CT24||0|0|0|0|0|0|0|0|0|0|0|0|0|0|0|0|1|0|0|0|0|2|0|0|0|0|0|0|0|0|0|0|0|0|0|0|0|0|8|0|0|0|0|0|0|0|0|0|0|0|0|0|1|0|0|0|0|0|0|0|0|0|0|0|0|0|0|0|0|0|0|0|0|0|0|0|0|0|0|0|0|0|0|0|0|0|0|0|0|0|0|0|0|0|0|0|
