2013-05-08|3|1_CTs|ct1||57|36|16|15|18|19|5|2|12|13|7|6|4|3|8|7|2|2|5|9|2|8|7|17|10|28|41|38|53|77|120|164|206|252|242|227|242|233|221|217|174|164|160|163|174|177|160|127|210|201|179|185|206|179|142|189|187|178|181|184|188|165|184|193|161|170|199|196|191|228|207|209|212|227|227|218|222|220|202|195|198|198|146|132|148|154|132|89|98|89|92|77|75|60|58|62|
2013-05-08|3|1_CTs|ct3||155|60|69|63|74|31|36|21|52|74|31|30|96|26|21|24|25|52|58|32|20|23|61|87|73|96|70|71|86|112|168|199|254|300|250|286|309|277|326|265|258|279|215|161|166|267|158|155|243|235|291|232|310|221|242|251|256|245|236|263|279|247|266|264|264|227|313|223|241|225|216|332|258|290|282|238|398|291|361|414|428|320|276|263|181|243|204|153|143|197|146|188|189|151|112|149|
2013-05-08|3|1_CTs|ct5||104|135|149|80|70|47|44|36|43|38|25|20|12|15|10|16|18|16|13|12|13|12|19|14|18|27|24|24|51|68|130|145|186|204|217|207|219|234|181|186|181|181|181|167|162|191|179|162|249|237|217|219|259|188|196|214|200|218|211|276|206|233|218|244|236|240|255|273|292|266|284|296|282|287|263|312|283|270|269|267|252|256|233|189|173|179|150|159|160|165|138|138|153|148|114|131|
2013-05-08|3|1_CTs|ct6||10|1|9|6|6|3|2|4|2|1|2|1|5|4|2|0|0|2|0|1|3|5|1|3|2|6|14|12|17|27|36|51|75|70|93|84|73|73|63|58|43|73|35|26|31|30|38|34|62|61|57|58|40|60|47|45|60|64|59|42|46|68|86|64|53|53|44|48|57|51|79|76|86|46|50|62|71|78|54|56|42|35|30|32|35|29|22|19|18|21|19|24|17|26|13|8|
2013-05-08|3|1_CTs|ct7||4|1|2|9|0|10|6|0|3|0|0|6|1|8|3|5|12|13|9|6|3|11|24|20|23|24|27|31|45|47|82|111|118|144|152|151|172|155|154|160|150|153|133|143|153|175|192|177|217|197|173|181|188|166|163|157|180|190|215|192|192|191|199|200|192|178|186|195|172|153|119|127|165|152|151|160|167|151|163|168|168|147|146|150|122|103|127|133|88|132|123|134|112|122|102|117|
2013-05-08|3|1_CTs|ct9||88|94|73|84|59|57|45|30|41|52|45|33|29|22|21|23|21|29|20|11|20|25|28|16|23|42|28|39|64|87|97|173|202|217|244|230|215|224|271|220|264|215|192|206|150|168|166|141|165|179|177|172|153|143|148|168|183|177|191|174|192|208|186|181|172|220|201|172|207|201|180|127|121|61|92|97|139|213|168|191|151|164|148|142|115|118|123|97|123|88|81|95|78|86|81|105|
2013-05-08|3|1_CTs|ct10||99|77|54|67|50|46|45|32|41|44|26|18|17|16|12|13|18|13|15|15|17|11|14|15|13|22|26|30|35|34|83|98|132|148|165|162|166|155|154|152|126|145|127|121|136|101|130|128|125|122|131|126|143|119|114|140|133|122|141|139|132|132|128|150|150|149|143|161|170|159|139|154|134|154|150|155|152|147|138|134|154|151|137|116|121|115|123|82|101|100|86|92|80|85|93|73|
2013-05-08|3|1_CTs|CT11||198|283|283|183|129|125|85|67|68|81|66|29|31|21|29|32|33|28|32|36|32|30|48|41|42|61|59|62|93|115|199|264|290|349|388|383|407|369|369|375|347|334|303|323|339|347|362|438|377|379|352|497|421|381|363|361|366|398|394|407|414|408|405|421|383|381|384|424|419|388|399|383|354|379|388|402|442|401|491|419|421|366|360|334|295|253|273|293|270|276|240|267|254|240|226|263|
2013-05-08|3|1_CTs|CT12||43|51|38|24|21|25|35|15|16|11|17|18|15|15|9|11|9|8|5|6|4|4|6|14|13|13|17|11|19|23|14|45|49|61|61|79|88|88|89|68|109|101|82|94|117|110|111|100|141|159|166|146|100|81|80|101|88|108|109|123|122|127|135|126|117|126|145|166|133|150|162|146|150|150|141|171|161|113|129|93|108|69|70|71|78|84|40|54|48|65|49|44|61|58|47|42|
2013-05-08|3|1_CTs|ct13||3201|4718|3144|2826|1384|2908|3123|3357|2353|1705|2590|1192|483|622|816|1001|544|1097|2094|1618|1998|1730|1575|1759|956|906|2315|2754|2552|1104|423|785|599|228|864|248|274|265|354|226|945|212|337|718|457|1092|374|358|446|240|183|199|304|767|898|1413|1629|1438|321|555|373|30|515|442|227|206|186|206|201|184|169|142|537|379|262|233|529|324|352|1392|246|352|1818|1647|2968|2741|1828|430|492|2642|3316|2462|3955|4617|4129|1478|
2013-05-08|3|1_CTs|ct14||40|32|30|28|20|13|17|10|12|7|5|3|9|11|8|7|10|6|3|7|5|11|11|10|23|38|67|116|195|249|290|291|309|307|298|294|308|318|284|289|270|207|209|222|191|192|187|159|162|157|182|195|151|163|175|195|176|189|214|185|194|213|176|151|178|172|173|181|170|207|206|222|250|247|254|251|215|211|188|191|159|141|140|126|104|86|87|79|93|95|92|66|58|58|62|52|
2013-05-08|3|1_CTs|CT16||82|80|112|57|91|92|25|27|37|35|43|37|17|16|12|11|19|15|11|74|97|6|19|20|13|51|63|34|39|68|61|160|128|171|179|188|162|208|164|184|201|204|144|170|190|152|151|171|222|256|217|212|166|205|152|173|174|138|213|169|195|227|181|240|161|202|188|186|257|255|281|279|237|216|251|250|229|222|206|214|203|145|154|143|132|132|148|77|129|83|140|97|74|79|107|85|
2013-05-08|3|1_CTs|ct17||79|75|52|46|41|33|22|21|29|23|19|17|14|9|8|15|7|14|12|18|9|8|18|17|17|23|35|42|69|76|128|221|261|154|242|292|342|328|323|298|205|233|194|182|212|203|157|192|193|201|206|229|199|190|204|173|210|204|186|199|225|228|223|249|229|212|263|252|232|244|248|216|216|272|228|241|208|224|179|202|221|177|156|171|143|135|121|109|113|118|113|80|111|97|95|74|
2013-05-08|3|1_CTs|ct18||120|96|67|81|56|57|48|36|42|48|33|20|25|20|15|14|21|20|18|21|20|18|21|25|25|40|44|57|63|78|123|185|244|232|209|245|247|271|274|234|217|232|192|165|186|177|184|184|158|144|193|152|161|174|167|153|178|113|182|201|173|199|188|178|169|190|221|203|179|221|161|206|159|223|174|192|193|196|179|185|213|202|165|166|159|139|156|107|137|132|136|114|109|119|120|108|
2013-05-08|3|1_CTs|ct19||0|2|2|0|0|4|1|0|0|1|0|0|2|0|0|0|0|0|0|0|0|2|0|4|2|7|4|10|10|7|7|6|4|9|6|5|9|0|9|10|8|7|7|4|5|8|8|6|4|5|7|8|7|9|3|6|9|4|2|5|8|5|9|12|6|10|10|8|8|8|11|3|11|5|12|9|4|9|0|0|0|1|0|0|0|0|0|0|0|2|0|1|1|2|2|1|
2013-05-08|3|1_CTs|ct22||9|1|5|0|1|0|3|2|4|2|2|3|0|1|2|2|2|2|2|2|1|1|4|5|5|3|3|5|3|9|14|12|21|16|28|13|19|20|16|35|31|24|19|15|21|19|16|18|27|17|23|24|21|22|10|0|6|22|11|22|37|26|21|20|29|27|35|51|51|47|42|41|49|66|50|60|52|55|40|34|41|21|19|16|9|11|11|6|8|10|7|12|8|8|7|6|
2013-05-08|3|1_CTs|CT23||97|74|69|47|33|39|23|9|38|14|11|21|20|18|15|11|6|6|14|4|6|7|13|10|17|18|34|34|55|66|122|221|237|278|326|330|296|276|224|228|208|187|200|175|189|215|240|163|261|237|247|249|275|263|232|236|238|249|240|234|236|237|262|277|282|285|337|294|353|410|415|399|442|501|459|422|459|436|440|404|356|382|330|249|259|208|217|211|228|182|178|130|126|104|91|104|
2013-05-08|3|1_CTs|ct24||165|144|136|104|78|67|52|48|38|32|26|23|30|32|37|23|35|29|35|38|43|65|71|88|123|165|317|483|650|889|989|980|951|930|852|882|860|827|956|874|936|937|904|787|785|809|816|756|747|760|814|834|788|763|730|766|789|807|887|836|781|808|818|763|685|723|741|808|816|820|836|888|883|973|925|922|821|826|757|764|637|617|630|520|413|406|345|311|335|351|321|270|266|272|247|202|
