2012-04-04|2|1_CTs|ct1||36|28|22|24|21|17|9|8|12|10|7|8|3|5|5|6|8|7|8|7|15|15|22|18|21|28|30|43|65|67|87|108|111|106|102|110|124|124|138|124|150|146|153|123|137|117|126|138|142|137|134|138|151|134|115|106|126|127|141|118|126|140|119|132|135|134|111|123|119|126|126|96|111|138|120|127|102|102|102|114|118|99|94|93|69|69|75|85|89|78|54|58|60|47|55|44|
2012-04-04|2|1_CTs|ct2||14|7|12|14|8|9|7|4|7|6|7|5|4|4|3|2|8|8|3|5|3|8|4|13|16|15|15|22|11|24|20|26|28|30|38|32|47|42|61|52|55|68|72|86|62|71|53|51|56|59|61|47|75|68|56|49|50|59|53|57|72|54|61|67|54|58|61|52|54|55|46|48|47|58|52|45|56|35|39|42|48|31|45|36|25|16|22|24|21|25|19|18|18|19|26|22|
2012-04-04|2|1_CTs|ct3||68|67|55|61|42|51|33|27|23|24|28|15|18|16|14|10|18|26|17|19|19|33|29|47|47|61|57|64|83|99|112|151|156|148|160|161|172|190|197|183|221|198|223|244|239|189|222|219|194|194|228|218|217|212|193|186|179|184|201|212|200|219|206|236|209|230|203|227|217|190|196|201|193|207|201|209|213|155|165|181|194|155|169|127|116|110|119|119|126|120|107|116|105|79|113|101|
2012-04-04|2|1_CTs|ct4||54|35|31|25|33|36|24|23|9|15|10|10|6|5|15|8|14|10|8|8|7|12|21|22|31|38|28|39|28|58|62|73|104|106|118|128|138|135|132|154|126|133|132|132|133|132|133|127|125|132|124|134|107|118|105|115|119|142|124|128|120|130|127|126|126|136|137|135|144|140|130|142|143|136|129|114|133|110|124|114|84|98|103|80|79|64|60|49|77|70|59|63|62|63|47|61|
2012-04-04|2|1_CTs|ct5||80|70|58|50|56|57|24|35|25|22|23|11|16|10|17|16|22|15|12|17|12|15|20|28|29|44|33|56|29|55|86|98|122|141|161|177|203|174|189|191|188|190|192|192|213|161|192|182|202|192|203|196|168|182|148|177|167|217|184|198|198|209|199|206|186|195|188|202|247|256|187|211|202|217|198|184|186|185|191|172|158|150|153|143|121|107|104|88|123|102|102|116|92|110|92|84|
2012-04-04|2|1_CTs|ct6||54|51|38|37|35|34|28|21|18|23|18|11|12|8|15|13|11|11|7|11|11|13|16|21|25|25|29|24|25|39|54|53|65|66|89|85|105|97|95|112|119|116|138|138|108|93|123|142|142|155|138|141|116|123|114|125|107|155|151|132|129|148|130|155|129|135|129|146|142|163|131|133|132|144|142|124|131|132|132|106|114|102|93|104|73|59|59|89|72|84|78|68|68|78|68|69|
2012-04-04|2|1_CTs|ct17||81|74|51|53|38|52|32|24|23|24|26|18|18|19|11|10|17|21|7|20|15|17|29|33|33|43|41|48|84|79|85|134|151|150|169|165|173|198|181|191|184|184|185|233|217|169|206|167|189|167|217|189|197|187|187|163|177|178|188|188|199|208|200|205|184|191|198|207|197|167|211|206|183|204|210|193|198|183|188|179|194|175|171|124|126|100|112|122|137|110|107|110|103|94|102|91|
2012-04-04|2|1_CTs|CT19||48|38|34|18|20|20|16|17|14|18|13|12|7|9|3|8|4|7|8|9|7|11|14|13|12|23|20|32|43|40|52|70|98|99|92|104|98|116|100|117|121|113|111|118|132|133|121|116|119|123|143|117|122|129|107|90|118|103|121|104|105|131|111|112|114|127|119|134|133|92|162|142|145|145|139|120|136|133|126|128|124|110|95|80|65|62|73|73|66|69|62|54|61|42|40|54|
2012-04-04|2|1_CTs|CT20||42|49|35|33|34|29|26|21|15|19|24|18|13|9|11|9|9|10|11|10|10|11|9|15|18|15|20|25|26|42|40|39|64|69|84|94|106|96|93|95|86|82|87|78|66|67|57|80|72|71|74|89|68|61|74|60|82|71|70|77|73|84|86|84|81|69|79|77|94|90|82|79|88|97|92|93|93|91|88|100|73|81|60|74|57|49|56|58|63|61|64|52|61|72|54|62|
2012-04-04|2|1_CTs|CT21||27|19|20|19|11|11|16|14|4|9|7|9|6|5|2|3|1|3|3|3|3|4|5|8|5|8|8|7|10|22|25|25|44|43|47|60|69|59|47|55|52|53|41|55|40|48|41|63|52|23|54|48|51|34|48|43|57|48|39|34|45|35|49|55|52|49|58|57|61|59|47|60|51|54|51|56|58|61|45|49|48|49|38|42|28|23|33|30|36|37|34|25|39|32|35|33|
