2016-05-28|3|1_CTs|ct1||61|62|56|50|38|35|29|33|28|27|30|24|26|29|16|18|10|7|14|7|11|11|10|12|10|16|17|16|265|21|44|54|43|48|49|63|55|65|80|92|97|80|106|78|104|86|358|384|124|117|110|132|129|664|381|94|94|361|102|121|109|158|115|137|122|630|114|126|388|109|338|87|82|103|81|91|84|93|94|80|68|64|62|323|53|47|40|301|49|282|34|305|89|59|53|52|
2016-05-28|3|1_CTs|ct3||89|98|67|51|46|51|38|34|296|33|28|33|39|26|23|20|16|271|28|13|11|24|15|21|25|42|43|44|46|43|316|82|73|86|96|93|105|125|370|133|135|124|393|142|384|114|115|140|127|132|141|152|144|123|398|139|139|401|364|127|135|121|141|119|139|100|143|158|409|130|137|127|120|126|133|108|118|627|140|137|100|115|101|107|87|86|83|63|58|62|48|97|106|354|92|71|
2016-05-28|3|1_CTs|ct5||416|182|168|114|118|118|333|88|89|87|90|63|60|55|47|35|292|271|22|33|21|275|18|30|15|29|23|19|39|40|52|57|62|77|105|381|375|118|137|131|151|162|148|452|409|197|711|161|184|208|207|195|224|771|477|208|174|200|163|168|176|462|206|198|229|240|212|205|247|209|228|469|213|483|457|207|203|485|211|194|187|168|641|118|129|100|82|102|82|347|88|119|417|881|143|144|
2016-05-28|3|1_CTs|ct6||26|15|13|8|11|265|6|9|4|3|4|3|4|5|1|2|245|4|2|2|1|2|4|6|4|7|8|5|6|9|11|17|270|14|11|12|17|21|20|32|282|27|30|35|31|18|32|33|27|24|25|284|34|35|25|27|28|30|21|40|35|31|45|43|28|288|40|44|43|35|47|35|39|43|36|43|25|40|33|36|25|19|20|19|18|12|25|10|268|14|10|19|20|14|19|25|
2016-05-28|3|1_CTs|ct7||209|358|145|136|138|155|108|97|88|354|92|114|78|84|329|289|328|52|61|39|51|43|36|38|48|269|54|44|47|811|49|60|94|71|80|78|99|111|357|368|112|120|104|144|137|148|125|113|397|404|142|138|157|148|127|402|379|133|375|145|662|149|412|391|429|413|174|456|181|639|410|672|193|421|388|668|180|197|191|190|142|391|132|113|125|367|357|341|362|355|599|146|383|117|124|131|
2016-05-28|3|1_CTs|ct8||128|296|81|75|91|73|330|45|46|52|38|42|39|280|44|25|29|29|30|20|30|24|26|15|21|21|27|28|40|280|20|34|37|42|43|276|50|62|321|69|65|68|72|81|91|92|84|78|82|347|88|85|97|94|76|571|90|80|85|79|597|94|104|300|372|360|99|350|121|131|347|353|111|124|106|595|115|112|113|101|107|334|88|77|90|72|330|315|55|72|325|97|87|81|78|82|
2016-05-28|3|1_CTs|ct9||124|369|123|100|113|377|339|340|566|71|92|93|69|90|80|71|68|312|282|66|303|44|50|24|32|45|50|41|40|29|60|70|69|82|94|104|140|126|402|416|134|383|151|153|418|158|165|356|210|178|445|159|148|176|161|407|147|181|140|138|154|450|167|158|425|178|156|426|176|148|152|130|387|402|436|166|175|160|139|405|382|126|120|122|97|94|70|98|87|315|70|352|124|360|103|114|
2016-05-28|3|1_CTs|ct10||113|102|124|95|93|95|105|100|86|100|96|75|62|77|81|75|77|70|62|49|35|47|55|50|50|42|43|56|36|46|45|47|41|46|60|52|71|72|83|77|82|96|99|107|109|128|103|107|131|116|121|139|117|137|133|121|112|94|97|131|113|129|126|142|132|129|146|143|141|152|160|144|183|155|162|161|132|141|126|142|120|115|99|114|96|81|92|78|85|67|67|108|102|106|84|93|
2016-05-28|3|1_CTs|ct13||240|476|248|186|478|482|432|176|454|168|181|119|138|132|134|130|168|126|630|120|114|116|111|344|96|366|399|166|381|89|167|150|363|141|152|430|195|196|467|164|194|194|236|250|229|232|464|234|232|233|234|243|224|180|223|490|198|226|185|486|196|215|233|236|153|203|202|735|170|176|244|253|226|146|907|236|182|146|242|599|579|224|478|488|204|212|188|203|435|152|414|1242|242|492|227|186|
2016-05-28|3|1_CTs|ct14||39|51|310|26|35|37|23|22|23|26|275|19|16|9|17|11|13|4|12|8|12|15|14|23|18|24|33|39|50|73|99|111|309|87|119|633|380|132|164|157|147|124|154|144|156|139|140|111|113|95|93|121|145|148|132|110|269|243|146|389|145|414|133|140|144|133|403|156|395|158|411|123|404|139|404|141|139|150|407|141|146|105|361|79|69|62|58|55|79|62|320|345|91|85|78|85|
2016-05-28|3|1_CTs|CT16||124|377|109|105|124|93|89|355|113|69|69|66|54|71|61|46|49|59|35|49|48|53|31|35|32|291|27|41|33|23|45|55|62|49|84|74|109|84|114|88|100|389|123|360|420|114|133|392|112|178|156|121|115|149|142|144|90|134|121|127|139|145|137|382|140|138|125|165|151|149|164|143|441|435|692|171|168|160|124|171|111|154|117|133|75|78|78|80|108|328|72|118|112|94|98|368|
2016-05-28|3|1_CTs|ct18||134|132|138|140|124|115|140|115|114|133|109|82|87|92|95|90|78|89|73|62|56|62|61|53|62|50|57|62|51|60|64|79|55|65|75|98|127|105|126|125|127|139|141|150|147|188|154|165|164|169|182|185|157|205|178|169|159|135|170|195|161|183|184|190|176|172|210|213|202|204|207|210|208|226|211|216|179|177|179|192|166|185|141|143|129|113|108|108|123|107|110|145|123|149|118|141|
2016-05-28|3|1_CTs|ct19||4|1|3|2|3|1|1|0|0|0|0|1|1|2|1|0|1|0|0|0|0|1|0|1|2|5|0|2|3|3|3|3|4|4|3|2|2|2|2|5|6|5|3|3|4|7|4|3|1|4|3|3|3|1|6|4|4|1|3|3|3|2|4|3|1|5|2|2|4|2|2|1|2|4|3|2|1|2|4|4|2|1|1|4|3|2|1|4|3|0|1|0|1|0|2|1|
2016-05-28|3|1_CTs|ct20||0|0|0|0|0|0|0|0|0|0|0|0|0|0|0|0|0|1|0|0|0|0|0|0|0|0|0|0|0|0|0|0|492|85|3|13|5|1|0|0|0|0|0|0|0|0|0|0|0|0|0|0|0|0|0|0|0|0|0|0|0|0|0|0|0|0|0|0|0|0|0|0|0|0|0|0|0|0|0|0|0|0|0|0|0|0|0|0|0|0|0|0|0|0|0|0|
2016-05-28|3|1_CTs|ct22||11|5|8|4|5|3|2|1|1|7|4|2|1|3|0|1|2|0|0|6|0|1|2|0|0|3|2|1|5|2|3|3|3|3|8|9|4|4|7|6|6|10|11|12|10|16|14|14|20|16|16|11|19|14|11|11|9|12|18|10|15|12|13|11|18|8|9|9|2|16|9|6|10|13|8|2|4|265|9|10|18|12|6|7|6|6|4|7|4|3|6|5|4|2|8|4|
2016-05-28|3|1_CTs|CT23||133|661|151|117|372|113|326|84|68|351|67|61|56|88|29|45|36|28|38|35|28|15|31|12|26|31|29|48|39|134|547|296|538|808|484|560|529|562|464|179|169|141|186|168|481|454|198|210|501|284|250|256|556|335|283|276|360|346|222|501|462|272|265|459|220|269|284|785|549|285|477|246|251|259|751|242|270|281|242|212|448|191|657|152|105|108|608|125|159|118|632|102|172|662|129|155|
2016-05-28|3|1_CTs|ct24||1101|593|851|569|573|546|550|528|532|533|520|523|499|467|528|428|30|14|26|21|31|23|31|63|298|76|98|118|115|170|742|406|525|230|305|318|566|589|670|475|907|847|1143|941|632|861|1077|680|447|584|678|784|374|726|723|513|584|653|749|736|1001|803|800|925|716|973|724|812|722|1012|707|992|731|760|1823|672|587|597|470|628|316|294|721|728|392|136|394|162|377|657|625|167|193|192|167|394|
