2016-08-08|2|1_CTs|ct1||66|88|68|56|58|55|34|26|20|30|24|24|16|15|14|11|10|13|12|21|20|22|23|32|32|41|54|73|61|103|97|130|143|151|150|172|173|175|174|178|174|194|192|183|192|195|171|181|175|195|171|199|176|162|422|164|150|147|169|179|174|160|169|177|184|193|173|181|169|165|155|162|170|152|156|179|165|173|194|192|164|176|166|176|163|165|175|144|127|124|111|106|131|127|97|88|
2016-08-08|2|1_CTs|ct2||48|57|48|32|40|31|24|15|11|20|15|11|11|6|12|5|5|4|9|7|13|7|14|14|18|29|14|25|22|32|39|29|42|52|61|81|74|67|83|83|87|78|80|82|85|84|95|85|77|89|67|85|87|72|335|65|71|80|77|81|80|73|95|65|103|99|100|92|77|72|73|97|78|70|74|88|73|81|92|94|84|88|81|80|69|97|81|87|71|69|71|73|71|78|67|55|
2016-08-08|2|1_CTs|ct3||44|58|54|45|38|39|27|24|14|24|17|13|13|16|12|10|11|9|7|12|14|21|17|29|14|21|28|38|35|59|65|87|78|98|103|108|82|95|126|103|121|141|150|137|132|151|122|107|142|129|137|115|128|96|119|106|107|103|107|109|129|104|112|114|130|108|115|116|109|97|111|110|107|114|102|118|130|108|129|110|123|117|110|112|112|114|118|88|83|90|71|78|99|70|55|56|
2016-08-08|2|1_CTs|ct4||134|157|131|193|239|332|381|358|480|221|250|427|242|100|37|10|8|7|8|10|6|8|13|10|9|11|15|24|16|23|40|46|37|30|52|67|49|51|58|70|54|64|73|61|64|83|89|77|69|67|105|78|82|89|360|310|115|144|109|111|127|140|155|113|108|132|141|148|106|110|111|122|124|123|134|116|120|152|118|112|96|122|108|116|94|97|68|82|207|189|307|311|328|302|320|398|
2016-08-08|2|1_CTs|ct5||122|158|107|107|96|78|59|51|59|46|48|32|34|40|20|25|25|25|16|26|28|19|26|29|288|30|37|56|42|45|72|117|119|128|147|148|170|177|161|221|202|175|191|219|231|241|217|215|237|223|212|206|184|168|441|220|193|211|160|214|201|206|234|191|196|227|202|205|201|207|190|206|232|180|187|188|187|210|184|192|424|174|144|168|150|163|129|134|154|160|149|149|174|152|160|140|
2016-08-08|2|1_CTs|ct6||135|152|101|104|86|79|49|44|50|39|43|29|34|30|18|20|21|23|12|20|26|13|22|24|30|31|29|44|38|40|57|79|89|99|111|113|124|128|131|141|138|129|125|148|168|159|148|158|160|141|168|149|138|130|150|154|125|156|404|156|155|159|175|156|174|182|199|175|174|164|167|173|168|153|156|163|156|157|170|135|133|151|119|138|128|135|115|118|136|173|130|142|166|156|158|162|
2016-08-08|2|1_CTs|ct17||94|105|116|98|90|72|60|45|45|46|44|27|30|25|30|15|30|15|26|22|18|38|34|50|34|47|54|61|70|76|142|151|116|143|155|162|167|200|219|197|214|243|267|280|224|227|164|222|245|253|216|200|222|219|236|196|204|217|221|193|222|202|235|215|208|190|234|466|204|196|206|226|223|225|231|211|224|214|230|232|232|222|229|202|196|199|173|178|173|138|133|132|157|133|110|138|
2016-08-08|2|1_CTs|CT19||44|42|26|22|32|30|16|21|17|23|11|9|5|6|9|5|9|3|8|6|9|8|9|11|16|12|16|32|27|30|37|51|71|58|57|7|66|72|86|80|76|89|91|98|93|103|102|369|113|96|87|94|102|101|89|90|23|110|364|86|356|103|92|91|80|85|115|374|112|101|99|103|128|382|109|91|101|106|85|103|89|101|86|76|82|62|77|69|66|71|50|72|74|317|54|53|
2016-08-08|2|1_CTs|CT20||52|76|49|66|45|33|30|30|36|20|25|16|15|10|7|8|15|9|9|11|6|10|14|17|266|12|16|19|24|22|35|35|303|54|61|60|78|63|74|81|78|70|65|69|79|71|61|70|93|64|62|338|67|68|69|83|69|64|69|73|66|69|58|71|82|57|63|75|74|74|78|71|81|74|72|78|81|79|68|82|82|73|66|69|66|316|66|67|59|63|56|68|75|65|66|61|
2016-08-08|2|1_CTs|CT21||31|32|27|35|26|20|16|19|15|11|8|8|6|6|2|3|4|1|4|5|4|7|6|8|7|4|7|8|11|16|24|25|38|36|31|42|49|32|56|47|41|38|49|34|42|57|44|50|53|42|55|55|304|53|43|40|48|45|48|46|43|46|34|55|306|47|41|34|308|44|42|49|42|48|46|51|42|46|37|47|44|46|46|45|38|41|33|37|30|34|30|29|39|32|37|32|
