2015-08-27|3|1_CTs|ct1||53|518|33|22|37|24|11|15|9|10|5|9|7|13|6|3|7|6|6|5|8|5|264|14|15|19|29|39|50|60|89|130|162|423|197|211|198|416|170|442|174|413|413|131|155|429|135|169|154|394|148|446|154|133|137|127|139|154|405|429|178|414|154|403|152|153|147|205|626|175|415|421|196|205|736|459|202|165|169|157|151|923|380|389|112|596|77|82|80|330|290|58|60|60|58|309|
2015-08-27|3|1_CTs|ct3||82|308|64|282|31|297|26|33|15|27|280|273|28|30|13|9|267|14|19|22|14|13|23|21|34|39|53|68|319|328|394|149|173|179|232|249|506|474|477|233|228|469|225|217|484|471|496|477|493|472|471|218|208|203|232|965|734|970|473|230|220|700|474|207|197|205|186|204|198|196|451|441|184|179|189|217|474|450|222|457|682|472|463|443|175|658|137|398|397|106|112|81|121|113|329|629|
2015-08-27|3|1_CTs|ct5||387|92|347|76|73|60|53|41|47|26|38|18|29|18|16|17|26|17|11|10|12|10|25|15|20|24|538|37|50|46|91|119|130|659|177|239|477|442|197|209|201|189|182|186|969|965|185|191|224|177|205|218|229|183|177|180|155|183|176|449|483|720|204|216|175|536|783|543|318|312|530|531|575|308|815|497|268|255|767|266|498|518|682|184|171|145|126|119|118|117|366|583|138|137|121|155|
2015-08-27|3|1_CTs|ct6||7|7|11|5|4|5|1|2|3|10|1|6|0|2|4|2|4|1|4|3|3|1|3|6|7|6|6|12|272|19|23|35|31|303|41|52|59|54|45|51|21|34|559|30|297|36|30|34|52|42|53|45|37|35|37|46|33|40|61|55|51|30|10|17|16|47|42|25|46|37|53|55|59|47|56|52|56|53|54|49|282|290|30|259|30|25|24|16|275|20|20|18|28|15|10|12|
2015-08-27|3|1_CTs|ct7||362|98|108|86|76|80|65|313|68|63|52|46|39|31|279|22|35|25|36|33|30|25|32|33|292|37|34|45|46|47|67|68|85|357|113|136|133|607|117|142|392|136|154|150|162|158|148|152|154|656|166|166|158|408|157|144|142|161|171|334|413|111|17|8|47|173|442|169|418|174|164|429|179|112|68|87|384|152|421|152|144|148|138|135|127|113|127|384|114|137|130|358|138|398|140|134|
2015-08-27|3|1_CTs|ct8||71|56|49|40|41|42|37|27|30|28|22|26|29|16|11|12|11|11|21|17|15|9|26|23|19|19|17|26|30|23|291|35|46|316|326|82|85|312|75|97|98|95|85|98|115|120|109|106|108|352|115|105|90|610|91|92|102|110|117|312|108|87|16|12|46|128|375|105|361|113|105|123|108|387|121|139|361|110|349|100|99|355|99|85|82|78|72|325|73|97|92|317|92|343|96|87|
2015-08-27|3|1_CTs|ct9||362|578|64|80|56|60|48|51|40|36|47|35|263|27|22|281|32|37|20|20|23|31|30|27|45|293|45|50|46|104|877|101|397|185|275|683|517|225|200|171|560|941|269|422|1396|548|169|173|294|161|176|149|320|200|102|363|132|126|67|81|172|659|149|160|202|186|173|154|202|643|161|170|207|235|582|433|455|173|181|506|419|747|115|380|123|118|105|65|111|346|338|70|93|86|73|75|
2015-08-27|3|1_CTs|ct10||67|73|86|60|65|40|40|45|38|45|36|31|22|27|20|20|15|31|20|20|22|15|18|25|20|26|26|25|38|30|60|59|85|80|89|112|105|136|123|101|116|107|114|112|66|126|109|141|113|129|115|115|112|93|90|98|98|116|127|135|119|118|138|110|127|108|119|128|127|134|133|125|135|137|136|115|121|146|128|120|115|112|128|102|98|61|80|80|75|110|76|68|81|87|84|90|
2015-08-27|3|1_CTs|ct13||172|935|444|655|406|362|627|120|102|68|86|106|342|61|52|332|48|75|50|61|326|47|83|96|173|81|78|87|385|105|279|476|576|1445|257|292|460|825|360|523|338|272|271|361|295|248|238|278|508|526|321|898|575|803|284|302|528|529|271|299|225|248|222|254|261|514|274|296|292|309|280|507|278|304|541|479|1535|289|470|730|340|726|1712|1548|1110|497|241|345|455|973|331|194|231|229|452|490|
2015-08-27|3|1_CTs|ct14||44|49|33|31|35|274|27|26|16|11|10|10|12|4|7|7|5|6|6|6|6|9|11|256|24|35|52|351|115|435|228|258|484|501|259|257|502|684|334|271|204|193|181|441|422|417|425|162|160|422|156|431|383|133|380|129|626|139|180|180|158|433|223|453|179|391|133|396|158|178|173|712|188|223|245|739|223|203|475|449|162|922|631|887|129|93|92|84|74|62|71|81|81|67|73|346|
2015-08-27|3|1_CTs|CT16||351|563|75|61|55|68|35|299|41|26|541|33|253|13|12|19|31|20|13|12|20|15|29|23|290|19|27|34|34|301|323|352|340|357|144|150|401|103|120|392|135|168|148|370|139|434|138|129|179|435|161|166|163|123|106|130|132|95|9|92|180|401|159|163|149|198|178|437|177|173|155|163|194|193|209|441|178|438|154|175|387|146|618|127|118|74|92|66|94|355|92|94|97|68|344|88|
2015-08-27|3|1_CTs|ct18||88|85|86|81|69|53|45|46|38|45|37|36|35|28|25|17|24|32|21|23|21|23|24|35|29|39|32|40|56|66|96|100|132|146|186|173|190|192|195|154|180|157|138|135|133|159|155|163|152|166|149|151|151|132|142|129|128|173|161|168|167|149|194|144|172|143|147|161|165|194|173|152|152|174|181|174|156|170|170|159|152|146|160|138|127|90|118|94|119|137|116|102|115|104|111|112|
2015-08-27|3|1_CTs|ct19||1|1|0|1|0|0|0|0|0|0|0|0|1|0|0|0|1|0|0|0|0|2|1|1|4|3|1|6|6|5|10|5|4|5|3|8|5|3|5|5|2|5|4|1|5|3|4|4|4|3|6|5|5|8|4|8|5|4|4|5|2|6|2|4|7|5|3|2|7|6|5|6|8|3|5|5|9|6|9|7|9|5|2|2|1|6|2|7|2|2|3|2|0|0|0|3|
2015-08-27|3|1_CTs|ct20||0|0|0|0|0|0|0|0|0|0|0|0|0|0|0|0|0|0|0|0|0|0|0|0|0|0|0|0|0|0|0|0|0|0|0|0|0|0|0|0|0|0|0|0|0|0|0|0|0|0|0|0|0|0|0|1|0|0|0|0|0|0|0|0|0|0|0|0|0|0|0|0|0|0|0|0|0|0|0|0|0|0|0|0|0|0|0|0|0|0|0|0|0|0|0|0|
2015-08-27|3|1_CTs|ct22||4|3|1|3|6|2|2|5|3|1|3|1|3|1|2|0|0|1|2|1|0|1|0|2|0|0|0|4|6|4|5|3|267|9|14|12|13|15|19|21|17|15|10|18|20|21|14|13|15|33|15|24|20|10|14|13|18|14|16|24|16|276|270|23|30|22|292|29|22|30|27|22|37|38|28|36|31|15|29|17|17|14|14|13|18|11|6|8|3|3|9|11|3|6|5|4|
2015-08-27|3|1_CTs|CT23||351|85|80|58|71|39|31|30|14|26|17|8|13|13|22|21|8|17|12|7|12|20|19|23|16|19|22|38|88|58|109|163|217|251|304|309|320|745|258|255|208|460|450|206|214|174|218|262|254|280|292|564|248|279|198|497|226|496|496|529|252|787|296|572|290|353|297|310|384|423|663|931|476|591|524|509|434|414|627|628|389|622|264|502|240|165|186|156|177|692|641|401|129|131|136|623|
2015-08-27|3|1_CTs|ct24||465|668|169|131|109|81|352|338|52|51|284|302|31|33|43|32|36|23|40|32|41|63|322|348|366|152|263|375|720|979|787|926|1390|1020|949|906|1045|814|1097|999|807|770|1024|1011|926|720|722|706|692|698|999|761|1141|907|572|1076|900|1003|1042|781|716|945|933|912|609|848|867|926|841|702|902|1019|790|874|890|1111|799|1217|1024|724|640|895|818|765|715|458|357|321|296|268|791|570|313|321|516|545|
