2015-01-19|3|1_CTs|ct1||25|25|13|9|8|7|7|4|8|5|5|3|2|1|6|3|0|5|4|3|6|6|5|11|11|12|26|38|50|320|122|178|211|232|241|242|230|230|219|183|423|428|160|166|136|138|152|150|135|148|155|172|143|151|145|407|169|499|474|195|176|169|146|179|178|430|664|433|199|202|202|212|232|218|218|194|204|229|725|148|144|394|139|107|92|353|98|52|73|56|44|50|55|51|32|39|
2015-01-19|3|1_CTs|ct3||42|36|25|19|10|20|14|10|13|9|9|14|11|11|4|5|3|16|11|13|15|29|20|20|24|32|51|60|47|69|392|432|462|473|271|234|464|487|229|213|212|232|211|219|221|186|706|214|172|185|193|467|221|198|183|703|212|495|503|254|242|232|213|225|186|735|200|174|174|185|179|164|437|177|156|155|143|406|413|157|148|911|147|116|102|95|84|329|76|65|57|64|72|76|48|59|
2015-01-19|3|1_CTs|ct5||63|75|35|49|33|16|277|9|28|15|14|16|9|9|9|7|7|5|3|262|9|7|8|18|15|18|19|32|53|52|107|642|176|721|246|255|235|223|212|480|414|931|171|149|203|169|437|200|192|198|204|472|210|214|417|181|447|208|246|197|209|748|225|231|251|256|210|507|531|323|287|293|573|303|292|291|293|284|292|262|271|259|192|434|162|130|152|132|137|130|126|99|110|144|367|105|
2015-01-19|3|1_CTs|ct6||3|7|3|1|0|5|0|0|0|3|0|0|0|0|1|2|1|0|1|3|3|2|7|1|1|11|9|10|29|24|39|292|325|80|333|65|70|324|62|55|53|50|42|46|37|34|52|38|43|35|44|41|38|41|32|43|36|47|50|305|51|51|46|296|52|49|47|42|50|49|49|77|307|67|59|52|312|54|47|49|51|34|45|29|28|282|17|19|16|17|8|15|10|22|19|10|
2015-01-19|3|1_CTs|ct7||59|53|56|49|290|43|35|297|28|23|14|11|17|7|20|14|9|9|10|22|14|21|20|28|25|44|31|36|290|45|70|94|349|120|133|643|377|150|632|401|124|157|411|402|405|158|404|163|150|170|175|170|150|168|148|148|399|421|167|170|171|164|194|425|189|405|182|182|436|428|160|172|149|664|404|380|140|137|135|143|139|127|111|101|88|88|93|89|341|79|87|87|81|89|86|67|
2015-01-19|3|1_CTs|ct8||32|28|28|22|17|22|13|9|11|7|9|9|6|5|7|7|12|9|7|21|9|11|11|13|17|20|14|18|270|29|38|45|43|57|68|583|78|79|322|91|79|107|92|361|597|107|100|105|102|117|120|118|356|338|100|94|578|350|96|98|102|354|126|372|108|107|116|114|94|104|110|112|91|90|330|77|86|78|81|87|75|71|57|58|50|298|52|49|54|44|303|46|38|36|40|39|
2015-01-19|3|1_CTs|ct9||60|57|47|55|46|294|27|27|14|18|19|24|16|270|16|16|14|12|2|8|13|15|19|20|27|21|36|57|55|79|385|425|205|233|262|250|259|505|212|474|192|471|168|168|436|215|432|175|154|173|401|163|442|407|158|166|167|203|180|191|460|187|190|238|484|172|197|218|232|210|198|216|235|223|219|226|183|479|459|148|163|401|105|374|135|357|102|79|91|77|74|75|77|88|84|87|
2015-01-19|3|1_CTs|ct10||50|40|34|36|23|15|11|18|20|16|14|17|12|8|6|9|10|4|12|7|9|7|16|21|16|20|17|37|25|50|60|106|130|157|156|174|150|147|155|146|135|145|116|134|113|133|108|126|127|119|111|106|138|121|115|111|134|149|137|142|136|124|140|149|141|139|148|145|166|146|172|134|151|152|139|145|153|135|123|126|112|117|112|85|71|84|71|71|83|75|84|71|64|56|68|56|
2015-01-19|3|1_CTs|ct13||1628|2636|801|1032|334|896|1842|2437|4014|3137|3597|4684|4146|3840|22|24|28|477|2006|2000|614|26|134|639|64|815|623|1776|3657|4744|1081|880|935|2433|1306|331|959|1023|489|282|218|818|480|293|828|409|723|250|333|822|454|530|248|10|0|44|544|282|293|0|343|557|268|1177|843|495|487|251|504|234|276|291|811|239|526|202|263|526|203|314|282|280|328|318|453|1151|285|490|234|2074|336|456|231|397|476|637|
2015-01-19|3|1_CTs|ct14||33|32|27|30|18|9|8|12|7|8|5|7|4|6|3|7|2|7|4|4|2|18|14|18|31|35|77|119|209|267|530|278|524|250|258|275|273|262|263|255|265|269|233|197|224|440|197|172|168|188|170|181|421|168|145|191|235|490|220|221|200|451|179|169|410|442|715|166|425|225|231|238|489|242|486|245|488|467|196|190|160|166|384|111|98|95|84|327|79|67|71|65|43|61|45|54|
2015-01-19|3|1_CTs|CT16||44|50|48|47|24|31|276|11|15|13|19|17|10|13|13|9|8|7|3|14|18|21|28|14|20|28|38|43|59|58|80|376|155|420|205|207|156|173|394|138|420|166|148|140|170|190|175|151|153|141|120|411|135|394|160|374|395|130|398|123|161|181|141|153|141|411|140|186|188|175|189|211|750|226|247|183|468|160|436|177|148|111|102|104|103|68|90|69|71|85|96|72|57|317|331|65|
2015-01-19|3|1_CTs|ct18||65|54|49|49|31|19|14|26|22|21|16|20|10|10|11|11|15|10|12|18|13|14|19|33|27|28|34|52|56|96|103|165|241|231|261|258|262|236|231|228|206|206|175|206|170|163|157|166|151|177|163|151|165|152|168|171|173|186|204|216|191|155|186|216|151|201|158|177|175|159|197|166|194|213|179|190|188|170|153|159|157|136|139|124|104|107|92|83|110|99|109|84|79|84|88|82|
2015-01-19|3|1_CTs|ct19||0|1|1|0|0|0|0|0|0|2|1|0|0|1|1|1|0|0|0|1|0|2|2|3|3|6|8|7|6|7|10|7|6|4|8|6|12|7|10|7|12|9|8|6|6|8|5|4|5|8|7|4|7|3|5|8|9|6|7|5|4|8|6|13|12|4|6|7|12|5|5|7|11|10|7|13|4|8|9|8|6|5|7|4|5|3|5|3|0|3|0|1|0|1|0|2|
2015-01-19|3|1_CTs|ct22||4|0|3|1|0|2|1|1|1|0|1|0|2|0|2|0|2|1|1|0|1|0|1|1|0|3|1|1|2|6|8|13|16|20|18|15|14|17|25|27|20|23|25|35|22|29|22|22|34|31|23|32|30|19|20|17|17|26|26|25|25|26|26|27|36|26|49|39|56|322|43|59|66|67|63|46|60|44|41|33|31|29|16|19|265|7|4|8|9|4|5|3|3|5|3|4|
2015-01-19|3|1_CTs|CT23||77|69|58|38|36|19|17|27|28|18|10|1|10|14|8|6|6|4|7|8|11|11|22|17|21|12|21|52|65|81|186|285|301|365|385|406|382|374|327|508|494|228|215|239|730|498|489|226|567|319|297|572|628|320|565|588|289|316|273|336|330|314|331|355|382|634|667|437|788|772|808|619|620|679|643|550|602|880|578|501|473|422|387|334|269|269|254|209|518|214|417|158|402|101|106|381|
2015-01-19|3|1_CTs|ct24||378|94|336|69|56|39|44|32|32|15|23|24|19|276|17|18|25|31|26|33|42|62|65|102|126|175|303|503|948|1169|1472|910|1090|1254|788|816|781|1065|876|837|800|1342|910|843|1034|766|1234|699|948|699|755|769|783|707|611|1056|845|1133|862|858|1010|1284|795|994|682|739|1035|964|680|865|809|889|1617|898|917|1095|1020|858|673|638|589|582|526|448|362|340|321|787|542|281|500|247|210|207|157|160|
