2015-01-18|6|1_CTs|CT1||3|4|0|0|1|1|1|1|1|1|1|1|0|0|0|1|0|1|1|0|1|0|0|2|258|0|0|0|0|0|1|1|1|2|2|2|0|0|2|1|1|1|2|3|3|1|3|4|2|2|4|1|2|2|0|2|2|4|3|1|1|1|1|2|2|1|0|4|3|3|6|2|3|3|3|4|13|5|6|3|3|3|3|2|2|1|1|0|0|4|6|3|0|0|0|1|
2015-01-18|6|1_CTs|CT3||12|11|6|5|5|3|256|2|0|2|0|5|2|2|4|8|3|6|6|8|15|15|15|15|13|19|21|18|17|20|25|24|22|27|24|19|16|24|18|21|29|28|25|32|32|31|25|45|30|39|32|35|27|247|23|30|34|29|25|35|27|36|27|33|253|31|261|24|36|45|35|38|30|36|37|33|34|29|33|24|29|23|21|15|12|14|17|22|12|15|10|23|24|19|21|6|
2015-01-18|6|1_CTs|CT4||13|13|3|6|6|4|2|2|4|0|3|4|2|0|3|3|0|2|4|3|0|3|2|1|1|0|0|1|1|3|3|3|5|5|1|7|11|4|4|5|8|11|12|8|6|12|6|10|271|10|16|15|16|4|8|15|10|16|20|10|19|19|16|10|19|14|11|19|18|22|22|9|16|21|20|4|4|3|4|5|3|3|0|4|3|11|11|7|8|12|8|8|10|6|7|4|
2015-01-18|6|1_CTs|CT5||22|7|10|11|20|19|9|8|7|11|7|10|6|9|3|6|2|5|3|5|6|2|1|8|5|4|2|3|1|10|9|7|6|9|8|13|10|9|9|7|24|18|23|278|19|20|276|25|39|26|28|38|23|27|21|29|31|28|30|38|32|32|37|26|30|37|33|37|30|35|30|49|30|50|548|36|22|33|40|35|28|36|16|24|18|19|24|25|9|18|29|16|12|16|12|13|
2015-01-18|6|1_CTs|CT6||25|22|18|16|27|15|20|7|21|11|8|11|8|4|7|7|11|7|5|4|265|3|7|8|10|16|9|14|8|14|12|9|14|12|12|17|22|28|21|25|46|36|42|39|56|40|53|70|77|80|64|91|84|95|61|67|68|66|76|313|65|66|64|81|68|73|64|78|52|79|68|73|78|75|66|174|206|43|47|59|83|53|48|35|29|37|30|30|36|52|43|34|26|33|18|22|
2015-01-18|6|1_CTs|CT7||10|12|4|5|5|3|3|5|3|2|1|0|1|0|0|2|4|2|0|2|2|3|0|4|3|8|5|3|3|5|6|3|4|5|7|5|9|3|6|8|10|271|15|9|11|8|11|26|13|23|24|11|16|16|11|15|14|278|15|11|15|25|15|15|18|15|271|19|12|27|23|22|12|23|25|21|275|17|15|13|9|13|12|9|8|13|9|272|11|11|9|8|8|4|8|4|
2015-01-18|6|1_CTs|CT8||46|54|60|43|42|29|27|24|24|18|18|17|19|9|15|18|22|13|9|14|8|14|12|22|22|14|15|27|13|25|33|32|21|17|24|24|30|30|43|49|62|40|309|313|291|54|55|294|311|82|86|76|308|86|77|71|84|87|94|106|94|99|100|314|86|92|108|101|98|96|105|84|115|355|101|91|104|96|94|86|93|68|64|48|48|66|59|53|45|64|41|48|65|68|272|18|
2015-01-18|6|1_CTs|CT9||62|59|310|37|44|39|36|34|43|22|24|28|15|15|21|13|13|11|9|9|13|15|15|18|20|20|24|26|26|36|23|32|32|36|45|33|36|37|46|67|64|77|84|360|89|84|98|99|105|376|121|110|114|119|104|104|133|115|124|124|138|124|129|125|113|598|123|119|99|126|124|136|129|150|381|131|155|154|374|104|122|92|79|67|81|53|80|63|75|91|65|321|60|53|45|39|
2015-01-18|6|1_CTs|CT10||40|33|30|28|23|36|18|16|23|17|13|8|11|12|7|6|6|7|9|2|7|8|12|11|19|25|18|20|21|15|19|23|17|39|40|39|41|29|42|58|60|312|63|51|69|57|113|84|68|86|111|106|364|114|64|69|69|76|75|87|92|336|362|92|349|337|93|103|114|106|103|104|90|88|124|140|62|359|82|91|91|92|91|57|77|56|45|44|45|90|110|45|50|38|31|31|
2015-01-18|6|1_CTs|CT11||36|39|32|27|16|22|13|13|17|23|11|15|8|9|9|12|5|7|5|7|5|10|10|10|12|7|16|277|17|285|21|38|29|40|53|48|48|46|53|339|79|77|85|82|79|337|84|89|108|342|114|121|644|356|85|359|92|373|94|115|109|99|118|127|119|107|116|385|102|129|397|130|124|360|124|124|153|392|91|342|114|93|336|62|61|52|64|42|63|117|101|55|45|34|26|33|
2015-01-18|6|1_CTs|CT12||54|52|35|28|28|37|19|17|281|21|13|11|12|17|7|9|7|6|9|11|8|12|19|10|20|22|19|25|20|29|16|292|32|41|49|51|48|37|317|79|319|59|76|69|85|79|87|108|82|98|123|125|114|112|74|345|84|368|83|102|87|114|129|111|117|108|119|109|118|134|392|145|129|119|128|427|391|136|104|101|368|99|330|72|66|62|63|38|66|113|128|54|55|40|34|42|
2015-01-18|6|1_CTs|CT15||15|33|22|20|27|17|15|21|11|9|5|9|7|8|6|5|18|12|6|8|20|11|17|27|19|30|26|26|25|32|284|22|28|36|38|32|36|34|59|54|315|59|69|65|54|52|68|589|78|68|64|78|77|67|75|72|56|66|70|85|68|321|86|78|78|66|71|76|90|94|90|91|82|89|89|94|87|87|79|64|61|56|45|60|46|309|46|57|41|47|40|38|44|34|42|20|
2015-01-18|6|1_CTs|CT16||56|47|44|39|27|28|24|20|19|23|13|13|17|13|7|12|7|9|13|7|9|9|6|13|13|25|16|24|20|18|22|32|23|37|48|45|50|32|51|63|316|95|325|56|83|77|130|333|111|111|139|394|409|138|109|368|106|368|106|390|384|119|365|117|101|131|120|128|134|401|154|131|125|134|150|165|119|144|104|114|130|115|619|83|82|81|73|66|314|359|118|61|48|40|37|283|
2015-01-18|6|1_CTs|CT17||33|35|39|17|20|13|12|13|27|18|12|19|272|15|13|5|2|2|8|14|12|9|8|4|14|9|11|4|6|4|4|11|10|5|10|6|10|13|12|11|16|12|18|15|274|16|22|21|22|26|26|32|19|29|30|19|30|25|27|27|262|24|29|29|25|32|32|28|22|22|28|22|23|16|35|30|35|32|19|31|26|16|20|18|284|19|25|18|12|21|20|7|12|13|9|10|
2015-01-18|6|1_CTs|CT18||90|69|49|68|77|47|41|33|29|40|30|23|28|26|19|15|18|19|18|18|20|13|10|26|16|29|26|31|16|32|35|36|27|41|48|67|54|49|57|76|91|76|107|96|107|95|363|141|138|137|136|163|424|160|138|138|132|158|145|159|142|156|180|156|171|423|166|166|417|205|184|205|155|180|413|182|387|154|159|137|145|133|373|113|84|339|89|77|64|339|135|86|68|70|58|38|
2015-01-18|6|1_CTs|CT19||34|312|48|35|40|24|30|18|33|22|23|18|15|14|14|10|12|8|8|13|11|14|9|4|10|7|10|11|9|11|14|24|274|22|19|23|20|29|36|44|42|44|60|320|57|63|88|92|346|100|101|114|94|133|119|82|72|84|82|78|81|366|107|88|113|110|98|337|352|622|367|112|112|361|104|100|134|115|105|120|84|81|69|67|65|45|304|45|52|312|47|44|29|32|29|23|
2015-01-18|6|1_CTs|CT20||20|22|20|25|27|20|11|11|18|170|122|10|266|10|9|6|11|9|14|12|7|7|8|10|8|18|14|14|15|16|20|23|18|18|27|20|36|22|37|47|55|63|66|61|72|78|329|109|106|29|51|52|96|76|32|37|92|84|74|11|86|95|5|89|101|87|92|98|73|21|104|80|79|70|79|82|77|78|85|66|78|45|45|43|300|269|17|28|290|33|30|28|22|38|18|14|
2015-01-18|6|1_CTs|CT21||76|66|283|53|46|37|269|27|22|14|18|23|15|15|24|22|24|32|25|27|26|33|33|31|30|29|49|287|42|51|62|58|47|67|59|91|66|299|82|84|313|72|316|96|99|101|114|124|350|123|148|162|640|155|158|144|351|157|143|158|165|221|176|175|183|185|168|445|197|190|423|208|197|424|415|167|421|185|402|158|156|134|380|104|383|120|112|97|303|113|124|110|97|93|100|70|
2015-01-18|6|1_CTs|CT22||88|89|95|89|67|67|54|41|310|51|42|36|48|36|29|29|33|45|39|43|63|41|59|49|61|45|53|66|45|64|67|65|68|63|76|80|74|68|67|101|592|97|376|137|145|114|410|154|179|162|164|161|192|200|404|147|169|406|169|164|174|187|218|213|194|204|166|430|183|167|454|211|205|476|386|181|408|182|155|174|149|143|121|105|76|106|120|96|101|103|97|90|80|70|71|96|
2015-01-18|6|1_CTs|CT23||69|55|72|66|54|47|33|42|39|29|27|24|20|16|26|23|27|27|18|23|23|30|23|33|30|281|27|37|29|43|46|46|32|43|47|52|49|51|74|70|95|86|360|108|313|93|107|126|136|130|139|133|395|398|131|152|134|144|153|159|144|416|175|144|163|163|148|388|147|397|157|177|155|424|152|162|405|373|162|128|149|117|332|94|81|79|75|91|55|84|71|79|96|78|58|30|
2015-01-18|6|1_CTs|CT24||82|99|73|57|70|49|64|36|51|42|29|30|25|37|26|22|27|18|24|30|29|20|31|31|39|32|41|29|39|38|39|37|45|34|42|43|52|55|83|90|98|67|87|103|84|97|112|120|152|161|156|161|148|395|143|116|106|374|121|119|127|135|159|159|156|158|406|179|167|191|439|203|383|195|141|126|136|171|159|144|144|142|144|97|81|92|87|75|79|112|124|314|72|64|69|68|
