2016-08-23|3|1_CTs|ct3||88|98|317|70|36|38|33|27|18|26|24|17|22|27|14|16|22|15|18|23|9|26|286|34|37|52|65|68|88|98|131|178|173|191|236|245|236|235|474|250|226|258|234|231|209|225|239|224|234|213|214|227|231|216|218|490|209|260|230|233|237|223|229|240|222|217|216|181|173|196|163|198|203|161|173|187|196|201|216|214|198|207|168|159|410|140|146|120|166|135|117|139|113|135|90|100|
2016-08-23|3|1_CTs|ct5||129|112|353|67|61|58|52|42|46|44|40|17|18|17|19|18|14|12|12|11|11|10|13|24|27|26|25|34|65|68|105|152|135|184|199|219|506|250|227|456|215|199|207|212|228|243|226|217|245|257|235|237|203|232|214|181|203|203|250|223|214|225|198|214|254|306|286|275|289|565|339|330|328|576|317|292|279|296|540|231|261|234|170|172|132|138|117|106|122|136|136|156|138|140|140|144|
2016-08-23|3|1_CTs|ct6||8|10|9|6|6|3|5|4|3|2|1|3|4|4|0|1|1|0|2|0|5|1|2|4|7|4|6|9|18|26|27|40|28|41|51|57|50|42|38|46|30|34|29|34|38|32|40|31|35|36|39|28|37|34|31|36|38|32|48|47|39|44|32|41|38|41|37|36|33|35|31|45|49|49|36|50|45|33|38|23|37|34|26|32|17|19|18|11|14|10|17|9|28|7|16|13|
2016-08-23|3|1_CTs|ct7||117|113|105|76|78|59|57|58|315|53|39|38|285|24|32|29|29|283|15|26|23|17|19|35|37|35|42|42|42|48|72|84|93|93|120|122|148|124|135|142|137|140|151|157|156|183|166|165|160|144|158|152|160|139|128|152|154|156|170|130|155|154|175|162|175|163|177|174|174|170|165|170|181|160|144|176|166|172|147|141|155|139|131|136|147|118|131|108|124|129|135|136|132|139|145|133|
2016-08-23|3|1_CTs|ct8||62|64|57|41|42|34|22|24|281|27|15|14|14|16|16|12|12|9|6|20|8|7|9|17|16|18|24|25|29|26|48|57|68|49|69|73|92|73|79|98|93|99|98|100|106|119|114|103|100|98|106|92|103|77|79|87|89|105|107|84|123|103|118|114|124|124|121|129|112|131|123|139|120|104|115|126|126|121|120|95|94|95|87|89|82|70|70|78|75|85|83|75|83|80|94|88|
2016-08-23|3|1_CTs|ct9||101|99|84|68|75|65|68|55|48|42|33|25|40|37|24|37|22|16|24|27|18|29|39|26|42|38|35|72|135|92|197|201|155|625|293|293|526|290|307|234|609|262|216|521|722|471|228|185|205|194|201|203|325|244|521|255|230|195|207|208|197|207|147|451|158|203|231|465|203|276|212|211|223|228|483|234|197|249|203|156|158|165|137|111|104|103|86|78|88|101|90|103|118|116|102|99|
2016-08-23|3|1_CTs|ct10||73|72|59|49|52|38|39|41|29|33|29|39|27|23|22|25|20|18|19|15|22|19|26|20|19|21|12|21|34|43|55|61|88|82|102|92|115|115|97|128|102|115|95|100|89|105|115|105|122|125|122|110|100|100|94|99|107|122|95|116|119|123|124|125|113|118|134|129|134|104|124|144|135|126|130|131|132|125|120|120|106|102|84|88|71|86|83|69|87|92|74|97|76|90|80|91|
2016-08-23|3|1_CTs|ct13||249|156|330|102|126|478|367|234|752|190|142|216|974|659|52|61|48|40|169|40|1573|550|54|734|786|64|457|82|158|597|785|291|276|342|192|231|376|240|206|281|229|231|253|254|192|233|270|260|244|247|245|266|226|253|230|231|475|259|259|234|240|232|292|218|482|258|256|251|281|238|316|239|251|288|294|263|249|225|262|253|274|216|186|218|182|178|163|177|196|197|169|198|175|170|218|238|
2016-08-23|3|1_CTs|ct14||0|0|0|0|0|0|0|0|0|0|0|0|0|0|0|0|0|0|0|0|0|0|0|0|0|0|0|0|0|0|0|0|0|0|0|0|0|0|0|0|291|530|412|99|19|31|30|59|44|41|18|18|42|130|137|128|144|166|197|292|448|507|485|406|432|418|366|559|190|151|52|455|513|509|524|513|392|0|0|0|0|0|0|0|0|0|0|0|0|0|0|0|0|0|0|0|
2016-08-23|3|1_CTs|CT16||88|108|87|78|62|64|81|53|48|42|42|21|22|35|28|17|38|17|21|18|22|23|45|30|36|42|60|27|106|81|129|137|163|207|184|181|449|240|430|204|223|227|187|177|195|197|216|181|199|179|196|172|191|159|155|148|164|167|196|147|150|177|447|142|164|163|440|201|193|225|196|228|242|265|284|269|245|264|234|285|215|182|151|141|131|107|112|91|121|375|113|109|110|114|106|115|
2016-08-23|3|1_CTs|ct22||4|1|2|2|0|1|0|1|2|1|1|1|2|1|1|0|4|0|2|0|1|3|0|0|4|1|1|4|3|5|7|10|8|9|11|11|7|14|14|269|14|12|15|10|14|16|9|12|10|20|13|17|11|16|13|6|12|14|16|9|13|17|18|10|14|15|24|19|21|33|32|28|22|26|26|19|15|11|15|17|20|9|6|7|9|8|8|6|2|3|2|4|7|3|2|4|
2016-08-23|3|1_CTs|CT23||63|59|87|89|168|104|63|25|23|31|14|160|151|214|291|294|599|704|656|799|819|694|2079|1711|1739|2980|2100|2278|872|571|2079|2632|919|157|150|175|151|145|119|127|107|109|141|131|230|591|609|628|431|640|644|637|224|137|132|386|109|109|144|144|155|148|133|149|154|152|176|177|213|222|220|221|234|294|226|246|251|234|215|181|188|177|152|111|85|99|76|86|103|105|64|54|74|71|65|62|
2016-08-23|3|1_CTs|ct24||71|83|73|69|33|31|26|26|28|23|16|16|9|21|18|10|16|17|10|9|22|34|45|299|52|94|143|248|337|418|514|551|587|586|498|561|590|597|811|546|472|470|404|628|364|342|458|390|347|379|357|375|362|367|344|606|341|416|412|418|373|364|356|450|593|775|1113|830|866|452|399|450|432|504|534|500|686|393|927|403|364|331|298|247|228|205|174|169|208|166|168|148|114|142|141|107|
