2016-09-01|2|1_CTs|ct1||338|64|57|296|40|291|43|26|30|21|16|16|11|12|278|12|10|17|14|15|24|26|42|33|41|41|65|63|318|96|127|155|136|419|171|434|168|407|184|189|453|186|450|182|175|180|430|688|148|458|175|197|428|424|177|429|411|179|184|412|205|207|445|194|190|445|179|434|177|153|173|413|164|172|176|168|161|425|421|441|186|187|195|178|155|171|146|118|129|118|107|104|113|94|359|103|
2016-09-01|2|1_CTs|ct2||57|39|39|33|25|23|32|18|21|18|8|13|8|10|13|8|6|11|10|10|13|14|17|16|277|23|31|26|28|33|36|43|295|45|55|75|63|88|82|98|83|86|91|357|90|83|106|99|79|106|81|112|338|87|297|315|68|77|91|586|100|345|347|77|86|91|65|334|89|77|88|312|76|74|320|81|83|99|109|104|585|92|107|97|319|80|75|69|79|74|69|67|59|57|56|54|
2016-09-01|2|1_CTs|ct3||51|42|39|42|40|24|35|279|19|16|10|9|11|263|15|12|8|8|225|6|12|20|283|20|21|22|37|39|307|57|91|106|343|104|97|363|108|356|121|391|389|133|132|153|129|392|141|654|130|136|124|127|104|360|107|387|108|124|135|123|127|402|143|134|127|613|128|96|103|103|112|613|113|101|123|128|97|118|115|142|116|117|103|127|103|97|82|93|82|86|79|76|71|75|66|334|
2016-09-01|2|1_CTs|ct4||35|274|25|18|14|9|15|12|14|10|7|8|10|267|10|5|0|5|3|231|3|260|14|8|6|13|10|16|23|24|33|40|38|35|48|57|50|52|60|315|323|67|69|70|318|323|314|69|57|73|346|329|86|48|21|41|305|55|59|47|49|295|58|61|62|320|24|65|78|64|65|326|305|311|69|65|53|55|60|288|68|51|51|48|44|42|37|35|48|36|49|51|38|38|35|46|
2016-09-01|2|1_CTs|ct5||94|78|77|85|76|53|58|34|37|291|26|30|24|26|23|20|15|273|13|16|16|25|26|18|18|31|36|50|50|60|335|341|130|138|161|175|185|417|159|167|186|198|208|476|220|687|229|469|212|224|242|214|466|170|421|180|201|170|198|471|430|212|478|209|215|693|202|205|204|204|203|184|158|178|170|181|646|427|186|173|421|183|160|149|146|134|405|134|136|352|161|135|131|157|143|141|
2016-09-01|2|1_CTs|ct6||365|85|74|326|59|51|61|39|39|17|30|31|16|17|31|20|14|15|12|12|12|17|29|20|22|26|37|45|50|50|70|327|83|92|109|370|140|104|115|121|116|134|147|403|390|131|907|418|154|169|178|412|146|410|140|403|147|148|423|172|171|417|162|189|166|660|167|418|422|163|169|162|154|413|160|410|645|399|129|139|142|137|133|133|382|115|366|120|117|128|130|109|382|149|168|141|
2016-09-01|2|1_CTs|ct17||362|100|72|87|73|311|80|95|44|45|30|43|21|27|45|25|29|20|28|21|24|55|299|33|37|49|65|64|77|89|138|146|129|415|181|212|194|194|212|339|252|500|240|528|235|225|235|254|479|484|217|246|475|454|191|193|468|461|459|235|226|248|473|252|255|714|221|222|230|243|226|473|472|237|208|480|679|482|482|234|229|237|457|206|179|181|165|167|155|142|140|423|148|147|148|172|
2016-09-01|2|1_CTs|CT19||286|24|31|25|29|17|18|19|13|9|8|10|8|5|7|8|3|10|5|6|5|10|12|7|8|21|16|22|40|33|55|334|57|305|74|76|73|79|83|324|95|118|113|373|325|608|375|127|352|364|376|380|342|69|79|77|91|93|352|560|107|91|106|121|343|103|85|367|99|92|123|339|358|582|102|356|574|345|102|336|616|94|329|321|64|76|302|55|64|43|47|56|53|43|53|37|
2016-09-01|2|1_CTs|CT20||60|55|60|47|56|301|31|29|33|33|18|14|27|18|12|253|10|19|12|9|8|15|15|12|16|19|26|24|26|30|42|289|61|75|96|338|82|83|84|337|79|328|78|81|342|69|81|329|337|82|82|336|330|331|66|73|73|81|71|85|343|71|84|96|328|76|80|343|84|97|88|575|77|340|82|333|317|611|322|604|73|83|88|78|83|68|63|75|74|59|315|63|60|324|64|43|
2016-09-01|2|1_CTs|CT21||29|34|31|282|25|20|13|12|17|10|8|6|11|8|3|8|7|9|6|1|5|4|205|61|2|8|9|13|11|13|23|21|303|299|59|61|54|289|50|305|304|300|46|49|319|40|61|274|50|52|54|43|43|288|38|516|44|61|298|282|48|45|58|49|45|559|47|306|49|45|44|44|42|44|289|284|43|311|54|50|294|301|312|36|289|49|37|35|44|25|61|33|285|39|35|30|
