2014-01-17|3|1_CTs|ct1||46|45|37|16|25|24|16|15|9|8|6|1|2|2|0|1|4|6|4|4|10|5|7|17|12|17|39|35|51|55|120|146|191|205|205|227|206|207|159|174|166|170|171|194|127|149|172|138|156|146|161|166|149|154|167|155|143|161|169|193|173|162|175|223|176|163|181|182|183|207|204|202|193|188|207|213|191|211|198|192|180|203|204|159|150|116|122|96|97|77|75|77|76|80|84|59|
2014-01-17|3|1_CTs|ct3||75|47|55|38|26|35|29|25|17|21|17|10|16|16|4|19|9|24|14|16|22|21|22|38|19|39|62|53|70|70|130|184|204|206|182|244|244|213|190|193|198|200|230|250|222|225|232|183|184|169|226|221|210|177|214|219|183|214|237|248|225|234|225|198|214|218|205|180|196|182|201|176|155|162|183|165|161|152|174|202|211|223|211|180|198|169|144|131|115|105|104|110|119|140|156|111|
2014-01-17|3|1_CTs|ct5||102|105|81|104|51|56|31|42|40|34|21|20|19|16|18|19|17|20|19|14|13|12|18|18|19|15|27|33|56|55|91|121|180|196|229|214|197|191|176|157|143|139|141|151|179|153|142|169|172|211|207|234|219|182|200|144|169|183|223|238|202|252|244|243|256|237|264|291|287|292|280|281|301|269|282|293|258|263|264|267|233|221|227|185|172|165|141|144|137|149|118|115|123|128|149|114|
2014-01-17|3|1_CTs|ct6||19|8|7|8|3|2|2|5|2|1|1|1|0|3|0|1|2|0|0|0|4|1|3|3|4|4|12|15|23|32|36|48|75|61|71|71|64|67|55|35|39|43|32|49|41|48|57|43|38|42|54|49|56|45|35|48|45|45|61|61|65|62|73|54|49|58|50|49|61|66|61|82|69|63|55|52|60|66|41|42|51|28|43|30|26|37|20|27|24|17|10|12|19|22|14|17|
2014-01-17|3|1_CTs|ct7||82|110|74|138|56|48|59|49|57|55|37|32|30|19|28|22|32|26|28|29|24|20|34|32|41|39|30|52|45|53|69|90|105|128|136|131|140|122|125|120|130|138|148|145|140|133|132|148|159|155|165|145|167|134|142|147|141|162|165|179|185|155|178|169|202|192|210|170|189|152|136|141|176|89|41|167|180|158|163|160|161|144|145|118|156|146|96|109|115|97|105|97|164|93|180|131|
2014-01-17|3|1_CTs|ct8||45|45|49|75|26|24|21|29|22|25|18|23|17|14|14|13|17|13|18|14|12|11|16|19|26|36|20|35|23|21|33|44|58|66|71|71|65|58|63|82|89|102|89|90|84|81|81|81|91|103|88|88|103|89|84|76|91|107|93|101|114|104|107|95|122|126|131|108|119|107|122|102|117|110|107|107|98|100|74|94|94|79|73|77|69|59|75|74|58|58|76|48|73|60|80|72|
2014-01-17|3|1_CTs|ct9||103|93|79|81|49|74|50|71|45|44|52|43|46|37|36|40|17|29|17|20|24|18|39|44|30|23|46|41|56|83|119|154|217|226|255|228|263|190|209|180|167|164|171|158|163|159|137|173|158|126|157|158|150|152|142|151|195|206|173|160|166|173|188|164|150|191|177|169|139|112|173|217|213|170|204|169|210|221|201|188|180|174|146|165|140|153|99|138|102|120|78|167|100|269|404|215|
2014-01-17|3|1_CTs|ct10||66|69|74|62|36|40|39|48|34|35|36|26|33|29|39|20|33|27|16|21|20|18|23|14|20|30|25|28|32|64|65|99|124|139|148|155|141|152|128|127|121|112|115|118|112|116|130|113|95|135|133|126|138|119|101|112|124|144|121|123|142|143|123|145|118|160|137|159|142|157|148|136|140|156|164|131|142|129|127|126|113|126|147|141|130|110|119|82|76|75|85|89|81|84|85|99|
2014-01-17|3|1_CTs|ct13||1263|209|428|1354|772|513|1024|518|2719|146|229|54|925|1013|558|426|68|78|462|582|4442|417|322|68|82|1102|1137|590|144|139|886|1082|225|286|313|347|308|235|238|191|2381|933|663|1204|2410|1247|443|540|1497|627|1451|797|1208|699|1266|1695|645|2529|1143|906|688|1222|842|1414|2006|874|304|0|0|0|0|0|48|0|32|10|0|0|0|0|0|0|0|1080|1432|1528|1460|1736|743|1015|1871|2493|2843|1125|1855|2264|
2014-01-17|3|1_CTs|ct14||43|21|30|22|17|22|12|12|9|8|5|6|4|9|3|4|11|3|8|10|9|15|20|17|21|47|66|116|174|247|270|271|259|251|274|261|256|256|250|208|226|195|172|168|171|155|234|177|161|163|187|165|171|154|164|169|174|200|210|177|148|164|192|188|165|156|165|170|172|226|223|246|209|227|242|218|202|223|226|196|171|167|182|139|123|111|93|95|78|72|68|76|63|55|79|43|
2014-01-17|3|1_CTs|CT16||64|75|74|78|47|42|42|37|33|49|26|26|20|25|28|17|33|13|14|14|33|24|26|29|25|44|48|60|66|57|96|126|145|131|185|218|189|140|141|161|128|138|124|124|127|143|155|144|168|164|156|150|199|174|107|165|155|150|187|215|162|213|187|164|150|195|200|213|182|197|201|197|222|259|200|188|222|220|236|228|183|179|181|155|112|143|110|124|112|126|128|103|119|91|96|75|
2014-01-17|3|1_CTs|ct17||88|60|47|54|24|32|32|34|25|20|21|18|28|14|18|18|19|10|18|15|22|19|17|18|16|25|29|45|47|86|117|198|259|320|335|301|317|279|278|210|0|0|0|0|0|0|0|0|0|0|0|0|0|0|0|0|0|0|0|0|0|0|0|0|0|0|0|0|0|0|0|0|0|0|0|0|0|0|0|0|0|0|0|0|0|0|0|0|0|0|0|0|0|0|0|0|
2014-01-17|3|1_CTs|ct18||84|74|78|76|44|53|46|64|39|39|44|33|45|30|41|26|34|28|24|22|34|24|28|27|33|37|45|55|58|98|109|184|211|247|248|237|205|224|173|194|178|178|180|169|150|165|192|189|148|159|165|204|170|151|149|163|177|203|187|191|202|157|169|211|149|184|173|159|161|185|174|172|188|175|214|181|168|164|156|153|161|176|190|180|176|120|152|111|115|117|111|125|110|107|109|126|
2014-01-17|3|1_CTs|ct19||0|0|0|1|1|0|0|0|0|0|0|0|0|0|1|0|0|0|0|0|1|2|1|1|6|2|3|8|5|4|11|5|6|3|3|10|9|5|9|9|3|2|5|7|4|4|6|3|3|6|6|5|3|6|5|6|9|9|4|4|6|6|6|4|4|5|7|8|9|5|8|7|6|18|8|8|9|6|8|7|3|4|7|9|4|5|3|1|1|5|1|3|1|0|1|1|
2014-01-17|3|1_CTs|ct20||0|0|0|0|0|0|0|0|0|0|0|0|0|0|0|0|0|0|0|0|0|0|0|0|0|0|0|0|0|0|0|0|0|0|0|0|0|0|0|1|0|0|0|0|0|0|0|0|0|0|0|0|0|0|0|0|0|0|0|0|0|0|0|0|0|0|0|0|0|0|0|0|0|0|0|0|0|0|0|0|0|0|0|0|0|0|0|0|0|0|0|0|0|0|0|0|
2014-01-17|3|1_CTs|ct22||5|4|6|3|1|4|2|1|1|0|2|4|2|1|0|1|0|1|2|1|1|0|0|0|0|1|1|2|5|6|11|10|24|16|24|21|21|21|13|15|28|27|30|14|12|22|22|30|28|25|26|28|30|26|14|19|18|35|29|34|24|41|21|38|30|19|46|50|51|55|50|63|56|52|55|56|40|48|32|38|37|18|26|23|23|13|9|7|8|9|9|10|25|8|9|6|
2014-01-17|3|1_CTs|CT23||91|108|62|39|36|39|56|25|30|19|15|13|24|22|20|10|17|23|13|7|15|8|3|13|18|14|45|33|55|72|138|176|221|295|263|311|307|260|247|196|191|196|142|187|182|210|198|191|241|227|252|253|266|240|241|177|213|240|241|229|246|241|243|260|310|306|318|340|374|377|371|437|417|428|420|413|386|398|398|382|325|350|329|262|231|194|175|168|168|137|112|152|171|127|132|142|
2014-01-17|3|1_CTs|ct24||145|159|131|84|57|60|47|42|27|52|24|26|24|28|26|29|28|22|36|35|51|60|88|105|125|201|298|443|588|858|962|916|915|871|833|886|838|782|689|771|820|686|664|640|651|622|975|829|679|709|778|783|719|718|697|740|721|775|837|740|678|660|735|755|685|732|755|797|742|816|847|811|829|831|847|789|801|862|804|749|712|767|752|644|537|487|390|354|300|298|274|325|284|270|292|219|
