2015-07-10|2|1_CTs|ct1||67|84|75|46|51|50|289|27|35|32|22|32|32|35|35|41|38|17|32|28|274|33|37|39|39|47|61|79|338|111|145|145|140|163|174|175|182|446|207|208|202|211|185|200|197|225|202|203|194|471|196|211|405|683|443|191|190|204|217|231|179|220|204|178|175|187|204|163|192|410|159|164|163|171|165|189|171|202|197|213|181|211|195|209|194|191|155|157|138|416|138|135|102|127|644|361|
2015-07-10|2|1_CTs|ct2||67|61|69|49|295|43|30|24|18|23|18|27|32|28|279|28|26|14|27|21|266|17|17|24|24|20|24|34|293|37|45|46|52|60|71|74|89|91|90|108|104|98|93|110|105|104|361|351|101|362|81|108|134|133|96|82|95|78|95|110|358|97|104|346|107|94|349|334|101|83|102|100|89|81|351|97|71|107|95|621|105|120|93|105|97|120|111|81|70|102|72|339|68|332|340|60|
2015-07-10|2|1_CTs|ct3||114|98|94|62|78|67|56|45|39|53|37|45|57|54|52|49|49|25|41|49|287|34|39|298|49|50|53|69|331|97|122|126|157|152|152|136|152|173|195|198|206|196|437|205|232|217|222|482|232|207|193|233|484|236|193|201|212|476|206|214|476|219|204|205|234|208|214|212|190|193|175|171|186|179|200|445|438|194|209|219|210|211|482|218|199|474|197|184|145|454|157|167|136|146|166|126|
2015-07-10|2|1_CTs|ct4||74|314|69|55|47|34|52|43|33|43|39|61|46|63|56|44|29|44|24|28|33|22|38|26|34|291|28|36|55|46|49|73|105|118|129|129|131|122|133|128|134|144|385|132|124|137|140|138|412|158|124|163|141|658|150|142|111|128|105|117|147|393|135|155|108|124|143|124|130|116|123|124|147|106|110|365|380|100|118|90|111|90|118|143|123|95|368|95|88|93|116|92|117|349|113|351|
2015-07-10|2|1_CTs|ct5||129|105|129|82|333|67|65|60|44|61|54|63|58|68|75|55|42|51|32|32|44|30|45|40|35|41|42|46|53|65|558|142|122|413|183|214|174|458|695|239|212|221|206|205|218|214|229|220|215|208|221|236|230|201|216|207|181|212|180|202|236|232|224|231|212|221|271|478|181|194|443|488|190|176|190|188|173|419|182|153|186|421|455|225|445|400|397|164|148|164|142|147|190|430|174|180|
2015-07-10|2|1_CTs|ct6||47|35|42|30|30|20|25|16|10|24|15|26|22|25|19|20|17|17|14|272|21|15|14|15|14|7|18|9|16|14|19|24|24|33|33|37|35|49|44|52|51|54|47|49|51|64|70|306|62|67|51|43|60|69|59|62|54|55|312|54|60|58|69|68|71|52|328|71|64|58|62|64|61|52|66|54|54|50|62|50|60|44|47|52|48|55|62|45|40|53|312|48|69|46|57|60|
2015-07-10|2|1_CTs|ct17||139|125|122|86|87|85|79|69|51|74|52|64|63|62|70|71|61|50|64|61|294|45|50|58|50|75|65|73|72|126|134|137|196|181|173|422|212|459|499|285|519|531|533|247|486|243|285|260|243|257|264|248|508|776|263|230|213|270|285|252|271|288|477|261|241|510|263|265|250|265|243|230|497|492|245|506|228|230|789|518|237|491|268|248|247|279|471|204|174|209|176|198|179|177|435|409|
2015-07-10|2|1_CTs|CT19||54|302|303|22|33|21|278|14|257|23|266|16|13|6|278|18|269|8|9|19|9|9|12|20|8|15|281|283|40|55|70|73|91|87|55|29|96|99|92|133|121|102|119|376|122|120|131|374|122|121|120|114|139|108|61|141|110|626|395|123|126|398|121|125|388|125|125|162|119|845|385|387|140|105|383|130|131|121|618|111|107|97|134|114|130|105|80|347|68|92|72|71|339|86|85|52|
2015-07-10|2|1_CTs|CT20||63|59|308|50|47|39|44|34|37|546|277|26|28|22|34|22|23|19|19|16|13|9|11|16|12|14|15|21|28|31|38|43|581|60|76|93|75|349|93|338|81|91|81|76|60|60|81|331|43|71|78|88|78|56|76|77|73|315|62|60|83|331|78|87|64|57|84|346|61|319|606|101|89|317|86|84|91|599|93|334|346|594|325|97|69|79|78|64|83|73|62|68|81|63|308|67|
2015-07-10|2|1_CTs|CT21||299|23|29|280|26|17|22|21|13|14|11|13|12|13|273|11|21|9|10|6|8|3|3|7|6|7|8|15|13|20|228|52|39|39|60|308|38|303|50|55|49|45|55|44|47|50|50|310|42|302|46|55|567|41|41|31|308|41|307|55|42|44|42|62|45|52|51|56|43|60|59|54|51|47|52|292|52|54|51|289|60|51|48|61|44|47|43|26|42|36|37|27|59|30|293|267|
