2016-07-05|6|1_CTs|CT1||1|1|1|0|0|1|1|1|0|0|0|1|0|0|0|1|0|1|0|0|2|0|0|2|3|2|2|3|3|262|13|23|524|20|45|56|42|30|49|16|20|8|14|6|7|11|11|9|8|7|8|6|3|8|10|6|6|7|6|10|5|5|9|7|8|2|12|10|8|11|11|9|13|7|16|8|8|2|3|8|4|5|5|3|6|2|2|3|2|1|0|0|2|2|2|3|
2016-07-05|6|1_CTs|CT3||259|6|14|12|14|7|4|7|5|0|3|5|0|4|3|246|4|4|14|10|12|16|23|29|34|25|41|38|38|49|66|335|80|86|386|117|79|61|336|56|290|65|51|58|47|54|65|48|50|40|69|54|38|38|279|298|47|57|44|47|46|35|59|35|44|54|47|47|52|59|73|48|51|48|49|52|42|46|41|35|281|29|37|32|29|24|25|22|21|22|20|16|13|14|18|20|
2016-07-05|6|1_CTs|CT4||9|6|6|7|2|4|4|2|0|4|4|4|0|2|1|3|2|2|1|1|1|0|1|0|1|0|3|2|7|6|13|12|18|4|19|28|43|35|22|34|23|277|24|20|26|27|32|289|24|29|27|26|35|278|34|19|33|26|33|17|18|26|281|24|28|35|24|30|26|25|28|40|287|45|300|283|268|48|34|28|28|25|29|25|18|19|20|16|18|14|15|11|12|10|7|8|
2016-07-05|6|1_CTs|CT5||25|15|17|9|12|11|12|6|2|4|10|3|3|3|4|2|3|4|4|5|9|5|6|12|13|13|10|22|26|27|43|51|65|69|83|141|127|143|89|323|89|57|84|74|78|77|72|314|66|79|77|75|77|63|315|60|54|308|75|316|68|76|65|81|69|76|594|83|316|79|67|83|62|88|79|60|327|62|70|70|63|46|34|301|41|48|32|28|28|40|35|31|28|16|28|27|
2016-07-05|6|1_CTs|CT6||31|277|19|9|11|6|5|4|5|3|5|5|5|9|3|3|1|3|10|6|5|11|12|13|280|24|15|23|35|45|86|88|609|372|159|170|144|396|127|122|127|110|110|356|113|102|110|342|110|94|96|115|93|89|110|81|136|104|95|106|138|122|104|120|106|97|107|109|130|400|132|117|587|128|117|104|102|113|122|104|369|349|108|565|89|72|67|57|62|300|64|49|47|55|47|45|
2016-07-05|6|1_CTs|CT7||6|5|245|2|2|1|4|1|2|2|2|0|3|1|1|2|1|1|2|4|2|2|1|3|5|5|5|12|14|16|20|27|36|37|35|34|39|35|21|35|32|31|32|24|33|286|20|25|27|25|37|34|19|25|27|27|22|31|19|27|20|23|24|26|31|30|26|35|23|41|19|25|283|26|33|26|28|17|25|28|21|24|31|11|16|11|10|7|4|18|9|8|12|8|6|12|
2016-07-05|6|1_CTs|CT8||43|35|26|39|17|260|14|14|11|12|7|17|16|14|7|9|9|6|230|2|12|16|19|27|27|32|39|66|303|106|171|210|218|453|209|171|197|421|194|438|178|161|156|370|135|135|137|153|125|139|147|389|141|134|121|142|137|149|152|622|153|145|154|145|382|139|316|513|159|440|423|161|165|193|201|180|182|180|153|360|352|138|113|333|93|94|83|86|73|93|84|68|274|66|51|57|
2016-07-05|6|1_CTs|CT10||25|30|26|15|17|9|9|6|9|8|5|3|8|4|8|2|3|4|5|4|8|9|13|26|19|20|36|290|48|75|98|115|140|408|196|221|198|181|201|429|182|385|147|406|149|368|359|136|128|402|151|399|147|109|120|379|120|146|659|404|149|151|156|140|158|138|166|175|438|427|190|202|709|203|203|204|191|200|160|154|418|146|124|95|96|73|77|57|59|57|56|50|43|301|300|37|
2016-07-05|6|1_CTs|CT11||31|28|14|16|10|10|6|7|3|11|6|9|2|4|3|3|7|7|5|9|9|12|10|33|30|39|49|325|94|153|210|249|285|816|564|275|246|538|230|261|201|210|192|684|164|187|175|149|438|666|153|454|417|415|433|170|150|196|406|166|221|357|356|516|409|200|177|188|451|205|463|168|433|205|188|178|170|142|157|164|154|392|127|381|107|348|77|77|66|328|54|41|57|47|45|39|
2016-07-05|6|1_CTs|CT12||29|31|29|22|21|16|9|9|9|10|6|7|8|6|260|5|8|6|5|8|10|10|10|25|24|33|41|275|53|344|139|157|206|479|526|308|304|263|260|492|247|175|179|444|423|186|398|172|184|435|177|178|190|153|174|156|146|463|193|436|186|187|201|189|430|211|222|252|499|278|262|276|527|797|279|271|763|237|209|196|205|664|175|126|112|105|72|80|85|83|68|64|77|67|51|51|
2016-07-05|6|1_CTs|CT15||33|31|27|17|23|12|13|7|12|263|8|6|9|5|9|9|7|4|10|10|18|20|21|36|31|41|47|66|78|97|120|380|398|420|694|195|211|171|154|173|135|138|117|109|360|114|321|117|111|92|138|119|127|347|104|112|349|113|111|99|110|107|98|92|113|106|126|138|115|152|128|142|365|138|166|117|131|110|82|120|94|339|95|73|58|70|42|37|64|325|55|45|50|53|41|54|
2016-07-05|6|1_CTs|CT16||35|35|33|18|20|12|13|10|4|8|9|3|8|5|9|5|5|5|10|11|10|253|13|26|27|36|37|71|77|126|150|209|505|236|272|278|282|531|230|278|247|454|208|435|179|949|162|177|186|194|189|203|443|403|170|669|154|461|188|207|161|176|703|184|162|439|190|202|194|217|205|199|220|221|223|220|212|182|171|178|175|177|420|375|130|105|85|86|69|71|328|56|62|58|60|307|
2016-07-05|6|1_CTs|CT17||48|31|27|32|26|17|16|14|14|10|7|5|8|6|2|10|6|8|7|4|1|6|3|7|8|14|12|19|32|36|54|79|114|118|113|197|204|405|156|396|140|115|122|136|137|134|141|370|124|139|368|92|95|100|374|121|124|146|129|121|136|122|606|166|139|160|160|159|193|203|203|212|744|468|210|172|175|158|162|401|135|647|139|115|112|107|67|74|91|77|73|62|101|312|39|55|
2016-07-05|6|1_CTs|CT18||66|55|300|28|32|31|22|15|11|11|20|9|8|10|12|7|8|8|9|13|19|13|22|27|40|42|47|82|342|117|424|242|301|288|449|165|160|209|261|302|259|237|260|226|228|483|497|502|469|1011|759|493|212|207|185|462|453|473|499|474|229|242|646|351|219|500|485|241|269|526|261|254|281|288|278|246|261|494|243|239|251|201|179|427|158|151|120|99|105|368|124|94|94|84|82|77|
2016-07-05|6|1_CTs|CT19||48|38|25|29|23|274|13|13|14|8|7|4|9|10|4|6|9|7|4|5|4|5|2|6|9|8|15|22|28|43|54|73|113|124|121|214|432|149|414|141|137|121|148|129|416|153|132|135|138|143|387|390|120|115|119|119|129|148|136|390|218|328|393|162|161|161|163|180|210|977|209|230|231|227|249|453|201|183|184|168|414|156|151|105|97|92|71|72|84|69|77|58|76|64|43|283|
2016-07-05|6|1_CTs|CT20||28|14|16|16|17|8|7|6|7|8|7|7|6|1|3|3|3|3|6|7|5|6|9|12|17|19|22|32|45|34|17|84|75|106|117|123|136|376|108|128|106|92|62|9|42|99|124|95|96|362|100|102|93|105|90|47|88|113|352|116|107|97|362|120|112|13|55|68|347|19|38|71|388|103|72|50|71|124|80|17|15|577|48|55|76|313|16|66|13|60|64|41|313|14|43|41|
2016-07-05|6|1_CTs|CT21||82|61|53|47|53|35|19|18|18|12|17|10|22|25|15|256|22|25|18|36|37|39|43|57|62|71|93|341|166|224|535|591|578|595|368|561|297|524|550|264|517|730|451|492|263|234|237|472|465|697|208|480|220|199|203|212|210|464|241|241|222|238|444|444|223|225|222|454|420|506|235|223|470|250|273|229|205|183|212|217|440|435|442|140|120|338|126|118|106|114|127|109|104|84|82|91|
2016-07-05|6|1_CTs|CT22||0|0|0|0|0|0|0|0|0|0|0|0|0|0|0|0|0|0|0|0|0|0|0|0|0|0|0|0|0|0|0|0|0|0|0|0|0|0|0|0|0|0|0|0|0|0|0|0|0|0|0|0|0|0|0|0|0|0|0|0|0|0|0|0|0|0|0|0|0|0|0|0|0|0|0|4|0|0|0|0|0|0|0|0|0|0|0|0|0|0|0|0|0|0|0|0|
2016-07-05|6|1_CTs|CT23||325|60|60|52|35|292|21|21|21|23|7|24|20|25|254|12|10|13|12|8|22|22|33|34|42|49|61|99|110|421|243|513|308|340|590|583|330|324|312|269|273|519|243|219|211|196|479|234|226|235|254|234|452|218|447|450|200|218|685|234|218|240|217|454|233|240|251|531|265|563|274|273|560|352|315|294|261|283|244|235|215|204|423|1039|219|134|135|121|111|119|123|96|579|72|83|369|
