2015-10-08|3|1_CTs|ct1||43|47|24|19|271|12|11|6|9|264|10|5|5|8|4|6|3|5|4|3|6|13|13|13|13|15|527|35|54|87|155|968|221|256|241|239|479|234|217|190|206|642|170|193|197|153|172|920|196|423|201|206|180|180|168|168|181|212|183|214|213|199|205|221|187|702|197|464|185|224|204|216|722|489|228|717|472|208|453|213|477|444|371|144|121|92|545|93|374|83|64|94|589|84|326|74|
2015-10-08|3|1_CTs|ct3||72|59|309|41|25|27|34|23|16|18|11|10|9|18|16|18|271|21|13|9|23|26|23|25|23|34|60|62|72|98|406|459|236|739|496|250|233|230|746|241|240|480|508|986|489|465|495|1010|468|219|499|488|496|219|221|233|237|754|224|246|260|494|488|221|500|231|213|464|441|217|213|685|184|677|222|470|446|228|458|482|232|216|709|422|622|437|574|122|145|622|91|94|631|95|347|117|
2015-10-08|3|1_CTs|ct5||347|357|186|299|70|554|30|36|31|284|22|21|19|22|16|269|20|20|25|15|4|271|17|20|21|25|28|43|50|57|370|426|189|1205|234|464|528|266|493|454|191|426|457|197|703|444|205|203|212|200|221|485|251|489|180|466|462|212|473|505|221|258|250|248|239|263|802|549|566|309|566|335|548|572|298|579|320|547|288|789|741|288|264|664|860|186|627|889|165|142|417|153|675|380|157|201|
2015-10-08|3|1_CTs|ct6||11|9|12|7|3|4|3|4|4|1|1|3|3|0|3|5|2|3|1|3|2|2|4|1|6|7|7|13|17|39|47|47|84|333|91|331|81|83|64|64|70|56|317|50|37|305|46|38|60|56|51|51|58|42|33|304|59|72|82|70|66|51|55|51|54|64|63|60|68|69|74|76|93|331|70|68|53|81|57|56|61|291|40|38|283|28|252|257|33|24|17|11|19|22|19|20|
2015-10-08|3|1_CTs|ct7||96|396|114|81|70|58|37|54|59|24|43|280|25|29|281|284|21|22|22|18|30|286|30|36|39|45|308|59|56|49|83|93|123|128|391|647|151|660|652|152|405|401|137|181|416|438|195|174|189|399|415|185|690|150|152|137|933|429|413|169|445|183|209|198|375|85|74|61|60|61|63|70|41|299|289|56|0|0|0|0|0|0|0|0|0|0|0|0|0|0|0|0|0|0|0|0|
2015-10-08|3|1_CTs|ct8||57|68|72|41|49|26|23|26|23|11|39|269|11|9|18|11|11|11|12|9|14|13|13|19|271|25|280|25|34|26|43|60|55|72|579|585|98|603|91|103|105|96|97|126|623|139|129|361|126|115|363|122|375|111|112|110|624|115|351|141|130|151|142|156|134|146|363|155|140|664|400|377|145|128|366|147|154|378|129|373|121|94|102|88|75|82|82|341|76|74|74|347|78|588|84|80|
2015-10-08|3|1_CTs|ct9||92|87|599|83|65|328|311|35|43|47|49|24|32|46|36|265|29|34|40|27|10|34|25|42|42|40|301|48|327|94|407|471|478|1252|274|407|954|596|247|258|210|492|187|709|521|470|235|314|198|174|695|213|167|169|186|184|177|198|438|186|475|500|216|225|241|209|621|515|348|466|158|460|586|746|330|245|325|236|229|192|690|176|420|397|610|104|81|120|402|112|343|112|101|76|105|94|
2015-10-08|3|1_CTs|ct10||90|63|64|56|47|60|34|42|52|42|30|27|22|16|22|26|20|12|13|22|22|11|21|22|20|11|24|30|55|56|87|107|133|138|174|147|156|177|138|146|120|133|130|136|126|128|133|130|127|144|146|151|131|140|126|98|138|141|129|136|136|133|145|148|144|141|142|149|132|147|163|133|144|168|155|172|158|142|153|140|149|120|135|124|108|77|118|84|97|107|107|109|120|120|87|91|
2015-10-08|3|1_CTs|ct13||204|461|168|142|400|143|94|95|113|111|84|66|56|42|56|60|58|561|84|53|75|60|64|52|80|328|92|117|631|145|449|213|224|236|250|227|220|528|198|237|500|485|194|207|502|486|228|235|236|284|512|472|269|498|376|835|622|251|394|584|436|303|178|236|508|225|518|197|1024|393|238|743|917|203|468|1138|408|760|482|528|333|367|1436|1340|2348|1590|705|2198|340|948|349|670|402|724|1032|680|
2015-10-08|3|1_CTs|ct14||38|35|41|20|22|15|19|8|6|6|7|8|7|8|10|7|5|9|9|10|12|12|12|29|282|44|70|400|468|524|279|289|265|765|767|507|271|274|259|260|449|494|198|230|163|466|458|215|441|202|712|199|177|196|186|445|192|203|187|228|193|440|435|212|450|440|466|175|196|475|229|208|252|736|509|470|252|752|211|757|455|167|395|127|120|94|1079|102|101|106|96|100|67|67|61|67|
2015-10-08|3|1_CTs|CT16||342|60|80|85|51|45|42|300|25|36|29|32|24|29|35|14|17|38|54|24|11|25|15|34|28|27|46|60|53|321|338|398|158|660|212|439|193|446|146|198|167|209|407|175|177|179|411|158|170|192|199|402|183|474|154|444|173|219|210|195|223|187|203|197|476|214|228|199|216|229|254|265|268|325|599|548|477|239|225|222|705|199|417|160|621|102|573|385|117|110|104|113|378|107|125|107|
2015-10-08|3|1_CTs|ct18||114|87|79|73|67|68|44|50|59|45|31|33|24|20|29|23|25|22|19|25|21|16|31|31|32|26|37|55|84|80|148|202|204|235|242|225|231|258|186|212|207|221|177|179|173|211|184|182|153|168|199|203|188|196|177|145|177|198|156|200|185|175|205|183|164|174|179|209|163|174|201|183|196|169|188|207|228|167|225|172|179|162|176|167|121|111|131|115|142|141|135|135|163|158|118|106|
2015-10-08|3|1_CTs|ct19||1|1|0|2|1|1|0|0|1|1|0|0|0|0|0|0|0|0|0|1|0|0|3|1|4|3|7|3|8|6|8|6|8|7|12|5|9|10|7|5|9|6|5|4|6|6|6|11|4|5|9|8|8|6|7|4|4|6|8|4|5|8|1|5|2|10|3|5|12|5|3|9|4|9|9|6|4|3|3|8|8|4|11|4|6|4|6|2|2|3|0|1|1|2|1|2|
2015-10-08|3|1_CTs|ct20||0|0|0|0|0|0|0|0|0|0|0|0|0|0|0|0|0|0|0|0|0|0|0|0|0|0|0|0|0|0|0|0|0|0|0|0|0|0|0|0|0|0|0|0|0|0|0|0|0|0|0|0|0|0|0|0|2|0|0|0|3|0|0|0|0|0|0|0|0|0|0|0|0|0|0|0|0|0|0|0|0|0|0|0|0|0|0|0|0|0|0|0|0|0|0|0|
2015-10-08|3|1_CTs|ct22||10|6|7|5|0|0|3|1|1|1|1|0|3|1|2|0|0|1|1|3|1|4|0|0|0|2|5|6|3|10|8|10|15|16|12|11|21|22|25|25|20|19|29|279|26|17|16|27|31|27|24|32|17|16|16|18|17|21|282|24|34|32|31|272|32|40|298|49|54|52|46|50|65|322|57|46|49|53|40|35|267|17|19|17|19|20|9|8|7|5|8|7|10|6|8|7|
2015-10-08|3|1_CTs|CT23||379|395|64|65|60|49|540|34|23|20|30|21|274|27|13|18|18|12|15|10|22|17|24|22|21|35|299|63|63|373|231|291|355|644|671|379|623|639|607|514|303|204|537|1006|524|246|266|285|302|829|382|905|396|315|344|299|543|351|315|367|363|578|590|944|901|408|447|475|1045|558|620|538|830|932|854|616|789|861|794|999|699|418|572|854|832|493|704|250|242|218|177|233|451|183|401|147|
2015-10-08|3|1_CTs|ct24||167|408|395|89|81|550|549|49|32|35|38|29|25|29|29|29|27|45|39|52|40|58|84|122|783|276|625|816|985|973|1465|1199|1242|914|838|1335|1324|1121|856|1125|911|1157|1381|885|1047|1359|1334|1298|1306|827|839|1148|1072|854|746|1283|872|845|1167|894|863|776|844|794|823|1347|825|1146|835|1164|1144|960|898|1184|918|1151|879|931|817|1114|979|700|834|1072|667|401|1051|646|359|611|1111|319|563|280|676|311|
