2014-07-14|6|1_CTs|CT1||1|1|0|1|0|0|0|1|0|0|0|1|0|0|0|1|0|2|1|0|1|1|1|4|2|4|2|1|3|5|8|14|10|19|17|16|10|19|7|12|4|4|5|6|2|6|3|3|11|5|6|6|8|3|4|1|4|6|4|7|2|6|5|1|6|5|4|9|5|6|4|3|2|3|7|4|4|5|2|3|3|5|5|5|0|0|1|0|0|1|1|2|0|1|0|2|
2014-07-14|6|1_CTs|CT3||15|13|13|17|10|9|5|8|4|3|5|4|3|2|4|4|4|13|8|19|21|22|29|42|40|27|37|46|52|72|73|64|78|86|79|112|87|99|77|84|81|83|63|75|61|74|42|61|49|64|48|47|39|43|50|61|51|48|51|43|59|59|58|55|58|68|61|73|65|52|68|65|60|53|68|52|52|43|45|38|27|30|27|26|26|28|25|16|25|14|17|26|18|24|15|11|
2014-07-14|6|1_CTs|CT4||3|3|10|2|6|3|2|1|2|0|1|2|0|0|1|2|0|0|0|2|3|1|0|1|2|0|3|5|6|12|6|12|13|11|21|29|21|34|20|29|22|21|20|22|24|23|31|27|26|18|33|32|34|25|21|21|20|30|27|23|30|25|24|21|20|35|28|41|35|41|45|38|39|48|32|42|35|32|36|21|24|21|19|26|20|19|26|23|10|10|7|10|10|7|4|6|
2014-07-14|6|1_CTs|CT5||22|29|14|21|8|6|3|4|6|3|2|2|6|2|1|2|10|3|5|5|5|4|6|12|13|12|14|21|23|25|38|44|48|63|64|76|70|62|75|75|77|68|66|69|77|73|84|82|75|78|74|81|62|68|64|80|70|63|77|76|66|80|68|63|71|66|66|79|76|77|61|55|79|70|95|74|75|68|61|37|65|51|50|57|40|43|38|28|37|26|24|40|19|27|32|18|
2014-07-14|6|1_CTs|CT6||21|13|15|7|7|7|6|3|3|4|1|7|3|4|4|3|0|3|4|6|9|9|11|16|15|13|13|20|23|38|57|67|96|149|152|144|139|126|114|123|108|100|127|78|93|88|81|74|97|100|97|93|93|87|100|108|102|102|98|110|97|98|84|77|79|95|100|102|118|121|90|117|111|114|112|96|86|100|92|79|87|67|83|66|70|48|48|53|49|59|56|43|38|42|50|27|
2014-07-14|6|1_CTs|CT7||6|8|3|11|4|2|3|5|1|0|0|0|1|1|0|0|2|2|2|5|2|3|1|3|6|5|2|2|7|15|23|17|13|34|36|33|47|31|43|42|26|32|27|14|26|26|25|25|23|26|27|25|33|36|31|30|24|29|21|25|26|26|21|35|23|30|29|22|24|23|26|31|35|35|38|23|23|24|24|21|18|23|15|11|6|17|12|11|8|7|9|7|3|4|9|3|
2014-07-14|6|1_CTs|CT8||52|37|28|25|14|27|19|6|8|11|8|7|12|11|6|5|11|11|14|10|8|13|24|26|17|23|46|45|86|95|136|171|222|217|221|213|201|192|210|206|182|159|160|144|138|149|131|135|124|142|135|150|142|146|125|149|141|138|174|146|163|160|135|150|130|136|138|152|141|217|169|180|201|201|203|201|165|159|163|131|139|126|125|94|100|84|86|92|77|61|64|53|75|45|55|52|
2014-07-14|6|1_CTs|CT9||44|44|21|28|19|11|11|14|11|16|7|6|5|7|7|6|6|5|10|12|12|11|20|36|43|45|41|61|81|106|162|213|228|281|310|324|316|315|307|261|323|324|275|305|324|243|199|186|184|198|225|193|196|187|166|195|197|177|220|210|183|192|180|181|187|176|171|195|218|219|266|209|228|255|239|252|206|223|183|161|158|159|146|113|110|88|85|109|100|93|93|77|76|59|59|48|
2014-07-14|6|1_CTs|CT10||28|27|23|15|19|15|4|12|9|11|7|1|7|3|6|4|1|2|3|3|8|13|16|19|27|16|26|40|39|61|83|108|105|134|151|183|170|165|164|146|143|132|125|122|151|109|154|136|128|140|160|140|143|133|103|122|127|126|147|121|152|130|153|160|156|149|178|182|154|176|190|202|197|210|195|211|202|179|155|157|127|130|104|90|84|67|74|59|57|51|50|42|46|39|34|46|
2014-07-14|6|1_CTs|CT11||30|32|21|19|14|9|12|6|8|3|6|11|6|2|1|8|8|6|3|9|6|12|15|31|25|37|44|74|83|118|191|243|241|292|288|273|294|289|297|257|235|230|192|169|190|177|166|160|174|196|177|162|167|177|154|164|173|188|201|178|163|181|143|151|174|174|181|193|153|177|178|155|168|177|176|183|151|153|111|156|135|109|93|92|89|67|74|85|62|52|59|57|50|33|47|32|
2014-07-14|6|1_CTs|CT12||37|18|30|19|14|15|18|8|8|9|5|6|4|2|3|2|3|4|5|7|9|11|13|21|28|25|25|39|52|72|99|138|150|212|210|238|237|241|220|187|184|171|155|152|164|172|166|171|178|177|198|160|177|172|136|171|147|170|183|167|167|206|154|164|185|200|210|242|191|242|231|268|268|277|250|262|211|245|184|186|167|154|139|104|89|73|80|74|62|75|61|57|45|50|56|56|
2014-07-14|6|1_CTs|CT14||0|0|0|0|0|0|0|0|0|0|0|0|0|0|0|0|0|0|0|0|0|0|0|0|0|0|0|0|0|0|0|0|0|0|0|0|0|0|0|0|0|0|0|0|0|0|0|0|0|0|0|0|0|0|0|0|0|0|0|0|0|0|0|0|0|0|0|0|0|0|0|0|0|0|1|0|0|0|0|0|0|0|0|0|0|0|0|0|0|0|0|0|0|0|0|0|
2014-07-14|6|1_CTs|CT16||32|45|19|30|20|15|6|17|9|7|8|7|8|3|5|8|6|7|3|8|7|14|12|20|23|29|34|45|58|94|150|185|176|213|238|239|249|249|264|249|196|189|166|148|186|175|193|170|193|170|188|187|192|181|165|163|167|174|158|194|163|198|154|198|174|178|214|193|170|177|194|192|190|214|223|200|173|195|160|174|143|154|114|96|101|78|83|102|66|59|60|60|54|38|49|39|
2014-07-14|6|1_CTs|CT17||17|6|12|9|7|5|11|3|7|7|3|1|0|0|2|0|2|1|2|0|4|3|3|2|8|3|5|6|18|19|33|40|54|31|53|72|71|69|77|50|61|68|58|53|71|73|57|67|89|68|78|60|77|92|58|78|53|88|61|75|69|78|58|76|82|61|73|82|74|82|95|89|94|100|95|91|85|120|98|64|71|71|67|51|45|34|47|44|38|40|37|36|29|21|27|21|
2014-07-14|6|1_CTs|CT18||51|60|45|47|27|22|14|23|16|8|10|12|12|6|5|7|20|9|9|18|13|17|17|26|33|38|41|57|84|125|168|190|193|256|277|295|291|274|279|276|270|257|219|204|241|203|233|236|230|217|238|222|203|195|195|216|219|217|247|246|227|239|237|236|221|229|234|273|235|246|243|237|256|257|283|266|247|232|216|191|200|188|157|155|130|152|120|126|117|89|102|102|79|84|97|56|
2014-07-14|6|1_CTs|CT19||31|24|23|16|12|9|15|12|13|14|9|5|3|3|5|4|1|3|4|2|2|7|4|5|8|12|7|14|23|28|41|52|86|95|118|129|136|154|118|135|116|114|133|123|116|112|136|134|135|133|141|135|123|105|115|121|121|130|135|140|155|142|123|136|131|134|127|171|141|187|181|185|197|205|187|183|166|186|170|137|158|120|124|95|74|60|90|65|68|76|63|56|49|43|50|42|
2014-07-14|6|1_CTs|CT20||16|19|13|13|13|7|9|4|6|3|6|4|3|4|1|2|4|3|6|6|7|8|9|18|18|18|15|28|39|42|60|72|74|82|110|130|135|137|133|90|120|46|68|7|116|122|96|138|106|114|113|113|101|101|106|101|120|52|97|108|85|114|113|103|100|92|100|112|144|130|122|126|142|111|113|22|115|106|89|99|89|3|58|52|15|50|66|58|53|43|63|42|31|33|35|28|
2014-07-14|6|1_CTs|CT21||105|85|57|78|54|43|27|27|29|22|22|10|16|22|19|16|23|33|30|42|33|38|46|66|70|55|72|104|139|179|266|304|322|367|366|349|345|303|353|302|320|256|285|265|273|250|236|206|213|212|207|208|205|185|181|210|222|206|250|221|253|234|235|252|191|212|193|208|214|223|227|220|240|240|237|229|231|196|205|189|190|179|160|130|115|123|136|114|107|103|112|91|98|87|71|66|
2014-07-14|6|1_CTs|CT22||95|79|62|72|47|36|31|31|34|27|27|26|19|14|20|20|24|27|41|49|57|52|81|81|73|77|81|105|123|161|176|179|210|239|265|287|278|261|264|247|229|226|236|206|270|250|238|239|274|269|277|239|254|255|207|218|238|236|252|250|257|285|279|265|258|319|303|307|389|382|357|377|365|407|352|335|295|337|291|278|280|213|208|200|177|165|151|132|142|132|145|107|116|120|107|100|
2014-07-14|6|1_CTs|CT23||78|44|49|47|35|28|30|13|17|10|10|11|14|13|7|11|14|13|17|17|19|26|29|47|32|49|67|75|113|140|203|255|297|331|333|377|337|318|320|303|303|285|292|256|249|232|223|195|197|212|232|244|224|226|212|233|228|247|242|216|237|257|248|205|227|217|226|253|247|306|297|288|312|329|330|319|283|268|260|230|228|187|191|154|139|132|115|129|112|97|98|84|106|89|85|72|
2014-07-14|6|1_CTs|CT24||80|63|55|46|31|31|19|16|19|23|17|17|13|12|12|9|12|13|29|16|26|28|49|44|41|47|62|80|97|128|179|173|207|250|335|352|324|314|299|302|288|273|264|247|266|235|261|218|259|276|276|268|245|252|209|247|247|260|242|247|305|278|247|297|260|282|285|316|320|355|376|368|372|380|399|366|353|354|299|296|247|263|201|210|164|149|142|108|121|122|112|102|95|109|109|81|
