2017-10-16|2|1_CTs|ct1||54|47|46|37|32|28|278|281|22|21|16|13|10|258|20|10|267|267|13|13|13|33|32|43|47|54|81|83|104|122|138|127|156|130|186|188|192|168|196|438|194|205|211|446|188|194|181|443|444|206|181|166|156|195|195|166|193|202|220|445|453|187|427|194|434|188|168|156|172|419|160|144|164|141|156|145|137|178|145|429|133|126|137|94|109|106|319|128|86|93|84|81|93|68|82|70|
2017-10-16|2|1_CTs|ct2||40|36|26|25|21|22|282|16|14|12|12|9|10|219|10|8|16|273|12|8|10|17|15|22|26|32|31|39|40|44|59|65|62|305|90|562|101|352|109|341|110|125|130|365|140|123|103|112|102|105|110|100|92|121|101|101|108|104|386|384|120|113|103|109|101|113|98|81|93|590|80|72|83|346|95|99|94|107|110|74|315|577|88|73|70|57|53|45|62|71|50|52|64|65|47|305|
2017-10-16|2|1_CTs|ct3||25|39|27|32|20|262|15|21|13|15|13|9|232|12|13|9|7|8|11|8|8|22|20|29|34|285|46|51|61|74|77|70|107|90|116|116|129|360|117|389|120|139|369|131|175|367|386|132|143|138|347|385|355|126|112|373|129|374|150|146|144|135|118|389|130|379|131|122|94|108|110|372|127|371|119|124|95|354|100|329|113|87|91|77|73|59|64|67|55|94|66|50|63|47|52|44|
2017-10-16|2|1_CTs|ct4||38|28|21|17|17|16|21|12|9|11|9|14|12|8|7|11|6|9|6|3|10|15|12|11|15|12|18|22|34|27|36|49|65|81|92|366|108|367|72|87|71|87|75|81|103|95|105|88|95|71|91|90|78|85|91|329|95|352|98|98|85|62|78|81|98|84|348|93|71|344|76|85|87|71|79|83|84|321|60|78|49|52|53|49|47|43|44|288|43|298|55|48|45|37|43|40|
2017-10-16|2|1_CTs|ct5||88|55|54|316|297|44|44|27|22|22|26|21|25|17|19|19|13|15|13|11|17|23|25|16|30|23|28|48|54|65|80|107|130|393|169|188|172|419|159|153|137|156|155|388|193|163|416|169|158|151|180|443|160|154|165|401|164|181|162|181|169|172|170|182|190|161|160|161|173|412|147|162|169|143|133|151|391|144|133|164|120|117|116|101|107|101|101|124|352|117|333|102|623|357|93|75|
2017-10-16|2|1_CTs|ct6||98|64|60|562|56|557|41|24|28|22|26|19|20|272|15|16|15|18|20|9|20|19|29|27|37|28|35|41|58|62|71|87|117|364|148|150|402|149|132|388|132|149|401|629|431|162|169|427|433|189|159|1001|194|173|156|158|163|437|426|199|179|184|434|208|209|189|445|172|218|681|166|174|175|171|162|182|156|146|158|156|397|394|112|111|120|356|329|168|116|128|364|131|122|359|100|88|
2017-10-16|2|1_CTs|ct17||55|83|64|84|48|50|33|49|282|292|283|19|21|27|30|14|16|23|22|14|17|37|45|297|56|56|63|83|88|112|118|129|160|153|183|201|210|207|229|481|208|505|213|248|255|228|224|264|481|228|486|514|724|254|207|213|225|265|510|507|503|247|211|262|748|489|468|256|222|474|211|481|222|225|213|241|732|461|199|617|388|402|151|155|144|134|141|118|114|136|113|111|395|123|114|94|
2017-10-16|2|1_CTs|CT19||38|36|20|32|19|18|15|8|11|13|4|5|3|11|14|7|8|4|6|6|4|16|13|11|18|17|20|41|42|51|47|66|81|72|95|108|96|113|89|100|104|384|357|622|125|124|647|135|117|375|354|120|108|93|108|603|92|358|161|126|126|137|123|114|381|379|370|117|119|383|121|398|398|149|107|117|391|371|116|332|366|80|87|322|59|52|54|291|57|307|58|820|56|45|303|36|
2017-10-16|2|1_CTs|CT20||44|305|47|30|291|23|25|22|274|21|17|12|11|7|8|9|10|12|12|6|17|6|11|17|16|13|19|20|29|27|40|64|75|84|85|96|80|604|85|313|73|67|67|79|328|79|74|68|328|74|78|593|70|76|326|72|65|76|326|581|74|334|70|67|84|331|68|78|602|333|78|90|84|600|83|84|344|75|70|323|66|60|65|60|64|58|42|44|70|57|298|316|65|68|69|55|
2017-10-16|2|1_CTs|CT21||23|26|517|516|11|18|13|15|6|10|12|9|3|4|3|3|249|4|4|4|2|5|6|8|4|5|9|14|12|22|31|284|40|42|49|55|44|49|55|42|274|49|30|280|41|55|49|44|52|40|55|49|42|37|34|303|39|288|300|54|47|46|41|296|52|46|43|43|36|44|52|49|55|40|41|48|44|47|47|44|25|43|285|34|34|35|31|284|293|26|45|35|39|50|43|38|
