2015-01-11|6|1_CTs|CT1||1|1|2|2|0|0|0|0|0|0|1|0|0|2|2|0|1|0|0|0|1|1|1|1|0|3|1|0|0|0|0|2|0|5|0|2|1|2|2|4|0|1|4|4|3|1|2|3|5|2|2|2|2|3|1|3|2|3|3|0|4|2|3|9|6|0|3|1|3|5|5|5|3|0|0|1|3|0|1|1|4|3|1|2|0|1|1|1|2|2|2|1|0|1|0|2|
2015-01-11|6|1_CTs|CT3||13|11|8|11|16|7|3|6|7|7|2|6|4|5|1|7|4|6|6|15|14|28|15|27|19|22|25|25|20|15|15|27|28|27|19|25|21|25|22|267|282|28|30|25|262|36|32|33|40|40|34|40|35|46|32|276|32|31|34|35|22|33|36|31|32|286|36|273|24|30|40|38|31|38|31|296|42|32|36|22|21|26|16|14|18|15|19|17|10|15|7|8|16|23|14|14|
2015-01-11|6|1_CTs|CT4||4|13|5|6|6|6|3|1|4|4|3|2|1|3|1|2|256|3|0|1|2|3|2|1|1|1|2|2|2|1|3|5|2|4|4|3|7|3|6|5|8|4|4|4|9|14|8|11|17|21|19|16|5|5|13|15|14|15|16|14|15|9|10|13|15|22|13|23|24|21|21|24|18|19|19|25|12|18|20|12|2|11|5|3|7|1|2|3|4|2|4|2|2|4|6|9|
2015-01-11|6|1_CTs|CT5||21|31|15|21|22|23|20|11|15|18|10|11|9|10|11|7|5|6|12|2|10|8|6|4|3|7|5|5|5|12|11|7|10|8|9|5|7|10|18|12|16|13|21|23|19|17|27|22|27|38|295|36|33|40|36|31|25|31|26|40|29|29|37|30|38|30|31|32|36|53|44|32|44|312|61|58|46|51|48|52|35|47|25|19|26|27|28|20|287|18|18|17|17|19|20|7|
2015-01-11|6|1_CTs|CT6||265|267|21|32|21|13|17|21|20|12|8|15|10|5|10|5|8|4|10|3|3|11|5|10|9|7|10|7|14|251|11|12|14|10|14|14|285|27|23|35|32|41|54|50|300|34|62|64|63|88|68|86|92|97|76|84|90|73|338|323|59|322|88|75|83|81|540|74|75|77|70|75|74|332|324|68|68|75|75|306|312|320|537|297|48|58|51|39|296|34|29|292|25|41|26|260|
2015-01-11|6|1_CTs|CT7||9|4|7|4|1|2|3|3|1|4|3|2|5|3|1|1|1|3|4|2|1|1|3|4|6|5|6|1|0|5|1|3|7|8|6|6|10|5|10|8|7|13|16|13|7|15|12|14|17|20|22|19|15|26|278|18|23|12|9|12|273|14|20|21|21|14|21|21|22|27|24|32|18|24|23|23|22|16|273|13|19|16|12|7|6|12|10|263|10|9|9|10|8|6|6|4|
2015-01-11|6|1_CTs|CT8||300|59|51|50|29|45|34|36|35|27|15|18|26|24|10|12|24|23|16|11|9|7|12|14|20|12|21|242|17|24|27|26|18|23|34|38|34|33|38|39|48|55|61|57|60|80|265|72|76|88|321|94|91|107|97|99|99|118|105|364|118|117|101|115|357|339|127|121|111|110|129|124|126|128|134|87|93|109|90|70|87|563|73|56|61|71|54|46|294|41|44|41|53|45|270|28|
2015-01-11|6|1_CTs|CT9||40|57|45|47|29|33|308|40|28|38|30|28|277|27|17|15|20|9|14|15|10|15|17|23|22|13|35|22|28|27|34|290|292|43|31|40|37|54|46|67|312|74|87|108|96|90|100|102|110|113|139|122|124|367|114|362|356|135|147|416|124|173|137|128|132|151|135|416|125|389|408|164|397|141|129|147|137|112|90|355|100|91|77|74|77|247|151|61|64|73|53|297|47|48|46|35|
2015-01-11|6|1_CTs|CT10||47|36|42|276|35|23|34|14|22|14|11|20|10|14|10|12|9|12|9|4|6|7|12|12|14|21|17|267|16|17|35|18|27|26|28|43|33|33|46|54|51|60|68|315|327|63|82|90|100|86|345|109|138|367|84|79|87|93|73|349|89|345|96|86|109|592|92|115|114|129|108|122|108|101|131|155|116|108|343|96|81|98|104|61|43|47|62|42|38|38|37|40|25|28|25|19|
2015-01-11|6|1_CTs|CT11||295|43|45|26|23|17|20|19|17|23|14|19|9|11|6|9|8|10|11|8|2|9|16|12|12|15|28|17|17|28|30|277|26|37|311|54|45|59|49|340|67|67|96|106|80|80|88|89|105|354|352|352|372|123|355|101|116|115|377|384|111|122|115|147|132|376|376|121|109|377|352|137|124|105|101|382|109|351|336|99|114|357|70|61|52|61|70|59|59|54|52|282|44|32|31|24|
2015-01-11|6|1_CTs|CT12||61|38|49|39|33|28|24|19|28|26|20|28|13|15|13|13|16|9|18|7|4|13|15|17|20|19|21|21|17|21|37|29|27|32|34|46|39|62|308|68|76|62|355|94|91|71|346|102|110|354|104|371|115|122|97|95|82|119|92|114|104|124|128|369|144|131|110|132|365|396|388|149|140|139|119|174|105|126|101|106|109|363|96|314|61|58|82|55|51|50|42|40|49|46|30|28|
2015-01-11|6|1_CTs|CT15||28|34|20|21|17|14|13|12|16|22|16|13|12|13|260|16|5|9|10|12|10|18|24|35|27|21|31|28|23|26|34|34|34|39|40|35|46|45|37|47|302|62|79|83|55|60|69|72|61|66|90|93|98|96|92|81|335|332|63|82|85|94|70|63|71|82|65|83|315|107|92|96|95|90|344|91|89|81|73|324|560|58|53|52|50|41|53|43|39|41|41|41|31|34|35|20|
2015-01-11|6|1_CTs|CT16||51|48|48|276|35|20|35|17|21|25|15|19|14|18|12|9|7|15|15|6|10|8|12|12|14|24|18|17|18|23|25|26|33|38|46|52|48|43|50|70|314|73|86|86|81|86|106|105|121|127|115|141|161|431|118|359|137|115|368|112|159|333|128|137|128|130|134|146|418|161|144|161|124|128|139|423|164|123|100|111|126|135|105|70|67|79|78|75|61|51|71|50|38|30|34|26|
2015-01-11|6|1_CTs|CT17||3|11|5|4|5|1|5|6|4|7|1|1|2|5|1|4|4|1|1|3|1|3|2|1|4|4|1|1|3|3|6|4|4|5|1|259|4|9|7|4|3|4|15|7|8|8|11|10|13|18|9|12|7|7|14|265|8|8|10|15|9|27|13|19|14|17|13|20|14|35|16|15|14|12|19|18|15|16|16|17|18|10|11|13|8|15|10|19|265|12|14|10|8|7|10|5|
2015-01-11|6|1_CTs|CT18||80|77|63|63|68|47|287|49|47|48|32|31|28|24|23|17|12|21|29|12|277|22|16|16|16|26|24|20|23|44|39|284|38|46|43|55|302|58|63|338|71|75|101|114|105|94|365|139|115|159|158|153|411|189|393|142|144|122|366|426|155|408|170|199|164|166|424|167|442|206|181|178|168|177|218|203|196|160|137|174|147|402|377|93|89|96|98|96|599|85|83|66|66|304|80|39|
2015-01-11|6|1_CTs|CT19||39|54|42|44|43|291|33|34|31|34|23|22|26|18|13|14|278|14|13|10|9|17|8|11|6|10|10|12|7|11|14|27|15|19|17|20|34|36|37|43|554|49|80|76|321|66|588|76|110|107|102|97|348|109|102|325|69|73|349|100|87|104|102|98|110|123|94|112|380|121|141|370|126|97|117|105|120|97|80|84|109|89|66|60|70|61|65|61|60|60|40|286|46|44|32|25|
2015-01-11|6|1_CTs|CT20||297|34|36|23|22|21|19|16|13|19|22|13|11|12|10|16|6|11|4|9|5|10|11|9|10|7|7|12|8|12|15|20|18|22|24|23|29|43|42|36|300|55|66|80|319|74|72|95|93|100|110|602|51|50|85|31|59|82|85|82|99|84|95|343|83|338|345|107|106|104|98|103|80|94|75|22|48|76|52|15|62|321|51|50|42|39|56|43|42|288|26|25|18|29|22|19|
2015-01-11|6|1_CTs|CT21||67|74|56|44|54|46|27|34|31|28|29|26|19|15|14|21|29|21|25|17|24|40|38|42|45|43|40|58|39|293|68|47|367|233|61|46|65|62|89|95|99|87|100|114|104|120|128|153|139|148|140|176|197|186|165|162|136|159|396|182|182|218|202|205|442|439|183|215|444|196|214|220|447|225|217|217|452|198|149|176|150|397|119|99|110|113|116|376|325|90|89|565|74|88|84|57|
2015-01-11|6|1_CTs|CT22||106|86|93|84|80|77|53|269|64|51|49|43|32|54|46|30|297|36|61|49|58|64|75|65|61|59|50|49|64|54|66|290|67|70|82|86|94|81|86|318|114|115|116|147|130|134|181|169|192|191|182|219|422|203|431|150|133|378|194|412|200|399|210|431|223|200|202|467|190|230|443|249|216|448|216|202|422|182|171|385|182|144|141|117|97|99|105|121|328|83|306|81|69|71|91|69|
2015-01-11|6|1_CTs|CT23||79|87|76|62|40|60|41|47|41|35|30|21|289|29|16|23|24|25|19|265|15|35|31|29|31|25|23|30|31|32|47|38|49|51|306|57|53|74|73|65|93|97|97|119|88|140|137|138|145|136|156|133|139|179|155|155|145|170|176|209|172|191|188|181|193|640|174|177|161|170|423|179|177|186|177|160|388|160|137|111|370|108|93|70|92|323|88|86|82|71|299|53|69|78|69|48|
2015-01-11|6|1_CTs|CT24||341|82|73|70|58|56|54|42|45|57|37|36|33|23|36|34|24|31|37|37|30|38|27|29|22|29|32|34|42|43|50|50|300|44|53|49|79|64|66|82|90|296|82|132|102|109|120|135|361|396|146|147|170|152|176|126|136|127|149|135|126|106|175|174|173|180|192|470|418|196|209|216|200|187|210|186|186|414|158|155|154|136|125|101|339|110|113|107|80|83|75|66|64|60|61|59|
