2017-04-11|3|1_CTs|ct1||22|31|275|23|15|9|4|8|5|0|6|1|2|2|1|1|2|1|1|2|1|4|9|9|13|11|16|40|54|74|102|423|331|281|177|433|185|177|176|172|127|127|403|158|172|157|124|133|148|383|140|139|134|126|385|133|142|149|144|400|142|165|138|132|139|402|140|152|153|179|432|169|160|701|182|188|577|266|149|405|168|650|385|122|90|87|72|66|65|54|327|57|66|54|70|45|
2017-04-11|3|1_CTs|ct3||76|67|62|576|53|41|33|30|27|9|29|11|7|27|23|9|12|12|13|15|16|28|33|29|304|30|61|96|119|652|188|477|927|311|488|235|202|168|240|450|212|229|181|192|206|217|353|283|181|213|216|487|473|201|250|725|238|490|520|257|197|229|460|210|234|239|221|203|183|228|209|205|180|470|178|222|343|328|980|233|213|220|190|195|183|155|389|135|373|116|118|100|121|107|104|612|
2017-04-11|3|1_CTs|ct5||137|136|213|232|117|57|36|50|305|30|39|19|22|17|20|8|19|11|18|8|9|17|8|12|20|20|35|46|65|86|122|432|226|242|502|523|515|265|283|251|221|246|249|232|232|223|464|232|238|254|252|252|502|258|488|223|236|228|764|458|520|264|527|302|296|565|316|331|294|582|308|326|1109|589|342|303|424|407|288|281|275|282|252|205|178|175|146|180|173|193|150|158|143|174|453|455|
2017-04-11|3|1_CTs|ct6||13|9|8|4|2|6|1|4|3|2|4|3|1|1|1|2|0|3|0|3|3|0|5|4|3|13|17|31|25|37|46|303|307|74|68|329|78|64|324|78|64|320|70|50|56|60|50|49|67|52|59|50|54|49|50|282|33|288|75|58|58|320|41|51|50|66|309|44|40|50|46|63|59|340|74|58|62|47|50|61|41|303|37|26|28|24|15|26|26|27|21|20|24|19|16|17|
2017-04-11|3|1_CTs|ct7||355|135|190|139|98|56|53|60|309|59|38|37|21|280|31|277|19|13|22|10|20|13|25|25|271|27|36|48|64|72|73|92|125|630|138|153|125|143|165|664|654|166|160|426|172|188|190|178|427|425|175|171|176|151|391|653|167|171|181|203|156|69|90|134|155|407|87|72|330|52|38|0|6|85|109|162|170|161|420|150|161|420|399|145|394|132|126|122|134|135|127|389|388|136|390|165|
2017-04-11|3|1_CTs|ct8||66|75|152|113|51|32|29|31|27|30|16|11|7|270|16|265|9|4|11|10|12|4|13|15|254|16|24|25|33|41|42|50|70|93|91|95|326|98|334|102|611|110|351|382|111|371|128|130|371|117|115|122|120|88|116|100|123|393|116|141|138|395|402|395|134|623|157|160|384|147|389|124|360|140|139|123|120|120|107|106|113|122|105|91|94|346|80|82|98|331|83|75|83|88|77|123|
2017-04-11|3|1_CTs|ct9||95|87|356|87|66|52|88|56|55|37|94|307|30|39|51|32|47|16|73|57|26|29|31|52|37|39|46|79|82|94|165|299|226|253|348|1063|2692|3331|1651|260|478|1019|819|686|813|1425|1593|2187|826|176|650|849|2665|2466|1630|2525|271|699|1060|1756|1132|3011|803|1395|2088|294|131|747|204|455|2179|1214|1138|712|561|221|269|249|1770|781|320|557|204|166|114|135|122|135|106|151|186|222|1937|847|784|379|
2017-04-11|3|1_CTs|ct10||84|69|54|64|55|43|25|44|31|33|21|17|20|21|21|17|20|14|14|11|15|11|19|27|20|19|26|35|38|59|84|93|110|134|155|171|166|158|169|146|146|131|150|142|128|136|166|138|148|143|143|146|119|125|134|128|142|157|159|147|141|155|139|154|171|151|152|144|150|159|160|164|143|162|149|160|138|150|132|138|133|131|136|135|130|114|112|95|101|101|95|116|115|133|121|97|
2017-04-11|3|1_CTs|ct13||170|161|435|452|148|105|74|82|93|78|68|61|65|48|54|44|51|54|50|38|58|51|50|73|85|71|98|88|110|121|180|211|191|242|257|227|298|263|248|250|483|266|198|209|245|212|192|210|492|279|252|503|250|236|269|526|284|492|554|511|286|270|250|279|246|276|284|546|542|553|335|383|526|820|202|519|565|1297|0|0|0|0|0|0|240|247|214|262|234|204|488|216|223|238|262|220|
2017-04-11|3|1_CTs|CT16||104|95|335|118|70|52|53|45|50|59|32|39|31|33|28|11|26|31|26|38|33|40|25|32|31|53|41|54|87|356|109|134|174|426|443|233|216|183|211|186|173|194|188|194|435|183|715|189|201|179|203|184|212|189|168|668|159|174|183|201|216|147|221|190|177|448|196|480|205|208|247|244|234|256|217|264|221|488|207|478|195|188|174|178|154|175|141|138|148|142|110|113|107|184|117|140|
2017-04-11|3|1_CTs|ct22||2|4|3|1|4|2|0|0|0|1|1|1|1|2|0|0|1|0|1|0|0|0|0|2|4|3|4|2|3|4|7|16|11|9|15|22|15|20|23|20|17|25|15|17|30|20|282|23|23|20|18|24|33|29|24|280|21|28|12|21|23|20|20|28|278|281|292|294|290|32|33|33|39|40|37|28|22|30|21|24|17|20|9|15|27|277|7|13|7|13|4|7|7|11|21|262|
2017-04-11|3|1_CTs|CT23||71|85|62|68|255|253|566|574|1090|1066|1153|871|1562|1467|1367|1673|2064|2420|2054|3569|4079|3567|2655|1452|287|406|742|449|209|614|1820|2604|2348|764|195|171|174|436|408|147|138|135|118|150|154|165|165|160|161|179|417|198|426|687|171|146|169|155|170|144|190|204|201|432|195|468|213|223|501|299|277|280|578|597|323|316|302|296|269|249|250|246|443|161|166|402|136|110|367|112|358|92|607|98|102|109|
2017-04-11|3|1_CTs|ct24||79|75|41|33|34|15|20|16|11|16|10|12|12|16|17|15|11|13|18|20|28|43|37|53|70|119|250|641|732|1331|589|860|841|782|845|559|552|533|534|550|562|1072|543|511|444|469|782|486|704|441|423|464|913|645|380|683|435|499|528|771|791|518|439|376|383|647|446|476|456|733|521|1019|777|769|519|754|531|520|717|464|391|659|557|566|510|480|171|663|651|427|163|166|394|138|120|94|
