2015-01-09|3|1_CTs|ct1||63|37|32|18|271|12|16|18|9|9|9|9|6|5|5|3|5|6|11|8|11|12|6|17|15|19|29|39|55|86|117|176|466|250|250|238|246|246|216|181|173|427|163|169|161|417|185|159|153|176|173|191|194|171|180|149|426|195|163|199|202|188|182|194|221|192|187|184|194|232|207|209|201|211|212|202|209|204|177|197|204|207|420|221|419|127|108|100|119|71|86|70|96|69|89|73|
2015-01-09|3|1_CTs|ct3||88|47|42|299|34|20|22|28|11|262|14|14|272|9|19|9|6|22|11|23|18|281|31|27|28|43|43|63|307|91|157|445|475|222|493|263|241|501|255|225|261|240|491|220|218|229|505|226|235|239|490|229|210|228|230|449|494|238|237|249|244|501|229|223|486|254|499|413|200|447|172|446|163|169|170|185|415|692|180|196|487|475|713|295|469|184|404|157|398|111|126|106|398|377|117|128|
2015-01-09|3|1_CTs|ct5||129|621|164|80|65|56|47|35|38|34|31|24|20|21|32|14|12|16|28|12|13|271|17|20|11|26|25|26|43|79|98|147|180|237|224|771|227|483|457|199|169|447|420|443|444|182|447|206|222|245|209|471|244|211|210|719|472|212|227|248|503|245|269|471|515|281|287|548|304|296|321|290|291|318|300|301|270|290|554|286|276|497|210|209|178|176|149|150|154|150|131|131|135|174|131|141|
2015-01-09|3|1_CTs|ct6||7|8|4|2|2|6|1|0|3|0|0|1|3|0|0|2|2|3|0|3|3|3|5|1|7|5|12|16|17|29|52|41|324|71|90|71|76|71|71|64|74|70|309|317|76|308|37|50|49|49|42|44|45|41|48|31|40|70|316|59|45|69|56|53|49|56|59|59|86|64|311|66|55|77|70|56|44|52|60|63|46|34|40|36|30|28|23|24|18|18|11|25|278|32|277|12|
2015-01-09|3|1_CTs|ct7||114|126|161|67|67|49|62|39|55|39|37|39|26|30|32|20|21|271|19|18|275|281|31|33|35|43|278|286|60|50|73|93|109|132|141|134|160|395|401|154|152|154|154|164|176|425|176|179|176|206|189|409|194|167|146|419|154|180|162|190|175|680|699|205|191|340|67|74|75|55|99|142|56|66|62|48|0|0|0|0|0|0|0|0|0|0|0|0|0|0|0|0|0|0|0|0|
2015-01-09|3|1_CTs|ct8||63|316|85|33|42|24|36|28|24|20|21|16|17|19|20|15|22|275|19|12|8|12|16|20|21|32|264|13|38|20|45|36|62|70|313|80|93|112|593|82|106|106|98|340|103|365|98|112|352|124|128|357|125|360|89|121|104|107|108|371|113|112|629|142|128|135|377|141|146|112|123|139|137|127|122|378|103|352|338|89|78|83|71|84|83|91|73|70|69|52|66|71|59|75|79|79|
2015-01-09|3|1_CTs|ct9||109|103|99|77|97|59|305|45|42|55|60|37|27|42|39|28|29|24|21|16|22|21|30|25|34|28|41|298|319|89|117|169|217|233|249|258|227|523|992|480|202|177|173|169|441|431|151|417|157|156|438|196|170|152|167|667|413|182|431|211|198|185|182|187|478|190|478|204|203|225|216|211|176|124|220|260|212|485|178|466|200|189|432|142|650|383|384|100|115|131|101|115|122|127|93|610|
2015-01-09|3|1_CTs|ct10||76|86|58|52|49|53|24|41|44|44|31|31|25|28|20|19|23|24|21|21|14|27|21|20|19|20|22|40|37|39|64|95|131|148|160|179|163|152|152|159|130|122|121|130|133|125|121|144|126|122|127|152|138|116|138|123|131|135|115|140|153|151|146|148|147|141|163|159|153|160|138|160|159|160|161|151|148|126|144|140|132|138|139|106|122|109|117|80|86|84|105|90|83|106|110|104|
2015-01-09|3|1_CTs|ct13||735|1761|2943|1162|514|122|1771|242|97|368|174|167|214|487|319|1870|2754|1631|55|48|762|652|206|3074|601|451|153|535|1060|1398|850|824|511|297|297|447|440|791|1276|344|949|243|268|284|371|653|292|525|910|352|1506|881|301|343|700|281|729|295|602|292|3067|808|847|251|286|239|258|238|250|224|213|188|454|241|236|243|502|259|269|298|279|326|257|259|528|307|261|235|471|470|247|478|216|492|228|254|
2015-01-09|3|1_CTs|ct14||63|34|27|30|21|23|17|17|10|3|4|5|10|6|8|8|4|5|5|7|8|9|19|11|30|35|58|138|449|282|291|284|250|280|262|776|261|547|291|275|252|480|517|1022|234|180|424|162|193|196|169|202|192|196|191|434|702|211|247|215|207|472|195|473|186|440|190|218|180|233|241|254|509|241|248|254|245|227|229|482|220|207|173|150|129|103|96|88|363|102|69|330|63|333|70|63|
2015-01-09|3|1_CTs|CT16||352|70|75|59|45|42|42|41|27|287|32|51|54|40|36|18|16|36|20|15|21|12|11|40|23|297|281|303|50|330|83|137|458|183|186|155|204|683|181|207|144|680|196|143|425|181|136|154|151|162|167|432|163|143|145|385|157|379|161|160|414|181|180|160|427|172|211|202|208|463|204|196|496|233|238|243|186|192|196|200|175|154|168|134|623|396|111|92|101|94|112|81|87|103|375|99|
2015-01-09|3|1_CTs|ct18||97|98|74|67|61|59|31|51|55|47|39|39|34|33|27|25|29|32|24|24|22|28|28|30|26|33|40|61|61|72|130|185|248|266|291|266|214|254|248|233|241|180|193|184|191|181|215|187|174|144|181|195|164|170|157|182|182|171|197|178|208|214|209|179|196|175|200|189|205|194|191|201|215|178|217|207|184|161|188|177|211|192|177|149|199|159|155|120|134|132|147|121|122|134|135|143|
2015-01-09|3|1_CTs|ct19||1|2|0|1|0|0|0|0|0|1|0|0|0|0|0|1|0|0|0|0|0|0|3|2|1|6|4|9|5|6|8|6|6|4|8|10|8|8|6|13|6|15|6|4|9|3|9|8|5|9|4|7|11|4|7|8|8|6|5|6|6|7|2|10|6|9|2|10|8|6|5|5|6|6|9|2|8|8|9|4|5|6|5|4|6|5|5|4|0|1|0|2|0|2|0|1|
2015-01-09|3|1_CTs|ct22||6|6|3|0|1|2|1|1|4|0|2|1|0|2|0|1|0|5|1|2|1|0|4|2|0|0|3|259|5|10|9|11|15|17|23|14|12|22|19|21|20|14|275|271|273|29|22|18|284|20|35|288|28|20|29|26|28|23|38|24|288|285|32|280|29|18|39|41|59|60|54|67|57|62|68|60|45|45|35|14|26|24|15|18|7|8|12|10|13|7|2|8|12|13|9|7|
2015-01-09|3|1_CTs|CT23||144|83|91|53|57|44|36|28|34|39|23|280|10|23|8|8|13|13|11|8|14|14|9|18|14|24|19|54|71|74|444|273|300|358|394|614|356|600|364|509|241|264|744|510|227|226|283|261|285|331|320|356|394|336|320|298|549|612|320|585|624|375|376|381|401|675|425|452|532|834|837|523|570|630|572|551|827|797|551|757|485|462|429|346|814|313|503|206|747|474|178|412|182|138|159|445|
2015-01-09|3|1_CTs|ct24||164|130|358|585|332|80|47|55|34|24|33|34|286|34|30|30|31|26|36|45|44|48|75|101|121|166|567|775|894|916|971|907|1095|857|831|799|805|1123|1085|1145|909|1188|962|950|843|788|751|753|757|809|783|1101|842|793|823|1221|1016|825|1173|900|815|1127|830|1117|1031|1272|1069|840|760|1346|950|880|1160|875|873|826|841|828|1106|1109|1083|850|940|745|833|494|667|418|613|365|332|566|281|288|290|260|
