2017-02-27|7|1_CTs|CT1||17|17|25|15|21|9|10|7|263|9|5|8|7|13|12|7|6|7|9|10|12|5|11|15|12|22|25|34|49|53|74|12|2|42|375|631|123|140|113|133|615|123|114|93|100|103|376|111|93|87|100|102|93|97|358|585|348|629|117|109|113|118|650|112|375|118|369|127|370|358|374|107|105|379|367|102|363|591|91|100|93|352|75|72|577|65|66|56|56|56|55|50|44|45|43|39|
2017-02-27|7|1_CTs|CT2||26|264|31|34|16|14|13|7|12|7|11|9|3|6|3|4|3|5|10|12|7|14|18|21|23|26|30|41|57|65|87|112|119|172|687|167|427|184|433|163|146|410|146|158|144|137|351|145|148|400|408|144|104|130|160|167|146|158|157|413|143|373|395|164|163|141|177|166|411|182|419|152|199|317|411|160|48|48|66|92|55|80|371|25|39|14|0|0|0|0|3|0|8|0|0|49|
2017-02-27|7|1_CTs|CT4||15|15|15|16|10|5|10|264|262|5|2|2|8|4|9|4|5|1|3|2|3|3|1|3|3|4|1|5|15|14|7|5|12|18|17|19|31|25|29|21|26|11|266|20|32|34|39|28|21|28|35|26|29|24|19|18|34|26|16|25|26|285|26|33|309|37|275|53|51|291|54|51|317|59|62|304|41|40|37|36|23|40|29|19|23|24|25|27|27|28|24|33|29|17|23|18|
2017-02-27|7|1_CTs|CT6||24|13|271|18|6|8|7|7|10|2|7|4|6|1|2|3|2|3|2|6|3|9|4|6|6|9|11|6|13|29|37|37|51|68|338|87|353|79|324|90|101|336|95|97|93|358|110|104|336|104|105|96|88|97|584|358|83|103|118|105|118|111|365|84|117|114|165|96|386|158|134|152|152|407|149|384|123|387|100|612|108|351|62|79|56|56|319|315|298|33|48|38|29|33|34|29|
2017-02-27|7|1_CTs|CT7||22|7|20|20|15|6|5|263|10|8|6|6|6|3|1|4|6|4|3|5|5|8|6|16|15|20|25|30|38|44|57|75|89|92|104|102|348|108|110|92|116|112|109|110|120|88|118|138|91|82|91|107|104|75|90|98|91|256|211|110|111|104|130|626|133|110|116|135|141|138|402|133|138|372|135|126|153|381|94|103|81|83|75|52|74|45|48|41|38|51|45|45|34|32|28|37|
2017-02-27|7|1_CTs|CT8||108|343|313|62|304|52|23|33|21|32|23|30|32|27|22|25|26|27|35|65|61|89|93|114|112|388|143|167|481|288|355|640|632|886|633|636|335|609|366|572|300|591|566|572|301|340|576|310|567|294|280|306|257|265|294|266|777|570|783|586|302|274|325|302|571|573|831|317|558|582|605|314|595|339|330|315|320|306|301|510|285|510|230|459|465|414|415|393|136|377|128|127|99|111|99|129|
2017-02-27|7|1_CTs|CT12||284|29|23|22|12|12|13|15|7|9|12|8|8|3|5|6|2|3|5|4|4|8|8|8|14|12|275|34|38|55|62|323|352|85|368|150|657|128|148|124|159|389|427|155|173|168|156|150|151|176|175|197|172|153|412|389|145|174|417|164|205|183|164|436|450|184|245|216|474|228|466|245|281|220|196|197|470|747|187|203|175|677|122|386|350|615|105|100|76|71|55|70|361|519|58|49|
2017-02-27|7|1_CTs|CT13||7|6|4|6|2|259|2|1|4|3|3|2|1|0|1|0|1|1|0|3|0|3|3|4|5|6|10|270|13|16|25|29|37|37|35|32|25|37|280|40|296|303|289|41|37|28|39|46|38|34|32|47|49|33|39|39|34|41|45|43|56|46|47|297|305|37|44|56|53|49|53|75|54|53|324|61|72|298|36|48|33|46|32|282|296|21|280|24|269|30|12|279|18|12|15|18|
2017-02-27|7|1_CTs|CT14||120|99|87|324|67|61|45|36|41|33|299|294|34|23|29|19|30|294|63|58|49|70|90|92|70|356|115|125|375|404|235|233|537|541|603|362|843|630|590|547|315|615|304|343|314|325|1142|367|374|400|621|626|320|335|356|314|570|750|433|607|619|378|356|636|427|419|983|426|764|504|791|493|511|526|476|748|703|741|425|345|353|342|251|251|183|433|441|192|161|153|147|685|132|139|141|134|
2017-02-27|7|1_CTs|CT15||9|5|6|7|5|6|2|3|5|3|3|1|6|1|243|0|1|1|1|1|0|3|0|3|3|2|5|5|261|8|12|14|12|15|16|28|43|20|282|22|31|28|25|23|18|19|540|25|20|26|26|28|31|24|17|35|17|24|32|35|30|34|35|26|261|33|39|39|43|48|48|50|45|45|45|44|41|301|35|42|39|26|27|13|34|24|17|266|23|19|18|22|12|15|20|10|
