2015-01-13|3|1_CTs|ct1||44|27|23|17|13|267|10|6|4|6|4|4|4|4|4|1|4|4|1|5|5|9|8|12|13|270|27|35|50|80|122|175|215|239|260|222|214|211|209|214|181|178|145|429|160|144|146|412|154|169|184|173|181|170|155|410|174|452|184|214|192|189|165|176|156|174|190|206|198|208|189|449|210|220|464|464|200|419|774|172|412|412|141|137|100|92|87|93|75|74|323|50|60|42|52|42|
2015-01-13|3|1_CTs|ct3||48|42|27|25|9|16|21|270|14|8|6|4|7|26|10|8|8|16|9|13|18|12|20|26|26|30|66|49|67|110|150|194|211|234|244|254|242|507|260|252|229|216|432|224|227|244|201|218|449|198|237|730|233|465|202|219|455|258|250|226|1009|485|224|217|226|223|457|222|432|154|170|158|181|434|155|169|431|157|703|161|148|163|157|121|122|89|114|365|69|351|64|60|73|55|53|49|
2015-01-13|3|1_CTs|ct5||83|61|73|304|44|40|33|30|21|30|10|15|16|14|17|15|18|12|12|8|6|8|13|11|16|21|267|35|54|61|124|142|192|238|241|257|229|227|462|194|180|152|177|162|665|181|178|222|181|226|219|241|491|212|467|441|181|188|214|228|744|495|247|507|276|792|254|555|782|576|315|305|294|561|316|311|275|268|268|276|276|510|481|185|152|154|127|136|389|376|134|609|130|634|117|101|
2015-01-13|3|1_CTs|ct6||0|2|4|4|2|1|1|1|1|2|0|1|0|1|1|1|0|2|0|1|3|4|4|4|3|9|12|14|17|28|32|53|57|70|78|69|71|68|56|60|48|45|45|54|49|34|43|33|43|30|46|38|38|45|60|39|46|55|305|53|69|52|59|51|52|287|65|304|49|52|61|70|62|321|50|65|47|560|50|42|54|45|43|29|22|15|16|18|23|11|12|15|15|19|7|7|
2015-01-13|3|1_CTs|ct7||80|67|54|47|48|35|39|36|26|29|27|23|12|15|19|21|14|252|17|15|20|19|18|26|27|293|37|53|56|54|85|101|113|134|149|153|132|145|380|154|157|159|167|410|151|420|152|160|177|431|433|438|405|169|152|148|152|163|194|648|184|195|209|683|456|187|174|193|433|145|142|358|416|151|152|141|151|145|164|177|156|413|378|119|353|115|86|362|94|350|85|112|100|357|85|102|
2015-01-13|3|1_CTs|ct8||42|34|24|30|18|17|14|15|12|15|12|11|8|6|9|11|5|245|10|14|11|6|8|11|11|275|18|19|44|268|42|49|47|318|69|71|73|85|313|87|88|90|98|353|104|99|339|87|107|91|114|380|92|109|102|336|84|105|357|328|101|116|124|368|106|120|100|118|362|122|117|371|361|347|106|79|91|70|85|91|94|97|62|56|55|61|45|64|43|44|41|58|59|54|46|59|
2015-01-13|3|1_CTs|ct9||343|82|52|63|61|34|30|31|21|21|19|18|25|18|19|22|271|15|18|12|18|27|29|21|35|31|30|34|41|85|367|182|215|211|220|214|209|220|234|216|198|191|435|168|424|400|437|182|426|177|426|432|149|420|394|160|154|180|190|175|187|443|172|159|187|449|197|194|725|213|453|465|227|230|236|201|192|712|187|702|183|176|141|123|114|359|96|360|325|96|95|68|104|71|330|336|
2015-01-13|3|1_CTs|ct10||48|49|31|31|37|18|28|18|23|27|15|17|15|11|11|8|16|12|11|3|10|12|16|23|20|17|25|30|31|39|69|109|125|141|160|164|172|157|156|150|121|128|122|108|122|127|141|118|131|130|139|131|128|124|111|136|133|134|124|176|146|147|153|140|139|123|143|158|154|155|146|153|153|128|153|125|144|130|140|135|134|136|119|109|78|88|86|66|71|70|68|99|94|89|66|90|
2015-01-13|3|1_CTs|ct13||114|130|116|96|88|338|308|55|36|66|30|52|36|28|38|42|64|34|46|36|52|32|64|64|62|63|75|94|358|365|160|446|218|277|248|268|258|531|733|248|273|244|249|287|512|273|278|525|523|294|510|257|259|252|548|541|315|286|294|232|253|484|252|297|513|498|287|280|260|534|310|247|227|205|228|524|242|299|264|540|269|281|786|237|220|482|455|194|224|174|206|195|190|194|178|181|
2015-01-13|3|1_CTs|ct14||30|29|278|18|20|13|7|12|5|9|4|10|5|3|4|7|7|2|9|7|5|7|12|17|28|46|73|133|210|507|268|295|277|251|244|271|259|254|525|269|525|260|742|490|451|437|181|201|440|165|182|456|156|411|140|191|422|191|168|189|464|204|191|190|167|183|443|201|219|495|505|242|212|215|200|218|758|483|504|482|131|160|140|116|96|347|93|345|327|59|73|326|70|69|323|34|
2015-01-13|3|1_CTs|CT16||46|51|39|288|47|39|21|24|20|15|11|14|12|12|15|16|4|12|9|7|14|19|8|19|18|23|32|37|38|58|346|392|165|154|187|196|186|434|162|163|152|146|168|147|138|161|155|146|158|119|136|130|112|132|115|112|114|139|142|141|144|400|149|152|142|198|162|185|156|218|210|499|261|200|235|226|193|464|680|453|450|168|120|375|361|96|85|96|75|81|85|326|70|56|89|80|
2015-01-13|3|1_CTs|ct18||56|67|51|39|52|27|33|30|27|30|14|21|13|9|12|11|15|17|11|7|12|13|24|32|27|31|40|54|61|82|128|170|234|243|268|268|260|242|233|208|223|208|186|165|181|184|202|165|178|156|178|167|202|159|166|162|168|190|172|216|201|193|199|203|172|202|171|212|187|187|222|197|196|178|200|163|196|147|171|208|171|162|145|133|117|138|117|94|109|94|97|126|111|107|86|107|
2015-01-13|3|1_CTs|ct19||0|1|0|1|0|0|0|0|2|0|0|1|0|0|0|0|0|0|1|0|0|1|2|2|1|6|0|2|4|8|6|7|7|6|10|12|6|7|6|8|6|9|9|5|8|4|7|8|4|7|6|9|12|5|7|8|4|6|2|6|12|3|7|7|10|8|8|5|5|14|6|7|10|9|8|7|7|7|14|6|6|11|8|2|6|4|8|1|0|1|1|1|0|2|0|1|
2015-01-13|3|1_CTs|ct22||5|5|3|4|1|0|2|1|1|1|1|2|4|0|0|0|1|1|1|1|3|2|0|1|0|2|3|0|5|7|5|13|18|13|19|14|14|18|21|22|17|30|19|281|18|16|16|17|31|22|23|28|287|23|23|20|21|543|281|28|29|22|30|23|26|26|37|47|311|0|45|40|60|304|0|0|282|41|28|29|29|23|20|14|15|6|11|11|6|10|14|3|8|8|3|2|
2015-01-13|3|1_CTs|CT23||113|94|66|43|30|15|27|547|34|19|19|11|23|13|13|7|8|11|10|5|20|6|15|13|7|26|19|46|63|79|163|268|550|372|402|358|367|359|313|243|248|238|233|231|477|273|261|252|260|600|315|638|336|338|298|265|537|368|367|610|813|614|318|333|357|654|444|471|1020|558|536|536|595|640|1086|812|878|560|828|499|469|695|405|562|317|242|242|249|229|482|217|463|421|121|381|106|
2015-01-13|3|1_CTs|ct24||114|107|583|61|62|46|35|32|25|290|19|30|17|30|32|21|283|31|32|41|33|55|77|111|896|165|553|514|916|1166|935|1201|881|876|777|1068|746|1031|844|894|973|924|880|1117|1356|992|814|1038|932|959|774|801|778|1232|678|795|787|862|804|837|1097|1066|808|1028|722|795|1296|1071|1064|870|1158|916|735|799|711|1055|865|837|846|1015|863|586|541|485|611|610|587|304|255|274|503|516|505|500|477|168|
