2015-08-02|2|1_CTs|ct1||117|94|98|94|75|71|55|45|43|37|36|37|27|34|24|27|28|23|25|26|22|26|17|25|25|24|39|42|30|33|53|51|45|59|53|83|59|60|85|102|89|119|111|110|133|137|113|121|133|118|148|134|111|119|117|114|126|130|112|135|140|136|157|148|132|137|134|107|127|130|138|133|137|139|127|125|142|125|153|131|134|123|142|124|109|134|107|99|116|91|107|97|86|82|71|81|
2015-08-02|2|1_CTs|ct2||89|85|60|59|52|67|63|32|31|27|23|27|25|30|18|38|22|17|21|22|24|19|25|18|12|21|21|22|13|14|26|18|19|27|21|41|22|41|34|47|37|51|52|74|65|49|50|44|56|50|59|47|44|60|53|55|52|70|41|48|60|74|68|42|54|52|71|47|68|51|57|46|54|61|53|49|58|57|69|66|63|72|59|68|46|71|57|60|61|61|59|61|53|53|52|60|
2015-08-02|2|1_CTs|ct3||134|141|125|115|118|90|72|81|66|61|51|49|43|58|32|45|44|28|44|40|32|38|24|31|30|39|35|42|27|34|56|44|40|55|54|66|59|72|341|97|113|118|111|123|154|139|141|124|149|131|144|148|112|122|124|116|99|131|137|133|152|149|155|152|156|138|156|125|147|126|153|153|145|132|142|139|143|141|165|140|138|132|129|127|102|91|118|118|132|121|112|113|96|96|78|102|
2015-08-02|2|1_CTs|ct4||90|74|91|337|76|65|64|70|55|62|49|33|43|38|50|37|39|41|29|33|41|31|32|27|28|28|41|32|30|33|27|28|25|29|29|42|34|36|43|62|51|59|77|58|63|68|82|77|81|84|84|81|88|91|72|72|88|77|103|84|88|83|97|102|96|96|96|110|103|98|89|92|85|95|87|104|100|116|93|86|89|75|74|86|64|40|67|83|65|89|87|87|68|79|87|71|
2015-08-02|2|1_CTs|ct5||139|151|132|108|102|106|103|88|84|78|71|60|49|64|58|48|58|58|47|43|48|41|45|46|43|34|48|43|33|37|38|46|38|46|50|65|69|73|77|353|83|109|108|117|137|130|146|124|134|158|146|127|118|153|124|123|122|128|162|131|148|123|159|135|149|143|136|137|164|157|142|144|135|158|126|147|155|177|155|151|126|138|112|149|86|119|123|138|105|130|135|121|380|136|148|108|
2015-08-02|2|1_CTs|ct6||39|29|38|33|30|43|27|26|31|28|16|16|21|147|446|341|210|4|1|0|0|0|0|0|0|0|11|18|0|0|1|6|137|415|45|12|16|19|20|24|30|23|30|18|29|28|28|25|28|28|31|37|28|26|24|35|31|30|39|28|35|43|34|30|36|25|44|34|29|44|35|30|41|36|27|30|38|42|44|35|44|28|34|37|33|4|381|470|332|47|35|38|291|50|41|35|
2015-08-02|2|1_CTs|ct17||157|171|165|159|136|111|107|105|87|81|79|78|48|78|45|58|56|40|51|43|48|49|48|35|33|57|44|57|25|39|66|60|58|55|61|80|65|76|88|112|124|156|134|170|173|155|173|150|177|159|171|159|157|159|148|151|137|152|172|153|186|151|187|192|189|177|197|179|179|159|185|180|180|418|186|181|176|165|186|169|137|160|146|146|119|65|135|124|138|119|124|110|116|105|109|100|
2015-08-02|2|1_CTs|CT19||64|56|70|51|40|48|42|54|36|39|27|29|28|24|13|19|16|8|17|11|10|14|10|9|3|19|10|12|12|14|20|23|20|20|28|39|27|33|30|303|52|49|290|61|63|72|66|74|73|80|60|67|68|72|52|61|45|62|62|67|65|65|74|85|80|91|84|68|75|71|86|69|79|93|67|89|92|86|82|67|63|65|63|75|60|27|77|46|54|64|56|49|306|54|53|54|
2015-08-02|2|1_CTs|CT20||53|325|61|62|64|43|62|52|64|56|48|54|47|52|47|43|34|26|22|18|33|11|12|19|13|18|12|25|20|22|14|20|20|23|23|20|27|27|37|46|34|53|47|58|53|51|55|64|57|50|315|58|56|65|63|56|62|53|58|59|71|60|61|64|78|54|57|58|70|62|63|69|71|75|62|60|72|70|68|70|65|59|64|59|317|59|43|45|53|61|59|59|49|67|58|51|
2015-08-02|2|1_CTs|CT21||26|31|37|29|36|17|29|23|32|25|25|281|17|16|19|17|15|6|10|9|16|1|7|8|4|8|6|13|10|16|3|10|14|13|13|10|23|9|266|30|20|38|35|45|40|34|40|47|40|37|42|46|47|34|43|36|36|34|48|30|42|36|51|39|58|39|31|52|52|35|50|295|62|52|34|52|49|44|46|45|49|30|53|48|30|42|22|23|22|31|25|29|28|28|30|33|
