2015-12-26|3|1_CTs|ct1||317|61|50|47|35|30|23|20|14|13|15|10|15|7|7|7|12|4|10|4|8|8|8|18|12|15|18|32|24|18|289|29|28|22|296|44|289|32|39|305|50|52|62|62|86|86|67|80|99|112|96|111|102|112|100|93|105|109|119|382|391|159|143|137|161|134|126|133|390|369|113|95|125|148|145|163|140|166|403|367|115|112|109|130|364|82|108|80|327|89|62|338|324|84|324|88|
2015-12-26|3|1_CTs|ct3||352|76|62|74|78|50|53|40|25|27|24|18|16|13|19|14|16|23|28|7|10|20|35|22|20|46|40|59|40|303|57|70|318|42|326|93|68|70|72|353|87|98|128|117|136|141|121|123|158|163|117|440|653|156|419|162|190|696|210|712|204|455|200|449|209|186|177|94|1|1|2|2|0|1|2|1|0|89|473|196|197|198|439|199|164|423|428|412|435|162|150|133|420|144|145|170|
2015-12-26|3|1_CTs|ct5||608|121|130|58|302|40|30|38|28|27|9|18|21|22|19|272|14|16|11|15|18|6|13|23|19|11|23|30|32|38|39|47|47|46|334|85|71|73|75|81|94|104|98|96|104|128|118|119|388|392|158|146|149|397|142|125|88|88|91|100|110|109|124|133|163|150|151|124|66|0|0|21|67|76|70|79|84|339|171|156|176|202|136|147|144|121|123|114|350|186|118|160|128|155|164|141|
2015-12-26|3|1_CTs|ct6||13|4|13|7|6|3|5|4|4|0|1|2|5|4|2|2|3|1|0|1|2|1|3|6|5|3|3|4|7|4|7|5|5|7|2|10|12|7|10|13|9|17|17|14|15|18|11|24|20|22|15|21|24|19|19|21|30|30|24|21|280|26|27|531|299|24|39|33|49|0|0|1|0|2|0|0|0|26|303|297|34|37|17|28|26|24|21|14|22|21|17|15|28|15|10|18|
2015-12-26|3|1_CTs|ct7||96|148|365|59|61|41|53|49|39|38|269|30|30|39|44|24|34|39|25|27|21|24|34|34|40|40|34|297|45|44|43|35|314|43|49|49|68|63|57|72|73|86|80|85|87|108|620|349|348|92|112|117|100|110|85|343|6|2|2|2|2|2|2|2|1|5|1|3|2|0|1|8|0|0|3|1|9|4|5|9|121|134|99|100|86|91|85|586|107|439|166|150|141|161|161|145|
2015-12-26|3|1_CTs|ct8||47|79|74|27|34|18|27|23|19|17|18|11|12|16|14|9|12|15|8|6|9|8|15|14|18|22|16|277|20|18|277|15|24|19|26|29|41|37|35|42|45|52|39|42|308|60|326|50|299|57|60|316|51|71|49|306|5|2|0|3|3|1|0|1|1|1|2|1|4|1|1|4|1|8|4|2|9|3|12|6|59|89|46|60|48|65|49|53|76|372|110|97|96|88|349|78|
2015-12-26|3|1_CTs|ct9||72|76|90|57|290|49|30|311|41|36|33|26|37|20|24|24|23|25|18|24|18|20|273|17|22|20|29|35|26|44|42|42|40|40|49|51|38|54|66|77|63|71|83|71|78|62|83|80|99|363|105|110|112|346|90|66|116|359|121|127|376|142|227|404|428|215|203|222|377|129|82|93|108|123|100|113|75|99|408|404|115|380|94|98|363|65|79|83|83|81|84|87|91|95|86|96|
2015-12-26|3|1_CTs|ct10||56|79|78|73|60|59|68|55|59|52|44|48|40|37|32|37|53|45|37|29|34|19|36|36|44|26|40|38|42|56|60|42|42|32|36|36|32|35|45|42|51|55|66|61|76|57|70|97|80|85|70|96|99|76|61|73|83|101|132|108|127|104|132|107|132|129|118|111|123|105|74|61|53|43|55|44|58|55|106|100|125|108|107|97|103|83|97|98|78|74|65|67|81|78|85|82|
2015-12-26|3|1_CTs|ct13||135|147|137|369|112|92|74|84|90|66|68|314|320|58|44|56|67|76|58|74|50|28|70|72|73|43|69|62|80|104|128|101|116|86|376|116|124|100|154|756|146|380|152|138|174|153|184|233|172|170|187|205|242|220|178|168|190|190|472|208|206|201|245|770|784|278|455|2658|2417|2563|2741|833|1219|615|697|804|952|830|478|676|295|240|251|280|253|213|726|442|466|226|210|1246|835|222|460|1773|
2015-12-26|3|1_CTs|ct14||332|65|57|313|301|275|29|17|18|14|12|8|7|11|8|4|7|7|4|12|12|10|9|9|11|13|22|41|38|306|67|332|48|306|56|56|49|64|62|100|65|70|87|348|344|93|118|88|346|113|101|108|104|112|98|99|112|121|106|394|137|380|129|650|177|153|114|130|401|405|417|177|182|162|122|404|122|149|133|120|105|129|142|394|130|80|83|84|583|64|74|63|332|51|58|55|
2015-12-26|3|1_CTs|CT16||70|91|344|67|56|47|57|32|31|36|37|32|24|24|22|17|21|26|24|31|25|24|273|24|33|35|40|45|35|49|39|41|36|32|32|47|42|42|33|60|68|56|67|66|61|66|73|95|93|78|78|107|77|313|179|127|151|380|164|421|385|194|175|451|566|246|525|213|117|118|142|59|330|80|61|353|90|82|283|236|262|167|155|114|168|84|101|88|364|88|115|83|136|91|91|93|
2015-12-26|3|1_CTs|ct18||87|108|102|86|86|71|80|67|65|67|58|52|53|53|41|43|62|51|51|39|50|35|38|48|53|43|59|51|54|69|67|66|68|46|59|53|52|50|60|72|75|84|92|97|115|93|104|128|119|104|106|112|136|122|93|124|118|144|156|155|171|145|194|169|199|234|224|231|229|176|176|134|79|73|115|87|132|83|149|151|146|154|159|147|157|122|140|121|123|116|104|104|120|122|115|118|
2015-12-26|3|1_CTs|ct19||0|0|0|1|1|0|0|0|0|0|1|0|0|2|0|0|0|0|0|0|0|1|0|2|0|2|1|2|4|3|1|1|2|1|2|0|3|2|1|5|0|3|3|3|3|2|3|0|5|0|3|2|3|3|0|2|2|2|7|2|2|0|2|2|2|1|1|2|3|2|1|0|8|3|2|2|3|1|4|1|3|2|3|2|0|1|1|3|0|0|4|0|0|3|0|0|
2015-12-26|3|1_CTs|ct22||1|1|1|1|0|3|0|1|2|0|1|0|0|1|0|0|0|0|0|1|0|1|0|1|1|0|1|1|2|2|3|2|3|0|2|6|7|3|2|4|5|2|7|4|10|3|10|7|10|15|8|13|8|6|4|15|11|7|7|2|9|12|15|14|7|12|23|13|15|10|10|10|24|14|17|16|26|17|19|14|7|11|6|16|13|9|2|2|5|5|7|4|8|21|9|3|
2015-12-26|3|1_CTs|CT23||123|90|79|61|57|55|28|36|25|17|19|14|25|20|13|23|16|11|6|8|16|20|12|23|21|17|17|33|28|35|55|40|47|57|302|52|65|49|69|319|81|91|90|137|394|185|157|178|151|209|206|241|255|508|741|184|214|192|411|217|217|210|237|250|517|479|214|518|290|610|587|334|551|602|389|343|374|417|352|283|256|217|164|176|153|156|125|117|133|137|116|96|126|156|155|181|
2015-12-26|3|1_CTs|ct24||600|309|277|512|202|179|366|117|76|73|66|45|41|32|42|35|24|20|291|51|33|44|56|79|60|92|139|175|398|458|241|240|224|200|755|241|760|581|318|693|423|655|439|1018|785|795|562|520|544|802|696|726|843|802|823|834|582|1120|873|991|714|957|731|734|829|969|722|995|980|725|711|650|673|679|644|866|569|625|808|571|582|623|589|606|485|695|885|883|808|577|556|301|586|554|815|280|
