2015-09-18|2|1_CTs|ct1||82|313|162|216|38|41|42|36|34|25|19|25|23|24|15|267|15|16|21|23|20|25|42|32|55|44|64|79|347|116|388|165|407|159|156|452|413|186|193|432|192|185|443|448|208|196|195|221|208|704|210|464|474|217|439|189|173|436|193|386|510|202|449|445|187|189|195|175|187|172|180|176|167|193|173|189|934|206|196|957|706|433|456|680|190|431|181|157|159|125|154|154|385|374|121|127|
2015-09-18|2|1_CTs|ct2||64|300|40|44|32|41|34|38|30|18|14|27|21|15|13|16|19|14|13|18|16|18|17|17|29|21|36|34|293|38|296|53|61|59|69|77|591|94|111|103|92|602|112|373|99|111|118|105|372|353|113|124|103|369|113|109|96|87|137|320|169|120|111|359|96|105|351|323|103|96|110|93|99|360|364|107|96|107|101|132|111|377|391|171|119|124|116|122|361|89|92|96|86|81|77|77|
2015-09-18|2|1_CTs|ct3||115|104|78|87|61|55|55|303|46|38|22|46|33|28|23|16|25|26|20|27|28|276|41|39|56|46|57|78|64|105|121|150|381|131|390|167|145|407|183|195|199|191|479|220|454|471|457|241|214|452|196|212|220|203|227|663|194|181|479|233|204|222|217|207|187|211|205|211|425|186|205|460|206|228|207|221|190|212|194|478|215|233|198|236|221|692|190|191|168|164|190|417|175|401|148|376|
2015-09-18|2|1_CTs|ct4||63|65|291|66|39|45|37|39|31|31|26|31|30|19|282|28|19|20|276|28|24|19|289|31|34|43|34|35|40|38|58|77|346|352|374|130|149|630|146|118|127|364|104|158|404|408|139|147|147|123|369|134|377|137|129|396|119|410|133|330|433|160|122|148|139|141|125|118|625|127|113|121|107|624|618|90|627|116|128|119|93|137|118|363|378|92|113|361|103|99|89|360|107|84|95|115|
2015-09-18|2|1_CTs|ct5||120|114|82|95|61|68|68|42|43|301|38|33|31|40|33|30|29|31|23|34|30|29|33|37|47|47|48|45|41|54|91|103|115|164|170|194|442|446|205|180|205|182|417|501|470|509|492|230|748|466|226|248|465|730|241|216|197|248|225|462|238|257|233|224|204|275|1011|469|205|232|227|717|437|679|184|450|446|179|194|197|177|480|205|167|182|154|149|134|158|156|178|187|168|159|151|425|
2015-09-18|2|1_CTs|ct6||110|345|86|85|75|307|318|284|39|38|272|32|20|32|34|30|29|22|25|30|283|22|25|40|39|42|45|45|51|43|311|339|93|89|118|374|122|135|140|126|131|132|124|398|657|147|680|419|147|177|171|448|430|404|151|159|161|180|174|436|194|199|177|449|189|214|422|175|414|192|175|174|155|165|175|139|404|168|165|671|156|184|419|140|158|137|120|141|132|132|149|160|152|409|401|412|
2015-09-18|2|1_CTs|ct17||121|384|101|118|83|587|75|64|70|52|40|55|37|38|34|15|28|28|26|36|39|44|58|38|56|78|335|336|83|602|649|400|171|164|951|201|181|468|486|225|264|722|245|482|779|513|240|267|250|749|252|478|508|246|279|483|243|744|497|266|501|249|251|728|237|290|520|493|501|247|237|227|256|761|530|492|260|254|248|240|782|509|250|266|514|201|220|460|195|214|197|188|439|174|154|448|
2015-09-18|2|1_CTs|CT19||50|49|294|29|19|22|14|25|23|12|13|8|9|6|6|7|6|5|7|9|6|8|12|13|257|16|22|34|37|52|247|111|305|69|583|102|853|333|636|352|124|368|78|369|625|136|124|364|112|125|91|84|358|374|613|86|86|82|87|85|339|79|355|78|71|128|624|356|386|114|388|105|625|141|127|385|637|134|119|104|113|131|605|131|361|335|333|82|69|306|336|307|80|59|49|60|
2015-09-18|2|1_CTs|CT20||70|318|51|39|300|295|35|34|27|35|26|26|17|9|16|15|13|12|14|15|9|7|6|17|15|20|18|30|32|550|296|54|320|333|88|96|601|352|84|91|81|591|291|48|71|91|333|68|325|74|54|69|570|338|68|73|68|594|71|86|327|71|77|83|334|87|837|81|297|344|56|319|615|80|76|336|345|97|77|82|341|325|89|77|72|79|336|60|51|66|318|70|66|53|68|334|
2015-09-18|2|1_CTs|CT21||38|27|372|171|27|14|20|18|10|12|8|7|2|2|7|7|7|7|9|8|7|1|5|9|9|6|5|17|11|255|31|29|31|53|42|57|62|304|52|43|47|44|41|37|43|47|57|50|47|307|47|42|44|45|43|49|50|53|300|49|32|49|65|310|52|572|301|41|49|50|48|56|57|313|46|60|823|59|301|284|289|277|314|44|39|39|44|293|281|41|28|284|298|290|38|45|
