2011-02-24|3|1_CTs|ct1||14|31|35|33|26|20|19|16|17|24|13|9|5|6|7|5|5|5|6|12|7|9|17|14|16|27|40|73|59|101|153|192|225|249|247|234|224|235|264|229|216|185|222|198|188|191|188|203|189|190|190|221|207|231|180|188|188|207|247|233|222|207|223|213|203|213|204|237|180|227|227|202|200|236|217|225|230|203|190|221|223|240|223|237|191|146|137|109|129|107|140|111|106|123|94|91|
2011-02-24|3|1_CTs|ct3||50|91|120|106|88|69|47|49|38|60|47|37|22|22|19|28|33|29|27|28|31|27|53|70|63|87|93|175|182|240|342|463|470|514|529|531|507|570|529|505|515|478|489|468|461|418|440|472|429|436|428|458|464|482|440|449|415|419|552|506|480|485|454|471|436|428|448|412|423|389|374|342|283|388|326|433|370|334|314|386|421|449|424|465|434|335|285|266|242|261|296|261|251|295|242|244|
2011-02-24|3|1_CTs|ct5||64|143|116|121|100|76|68|69|84|73|52|40|32|37|44|29|33|31|59|45|51|48|32|78|67|72|103|92|167|200|247|322|345|395|434|465|434|403|505|434|396|370|365|438|379|388|404|350|370|350|377|379|345|367|348|361|349|414|455|479|411|380|394|362|358|340|373|372|324|381|414|382|378|421|435|410|425|335|407|403|437|391|341|248|269|286|213|241|215|571|580|493|531|472|452|450|
2011-02-24|3|1_CTs|ct6||43|95|86|76|45|52|42|42|22|36|24|23|19|20|17|21|13|13|29|16|11|7|11|18|14|18|29|29|47|71|111|134|122|178|234|239|259|222|212|193|150|173|159|168|166|173|200|204|196|202|190|211|221|198|181|175|182|231|188|224|225|205|236|245|267|294|271|293|294|232|264|108|306|281|279|284|164|141|248|257|257|279|247|202|176|154|165|124|189|168|154|153|134|140|130|134|
2011-02-24|3|1_CTs|ct7||29|86|103|89|57|58|49|52|41|44|36|39|20|30|20|21|12|18|23|10|9|17|18|34|25|31|31|35|54|75|94|118|135|151|188|221|230|200|191|185|166|170|171|195|184|204|191|204|199|205|220|217|206|206|158|202|194|227|230|214|230|269|236|260|280|215|252|223|218|101|170|207|202|192|191|200|188|215|171|204|212|196|186|163|180|151|119|117|129|138|140|129|144|143|146|148|
2011-02-24|3|1_CTs|ct9||36|88|93|101|66|74|46|51|45|54|44|50|27|36|43|35|30|31|40|28|19|17|25|23|23|36|52|45|62|76|122|147|167|204|231|215|187|181|224|174|173|159|144|157|163|131|149|144|127|147|123|137|135|114|132|141|144|158|143|175|158|146|172|182|176|156|175|160|160|165|147|190|179|185|202|220|173|203|156|174|186|170|159|127|131|119|136|100|109|108|121|137|92|96|135|106|
2011-02-24|3|1_CTs|ct10||38|63|77|66|66|49|57|46|53|55|45|39|35|39|29|37|18|19|29|28|18|16|22|30|28|25|25|27|36|56|69|113|107|145|142|145|152|173|165|144|136|112|147|151|145|150|128|118|121|135|135|142|120|115|120|161|147|148|149|137|136|153|149|146|160|164|120|158|172|176|160|143|150|156|134|135|165|132|135|120|148|105|116|101|124|108|86|92|100|97|104|85|97|97|111|109|
2011-02-24|3|1_CTs|CT11||8|17|34|17|20|24|17|23|17|12|11|19|18|17|11|12|11|14|14|16|11|9|13|16|12|16|22|20|26|23|39|36|36|50|51|62|59|47|72|53|55|60|61|54|45|61|63|55|52|50|56|62|63|60|50|44|58|56|59|60|60|57|47|50|48|62|44|45|56|57|45|46|58|54|50|51|65|63|54|66|50|70|62|62|48|38|56|45|56|36|41|28|52|32|29|48|
2011-02-24|3|1_CTs|CT12||18|21|29|22|23|18|29|26|28|30|25|29|25|22|18|26|14|9|14|17|7|7|18|20|19|12|12|11|21|23|17|16|27|24|40|27|29|49|35|41|44|33|55|50|64|47|40|35|30|42|43|47|39|44|39|51|46|50|53|45|48|45|51|43|55|67|38|45|45|49|48|48|33|44|39|36|50|48|35|47|35|43|33|38|53|38|33|34|37|33|34|25|35|39|43|39|
2011-02-24|3|1_CTs|CT16||8|21|11|10|16|15|15|12|7|2|8|3|7|5|6|6|6|2|4|4|3|5|5|5|4|6|10|9|6|13|16|31|18|38|36|41|38|44|35|33|40|37|31|31|31|24|37|37|35|33|27|30|31|25|27|23|22|27|26|38|35|29|33|33|30|38|43|32|56|60|54|55|44|58|45|46|48|42|45|39|45|38|26|24|28|29|24|25|23|26|25|16|28|18|15|24|
2011-02-24|3|1_CTs|ct17||42|74|89|68|68|65|62|60|55|49|32|44|34|43|30|35|22|28|34|20|23|25|29|44|34|27|41|73|74|109|153|244|345|383|368|409|315|359|341|318|312|292|286|277|285|261|274|288|224|242|234|232|267|251|236|223|256|263|257|284|253|262|266|258|312|284|292|285|275|286|262|255|262|322|295|280|255|228|249|203|264|225|201|181|206|165|137|127|136|169|135|135|128|143|139|106|
2011-02-24|3|1_CTs|ct18||43|85|111|98|71|66|85|57|65|60|56|46|41|49|38|45|25|35|35|29|22|24|37|42|35|42|44|54|72|92|109|174|206|231|243|237|231|229|242|220|202|173|210|227|198|175|196|192|160|173|186|202|152|164|175|169|207|207|197|203|209|185|177|201|182|228|167|146|197|235|175|205|194|221|182|181|216|174|197|155|178|153|165|138|153|143|129|126|113|160|157|133|131|135|158|131|
2011-02-24|3|1_CTs|ct19||0|1|0|0|0|0|0|0|1|0|0|0|0|0|0|0|0|0|0|0|0|0|1|4|1|8|12|7|15|9|12|9|10|10|14|9|8|12|4|5|12|9|3|7|5|9|6|7|4|6|8|9|6|5|9|10|8|11|6|6|8|6|11|8|9|4|8|11|10|6|9|8|8|6|11|7|6|3|12|9|7|11|6|5|8|7|3|1|1|4|2|1|2|6|0|2|
2011-02-24|3|1_CTs|ct20||7|26|51|23|28|15|14|17|15|10|14|8|8|8|7|7|10|11|8|13|11|13|17|22|28|30|47|70|94|128|138|141|167|200|193|160|168|114|150|100|151|146|176|146|164|145|146|148|133|153|143|174|152|155|140|141|174|177|176|159|134|164|141|162|152|146|153|153|140|138|142|162|179|162|146|162|157|139|167|161|152|160|128|139|119|106|88|87|100|92|94|94|82|102|90|75|
2011-02-24|3|1_CTs|ct22||4|3|8|4|3|2|0|2|3|1|1|1|1|1|0|1|0|4|6|1|5|10|5|8|8|15|12|8|8|7|8|10|14|14|24|22|24|28|20|23|24|28|22|22|17|25|28|34|25|32|33|30|30|22|26|21|17|35|31|36|28|28|46|26|9|37|62|43|61|64|60|43|46|45|42|42|48|49|35|45|46|22|28|33|15|9|19|15|11|10|15|10|7|8|19|20|
2011-02-24|3|1_CTs|CT23||31|79|72|72|47|31|34|37|37|21|21|22|23|18|11|4|7|7|10|13|8|11|7|8|17|24|51|50|62|60|121|164|198|215|265|272|229|255|237|200|189|191|195|183|206|154|199|222|201|176|218|277|277|269|199|238|248|226|239|224|219|219|248|252|223|284|308|336|304|373|381|326|334|415|405|392|399|321|304|381|357|346|312|290|250|209|206|184|216|196|164|166|151|159|114|168|
2011-02-24|3|1_CTs|ct24||58|140|135|108|110|76|63|51|48|39|36|44|30|26|34|21|38|30|55|41|57|70|64|120|150|203|326|560|730|924|1012|1059|965|924|941|855|903|916|1018|901|958|906|970|864|754|745|800|742|796|775|940|892|785|837|878|819|889|868|982|950|813|910|861|764|760|809|830|808|798|904|853|932|960|962|935|965|922|936|911|841|807|718|587|505|479|436|357|369|373|441|388|386|397|347|299|265|
