2013-01-04|3|1_CTs|ct1||49|35|38|32|19|12|10|7|8|5|8|5|8|5|7|3|2|5|3|6|7|8|9|19|11|19|28|41|37|60|89|125|168|219|240|231|202|217|206|192|165|152|149|171|171|155|146|159|149|162|149|163|171|163|125|145|163|177|167|199|180|197|195|166|186|180|174|204|204|175|166|199|202|221|206|188|203|201|199|175|198|195|174|184|150|113|113|111|123|91|91|82|78|81|78|70|
2013-01-04|3|1_CTs|ct3||123|67|69|59|43|47|27|40|38|21|11|21|19|21|17|17|15|15|24|23|40|63|30|49|66|55|58|92|138|109|131|188|230|250|248|257|279|294|284|266|241|259|255|255|242|256|263|267|259|341|277|257|263|376|188|231|254|251|275|305|236|292|288|244|255|255|237|257|258|213|244|213|227|209|342|203|170|251|262|254|244|236|280|274|298|332|232|283|161|152|137|138|172|140|173|141|
2013-01-04|3|1_CTs|ct5||122|82|70|70|63|32|40|49|28|26|31|22|18|13|17|19|12|9|16|10|10|7|7|10|22|11|14|24|42|49|77|110|115|162|189|174|200|195|185|169|175|157|153|182|147|163|144|207|166|167|183|207|195|193|171|144|168|172|183|186|219|238|222|198|202|238|265|244|259|271|262|249|279|263|259|253|262|258|242|229|230|251|191|173|145|149|120|125|135|129|99|128|105|123|102|117|
2013-01-04|3|1_CTs|ct6||10|11|9|7|5|9|3|3|4|3|0|0|2|1|0|1|1|3|2|1|1|0|3|1|10|2|10|11|16|23|40|33|62|63|69|84|87|82|89|83|44|55|54|57|55|54|47|39|39|54|49|51|58|45|51|51|54|53|64|61|68|59|69|51|50|53|49|55|65|75|86|71|83|83|94|92|79|76|50|58|47|47|32|39|35|36|26|20|25|23|20|22|29|11|12|25|
2013-01-04|3|1_CTs|ct7||133|112|93|59|55|72|89|59|47|48|38|39|24|33|31|34|11|13|19|31|14|26|31|47|35|26|34|46|75|49|47|98|135|144|129|160|148|158|150|154|156|184|151|174|174|163|176|175|186|192|192|173|193|169|182|164|156|163|172|179|190|167|171|175|161|151|142|159|119|151|129|123|128|125|101|122|144|156|164|150|157|157|153|129|135|147|109|98|106|130|95|141|137|113|135|129|
2013-01-04|3|1_CTs|ct8||42|38|29|21|24|17|23|14|17|18|19|10|9|10|14|6|8|10|9|12|15|10|15|20|20|13|19|8|15|18|20|31|33|33|49|59|53|52|78|73|69|74|60|93|96|81|59|66|65|78|92|81|89|75|80|81|87|75|90|93|101|125|90|135|124|99|126|94|115|97|103|127|101|113|112|124|104|125|80|73|67|53|65|60|61|68|42|56|42|37|38|59|52|46|54|69|
2013-01-04|3|1_CTs|ct9||83|103|56|84|72|56|63|60|38|39|33|45|33|29|26|22|27|28|28|20|22|31|13|22|28|27|43|51|48|63|97|130|192|196|192|207|237|202|195|156|192|155|151|145|151|151|155|159|138|145|154|151|142|145|123|148|143|158|156|192|187|186|168|158|151|159|162|152|175|187|151|133|140|133|142|193|215|178|179|173|160|182|144|148|134|121|124|119|87|115|108|97|96|115|91|107|
2013-01-04|3|1_CTs|ct10||74|66|67|59|54|50|51|41|35|34|26|35|20|19|13|23|15|18|13|20|18|18|21|20|29|24|21|29|32|42|48|83|119|128|147|149|165|150|153|143|160|136|137|132|121|135|128|113|140|140|143|133|129|128|137|125|128|125|131|138|166|141|142|145|145|146|156|145|168|169|171|146|143|162|135|139|155|126|141|140|143|129|122|128|111|112|92|92|109|83|66|71|84|68|85|73|
2013-01-04|3|1_CTs|CT11||3026|4005|2833|3223|1585|1744|2267|1900|1940|2336|1770|4220|1801|2459|3595|2486|1802|2246|1383|3553|1946|156|1185|889|104|867|1568|4032|3706|1036|2353|1471|1353|1458|919|1738|623|1002|1155|1505|1408|1737|496|450|508|412|905|1378|993|1260|945|1032|1138|1035|505|434|426|423|448|489|501|498|634|760|700|596|605|576|594|544|497|525|513|487|926|1187|1028|1274|1322|1225|1796|1539|1101|1007|1140|1112|2690|2095|1849|2177|438|327|364|328|2727|1396|
2013-01-04|3|1_CTs|CT12||49|46|30|30|37|19|37|17|16|20|18|15|11|7|16|6|2|8|12|5|12|8|6|18|14|8|17|7|27|24|26|30|51|45|55|62|66|62|73|82|78|103|77|86|105|108|87|106|90|109|100|99|85|79|85|65|76|72|103|108|100|79|111|112|105|109|109|70|107|106|90|95|101|94|122|115|121|96|80|83|77|76|65|61|58|59|49|54|54|47|43|46|52|44|56|66|
2013-01-04|3|1_CTs|ct13||113|97|83|66|74|63|51|59|43|41|60|41|32|26|28|31|28|23|25|36|29|50|37|55|66|54|45|72|85|86|101|107|160|165|170|190|207|205|202|201|226|213|209|218|231|224|213|229|195|207|200|218|260|900|194|273|340|254|231|406|218|228|202|244|198|211|252|239|229|248|234|245|240|254|243|238|216|245|232|211|233|239|194|189|222|161|148|142|142|139|118|129|128|124|119|124|
2013-01-04|3|1_CTs|ct14||30|33|23|22|22|14|12|8|4|8|6|12|5|6|6|5|5|3|8|5|10|6|15|12|26|31|56|117|163|223|262|273|303|293|276|299|286|303|301|260|239|205|215|184|175|159|176|160|157|158|178|161|150|183|166|164|184|171|174|173|170|181|202|202|175|155|140|149|186|208|189|232|228|250|232|254|196|225|197|164|159|151|173|116|108|104|76|78|75|77|68|70|64|65|59|49|
2013-01-04|3|1_CTs|CT16||87|85|78|81|62|55|55|46|22|30|23|38|27|16|23|14|28|6|14|25|22|10|25|20|25|22|26|42|39|49|48|94|138|129|168|166|146|159|152|129|149|107|140|156|120|144|145|124|136|152|143|133|148|148|158|174|177|179|235|206|212|212|249|239|210|207|209|233|241|244|262|228|231|271|221|217|197|236|171|168|176|128|124|118|108|98|78|80|119|90|91|137|104|111|115|143|
2013-01-04|3|1_CTs|ct17||80|77|50|49|58|26|39|27|20|26|21|26|16|21|9|11|12|16|10|12|24|16|19|27|25|27|25|40|51|64|92|157|279|296|322|296|301|315|291|289|254|224|194|199|205|180|172|213|192|200|199|177|231|185|193|175|192|183|193|216|245|251|194|220|215|244|223|242|232|227|161|133|221|215|193|246|197|178|201|205|196|189|202|187|152|125|114|123|113|104|84|89|102|102|92|90|
2013-01-04|3|1_CTs|ct18||108|101|82|80|64|56|61|56|40|29|34|36|25|25|16|25|19|25|19|30|25|23|34|33|32|33|39|48|61|76|107|146|223|224|248|253|225|224|236|210|214|232|192|182|169|164|191|184|187|177|186|180|172|177|193|187|174|196|172|200|213|196|184|220|185|186|209|200|215|202|212|219|192|205|163|197|187|155|191|196|213|190|157|192|159|151|101|138|139|113|107|110|119|124|122|117|
2013-01-04|3|1_CTs|ct19||0|1|0|0|1|0|0|0|0|0|0|0|0|0|0|0|0|0|0|0|1|2|0|2|4|7|6|6|8|11|5|7|11|10|12|7|8|6|6|9|7|6|6|5|10|5|3|6|4|4|5|10|7|8|7|1|8|5|10|6|9|7|7|8|3|10|6|6|4|5|10|8|9|5|6|5|6|7|9|7|10|4|6|3|3|5|12|1|0|2|1|5|0|1|0|3|
2013-01-04|3|1_CTs|ct22||9|3|1|3|3|4|1|3|0|3|3|1|1|2|1|2|1|2|2|4|0|0|3|5|4|3|3|0|4|5|8|9|21|27|19|22|21|22|29|24|17|22|24|16|17|20|19|21|19|23|39|29|32|23|23|20|24|31|28|28|24|24|24|30|38|39|40|30|47|54|39|49|49|64|53|55|46|55|31|29|23|31|20|15|12|13|10|11|4|11|3|10|5|12|6|9|
2013-01-04|3|1_CTs|CT23||120|77|67|53|38|27|29|23|20|21|22|15|27|20|12|15|6|12|16|7|13|9|12|21|15|16|21|30|43|64|100|148|188|229|256|302|292|224|207|256|217|173|167|175|185|191|221|200|211|244|268|267|275|239|225|217|212|209|243|221|244|253|266|272|310|298|311|391|413|378|355|381|484|456|426|427|450|430|430|382|390|337|286|261|212|226|186|161|214|150|171|147|107|126|127|120|
2013-01-04|3|1_CTs|ct24||152|145|138|88|81|61|57|50|37|31|38|23|20|35|32|18|30|35|36|51|44|63|78|96|133|161|276|465|587|758|967|948|895|865|926|889|785|832|871|693|936|908|869|830|761|755|797|729|716|757|837|780|800|782|737|739|806|810|853|816|752|839|832|818|761|749|735|766|764|819|834|908|930|903|898|906|766|792|777|761|762|746|722|648|550|484|375|400|343|361|327|280|314|290|261|248|
