2014-05-21|2|1_CTs|ct1||55|53|48|29|33|18|26|30|11|14|17|8|8|14|14|15|8|21|6|17|19|19|38|24|46|37|47|77|98|92|139|132|160|143|186|191|201|181|186|193|184|189|193|197|195|207|205|172|175|199|198|194|206|200|191|179|191|225|212|210|164|168|155|185|187|163|162|173|169|154|160|181|171|173|156|178|162|172|164|170|176|171|162|164|142|138|127|121|104|100|106|90|86|87|68|83|
2014-05-21|2|1_CTs|ct2||47|31|30|18|21|15|16|18|10|13|10|5|7|9|8|9|10|11|11|6|7|13|18|14|23|22|15|20|22|31|45|47|60|49|65|70|68|82|81|84|99|99|86|86|89|89|100|93|86|90|98|78|98|92|72|78|72|90|102|92|117|112|123|98|99|74|93|109|75|81|80|87|96|85|80|81|103|108|73|95|82|72|68|88|70|79|74|57|60|41|45|53|56|60|47|60|
2014-05-21|2|1_CTs|ct3||77|64|51|48|38|27|32|39|14|17|17|12|11|10|12|15|12|16|15|14|17|17|24|29|42|34|47|56|83|70|115|116|133|128|146|154|181|144|170|168|178|179|204|200|180|190|192|208|204|177|188|205|196|192|177|180|162|205|193|198|175|189|183|224|190|166|158|193|176|169|174|196|198|194|194|198|197|209|179|182|183|177|146|171|154|127|134|136|111|121|101|107|94|101|90|110|
2014-05-21|2|1_CTs|ct4||20|12|18|14|13|11|7|9|2|4|5|1|1|1|5|4|4|2|3|1|3|8|9|12|14|11|22|16|23|22|20|33|36|31|38|34|44|39|39|32|34|50|34|36|42|42|48|46|37|55|38|45|48|64|124|146|316|171|87|102|65|37|41|39|39|47|38|50|38|35|33|45|40|45|52|54|42|46|31|47|38|46|27|45|38|25|36|31|25|33|31|31|31|23|30|27|
2014-05-21|2|1_CTs|ct5||81|77|57|61|48|35|38|34|20|23|14|9|12|12|16|18|13|16|11|15|12|16|23|20|27|36|30|36|50|58|88|105|156|150|167|197|168|167|174|168|155|176|188|193|219|225|222|215|227|226|210|225|208|215|226|211|194|250|253|247|215|193|201|204|189|215|227|200|189|211|187|205|197|204|217|208|177|216|182|161|185|168|167|164|157|131|117|129|120|117|121|121|120|120|140|119|
2014-05-21|2|1_CTs|ct6||36|22|13|14|15|10|11|9|7|8|6|0|3|3|3|3|5|5|6|4|4|5|8|6|8|11|9|8|15|15|22|28|29|14|36|30|39|34|36|32|48|41|57|48|60|36|53|51|51|59|50|65|50|45|57|45|42|54|69|61|71|52|58|61|46|51|53|63|53|56|57|56|54|53|76|52|50|55|55|55|51|58|49|59|46|33|38|42|39|38|38|36|44|38|41|36|
2014-05-21|2|1_CTs|ct17||88|63|62|56|39|37|37|43|15|21|15|14|17|13|17|18|18|17|13|14|25|29|29|43|46|41|55|62|88|82|114|137|170|166|184|185|222|205|201|242|223|194|222|207|234|220|233|235|233|229|213|231|200|239|219|203|206|209|195|185|185|166|210|247|227|175|223|200|219|196|210|218|242|233|273|225|262|240|236|219|218|212|172|200|189|167|164|139|139|143|108|144|113|118|105|112|
2014-05-21|2|1_CTs|CT19||31|26|24|21|17|11|24|10|7|9|9|1|5|3|8|11|5|3|8|8|8|6|12|7|12|6|20|28|44|38|60|62|77|87|82|118|120|102|99|99|130|116|119|87|105|124|142|133|130|110|114|120|115|132|136|115|115|99|116|117|111|98|118|147|131|124|129|110|127|108|132|132|140|140|145|143|134|128|125|130|110|107|90|100|77|56|84|73|54|50|46|61|48|55|50|59|
2014-05-21|2|1_CTs|CT20||38|41|40|32|22|20|17|23|18|13|12|9|9|16|6|9|2|7|2|6|5|4|7|7|9|14|18|28|24|28|39|55|88|85|77|92|81|86|92|79|71|91|92|80|81|71|71|65|72|88|67|74|68|93|71|67|53|76|77|102|79|86|94|65|79|62|88|92|79|90|84|92|90|94|92|86|91|105|91|73|88|86|71|82|74|71|52|60|52|58|51|53|60|59|50|52|
2014-05-21|2|1_CTs|CT21||22|16|21|21|15|11|9|11|7|3|4|2|4|4|4|5|0|0|3|3|0|1|3|1|6|6|9|13|10|17|26|34|51|47|41|73|52|49|59|56|32|41|62|46|52|43|35|39|55|43|50|61|41|41|60|49|34|59|49|63|57|50|59|58|56|42|68|62|61|37|57|64|81|68|68|46|49|53|50|48|53|53|49|39|44|33|26|31|32|32|19|27|30|27|32|35|
