2015-01-22|6|1_CTs|CT1||0|3|1|1|0|0|0|1|0|0|0|1|0|0|1|1|0|2|1|0|1|2|1|4|2|2|3|2|2|6|16|39|144|111|114|300|128|29|22|21|13|8|3|12|8|5|3|9|3|6|5|10|11|6|11|7|9|7|7|1|4|4|6|6|4|12|4|10|9|6|17|18|11|12|247|3|8|1|2|5|6|6|2|3|3|2|0|2|0|0|1|0|1|1|1|1|
2015-01-22|6|1_CTs|CT3||9|6|2|10|261|4|2|1|3|1|0|6|4|3|5|2|4|2|4|4|15|21|13|24|23|25|281|490|39|32|50|288|337|95|97|125|74|75|308|78|61|65|49|43|33|42|31|50|39|55|58|46|56|48|45|46|35|44|36|54|41|53|57|42|48|49|48|43|41|58|63|57|44|65|52|50|48|43|262|41|29|25|27|24|15|18|26|11|13|12|25|20|18|15|10|8|
2015-01-22|6|1_CTs|CT4||8|10|6|7|3|1|3|4|0|2|0|0|0|0|2|2|1|0|1|1|0|3|1|0|4|2|4|3|9|7|11|268|76|15|23|216|77|23|20|19|24|21|28|269|25|26|24|24|23|41|32|38|46|44|27|16|29|25|285|23|28|30|30|34|36|38|41|42|30|34|534|53|49|51|48|49|54|44|20|30|37|31|28|18|12|17|17|20|18|12|13|13|10|15|267|11|
2015-01-22|6|1_CTs|CT5||257|7|5|4|6|7|7|2|2|5|5|3|6|4|4|7|256|2|4|5|1|3|7|4|7|9|10|11|12|26|20|23|24|44|336|831|170|82|71|71|60|73|68|53|76|49|75|52|71|58|73|57|77|67|55|76|321|74|82|80|68|72|73|88|63|64|64|88|79|68|86|72|72|62|73|85|311|47|74|57|72|42|286|45|36|40|539|28|38|31|19|23|16|21|21|13|
2015-01-22|6|1_CTs|CT6||25|48|20|12|9|9|4|7|3|5|0|2|1|7|2|2|2|4|5|7|7|11|14|16|12|12|19|19|29|295|55|91|147|204|187|451|173|157|137|116|101|92|98|104|88|336|91|303|104|88|94|77|103|110|95|88|358|120|121|118|125|105|99|82|110|117|107|131|127|122|633|106|116|98|130|102|119|107|604|94|340|106|83|56|70|73|54|58|55|316|54|290|36|61|45|30|
2015-01-22|6|1_CTs|CT7||4|6|5|4|1|3|0|3|1|0|1|2|0|4|2|0|0|2|2|1|2|4|1|3|3|6|0|4|10|14|20|34|53|39|46|41|36|31|47|35|42|29|26|280|25|23|28|22|28|27|33|23|29|28|20|21|17|21|28|23|26|28|22|31|19|20|41|30|21|29|29|37|40|38|42|37|25|25|19|24|23|18|18|10|18|16|14|10|12|8|10|11|10|7|9|6|
2015-01-22|6|1_CTs|CT8||45|31|22|27|15|16|11|16|13|14|8|7|19|12|13|8|9|12|7|4|5|16|13|250|20|27|38|51|318|352|165|417|251|454|196|171|174|195|193|157|171|187|413|356|396|592|140|368|128|375|139|143|161|126|401|135|145|158|146|180|159|151|139|134|141|152|153|165|168|193|416|191|179|183|201|178|421|394|173|161|142|124|107|128|94|93|85|552|77|539|303|68|299|318|306|31|
2015-01-22|6|1_CTs|CT9||36|30|26|27|15|15|9|21|13|16|9|9|12|6|4|4|9|4|2|9|13|17|15|31|34|35|42|57|330|128|426|532|285|353|386|389|352|325|350|600|367|359|365|363|788|432|180|197|421|435|209|176|434|192|199|417|447|187|218|219|186|205|212|228|205|233|235|501|242|245|547|311|294|314|308|279|229|195|745|437|173|149|136|131|119|104|83|98|83|69|86|83|82|52|61|58|
2015-01-22|6|1_CTs|CT10||31|24|275|20|22|6|8|11|7|8|6|6|6|4|1|2|1|2|4|8|6|7|12|20|270|19|33|36|54|58|96|135|178|168|426|174|208|177|420|167|393|147|142|399|141|396|393|153|388|157|144|141|157|141|119|135|134|152|174|419|126|137|152|161|179|175|163|181|178|460|475|205|221|483|240|213|188|412|438|166|116|151|376|98|352|86|89|52|67|45|41|50|62|47|30|288|
2015-01-22|6|1_CTs|CT11||30|28|23|21|10|14|10|5|7|10|3|4|3|5|5|6|7|4|3|4|14|13|15|30|25|38|59|54|353|410|215|319|448|130|428|468|515|278|782|249|242|224|207|214|218|180|173|186|185|188|183|217|183|413|184|169|185|180|202|180|171|160|186|180|166|221|215|231|483|218|471|176|207|198|669|175|433|148|142|430|161|131|126|119|93|72|75|326|60|50|304|306|49|36|42|39|
2015-01-22|6|1_CTs|CT12||38|27|32|21|23|19|6|261|7|8|4|4|3|9|1|3|1|6|4|9|9|12|14|19|284|20|43|31|59|73|120|200|251|315|286|307|586|279|227|227|184|199|189|433|410|179|166|194|435|184|173|193|728|183|695|422|166|190|205|197|196|181|193|213|232|495|249|291|276|528|278|305|302|515|248|251|259|222|240|229|179|190|150|124|115|95|363|89|58|62|51|67|62|51|50|47|
2015-01-22|6|1_CTs|CT15||19|19|18|16|10|9|7|9|8|8|8|8|6|266|4|4|7|3|11|11|16|16|24|24|29|28|284|55|54|344|116|186|243|235|236|208|222|208|477|243|204|224|234|206|164|110|110|102|101|108|138|140|142|368|94|103|334|99|103|104|79|120|127|352|121|109|116|106|386|145|150|174|174|466|178|160|113|119|123|80|91|92|333|67|82|248|133|38|36|296|40|41|40|40|38|29|
2015-01-22|6|1_CTs|CT16||289|37|26|28|14|12|9|12|8|9|7|8|8|4|5|6|3|3|6|9|13|12|12|25|22|27|34|55|316|366|160|244|324|284|301|296|282|536|511|242|231|201|440|181|466|173|200|191|694|193|196|446|192|446|443|181|677|187|194|193|171|185|186|450|186|464|454|486|193|212|469|214|224|497|262|213|210|186|669|194|140|161|399|140|107|104|108|77|75|63|55|55|65|565|42|44|
2015-01-22|6|1_CTs|CT17||20|15|256|16|11|10|4|5|1|7|0|5|5|4|0|0|2|1|0|4|2|4|2|3|3|4|10|5|13|15|29|40|77|329|70|93|89|88|61|71|61|52|78|322|47|584|46|94|116|111|122|103|127|395|370|103|108|108|128|130|112|132|388|400|132|154|159|413|152|82|97|81|72|79|73|91|67|88|83|73|91|70|62|64|305|45|45|42|23|32|25|38|19|262|25|27|
2015-01-22|6|1_CTs|CT18||303|60|38|34|28|24|18|14|13|15|15|7|16|16|9|10|264|9|9|14|10|17|23|17|25|33|298|314|76|126|177|471|302|590|251|434|272|240|277|265|229|257|484|208|498|447|231|214|232|496|237|216|502|239|746|250|461|228|262|256|213|244|217|245|208|242|226|293|252|282|511|258|276|299|301|288|244|263|238|222|224|171|408|143|132|302|695|107|99|365|90|73|83|93|77|65|
2015-01-22|6|1_CTs|CT19||38|29|31|24|14|270|11|17|7|11|3|7|8|8|3|2|5|4|6|9|5|7|1|5|3|7|12|9|27|37|48|326|194|202|138|163|191|170|158|144|146|118|107|116|109|130|133|130|382|121|155|133|162|147|117|117|141|138|127|402|135|142|281|522|155|165|174|697|186|202|458|462|222|222|465|237|213|175|432|168|140|150|117|86|337|256|409|70|70|52|51|60|47|298|27|37|
2015-01-22|6|1_CTs|CT20||22|17|14|23|9|12|7|5|6|6|4|7|6|3|4|6|2|4|4|9|4|12|7|11|15|16|17|19|38|41|49|77|117|409|146|146|126|405|131|382|364|107|112|116|369|124|109|98|3|31|113|115|295|84|111|115|597|89|97|146|120|124|374|133|121|619|133|92|11|165|129|149|156|63|60|21|37|79|380|110|27|89|303|25|78|55|17|41|62|311|301|43|36|43|285|19|
2015-01-22|6|1_CTs|CT21||64|44|39|50|285|27|14|19|10|5|12|18|7|10|9|11|13|12|24|22|249|40|34|40|64|61|70|111|367|183|229|765|387|348|369|351|283|328|302|570|545|291|288|280|497|210|201|201|453|247|220|220|459|210|188|211|432|239|267|233|245|231|197|213|501|202|204|209|237|245|250|245|235|296|243|248|200|245|451|179|413|166|134|130|129|103|102|117|106|345|98|75|88|78|78|51|
2015-01-22|6|1_CTs|CT22||69|289|61|47|43|37|33|21|21|16|31|12|19|22|20|14|15|14|25|33|36|44|56|61|53|54|71|86|87|102|379|168|213|228|301|517|276|267|479|243|188|221|208|407|182|450|225|222|216|289|250|257|240|264|248|225|688|256|248|496|299|467|278|270|255|294|500|294|342|634|597|377|385|366|369|339|338|351|509|553|253|482|209|157|132|143|369|129|128|122|105|107|100|99|318|84|
2015-01-22|6|1_CTs|CT23||60|48|285|46|30|28|20|15|22|18|12|14|14|13|12|11|10|14|10|9|8|23|25|41|40|254|60|80|100|393|197|292|358|341|367|846|316|588|317|279|277|275|306|275|253|190|227|207|216|235|213|230|246|228|234|238|492|235|239|983|256|509|224|228|251|236|290|262|264|309|304|291|273|341|323|296|261|266|543|240|472|198|427|181|142|136|129|118|106|114|99|314|85|348|66|48|
2015-01-22|6|1_CTs|CT24||72|66|54|49|293|26|19|264|18|10|18|19|11|17|15|12|12|14|17|24|20|29|26|27|33|31|54|88|97|118|178|460|522|335|316|797|382|338|296|523|248|243|239|720|466|232|269|247|524|266|216|268|261|518|249|244|443|261|262|710|291|285|442|279|297|570|337|339|301|364|419|373|389|407|382|377|395|334|785|285|306|250|204|208|148|349|709|117|105|360|113|94|106|101|372|69|
