2011-09-24|3|1_CTs|ct1||131|112|106|75|89|66|51|36|42|41|31|24|32|18|21|17|18|15|17|16|17|15|19|18|25|23|32|33|29|27|40|59|58|58|96|119|115|114|125|170|122|144|133|145|149|140|165|151|158|166|142|142|161|160|127|107|118|164|132|161|154|162|147|153|150|163|124|166|169|139|147|148|136|157|134|141|134|156|154|149|173|167|187|154|128|107|94|105|88|105|124|179|180|147|129|135|
2011-09-24|3|1_CTs|ct3||363|286|269|256|228|212|152|118|131|102|66|70|73|55|53|48|60|51|61|48|60|53|61|60|76|96|93|114|96|87|133|171|147|170|219|278|261|278|339|362|306|327|346|359|341|318|373|330|390|381|360|355|349|353|296|302|305|334|321|351|370|375|365|375|379|378|379|366|376|351|365|374|349|359|327|348|333|335|355|357|423|434|427|430|359|308|317|282|248|262|321|406|372|407|351|301|
2011-09-24|3|1_CTs|ct5||226|216|168|176|176|140|115|135|134|135|97|75|88|92|79|47|78|74|58|83|88|59|68|92|58|55|85|94|85|98|118|125|125|153|105|133|163|183|188|210|257|219|222|248|275|241|232|310|270|275|279|298|338|257|291|257|213|246|202|272|342|252|315|272|283|289|229|275|252|267|325|280|266|319|283|313|283|295|303|353|281|249|290|240|225|219|192|216|195|212|142|223|277|237|237|201|
2011-09-24|3|1_CTs|ct6||166|112|136|112|126|122|91|81|87|83|76|78|71|82|77|79|56|55|52|48|39|32|16|36|35|27|36|31|41|44|48|50|68|83|85|88|115|102|110|122|111|128|137|159|133|151|147|161|165|222|170|169|196|206|175|155|154|166|131|162|166|151|173|181|206|199|203|195|194|203|192|190|158|181|163|150|162|185|176|179|188|172|108|101|100|77|86|85|106|98|105|108|105|132|126|159|
2011-09-24|3|1_CTs|ct7||191|145|173|119|155|130|128|111|110|130|116|131|105|155|139|95|80|65|58|75|61|39|54|40|55|41|49|34|38|49|45|62|38|61|66|95|100|71|108|107|126|128|114|156|150|140|141|184|161|198|180|191|197|201|181|151|135|134|164|176|186|182|170|200|232|204|227|183|213|218|205|216|209|208|201|190|209|234|185|208|192|151|120|151|136|110|111|88|92|105|104|130|132|126|170|207|
2011-09-24|3|1_CTs|ct9||154|151|122|136|141|117|129|103|93|115|106|74|73|90|92|89|84|68|57|54|49|52|33|41|45|49|43|40|37|39|64|64|65|78|93|92|114|113|101|130|135|102|129|117|121|133|138|138|139|133|145|138|128|126|131|119|112|119|126|107|126|105|127|133|133|135|135|119|143|145|112|123|126|130|150|116|122|147|143|141|127|119|126|113|97|92|80|73|86|87|114|96|126|110|127|129|
2011-09-24|3|1_CTs|ct10||108|107|120|87|102|97|103|88|104|101|107|117|100|117|96|125|94|98|91|82|65|66|63|56|51|41|43|32|47|33|34|44|30|32|35|45|43|54|72|59|72|69|107|73|91|110|91|85|103|117|109|114|131|117|94|88|79|74|86|90|106|89|103|104|92|84|104|100|104|127|125|104|119|127|110|125|111|114|106|137|99|109|113|111|89|91|84|76|70|76|77|74|84|88|101|77|
2011-09-24|3|1_CTs|CT11||33|22|36|29|45|30|33|26|38|30|28|26|34|32|21|36|39|25|25|31|14|22|19|33|15|23|22|24|29|22|17|18|26|26|27|25|23|37|31|45|40|38|36|47|35|34|47|32|44|48|33|32|53|41|40|51|37|54|30|38|39|39|45|37|43|44|45|43|37|36|35|40|38|40|43|47|36|36|39|35|48|42|36|29|38|38|29|35|31|37|24|39|29|40|34|37|
2011-09-24|3|1_CTs|CT12||32|40|45|38|39|41|40|40|36|51|54|48|59|62|46|73|52|50|64|53|42|38|29|39|38|23|18|22|22|23|15|22|22|18|19|17|19|17|21|24|23|20|23|19|26|23|23|19|31|25|25|25|29|26|21|24|31|16|22|33|18|18|28|25|23|23|26|28|32|29|28|24|34|25|31|27|26|14|29|37|29|38|29|38|42|32|42|35|34|46|29|33|36|29|33|27|
2011-09-24|3|1_CTs|CT16||34|24|25|16|30|19|26|27|28|34|28|15|14|13|18|22|17|14|9|14|20|13|9|12|11|12|8|16|8|11|7|16|11|13|7|19|12|14|17|13|25|15|21|19|22|13|24|21|19|27|18|26|25|34|22|13|26|20|18|19|25|19|24|26|27|34|23|23|30|23|28|35|26|23|26|30|26|25|35|25|24|18|18|14|25|20|18|22|22|10|18|20|15|30|28|23|
2011-09-24|3|1_CTs|ct17||141|157|142|141|106|105|113|99|70|86|63|66|61|77|68|63|52|59|57|70|54|48|52|53|51|42|55|45|52|41|68|53|63|69|77|86|99|105|116|136|140|175|192|152|164|187|216|171|176|178|210|223|231|204|186|159|154|153|150|189|174|157|198|204|185|183|188|190|198|208|182|192|176|203|184|188|209|195|212|222|183|186|161|175|145|129|123|131|131|119|129|155|138|153|133|130|
2011-09-24|3|1_CTs|ct18||145|164|166|136|155|154|152|130|135|125|133|146|118|141|116|148|106|116|109|102|89|83|86|72|70|50|45|53|63|55|56|75|56|65|71|80|77|84|117|100|113|127|126|105|143|154|129|125|138|157|156|158|185|172|142|117|114|123|115|149|148|143|136|154|156|136|134|164|135|190|179|156|151|191|170|151|161|163|164|171|147|155|163|150|138|132|110|108|108|109|119|115|118|148|140|128|
2011-09-24|3|1_CTs|ct19||2|0|4|5|1|3|0|2|0|0|0|1|3|0|0|3|0|1|0|0|0|0|0|3|2|4|3|3|5|6|5|7|4|3|4|7|4|7|4|4|5|1|5|6|7|4|5|2|2|4|5|4|5|6|2|7|4|5|3|6|8|3|7|3|3|6|5|4|5|4|3|4|4|9|5|6|5|6|7|4|6|4|4|7|3|9|5|1|1|2|0|1|2|6|0|2|
2011-09-24|3|1_CTs|ct20||107|113|87|84|89|78|64|50|46|46|48|30|35|26|26|22|13|17|21|22|22|16|13|25|23|30|19|33|37|42|56|54|60|60|86|95|88|97|102|125|110|122|135|130|126|134|136|133|110|116|139|131|127|113|111|115|107|123|145|149|145|130|134|163|134|142|137|141|145|137|134|145|146|149|153|137|123|167|125|144|178|165|170|168|130|126|120|97|103|98|96|98|109|116|130|121|
2011-09-24|3|1_CTs|ct22||12|9|7|8|3|4|4|2|3|4|4|3|7|7|2|2|0|5|4|5|3|3|0|5|6|2|3|3|1|4|2|5|4|7|9|7|6|12|12|14|20|12|5|14|12|14|16|15|17|8|12|20|23|19|12|9|11|8|10|11|12|11|12|11|14|15|18|13|17|8|11|12|11|20|13|11|12|6|7|20|15|6|7|10|8|8|13|4|4|2|4|7|4|8|6|18|
2011-09-24|3|1_CTs|CT23||125|114|96|103|60|66|54|39|40|57|44|37|20|24|24|34|33|23|31|18|18|18|18|20|22|14|28|33|32|50|39|67|68|74|81|88|84|70|87|141|138|135|128|159|159|124|167|186|175|193|185|192|236|217|186|155|154|191|136|197|167|167|170|176|187|190|184|224|185|186|164|176|188|170|221|185|161|204|197|191|187|161|159|140|123|97|79|100|74|94|103|136|183|118|136|158|
2011-09-24|3|1_CTs|ct24||352|321|256|273|242|187|191|142|117|104|103|81|82|83|73|56|52|60|58|63|81|75|82|98|104|122|177|204|215|294|373|418|362|441|515|619|571|611|668|761|686|626|668|671|605|593|667|640|614|626|650|651|555|564|570|570|513|581|647|619|665|702|810|711|685|659|644|664|641|662|658|657|710|674|696|666|699|717|688|747|760|745|744|604|522|456|419|392|377|361|377|382|396|406|378|395|
