2015-03-18|3|1_CTs|ct1||41|37|27|262|10|9|268|9|9|3|7|262|3|3|4|7|261|2|8|6|5|6|12|15|15|21|40|63|82|123|716|715|265|255|481|285|240|236|202|449|245|218|208|443|469|158|164|425|423|168|176|454|438|168|415|431|649|460|195|197|460|202|192|470|176|433|183|217|202|218|201|226|226|221|237|231|221|211|168|184|429|468|466|452|628|358|113|104|331|339|319|322|85|61|307|299|
2015-03-18|3|1_CTs|ct3||50|303|48|281|28|7|23|13|15|9|261|7|8|3|9|16|10|2|17|17|13|14|19|31|34|34|64|93|101|170|500|261|542|266|738|308|506|509|532|491|271|532|259|252|491|212|477|732|734|464|475|217|233|407|450|215|430|751|222|233|496|224|488|237|238|225|699|177|428|219|450|159|192|433|407|197|173|186|430|196|408|437|235|207|135|100|374|372|585|104|93|95|89|85|337|333|
2015-03-18|3|1_CTs|ct5||109|595|277|46|44|537|32|24|19|13|18|12|14|12|20|13|14|18|18|14|13|6|264|24|16|22|28|42|62|77|125|149|439|491|535|518|226|236|213|217|179|183|187|199|178|221|441|461|459|463|215|482|515|510|188|184|668|673|455|232|232|222|232|270|508|485|257|279|290|302|1053|580|311|585|303|536|297|498|785|267|267|507|552|397|182|652|374|163|406|405|426|406|391|409|639|383|
2015-03-18|3|1_CTs|ct6||6|5|3|4|3|2|1|0|1|3|1|1|1|0|1|3|1|0|2|1|2|3|4|4|7|7|7|18|27|37|44|57|74|328|77|90|92|81|93|78|65|44|69|70|40|34|51|46|45|48|306|64|47|65|44|39|299|49|66|64|306|53|64|53|317|318|321|44|68|68|63|73|59|335|329|62|61|285|53|322|306|48|49|28|25|25|19|271|19|23|13|24|22|28|252|15|
2015-03-18|3|1_CTs|ct7||84|92|66|49|44|43|37|42|36|26|30|29|29|18|19|16|13|27|18|14|26|18|24|31|30|254|42|65|83|91|377|138|151|182|195|181|432|435|167|413|406|390|385|421|151|195|126|151|177|150|402|169|166|159|150|150|395|421|154|448|176|178|163|195|167|183|162|163|83|83|38|321|68|65|62|108|124|165|381|389|405|401|402|129|145|108|87|613|107|116|375|111|106|375|96|116|
2015-03-18|3|1_CTs|ct8||36|44|38|26|33|21|18|22|15|9|14|21|15|12|8|8|8|14|14|9|11|7|12|20|14|19|20|39|48|51|350|78|95|379|388|109|390|382|370|354|368|84|96|125|102|137|100|115|116|100|107|107|102|89|87|108|348|114|94|378|125|128|378|121|389|145|341|141|139|125|131|134|117|136|375|128|100|102|331|353|357|598|348|69|89|77|63|571|73|67|63|61|69|325|63|57|
2015-03-18|3|1_CTs|ct9||685|339|365|83|71|105|92|299|66|42|37|28|98|26|214|17|27|24|51|289|23|17|44|28|42|29|35|311|451|295|388|450|365|1167|1193|1014|691|330|561|516|250|705|222|491|231|855|223|442|473|646|317|169|704|174|273|783|243|460|196|191|722|185|205|192|1345|332|267|211|334|517|531|343|279|583|590|503|218|218|496|484|477|194|432|382|144|135|375|633|112|107|114|388|99|354|80|90|
2015-03-18|3|1_CTs|ct10||68|53|51|44|40|29|30|21|30|30|20|16|14|18|7|14|11|8|11|6|14|17|11|14|22|19|37|35|45|65|102|155|163|153|196|163|157|166|159|144|119|127|129|114|146|133|123|122|130|131|141|138|140|137|138|130|117|148|155|144|163|134|161|152|160|148|154|153|147|162|170|143|151|168|157|153|152|147|138|143|148|143|141|129|105|86|81|85|96|98|82|84|116|102|85|100|
2015-03-18|3|1_CTs|ct13||166|428|666|360|127|106|84|311|80|46|42|37|32|42|30|66|40|47|46|54|38|51|302|66|78|82|112|366|150|181|211|284|256|287|499|209|167|478|215|216|445|234|586|289|284|776|544|575|631|552|732|628|602|491|619|542|253|251|309|248|250|459|207|216|266|490|212|786|496|232|208|465|196|236|216|213|254|220|275|222|214|243|693|1952|1716|1498|305|3274|1038|903|1473|1654|3390|2255|1849|565|
2015-03-18|3|1_CTs|ct14||298|32|30|23|18|8|253|12|6|5|7|5|9|8|2|3|4|5|6|10|11|8|12|22|22|46|69|407|492|314|811|281|515|520|499|258|503|261|259|245|249|255|229|725|702|408|209|183|170|448|199|467|466|188|171|174|189|202|204|472|179|167|216|431|143|440|148|179|173|232|487|764|238|505|500|480|462|498|489|214|208|171|399|377|126|89|89|91|84|342|81|67|65|65|74|326|
2015-03-18|3|1_CTs|CT16||106|63|77|67|36|44|39|34|30|17|20|27|21|9|16|12|20|15|278|7|10|13|45|40|38|26|32|59|54|102|385|137|190|238|445|261|200|218|477|976|195|166|136|418|161|146|157|171|155|131|688|178|416|707|130|396|156|164|158|175|428|423|410|160|395|173|429|156|183|201|483|232|216|231|498|474|227|450|208|207|450|429|394|153|126|102|112|117|360|82|376|102|92|396|74|88|
2015-03-18|3|1_CTs|ct18||104|63|67|47|52|45|35|27|35|33|21|17|18|16|13|16|13|7|17|9|20|24|15|15|34|31|52|56|80|106|159|225|238|257|258|266|246|238|226|249|218|188|197|188|217|188|178|151|174|159|202|168|210|172|182|194|178|199|238|226|229|185|225|209|180|184|187|216|175|209|213|202|190|192|211|186|196|183|210|174|205|190|161|160|138|131|111|113|127|126|113|118|144|137|91|129|
2015-03-18|3|1_CTs|ct19||0|3|0|0|0|0|0|0|0|0|0|0|0|0|1|0|0|0|0|0|0|2|1|4|1|9|4|11|8|8|11|11|8|6|14|8|6|10|8|7|8|5|12|6|3|9|6|6|4|7|3|5|13|8|8|9|6|4|5|8|4|8|6|9|5|16|6|11|8|11|6|11|8|9|7|9|5|8|5|6|6|5|5|7|3|7|5|4|1|2|2|2|2|0|1|1|
2015-03-18|3|1_CTs|ct22||7|1|1|1|0|2|0|1|3|2|0|0|0|1|1|2|3|0|0|0|3|2|0|0|1|2|1|4|6|7|9|262|24|25|28|13|20|25|22|278|35|26|274|18|22|35|29|280|31|39|290|30|31|27|24|15|36|23|284|35|31|34|31|31|45|48|282|42|313|63|67|49|57|66|46|51|54|302|35|48|42|37|27|30|15|19|16|14|8|15|9|6|10|10|16|6|
2015-03-18|3|1_CTs|CT23||152|88|87|309|32|36|38|22|23|20|13|13|16|10|8|15|265|2|10|6|16|7|9|14|19|21|34|316|79|100|224|565|578|461|670|401|901|362|312|525|538|273|253|284|551|236|257|774|524|344|348|350|378|556|408|806|295|346|347|299|812|346|353|384|635|726|568|480|1052|792|992|762|560|1141|834|588|816|1078|660|706|736|750|690|403|602|289|267|485|741|484|199|191|213|184|240|153|
2015-03-18|3|1_CTs|ct24||389|635|361|323|61|41|297|32|33|25|269|16|24|26|29|16|20|30|38|45|292|56|180|235|118|180|591|1057|1567|1079|1193|947|1116|878|1047|863|761|828|821|1103|1392|1132|909|1090|1286|1003|1021|1035|914|1051|870|1130|1109|765|1511|989|1014|857|1903|858|1298|1081|766|1275|979|1053|1248|1006|1552|841|1129|1212|895|941|1129|933|888|1585|1105|1053|980|1148|681|743|713|348|558|602|1053|535|289|511|531|742|256|222|
