2012-02-26|3|1_CTs|ct1||104|92|93|69|48|47|49|38|42|34|25|18|23|25|17|9|18|12|3|10|9|10|12|6|6|12|19|21|9|12|23|22|22|76|80|87|88|110|119|138|118|128|165|164|163|180|191|133|98|107|105|128|123|110|90|102|101|112|130|112|113|149|119|124|156|137|129|109|123|122|114|117|145|117|122|126|132|122|115|112|129|147|164|155|97|83|84|88|71|60|69|52|50|54|38|39|
2012-02-26|3|1_CTs|ct3||301|283|251|203|127|146|131|113|92|71|69|66|53|61|50|55|49|41|21|37|34|25|36|23|36|46|50|55|33|50|58|66|64|75|56|73|76|103|115|142|126|137|147|162|156|171|146|179|187|216|240|251|258|240|221|245|259|220|296|295|323|380|276|269|370|329|339|296|236|292|285|276|310|237|255|289|261|290|286|260|286|316|291|334|218|195|172|183|161|158|147|138|140|112|128|121|
2012-02-26|3|1_CTs|ct5||190|167|157|180|96|137|135|97|115|101|106|118|52|79|82|45|44|52|80|51|50|69|44|43|53|48|58|64|49|62|56|69|55|43|53|46|52|63|66|92|73|82|116|111|99|126|133|160|115|144|123|155|185|143|140|158|159|180|185|150|151|179|193|175|178|201|197|197|257|209|245|274|262|265|245|248|226|234|234|196|193|228|250|154|178|148|173|135|168|149|151|111|124|121|124|166|
2012-02-26|3|1_CTs|ct6||128|141|132|111|73|109|99|98|67|78|71|61|81|90|62|59|54|47|46|43|33|33|30|28|16|28|19|27|24|29|36|44|36|45|51|58|51|64|56|62|94|61|69|82|79|85|91|107|110|101|116|117|120|109|80|116|112|108|114|105|113|115|123|130|117|157|153|129|145|135|108|130|153|140|98|138|129|139|134|126|113|102|132|100|92|72|78|80|63|82|88|81|85|62|82|73|
2012-02-26|3|1_CTs|ct7||147|161|143|144|115|130|117|118|106|111|90|74|119|99|86|79|85|64|69|53|48|56|37|47|41|48|36|37|29|35|26|34|41|34|41|50|49|52|43|64|65|56|66|51|67|77|65|85|112|97|120|108|97|89|92|92|95|101|90|107|105|114|131|144|151|163|152|155|150|149|148|163|175|144|164|153|161|175|130|110|112|126|124|88|87|80|70|73|70|98|77|80|101|82|86|89|
2012-02-26|3|1_CTs|ct9||122|134|98|134|93|103|125|95|100|99|79|72|76|83|89|56|59|65|46|50|54|35|36|46|43|48|31|41|28|35|39|37|31|44|39|35|54|60|56|69|64|63|61|72|84|74|90|95|86|87|89|113|91|84|91|98|85|115|98|113|108|114|119|120|115|103|109|113|111|96|109|119|109|154|110|101|115|108|106|94|99|110|82|143|113|75|81|45|58|74|93|82|100|64|71|65|
2012-02-26|3|1_CTs|ct10||104|104|87|104|78|104|100|70|99|93|95|97|79|116|94|76|78|86|98|79|54|61|63|55|54|75|59|47|41|42|27|32|24|21|27|17|33|25|36|33|34|34|49|38|42|56|52|44|67|71|64|97|73|60|56|63|57|60|61|65|81|73|87|95|76|101|105|94|110|113|104|117|129|109|106|99|85|108|88|77|69|84|68|59|62|72|49|49|64|48|51|52|52|55|48|49|
2012-02-26|3|1_CTs|CT11||24|33|33|43|23|36|27|34|23|27|29|26|33|25|32|20|16|32|34|23|35|21|26|20|12|23|14|18|15|17|20|27|19|18|16|20|20|18|22|32|35|30|29|29|31|31|30|32|31|34|33|40|29|25|24|38|38|37|35|42|38|33|28|36|28|38|32|37|33|33|43|43|34|31|34|40|30|33|28|30|31|22|32|28|37|28|40|33|33|31|37|26|24|25|32|29|
2012-02-26|3|1_CTs|CT12||35|24|28|32|31|37|35|37|41|42|40|38|30|53|46|42|43|49|55|49|29|36|43|34|40|51|25|27|27|26|25|23|20|12|13|9|19|14|21|14|10|14|20|13|17|24|18|15|19|21|16|25|20|21|16|16|20|17|16|20|20|18|14|22|19|18|24|21|21|21|14|20|19|16|27|21|20|29|27|29|26|27|13|20|21|32|12|21|21|18|18|22|24|16|14|18|
2012-02-26|3|1_CTs|CT16||20|31|30|28|32|24|19|21|26|24|18|25|11|19|18|15|9|26|20|19|15|18|6|10|10|8|8|6|7|10|10|6|3|8|10|9|12|11|6|8|11|8|8|14|8|13|16|12|20|13|20|16|24|13|28|22|17|20|16|18|18|26|26|25|33|31|28|28|32|32|38|39|34|39|33|44|38|33|26|19|29|27|21|21|22|16|25|13|15|22|16|16|12|19|10|15|
2012-02-26|3|1_CTs|ct17||104|99|96|114|94|87|80|73|54|87|59|73|52|56|60|55|63|64|64|64|54|59|51|54|34|50|43|37|44|44|32|37|28|33|43|26|49|48|47|68|66|57|73|77|91|89|85|90|116|119|146|147|150|147|140|149|114|136|123|147|149|161|147|162|161|179|193|182|221|196|185|189|201|213|182|178|161|155|154|111|139|143|122|85|93|99|84|80|79|75|84|72|61|60|62|57|
2012-02-26|3|1_CTs|ct18||148|150|134|157|108|142|135|119|133|124|136|126|98|156|117|96|98|107|127|92|69|83|82|75|67|78|77|68|52|63|47|40|33|30|49|30|56|52|48|55|63|50|69|55|69|80|77|84|99|101|100|125|111|116|92|101|90|98|102|97|142|138|118|157|120|147|148|144|167|175|158|186|178|189|151|172|148|155|137|127|113|128|109|89|98|98|87|82|93|82|93|82|75|68|66|69|
2012-02-26|3|1_CTs|ct19||0|0|1|0|0|1|0|1|1|1|0|0|0|0|0|0|0|0|0|0|0|0|1|1|0|3|0|2|4|0|1|3|3|2|2|4|1|6|3|2|5|6|3|3|2|2|2|3|4|4|2|4|4|3|8|5|2|9|2|5|2|3|4|2|4|3|6|6|3|5|3|4|4|1|4|3|4|5|5|2|5|5|3|5|0|6|1|4|1|1|1|1|1|3|0|2|
2012-02-26|3|1_CTs|ct20||121|108|129|104|105|95|75|79|64|73|64|69|64|66|46|45|52|34|44|47|34|29|27|28|20|30|21|28|35|37|35|42|39|37|37|39|47|51|72|80|74|86|98|92|85|103|105|121|125|150|150|149|127|128|141|151|139|131|163|152|162|139|142|171|160|167|161|166|151|157|172|170|160|177|161|177|164|146|139|155|123|123|129|91|96|93|87|101|85|92|81|71|61|49|72|58|
2012-02-26|3|1_CTs|ct22||18|4|9|4|3|6|2|7|6|1|3|4|1|8|0|5|2|0|2|1|2|3|0|2|3|2|3|5|0|0|4|2|4|1|2|1|2|4|5|0|4|4|7|4|5|7|2|10|10|9|2|6|6|9|8|10|8|7|2|7|7|7|5|5|10|6|6|7|11|8|5|10|17|11|9|8|10|14|11|5|3|9|13|16|6|4|5|10|8|6|7|5|2|4|4|23|
2012-02-26|3|1_CTs|CT23||131|86|68|60|64|58|42|29|66|41|30|39|43|36|23|25|29|28|18|26|9|19|16|11|8|30|15|23|15|32|38|41|36|43|59|44|44|57|63|79|51|61|84|99|79|125|110|104|108|138|157|149|169|133|115|110|115|97|121|105|135|143|145|131|147|153|131|140|158|173|143|146|158|149|186|162|152|141|120|137|119|148|199|144|94|99|102|82|91|86|80|66|65|66|64|70|
2012-02-26|3|1_CTs|ct24||285|243|282|213|205|179|166|162|112|102|92|94|98|70|70|52|61|71|48|59|55|56|65|56|72|97|95|104|101|123|181|184|127|123|172|186|178|217|281|355|286|268|295|307|346|372|382|412|400|432|442|476|456|480|494|453|428|449|566|594|579|636|671|708|660|658|625|690|720|772|742|813|724|689|704|662|653|602|582|578|521|519|492|386|333|334|292|307|315|340|305|283|201|218|173|154|
