2014-05-16|6|1_CTs|CT1||1|1|0|0|0|0|0|0|0|0|0|1|0|0|0|1|0|0|1|1|3|2|2|5|5|5|4|1|3|4|7|38|128|89|67|81|22|39|18|25|9|22|2|11|6|4|6|5|6|7|4|4|6|5|20|3|1|5|8|2|3|5|1|2|7|6|4|7|12|4|8|5|3|24|23|1|5|6|7|3|2|5|5|4|3|4|3|1|1|1|3|1|2|3|1|2|
2014-05-16|6|1_CTs|CT3||17|18|10|20|15|8|3|5|1|1|2|3|4|5|7|4|6|8|15|14|18|24|29|27|31|34|28|31|37|65|77|77|105|128|110|106|109|86|76|61|67|57|54|59|50|60|55|53|55|71|61|72|40|55|62|47|52|51|67|61|47|55|47|50|44|48|66|72|58|60|53|72|67|61|68|55|63|63|38|51|41|42|34|39|45|34|26|19|15|18|22|15|26|40|19|16|
2014-05-16|6|1_CTs|CT4||10|4|3|6|2|5|5|4|2|2|1|1|1|1|2|2|1|1|0|4|2|0|2|1|2|1|0|4|7|15|12|29|60|52|31|34|40|7|23|23|29|26|25|21|17|17|28|29|20|28|24|30|44|35|17|33|13|26|30|30|25|35|35|38|40|15|29|45|32|42|51|39|42|44|41|39|42|27|48|33|39|16|35|29|24|29|21|17|19|11|14|15|14|16|17|9|
2014-05-16|6|1_CTs|CT5||27|17|19|21|15|10|17|7|10|7|10|8|5|5|6|10|8|7|7|9|16|7|11|11|11|14|18|18|17|25|47|52|64|81|91|120|119|78|73|74|96|75|83|66|72|61|59|80|66|64|62|77|79|60|68|62|72|84|78|84|71|66|57|73|79|72|80|74|82|78|76|54|82|88|68|81|74|64|65|61|83|56|51|57|56|46|24|35|37|32|26|35|20|21|23|30|
2014-05-16|6|1_CTs|CT6||29|38|20|15|15|9|10|7|9|4|13|1|4|3|10|7|4|7|8|12|8|15|11|23|16|15|21|23|23|46|88|91|154|189|192|173|195|136|137|119|98|92|124|79|88|102|79|90|84|93|102|76|87|108|91|109|99|123|122|109|122|96|127|92|117|124|123|129|145|149|116|106|114|132|104|102|115|101|103|96|79|88|82|96|79|76|86|72|63|64|50|59|58|43|38|51|
2014-05-16|6|1_CTs|CT7||6|4|3|5|3|2|2|2|0|1|0|0|2|1|3|3|4|2|1|2|3|5|3|2|4|2|6|11|9|14|18|23|42|37|49|41|38|39|40|39|32|29|20|20|22|19|23|21|28|23|32|25|27|25|29|21|28|24|24|23|28|23|19|25|29|26|29|28|32|34|33|37|31|37|43|35|21|26|27|21|17|11|19|20|20|23|12|10|16|19|7|15|13|6|12|7|
2014-05-16|6|1_CTs|CT8||60|45|28|23|23|21|23|19|16|22|12|13|23|18|14|8|6|14|10|5|11|10|21|24|26|36|54|52|79|115|184|185|231|212|211|198|209|189|187|195|166|161|177|149|154|140|126|143|157|148|160|171|138|154|158|140|169|166|154|152|157|168|162|177|163|198|171|199|199|198|232|188|209|227|219|197|172|190|171|177|197|170|184|146|135|118|128|100|95|90|83|96|92|78|91|101|
2014-05-16|6|1_CTs|CT9||60|56|38|34|26|22|31|21|22|12|18|10|11|11|16|13|10|9|7|14|19|19|29|35|44|45|54|65|92|112|183|300|298|360|373|361|309|318|257|246|227|238|200|206|207|190|175|199|189|192|168|191|208|217|186|206|182|245|188|218|206|213|209|235|230|222|242|256|234|231|290|258|239|262|285|295|258|221|207|214|173|186|163|140|133|134|122|119|116|100|103|88|107|87|88|81|
2014-05-16|6|1_CTs|CT10||43|38|29|27|23|16|17|22|13|8|9|11|4|17|12|6|8|6|15|11|13|16|22|20|29|26|34|49|52|65|117|124|172|172|182|153|199|209|188|207|141|135|156|169|135|159|145|157|153|154|158|153|154|158|156|142|107|156|168|184|165|153|196|176|151|194|220|250|237|257|257|276|247|246|249|269|287|236|211|210|178|173|180|157|146|129|111|75|70|74|88|63|45|63|59|47|
2014-05-16|6|1_CTs|CT11||37|28|20|14|15|12|12|11|7|9|9|10|8|5|4|7|9|12|4|6|16|16|15|22|37|46|52|62|105|134|244|309|254|309|273|232|299|262|274|252|207|229|181|188|193|188|172|201|157|172|187|189|200|172|195|174|178|198|192|194|138|193|196|220|212|218|239|189|236|157|201|184|199|180|155|157|153|163|144|157|155|148|133|128|141|138|97|100|72|81|57|69|54|49|55|54|
2014-05-16|6|1_CTs|CT12||44|47|37|37|19|16|16|19|14|12|16|9|9|12|7|9|9|11|11|11|14|20|19|25|26|33|40|57|62|92|134|181|269|306|294|282|289|276|244|207|213|185|180|198|173|201|176|200|181|195|200|189|199|211|176|208|164|200|199|218|205|218|227|231|222|250|269|346|312|361|344|260|306|283|336|248|299|298|278|263|225|224|194|155|173|134|119|98|111|120|94|94|71|76|82|62|
2014-05-16|6|1_CTs|CT15||14|15|11|9|6|7|6|7|5|7|3|4|3|8|5|2|2|5|7|9|21|17|15|20|22|25|35|36|36|72|91|138|194|187|200|169|191|145|127|96|98|87|98|85|61|96|72|81|70|89|77|85|93|94|78|76|72|89|70|67|72|81|80|69|81|106|93|99|76|100|112|107|99|119|112|96|86|77|69|69|60|67|55|65|62|48|48|36|47|42|35|24|32|24|24|21|
2014-05-16|6|1_CTs|CT16||55|28|25|21|25|17|16|18|8|10|7|14|8|15|11|11|10|9|13|9|15|17|16|18|34|37|38|57|77|95|172|228|338|310|278|289|294|281|293|275|222|200|185|185|198|182|201|187|181|183|194|196|198|197|179|160|149|182|205|202|196|170|205|204|212|206|236|214|236|220|215|238|217|253|238|210|197|180|162|177|171|163|161|149|155|168|137|92|89|97|75|78|66|74|67|65|
2014-05-16|6|1_CTs|CT17||20|20|16|24|16|9|9|5|7|7|6|6|6|4|5|5|7|0|5|6|7|3|2|5|4|9|6|5|18|33|32|63|81|102|77|70|79|66|62|71|57|53|60|65|67|59|75|60|71|78|75|72|72|74|69|64|83|62|62|54|88|71|80|69|77|72|71|99|80|92|86|86|74|77|83|96|88|105|105|79|64|78|77|57|56|60|54|44|57|46|38|41|53|41|40|32|
2014-05-16|6|1_CTs|CT18||65|50|44|57|39|33|35|25|19|28|21|22|17|24|13|22|15|13|15|16|23|28|23|30|31|49|46|56|102|117|195|254|311|342|284|251|148|246|298|313|287|246|270|233|218|232|234|250|214|238|222|234|237|231|200|206|212|246|256|239|240|242|243|261|250|239|262|285|299|308|298|275|281|309|291|302|274|235|244|213|254|217|190|185|194|189|173|136|131|132|107|117|97|80|93|91|
2014-05-16|6|1_CTs|CT19||42|35|27|41|21|25|23|17|21|17|14|9|9|7|13|12|8|8|9|10|7|5|7|9|8|6|13|22|21|36|53|93|157|181|139|170|170|167|137|132|136|128|109|122|134|153|145|129|137|140|145|151|144|125|130|131|143|134|131|133|154|141|133|149|169|150|188|200|192|204|222|232|222|222|217|219|222|202|175|175|163|143|145|91|104|132|76|83|103|70|83|92|62|71|72|49|
2014-05-16|6|1_CTs|CT20||21|21|21|15|11|14|13|6|8|5|5|5|6|6|7|4|5|4|8|7|10|15|12|10|13|23|16|31|37|40|74|97|119|162|109|150|141|140|128|130|50|79|110|17|114|122|135|123|104|117|117|98|31|77|105|122|116|104|36|117|124|108|129|110|7|43|109|24|107|146|105|31|96|61|100|139|9|149|124|32|79|47|50|26|79|72|17|77|34|56|75|54|11|63|60|50|
2014-05-16|6|1_CTs|CT21||84|62|53|57|34|29|35|15|19|7|20|17|18|18|23|14|13|29|30|34|42|46|55|55|62|73|76|94|143|186|277|301|308|394|381|337|356|353|321|294|246|225|241|238|227|207|213|213|211|224|218|264|200|190|206|210|236|218|262|224|218|245|249|229|209|217|278|235|222|262|245|238|216|238|245|232|265|223|213|187|223|207|186|181|174|159|159|142|115|108|117|126|95|120|95|96|
2014-05-16|6|1_CTs|CT22||111|97|99|96|110|87|61|51|41|33|29|28|35|24|37|26|27|30|55|52|62|48|58|54|63|65|68|76|94|150|136|203|206|261|303|312|297|258|263|246|249|262|257|267|248|279|231|274|293|275|277|235|251|240|256|232|239|257|282|256|307|277|290|310|342|319|321|358|393|415|416|423|429|432|433|438|389|369|391|329|302|307|320|236|226|176|182|196|174|194|177|160|158|144|148|135|
2014-05-16|6|1_CTs|CT23||76|68|49|47|45|34|27|20|29|30|18|12|29|19|22|13|16|14|17|15|20|31|33|39|46|61|83|90|118|169|259|297|363|365|362|351|354|356|321|301|272|254|252|248|226|216|211|203|219|233|245|265|245|244|229|243|232|288|261|274|254|279|278|291|249|313|287|309|311|342|317|345|326|314|320|313|294|307|282|266|254|243|241|236|226|167|186|169|120|153|120|128|124|121|123|139|
2014-05-16|6|1_CTs|CT24||88|89|60|87|92|45|44|37|30|26|23|9|18|15|24|27|23|28|28|31|26|32|27|34|37|47|60|90|107|146|188|245|304|334|370|349|359|357|366|319|280|307|265|274|287|244|252|282|277|283|264|233|251|267|251|222|246|257|257|296|322|296|304|308|329|357|370|386|422|428|423|425|417|486|466|422|451|415|367|351|346|309|273|291|191|166|183|153|157|139|141|150|129|133|125|133|
