2015-09-04|2|1_CTs|ct1||76|94|76|60|47|33|34|31|521|28|17|19|274|17|18|19|10|18|20|17|21|26|38|38|41|52|321|73|76|587|144|147|145|179|173|200|197|179|434|209|213|197|443|436|198|204|431|698|709|208|185|473|462|195|182|505|401|199|229|217|223|216|429|187|436|182|198|189|148|454|170|156|422|158|156|160|166|428|180|185|403|427|940|188|434|396|429|196|188|183|448|137|388|141|141|116|
2015-09-04|2|1_CTs|ct2||52|45|48|35|31|27|32|30|515|20|16|18|268|17|12|17|8|15|13|13|8|12|16|24|27|29|28|26|18|28|32|54|53|325|71|85|92|84|331|360|97|91|585|93|366|102|111|128|108|99|350|100|96|104|95|423|282|75|96|109|340|364|112|104|334|91|360|97|99|109|96|90|97|81|97|102|80|90|85|102|355|108|872|116|357|325|301|60|23|0|271|86|329|342|91|69|
2015-09-04|2|1_CTs|ct3||113|95|105|86|62|57|61|300|36|36|31|23|35|24|14|20|20|534|14|270|22|28|33|47|44|45|60|69|63|92|103|142|624|138|164|142|174|181|171|202|188|456|203|186|238|227|481|222|455|219|196|416|226|452|200|417|187|176|466|843|607|227|210|204|697|201|218|214|170|187|190|204|181|178|181|198|422|193|182|655|427|181|454|453|188|164|377|407|152|155|160|181|139|157|159|149|
2015-09-04|2|1_CTs|ct4||58|55|65|53|43|44|38|33|285|18|24|283|22|18|16|17|22|17|18|17|16|18|20|282|24|280|26|34|51|51|68|88|55|347|111|106|136|101|119|137|139|97|125|404|133|367|129|405|134|128|114|407|134|119|110|209|585|136|123|135|121|245|242|129|126|378|101|357|353|149|121|108|99|117|116|359|365|117|102|363|369|104|97|100|95|71|79|101|83|82|358|348|340|335|89|83|
2015-09-04|2|1_CTs|ct5||377|359|96|97|84|59|56|49|44|28|30|35|36|29|277|276|32|23|23|27|33|23|31|32|286|539|41|302|56|49|350|111|100|133|438|165|183|424|413|182|219|197|200|231|237|216|465|479|720|218|227|223|702|220|456|279|680|463|213|215|476|226|485|213|466|213|228|472|190|233|216|206|206|211|192|193|433|179|421|175|183|161|167|420|151|145|404|140|388|165|170|146|136|147|386|417|
2015-09-04|2|1_CTs|ct6||0|0|0|0|0|0|0|0|0|0|0|0|0|0|0|0|0|0|0|0|0|0|0|0|0|0|0|0|0|0|0|0|0|0|0|0|0|0|0|0|0|0|0|23|974|203|289|60|56|51|59|55|52|50|49|47|61|53|70|71|325|56|598|176|0|3|0|0|0|0|0|0|0|0|0|0|0|0|0|0|0|0|0|0|0|0|0|0|0|0|0|0|0|0|0|0|
2015-09-04|2|1_CTs|ct17||116|117|132|111|84|79|74|58|53|45|45|37|40|39|21|26|28|31|24|33|33|283|39|59|62|62|65|72|75|114|393|151|378|182|435|169|209|209|483|242|248|235|266|511|241|270|509|486|756|240|493|506|508|209|986|480|244|249|513|491|232|502|482|204|227|263|501|490|479|209|241|222|236|274|474|471|237|489|734|478|736|219|215|216|493|687|683|177|433|429|431|439|148|174|199|182|
2015-09-04|2|1_CTs|CT19||51|43|35|30|25|29|13|18|19|15|20|9|11|6|9|10|9|8|5|11|10|6|5|12|8|13|23|28|31|51|57|72|76|78|331|103|79|98|347|353|141|108|388|135|142|112|413|1071|355|375|102|121|135|112|1089|420|565|369|370|640|99|394|105|128|142|137|142|139|118|127|143|369|108|131|374|388|109|132|616|606|340|361|106|349|93|319|66|64|59|68|81|324|50|60|66|59|
2015-09-04|2|1_CTs|CT20||58|54|38|35|34|34|42|31|33|34|27|280|15|15|12|10|9|14|10|10|6|11|12|14|9|11|20|21|23|30|42|49|310|81|577|329|332|330|337|80|70|87|79|84|332|81|319|329|76|330|71|324|336|333|321|72|52|83|59|335|73|74|327|59|75|69|323|69|88|73|82|75|81|93|65|330|308|581|85|590|94|98|334|326|66|317|312|288|47|57|313|72|61|71|326|58|
2015-09-04|2|1_CTs|CT21||289|27|22|20|21|19|22|15|17|9|16|12|7|6|3|4|6|5|7|6|2|3|3|4|6|5|12|10|10|19|24|29|33|42|296|282|42|36|53|318|45|306|57|66|293|304|310|577|48|53|297|48|56|293|304|42|295|43|41|309|58|50|53|310|298|56|55|64|293|44|59|300|59|41|53|45|35|36|50|48|61|301|309|1036|42|36|30|19|270|32|526|45|34|29|41|42|
