2013-06-02|2|1_CTs|ct1||72|78|93|59|52|54|32|83|60|53|42|40|35|38|43|31|30|33|29|28|28|26|21|19|17|26|29|36|24|28|42|41|38|37|62|68|58|56|78|77|97|111|119|116|118|101|102|115|107|117|104|97|132|122|105|117|113|125|154|164|153|159|117|124|166|166|195|160|143|140|138|134|131|133|143|127|130|133|155|142|118|124|130|112|110|93|105|114|88|103|87|71|70|69|67|63|
2013-06-02|2|1_CTs|ct2||52|51|68|51|38|52|30|54|45|41|44|44|35|55|43|32|33|43|27|28|25|29|35|21|24|29|32|25|17|21|28|24|29|34|55|50|60|60|32|56|68|59|37|75|73|54|71|72|68|52|51|57|62|68|47|67|53|56|92|81|123|75|134|153|100|71|171|92|79|70|69|73|62|67|80|72|71|67|74|64|79|79|77|62|64|76|67|65|58|58|69|56|50|60|41|48|
2013-06-02|2|1_CTs|ct3||2|2|3|3|4|2|7|105|95|82|68|68|55|69|64|58|58|60|42|56|49|50|43|39|31|44|47|43|29|30|48|41|46|54|67|72|70|82|66|112|114|95|121|125|147|111|135|143|140|109|115|96|109|118|107|126|96|125|127|156|134|169|144|155|158|168|180|198|184|155|146|162|139|131|167|141|151|139|156|138|121|151|132|140|122|105|103|114|118|114|95|79|83|69|72|61|
2013-06-02|2|1_CTs|ct4||53|66|57|62|62|54|68|53|59|57|57|49|46|52|54|38|48|48|41|50|43|40|34|25|47|29|30|38|23|29|21|27|27|36|24|26|36|48|51|66|62|63|58|61|62|66|77|62|67|81|70|76|73|65|71|76|63|73|86|97|80|74|83|88|81|91|82|55|3|2|0|1|51|59|63|80|90|88|69|80|74|81|82|61|67|51|54|69|57|52|63|66|55|67|57|55|
2013-06-02|2|1_CTs|ct5||2|2|4|2|3|7|15|111|87|85|88|74|78|66|73|62|59|68|55|68|60|70|50|39|51|46|42|46|34|32|42|44|45|64|51|50|59|75|85|82|90|93|101|102|116|118|130|143|126|113|125|142|122|110|106|123|120|123|126|149|156|146|145|148|160|153|164|158|90|107|98|106|125|133|144|147|144|154|141|139|135|129|124|104|108|103|103|116|101|99|96|103|104|112|88|75|
2013-06-02|2|1_CTs|ct6||98|114|137|118|80|80|60|97|72|62|74|53|64|58|72|51|42|66|53|53|48|62|44|29|36|33|34|33|31|22|34|35|31|37|25|39|42|49|53|52|73|67|50|81|64|68|66|74|81|82|73|82|88|59|80|88|70|94|92|108|104|113|121|101|101|114|107|107|83|89|81|90|103|115|108|131|119|134|156|153|99|104|96|95|91|75|87|92|85|77|74|85|82|80|77|88|
2013-06-02|2|1_CTs|ct17||2|4|6|3|3|1|7|93|101|89|74|66|57|66|67|53|52|49|40|49|52|40|30|31|21|43|37|25|25|26|30|25|49|43|43|59|59|66|83|88|102|99|126|110|137|107|121|145|124|116|112|90|112|118|82|94|108|110|120|134|124|168|145|164|156|169|172|193|187|142|167|135|149|119|151|146|148|145|142|145|136|139|142|137|125|97|93|116|104|95|88|67|80|76|90|49|
2013-06-02|2|1_CTs|CT19||10|15|22|19|25|24|26|53|52|41|36|38|39|35|42|36|23|13|17|25|12|9|12|9|11|22|16|13|13|13|22|14|28|19|17|26|23|27|38|43|48|64|47|56|67|60|45|76|73|51|56|50|57|65|48|56|57|53|61|93|54|116|86|104|92|84|92|95|1|0|0|5|45|81|83|77|99|93|68|85|78|78|91|72|70|60|63|78|67|47|45|41|39|30|51|34|
2013-06-02|2|1_CTs|CT20||68|68|53|81|76|74|87|59|57|56|44|40|47|53|47|43|28|36|30|16|23|20|23|9|4|9|15|15|7|15|18|12|16|27|15|28|32|36|31|75|39|41|47|64|46|44|57|52|52|44|46|46|61|52|59|42|51|40|47|61|58|36|21|29|22|32|33|28|11|5|3|2|15|29|21|43|67|67|51|53|68|57|58|48|44|42|45|36|41|37|50|37|36|39|40|33|
2013-06-02|2|1_CTs|CT21||36|36|26|38|36|36|37|37|26|29|24|22|23|20|12|14|14|11|11|9|13|7|9|10|5|8|3|9|3|9|8|7|7|18|12|16|15|28|27|38|26|35|41|42|41|34|33|35|41|38|28|34|44|32|51|32|39|33|27|49|46|7|6|1|2|3|4|1|0|0|2|0|3|0|1|16|48|48|30|35|46|37|35|35|20|25|25|22|19|23|38|22|17|21|28|21|
