2014-12-14|3|1_CTs|ct1||76|88|65|81|348|73|53|44|39|32|33|23|28|18|20|267|274|11|16|14|12|10|5|9|9|11|16|11|14|25|24|21|285|42|40|318|35|36|11|0|3|1|1|0|1|0|0|0|0|435|113|134|101|160|131|129|373|114|128|420|409|161|161|153|414|163|422|134|136|132|386|158|146|369|129|122|101|106|101|131|415|402|112|316|68|56|63|47|84|73|54|310|36|42|48|45|
2014-12-14|3|1_CTs|ct3||395|134|123|405|388|129|88|63|320|46|51|40|47|43|28|36|33|27|53|26|26|272|48|32|23|47|317|30|32|49|307|59|302|77|365|123|97|321|29|0|9|9|11|4|4|7|4|2|2|182|155|413|166|193|215|190|428|168|214|476|476|222|474|212|480|202|230|220|205|208|451|212|210|205|685|164|153|653|143|138|159|164|144|364|89|69|92|603|89|339|71|79|326|50|59|54|
2014-12-14|3|1_CTs|ct5||148|179|165|175|405|155|127|109|117|352|61|332|50|61|51|45|296|35|52|288|36|266|21|26|22|32|24|25|285|36|30|57|55|309|67|66|55|295|41|45|46|51|48|54|309|62|2|0|44|374|424|193|165|200|183|140|148|127|139|389|435|161|424|454|228|243|240|211|225|190|444|226|214|250|249|232|223|239|465|231|428|229|262|382|101|92|88|102|134|121|105|101|113|362|100|94|
2014-12-14|3|1_CTs|ct6||18|17|5|6|11|10|4|5|5|3|0|4|3|3|0|5|1|2|259|4|2|1|2|4|0|4|5|1|4|8|6|7|3|7|7|7|8|12|10|10|265|7|11|9|20|19|12|23|18|20|26|18|28|23|24|281|13|280|30|30|35|36|42|39|37|32|40|43|52|56|44|33|50|37|37|32|20|32|281|24|24|15|21|13|15|269|13|10|24|16|23|9|12|18|7|11|
2014-12-14|3|1_CTs|ct7||153|168|170|151|128|143|140|384|402|115|107|340|70|110|300|71|331|73|92|67|51|47|46|305|48|51|38|41|47|42|289|58|304|55|62|50|9|5|2|6|2|6|5|1|3|19|17|5|7|286|104|377|127|400|402|138|375|101|401|135|150|139|413|197|221|460|197|220|190|191|203|424|187|637|391|425|444|196|176|454|152|408|158|125|98|96|336|92|111|101|94|343|100|88|75|329|
2014-12-14|3|1_CTs|ct8||76|352|354|81|67|71|80|69|64|51|49|38|37|42|28|34|296|32|35|28|27|18|19|17|17|17|16|23|20|25|17|290|28|23|25|33|5|0|2|3|3|1|5|5|6|38|77|36|49|329|56|330|60|72|76|80|61|65|325|65|86|75|348|125|129|128|108|130|119|101|117|592|122|363|106|102|602|94|93|115|84|349|97|59|48|46|295|54|59|55|50|38|59|27|287|276|
2014-12-14|3|1_CTs|ct9||569|303|212|432|142|368|125|147|401|132|121|355|86|91|104|92|77|69|102|60|69|301|56|39|52|38|45|49|310|46|52|44|56|39|47|71|73|59|391|441|130|128|187|452|392|721|138|365|182|690|154|375|130|182|157|137|125|137|134|132|156|133|188|417|176|188|335|187|182|184|712|434|154|437|163|192|170|154|151|189|186|396|109|642|104|79|72|92|120|618|97|373|104|112|66|97|
2014-12-14|3|1_CTs|ct10||100|107|93|94|113|87|105|113|102|111|124|105|88|88|100|92|75|97|87|79|79|52|56|55|38|52|54|36|25|42|35|35|32|28|30|35|39|46|44|45|73|71|61|87|75|95|99|121|94|109|104|109|92|105|109|98|64|85|92|99|99|122|120|148|141|125|159|144|144|168|156|167|143|139|122|127|121|130|113|128|109|91|89|71|62|72|66|63|89|71|61|65|49|61|65|67|
2014-12-14|3|1_CTs|ct13||374|2979|893|1405|273|291|327|869|964|641|667|474|947|451|424|558|151|831|1274|948|14|0|789|505|98|810|793|488|164|634|410|2668|445|112|2922|274|165|1018|833|446|687|644|871|794|1187|1257|688|530|827|767|618|263|598|320|719|592|235|449|1217|3207|201|189|952|678|630|372|662|570|1367|323|512|587|506|705|318|399|524|863|289|956|310|186|632|732|1227|261|241|269|469|690|675|370|712|1441|2121|715|
2014-12-14|3|1_CTs|ct14||348|61|64|46|552|37|46|28|30|33|20|36|34|275|16|18|265|11|19|264|9|8|12|11|13|13|20|677|277|42|322|327|35|58|1075|84|311|323|91|347|159|165|177|218|151|144|137|146|408|146|385|386|124|146|114|110|161|326|371|137|173|160|166|435|154|422|184|185|206|434|461|444|160|393|397|166|128|128|136|115|111|85|79|55|66|56|54|60|96|90|90|81|65|61|49|49|
2014-12-14|3|1_CTs|CT16||346|107|376|108|352|107|86|367|82|99|78|64|79|62|318|41|313|59|56|296|297|42|37|35|37|17|28|295|54|36|34|280|295|24|21|49|41|41|49|43|62|316|115|82|65|111|22|25|67|104|108|74|98|131|67|108|101|91|101|342|107|110|131|886|152|164|406|139|149|169|173|395|142|157|166|172|139|126|133|127|131|107|76|358|76|69|79|330|80|99|96|331|342|65|57|317|
2014-12-14|3|1_CTs|ct18||131|132|120|128|137|115|145|132|123|134|137|127|107|106|125|102|95|104|95|90|82|66|68|75|54|59|60|51|43|63|52|52|45|41|50|61|66|72|76|78|109|116|101|138|100|144|137|145|123|141|121|137|154|137|159|126|117|154|104|150|142|178|180|214|204|180|189|215|193|225|215|214|186|194|183|176|160|164|155|154|137|125|111|96|88|92|91|88|108|104|89|97|84|76|82|71|
2014-12-14|3|1_CTs|ct19||2|0|0|0|0|0|2|0|0|0|2|1|0|0|0|0|0|0|0|0|2|1|0|2|2|1|0|2|1|0|0|2|1|0|2|1|2|5|0|3|0|3|2|1|2|1|1|1|5|3|4|2|2|3|0|1|2|1|4|0|7|1|3|1|2|2|4|0|1|5|3|7|2|1|5|0|0|1|2|3|3|2|1|3|0|2|0|3|0|0|1|0|0|1|0|2|
2014-12-14|3|1_CTs|ct20||0|0|0|0|0|0|0|0|0|0|0|0|0|0|0|0|0|0|0|0|0|0|0|0|0|0|0|0|0|0|0|0|0|0|0|0|0|0|0|0|0|0|0|0|0|0|0|0|0|0|0|0|0|0|0|0|0|0|0|0|0|0|0|0|1|0|0|0|0|0|0|0|0|0|0|0|0|0|0|0|0|0|0|0|0|0|0|0|0|0|0|0|0|0|0|0|
2014-12-14|3|1_CTs|ct22||7|1|8|5|8|4|4|8|3|2|4|1|5|2|3|1|5|0|0|4|3|2|3|0|2|2|0|3|259|1|5|1|0|5|4|4|4|13|3|3|3|12|6|11|10|6|6|5|9|5|4|6|11|12|2|6|12|13|9|7|13|11|8|266|14|11|11|8|9|13|19|6|10|272|9|9|8|12|6|6|10|10|4|6|259|2|6|7|9|4|9|2|1|1|1|8|
2014-12-14|3|1_CTs|CT23||1192|2153|1097|1013|2809|4173|4361|2683|668|3551|4769|1796|916|4088|2092|1440|4587|4789|5308|5549|5065|4928|3260|4603|4570|4774|5066|3497|277|128|293|37|606|2098|4872|5024|5087|3417|1256|153|11|2420|926|21|19|143|147|178|114|430|226|208|178|217|211|211|238|1730|1743|1162|665|708|833|446|599|570|621|368|813|377|360|808|434|701|359|328|301|275|242|386|3013|4187|4522|4556|4301|3183|2792|3887|3588|4059|4284|4529|4689|4635|4083|2181|
2014-12-14|3|1_CTs|ct24||1031|263|224|491|222|438|462|653|157|120|89|134|359|338|329|67|299|62|52|314|52|49|58|57|64|91|100|621|598|425|456|232|408|490|837|924|568|620|899|1029|1004|494|810|533|514|494|494|774|1062|1057|582|1084|649|658|959|588|592|816|632|687|1283|1052|855|1025|1286|762|1055|1043|1049|1034|776|724|642|653|615|599|801|826|807|474|668|372|358|563|524|494|250|721|366|616|319|292|221|242|216|183|
