2013-02-22|22|1_CTs|CT1||19|12|8|8|7|5|3|4|3|4|1|3|7|2|3|3|3|2|4|5|9|11|15|16|26|23|23|30|32|57|82|140|186|194|202|206|188|160|155|108|101|78|81|77|73|70|75|65|73|96|88|79|100|84|72|73|82|81|76|88|76|93|85|82|98|73|88|83|99|92|106|100|123|159|105|103|69|86|73|61|54|59|61|72|48|34|26|29|30|23|29|24|19|21|29|25|
2013-02-22|22|1_CTs|CT2||39|34|19|19|15|16|12|7|9|4|8|7|6|3|8|6|5|7|4|11|7|35|19|35|44|52|45|67|75|72|136|186|233|294|276|354|321|265|235|194|163|166|171|161|143|226|144|147|142|170|180|170|184|191|167|162|174|174|150|162|201|158|182|166|203|199|207|228|224|217|239|254|286|357|262|257|218|217|182|176|162|141|113|110|81|76|62|66|61|65|69|63|43|51|59|47|
2013-02-22|22|1_CTs|CT3||40|53|31|28|19|29|12|12|14|8|16|11|9|9|9|7|10|6|3|6|14|18|18|38|42|44|53|78|97|90|146|271|331|363|363|432|320|366|331|246|205|174|205|194|171|210|178|183|182|199|235|198|197|218|192|228|221|233|184|211|239|217|241|200|263|273|279|265|263|305|296|315|341|368|325|306|254|232|214|191|155|196|164|131|125|104|101|102|86|90|84|88|74|76|91|63|
2013-02-22|22|1_CTs|CT4||31|31|25|17|14|12|13|15|6|8|12|6|8|11|3|1|6|5|9|6|12|15|16|15|26|31|36|48|55|78|103|150|183|207|202|208|208|190|219|202|186|164|146|144|142|149|153|132|141|148|156|187|170|181|167|141|126|151|156|138|161|156|164|157|185|193|201|208|223|231|212|250|253|267|276|266|245|272|225|240|213|179|134|114|117|85|101|61|56|72|49|46|55|54|55|44|
2013-02-22|22|1_CTs|CT5||31|37|22|22|20|13|9|8|12|12|9|10|6|5|5|7|5|10|10|6|12|18|23|23|31|38|43|57|53|82|107|167|270|305|255|303|311|281|236|230|210|186|176|157|129|169|169|185|151|155|169|206|206|220|179|173|166|196|180|189|195|182|185|193|219|224|274|262|263|301|290|297|281|328|335|324|291|284|268|256|228|202|161|158|130|87|103|76|72|79|65|66|66|64|64|64|
2013-02-22|22|1_CTs|CT6||32|28|14|16|18|5|3|5|9|5|13|5|4|4|4|7|4|6|5|6|11|20|17|16|20|18|32|32|33|39|65|62|72|123|99|103|119|107|122|98|98|64|97|77|82|119|106|94|92|100|107|114|111|119|102|84|106|95|108|94|122|99|115|110|147|124|142|152|174|163|184|190|173|192|197|212|212|211|206|176|167|143|110|71|54|68|58|53|46|60|44|38|46|37|61|34|
2013-02-22|22|1_CTs|CT7||7|6|1|2|4|0|3|1|1|0|2|1|0|2|1|1|2|2|0|1|1|5|0|2|3|1|6|8|8|7|18|18|36|35|43|44|54|42|27|39|24|24|30|26|15|24|21|29|13|28|18|21|32|26|22|18|25|20|21|30|33|28|30|29|20|19|31|20|34|25|33|37|24|32|32|40|16|21|26|21|18|18|19|21|17|12|7|7|11|7|10|14|4|9|9|8|
2013-02-22|22|1_CTs|CT8||21|23|17|12|10|11|4|8|5|4|5|3|2|2|6|0|1|4|1|4|3|1|5|4|4|7|10|9|23|20|22|51|95|91|73|103|69|68|72|68|62|67|79|60|57|71|70|74|58|77|86|82|76|73|68|73|74|94|72|82|87|89|95|81|68|94|98|88|100|109|116|123|94|81|68|119|98|98|101|83|73|75|62|45|54|44|56|32|28|41|31|41|34|32|37|33|
2013-02-22|22|1_CTs|CT9||19|24|21|17|13|12|7|6|11|4|7|5|4|4|6|8|7|6|9|5|9|21|18|34|33|45|63|79|99|127|232|349|369|350|342|309|299|312|277|253|211|188|192|177|167|189|178|201|165|170|202|186|146|212|192|214|179|205|198|198|179|195|206|183|219|245|254|220|222|239|220|208|198|193|167|161|149|153|120|128|128|154|148|131|109|82|89|87|81|71|54|13|53|54|46|47|
2013-02-22|22|1_CTs|CT10||0|2|0|0|0|0|0|2|1|1|0|1|0|0|2|1|2|2|0|1|2|1|4|5|1|7|11|5|5|5|5|17|69|21|14|20|30|18|14|10|4|8|7|7|4|5|3|17|1|5|5|5|10|6|2|5|9|6|5|4|4|3|2|7|4|3|3|5|5|13|1|2|2|6|6|3|3|6|1|4|6|7|2|7|4|4|5|2|1|0|4|22|7|1|1|1|
