2015-11-10|3|1_CTs|ct1||293|33|18|21|20|17|10|264|266|7|9|5|4|5|5|4|4|3|4|6|6|7|268|18|15|19|31|40|82|349|153|189|225|493|245|246|218|211|163|218|167|146|427|149|168|709|191|407|174|432|163|697|193|167|184|410|456|194|723|185|186|153|198|433|154|429|432|448|208|218|216|219|463|463|197|196|372|153|194|321|167|710|412|126|108|348|101|92|336|88|64|70|67|60|316|49|
2015-11-10|3|1_CTs|ct3||53|59|293|33|24|23|16|18|13|12|14|13|11|9|10|13|3|11|18|17|22|24|545|35|283|42|65|52|342|99|150|710|203|222|258|241|242|225|606|347|231|469|471|235|491|254|236|734|244|481|433|242|220|476|238|218|490|498|489|499|261|710|233|727|726|211|231|168|713|191|184|438|156|733|184|403|296|78|72|60|171|716|449|150|118|139|103|89|340|92|83|99|72|82|70|80|
2015-11-10|3|1_CTs|ct5||88|73|69|62|53|518|40|32|22|25|13|11|16|16|8|16|17|16|9|14|10|11|15|18|14|17|30|43|51|80|113|170|179|717|244|259|259|505|224|195|201|433|674|173|192|441|187|700|742|256|485|499|502|479|205|196|225|218|485|470|754|487|261|535|535|303|1034|329|305|312|577|306|579|562|220|425|640|139|383|412|933|709|727|421|153|437|143|149|405|383|143|385|168|398|386|123|
2015-11-10|3|1_CTs|ct6||10|5|262|3|5|4|3|2|0|1|3|5|0|0|0|1|1|2|0|0|3|2|3|6|5|12|10|23|27|35|50|59|59|75|346|79|66|320|339|68|54|60|36|50|295|304|45|51|45|57|60|308|55|37|38|41|58|65|70|62|66|73|57|55|51|63|559|53|308|66|60|72|68|71|80|72|74|70|45|66|541|56|266|296|29|278|18|271|21|29|16|17|19|259|16|13|
2015-11-10|3|1_CTs|ct7||75|311|58|53|56|48|29|294|41|35|27|25|22|20|280|9|19|21|18|15|279|32|25|35|31|33|295|62|40|53|591|347|342|368|134|384|138|626|388|393|394|409|403|176|165|419|181|409|179|447|425|182|186|172|147|153|160|170|671|181|176|172|432|456|240|384|68|68|71|316|69|54|54|60|4|6|51|304|34|78|113|134|135|119|359|351|109|346|87|100|122|130|137|352|87|112|
2015-11-10|3|1_CTs|ct8||45|37|22|23|25|24|13|21|18|8|15|13|9|11|10|5|16|8|12|8|14|12|13|16|13|19|280|41|24|25|48|62|305|312|81|329|99|597|346|91|353|87|350|107|120|377|129|118|115|387|374|377|383|117|109|109|116|114|617|133|129|116|371|392|409|168|410|141|145|159|134|898|136|157|669|121|390|88|369|125|126|83|69|72|61|46|66|316|48|69|69|76|304|55|45|60|
2015-11-10|3|1_CTs|ct9||64|53|314|51|56|54|44|40|38|24|25|28|24|291|21|28|19|13|17|17|22|279|27|22|24|38|294|46|51|102|139|220|232|1026|274|279|294|492|518|466|188|453|175|173|183|423|145|170|144|169|437|176|164|428|155|406|165|195|177|159|418|655|438|172|461|706|461|439|708|216|164|477|220|232|201|471|207|463|186|180|676|184|127|311|361|349|88|91|93|88|105|101|89|82|333|82|
2015-11-10|3|1_CTs|ct10||66|62|47|37|29|32|32|21|17|15|24|16|10|9|9|6|13|6|10|5|10|19|36|25|25|22|24|35|40|44|93|123|156|146|160|163|161|165|168|148|135|119|112|111|130|126|131|119|147|136|121|130|128|146|131|114|130|129|121|136|145|125|120|128|112|129|142|142|141|145|146|166|153|134|145|170|143|141|122|152|144|122|126|117|99|94|77|84|88|104|97|103|83|79|90|66|
2015-11-10|3|1_CTs|ct13||960|1637|162|142|907|320|87|385|410|383|119|1060|470|40|40|56|1886|44|82|42|216|976|103|85|1763|771|95|480|1869|912|421|582|352|275|921|450|856|541|410|1102|245|1025|509|279|243|524|246|493|775|758|244|1061|245|284|238|516|748|286|256|456|257|526|490|293|713|277|549|302|1034|477|526|507|459|461|229|222|157|150|136|197|983|541|260|508|278|505|224|425|225|474|219|206|225|174|195|183|
2015-11-10|3|1_CTs|ct14||39|288|27|28|30|251|11|13|10|5|6|5|6|5|9|8|5|3|9|5|12|12|14|15|28|37|330|396|509|526|513|773|234|272|525|515|519|265|527|523|512|1009|235|473|188|691|209|441|194|450|198|198|160|445|186|175|448|208|450|475|205|457|442|453|444|191|180|442|718|239|748|267|492|755|239|240|742|210|151|206|404|443|142|130|116|79|100|434|323|90|87|86|66|338|54|61|
2015-11-10|3|1_CTs|CT16||71|52|60|52|62|309|32|20|547|26|28|16|23|285|16|18|14|8|8|12|10|14|20|25|22|24|42|41|55|61|118|402|152|427|198|185|210|708|356|507|416|178|187|141|127|404|150|417|145|398|180|406|145|151|132|142|134|170|433|165|139|404|194|413|157|449|463|191|458|459|734|469|233|300|242|237|221|257|234|180|727|194|134|126|118|350|111|110|100|97|83|357|78|82|619|104|
2015-11-10|3|1_CTs|ct18||74|71|65|48|51|45|33|35|23|17|24|19|12|10|12|10|15|6|13|15|15|30|45|35|37|37|40|50|76|88|135|196|227|277|267|279|241|245|267|216|208|171|191|158|162|212|192|154|204|178|180|169|167|178|163|155|181|193|198|188|189|171|190|179|165|169|210|175|187|184|190|192|214|182|194|219|201|167|186|187|196|189|155|144|121|136|107|129|122|122|120|133|109|105|113|91|
2015-11-10|3|1_CTs|ct19||0|2|0|0|1|0|0|0|0|0|0|0|0|0|0|0|0|0|0|0|0|0|5|2|6|4|12|3|10|6|12|3|7|2|7|7|10|9|9|16|6|8|2|5|6|9|4|6|5|7|2|8|9|8|5|7|5|9|6|7|7|10|7|4|7|6|9|7|7|10|11|7|3|9|2|3|6|6|10|10|5|9|9|4|5|4|5|2|1|0|2|0|2|1|4|1|
2015-11-10|3|1_CTs|ct22||4|2|1|0|3|3|1|1|1|0|0|0|1|1|1|2|2|0|2|2|2|0|4|1|1|0|3|4|4|7|275|8|19|20|23|16|20|19|24|14|26|276|28|276|20|20|19|15|19|17|291|26|22|18|15|22|28|29|23|27|28|25|21|25|31|32|37|41|306|41|53|59|57|58|42|309|300|36|43|35|27|19|16|16|11|8|13|9|2|4|7|5|3|4|8|3|
2015-11-10|3|1_CTs|CT23||121|118|334|53|49|44|31|28|28|22|8|12|15|11|8|9|7|7|8|9|15|5|23|22|21|23|36|61|91|107|471|292|350|880|403|680|376|843|474|280|241|459|515|237|234|254|288|295|790|322|819|630|360|344|529|320|556|561|574|317|338|862|337|1153|897|886|422|772|1033|839|582|812|603|662|554|633|812|314|595|574|691|624|618|321|281|486|304|242|236|219|732|198|188|405|152|381|
2015-11-10|3|1_CTs|ct24||136|639|100|97|82|49|304|55|292|286|25|28|15|36|283|27|24|29|44|40|309|68|69|125|145|443|363|875|1109|1276|955|1141|814|1115|1033|844|900|889|1134|1122|1151|1182|907|1214|1063|773|792|1094|800|1047|1115|1084|1064|784|796|778|827|908|891|941|865|1094|1099|1087|1025|1033|1081|1373|798|1147|1148|1146|1154|1128|852|880|1285|671|878|908|613|625|810|727|689|892|335|361|537|316|294|309|512|537|466|223|
