2012-01-03|2|1_CTs|ct1||21|27|13|10|17|7|4|7|7|9|3|5|6|5|3|6|10|6|9|8|14|13|14|23|20|20|31|39|67|60|65|74|109|97|102|110|115|131|127|124|98|127|129|110|136|6|133|126|117|96|128|155|118|130|123|126|122|135|143|138|127|133|147|134|115|126|117|99|114|91|106|99|90|111|115|105|98|88|98|99|90|89|91|67|60|71|50|54|52|56|54|48|49|47|47|39|
2012-01-03|2|1_CTs|ct2||7|8|6|5|10|2|2|3|4|3|1|0|4|2|3|3|5|0|6|3|8|8|13|15|10|17|15|13|20|22|23|22|26|23|49|43|51|49|57|59|52|65|63|40|59|4|57|57|65|56|51|64|51|72|41|55|42|48|44|50|45|61|51|52|54|52|47|49|42|46|39|49|30|44|41|35|45|45|40|34|31|37|41|28|26|34|28|27|17|20|21|16|13|27|17|20|
2012-01-03|2|1_CTs|ct3||59|49|54|28|38|27|13|15|21|17|12|13|16|13|9|10|19|13|21|18|20|36|31|46|36|49|60|68|111|75|98|109|143|132|150|167|162|199|194|200|157|197|716|176|189|27|178|198|191|155|189|197|199|200|191|173|218|162|213|212|209|197|214|188|215|223|199|184|172|159|171|172|161|169|195|183|172|171|169|173|132|138|145|125|109|129|94|112|83|99|90|88|72|114|77|71|
2012-01-03|2|1_CTs|ct4||42|31|25|33|286|21|16|13|14|13|12|8|9|11|13|6|7|6|11|6|10|8|23|22|31|28|32|34|43|51|61|87|98|124|138|129|139|137|115|132|130|370|133|120|126|3|130|145|149|115|132|138|98|105|110|120|109|106|121|107|131|131|127|124|134|122|139|134|116|111|111|134|125|104|97|118|103|101|112|103|93|85|75|83|69|63|67|64|36|43|52|57|62|51|58|53|
2012-01-03|2|1_CTs|ct5||62|56|47|43|44|23|18|26|21|24|16|19|11|25|13|7|9|9|15|12|18|16|21|22|31|35|28|31|40|67|69|120|117|169|175|205|213|202|175|180|434|167|191|326|197|17|201|207|200|199|176|181|157|187|141|180|163|180|158|202|196|188|202|202|207|224|201|219|189|182|193|201|199|184|178|195|183|165|139|148|142|124|110|116|97|92|95|102|84|77|89|83|89|105|92|69|
2012-01-03|2|1_CTs|ct6||48|42|36|30|32|23|15|25|14|14|14|14|8|11|10|3|10|5|13|6|12|14|15|21|23|27|22|26|30|44|39|61|63|71|73|99|92|105|98|89|98|90|102|92|370|8|122|130|116|122|103|123|100|101|97|114|103|126|129|137|124|108|137|144|133|141|129|145|129|122|121|133|109|120|102|95|99|107|90|107|100|91|73|76|62|61|68|68|61|63|68|57|65|73|57|48|
2012-01-03|2|1_CTs|ct17||49|38|50|29|24|29|13|14|14|11|15|10|9|10|7|8|13|10|17|11|21|23|25|32|34|35|43|51|79|73|92|111|145|128|151|158|157|197|180|189|411|458|170|163|187|14|180|180|182|151|176|176|176|186|166|176|170|167|184|198|185|184|193|157|192|227|175|162|182|168|153|177|167|190|193|188|180|160|163|181|149|140|135|120|114|108|93|94|80|91|77|82|79|104|70|74|
2012-01-03|2|1_CTs|CT19||22|21|19|21|12|16|10|12|6|6|11|4|6|3|4|5|5|5|10|7|9|2|14|10|10|14|19|25|41|42|43|75|84|83|333|89|92|108|93|108|120|94|107|86|116|8|102|114|113|94|118|114|116|93|93|88|91|86|98|110|115|101|115|107|102|137|109|114|125|135|135|137|129|120|131|114|122|109|115|98|110|86|69|66|53|48|55|45|42|42|50|43|39|52|38|38|
2012-01-03|2|1_CTs|CT20||40|27|22|35|28|20|21|21|15|17|17|8|9|8|14|8|7|3|7|10|6|6|7|10|9|17|14|29|27|29|44|317|57|87|86|103|95|98|92|81|86|77|83|59|78|3|85|74|71|68|74|88|74|57|78|60|85|76|73|57|68|79|86|79|89|88|82|101|93|86|69|90|76|87|90|88|89|85|71|71|68|70|63|58|46|44|44|45|31|18|49|37|43|50|41|34|
2012-01-03|2|1_CTs|CT21||26|15|10|23|17|7|14|13|10|8|12|5|2|2|6|2|5|1|5|4|2|3|4|2|5|6|5|10|18|17|26|34|33|54|53|62|64|59|42|43|319|37|45|40|44|5|45|45|40|45|38|37|38|44|41|41|49|45|51|35|57|53|46|53|50|45|61|59|47|54|45|108|47|50|43|51|41|43|41|49|37|43|32|31|34|24|24|21|27|20|36|25|24|30|31|18|
