2012-07-26|3|1_CTs|ct1||77|61|48|40|48|19|12|15|21|5|15|8|13|8|3|7|6|2|6|15|8|6|11|17|15|27|28|44|50|67|103|134|152|162|208|248|244|234|220|213|207|200|212|211|199|208|162|160|176|175|188|193|183|192|144|159|184|197|224|205|203|181|185|180|188|219|191|202|183|200|204|211|204|185|226|207|196|199|218|206|207|197|192|151|135|138|117|121|100|109|116|113|126|88|101|63|
2012-07-26|3|1_CTs|ct3||214|237|129|97|96|167|122|54|67|84|28|66|35|23|36|40|34|17|28|35|41|39|42|76|65|86|90|116|124|192|252|326|317|392|421|501|480|465|471|469|436|446|459|476|448|509|582|521|404|479|448|437|409|387|361|377|415|400|440|454|428|423|437|418|405|414|385|370|389|379|383|340|307|354|369|341|355|388|380|390|402|438|422|359|392|283|333|335|263|267|272|265|258|198|215|172|
2012-07-26|3|1_CTs|ct5||149|142|112|96|71|50|63|58|40|43|20|32|28|17|29|20|21|21|33|37|17|22|29|39|63|52|66|95|94|163|134|182|204|258|272|311|287|291|275|295|315|272|288|276|263|248|292|292|280|281|261|251|293|250|218|220|246|261|231|358|283|287|274|219|282|261|240|248|228|233|256|287|259|276|296|248|260|299|301|234|232|209|227|179|229|220|164|165|207|157|187|159|181|165|175|135|
2012-07-26|3|1_CTs|ct6||154|128|101|86|72|53|59|47|50|49|37|33|24|10|16|16|15|19|20|9|12|14|17|18|29|19|18|35|29|55|93|91|136|168|169|178|214|186|209|169|197|170|153|181|169|188|157|201|185|177|238|214|177|199|175|144|192|183|191|210|201|176|225|243|224|261|268|240|277|276|281|282|220|291|289|275|276|260|269|263|230|258|196|196|148|132|122|127|158|110|127|106|151|132|138|134|
2012-07-26|3|1_CTs|ct7||225|161|130|139|111|70|91|67|75|62|63|51|33|27|19|24|26|29|31|19|36|16|32|42|34|42|34|37|43|64|74|80|103|148|134|148|207|188|178|156|175|174|166|159|170|184|196|165|201|197|218|210|168|193|165|172|181|167|187|213|224|188|201|212|220|201|240|220|224|229|238|200|195|175|174|205|216|205|184|169|199|159|160|179|150|125|124|142|130|122|142|139|146|168|160|201|
2012-07-26|3|1_CTs|ct9||86|89|103|78|78|70|57|64|54|64|38|47|30|32|31|24|20|31|20|31|19|20|21|26|26|29|38|50|46|83|112|122|131|194|169|211|188|172|199|184|189|199|170|170|173|163|143|134|139|172|158|144|141|120|140|144|165|141|173|198|170|202|155|258|222|180|175|207|306|349|191|162|126|130|177|186|176|151|161|172|158|144|118|118|111|115|84|107|117|92|81|98|111|71|79|114|
2012-07-26|3|1_CTs|ct10||101|88|79|86|59|58|39|55|53|48|50|40|33|25|33|20|22|38|12|35|28|22|25|29|28|30|29|35|24|42|43|69|77|96|108|137|107|130|111|146|111|118|116|114|111|113|113|110|128|133|129|106|111|101|106|114|103|115|113|138|132|122|132|135|135|154|133|131|118|128|145|115|107|126|129|136|120|127|132|98|109|97|112|101|93|90|89|71|86|74|60|72|81|85|98|98|
2012-07-26|3|1_CTs|CT11||17|26|37|16|19|17|24|22|12|13|9|13|15|11|11|15|14|12|14|13|9|8|17|12|23|20|20|16|21|23|44|48|46|62|55|56|68|59|70|47|51|46|57|59|49|47|58|51|57|57|63|53|38|62|49|56|43|59|56|54|60|52|46|62|54|56|77|60|55|63|48|70|42|62|62|58|57|58|65|63|48|56|41|39|44|42|40|45|48|39|45|39|32|37|32|29|
2012-07-26|3|1_CTs|CT12||27|22|16|20|35|22|15|24|28|20|30|23|20|17|23|13|11|24|13|21|18|21|19|17|20|15|17|19|14|20|17|18|26|22|32|39|30|37|29|35|30|42|32|33|32|34|31|40|29|42|42|37|34|29|45|27|40|37|30|42|33|40|32|45|41|50|40|26|33|39|46|28|37|40|36|36|30|33|40|28|37|36|38|34|29|41|41|31|26|23|20|23|24|22|34|24|
2012-07-26|3|1_CTs|ct14||0|1|0|0|0|0|1|0|1|0|0|0|0|0|0|1|1|0|0|0|0|0|0|0|1|0|0|0|0|0|0|0|0|0|0|0|0|0|0|0|0|0|0|0|0|0|0|0|0|0|0|0|0|0|0|0|1|0|0|0|0|1|0|0|0|0|0|0|0|0|0|0|0|0|0|0|0|0|0|0|0|0|0|0|0|0|0|0|0|0|0|0|0|0|0|0|
2012-07-26|3|1_CTs|ct15||0|2|0|0|0|1|1|0|1|1|1|0|0|0|1|2|2|0|0|0|1|0|1|0|1|1|2|3|0|0|0|0|2|1|1|1|2|2|0|1|3|0|0|0|0|1|2|0|1|2|1|1|0|0|1|0|1|0|0|0|0|1|1|0|1|3|1|0|1|0|0|0|0|2|0|0|1|0|0|0|0|0|1|0|0|0|0|0|0|1|0|0|1|1|0|0|
2012-07-26|3|1_CTs|CT16||58|67|66|49|69|73|47|28|25|38|36|16|23|16|21|20|10|15|15|23|15|16|13|15|21|32|15|27|38|48|61|68|76|108|111|121|103|104|120|137|98|137|97|96|92|104|109|100|121|119|114|109|101|66|74|74|119|85|85|117|101|132|116|135|113|124|114|118|117|129|167|157|121|160|164|108|114|122|107|115|111|104|80|93|89|51|57|68|70|56|57|70|71|52|70|63|
2012-07-26|3|1_CTs|ct17||113|87|69|67|55|47|40|42|31|29|36|32|22|19|20|19|15|20|16|19|20|30|30|28|43|32|36|53|34|74|106|159|192|217|275|306|266|300|261|254|243|231|201|193|221|234|189|186|215|190|222|220|183|177|179|180|206|195|205|243|235|211|234|216|225|235|200|199|209|219|211|209|204|238|233|188|177|225|192|191|195|173|182|147|140|119|127|129|142|137|96|102|96|104|139|106|
2012-07-26|3|1_CTs|ct18||137|138|96|118|83|87|54|81|66|57|66|50|38|35|37|27|24|45|19|41|29|31|43|38|54|38|43|50|49|86|84|131|137|192|222|220|201|229|196|221|191|184|176|171|187|159|164|193|181|162|160|166|170|148|141|176|162|174|185|211|193|186|209|203|193|198|174|173|150|152|216|166|170|191|204|166|169|180|167|138|181|147|185|126|127|135|114|126|127|131|109|112|123|104|149|129|
2012-07-26|3|1_CTs|ct19||1|0|0|3|0|3|0|0|0|0|0|0|0|0|0|0|0|0|0|1|0|0|4|1|4|2|11|4|7|8|7|7|4|6|7|7|7|8|4|7|7|7|7|6|4|8|9|4|3|11|8|5|3|3|5|6|3|4|7|5|7|3|5|5|6|3|0|1|7|5|5|11|5|7|9|5|13|4|6|9|7|6|5|8|9|4|6|4|2|0|1|1|0|2|1|2|
2012-07-26|3|1_CTs|ct20||102|70|80|69|62|43|38|32|33|37|26|28|23|21|8|10|12|13|21|22|14|12|13|25|23|34|46|57|67|106|145|167|187|173|208|209|204|205|182|210|208|199|177|166|171|173|117|198|205|188|193|179|184|192|191|153|191|200|206|209|208|190|198|194|186|185|183|208|240|208|213|209|189|160|215|208|208|200|208|182|186|193|223|175|149|143|137|131|122|128|124|117|111|95|109|111|
2012-07-26|3|1_CTs|ct22||7|1|4|2|1|2|4|3|1|2|2|2|2|1|2|0|0|3|2|1|0|2|2|1|3|1|4|3|6|8|6|8|9|15|21|22|21|22|20|20|23|17|21|28|17|18|22|28|30|20|35|28|23|19|15|21|20|17|18|24|20|20|16|30|25|33|32|43|38|39|25|41|45|52|41|39|45|40|44|33|28|20|11|13|25|11|10|8|16|8|4|11|10|3|9|12|
2012-07-26|3|1_CTs|CT23||104|112|91|61|53|43|38|33|26|19|23|12|41|16|11|10|6|8|6|16|3|9|13|3|10|14|28|36|51|42|88|131|189|207|247|280|290|198|221|232|185|228|202|182|190|206|223|198|246|215|215|268|245|234|192|205|212|223|231|206|257|225|235|217|236|289|316|263|314|376|324|382|345|410|406|351|372|346|373|349|344|306|312|274|217|210|157|172|176|182|130|153|177|123|115|117|
2012-07-26|3|1_CTs|ct24||271|265|219|176|147|80|90|77|70|43|43|37|31|43|36|34|28|27|46|60|47|57|80|103|139|167|276|401|568|720|887|1003|954|846|880|873|877|917|845|871|956|899|865|822|836|769|761|838|709|741|742|702|745|677|697|667|779|848|790|647|902|818|742|733|640|698|691|733|757|721|798|878|823|912|935|920|868|834|786|804|752|751|628|578|498|439|434|423|428|347|371|332|339|315|277|283|
