2014-05-05|6|1_CTs|CT1||0|2|0|0|2|0|0|0|0|0|0|1|1|0|0|0|0|1|0|1|2|0|3|4|2|2|2|1|2|3|9|38|83|68|81|27|25|21|12|6|6|8|9|7|8|2|2|5|7|8|6|6|9|3|7|3|6|5|10|11|5|16|15|16|10|7|9|5|7|7|6|6|6|14|24|9|1|4|3|4|3|5|2|2|3|0|1|1|2|0|2|4|3|1|0|2|
2014-05-05|6|1_CTs|CT3||13|10|13|10|2|3|4|6|0|4|2|2|3|4|11|8|5|9|7|17|27|23|37|34|34|34|26|36|50|58|81|98|93|92|138|110|122|102|107|91|81|69|63|47|53|65|47|51|60|57|64|59|60|59|45|58|42|60|81|62|64|71|54|54|67|74|75|66|58|68|62|53|58|64|62|57|57|57|38|41|32|36|40|24|28|16|24|11|9|12|14|26|19|26|22|21|
2014-05-05|6|1_CTs|CT4||5|4|6|2|0|2|0|2|1|6|1|1|0|0|0|1|1|0|0|1|1|1|1|1|1|2|1|4|4|8|9|32|58|21|34|32|57|53|45|24|33|20|18|28|29|26|19|19|26|35|27|17|18|33|19|26|23|34|7|22|28|28|28|40|32|30|22|52|37|46|63|71|44|51|48|65|50|36|41|45|39|29|18|26|24|15|16|15|15|6|16|13|10|7|6|7|
2014-05-05|6|1_CTs|CT5||16|13|10|9|8|7|8|7|6|8|4|0|4|1|4|2|2|5|8|5|3|8|13|15|11|11|17|15|19|25|47|53|63|68|72|111|102|95|94|75|70|67|75|75|58|71|79|67|65|68|64|71|69|72|68|68|75|82|79|89|59|65|67|71|95|81|74|68|63|69|89|89|82|76|93|105|95|70|64|53|54|47|47|43|24|37|30|34|21|34|31|27|25|24|23|11|
2014-05-05|6|1_CTs|CT6||23|9|13|10|14|5|8|6|0|3|2|3|1|2|2|3|2|3|2|5|10|8|16|11|16|11|15|18|24|39|72|102|170|185|181|205|181|171|157|107|122|97|95|96|91|108|88|103|77|101|90|85|93|99|94|100|94|130|119|101|97|90|115|101|110|111|91|137|132|153|138|113|122|120|123|96|109|109|132|86|108|89|91|82|74|71|76|47|52|57|53|40|28|53|40|27|
2014-05-05|6|1_CTs|CT7||4|0|5|3|3|2|2|2|3|1|1|0|2|0|4|1|1|2|2|2|4|2|5|4|2|4|3|4|10|20|15|26|46|41|38|43|43|30|34|42|32|33|22|24|33|23|21|35|23|25|27|22|39|22|20|34|26|30|26|26|27|23|28|18|28|32|40|28|28|24|35|31|48|37|44|32|23|28|20|21|22|17|16|13|14|11|10|10|13|18|4|5|12|10|11|2|
2014-05-05|6|1_CTs|CT8||33|40|35|25|18|12|11|9|12|10|9|5|12|11|7|6|5|9|13|7|11|7|16|24|25|38|48|59|76|109|167|214|229|222|196|210|186|206|174|202|171|175|150|149|183|162|147|148|139|148|152|182|156|171|158|176|170|179|182|173|179|164|165|171|168|191|185|186|187|196|195|228|188|234|201|177|174|172|180|153|141|154|136|114|102|100|94|81|88|63|84|69|66|54|49|48|
2014-05-05|6|1_CTs|CT9||43|36|29|22|21|22|13|8|15|8|5|5|3|7|2|6|4|5|10|11|16|13|20|31|39|35|52|63|104|127|195|310|329|387|398|393|373|325|361|270|275|218|216|197|165|216|188|251|230|273|289|285|242|207|179|204|202|319|330|367|329|339|315|248|248|304|331|367|294|268|265|273|290|299|272|223|254|205|211|192|178|168|130|130|123|123|107|91|100|89|89|81|80|79|57|54|
2014-05-05|6|1_CTs|CT10||30|30|10|14|5|11|12|10|7|4|5|5|4|6|3|4|3|4|6|1|12|15|12|20|27|19|25|36|52|75|112|118|171|149|173|199|197|200|211|173|200|161|174|169|134|130|138|125|158|137|136|152|181|144|137|146|149|134|177|144|135|152|172|224|171|222|214|239|175|208|238|260|239|229|258|248|244|209|190|152|159|153|114|89|92|92|79|85|62|63|80|47|50|46|36|46|
2014-05-05|6|1_CTs|CT11||27|29|21|11|9|8|4|7|10|13|3|5|5|2|5|5|2|2|6|7|11|10|14|22|27|30|51|75|88|113|252|318|309|301|260|280|292|304|300|295|260|226|199|173|163|174|186|190|183|210|228|219|225|198|167|178|203|247|233|207|203|251|209|247|205|195|247|225|210|154|193|200|203|188|170|174|173|180|146|166|161|134|110|121|91|71|80|49|73|64|60|55|35|50|40|31|
2014-05-05|6|1_CTs|CT12||31|35|17|18|11|12|7|8|8|8|4|7|7|4|2|2|2|4|7|6|10|14|16|24|26|18|25|38|66|78|144|187|250|310|283|314|319|311|288|254|220|203|166|163|179|147|165|152|168|183|173|178|213|229|153|185|179|190|210|173|166|193|267|250|264|277|283|301|288|282|288|299|273|249|323|254|332|276|256|207|222|186|145|109|107|111|95|80|73|63|77|54|50|62|37|43|
2014-05-05|6|1_CTs|CT15||20|11|14|8|16|2|5|5|7|2|5|3|2|3|4|5|2|4|11|8|18|15|20|17|13|19|20|32|45|88|95|144|192|209|214|191|185|158|154|113|123|102|109|66|75|79|80|94|78|104|124|106|106|58|78|88|80|113|151|149|154|148|128|63|72|126|172|143|103|97|96|103|127|121|111|93|85|94|76|63|62|62|51|36|30|37|28|21|31|25|19|13|24|21|18|11|
2014-05-05|6|1_CTs|CT16||38|22|25|16|12|9|14|8|12|5|5|3|7|4|9|7|4|7|6|3|14|12|15|14|26|29|33|50|72|105|174|249|313|294|265|286|275|290|272|275|263|220|204|200|212|172|199|187|172|173|185|181|229|188|179|193|184|172|191|211|184|185|194|173|161|213|228|188|213|220|229|232|207|238|246|244|201|183|164|157|160|151|123|133|102|90|91|82|83|84|79|61|55|61|51|34|
2014-05-05|6|1_CTs|CT17||18|19|15|13|6|11|7|4|2|8|3|0|1|2|0|0|1|2|3|3|0|1|8|2|4|4|8|11|16|25|37|55|65|86|66|82|90|83|86|69|73|83|49|58|68|68|67|65|77|76|74|70|74|81|65|58|72|68|59|87|68|72|83|79|80|95|81|88|82|90|95|102|105|100|81|67|89|93|82|94|84|77|65|50|66|73|70|58|45|39|42|45|42|42|28|23|
2014-05-05|6|1_CTs|CT18||58|44|44|29|20|14|21|19|12|17|11|3|8|9|13|6|2|8|17|17|14|16|30|28|38|34|41|55|81|118|174|251|299|341|292|338|301|280|338|280|278|280|238|247|219|216|235|245|208|217|230|246|231|245|228|199|217|231|250|266|202|242|251|204|242|256|272|275|284|296|285|262|248|295|280|269|269|248|211|216|203|196|180|185|118|119|118|101|96|110|108|87|79|82|78|53|
2014-05-05|6|1_CTs|CT19||27|23|28|21|12|15|10|11|5|14|4|4|6|3|1|3|3|2|3|8|1|9|9|7|6|7|8|11|28|33|57|94|156|171|171|203|244|230|185|134|114|119|111|123|125|115|135|131|137|116|128|162|173|146|129|122|126|124|167|158|138|142|131|135|135|167|166|184|164|180|190|239|190|229|227|187|208|176|164|150|160|152|129|103|105|90|79|68|61|50|50|42|46|46|44|40|
2014-05-05|6|1_CTs|CT20||18|19|7|12|7|7|7|4|3|5|4|1|4|2|1|4|3|5|4|6|2|8|15|15|20|20|22|21|33|51|64|113|118|111|145|148|152|114|131|62|58|3|69|51|114|126|99|114|77|40|65|99|118|77|98|116|61|76|124|96|105|127|103|113|127|107|123|150|125|109|17|122|145|128|140|41|32|105|102|97|96|81|68|69|57|54|61|52|44|10|37|36|32|29|32|23|
2014-05-05|6|1_CTs|CT21||102|63|70|49|27|24|25|24|14|13|8|18|13|16|12|12|12|15|33|39|43|55|54|60|59|70|82|111|129|204|282|321|347|347|373|350|339|384|343|311|301|231|252|243|231|218|216|222|235|197|236|251|231|204|223|226|196|222|303|307|298|293|248|186|212|220|262|263|228|232|232|225|231|249|249|249|211|198|211|200|170|153|183|132|135|121|118|102|95|107|68|87|82|94|75|65|
2014-05-05|6|1_CTs|CT22||100|60|65|49|48|29|20|22|23|22|11|9|17|18|19|12|11|28|28|41|67|69|76|77|79|63|75|80|119|132|172|219|242|257|350|299|267|276|260|271|278|284|233|236|239|280|251|260|252|296|228|275|257|250|266|244|237|267|248|267|254|301|258|277|306|308|320|323|369|376|375|375|380|387|382|365|370|365|306|286|270|257|232|190|184|145|155|140|133|120|109|113|124|122|106|102|
2014-05-05|6|1_CTs|CT23||62|58|55|39|33|20|17|16|18|13|12|5|16|19|6|12|5|10|20|15|19|16|30|45|55|57|73|93|127|167|226|301|356|350|360|372|362|349|330|334|282|254|224|264|273|256|209|231|205|228|288|275|228|263|222|254|243|264|316|303|262|307|278|273|280|299|330|357|311|352|317|310|315|333|344|295|315|325|261|263|219|231|208|185|176|158|121|122|116|84|109|98|101|86|83|63|
2014-05-05|6|1_CTs|CT24||71|59|35|34|34|21|21|20|13|16|14|10|15|10|4|11|8|15|18|25|29|27|35|37|46|54|55|81|99|138|182|241|294|352|294|281|294|293|335|372|298|308|238|256|262|272|258|278|264|266|239|248|243|288|216|235|227|271|257|257|270|271|312|324|321|366|351|399|357|407|410|459|405|440|411|426|405|416|335|306|301|254|246|224|199|161|155|111|132|132|117|109|107|87|89|69|
