2011-03-11|3|1_CTs|ct1||65|52|47|32|26|22|17|13|11|11|8|14|13|6|6|8|7|5|6|7|9|15|13|21|15|27|37|66|65|106|140|195|210|242|259|214|229|223|226|215|214|188|192|204|192|200|196|190|173|190|197|202|218|181|172|174|202|216|202|204|222|208|202|213|189|182|185|218|215|238|223|202|248|206|210|192|206|213|152|216|227|219|215|218|209|137|148|128|118|112|97|112|119|92|100|91|
2011-03-11|3|1_CTs|ct3||172|162|124|99|89|66|47|49|47|35|45|32|29|35|23|38|19|28|22|24|33|38|57|87|77|79|111|162|174|238|325|407|444|477|482|461|468|508|499|482|481|521|452|493|444|444|397|435|434|433|442|414|464|435|406|425|425|448|435|408|439|453|421|439|411|371|370|374|321|398|351|380|467|390|377|372|367|333|341|398|440|418|438|395|457|367|340|314|268|274|248|255|262|234|262|272|
2011-03-11|3|1_CTs|ct5||159|136|133|125|93|135|63|73|75|60|43|62|50|29|36|25|42|29|52|66|46|40|43|59|81|88|95|130|146|172|240|295|334|376|439|371|389|369|360|414|382|377|396|391|351|369|387|436|333|357|389|359|392|398|349|365|426|409|418|429|438|458|471|442|491|362|388|402|463|340|348|374|371|532|518|490|491|555|636|654|524|478|483|605|678|703|751|711|710|620|472|519|541|582|340|382|
2011-03-11|3|1_CTs|ct6||113|99|72|77|57|47|48|42|28|32|25|30|29|21|16|12|12|20|27|14|12|15|9|23|18|16|28|33|46|79|104|144|138|177|208|240|211|218|174|173|165|143|176|182|131|154|173|201|203|204|231|191|205|219|172|171|168|192|193|198|242|223|244|238|242|285|255|303|293|278|276|268|250|302|264|285|243|223|267|254|231|224|236|202|170|176|151|130|161|159|139|119|103|135|137|133|
2011-03-11|3|1_CTs|ct7||146|130|84|104|81|60|53|50|43|49|43|40|26|26|26|22|19|18|34|17|21|21|15|31|27|27|31|36|52|62|98|115|129|159|183|194|201|204|162|171|165|160|185|158|179|195|199|240|216|191|243|219|225|207|182|185|178|194|189|230|254|256|229|259|213|220|248|209|223|239|203|180|186|184|182|155|210|211|162|206|179|171|188|152|156|151|132|121|112|134|103|106|116|161|167|145|
2011-03-11|3|1_CTs|ct9||92|91|92|107|68|68|83|70|69|61|87|51|52|27|47|36|41|22|28|28|21|20|20|15|30|40|49|68|64|83|126|142|170|213|200|212|193|197|222|209|213|163|165|168|144|139|135|151|153|139|134|164|127|125|128|116|158|142|156|174|170|159|159|184|147|160|166|193|162|160|184|185|179|195|180|207|162|183|146|154|182|155|159|154|161|141|105|107|97|90|95|88|100|100|95|82|
2011-03-11|3|1_CTs|ct10||90|79|68|57|75|59|47|66|57|76|45|59|54|35|49|27|30|32|33|26|37|26|18|27|19|43|38|43|33|50|61|73|115|138|140|133|148|159|169|157|143|124|134|131|130|126|133|141|136|147|127|158|132|128|129|119|127|138|148|141|152|127|137|132|146|139|149|144|145|176|169|177|141|139|150|161|147|120|124|120|142|119|130|130|113|106|112|98|101|99|99|102|74|97|88|93|
2011-03-11|3|1_CTs|CT11||36|42|19|25|21|28|15|21|13|14|16|14|11|7|12|14|16|24|19|6|8|13|17|9|14|18|18|18|35|26|35|36|46|44|53|58|64|49|56|52|44|54|71|62|53|47|62|66|56|55|65|62|64|55|56|47|52|52|57|58|63|53|59|50|53|43|44|59|48|48|52|53|40|54|42|64|47|56|44|41|56|58|57|58|46|47|39|28|59|23|38|35|34|35|34|25|
2011-03-11|3|1_CTs|CT12||32|35|29|24|34|28|18|26|17|36|31|31|31|21|30|17|14|16|22|12|23|14|11|15|22|26|21|19|18|24|18|12|31|23|27|25|22|32|48|54|49|45|54|42|48|52|35|63|51|44|46|54|46|35|37|34|36|46|52|46|61|42|44|39|40|36|46|48|54|48|37|50|33|47|45|44|46|38|38|47|50|35|40|47|38|35|37|32|38|39|37|40|29|24|35|38|
2011-03-11|3|1_CTs|CT16||19|19|12|18|14|17|16|21|14|7|11|9|9|14|6|9|8|3|8|4|5|3|6|2|10|5|9|10|6|15|24|30|22|36|35|46|33|48|47|37|36|44|31|40|29|31|42|29|27|35|34|29|33|28|27|37|30|33|28|33|33|44|42|41|42|46|40|46|38|46|47|69|46|57|54|43|48|54|35|54|31|30|42|23|29|22|25|25|20|21|15|16|23|22|27|28|
2011-03-11|3|1_CTs|ct17||110|80|82|69|76|76|47|43|45|59|42|32|31|34|23|36|33|31|38|25|33|30|32|31|28|48|68|96|95|115|124|257|314|279|358|329|341|372|405|363|298|320|244|271|235|243|251|291|225|204|221|258|286|245|222|253|246|241|264|271|268|278|261|228|253|284|265|275|240|283|236|332|250|214|298|302|251|243|186|253|238|238|210|190|175|173|172|164|167|130|162|130|118|133|123|136|
2011-03-11|3|1_CTs|ct18||121|103|94|85|93|78|67|69|77|93|58|57|61|47|49|41|37|35|42|33|46|32|25|38|30|54|51|69|58|83|108|144|197|190|235|262|240|217|255|226|226|186|222|176|182|175|165|211|161|176|205|197|161|176|166|183|161|178|198|218|199|188|188|192|164|185|202|165|189|186|186|239|215|180|180|209|182|179|187|198|183|161|199|177|144|162|146|128|158|125|152|143|116|129|130|147|
2011-03-11|3|1_CTs|ct19||1|0|0|5|0|1|0|0|1|0|0|0|0|0|1|0|1|0|0|0|0|0|5|3|3|7|4|8|12|6|9|5|14|11|8|12|8|11|9|11|5|6|7|8|6|8|5|4|4|11|5|11|6|6|6|11|10|11|7|5|13|8|7|7|6|8|7|8|6|7|15|10|5|7|12|12|10|9|8|12|6|10|7|7|8|3|7|3|3|2|1|6|2|5|1|0|
2011-03-11|3|1_CTs|ct20||58|57|27|39|28|18|26|27|19|12|9|15|5|11|8|7|9|8|9|14|20|13|20|21|22|31|40|62|87|107|159|164|179|186|170|188|167|154|159|147|170|165|172|193|188|165|142|153|136|137|151|186|164|142|130|132|158|165|164|153|124|109|159|134|168|150|136|171|146|147|135|141|143|171|145|150|142|152|163|129|163|106|117|160|153|144|131|105|121|116|83|81|101|87|108|90|
2011-03-11|3|1_CTs|ct22||11|7|2|2|2|3|5|4|0|0|1|1|0|3|2|1|0|2|3|0|0|4|2|5|1|3|3|6|5|7|9|15|15|24|13|18|24|24|19|27|20|22|24|31|25|31|32|33|31|33|34|38|20|25|33|30|27|31|22|25|21|28|28|29|34|39|38|49|42|57|57|57|54|67|36|50|27|38|42|38|47|30|17|24|17|18|9|9|10|9|4|16|14|14|12|10|
2011-03-11|3|1_CTs|CT23||107|71|73|46|37|27|25|35|23|23|12|18|23|14|9|6|8|7|10|10|18|10|13|3|25|15|33|35|56|79|131|190|219|263|249|196|248|245|222|176|174|182|163|182|233|181|209|227|227|250|252|263|286|202|206|216|253|228|238|249|249|220|272|272|281|264|263|307|297|359|315|335|350|384|362|397|368|320|264|376|323|317|302|272|210|192|196|172|168|158|139|157|180|127|132|144|
2011-03-11|3|1_CTs|ct24||179|170|128|119|81|89|79|58|55|49|40|33|27|21|32|24|25|25|23|58|60|56|74|113|142|181|314|542|659|903|988|930|854|944|937|973|912|883|956|857|950|915|993|962|920|846|794|809|811|829|849|864|813|1009|753|790|803|829|853|669|741|842|665|704|641|654|708|891|805|781|787|769|753|817|899|854|812|843|858|855|766|777|759|713|632|569|495|446|432|422|347|322|342|343|308|259|
