2012-03-09|6|1_CTs|CT1||0|2|0|0|2|1|0|0|0|0|0|0|3|0|0|2|0|1|2|1|2|0|2|10|10|10|9|3|2|2|7|5|29|27|14|9|3|6|8|9|9|8|13|6|7|4|9|6|6|3|7|9|16|5|10|20|12|7|6|5|5|5|10|5|4|12|10|7|5|9|2|6|0|5|5|3|5|4|4|2|1|3|2|3|0|2|1|1|0|1|6|17|10|0|0|2|
2012-03-09|6|1_CTs|CT3||26|22|4|9|7|8|3|4|1|1|1|0|4|5|5|3|7|6|7|13|14|17|12|29|36|38|43|41|51|59|65|82|114|142|194|197|202|177|159|86|57|54|70|54|54|61|44|57|56|61|54|51|52|48|34|54|57|74|58|47|54|61|49|53|61|53|67|61|56|71|64|78|89|97|82|93|71|60|74|42|37|31|40|45|35|41|18|27|27|29|31|32|21|21|19|7|
2012-03-09|6|1_CTs|CT4||6|6|3|2|3|2|2|5|0|0|0|1|2|0|1|1|0|1|1|4|1|1|2|1|2|4|2|4|10|9|13|29|54|53|31|8|31|32|36|26|25|25|25|28|28|33|29|26|28|37|34|39|36|39|35|35|28|34|33|35|32|27|33|33|26|50|46|49|47|38|51|21|40|48|45|46|50|47|44|37|38|35|33|24|20|26|18|16|16|22|20|14|11|15|12|13|
2012-03-09|6|1_CTs|CT5||14|24|20|13|11|13|8|6|9|6|6|4|3|4|5|5|4|5|5|4|14|5|11|11|8|17|16|22|23|31|35|54|76|98|110|142|126|121|120|93|74|91|60|88|80|86|53|63|71|72|60|68|67|57|75|64|65|88|65|80|91|78|75|81|78|81|79|73|78|80|76|78|65|55|75|77|65|63|79|56|61|62|57|69|48|58|50|36|36|36|30|42|47|40|34|43|
2012-03-09|6|1_CTs|CT6||34|36|20|15|9|10|5|6|10|5|6|8|2|4|6|7|5|4|8|8|8|6|10|16|15|17|13|32|39|47|71|95|149|180|184|196|222|183|172|133|106|102|123|115|114|115|96|112|106|102|95|98|95|108|118|108|130|128|120|150|142|119|113|124|108|111|127|123|156|157|138|103|153|148|130|128|117|106|121|105|109|113|94|92|81|95|83|75|54|47|65|47|55|56|49|42|
2012-03-09|6|1_CTs|CT7||2|11|6|1|3|4|4|2|1|3|0|2|2|0|0|0|0|1|2|0|3|1|1|2|5|5|4|13|7|8|11|20|34|37|37|46|38|41|24|38|21|31|27|23|30|28|19|20|22|24|29|24|24|28|27|21|27|34|28|25|22|24|27|22|20|28|30|31|22|41|37|37|35|18|32|26|23|19|29|27|21|18|17|19|12|8|13|12|8|8|14|11|6|6|5|10|
2012-03-09|6|1_CTs|CT8||57|27|37|31|25|21|19|19|9|11|7|13|20|11|5|6|7|4|7|8|7|12|23|28|33|30|44|63|85|111|166|189|244|222|200|217|203|216|174|190|159|172|131|126|146|131|131|118|132|136|140|180|146|135|129|136|150|175|163|173|160|161|151|145|152|153|171|172|191|149|153|145|136|163|148|158|131|147|134|132|119|157|151|137|110|98|96|102|94|80|85|84|71|78|53|71|
2012-03-09|6|1_CTs|CT9||62|53|49|38|27|18|18|16|11|15|13|5|11|8|10|9|8|8|15|11|16|26|16|33|44|50|58|72|86|143|199|262|296|353|366|371|390|330|304|274|236|224|184|237|185|230|191|225|203|195|177|217|198|208|201|217|217|220|214|259|223|217|247|223|222|240|266|282|256|264|310|365|358|360|346|390|280|279|261|282|235|186|156|151|138|128|129|107|119|101|86|83|96|94|79|70|
2012-03-09|6|1_CTs|CT10||27|35|31|20|19|12|15|16|12|15|11|12|2|5|10|5|7|15|13|10|9|13|10|23|30|37|41|40|52|71|120|145|183|162|193|208|228|188|209|227|179|160|151|70|144|161|138|126|153|148|151|168|142|160|149|122|167|129|137|170|179|169|161|181|202|185|209|183|218|238|212|221|249|275|248|253|217|221|206|178|177|172|157|126|115|100|92|84|57|91|74|60|65|38|41|62|
2012-03-09|6|1_CTs|CT11||48|28|16|13|18|10|13|6|10|5|10|7|3|10|3|7|4|7|11|15|17|23|13|29|39|50|47|84|121|156|219|318|385|382|333|366|323|329|283|292|248|210|206|224|194|189|196|192|190|171|202|189|196|197|162|206|206|195|230|243|216|221|211|176|212|240|208|216|235|247|234|258|238|209|192|192|192|202|209|201|190|157|134|134|99|110|101|78|81|66|75|56|63|59|56|45|
2012-03-09|6|1_CTs|CT12||36|40|27|24|18|18|16|12|16|13|11|13|6|6|9|6|5|15|13|10|9|18|13|27|29|40|45|58|72|80|133|163|255|304|275|283|284|265|231|231|201|198|168|169|176|148|163|158|189|155|193|164|167|213|189|163|183|178|196|206|204|190|212|208|219|256|225|253|283|321|336|295|315|302|329|334|304|279|227|212|214|208|159|150|126|110|106|94|72|94|70|61|62|43|46|68|
2012-03-09|6|1_CTs|CT13||15|19|11|8|3|2|1|4|1|3|1|1|3|3|1|2|3|5|3|2|7|7|5|11|18|17|22|24|29|36|42|55|47|62|78|83|80|49|63|48|39|47|35|43|36|48|40|51|107|259|192|147|226|279|260|137|168|287|158|138|172|179|190|180|147|609|211|1277|1320|853|756|654|419|392|440|426|307|228|193|216|176|138|122|117|101|87|80|76|82|85|65|60|58|53|65|56|
2012-03-09|6|1_CTs|CT14||19|17|24|16|18|12|12|8|11|12|12|11|5|4|2|6|5|6|9|10|4|16|11|14|19|20|25|25|29|33|56|69|95|101|86|104|107|112|112|94|103|86|101|88|116|105|103|104|104|113|121|116|105|97|105|101|117|104|120|133|120|112|146|138|143|151|149|139|166|168|178|185|162|203|203|201|170|170|156|119|115|112|101|87|73|63|66|63|57|55|69|65|59|31|38|26|
2012-03-09|6|1_CTs|CT15||12|21|9|13|6|7|4|5|5|6|2|3|4|5|3|6|3|8|6|6|10|13|10|25|19|21|33|31|46|68|95|122|176|194|201|219|180|165|141|107|92|85|81|77|61|74|74|69|71|79|79|96|76|80|61|81|81|87|97|106|68|66|75|58|74|88|106|114|106|92|122|154|169|183|179|159|108|84|100|105|87|75|53|65|46|44|34|36|33|34|21|32|23|17|25|22|
2012-03-09|6|1_CTs|CT16||37|46|30|14|24|11|17|17|11|14|7|8|8|7|7|4|6|17|8|12|15|17|6|25|30|38|42|62|84|91|135|207|275|263|280|283|268|224|223|276|228|204|183|202|180|201|170|165|160|178|190|191|174|190|165|170|173|180|200|207|189|198|193|201|173|215|211|208|211|222|238|220|240|215|244|206|187|204|212|180|195|172|147|164|117|104|92|83|78|82|80|65|81|59|69|62|
2012-03-09|6|1_CTs|CT17||5|9|5|3|7|4|2|2|3|3|1|3|3|1|6|0|3|2|5|2|1|3|0|3|3|1|6|4|6|9|24|31|53|48|37|27|35|39|31|33|25|29|35|37|41|31|36|34|31|30|33|30|28|30|33|36|29|26|25|43|33|35|43|48|40|35|42|32|36|53|46|41|53|64|55|67|44|58|43|33|36|36|41|28|27|23|24|25|19|21|12|13|8|17|10|14|
2012-03-09|6|1_CTs|CT18||57|81|53|37|36|34|17|18|25|18|15|14|12|15|14|14|10|15|16|13|24|16|22|27|35|50|57|71|102|130|152|246|319|343|249|214|198|186|189|255|255|290|223|280|227|257|240|219|233|231|217|216|209|230|228|231|233|261|270|285|280|273|247|276|262|300|290|291|284|284|320|290|305|300|326|291|254|277|271|249|242|225|207|186|171|186|152|120|128|140|122|117|131|120|120|95|
2012-03-09|6|1_CTs|CT19||46|48|38|28|33|22|16|12|16|16|9|6|16|5|12|2|7|9|10|10|11|9|9|4|13|13|21|24|38|44|74|115|175|169|135|206|147|159|140|134|116|133|121|114|142|127|149|141|120|139|116|132|144|140|113|106|130|110|146|133|155|132|136|175|155|173|194|177|173|195|227|223|237|250|220|210|179|193|177|155|150|162|134|119|96|83|100|76|75|72|59|72|71|66|59|62|
2012-03-09|6|1_CTs|CT20||32|22|23|19|15|9|8|3|6|9|6|8|3|6|2|9|4|6|6|3|8|9|12|15|25|26|30|32|45|48|77|107|134|167|192|190|180|156|85|57|125|126|135|68|55|109|26|32|103|139|131|123|121|80|41|90|125|133|120|133|141|134|145|119|55|67|99|86|134|93|53|144|112|7|151|141|141|94|136|83|36|58|96|89|16|86|31|47|51|71|55|54|71|56|26|60|
2012-03-09|6|1_CTs|CT21||65|72|29|46|27|29|18|13|13|7|11|14|7|7|15|6|14|16|20|33|19|26|35|54|45|54|96|104|134|200|282|310|312|267|220|249|226|235|260|280|225|225|247|207|213|218|209|215|229|234|248|215|210|197|207|224|210|251|231|263|255|246|246|251|243|242|243|218|237|270|259|289|324|298|327|308|269|267|267|251|229|229|183|168|139|155|131|117|132|147|121|107|115|93|87|82|
2012-03-09|6|1_CTs|CT22||101|62|78|51|55|45|28|46|19|37|26|26|25|22|21|23|21|28|29|31|43|48|49|57|59|69|81|88|118|155|170|199|222|290|290|300|265|270|276|256|238|221|233|237|224|272|252|271|253|242|289|273|264|253|241|250|251|276|269|294|316|347|312|289|327|352|340|389|377|409|380|422|404|400|400|369|386|374|335|314|323|289|263|221|228|193|179|165|159|160|169|151|134|141|111|122|
2012-03-09|6|1_CTs|CT23||48|34|32|26|34|22|16|14|7|12|6|10|16|8|7|7|5|6|10|11|9|14|21|27|22|30|43|44|71|109|138|208|251|241|237|275|230|199|208|206|171|162|161|134|145|153|143|147|126|133|136|170|144|148|145|171|140|168|185|187|175|191|163|160|172|204|226|186|195|185|201|185|192|218|203|208|160|171|177|149|140|157|149|123|113|88|97|82|87|98|72|80|68|59|55|71|
2012-03-09|6|1_CTs|CT24||99|84|64|45|46|35|23|34|32|18|19|18|17|12|6|12|16|20|23|21|25|23|22|45|42|46|57|92|111|154|190|198|251|322|324|306|323|347|301|326|298|265|276|247|262|247|223|294|269|241|263|259|255|239|235|282|264|247|266|302|326|308|304|299|322|329|353|332|340|338|395|385|427|408|443|400|401|371|347|303|319|300|200|196|190|188|174|160|147|137|154|118|133|110|101|105|
