2016-05-13|3|1_CTs|ct1||305|44|35|27|20|19|20|262|18|14|11|7|9|5|5|6|5|11|9|5|7|8|10|14|8|19|32|35|305|67|358|132|167|132|143|122|146|348|412|387|103|128|375|388|619|129|116|119|625|111|125|123|121|331|425|124|126|363|116|107|385|640|398|90|371|118|117|119|392|133|108|129|380|133|369|89|112|382|402|105|130|129|118|394|107|123|116|105|92|110|63|87|85|88|330|74|
2016-05-13|3|1_CTs|ct3||50|50|48|33|21|33|22|26|18|10|12|9|4|7|13|10|11|16|11|11|10|12|18|21|26|39|38|61|74|90|375|144|137|148|400|393|172|172|438|164|155|159|408|168|387|157|148|151|166|136|407|397|149|155|367|141|406|143|147|146|389|177|409|392|132|131|383|114|108|379|85|99|112|368|128|128|362|125|138|142|387|147|144|427|399|158|151|116|387|368|358|91|353|103|119|93|
2016-05-13|3|1_CTs|ct5||154|147|168|102|87|68|50|319|287|33|39|40|17|29|27|21|19|30|17|20|13|20|20|21|15|24|35|40|319|88|125|182|217|277|233|512|256|218|484|193|208|212|209|424|717|216|194|241|240|230|233|243|262|466|511|461|229|209|479|255|254|481|516|266|285|288|298|290|313|325|587|325|334|550|258|489|310|298|571|287|574|273|259|493|193|459|158|404|420|166|671|393|428|432|217|177|
2016-05-13|3|1_CTs|ct6||16|12|8|9|8|2|9|2|1|2|1|0|1|2|3|2|2|3|2|3|6|3|4|2|5|9|14|20|27|37|267|39|56|73|77|77|68|70|568|51|46|45|42|305|294|58|301|45|37|29|57|49|54|46|38|51|221|161|45|70|64|54|56|46|49|77|65|63|50|49|65|62|66|75|71|56|46|40|42|43|37|34|42|45|286|32|38|27|26|31|278|24|14|21|24|22|
2016-05-13|3|1_CTs|ct7||138|380|408|105|99|79|292|60|311|38|60|57|34|31|29|38|44|36|30|22|29|28|32|35|43|54|50|41|59|59|84|337|102|141|123|142|617|114|153|159|146|142|392|418|160|163|169|682|420|175|451|156|431|144|415|149|587|242|163|689|173|696|174|419|406|148|330|362|315|47|76|117|137|159|86|37|76|88|154|150|147|159|152|157|403|139|131|152|141|125|136|119|144|124|180|438|
2016-05-13|3|1_CTs|ct8||73|55|93|56|49|282|294|33|28|275|22|23|17|19|24|19|16|21|15|11|11|13|14|22|27|34|23|20|33|290|41|59|64|330|65|333|326|72|107|104|94|100|348|114|104|124|107|374|117|125|148|120|634|106|379|113|100|107|110|114|115|366|140|380|361|147|115|141|394|405|396|104|98|131|133|122|131|128|109|98|106|114|99|91|376|102|86|103|80|85|83|87|87|79|120|106|
2016-05-13|3|1_CTs|ct9||363|353|87|118|63|87|77|84|54|119|67|41|32|37|40|40|37|29|291|35|34|32|32|34|557|180|436|711|785|1263|1374|1739|391|743|755|425|334|538|557|502|283|275|864|406|436|234|246|380|877|375|604|500|227|585|531|219|272|518|271|283|1186|1141|990|940|297|265|439|195|154|679|241|223|912|155|396|90|892|156|174|355|642|1257|1137|546|274|204|395|152|232|138|215|103|147|131|114|129|
2016-05-13|3|1_CTs|ct10||98|101|67|84|64|61|63|63|57|60|43|43|39|30|31|22|24|34|32|25|22|20|21|30|29|25|24|34|40|49|66|121|145|145|151|143|165|166|140|136|134|132|129|127|133|121|137|136|117|131|126|130|131|147|130|132|124|133|146|153|130|147|144|144|148|155|147|143|146|154|159|137|159|140|134|134|133|117|132|124|108|142|116|116|106|136|119|131|100|107|98|121|119|122|123|109|
2016-05-13|3|1_CTs|ct13||255|473|158|164|136|147|115|130|88|138|94|71|89|570|80|75|67|92|60|88|58|57|76|90|97|108|93|105|126|422|168|198|198|219|470|445|233|226|442|463|194|237|254|228|767|762|497|236|298|249|146|267|170|229|460|942|512|241|229|270|279|420|376|201|505|367|612|1054|346|1032|640|241|274|171|110|78|166|624|389|143|283|228|304|525|531|292|270|236|280|528|221|500|236|296|221|236|
2016-05-13|3|1_CTs|ct14||48|41|29|25|16|20|19|15|11|11|15|14|14|21|20|9|22|20|10|15|18|19|17|16|21|39|81|145|444|685|165|171|121|447|206|203|465|696|705|194|171|171|656|128|111|397|149|666|408|168|144|149|129|135|147|408|153|165|393|173|916|420|391|661|637|147|403|165|157|173|377|204|153|143|91|55|125|422|153|134|382|141|675|405|389|622|374|356|358|83|333|109|348|94|78|78|
2016-05-13|3|1_CTs|CT16||331|96|83|100|61|58|43|42|550|62|50|29|32|26|19|25|36|24|29|31|24|20|19|23|283|28|37|45|304|90|346|149|175|166|410|188|438|416|691|179|440|156|147|198|202|180|163|168|151|184|714|684|200|177|149|155|423|176|194|161|417|425|488|193|219|262|250|226|271|257|263|288|318|245|279|268|243|380|358|205|212|247|152|692|423|168|119|135|154|378|106|126|103|116|357|110|
2016-05-13|3|1_CTs|ct18||113|125|81|121|81|76|67|74|80|75|54|52|45|34|42|28|28|43|41|34|28|30|31|39|47|35|41|63|80|92|131|182|243|210|240|229|257|222|207|218|177|190|234|197|206|169|190|206|169|203|174|197|173|173|186|186|189|181|197|222|183|189|214|191|200|194|188|201|194|198|139|198|189|180|204|187|186|185|195|183|154|188|173|173|177|186|137|182|159|159|147|157|164|157|179|152|
2016-05-13|3|1_CTs|ct19||1|0|2|1|0|0|0|2|2|0|0|0|0|0|0|0|0|0|0|0|0|0|1|1|4|7|6|9|3|6|8|5|4|7|6|4|5|9|8|5|10|4|6|4|8|5|2|7|5|5|3|3|8|4|8|6|9|5|6|6|4|7|5|2|8|9|4|4|12|6|9|4|8|7|7|2|6|8|5|5|3|7|2|2|5|3|5|1|3|0|1|2|1|0|2|0|
2016-05-13|3|1_CTs|ct20||0|0|0|0|0|0|0|0|0|0|0|0|0|0|1|0|0|0|0|0|0|0|0|0|0|0|0|0|0|0|0|0|0|0|0|0|0|0|0|0|0|0|0|0|0|0|0|0|0|0|0|0|0|0|0|0|0|0|0|0|1|0|0|0|0|0|0|0|0|0|0|0|0|0|0|0|0|0|0|0|0|0|0|0|0|0|0|0|0|0|0|0|0|0|0|0|
2016-05-13|3|1_CTs|ct22||3|5|0|5|1|2|4|0|1|2|2|0|1|1|1|2|1|1|1|1|0|2|2|1|1|4|2|5|3|5|12|9|14|16|18|16|22|19|14|25|19|23|17|14|17|15|19|21|16|26|26|22|17|275|11|15|185|114|19|18|23|22|27|26|22|15|22|30|23|37|32|43|37|44|32|24|38|285|21|284|23|25|13|12|16|8|3|9|266|7|7|3|16|7|3|3|
2016-05-13|3|1_CTs|CT23||145|144|109|87|65|53|56|32|37|34|39|28|18|23|30|28|10|30|11|17|21|12|11|17|21|32|27|72|77|111|686|247|331|310|291|314|294|554|521|496|211|186|463|225|216|185|477|265|236|303|295|341|297|261|528|256|267|260|273|529|292|550|264|259|552|559|342|411|640|438|479|470|746|504|453|450|700|534|563|326|366|858|318|295|546|299|490|527|221|256|481|472|715|214|176|180|
2016-05-13|3|1_CTs|ct24||583|67|49|44|27|27|30|21|18|18|13|18|23|22|61|515|506|509|712|440|510|528|531|550|554|692|854|425|795|1143|917|688|991|1113|867|782|655|633|1232|724|713|961|866|856|1089|950|656|719|624|744|834|919|1081|1245|861|1077|814|880|1388|1154|893|810|899|811|779|853|829|885|1107|932|1132|1220|1156|957|1172|1187|1096|1117|752|1055|764|987|825|511|778|772|861|866|782|438|713|166|445|168|167|137|
