2014-10-07|3|1_CTs|ct1||29|27|16|12|20|15|10|6|3|6|3|3|3|3|3|3|3|6|0|2|5|6|13|17|13|14|37|36|55|70|116|189|221|222|219|233|234|220|217|198|202|204|184|177|200|159|135|152|172|178|171|195|167|155|150|160|166|203|199|185|198|178|186|182|179|205|222|228|198|215|209|224|232|228|246|209|214|204|194|172|204|191|142|130|112|112|75|82|88|79|77|62|64|52|58|48|
2014-10-07|3|1_CTs|ct3||50|56|49|26|32|20|15|20|13|18|6|7|3|12|12|14|8|21|17|19|19|25|21|38|26|41|49|71|66|97|134|205|220|242|236|261|249|261|252|250|248|240|226|234|237|221|222|217|222|218|226|246|222|243|228|249|246|257|255|231|260|248|241|219|242|249|237|211|198|199|202|200|181|169|215|189|172|187|182|194|184|179|199|141|162|123|111|98|103|98|86|76|88|82|102|103|
2014-10-07|3|1_CTs|ct5||114|72|93|56|44|40|35|30|34|24|16|22|13|11|13|14|20|11|12|8|14|10|11|17|18|26|18|38|48|72|99|142|168|228|228|229|228|212|194|179|192|174|157|180|166|190|198|208|193|204|240|242|215|214|193|183|204|222|205|228|200|250|268|237|262|254|263|287|290|318|290|280|294|307|316|308|278|272|268|285|273|249|236|167|156|155|139|143|147|174|148|140|120|125|126|134|
2014-10-07|3|1_CTs|ct6||11|6|2|2|1|4|2|1|0|2|2|1|1|0|1|0|0|0|2|1|2|3|4|2|1|7|14|13|21|28|36|44|57|73|77|72|77|77|69|58|53|68|68|66|62|58|72|62|42|41|44|44|33|44|46|44|41|55|66|66|58|53|55|56|54|66|66|74|66|60|56|68|68|70|64|47|42|69|54|54|49|36|33|39|21|26|30|25|17|10|18|19|22|18|12|17|
2014-10-07|3|1_CTs|ct7||108|80|104|78|65|61|55|46|28|32|36|30|25|23|23|9|30|19|18|15|23|19|25|32|35|39|34|45|50|61|87|88|109|141|134|138|146|136|141|157|129|138|167|159|170|170|164|174|163|203|208|207|164|176|159|156|147|196|159|196|186|205|208|211|92|80|110|97|60|65|59|54|77|79|86|137|173|176|146|122|165|148|159|138|120|106|111|108|98|113|113|111|118|108|98|97|
2014-10-07|3|1_CTs|ct8||52|33|46|31|33|29|37|29|14|13|37|16|15|19|12|8|10|5|10|5|11|6|7|12|21|34|17|19|23|35|48|36|57|70|73|97|81|85|91|99|85|86|109|99|127|105|114|104|90|127|130|137|121|122|102|104|101|120|106|118|126|131|136|159|138|137|140|132|141|139|128|134|146|131|132|107|124|106|132|107|99|82|97|85|73|72|66|59|63|64|72|65|61|71|61|59|
2014-10-07|3|1_CTs|ct9||82|73|48|62|56|55|49|41|25|36|17|20|34|33|19|23|22|5|15|26|17|16|33|29|26|41|28|58|62|87|114|166|214|209|235|249|228|245|207|162|174|207|180|184|158|181|176|139|152|152|155|175|144|155|160|151|170|185|194|183|168|171|153|168|169|142|213|214|225|185|205|231|221|219|238|240|209|214|219|185|198|212|169|122|121|115|112|114|108|101|112|91|82|91|102|149|
2014-10-07|3|1_CTs|ct10||45|60|52|32|29|23|37|21|26|24|22|16|14|15|15|7|12|10|12|10|9|18|14|19|14|23|22|35|41|47|80|120|155|140|164|152|158|148|145|164|136|152|143|123|132|122|142|138|117|135|139|139|125|136|122|113|149|125|147|141|136|150|140|142|153|144|145|163|140|145|146|163|169|176|128|136|145|143|139|158|134|146|160|117|101|101|101|84|97|96|113|80|93|77|85|78|
2014-10-07|3|1_CTs|ct13||132|156|123|104|56|102|80|60|68|50|44|55|39|54|50|50|56|44|49|44|44|48|80|59|57|96|70|118|110|139|194|220|236|284|239|210|243|218|230|211|265|250|214|214|257|265|303|300|282|282|226|245|266|294|331|264|290|195|251|226|194|231|256|283|167|250|285|238|227|270|240|172|200|262|264|243|248|244|313|191|268|307|295|277|264|280|276|221|226|224|221|233|216|190|187|191|
2014-10-07|3|1_CTs|ct14||33|31|25|28|21|13|13|12|6|10|2|6|4|6|9|12|5|4|5|6|12|15|18|26|26|39|61|116|193|255|235|256|262|240|235|242|251|241|234|272|271|265|225|247|231|185|197|153|181|177|184|173|171|171|168|182|199|183|204|176|169|184|209|180|164|165|199|200|178|209|214|175|169|174|234|249|253|229|234|205|107|163|144|126|12|98|117|88|86|90|87|88|74|56|70|48|
2014-10-07|3|1_CTs|CT16||74|99|69|83|71|53|51|38|37|13|32|26|17|21|9|23|66|130|45|83|109|54|65|141|47|49|59|119|109|98|92|138|134|144|188|157|183|153|178|181|188|178|155|170|147|177|182|161|149|189|132|158|175|150|128|126|150|178|168|148|182|185|196|185|170|183|172|191|206|207|226|230|279|257|221|252|231|219|217|212|195|173|133|136|106|112|117|129|96|104|121|98|72|88|93|97|
2014-10-07|3|1_CTs|ct18||67|86|65|46|37|34|38|28|34|25|30|22|11|16|18|9|11|14|24|15|11|22|27|32|31|31|39|61|63|108|129|179|194|252|285|229|275|213|183|247|235|233|224|223|190|181|211|191|140|201|184|182|186|159|160|144|202|188|210|216|215|203|207|176|190|192|176|195|202|150|202|181|221|215|170|197|182|164|181|184|164|160|184|145|109|143|145|106|130|129|156|107|128|115|111|100|
2014-10-07|3|1_CTs|ct19||0|1|0|0|1|2|0|0|0|0|0|0|0|0|0|1|0|0|0|0|0|1|2|2|1|8|4|8|9|6|7|8|4|7|4|6|8|8|7|7|5|4|7|6|4|10|5|5|4|8|8|6|6|15|5|11|10|3|5|5|4|6|5|9|5|7|8|7|1|7|5|5|5|6|7|5|10|7|3|7|13|3|4|5|5|4|6|4|0|1|2|1|0|3|0|1|
2014-10-07|3|1_CTs|ct22||1|4|3|0|1|1|0|2|1|0|0|0|1|1|0|0|2|4|2|2|1|2|2|1|0|0|4|1|4|5|9|9|19|11|18|17|20|20|21|33|21|12|28|20|31|28|19|24|31|31|29|27|37|23|21|25|26|29|28|36|33|28|27|32|24|37|34|41|50|53|39|59|66|54|45|53|51|41|29|18|25|31|29|9|7|5|10|11|15|13|3|4|11|7|8|13|
2014-10-07|3|1_CTs|CT23||126|91|68|40|49|33|26|40|24|17|15|17|26|18|15|1|8|11|10|7|6|12|11|35|18|15|32|33|80|86|188|303|290|374|378|382|397|314|343|273|233|270|252|249|283|269|238|275|290|262|338|321|358|341|285|280|303|317|303|307|336|307|362|325|358|402|464|467|494|553|511|570|584|667|603|556|547|546|525|501|526|501|422|360|269|280|199|193|247|224|196|220|160|155|152|113|
2014-10-07|3|1_CTs|ct24||144|113|99|69|64|56|48|38|35|37|28|27|20|29|34|25|30|19|34|44|39|70|98|108|129|194|316|497|648|821|872|901|877|921|858|876|810|842|739|870|841|920|912|894|833|774|777|744|716|740|847|787|718|801|740|779|808|802|866|859|720|784|792|732|724|789|785|818|804|791|781|644|608|680|922|930|900|816|818|697|644|628|572|485|424|480|387|356|349|335|296|296|257|271|259|181|
