2013-06-28|3|1_CTs|ct1||69|66|66|39|60|29|32|19|17|9|16|13|11|13|10|6|7|7|9|10|5|14|14|22|19|24|47|46|46|78|134|144|184|234|227|226|243|215|211|206|206|197|178|192|169|202|185|204|197|213|202|209|211|188|173|166|190|180|203|181|198|218|212|175|217|209|192|201|225|208|199|194|201|205|192|211|201|207|204|214|205|207|190|172|192|149|133|132|108|119|102|105|104|105|95|105|
2013-06-28|3|1_CTs|ct3||149|164|97|92|95|62|67|45|45|37|37|23|27|49|51|42|39|131|64|30|85|43|101|80|33|119|95|71|75|105|163|212|295|338|366|280|329|355|314|242|273|175|228|295|245|204|209|232|194|240|255|251|247|239|238|238|218|238|246|233|250|247|242|215|245|224|208|211|227|222|185|189|195|218|183|197|189|216|224|208|247|238|234|223|262|220|208|197|180|186|190|174|150|186|166|200|
2013-06-28|3|1_CTs|ct5||157|143|136|103|124|113|96|80|78|56|58|44|50|31|27|26|31|30|31|17|19|19|17|20|43|43|39|54|77|101|108|135|176|232|214|251|230|209|215|217|203|206|207|197|199|198|219|239|244|266|255|262|289|274|264|224|195|233|250|263|237|250|263|273|229|272|275|260|295|279|253|285|260|331|262|286|292|235|270|310|268|240|246|275|203|207|197|149|168|151|185|174|189|186|164|206|
2013-06-28|3|1_CTs|ct6||16|20|9|9|5|9|4|5|8|2|2|3|5|3|3|0|2|1|0|1|3|0|3|3|5|3|7|23|18|25|31|45|46|62|83|61|73|67|65|58|42|25|26|25|31|25|30|32|29|37|31|46|46|72|43|63|44|54|68|93|72|72|70|65|73|58|59|42|65|59|64|79|60|54|49|58|45|59|40|34|40|33|28|36|45|36|25|25|16|23|25|22|31|25|17|23|
2013-06-28|3|1_CTs|ct7||167|139|146|126|158|159|113|113|84|77|82|53|51|37|36|59|28|46|39|29|31|22|39|28|52|35|44|38|59|57|78|95|127|159|172|154|159|191|189|166|186|172|181|165|208|188|204|224|204|234|200|147|104|125|110|137|191|157|89|113|171|88|96|108|73|40|63|66|116|138|46|100|63|62|80|74|78|64|110|146|192|171|177|164|141|162|171|154|125|153|158|158|152|193|214|174|
2013-06-28|3|1_CTs|ct9||89|103|90|95|88|70|45|47|53|61|71|46|27|28|27|33|28|60|35|44|17|33|30|31|26|34|30|52|47|82|124|141|187|187|219|259|256|224|221|283|205|185|205|202|199|185|174|189|145|163|164|188|177|165|155|173|206|192|225|187|186|151|176|169|185|172|179|186|205|189|99|195|203|198|239|209|241|182|186|186|191|180|203|165|177|146|148|120|123|106|94|99|115|124|109|108|
2013-06-28|3|1_CTs|ct10||118|130|94|99|104|71|75|63|57|73|45|47|44|36|37|30|29|41|29|42|23|28|22|30|33|39|40|39|35|48|70|87|109|150|155|179|170|164|170|172|137|167|148|136|141|126|144|156|149|144|150|148|149|154|120|141|147|162|158|152|159|136|158|154|145|169|148|176|153|165|177|170|159|158|163|138|158|147|145|161|147|159|133|138|142|147|114|122|127|123|113|102|111|112|137|122|
2013-06-28|3|1_CTs|ct13||230|265|200|942|1415|1166|1388|1190|2325|2312|1152|2289|2135|767|1599|880|554|113|242|1027|1484|1848|1478|1036|1171|2139|1675|532|284|174|180|172|246|238|246|261|303|191|255|244|217|233|239|237|264|228|206|291|264|260|239|303|356|226|265|1246|589|407|442|434|559|304|478|405|264|255|247|306|404|350|252|222|263|284|172|306|264|306|228|343|368|328|259|621|482|340|281|415|495|736|482|485|411|366|356|318|
2013-06-28|3|1_CTs|ct14||59|64|38|43|38|35|18|12|15|16|6|8|8|7|16|6|9|10|4|14|11|14|22|23|28|56|64|129|187|219|265|280|274|281|273|296|290|299|268|289|268|216|232|201|194|238|220|196|178|170|198|188|164|163|189|185|171|214|207|222|197|206|214|205|169|192|184|204|203|229|239|228|224|267|245|260|248|220|172|248|243|237|222|191|175|148|104|102|101|87|111|95|77|79|98|81|
2013-06-28|3|1_CTs|CT16||125|81|81|92|89|62|59|51|57|48|42|46|38|17|24|32|30|43|36|31|19|23|21|17|20|26|25|46|41|50|94|101|149|124|164|150|174|148|136|189|176|160|139|194|195|189|172|200|165|187|200|203|203|175|153|154|150|164|216|176|188|146|192|177|200|186|207|201|183|214|232|223|246|233|276|288|240|192|228|226|222|239|197|143|171|128|146|116|124|124|117|82|131|117|112|131|
2013-06-28|3|1_CTs|ct17||112|102|102|94|81|70|57|49|51|39|38|31|39|30|20|22|13|40|29|35|20|29|23|31|33|33|38|46|48|88|134|155|243|261|309|324|348|334|309|301|250|281|217|222|215|229|212|225|211|224|239|214|233|201|207|193|207|242|238|259|199|237|248|204|246|211|237|225|218|253|253|255|225|237|250|156|225|222|210|213|230|215|180|175|210|184|159|136|133|142|125|134|150|138|130|131|
2013-06-28|3|1_CTs|ct18||143|161|123|126|124|96|92|79|71|85|57|64|64|37|46|37|33|48|37|45|28|35|33|41|48|52|48|67|56|99|129|160|192|248|253|256|282|254|241|250|220|217|232|180|185|208|223|207|198|224|199|191|220|193|171|200|212|200|243|197|206|195|236|207|198|203|210|196|190|225|229|178|210|189|223|199|226|193|201|216|210|215|205|204|186|183|164|164|170|167|145|161|152|178|180|175|
2013-06-28|3|1_CTs|ct19||1|2|0|3|1|2|0|1|0|0|0|0|0|0|1|0|0|1|0|0|0|0|1|3|2|8|6|9|5|5|8|8|7|4|6|5|9|8|8|3|5|8|6|3|4|6|5|4|7|6|5|5|4|7|12|4|9|9|7|5|7|4|7|8|2|8|7|4|7|4|6|6|4|7|3|5|8|2|7|2|6|8|5|1|7|4|4|4|4|1|2|0|1|1|2|1|
2013-06-28|3|1_CTs|ct20||70|64|46|49|47|33|23|27|13|18|15|10|16|7|17|12|9|9|12|16|12|18|20|15|24|38|42|69|77|106|160|143|167|179|185|165|148|164|161|164|185|179|177|176|156|146|110|157|146|157|171|168|135|151|161|164|157|179|184|176|179|178|155|169|148|173|183|191|157|150|167|165|127|126|102|106|154|139|169|140|93|98|90|122|150|142|148|124|129|130|114|114|104|102|134|102|
2013-06-28|3|1_CTs|ct22||6|3|3|3|5|4|4|4|0|1|0|0|2|4|2|1|2|4|2|3|1|1|5|3|5|1|3|3|5|4|9|10|15|22|19|25|22|25|17|27|20|32|18|22|21|22|20|24|23|25|31|35|23|17|23|25|29|24|22|30|22|26|28|33|35|32|41|42|51|41|55|59|62|58|61|49|49|40|25|29|24|25|13|11|19|7|12|16|8|13|9|5|8|7|8|8|
2013-06-28|3|1_CTs|CT23||132|102|91|64|87|49|51|27|18|34|21|25|19|24|18|11|12|17|23|8|14|14|17|25|20|26|49|45|64|68|142|151|204|282|293|289|261|271|226|281|227|193|208|200|186|214|218|255|262|294|274|306|328|279|270|234|256|267|221|271|275|269|292|290|318|357|333|376|376|401|376|414|407|443|402|401|405|345|419|377|337|292|281|310|270|260|226|188|182|181|175|135|145|130|163|133|
2013-06-28|3|1_CTs|ct24||262|237|196|154|151|131|87|66|66|66|50|46|36|53|46|39|31|35|46|60|53|99|86|106|130|208|330|489|620|857|980|893|925|1006|974|927|814|888|889|889|900|777|779|809|845|864|843|797|795|785|846|857|828|774|794|772|781|883|883|895|850|858|853|850|742|815|787|848|817|901|910|872|913|913|894|895|932|907|911|901|920|887|859|756|700|600|516|499|435|406|468|392|361|397|386|346|
