2017-06-24|6|1_CTs|CT1||0|2|0|1|0|0|0|0|1|0|0|0|0|0|0|2|1|1|0|0|1|1|1|2|2|1|261|1|1|3|1|1|5|7|11|3|7|7|2|5|7|5|23|123|94|94|107|129|342|97|115|93|92|93|86|83|582|68|89|63|74|338|65|335|78|76|58|325|54|72|74|312|76|587|344|65|66|296|77|321|73|79|69|315|53|286|45|54|81|68|58|81|60|234|133|20|
2017-06-24|6|1_CTs|CT3||25|22|25|247|21|10|14|6|5|3|5|12|10|5|8|7|10|15|11|17|18|16|15|18|35|31|31|36|281|39|41|39|36|252|44|44|37|45|47|42|40|41|44|43|39|38|40|57|44|40|41|36|33|285|34|35|29|45|31|41|45|34|28|43|35|286|41|40|49|28|36|35|35|38|25|41|28|46|35|32|237|33|27|28|35|23|282|18|19|35|19|30|15|19|22|248|
2017-06-24|6|1_CTs|CT4||2|4|2|1|0|0|0|0|3|0|1|0|3|4|2|6|1|3|3|2|2|0|2|1|2|1|0|4|6|6|7|6|5|6|1|14|8|11|18|7|12|8|21|18|21|12|254|13|22|10|20|14|23|276|13|15|19|3|17|273|3|12|14|16|12|18|12|10|19|13|19|15|22|16|17|21|25|21|18|18|21|20|271|12|7|10|8|16|8|7|8|517|9|7|10|8|
2017-06-24|6|1_CTs|CT6||41|274|274|32|286|23|29|18|11|14|13|11|3|6|8|9|241|5|7|15|16|6|12|15|15|15|17|22|24|29|32|38|41|508|55|50|312|59|57|85|73|91|90|93|118|111|339|124|347|850|112|116|102|103|335|93|95|312|72|87|94|92|356|83|81|71|75|71|298|79|63|323|69|89|80|104|79|80|357|108|76|76|72|314|59|51|50|263|195|39|307|46|39|48|31|38|
2017-06-24|6|1_CTs|CT7||8|6|9|7|4|8|3|9|4|2|1|3|4|4|2|3|3|4|4|3|3|4|2|1|1|3|5|4|7|7|13|13|11|11|14|9|13|12|19|23|22|14|17|19|24|23|26|17|20|30|22|24|21|25|17|17|12|22|14|18|22|14|29|12|9|16|13|11|17|17|9|12|15|19|13|15|12|13|18|13|20|19|15|276|21|12|8|10|8|13|12|10|10|6|10|4|
2017-06-24|6|1_CTs|CT8||69|71|53|252|265|32|34|33|19|19|19|22|22|17|20|21|17|240|7|8|12|13|254|17|17|27|24|27|33|43|68|62|57|554|91|302|255|147|110|121|82|79|304|102|100|109|362|108|108|109|111|104|372|346|102|96|85|84|92|322|321|109|328|111|317|94|366|340|544|108|99|90|358|574|362|117|105|121|127|108|118|97|108|92|95|80|80|85|89|80|74|68|76|70|65|80|
2017-06-24|6|1_CTs|CT10||49|57|37|46|26|28|27|24|19|20|14|12|10|9|11|10|9|11|19|9|236|19|16|18|18|24|18|32|26|291|54|47|53|78|68|334|95|90|331|120|108|342|114|104|123|112|128|121|120|360|434|198|498|481|208|210|159|415|125|98|107|121|123|129|363|99|330|118|103|105|109|85|115|115|378|598|97|340|87|371|116|110|107|87|85|53|91|294|306|73|64|64|56|47|44|48|
2017-06-24|6|1_CTs|CT11||43|45|285|42|29|34|16|25|21|21|18|17|11|15|7|13|10|5|9|12|14|15|21|32|27|33|51|55|55|62|100|97|349|367|139|406|151|151|153|206|164|152|144|83|78|132|136|144|610|137|427|132|143|128|116|117|349|87|126|119|390|118|108|126|117|631|111|592|104|103|126|332|115|621|134|130|117|109|123|393|116|385|111|106|109|96|82|37|2|2|6|4|2|4|26|44|
2017-06-24|6|1_CTs|CT12||56|303|312|318|42|44|34|33|25|18|21|13|12|17|14|12|16|13|14|10|12|15|15|30|263|284|30|39|46|51|58|68|73|93|104|121|122|121|119|166|365|135|159|159|161|140|168|157|408|942|267|251|266|237|477|209|434|175|172|146|144|156|148|144|146|381|127|112|132|146|146|101|149|167|387|139|387|394|367|129|143|146|135|98|100|350|80|90|83|81|70|84|329|76|320|64|
2017-06-24|6|1_CTs|CT15||45|39|36|253|283|27|13|22|16|10|15|15|8|16|10|16|19|11|244|27|20|21|22|26|37|39|42|49|43|44|309|64|85|63|81|539|332|90|119|119|101|346|96|115|100|332|93|76|93|574|91|76|106|82|77|71|71|78|82|92|275|75|354|62|87|68|81|72|77|78|68|63|94|86|65|89|80|75|66|88|74|300|70|61|49|301|60|50|45|55|53|47|42|52|35|35|
2017-06-24|6|1_CTs|CT16||62|306|48|51|40|278|28|28|23|283|19|12|19|15|11|13|10|12|17|22|14|15|284|15|22|31|35|46|45|561|94|85|78|334|106|118|308|436|135|177|141|169|414|432|139|179|178|189|184|168|700|156|151|418|153|156|380|364|134|120|413|356|158|394|134|154|114|370|134|135|364|117|130|418|168|137|127|370|137|146|154|147|379|142|139|96|361|64|66|87|77|90|83|65|304|61|
2017-06-24|6|1_CTs|CT17||26|16|17|19|276|10|10|17|8|5|5|5|2|8|4|3|1|6|3|2|1|4|6|3|4|5|2|5|11|7|9|9|7|9|269|16|24|282|25|43|40|35|40|38|40|48|58|53|309|303|42|58|57|54|37|51|41|39|44|37|34|54|296|48|41|34|31|37|45|35|41|39|48|51|32|305|39|36|45|38|41|35|38|20|25|281|24|22|25|23|275|21|25|23|14|12|
2017-06-24|6|1_CTs|CT19||51|63|71|40|53|38|48|47|25|25|21|16|18|23|13|14|7|12|9|10|10|9|20|14|10|10|19|14|24|27|25|38|51|45|66|295|326|79|78|99|116|87|380|119|129|156|374|127|153|142|129|144|165|148|366|120|109|122|121|98|121|113|125|376|123|96|88|100|112|86|316|72|130|142|110|375|123|127|107|101|377|139|94|95|80|80|68|65|60|69|71|60|62|66|61|309|
2017-06-24|6|1_CTs|CT20||311|42|49|36|29|27|19|21|14|11|11|11|10|5|7|10|7|6|252|10|3|9|12|15|16|22|22|14|25|274|43|39|51|62|45|72|237|148|340|89|617|106|113|370|115|128|52|114|66|4|108|18|356|108|99|106|97|18|335|87|65|52|36|78|328|77|65|76|73|64|76|76|80|84|551|597|106|20|63|11|81|73|73|67|58|49|21|46|280|37|313|47|307|31|274|45|
2017-06-24|6|1_CTs|CT21||95|110|78|80|52|55|52|40|30|37|22|33|20|32|27|24|30|31|38|54|40|47|62|62|56|62|65|74|325|118|160|118|123|160|176|168|385|153|207|206|169|185|205|419|178|203|183|176|195|179|183|176|157|141|167|149|408|166|169|168|449|434|151|194|185|411|163|404|359|180|685|178|184|177|185|180|163|677|191|182|155|176|157|378|130|526|106|119|117|136|296|122|119|126|96|95|
2017-06-24|6|1_CTs|CT23||319|97|301|297|59|304|53|34|28|35|31|43|26|24|27|35|26|20|227|23|16|27|29|288|40|46|62|67|74|87|106|132|106|339|161|153|152|146|663|198|377|412|171|411|181|168|191|179|412|176|161|184|196|158|165|372|373|182|400|146|183|161|159|169|160|166|154|413|419|158|151|417|188|184|437|401|174|386|200|423|154|160|152|391|126|383|149|320|104|111|105|353|360|97|93|93|
2017-06-24|6|1_CTs|CT24||101|104|325|72|321|66|61|52|40|285|44|268|36|39|39|28|270|22|30|28|255|25|36|34|45|52|41|67|79|59|92|96|81|86|117|122|305|409|132|171|372|393|182|159|179|362|228|222|237|212|248|464|272|246|258|262|207|192|181|172|394|164|195|226|174|180|186|168|160|181|380|184|216|222|474|184|189|412|202|188|174|158|143|128|374|122|117|103|107|85|96|332|113|99|120|117|
