2014-03-29|6|1_CTs|CT1||2|2|0|3|0|2|0|2|0|0|1|1|0|0|0|1|0|0|1|1|2|0|1|3|3|0|7|0|3|1|1|3|1|2|5|3|3|2|4|5|4|0|3|5|4|1|3|5|4|2|4|2|5|0|2|10|2|5|4|3|7|3|3|7|2|6|3|2|5|5|3|3|3|3|3|3|4|9|5|5|0|3|5|2|7|0|2|1|2|1|8|0|3|0|0|4|
2014-03-29|6|1_CTs|CT3||15|11|9|8|11|5|8|4|4|3|10|2|2|2|5|6|6|17|14|9|21|24|26|30|48|25|31|29|36|33|29|38|43|36|32|30|28|34|29|32|39|25|29|31|33|33|27|38|28|31|34|28|39|39|34|39|32|40|30|29|27|22|29|23|31|26|28|21|25|25|22|28|24|30|31|31|17|26|33|38|17|28|18|15|26|26|27|16|15|17|15|8|17|14|8|7|
2014-03-29|6|1_CTs|CT4||16|11|12|6|4|4|7|6|6|7|2|5|4|3|3|3|2|1|2|3|2|2|1|3|3|3|1|3|3|6|3|5|8|10|11|12|19|14|18|20|24|23|26|24|22|21|19|12|33|27|28|19|22|28|19|17|15|22|27|28|19|21|20|22|16|20|21|23|22|20|12|14|17|18|21|17|22|34|18|15|19|19|17|14|13|13|11|8|9|8|9|11|5|12|11|11|
2014-03-29|6|1_CTs|CT5||15|24|21|18|19|22|19|10|12|20|10|14|17|11|9|9|11|14|14|14|11|7|10|10|10|13|21|14|15|20|19|35|33|29|25|33|46|47|50|67|62|55|44|39|41|57|64|64|56|53|43|82|55|59|70|60|54|67|54|61|61|65|63|43|44|61|52|55|59|66|62|79|56|67|69|71|64|50|36|48|52|41|42|31|21|28|29|25|24|28|27|36|34|28|25|21|
2014-03-29|6|1_CTs|CT6||38|21|35|20|13|13|14|7|18|5|12|9|12|7|9|11|9|4|6|9|13|10|6|17|9|16|21|14|17|21|27|24|27|43|30|50|61|56|60|59|73|87|87|102|89|100|105|96|121|116|109|112|116|105|111|96|91|101|104|79|102|102|95|110|93|104|72|94|73|87|99|92|67|79|107|104|77|122|87|102|72|81|103|74|57|42|36|46|35|35|39|58|37|32|35|38|
2014-03-29|6|1_CTs|CT7||14|7|6|6|4|3|2|5|2|1|5|0|0|1|2|1|2|1|2|5|6|1|2|2|2|4|6|3|6|3|5|10|10|12|13|9|20|23|17|9|16|17|19|21|20|17|17|12|22|20|26|23|28|16|19|10|13|22|12|12|21|22|29|18|14|23|15|14|30|13|16|17|13|10|30|23|25|23|20|31|25|20|16|17|12|14|4|8|7|5|14|4|8|15|8|7|
2014-03-29|6|1_CTs|CT8||59|50|47|34|32|20|29|32|23|37|21|14|14|13|14|12|26|20|12|13|12|8|17|27|26|23|39|32|32|56|44|62|43|60|103|102|93|92|118|126|107|113|107|101|111|105|103|111|125|120|132|105|110|121|117|109|110|103|98|118|118|127|119|125|130|95|115|93|122|123|111|110|145|143|127|120|141|143|135|137|117|134|128|84|85|76|78|61|54|60|65|62|73|43|51|57|
2014-03-29|6|1_CTs|CT9||68|81|75|63|56|29|23|23|30|29|20|30|25|18|14|16|12|16|16|22|9|14|14|30|38|25|43|52|60|57|70|69|67|80|108|131|114|130|132|141|168|162|197|151|134|147|149|164|180|166|168|147|185|178|170|170|135|140|165|161|157|164|200|185|158|130|157|136|160|180|146|164|143|162|172|203|258|328|326|310|163|137|100|114|111|78|85|72|74|92|110|97|81|79|61|70|
2014-03-29|6|1_CTs|CT10||35|35|25|28|37|19|18|20|17|16|11|16|21|14|16|15|15|13|13|8|16|11|13|13|25|20|24|29|30|36|46|59|53|48|71|86|94|89|110|106|105|108|96|136|116|122|133|135|152|130|116|146|131|131|121|110|107|103|105|113|119|100|130|144|139|118|132|121|116|127|155|135|121|116|141|140|116|119|111|139|122|101|74|90|67|54|62|48|50|92|151|91|67|65|50|44|
2014-03-29|6|1_CTs|CT11||42|43|37|19|19|16|9|17|13|9|12|16|17|6|7|8|6|13|7|5|8|13|13|25|31|26|38|57|54|56|68|95|70|89|122|141|129|139|159|168|163|156|222|162|148|163|146|170|178|132|138|170|140|167|137|155|122|129|130|149|134|152|165|137|141|152|140|128|150|146|140|136|122|131|131|142|172|172|166|213|137|107|116|108|82|46|47|51|54|105|116|102|70|58|46|53|
2014-03-29|6|1_CTs|CT12||53|40|32|27|43|17|22|22|21|25|24|17|23|16|19|14|15|6|12|9|12|19|18|17|23|26|35|31|43|29|42|58|50|53|80|106|105|107|123|141|157|138|150|178|159|160|158|157|186|170|156|190|175|172|150|140|118|129|144|143|148|123|165|155|146|161|163|131|156|153|179|158|126|123|150|142|150|155|143|158|133|106|105|101|83|73|58|52|65|92|138|101|73|71|55|55|
2014-03-29|6|1_CTs|CT15||24|22|13|17|6|12|5|5|8|7|12|7|1|5|2|6|6|7|7|12|8|7|19|20|18|19|25|19|22|18|25|34|34|34|47|56|60|64|60|63|88|56|72|69|63|55|59|84|62|63|72|62|52|48|53|43|45|56|55|68|54|72|61|50|59|54|50|53|62|55|50|41|55|51|68|65|107|136|144|109|66|49|48|32|28|38|23|17|15|24|27|24|25|18|24|19|
2014-03-29|6|1_CTs|CT16||56|52|42|48|29|32|17|24|15|12|16|15|24|10|7|12|12|18|16|9|18|8|14|13|26|22|36|41|40|54|49|87|83|90|121|104|140|138|140|140|154|128|173|181|151|168|159|157|208|174|159|167|198|144|176|157|133|152|136|163|144|151|158|168|161|171|158|149|175|145|147|142|146|146|158|162|144|165|141|218|165|129|135|128|78|73|81|55|64|85|150|93|95|81|59|61|
2014-03-29|6|1_CTs|CT17||31|32|27|27|29|7|12|13|22|17|9|11|13|13|9|7|6|3|13|4|5|7|4|8|8|5|9|9|11|11|9|21|28|32|43|53|31|43|44|63|65|58|40|57|51|62|68|61|80|71|83|62|78|80|86|62|64|58|59|55|54|58|76|79|54|60|66|60|62|76|61|68|71|59|65|66|72|83|104|72|63|38|52|44|45|36|33|26|49|31|27|38|39|22|23|34|
2014-03-29|6|1_CTs|CT18||77|77|69|57|56|54|40|40|38|38|27|31|39|32|26|23|23|29|30|27|27|17|27|25|34|33|45|46|42|54|60|95|96|106|128|112|127|159|143|169|182|186|191|180|222|211|212|218|197|230|204|232|207|224|200|202|215|183|189|224|202|182|208|242|184|222|213|195|209|216|209|235|169|222|183|221|202|212|191|193|202|174|163|138|92|105|109|94|88|107|168|138|102|100|88|89|
2014-03-29|6|1_CTs|CT19||48|53|43|43|35|19|27|21|33|31|18|25|21|16|21|11|10|11|20|10|12|12|4|7|10|17|20|11|16|16|20|27|35|48|58|73|54|60|73|114|118|96|110|142|104|132|123|132|166|135|149|159|157|162|141|131|118|115|116|117|112|127|136|140|133|128|134|129|138|148|145|158|127|145|145|138|147|172|154|134|119|95|91|69|76|59|64|62|64|55|55|60|59|54|50|53|
2014-03-29|6|1_CTs|CT20||35|32|40|28|18|22|10|13|12|13|11|11|19|9|7|6|6|6|8|12|12|7|17|15|18|16|15|20|27|26|28|24|51|40|43|64|73|80|80|85|106|47|102|120|42|98|50|10|118|140|136|134|101|55|37|102|124|126|125|125|85|57|131|119|95|64|27|35|108|7|112|73|106|77|121|103|51|59|67|54|88|67|93|14|58|68|49|39|37|40|43|45|46|43|43|45|
2014-03-29|6|1_CTs|CT21||114|85|61|37|43|38|42|25|27|28|34|26|23|16|19|16|24|31|37|30|38|37|44|54|65|49|55|74|58|101|117|130|115|129|157|170|150|156|153|163|188|185|175|214|176|183|186|180|181|197|182|203|164|158|163|161|173|189|158|199|203|203|209|176|200|176|191|166|194|191|170|178|171|202|161|192|227|206|253|252|184|174|166|136|120|109|112|88|92|97|113|98|92|89|87|83|
2014-03-29|6|1_CTs|CT22||127|112|75|97|85|69|65|60|59|56|54|56|27|48|41|37|35|41|52|44|44|65|69|70|70|73|75|77|78|104|93|125|123|117|154|140|141|159|145|158|166|190|186|206|219|239|176|240|250|234|230|236|243|222|237|220|196|204|205|226|212|212|215|231|238|230|214|232|248|222|267|217|218|234|212|221|204|238|226|203|193|193|161|127|106|129|132|97|88|103|122|118|118|108|111|103|
2014-03-29|6|1_CTs|CT23||104|81|68|54|42|42|41|38|26|39|26|27|29|23|20|16|33|30|20|28|26|23|29|52|44|34|62|65|62|73|71|101|93|118|162|160|140|154|161|198|183|169|181|182|176|168|149|182|171|196|220|190|171|173|177|165|158|179|156|172|192|176|204|195|198|176|169|159|183|203|173|179|184|193|205|204|229|257|248|222|179|197|159|136|115|116|103|99|84|94|93|95|94|77|71|75|
2014-03-29|6|1_CTs|CT24||104|90|69|62|57|57|35|49|43|46|34|34|31|26|27|24|29|30|32|37|33|38|27|26|28|42|36|44|51|55|61|82|76|71|82|83|90|104|140|101|142|171|148|155|228|194|206|181|229|170|200|209|173|229|187|143|170|123|182|151|162|270|164|185|226|225|179|209|207|217|218|220|197|191|194|222|223|262|222|246|195|153|141|141|131|116|104|81|105|116|148|145|118|120|86|83|
