2012-07-16|22|1_CTs|CT1||13|20|19|7|16|7|3|12|5|7|4|3|5|5|4|1|4|10|11|9|13|10|22|16|18|16|24|30|35|42|68|108|111|129|143|153|117|138|129|94|98|81|77|79|73|72|70|64|72|62|72|84|74|64|57|58|61|70|66|79|80|46|60|51|63|69|143|179|227|180|157|158|170|169|172|177|158|90|76|60|56|42|49|36|36|25|34|31|28|22|29|22|25|17|14|19|
2012-07-16|22|1_CTs|CT2||32|37|24|18|23|18|11|14|17|4|8|9|7|3|6|5|2|4|9|10|15|14|24|31|38|32|42|53|82|64|112|167|183|189|200|232|214|215|199|200|164|146|161|154|156|138|141|132|137|157|162|134|131|106|119|136|133|131|158|140|131|128|143|142|144|154|234|314|322|301|265|282|275|293|255|284|314|201|144|140|128|91|77|92|71|70|62|63|61|77|43|51|55|48|33|33|
2012-07-16|22|1_CTs|CT3||50|51|31|24|20|22|16|22|26|8|13|7|12|5|8|4|4|8|6|10|22|22|33|29|37|45|54|66|87|99|172|224|233|237|293|309|295|300|276|245|202|191|192|188|179|188|182|178|197|192|153|186|192|178|173|175|166|200|193|200|184|171|183|177|195|217|323|396|380|395|357|328|349|335|356|327|347|293|201|164|155|129|121|116|111|98|80|90|96|96|65|72|71|68|50|46|
2012-07-16|22|1_CTs|CT4||24|29|18|15|20|18|15|15|25|5|8|9|7|5|7|7|5|6|6|1|10|10|12|20|30|28|24|31|54|50|78|109|125|135|152|207|179|175|177|161|150|155|138|149|137|124|133|117|56|144|169|126|128|69|87|38|121|127|142|132|137|179|226|232|198|191|178|206|189|186|227|212|187|220|217|187|184|152|136|132|122|106|85|90|79|72|67|49|67|54|49|53|51|47|50|36|
2012-07-16|22|1_CTs|CT5||32|28|23|20|16|17|9|15|20|10|13|9|8|4|8|8|2|11|8|10|14|12|22|18|29|23|33|38|54|68|99|137|165|176|184|232|248|197|203|194|173|156|166|163|147|152|166|145|147|187|181|171|168|132|115|135|141|164|159|169|152|189|210|243|197|201|212|221|234|248|268|252|224|251|262|233|204|200|165|145|148|142|98|103|96|71|81|62|67|71|54|60|52|55|44|32|
2012-07-16|22|1_CTs|CT6||24|20|15|16|14|10|12|7|18|8|7|9|6|3|2|8|4|4|0|7|8|8|14|12|21|18|15|23|38|30|46|53|74|71|95|98|119|102|99|97|86|85|87|92|102|93|119|93|96|96|119|91|102|94|86|74|83|78|95|96|94|132|160|221|135|139|162|146|142|154|170|168|166|187|174|144|161|114|98|117|93|98|65|67|58|44|64|48|47|56|31|38|33|29|37|19|
2012-07-16|22|1_CTs|CT7||2|8|1|7|6|4|1|3|1|0|0|2|0|0|1|0|0|0|1|3|3|0|3|5|3|5|4|11|12|8|14|22|15|20|32|18|33|27|33|30|22|20|26|24|26|23|22|24|20|26|22|29|22|13|16|18|22|15|27|14|21|20|16|14|14|19|20|31|24|11|7|18|14|12|16|28|22|18|15|14|24|11|8|14|10|3|11|10|12|12|4|5|10|8|3|8|
2012-07-16|22|1_CTs|CT8||10|14|10|7|8|12|7|4|9|5|5|5|4|4|2|1|1|5|1|3|4|3|7|5|6|9|4|8|12|11|30|39|49|61|52|66|77|72|75|70|60|66|55|90|63|56|76|46|35|65|73|43|38|28|35|23|35|25|27|39|37|32|21|32|39|17|24|36|45|37|35|38|30|39|37|40|47|55|29|37|29|26|18|16|15|14|6|13|8|7|9|5|6|8|4|10|
2012-07-16|22|1_CTs|CT9||31|24|23|20|11|12|15|12|21|10|13|6|6|7|7|9|6|8|7|16|18|18|19|25|20|43|63|60|90|125|191|241|265|279|274|278|247|270|288|276|199|197|163|176|157|151|147|167|152|173|164|189|178|156|160|149|165|174|193|161|174|147|126|153|164|187|202|209|190|208|164|161|161|158|163|135|144|145|135|131|115|99|90|78|86|68|70|73|72|64|61|54|56|38|37|31|
2012-07-16|22|1_CTs|CT10||0|1|1|2|0|0|0|0|0|1|0|1|0|0|0|0|1|2|1|1|2|0|3|3|4|2|10|2|2|2|4|6|5|7|2|6|11|8|5|5|2|5|5|5|2|0|4|1|6|4|5|3|5|5|2|2|3|2|2|1|2|1|6|0|4|5|2|6|2|5|3|5|5|0|3|3|3|2|2|2|2|0|2|1|2|0|1|2|2|0|7|8|10|0|0|1|
