2016-02-14|3|1_CTs|ct1||71|63|79|68|48|48|38|32|27|32|31|17|21|24|13|10|13|13|10|9|12|5|11|267|9|18|19|16|15|20|28|34|17|21|24|28|39|46|46|72|68|318|74|81|327|329|107|95|111|359|122|125|129|155|356|147|140|113|123|140|400|123|141|141|403|146|125|388|114|123|107|93|128|133|100|109|360|372|111|113|359|104|110|75|79|65|50|76|57|52|53|42|40|305|41|295|
2016-02-14|3|1_CTs|ct3||116|127|368|105|83|337|59|71|48|41|38|46|32|40|32|39|39|34|24|19|29|18|16|293|24|286|298|34|31|38|50|50|38|35|52|59|51|62|86|356|107|94|107|380|106|359|125|159|144|678|147|410|153|197|176|184|183|147|415|172|412|171|161|180|458|184|164|195|162|405|150|122|138|149|396|149|419|653|658|148|155|142|147|109|127|615|104|364|77|330|65|62|298|337|68|63|
2016-02-14|3|1_CTs|ct5||234|215|209|144|120|111|68|81|101|81|313|59|47|51|295|36|45|35|27|28|19|14|25|31|29|33|25|31|32|31|29|43|50|68|67|50|55|88|338|96|82|339|82|102|86|99|101|125|141|146|167|147|149|172|125|122|391|142|139|181|420|667|170|175|182|212|231|176|213|155|399|153|162|194|413|175|420|416|153|163|165|123|133|110|101|104|107|86|342|98|102|111|108|106|119|82|
2016-02-14|3|1_CTs|ct6||21|10|15|14|7|7|1|9|5|4|4|2|0|1|5|2|3|4|2|0|2|2|1|3|5|3|1|5|6|5|8|3|7|4|2|7|8|6|6|6|13|9|14|16|272|9|20|23|16|17|19|29|30|19|23|26|16|26|25|38|276|28|29|38|31|37|30|43|32|35|31|22|291|34|31|30|282|40|25|26|17|277|31|17|18|22|15|19|20|25|17|19|27|10|13|7|
2016-02-14|3|1_CTs|ct7||383|171|147|125|107|819|117|100|96|99|94|81|69|330|92|67|70|116|266|49|52|48|48|57|293|54|34|35|261|35|47|42|41|45|39|33|50|51|58|57|61|52|73|80|61|76|77|112|94|111|368|302|111|102|94|80|115|108|111|118|124|110|130|386|407|175|429|166|159|145|141|369|141|620|136|125|116|123|127|134|136|623|357|111|92|88|96|77|113|96|341|92|349|342|102|95|
2016-02-14|3|1_CTs|ct8||124|105|90|82|67|319|55|52|39|48|53|43|35|38|34|34|34|21|23|25|26|28|17|286|261|25|21|33|26|21|23|35|27|29|17|14|33|23|49|33|37|33|43|44|31|43|42|59|50|65|75|283|318|62|53|44|69|69|69|68|70|81|76|75|347|360|107|105|92|84|87|334|91|92|84|80|62|61|57|325|91|574|59|56|43|45|57|35|63|50|300|45|307|42|58|48|
2016-02-14|3|1_CTs|ct9||905|112|126|107|104|90|84|127|100|97|97|84|82|65|60|57|62|67|51|33|46|297|48|28|30|37|45|36|36|35|30|41|47|41|39|53|48|49|72|76|65|80|75|332|80|334|107|120|119|379|383|379|376|121|106|113|92|380|120|117|372|108|99|133|127|128|108|102|119|117|104|104|132|135|371|94|116|117|103|110|366|346|111|85|89|75|75|319|73|52|73|44|66|62|57|59|
2016-02-14|3|1_CTs|ct10||112|99|101|79|108|96|96|87|91|98|93|104|101|88|63|80|86|88|75|54|58|42|50|56|42|44|45|47|41|29|25|31|23|24|26|27|30|31|33|33|48|56|61|79|73|49|63|72|72|99|105|96|99|109|87|87|99|96|111|100|109|107|126|135|100|136|126|129|140|147|142|143|165|159|152|122|101|104|119|111|93|96|90|88|110|71|75|77|86|78|76|70|71|81|67|64|
2016-02-14|3|1_CTs|ct13||497|515|248|180|204|230|177|172|192|175|438|193|158|146|381|158|147|122|135|132|95|100|94|118|94|96|108|101|114|60|85|92|113|98|115|128|108|136|156|413|120|157|184|189|430|174|430|178|202|210|261|191|234|233|434|442|230|225|453|234|238|504|243|257|234|264|260|264|253|247|247|270|273|286|246|250|467|247|480|252|241|228|247|472|204|199|194|203|202|186|419|147|168|155|430|150|
2016-02-14|3|1_CTs|ct14||300|59|53|50|53|48|30|37|18|22|19|15|18|20|16|14|16|14|8|7|10|7|7|11|6|18|17|23|19|52|68|64|25|35|40|53|59|47|63|89|68|75|59|73|70|74|73|94|102|103|133|98|129|150|113|102|85|104|373|116|145|125|455|179|145|146|153|148|132|146|171|171|126|148|143|674|168|133|134|129|114|113|360|98|93|352|330|84|75|77|70|314|62|584|308|43|
2016-02-14|3|1_CTs|CT16||127|144|109|104|100|87|612|93|92|75|345|72|93|62|52|61|61|66|46|42|51|62|34|54|42|36|294|28|39|36|39|37|298|40|43|47|52|39|58|47|48|53|58|60|58|70|63|70|94|89|109|345|124|109|354|84|71|113|91|68|103|115|99|130|106|137|145|346|168|134|150|133|148|136|382|132|111|113|92|112|360|98|94|95|73|67|66|58|72|82|337|66|320|84|70|62|
2016-02-14|3|1_CTs|ct18||141|137|126|104|156|120|117|123|117|121|120|130|120|110|74|106|102|107|93|70|72|72|62|72|50|55|61|53|52|46|41|45|39|31|37|40|44|47|54|59|76|91|96|91|112|76|91|94|100|147|143|149|146|152|149|128|142|132|151|138|150|137|175|184|152|200|174|186|174|213|196|188|205|213|206|183|136|166|162|151|134|135|133|121|132|105|102|100|111|100|96|99|99|100|96|79|
2016-02-14|3|1_CTs|ct19||4|1|0|0|0|1|2|1|0|1|0|0|0|0|1|0|1|0|2|1|0|2|0|2|0|2|0|1|2|2|2|1|5|0|2|0|5|6|0|4|2|1|0|3|1|1|2|2|2|1|3|4|1|2|1|3|1|5|3|2|4|5|4|3|1|2|2|4|2|1|4|3|2|6|2|1|2|4|2|2|1|2|0|1|1|3|1|2|0|0|0|1|0|1|1|1|
2016-02-14|3|1_CTs|ct20||0|0|0|0|0|0|0|0|0|0|0|0|0|0|0|0|0|0|0|0|0|0|0|0|0|0|0|0|0|0|0|0|0|0|0|0|0|0|0|0|0|0|0|0|0|0|0|0|0|0|0|1|0|0|0|0|0|0|0|0|0|0|0|0|0|0|0|0|0|0|0|0|0|0|0|0|0|0|0|0|0|0|0|0|0|0|0|0|0|0|0|0|0|0|0|0|
2016-02-14|3|1_CTs|ct22||9|4|1|3|2|260|2|2|4|2|3|2|2|1|2|4|4|1|0|2|6|0|3|4|0|0|2|2|1|2|1|3|1|2|4|4|3|1|5|2|2|2|4|7|8|3|4|9|10|14|14|8|11|4|4|12|5|13|15|8|14|8|15|11|16|14|10|4|7|8|9|9|8|17|5|15|7|9|1|7|11|4|3|7|5|8|4|5|3|261|5|6|3|2|5|6|
2016-02-14|3|1_CTs|CT23||423|647|171|100|83|338|68|80|65|72|325|32|62|46|48|31|35|37|12|34|24|26|22|37|23|27|22|29|32|45|40|53|308|54|51|76|65|51|333|126|110|103|109|102|124|137|167|410|198|216|253|495|201|228|186|204|200|208|439|451|738|729|202|251|502|236|232|196|250|505|225|227|499|281|243|463|475|224|187|213|212|176|206|133|384|120|143|136|142|178|390|374|94|96|114|116|
2016-02-14|3|1_CTs|ct24||738|249|231|201|721|178|131|141|89|90|79|90|62|76|86|65|308|50|43|49|300|58|50|67|315|75|637|131|117|175|234|188|136|139|170|224|456|210|326|338|596|591|384|605|388|666|397|689|502|742|494|525|640|953|621|627|542|526|581|449|976|1047|1041|711|921|667|719|647|636|674|722|611|604|630|683|613|889|862|618|639|578|709|715|410|622|351|289|308|278|286|522|236|529|232|423|186|
