2015-11-16|3|1_CTs|ct1||37|27|10|11|16|13|7|9|4|8|4|261|8|6|2|3|4|7|4|2|10|5|8|15|11|12|35|41|312|85|129|181|502|244|511|235|214|215|435|168|157|409|180|418|152|394|403|133|392|146|415|154|152|663|140|162|160|447|476|453|193|174|164|429|432|441|206|169|439|445|454|208|449|183|217|180|160|165|393|154|129|128|362|104|77|85|338|78|79|84|61|58|49|42|55|290|
2015-11-16|3|1_CTs|ct3||306|36|24|23|18|273|12|10|13|13|8|16|122|157|11|7|15|19|12|12|23|12|23|27|37|31|67|70|69|105|131|196|202|483|262|227|221|496|223|717|222|469|240|481|721|452|210|189|201|459|199|213|186|205|438|488|705|773|766|248|233|223|220|480|455|454|219|705|187|430|406|364|212|153|411|174|636|181|145|398|133|153|373|136|94|348|354|353|333|347|76|65|53|66|324|54|
2015-11-16|3|1_CTs|ct5||106|80|77|56|41|36|28|33|26|20|14|14|263|8|18|14|10|7|12|9|12|4|25|16|12|277|25|39|61|58|117|400|446|451|234|780|263|705|219|461|184|184|680|422|189|450|410|439|188|214|207|260|220|209|193|401|703|451|241|202|233|230|464|281|276|268|539|532|303|271|765|559|578|284|454|221|414|200|258|252|532|240|468|172|153|587|154|138|370|138|142|366|120|583|372|112|
2015-11-16|3|1_CTs|ct6||18|8|5|6|1|2|1|0|0|1|2|2|2|1|0|0|1|1|0|2|5|2|4|4|6|11|7|16|269|267|43|53|62|62|83|83|72|316|81|48|64|41|51|42|43|47|51|55|48|43|49|48|46|52|54|318|61|55|308|318|51|40|44|45|302|59|51|290|61|68|324|59|82|328|67|75|67|68|557|68|38|52|25|22|280|276|19|15|19|14|11|18|20|16|13|19|
2015-11-16|3|1_CTs|ct7||104|80|80|57|54|273|301|39|35|27|26|24|17|27|28|19|14|35|16|27|26|26|31|26|284|30|33|37|293|49|80|79|101|368|157|142|155|145|143|391|134|411|150|401|429|394|135|406|407|167|151|157|159|414|142|136|144|181|185|204|182|193|190|182|190|434|173|178|403|161|119|350|156|393|656|127|124|143|128|400|134|122|115|120|361|326|102|604|83|358|589|336|343|318|88|80|
2015-11-16|3|1_CTs|ct8||45|34|37|28|22|18|24|17|21|11|18|14|11|9|13|5|8|8|6|10|12|13|11|18|15|18|19|21|29|280|43|52|313|71|77|93|347|95|108|104|85|372|365|364|377|366|93|105|116|363|122|111|106|105|358|103|88|112|369|145|126|129|142|136|135|382|135|141|116|121|130|128|102|358|95|83|337|95|83|83|73|80|75|65|315|295|51|308|49|52|290|44|51|281|52|52|
2015-11-16|3|1_CTs|ct9||64|65|49|56|41|37|52|31|30|16|26|11|15|20|12|21|22|18|7|11|276|20|262|20|26|35|35|51|318|78|132|436|732|258|451|810|270|260|775|237|470|187|728|173|198|694|134|189|417|147|180|433|418|433|435|213|476|441|464|195|171|175|171|207|203|450|201|744|181|106|127|267|233|451|731|220|187|250|455|440|406|149|135|120|374|334|603|597|77|88|90|67|70|332|339|65|
2015-11-16|3|1_CTs|ct10||48|48|37|44|27|20|15|20|20|14|16|10|13|11|12|3|7|9|10|12|12|16|16|25|11|15|29|32|30|54|70|111|166|155|165|145|172|152|152|152|116|119|129|129|126|135|102|138|157|135|132|139|143|111|112|123|134|135|146|127|120|137|149|137|121|143|157|135|160|135|157|176|168|152|162|136|136|135|126|131|120|104|112|104|89|80|69|83|83|65|73|74|99|67|62|53|
2015-11-16|3|1_CTs|ct13||140|122|98|376|77|66|52|34|53|44|42|30|32|20|30|257|32|22|40|36|40|38|67|66|51|86|85|122|345|140|464|207|491|757|252|531|246|240|547|928|768|254|334|516|263|566|521|265|244|259|258|503|493|278|266|246|518|497|495|475|220|282|270|536|290|514|209|784|734|647|496|231|490|171|136|198|468|203|516|284|281|266|288|243|213|198|455|457|229|226|193|199|183|173|160|153|
2015-11-16|3|1_CTs|ct14||29|31|23|14|15|11|19|7|10|5|268|11|4|9|9|7|5|2|4|5|6|9|17|20|30|41|67|665|205|268|543|287|773|269|267|761|267|513|517|522|237|462|189|703|461|193|194|162|162|199|167|221|157|698|189|412|675|461|707|194|191|186|180|174|150|431|204|954|206|736|734|752|495|749|755|243|741|211|205|425|142|128|123|106|102|621|599|80|323|325|70|57|61|63|314|50|
2015-11-16|3|1_CTs|CT16||76|96|53|30|44|40|31|22|30|34|25|4|20|13|11|6|22|8|19|25|15|28|21|32|41|85|38|53|79|72|397|395|153|689|457|432|236|445|206|435|211|410|218|196|661|392|881|160|145|142|172|405|386|655|124|368|167|401|405|173|400|176|201|173|150|201|462|210|220|171|979|233|222|511|510|456|455|196|171|439|425|180|173|114|617|87|161|331|118|117|102|95|69|119|105|135|
2015-11-16|3|1_CTs|ct18||58|57|47|52|31|28|19|28|23|18|19|11|17|14|17|8|11|8|12|20|17|23|23|29|27|26|46|48|71|84|131|174|225|278|280|223|275|248|257|234|199|169|211|181|159|184|166|168|193|165|164|187|183|144|147|204|182|199|237|176|175|196|196|190|154|178|174|201|174|159|206|197|195|185|192|202|210|188|164|154|145|168|145|131|119|97|99|101|119|89|111|99|114|94|90|81|
2015-11-16|3|1_CTs|ct19||0|0|4|2|1|1|0|0|0|0|0|0|0|0|0|0|0|0|0|0|0|2|2|1|3|10|8|6|10|11|8|7|5|9|6|14|8|9|4|5|12|7|4|8|6|9|5|5|5|12|4|15|4|8|4|14|5|10|7|3|9|8|4|9|9|9|9|10|14|6|11|6|11|8|7|4|6|6|9|12|9|3|8|7|2|8|4|5|2|1|0|0|1|2|0|0|
2015-11-16|3|1_CTs|ct22||6|5|5|3|1|1|4|2|1|0|1|0|0|0|0|2|0|3|0|2|0|0|3|2|0|1|3|2|4|5|13|13|17|27|23|18|14|249|23|18|19|20|18|21|20|11|17|19|10|25|31|274|22|26|19|252|20|30|17|18|16|20|25|26|277|32|37|299|63|63|306|308|317|64|49|47|297|31|279|28|21|18|21|13|14|7|10|4|4|8|4|4|0|2|7|6|
2015-11-16|3|1_CTs|CT23||158|70|54|33|31|31|27|28|275|16|10|14|15|12|8|6|7|10|2|6|11|8|19|15|24|21|26|46|310|90|214|266|351|353|404|405|345|328|528|505|255|770|238|484|527|253|234|491|237|314|324|590|499|675|289|545|537|321|585|543|288|374|847|379|614|948|440|445|740|577|814|1053|882|1394|820|401|641|446|1039|472|502|435|342|269|264|239|220|207|451|204|153|144|176|125|376|101|
2015-11-16|3|1_CTs|ct24||134|114|84|322|62|61|537|28|32|22|37|28|23|288|284|21|280|266|296|30|50|70|73|98|124|206|610|1071|705|1137|1239|1221|906|1380|1103|1076|894|1346|772|900|818|1094|1129|1355|802|833|1056|994|730|814|1089|1017|758|1286|1032|1009|976|1151|898|874|1366|824|1018|731|956|1548|827|1079|1089|1656|1131|1380|1129|1429|1167|819|1121|704|1164|628|575|575|494|439|645|1094|587|303|505|280|250|229|483|206|193|173|
