2011-10-23|3|1_CTs|ct1||108|101|83|52|80|65|57|45|39|40|18|31|21|21|15|11|14|14|16|11|19|12|12|8|8|20|17|20|20|29|42|35|40|27|41|44|50|61|48|59|57|69|64|87|105|93|97|83|74|108|108|115|98|116|95|95|90|102|123|121|117|137|113|125|111|122|116|107|108|104|117|105|107|111|121|129|117|120|107|102|107|103|83|81|82|77|80|90|64|73|62|59|62|57|43|43|
2011-10-23|3|1_CTs|ct3||345|275|252|213|230|187|147|127|110|112|75|72|79|55|73|54|41|46|48|44|49|49|42|48|44|63|60|57|58|72|81|93|79|61|101|108|116|107|132|155|138|162|187|202|260|224|218|190|196|241|231|255|245|240|252|219|238|273|282|247|270|332|277|291|249|264|291|250|267|244|274|255|266|249|266|306|287|310|281|249|239|257|244|233|271|215|213|204|129|177|123|151|128|134|126|137|
2011-10-23|3|1_CTs|ct5||201|224|176|147|151|175|179|187|135|144|131|126|155|97|94|116|94|78|64|67|62|80|82|62|68|81|72|53|62|60|98|88|64|84|95|99|75|94|97|105|154|158|162|196|200|160|183|204|192|189|219|189|220|231|238|237|231|237|308|301|363|288|305|293|316|302|254|308|360|261|316|290|281|279|299|281|318|270|294|284|263|236|256|207|160|220|184|184|186|133|152|139|188|150|150|119|
2011-10-23|3|1_CTs|ct6||165|107|108|110|111|114|98|109|119|95|72|83|70|67|86|63|66|70|51|36|35|38|29|29|31|40|31|42|33|26|32|41|42|55|75|73|56|59|72|64|75|78|79|80|93|90|101|83|104|100|108|131|115|191|181|93|84|101|102|127|125|129|127|132|150|153|144|105|134|163|206|163|114|124|120|126|139|134|138|135|145|115|113|82|68|70|77|104|74|76|85|86|76|58|80|95|
2011-10-23|3|1_CTs|ct7||214|134|155|144|131|129|145|148|141|121|109|114|114|136|102|103|77|75|67|60|53|50|38|47|41|49|43|34|33|36|37|28|50|32|35|51|51|49|48|59|64|58|70|67|74|101|82|81|110|111|111|112|168|305|174|97|96|94|133|139|149|138|154|148|159|133|129|120|170|267|228|165|128|115|113|151|118|152|159|134|131|118|92|84|101|81|73|98|85|78|99|96|107|87|85|108|
2011-10-23|3|1_CTs|ct9||123|143|122|123|108|116|105|103|83|85|91|109|93|70|67|73|56|54|41|45|52|40|54|35|36|36|34|31|30|39|41|52|38|49|60|72|39|56|51|56|86|87|73|75|78|96|70|74|78|84|104|107|81|103|103|92|109|81|110|104|129|94|119|160|102|109|115|105|106|115|130|97|94|104|118|107|98|92|122|94|111|96|96|82|86|87|158|155|74|77|75|78|80|53|75|88|
2011-10-23|3|1_CTs|ct10||105|101|105|95|87|97|113|104|94|116|106|80|100|117|97|104|80|105|87|81|56|77|61|69|49|51|49|39|42|37|48|47|55|50|45|40|49|34|53|48|56|59|66|63|73|66|71|87|78|85|71|77|86|83|72|77|64|71|83|89|109|104|93|101|106|84|89|98|91|91|101|81|85|74|91|84|89|83|91|76|106|95|84|78|63|61|56|72|80|60|63|67|76|70|48|57|
2011-10-23|3|1_CTs|CT11||36|31|36|32|35|45|33|27|27|27|31|26|29|19|29|19|24|25|24|28|11|14|18|23|28|17|19|15|15|19|25|14|16|21|31|28|23|30|27|26|25|34|40|41|40|35|33|36|41|39|29|32|26|24|30|34|26|21|33|41|40|36|31|40|41|41|40|36|31|38|34|34|44|35|34|43|36|40|30|32|36|37|40|38|31|28|41|33|29|30|25|39|28|24|25|26|
2011-10-23|3|1_CTs|CT12||44|38|45|35|38|39|47|47|38|51|55|29|49|55|47|48|40|61|48|42|37|43|31|47|32|28|28|20|23|24|31|30|42|31|28|34|32|23|33|29|30|23|28|27|28|18|28|31|27|38|29|20|19|27|30|22|25|23|25|25|34|28|26|35|35|33|34|30|35|40|38|23|32|24|30|23|26|32|31|20|41|39|28|23|37|22|30|28|42|36|36|27|32|30|27|35|
2011-10-23|3|1_CTs|CT16||15|30|22|27|29|25|32|21|25|26|16|24|25|19|23|22|13|17|17|9|15|15|13|10|11|7|9|6|4|5|7|3|4|10|8|8|10|7|4|3|14|4|7|14|14|14|8|10|12|12|17|19|18|12|25|13|16|8|18|15|28|17|17|17|27|15|21|17|22|24|19|18|20|19|28|13|22|23|23|18|16|17|16|15|23|18|16|14|14|24|16|11|17|16|14|14|
2011-10-23|3|1_CTs|ct17||124|123|131|140|105|127|121|84|97|106|91|68|71|76|82|81|71|67|73|62|65|60|61|79|53|58|25|42|38|42|68|78|83|75|60|76|84|70|115|89|97|109|112|134|126|132|142|142|168|143|190|188|190|163|177|156|130|153|180|187|187|167|167|192|163|192|159|184|153|193|166|150|159|155|170|132|133|177|148|140|123|153|139|110|89|100|78|98|87|80|68|62|86|74|57|75|
2011-10-23|3|1_CTs|ct18||146|155|145|166|132|155|163|147|128|157|147|113|134|135|144|132|112|115|86|103|86|90|77|89|61|58|60|56|55|48|76|76|80|72|71|65|74|63|91|68|80|83|81|97|111|84|94|128|103|117|119|121|121|125|142|117|99|111|131|140|157|163|133|144|151|145|121|149|146|120|156|121|143|150|130|127|122|143|117|112|145|117|118|111|95|86|98|111|88|94|92|87|101|96|67|73|
2011-10-23|3|1_CTs|ct19||0|0|0|4|0|0|1|2|2|0|1|0|2|0|0|1|0|0|0|0|0|0|0|3|0|3|1|1|2|0|4|2|2|5|3|5|3|4|0|7|5|1|4|10|1|5|5|4|4|7|3|4|2|3|3|3|8|6|4|3|5|3|5|1|5|2|3|3|7|3|3|1|4|2|5|5|0|5|6|7|4|2|2|4|0|4|1|3|1|2|1|0|3|0|0|2|
2011-10-23|3|1_CTs|ct20||128|107|100|86|75|77|68|57|62|54|49|34|29|29|38|28|25|25|19|32|16|18|16|15|17|19|17|18|16|24|27|29|22|18|36|35|46|35|43|58|47|63|62|76|76|73|88|92|74|84|90|117|113|103|86|108|99|121|127|121|141|154|129|118|121|125|136|135|129|135|119|114|109|119|128|118|103|116|105|97|113|95|88|67|71|68|75|56|54|60|62|74|55|55|27|47|
2011-10-23|3|1_CTs|ct22||8|3|7|3|1|3|5|6|5|3|4|4|3|6|0|4|5|1|2|1|5|4|1|2|3|1|3|4|5|4|1|1|5|3|4|2|4|3|2|7|2|4|6|2|4|5|3|4|3|1|7|6|3|7|3|10|3|6|12|6|10|5|7|8|8|4|8|12|2|6|7|7|10|4|6|9|2|10|7|8|4|3|5|5|3|7|7|10|6|6|6|3|7|4|6|1|
2011-10-23|3|1_CTs|CT23||127|112|99|67|63|64|48|53|47|49|28|36|40|21|26|25|22|19|20|25|20|35|27|10|6|13|25|14|36|37|29|51|58|48|49|67|74|72|43|75|94|83|78|105|79|102|118|119|108|126|139|168|128|150|125|127|104|104|128|110|146|151|151|148|171|108|124|116|133|110|126|156|115|118|123|154|159|159|134|149|108|122|98|89|87|85|82|67|102|87|80|84|89|75|67|56|
2011-10-23|3|1_CTs|ct24||349|336|291|241|233|203|176|173|155|147|115|109|76|88|75|72|50|79|51|54|50|53|61|67|73|101|96|115|96|144|199|191|154|130|153|211|214|215|285|325|318|328|415|481|443|359|382|442|469|503|553|554|530|525|491|501|490|540|253|0|612|696|632|610|589|629|654|598|567|648|618|600|576|567|598|577|559|530|511|453|420|402|374|336|306|277|344|314|321|315|261|287|241|203|157|161|
