2013-03-04|2|1_CTs|ct1||42|54|26|20|20|16|19|15|9|10|8|4|2|2|7|6|3|7|8|12|10|12|19|29|27|31|30|49|71|81|98|101|131|137|167|173|183|143|163|170|173|168|174|173|173|176|170|159|156|163|157|173|169|149|125|173|155|142|163|139|175|159|163|144|189|153|171|125|154|134|146|158|167|142|146|126|136|142|134|123|145|126|124|116|104|84|83|68|76|74|78|65|60|54|61|41|
2013-03-04|2|1_CTs|ct2||24|21|16|14|18|8|12|4|7|2|2|5|7|4|3|4|3|8|11|11|7|20|14|18|20|19|27|25|38|42|44|50|61|75|83|92|95|82|92|106|116|91|117|122|107|114|91|88|94|98|82|104|100|89|79|80|85|73|101|80|111|97|111|97|115|77|100|77|84|73|90|85|77|80|71|70|76|76|87|75|86|73|75|60|65|54|49|43|37|49|45|33|34|38|38|28|
2013-03-04|2|1_CTs|ct3||38|48|31|25|26|15|21|18|10|8|4|8|6|8|9|5|6|13|11|12|15|24|29|30|41|50|40|58|71|86|95|102|112|148|140|151|168|139|136|186|150|161|178|196|171|183|174|150|136|159|151|163|160|161|145|156|141|155|152|168|168|167|178|160|172|157|176|145|129|164|165|158|141|177|135|137|153|130|140|127|120|139|105|118|72|97|69|52|74|68|78|61|60|59|56|50|
2013-03-04|2|1_CTs|ct4||33|32|39|18|19|10|10|9|8|6|10|11|10|4|9|10|7|1|10|8|5|9|23|17|31|26|22|27|30|42|53|85|91|101|133|119|129|118|118|130|136|114|127|121|135|105|114|90|111|107|124|103|108|101|96|89|99|110|106|123|85|102|126|88|117|90|113|97|91|98|93|97|92|86|97|72|82|79|92|76|73|69|62|76|49|43|50|39|39|56|42|47|45|40|36|45|
2013-03-04|2|1_CTs|ct5||50|52|57|29|29|24|16|16|14|16|17|9|9|9|13|14|8|12|7|12|14|15|14|15|30|31|15|30|45|49|80|109|120|139|179|149|181|182|154|163|187|189|170|196|187|155|165|162|167|175|162|174|173|140|141|121|149|158|154|159|157|149|171|151|174|160|161|179|174|159|144|137|156|139|129|129|146|141|121|128|137|108|81|93|88|68|78|73|72|64|72|76|80|64|67|60|
2013-03-04|2|1_CTs|ct6||38|42|31|21|21|16|18|44|339|331|410|456|484|420|399|404|308|63|22|18|209|30|59|25|25|23|25|25|33|34|43|77|67|77|98|97|101|102|89|283|198|153|231|190|117|152|185|306|287|381|374|542|481|459|456|452|501|551|513|502|459|464|453|441|441|434|430|456|438|412|445|425|415|412|425|417|411|423|416|413|399|395|249|56|60|62|45|49|48|59|40|61|49|55|51|47|
2013-03-04|2|1_CTs|ct17||37|35|35|19|19|10|19|13|13|9|8|7|5|4|7|7|6|10|9|13|10|18|20|18|29|32|25|38|51|58|80|94|110|136|142|151|181|136|152|180|170|135|186|189|171|174|173|160|139|129|122|154|156|150|146|144|138|156|148|165|166|161|189|175|171|167|172|165|165|146|180|179|162|192|147|157|167|142|143|135|129|129|97|116|81|84|66|52|60|52|66|59|56|48|52|43|
2013-03-04|2|1_CTs|CT19||21|29|21|9|11|8|9|11|8|5|1|5|2|6|3|6|5|6|7|5|4|5|11|7|11|14|14|23|29|39|34|51|64|73|92|97|106|105|78|113|98|81|109|101|97|107|113|78|94|92|89|109|93|78|80|68|98|93|98|96|102|102|117|96|106|122|115|110|119|109|126|100|114|109|124|105|112|96|114|93|95|79|66|66|49|43|49|37|43|29|35|28|33|28|34|28|
2013-03-04|2|1_CTs|CT20||25|16|25|19|18|7|8|10|10|11|10|13|8|5|2|5|3|1|2|4|4|7|6|9|9|12|20|15|22|30|33|54|69|78|82|86|90|83|88|80|70|73|74|88|71|64|65|62|68|67|64|68|68|66|64|69|68|56|69|72|85|76|70|74|74|75|70|65|76|77|71|81|89|91|81|72|72|78|80|64|84|58|50|57|58|47|44|49|48|45|50|40|35|38|41|25|
2013-03-04|2|1_CTs|CT21||11|13|18|7|12|5|2|3|5|5|4|5|2|1|1|4|1|1|1|0|2|0|1|4|5|4|5|6|9|14|19|39|46|49|45|59|52|55|49|46|33|38|38|51|47|38|33|36|43|38|26|40|40|35|39|33|27|40|33|47|39|45|40|30|40|34|48|38|35|45|46|40|46|48|38|28|41|41|41|39|54|29|35|26|27|30|24|30|27|16|19|22|12|18|21|16|
