2015-06-10|3|1_CTs|ct1||65|70|67|55|33|39|29|29|28|281|33|28|31|29|27|27|18|26|15|276|15|23|22|20|18|14|28|284|531|34|54|52|53|332|66|59|66|333|326|325|347|86|370|94|92|105|106|372|91|121|625|125|100|115|124|366|118|109|105|121|363|647|350|122|397|128|128|388|643|124|122|127|124|119|131|606|111|135|110|107|102|129|94|83|329|73|74|73|304|71|53|59|296|62|56|46|
2015-06-10|3|1_CTs|ct3||392|111|369|361|71|88|71|60|51|68|51|67|56|57|66|313|59|78|49|75|48|49|42|295|294|45|57|49|51|75|69|96|71|361|353|86|345|349|94|624|380|106|114|130|121|118|117|147|161|136|138|147|132|177|153|166|391|677|140|187|163|169|168|677|196|716|194|697|192|186|150|180|171|448|180|959|415|164|182|160|168|195|662|378|145|129|390|103|102|348|339|87|333|354|92|80|
2015-06-10|3|1_CTs|ct5||447|171|177|140|166|126|358|376|354|355|85|344|96|81|354|323|284|67|73|41|284|40|38|30|41|28|30|30|51|41|62|70|69|341|88|109|113|394|109|378|359|128|128|650|111|121|405|130|425|409|154|142|141|149|163|649|144|373|143|151|397|157|397|165|192|449|416|678|158|448|427|191|169|419|179|674|185|431|161|167|379|131|131|374|108|358|606|104|108|101|345|121|392|121|127|104|
2015-06-10|3|1_CTs|ct6||273|12|15|5|5|263|12|8|5|8|5|265|6|4|3|2|3|3|4|5|4|8|6|6|3|3|8|5|7|13|10|13|11|10|11|11|9|268|14|15|4|15|18|16|12|18|20|20|15|14|23|17|25|23|18|24|34|16|21|25|27|22|474|278|35|23|36|43|291|289|50|40|45|32|39|33|32|44|28|28|31|22|28|19|19|23|17|14|11|17|22|13|265|20|12|7|
2015-06-10|3|1_CTs|ct7||158|159|152|139|160|128|127|110|147|139|122|376|135|126|126|111|106|104|85|80|73|77|57|62|50|48|58|49|41|52|42|47|47|53|315|87|68|78|330|69|95|84|332|86|356|99|104|84|114|110|104|101|106|616|105|92|334|109|348|372|136|134|137|127|148|404|402|158|156|145|162|144|412|145|149|407|182|391|389|129|139|133|110|114|118|97|100|100|364|109|116|120|119|383|112|112|
2015-06-10|3|1_CTs|ct8||108|110|93|93|97|80|98|74|85|83|64|318|325|58|68|60|65|44|36|47|39|35|28|24|31|16|30|20|33|27|27|26|33|33|40|43|59|47|306|48|68|61|58|54|59|65|577|323|58|67|68|312|66|58|63|58|62|67|56|81|77|74|95|79|98|345|87|88|79|81|86|73|85|94|72|373|107|336|82|313|85|75|76|82|79|69|73|60|77|73|69|72|72|333|583|72|
2015-06-10|3|1_CTs|ct9||130|110|119|102|103|100|100|361|97|841|87|372|96|328|99|69|332|85|67|46|48|74|54|30|44|24|32|30|32|46|52|58|321|81|328|585|73|58|121|383|88|336|93|92|105|351|346|107|369|98|355|607|108|91|334|612|91|124|106|105|99|622|315|80|116|99|374|110|394|123|111|129|147|125|110|362|368|624|361|113|106|111|346|342|91|88|340|348|83|77|84|84|578|75|95|589|
2015-06-10|3|1_CTs|ct10||116|99|126|113|89|106|98|114|97|127|103|90|105|101|99|84|94|85|96|78|54|71|40|48|43|34|28|42|24|30|45|46|36|33|48|38|53|44|56|60|69|72|54|80|77|80|94|65|82|85|80|73|95|78|81|83|90|75|82|92|101|118|107|129|106|114|117|124|120|121|102|119|116|123|119|116|121|117|110|110|108|98|80|96|71|77|82|88|76|91|65|72|77|82|62|94|
2015-06-10|3|1_CTs|ct13||256|257|242|255|217|202|700|671|185|203|189|197|454|423|195|363|226|181|222|150|374|123|400|104|86|68|183|1666|1215|97|154|952|135|513|1087|419|188|1336|1158|517|197|230|199|376|668|225|550|459|211|681|474|470|243|192|211|508|234|214|201|238|499|492|268|271|325|522|535|522|517|497|256|260|523|231|430|497|520|286|492|530|730|292|274|617|466|431|483|1247|1141|562|1274|499|677|2068|288|462|
2015-06-10|3|1_CTs|ct14||321|53|53|47|40|37|26|20|28|271|19|15|14|6|8|9|8|54|216|16|14|12|17|20|21|17|29|36|34|52|349|341|306|52|85|79|84|323|98|346|353|89|123|362|106|99|96|97|373|362|367|390|117|117|105|348|100|642|131|131|152|153|442|148|141|410|126|125|152|443|169|164|184|410|163|635|152|151|142|143|144|96|101|365|366|79|585|338|85|344|264|130|588|75|67|323|
2015-06-10|3|1_CTs|CT16||90|117|109|101|122|345|87|93|76|75|357|91|66|63|62|284|63|67|44|55|39|77|296|45|51|49|33|36|38|39|40|330|46|80|346|63|64|280|104|65|71|339|88|93|113|58|83|342|73|341|130|373|94|78|104|345|93|110|359|359|123|394|92|366|137|144|374|98|117|127|179|135|117|126|123|380|144|149|109|437|150|107|107|102|92|87|89|69|103|93|64|67|335|97|77|79|
2015-06-10|3|1_CTs|ct18||132|146|138|131|113|124|114|126|110|131|110|110|117|100|117|90|89|86|106|72|70|78|49|53|49|58|30|57|43|57|62|56|58|61|70|51|68|81|76|84|85|129|93|106|102|107|123|95|126|126|103|111|119|120|109|117|128|108|123|131|131|159|142|172|147|158|146|155|149|152|142|174|140|152|162|175|160|162|150|141|157|120|118|124|109|101|97|114|112|111|88|85|106|104|84|113|
2015-06-10|3|1_CTs|ct19||0|4|2|2|1|1|2|1|0|2|3|0|0|1|1|2|0|0|1|2|0|1|0|1|0|1|1|3|6|1|3|2|1|1|3|1|2|0|7|2|1|1|1|2|3|1|2|1|2|0|4|2|4|2|3|3|2|2|2|3|3|1|2|4|1|3|1|2|1|2|3|3|2|3|4|0|3|1|4|3|2|2|2|2|3|4|2|4|0|2|1|0|1|0|2|2|
2015-06-10|3|1_CTs|ct22||9|4|7|3|5|4|262|4|2|1|4|4|1|3|1|3|3|3|0|4|3|258|4|3|1|1|1|0|3|5|7|1|6|5|6|4|2|4|6|4|4|4|7|5|5|5|6|5|9|10|7|6|4|6|3|8|4|6|250|7|11|8|8|270|12|9|7|7|8|14|10|7|16|15|5|12|10|4|9|10|13|9|7|8|6|2|3|7|7|264|6|5|4|8|6|158|
2015-06-10|3|1_CTs|CT23||163|132|112|94|78|100|59|301|309|53|65|61|53|59|37|39|290|40|31|39|34|26|29|23|27|18|18|288|57|59|376|91|74|381|103|87|99|383|156|142|158|165|195|162|149|189|228|465|450|235|233|638|239|232|465|191|165|174|178|207|433|188|410|739|223|740|257|221|245|245|233|251|233|198|200|483|229|215|502|205|463|217|181|148|174|126|357|654|395|378|370|148|127|130|105|100|
2015-06-10|3|1_CTs|ct24||532|263|499|467|430|170|97|604|98|79|69|68|319|47|36|56|286|52|47|305|56|59|66|328|335|112|389|412|671|540|628|563|531|1033|307|620|632|1128|690|1019|713|524|578|549|564|522|555|552|818|1038|557|857|595|599|800|559|607|845|913|861|690|777|1209|725|1244|750|912|913|966|1047|792|1044|995|937|974|1499|661|921|618|914|786|498|998|408|436|641|371|1093|351|345|791|319|1275|263|221|474|
