2012-03-24|7|1_CTs|CT1||48|37|36|29|26|30|15|20|26|18|13|12|15|8|11|11|11|11|12|13|14|15|11|19|18|13|20|23|21|17|37|30|39|51|65|62|92|68|97|82|86|92|92|112|129|121|114|133|127|140|106|121|119|114|107|89|91|92|102|87|109|98|117|127|114|111|122|99|112|114|101|113|103|104|113|107|107|98|94|93|96|107|76|66|76|71|50|49|45|47|77|58|40|35|39|47|
2012-03-24|7|1_CTs|CT2||124|114|108|76|72|47|90|56|82|58|56|48|54|52|56|36|43|30|38|38|36|50|35|48|68|54|46|62|62|70|92|104|111|123|177|215|221|210|222|216|260|218|292|251|263|340|273|344|302|333|261|340|243|329|194|242|280|206|262|268|284|294|258|309|279|294|254|272|212|305|296|264|284|299|277|280|250|274|274|251|196|245|181|191|193|147|173|131|92|128|113|88|132|110|98|100|
2012-03-24|7|1_CTs|CT4||41|31|29|21|31|13|27|18|29|28|18|12|36|21|16|8|6|20|14|14|15|11|9|12|9|3|4|2|2|0|2|0|2|3|2|5|6|4|7|1|1|6|12|15|24|23|9|16|13|11|15|17|13|13|16|14|6|7|3|14|15|15|13|14|16|14|15|18|16|19|24|23|20|18|32|26|25|29|29|21|24|20|12|16|16|11|9|12|21|22|28|28|31|27|30|25|
2012-03-24|7|1_CTs|CT6||57|68|46|43|31|25|38|34|34|31|19|16|26|20|11|19|19|26|14|15|20|19|9|18|15|21|15|17|14|24|31|39|41|59|81|76|81|83|70|91|89|77|108|111|121|130|142|111|130|134|144|119|151|140|95|107|118|115|113|123|146|144|122|119|140|134|146|139|143|143|121|113|121|142|148|125|116|123|125|94|109|71|69|64|77|77|62|61|47|60|53|63|62|50|48|54|
2012-03-24|7|1_CTs|CT7||68|37|52|25|19|17|22|32|23|21|17|18|22|14|12|13|15|16|10|13|8|18|21|18|19|18|24|34|20|24|27|32|28|46|50|63|54|60|63|75|71|73|83|82|112|100|78|100|118|91|95|78|109|90|92|105|98|86|93|91|89|74|112|85|86|90|79|91|94|99|106|94|95|100|112|116|105|96|90|82|105|77|71|67|59|45|50|45|44|52|44|46|50|41|40|49|
2012-03-24|7|1_CTs|CT8||114|138|107|61|90|64|57|61|52|34|34|47|26|27|33|27|32|40|50|55|66|62|73|100|112|129|144|129|143|115|161|151|139|157|200|222|242|240|218|243|216|253|292|253|254|222|235|283|253|228|283|275|233|270|215|218|236|231|243|266|267|301|290|282|303|318|244|278|239|291|270|235|254|264|277|256|229|273|245|250|211|199|207|183|163|177|141|138|99|149|172|127|122|132|100|135|
2012-03-24|7|1_CTs|CT9||76|77|68|60|59|39|31|43|44|31|15|29|30|17|14|20|31|27|25|33|33|38|45|50|53|65|77|75|74|77|101|99|84|95|114|162|159|150|129|192|128|171|209|184|183|171|175|173|178|187|195|180|170|175|167|150|172|163|164|192|169|203|186|189|199|189|140|156|170|168|169|158|153|164|170|167|155|176|171|167|172|126|139|146|113|120|95|83|91|102|111|94|83|94|80|83|
2012-03-24|7|1_CTs|CT10||133|141|121|111|87|95|89|85|112|83|61|66|90|64|73|60|68|61|49|73|69|63|47|48|49|52|67|73|70|80|70|94|77|97|120|136|145|157|138|149|190|162|175|213|185|234|225|198|201|211|238|269|251|237|223|175|201|193|196|197|207|236|220|229|218|271|217|199|244|230|228|219|237|249|250|171|216|235|246|196|222|208|135|165|173|148|135|106|111|111|133|133|128|124|131|147|
2012-03-24|7|1_CTs|CT11||150|128|122|139|92|85|98|104|116|92|78|69|85|72|71|90|71|44|50|66|70|74|54|65|70|62|80|103|88|99|101|80|95|96|137|168|189|177|184|233|247|206|193|206|216|267|238|233|217|253|243|267|275|263|207|186|195|197|234|205|206|233|192|228|228|241|236|193|206|213|214|203|224|230|211|197|204|228|225|206|183|211|145|179|159|150|121|89|104|127|133|119|147|137|112|156|
2012-03-24|7|1_CTs|CT12||79|87|58|59|50|33|39|52|51|38|35|21|43|42|35|23|31|23|22|21|23|25|18|29|23|19|24|29|23|30|46|50|41|74|80|94|92|100|119|130|136|130|164|167|167|198|188|209|192|229|192|189|225|185|176|162|166|162|150|157|182|184|145|173|162|178|199|168|192|178|180|163|194|202|225|218|206|187|191|175|168|129|115|107|127|134|107|88|79|58|79|77|77|64|78|82|
2012-03-24|7|1_CTs|CT13||31|18|24|16|9|8|9|11|8|6|2|5|9|8|6|6|4|6|2|6|2|5|6|4|10|6|7|11|8|13|7|15|11|17|19|30|30|25|28|44|28|26|38|36|29|45|33|32|51|26|48|42|52|53|46|51|42|41|42|37|45|35|50|47|44|59|50|53|57|36|39|35|46|50|56|36|35|44|34|34|40|29|32|31|28|14|22|19|16|22|25|25|25|18|12|23|
2012-03-24|7|1_CTs|CT14||173|144|125|116|102|90|95|98|99|60|71|52|61|56|52|57|57|59|49|63|71|66|68|77|69|111|84|104|108|95|119|102|121|134|161|163|198|228|214|226|230|264|243|262|292|305|271|299|291|300|277|326|326|329|298|235|257|255|268|255|292|311|305|296|324|269|321|280|330|307|310|287|344|325|323|282|302|297|313|258|271|260|173|180|191|154|131|101|131|155|151|150|166|150|142|144|
2012-03-24|7|1_CTs|CT15||27|18|8|22|24|14|15|16|9|10|11|8|17|12|8|5|6|9|11|4|9|9|11|6|7|7|10|8|15|15|21|13|17|21|28|22|44|36|40|63|36|43|48|40|50|62|62|56|54|55|43|41|55|63|33|70|39|59|51|53|57|43|47|43|48|57|58|47|50|41|48|27|47|47|49|55|43|56|44|38|38|24|41|29|28|37|22|17|28|29|29|25|23|18|25|19|
