2012-03-25|3|1_CTs|ct1||94|76|85|49|0|0|0|22|74|58|49|37|37|27|22|22|31|14|19|17|14|20|16|10|9|16|19|20|14|13|27|35|36|31|39|33|30|30|48|50|51|57|50|59|60|58|67|67|91|90|74|109|110|108|95|112|103|120|129|135|120|129|164|122|171|140|129|156|180|134|136|120|126|106|111|95|119|112|89|99|115|132|97|97|91|85|72|60|83|64|66|54|74|59|50|46|
2012-03-25|3|1_CTs|ct3||285|257|257|145|0|0|0|72|171|154|132|106|92|81|70|65|70|42|56|40|56|45|55|43|37|45|60|65|44|51|71|90|65|78|93|93|93|103|114|159|138|153|150|156|169|184|181|186|256|239|210|248|233|288|211|263|241|262|242|298|269|325|370|314|348|331|307|308|317|271|302|307|282|263|298|236|270|273|258|237|257|280|223|216|197|210|210|201|176|149|158|114|146|112|135|124|
2012-03-25|3|1_CTs|ct5||214|138|146|75|0|0|0|46|146|114|95|115|96|101|92|106|100|82|61|86|60|76|80|61|72|50|53|74|60|84|87|79|60|58|68|79|56|61|77|80|104|104|136|112|125|130|121|118|132|152|171|182|158|173|118|149|150|151|137|164|162|171|147|163|174|186|168|209|231|196|189|168|180|201|240|213|230|236|215|182|158|197|192|167|168|161|150|132|148|116|115|103|158|115|126|89|
2012-03-25|3|1_CTs|ct6||174|150|126|62|0|0|0|42|95|99|110|95|73|79|63|83|45|58|60|45|38|45|43|43|33|35|40|30|25|46|42|56|51|64|72|64|68|45|52|49|54|57|72|73|76|82|67|83|104|104|121|128|142|107|117|115|119|98|137|122|131|134|131|135|132|141|139|144|147|109|126|115|120|111|154|131|121|144|141|128|134|149|104|106|71|86|86|73|75|93|89|74|92|88|76|63|
2012-03-25|3|1_CTs|ct7||203|166|141|80|0|0|0|46|138|144|130|120|128|118|99|133|99|82|94|72|70|64|52|51|45|39|55|29|38|48|38|49|45|42|40|51|44|50|37|50|67|56|55|70|71|68|72|73|96|108|103|109|124|96|109|112|86|100|104|107|110|121|131|133|130|144|145|157|148|130|149|136|148|150|173|140|169|171|169|135|133|120|119|92|85|117|91|79|75|85|84|91|85|100|92|85|
2012-03-25|3|1_CTs|ct9||123|135|120|79|0|0|0|39|118|117|116|127|114|102|86|81|93|66|96|72|70|55|71|63|51|48|32|31|29|50|40|40|44|46|47|52|44|44|33|64|56|40|60|75|50|62|68|64|79|83|86|103|91|79|95|103|99|97|94|90|105|127|131|111|126|123|130|111|116|114|95|113|88|108|95|118|105|104|103|122|116|110|68|98|80|67|80|74|75|70|62|76|73|92|76|87|
2012-03-25|3|1_CTs|ct10||102|81|74|62|0|0|0|24|96|116|100|90|103|115|116|104|96|107|87|98|85|99|83|87|62|55|56|58|46|37|50|61|56|38|23|34|32|26|43|30|54|54|61|59|57|58|62|63|77|70|92|98|90|91|79|76|68|66|64|65|76|89|75|95|90|92|79|106|120|82|104|89|108|112|111|94|113|98|84|93|88|96|84|80|66|53|69|60|55|42|54|56|43|49|57|50|
2012-03-25|3|1_CTs|CT11||23|35|20|16|0|0|0|10|27|14|28|28|31|32|20|23|19|17|30|22|23|18|28|25|22|29|19|22|16|20|16|33|27|24|26|23|28|21|21|19|18|22|24|30|26|19|29|24|36|27|33|42|36|23|22|23|32|36|48|37|40|31|37|36|33|36|33|28|19|33|29|26|17|20|35|34|26|23|44|35|24|41|18|30|27|28|28|20|26|28|24|19|23|27|24|19|
2012-03-25|3|1_CTs|CT12||31|21|27|22|0|0|0|8|34|42|45|36|39|55|55|47|32|50|50|54|46|62|43|58|41|37|33|35|29|24|26|23|24|18|10|21|14|23|22|17|22|12|22|19|15|16|21|21|17|19|18|14|23|20|19|26|20|20|31|20|18|15|19|23|26|14|18|24|21|20|25|15|23|22|19|20|27|21|23|21|24|15|22|15|22|16|25|22|17|21|24|23|17|15|24|19|
2012-03-25|3|1_CTs|CT16||51|37|34|21|0|0|0|14|59|33|35|30|27|37|29|33|15|34|27|26|17|19|23|16|17|22|7|11|14|24|13|12|16|15|15|9|15|9|7|15|13|22|12|10|9|18|10|24|21|22|27|19|27|16|23|31|23|13|28|19|33|34|28|27|33|39|30|34|39|32|37|37|37|45|49|44|37|48|45|35|38|44|33|38|30|26|22|27|24|30|18|16|28|23|27|21|
2012-03-25|3|1_CTs|ct17||123|105|105|74|0|0|0|36|104|85|81|76|89|110|67|87|70|75|70|68|70|60|72|59|60|43|36|6|34|57|34|43|49|53|37|41|47|38|56|62|86|83|76|68|76|97|100|112|135|121|141|170|192|178|166|123|129|132|141|125|144|149|165|141|190|166|171|173|173|155|198|172|170|215|203|183|196|182|173|143|181|147|167|117|104|101|98|102|89|69|85|73|81|69|54|74|
2012-03-25|3|1_CTs|ct18||146|136|123|101|0|0|0|47|149|145|146|125|138|146|143|138|120|134|124|122|104|127|110|104|85|76|73|77|67|63|70|72|70|58|33|52|47|42|57|59|88|83|89|79|83|94|97|104|129|113|129|145|144|139|126|124|87|97|117|107|133|130|123|144|148|130|150|172|176|144|170|151|153|187|174|170|194|170|147|154|153|124|119|139|101|85|93|102|87|81|81|89|81|59|87|77|
2012-03-25|3|1_CTs|ct19||0|1|2|1|0|0|0|0|6|0|0|1|1|1|2|1|1|1|1|0|0|3|0|2|1|2|4|1|2|1|3|0|2|1|1|4|4|2|1|3|3|1|2|3|3|2|1|2|3|2|4|2|5|1|1|4|6|2|1|2|1|5|2|1|2|4|2|4|4|1|1|3|4|2|4|2|2|2|4|3|2|2|3|2|2|3|1|5|0|2|3|2|0|1|0|1|
2012-03-25|3|1_CTs|ct20||141|116|122|73|0|0|0|37|121|111|72|82|81|68|74|68|62|62|54|45|32|39|29|40|31|31|34|31|38|40|47|51|46|49|45|55|47|58|73|83|70|92|108|99|106|102|123|116|132|130|148|140|187|167|171|158|146|172|151|148|153|149|167|146|162|169|166|157|174|145|159|168|164|168|155|178|152|167|167|154|152|153|119|139|109|91|97|81|91|86|82|95|77|69|80|60|
2012-03-25|3|1_CTs|ct22||8|3|4|1|0|0|0|3|7|3|6|5|12|5|6|6|6|2|2|0|2|1|0|0|3|1|5|0|4|2|4|1|5|4|4|5|2|5|3|5|3|3|11|2|0|3|10|3|3|3|4|7|5|10|7|4|5|6|9|6|12|10|6|12|10|11|4|11|5|13|11|5|6|13|7|10|10|12|15|15|13|6|6|5|6|4|4|5|12|7|4|5|3|10|4|1|
2012-03-25|3|1_CTs|CT23||97|95|72|39|0|0|0|21|62|47|75|44|49|35|34|33|62|22|26|27|25|35|27|20|28|17|13|6|28|32|34|60|42|41|42|48|56|44|59|61|57|71|68|78|76|44|72|80|92|89|123|127|159|129|134|147|126|141|130|135|142|141|161|145|179|153|126|125|159|162|149|125|127|146|144|164|147|120|128|112|170|161|117|101|106|92|97|76|77|78|74|62|85|81|57|77|
2012-03-25|3|1_CTs|ct24||296|268|240|162|0|0|0|75|217|200|161|140|102|105|107|77|86|62|68|62|64|46|63|63|78|78|104|91|110|153|194|262|223|214|208|259|174|225|222|271|292|309|319|326|357|340|354|381|446|480|470|523|593|597|532|586|537|560|533|577|524|623|617|633|547|579|637|617|656|675|664|685|637|649|663|666|635|655|665|552|572|552|533|459|438|400|352|313|316|329|320|360|306|250|228|207|
