2012-11-14|6|1_CTs|CT1||1|2|0|0|1|0|0|1|0|0|0|1|0|1|0|0|0|1|0|0|0|0|1|0|5|1|1|3|4|5|14|15|29|26|19|15|12|7|4|4|7|2|4|4|5|4|8|4|8|4|6|3|6|7|3|5|5|5|6|6|4|3|1|2|3|7|7|4|8|6|4|6|4|6|2|3|4|4|7|2|2|1|3|4|1|2|0|1|1|3|4|9|4|2|5|1|
2012-11-14|6|1_CTs|CT3||17|18|8|3|3|1|5|4|1|0|5|4|2|3|4|2|6|7|10|7|10|18|15|23|23|11|19|35|32|45|53|67|121|148|162|183|177|170|140|113|73|43|34|47|43|48|36|41|41|51|33|32|36|48|54|42|40|35|40|44|36|35|46|38|50|39|45|68|45|48|54|38|61|54|56|57|38|33|36|34|25|18|20|19|14|22|11|19|20|12|15|20|12|24|20|12|
2012-11-14|6|1_CTs|CT4||10|12|5|6|4|8|3|4|1|1|0|5|1|1|2|0|0|2|4|4|2|2|0|3|1|3|3|3|8|9|6|29|59|52|23|31|24|32|35|20|17|26|28|30|23|28|28|34|34|36|34|39|32|36|33|32|28|33|26|24|30|34|33|38|24|32|33|42|40|48|59|44|62|52|43|51|33|42|50|51|31|36|23|21|20|16|24|17|14|19|14|11|15|11|11|8|
2012-11-14|6|1_CTs|CT5||23|24|20|5|10|16|10|5|8|9|3|5|1|4|2|3|3|5|6|5|7|7|5|6|9|11|25|33|24|47|43|56|64|103|147|139|149|134|117|80|74|70|58|64|55|58|72|63|43|69|70|71|62|57|62|70|71|65|58|82|66|58|58|63|66|55|70|76|68|71|73|69|78|72|72|63|65|65|63|73|40|56|54|54|39|42|42|39|41|37|31|27|28|32|21|23|
2012-11-14|6|1_CTs|CT6||34|21|14|14|14|7|13|4|2|7|4|4|5|1|1|2|2|5|1|3|4|5|7|16|12|12|21|28|39|60|80|105|164|203|178|200|188|188|160|147|116|110|100|98|91|91|75|89|89|99|106|84|88|98|111|124|94|110|125|108|110|99|100|117|104|108|101|123|123|152|132|117|127|104|113|110|121|106|99|100|77|113|82|78|88|70|53|58|57|67|58|39|39|53|39|31|
2012-11-14|6|1_CTs|CT7||6|6|7|2|1|3|1|4|0|0|0|1|1|2|1|1|0|1|0|0|1|3|3|4|3|9|4|7|8|16|17|30|43|38|48|33|40|43|49|20|18|15|17|21|26|17|21|12|17|25|30|17|31|20|24|22|22|21|21|14|28|20|25|20|27|21|22|25|33|31|35|29|27|30|20|25|28|19|19|9|22|20|18|12|10|10|7|9|8|4|10|9|6|4|3|6|
2012-11-14|6|1_CTs|CT8||44|30|36|28|29|16|16|6|10|14|9|12|15|9|5|10|5|10|6|12|9|12|18|17|35|55|52|96|130|195|248|232|223|169|153|138|140|113|152|192|166|179|140|134|123|152|125|124|119|143|161|156|135|157|164|145|154|165|171|165|152|156|169|159|174|181|181|187|197|198|216|230|218|203|184|149|165|181|172|179|140|141|97|110|122|86|75|85|60|73|59|61|66|55|57|43|
2012-11-14|6|1_CTs|CT9||57|46|47|29|20|15|9|9|15|6|4|14|9|5|8|5|9|8|6|8|13|16|23|33|47|53|68|78|122|194|288|322|347|407|431|395|394|394|349|233|204|182|168|178|183|180|189|162|193|163|170|201|196|187|195|201|218|227|215|203|199|204|230|230|221|214|259|271|262|318|322|308|325|316|281|255|223|205|200|183|157|158|150|128|94|106|97|104|104|92|83|83|70|71|78|64|
2012-11-14|6|1_CTs|CT10||31|30|24|20|17|12|14|12|7|7|9|4|2|4|6|1|3|6|5|9|4|14|12|19|31|47|46|62|81|125|125|151|187|222|200|205|218|208|171|198|145|150|135|136|128|147|143|127|156|146|153|149|176|138|147|136|130|155|148|124|148|148|159|177|149|189|195|209|239|233|220|225|211|245|231|222|195|207|191|173|163|162|115|140|83|71|87|67|67|70|61|37|53|56|42|28|
2012-11-14|6|1_CTs|CT11||42|32|18|22|16|7|6|12|10|3|2|11|4|2|6|6|5|8|4|7|16|21|25|26|49|59|73|108|172|253|357|353|381|346|349|348|332|290|272|221|245|199|206|185|190|180|152|166|159|171|185|202|201|171|196|198|218|212|209|202|182|188|178|165|181|238|230|241|212|209|235|222|235|219|203|183|167|161|152|164|136|119|117|114|85|80|87|76|80|73|65|44|68|39|43|41|
2012-11-14|6|1_CTs|CT12||43|32|19|21|18|15|15|15|14|5|11|4|5|4|9|2|5|7|5|7|5|15|14|26|30|35|36|57|89|117|170|216|239|287|248|256|286|244|213|209|179|157|169|164|154|148|132|158|162|162|173|165|177|174|162|147|178|182|175|163|178|174|190|178|166|224|238|249|249|273|297|271|279|281|275|246|262|227|210|190|169|167|139|117|102|86|85|73|72|70|60|57|60|61|38|33|
2012-11-14|6|1_CTs|CT13||12|12|11|9|4|3|1|4|3|1|0|1|3|3|0|1|2|3|0|3|3|2|6|18|16|15|16|17|23|30|56|71|83|96|98|84|81|83|86|48|43|40|29|34|36|25|40|37|34|33|32|34|44|34|35|30|39|100|138|133|146|141|160|173|156|164|169|183|195|250|243|255|243|246|207|207|177|146|154|122|116|110|101|97|74|66|58|60|63|59|55|59|49|44|53|33|
2012-11-14|6|1_CTs|CT14||24|22|24|19|15|10|12|12|6|3|13|4|3|4|3|2|3|3|4|3|4|10|8|18|18|19|19|24|36|56|62|77|101|101|127|109|130|121|105|107|78|90|77|85|74|95|74|107|83|99|114|98|97|102|97|87|86|105|94|91|82|112|121|107|78|125|130|134|169|153|141|163|146|163|197|158|154|128|138|125|112|109|91|72|56|63|46|44|36|50|36|34|26|42|31|25|
2012-11-14|6|1_CTs|CT15||21|11|22|4|10|8|6|6|1|2|3|5|2|4|3|1|4|8|2|6|5|9|17|12|18|19|24|39|45|84|125|143|198|219|210|216|213|203|169|105|81|80|63|68|54|54|66|59|60|87|88|65|78|68|71|71|61|62|76|80|85|87|64|74|78|72|88|95|68|112|89|99|98|99|102|84|86|63|61|64|47|46|53|31|22|30|26|26|25|20|22|17|19|22|17|13|
2012-11-14|6|1_CTs|CT16||44|44|27|28|17|10|11|13|8|7|1|6|4|6|7|4|5|7|6|8|6|15|22|20|34|59|59|93|108|174|258|271|288|312|297|322|312|311|273|232|208|181|169|171|165|193|163|155|148|184|182|187|210|183|200|179|196|197|193|161|192|184|179|187|171|214|226|231|227|211|244|208|218|209|216|191|209|201|165|168|155|159|118|137|98|81|95|75|76|66|75|54|65|51|56|40|
2012-11-14|6|1_CTs|CT17||30|16|14|10|10|15|9|6|11|5|3|5|2|1|4|0|3|3|4|4|2|5|9|4|6|10|18|12|21|38|60|91|87|100|121|123|82|99|90|73|81|70|61|72|61|68|67|85|79|76|80|77|83|94|87|80|93|90|98|82|76|85|102|109|106|78|110|95|98|119|109|129|122|130|116|103|110|100|96|79|72|73|68|72|55|55|46|28|39|41|35|30|33|33|34|32|
2012-11-14|6|1_CTs|CT18||76|69|54|45|30|28|24|19|18|15|11|15|8|8|11|15|7|8|11|11|13|14|18|24|32|52|75|97|149|201|272|304|342|273|187|168|167|192|254|344|288|250|229|199|229|201|240|245|199|252|238|254|236|236|241|239|244|268|246|276|261|219|255|261|243|250|314|270|308|300|316|277|288|299|254|276|310|279|249|244|192|204|166|174|142|125|134|118|128|117|100|91|91|96|70|66|
2012-11-14|6|1_CTs|CT19||36|40|28|22|21|21|15|10|13|9|7|7|5|4|7|4|8|2|4|4|4|9|10|9|6|15|20|21|34|77|91|130|171|169|173|184|196|170|174|153|153|106|122|132|103|131|126|128|120|134|125|123|136|139|132|140|167|140|139|131|142|146|151|154|165|156|176|196|213|217|219|182|204|236|215|216|203|199|202|174|174|120|91|97|93|67|71|61|65|55|40|47|65|44|45|48|
2012-11-14|6|1_CTs|CT20||30|32|20|11|7|6|6|10|5|4|5|5|6|2|3|2|2|5|3|3|6|7|14|9|9|14|19|23|30|46|68|86|123|161|161|171|152|126|160|143|100|98|96|70|72|33|93|88|24|7|116|58|45|20|71|17|85|99|116|67|50|94|119|118|108|111|120|121|138|87|108|120|113|112|120|131|41|61|46|51|51|30|73|71|41|65|53|51|61|58|42|41|38|35|27|19|
2012-11-14|6|1_CTs|CT21||62|67|48|30|32|25|18|25|10|12|16|18|9|9|10|7|14|12|21|13|27|32|38|33|47|81|96|141|192|308|369|396|347|306|281|275|296|225|239|261|260|218|204|219|196|215|202|203|206|243|224|244|215|218|220|224|245|255|255|248|252|247|231|236|223|244|216|244|242|255|256|261|263|246|258|256|240|242|196|193|166|165|146|124|126|101|116|94|97|109|90|109|75|87|67|68|
2012-11-14|6|1_CTs|CT22||92|85|50|62|49|44|49|23|31|27|21|14|20|17|23|18|26|21|22|29|34|24|32|50|55|63|64|74|110|151|166|210|238|268|300|262|282|285|308|246|229|240|238|199|209|257|228|243|239|272|237|241|214|270|244|248|260|269|256|297|289|301|295|271|313|295|294|359|408|418|388|393|406|404|370|395|368|345|330|335|284|247|201|186|150|150|158|150|131|116|139|122|116|109|105|85|
2012-11-14|6|1_CTs|CT23||77|62|61|44|37|21|15|15|8|18|10|17|18|18|10|15|6|15|11|18|16|16|24|34|47|63|68|130|159|293|342|397|419|400|351|356|324|298|324|401|281|255|231|211|207|207|188|219|187|227|214|229|223|253|258|242|276|273|260|287|254|259|259|216|262|272|305|279|316|299|318|335|366|350|185|311|337|289|271|270|211|207|161|153|174|122|124|123|103|110|96|103|96|85|78|58|
2012-11-14|6|1_CTs|CT24||81|71|53|48|37|31|31|23|13|19|12|11|15|12|20|13|17|15|8|16|18|22|26|31|35|47|66|113|125|199|252|264|303|369|342|405|377|399|331|313|273|256|220|270|255|240|225|250|244|216|256|249|271|232|269|261|255|250|277|254|284|311|311|280|314|338|346|380|412|346|415|429|418|401|415|410|422|368|407|425|309|264|222|198|161|166|135|142|124|113|124|127|105|96|91|88|
