2017-01-04|6|1_CTs|CT1||0|2|1|3|0|0|0|1|0|0|1|0|0|0|0|1|0|1|0|2|2|1|1|2|3|1|1|3|5|10|15|69|400|123|380|114|99|340|39|10|12|8|9|7|271|5|7|9|3|259|8|7|12|3|8|12|12|11|10|29|9|19|45|44|66|24|24|35|6|275|18|9|9|10|22|13|7|2|2|5|4|1|4|7|3|5|1|3|37|17|1|1|2|5|1|1|
2017-01-04|6|1_CTs|CT3||11|6|7|3|12|4|6|2|1|6|3|6|2|6|5|7|2|6|6|13|12|20|19|26|23|23|260|291|32|48|45|56|75|93|352|88|77|58|57|48|56|56|38|28|47|45|39|41|45|49|39|43|44|38|48|43|33|309|38|53|38|283|47|272|44|244|58|52|36|317|47|44|47|284|50|53|47|47|36|287|27|27|272|34|32|25|18|16|20|14|13|11|11|20|15|15|
2017-01-04|6|1_CTs|CT4||12|7|2|5|1|1|1|1|0|1|1|0|4|1|1|1|0|1|0|1|0|2|0|0|1|3|2|4|6|5|267|22|68|44|34|24|24|27|32|29|22|29|25|212|91|21|26|32|31|25|21|36|40|39|27|24|32|31|24|37|31|35|36|38|31|31|34|39|40|293|41|30|37|23|46|53|283|74|45|59|547|45|18|22|26|23|16|16|8|15|14|6|16|8|12|10|
2017-01-04|6|1_CTs|CT5||15|14|7|10|14|5|7|5|5|6|4|1|6|3|5|4|2|4|3|7|3|6|7|7|9|9|12|19|20|25|285|51|298|78|87|102|94|339|57|338|83|80|67|74|60|57|65|814|64|66|54|64|67|61|580|60|63|77|60|331|68|76|68|72|331|332|557|118|69|95|74|340|65|61|62|75|91|68|63|56|324|301|53|40|34|46|31|23|29|25|44|16|29|253|29|23|
2017-01-04|6|1_CTs|CT6||457|45|23|241|15|7|6|4|3|3|3|5|7|6|2|0|4|5|3|5|5|14|23|18|20|12|16|21|34|41|85|313|166|187|170|156|140|142|370|334|587|96|650|340|105|344|96|356|134|367|111|108|110|356|126|93|116|132|131|121|99|353|136|109|125|133|125|377|144|158|146|134|133|127|611|118|155|99|366|103|349|371|107|89|64|53|55|65|57|67|57|42|33|62|34|31|
2017-01-04|6|1_CTs|CT7||3|5|2|1|1|2|0|1|0|2|0|2|1|3|2|0|1|0|2|1|4|3|1|4|3|5|4|267|10|20|21|36|43|48|295|47|31|42|42|44|26|28|31|283|22|30|22|27|22|23|31|35|33|23|19|32|26|23|32|25|45|48|38|41|287|32|40|286|27|23|30|35|31|26|26|18|28|18|23|20|14|14|19|13|19|13|10|7|266|8|6|6|14|7|9|7|
2017-01-04|6|1_CTs|CT10||20|30|17|15|11|6|7|12|8|9|8|6|262|5|3|2|3|6|1|4|6|11|13|23|258|25|290|297|55|54|114|165|419|184|181|166|175|149|157|457|408|143|636|147|117|128|161|405|135|384|155|139|145|150|401|143|143|123|133|143|404|137|393|149|138|359|215|209|219|473|215|231|724|486|260|223|210|200|426|161|147|129|113|104|84|87|68|53|64|47|54|54|307|47|37|33|
2017-01-04|6|1_CTs|CT11||30|23|18|23|12|14|5|6|8|6|8|2|4|4|7|6|3|5|4|2|7|15|13|285|35|40|310|578|102|398|490|280|146|410|171|185|151|471|232|226|484|472|440|197|175|449|450|177|172|433|197|464|214|192|180|453|195|436|233|193|158|409|120|75|373|455|215|213|485|486|444|198|181|190|201|160|166|403|166|162|141|135|137|104|91|113|73|61|8|59|62|73|61|310|291|49|
2017-01-04|6|1_CTs|CT12||31|40|286|18|16|16|12|8|12|9|7|5|7|5|5|5|8|7|4|5|9|9|16|22|23|32|31|49|72|79|145|209|522|355|278|329|291|517|223|262|690|423|444|172|162|180|191|444|170|648|193|190|203|448|186|444|432|444|199|204|708|479|239|216|253|258|523|318|314|282|554|492|268|522|285|218|256|340|390|464|685|668|147|139|340|367|87|80|78|67|68|73|296|62|51|308|
2017-01-04|6|1_CTs|CT15||33|29|19|13|18|13|9|9|8|13|6|7|7|11|5|6|9|8|10|11|30|17|28|28|36|32|47|59|327|106|115|191|247|178|458|208|209|445|165|154|376|123|606|91|92|94|133|111|104|107|115|121|125|103|98|113|84|110|120|121|114|115|112|129|586|377|143|127|608|668|169|178|167|185|173|205|184|122|103|351|337|77|87|61|70|57|58|39|35|34|32|32|38|35|38|27|
2017-01-04|6|1_CTs|CT16||28|38|19|24|16|16|5|12|6|12|10|6|6|9|10|3|2|3|5|5|11|13|12|22|25|31|279|322|82|111|198|513|318|303|293|278|260|559|293|273|213|211|711|194|162|443|213|197|189|441|206|231|214|458|428|217|439|219|193|459|500|520|250|224|508|494|464|288|493|488|253|480|476|220|225|216|448|253|455|449|381|144|148|129|123|114|83|78|71|77|65|73|71|66|55|45|
2017-01-04|6|1_CTs|CT17||53|37|31|23|16|17|12|7|6|10|5|4|5|10|5|8|6|2|3|6|11|8|11|2|6|12|13|18|25|42|63|368|438|188|166|198|394|178|133|135|125|142|101|281|471|119|117|646|122|127|129|146|123|148|630|404|142|153|164|140|393|147|150|398|182|200|191|204|227|489|243|212|205|195|464|184|199|302|332|145|152|147|348|104|351|85|82|85|59|63|72|62|309|65|42|55|
2017-01-04|6|1_CTs|CT18||65|50|37|273|38|20|25|17|13|21|14|14|19|14|14|7|10|10|9|13|19|18|20|24|33|30|51|324|84|132|183|526|303|358|301|322|302|309|265|530|258|238|242|228|251|450|472|1218|210|232|259|244|490|476|460|472|222|259|257|510|258|243|508|250|497|531|261|555|534|292|267|798|281|281|269|286|307|252|254|469|724|205|193|183|138|144|115|113|121|90|110|89|92|94|339|80|
2017-01-04|6|1_CTs|CT19||44|30|31|20|17|13|18|8|12|11|5|8|10|14|7|6|3|3|4|9|262|5|8|5|4|12|9|22|19|38|71|119|729|397|167|190|192|155|145|144|383|391|374|118|116|352|129|379|141|615|386|143|159|133|125|139|132|139|138|397|420|160|161|138|427|218|211|236|208|233|228|239|232|219|200|201|197|186|191|392|157|139|109|360|101|351|66|65|61|74|50|55|59|42|44|50|
2017-01-04|6|1_CTs|CT20||39|15|21|9|9|10|8|6|3|7|1|5|6|2|3|5|4|7|8|3|5|4|10|6|13|16|17|26|288|306|51|333|396|20|118|415|152|157|376|125|115|115|349|7|124|118|117|105|103|105|128|357|366|13|87|80|389|117|13|360|129|137|123|379|392|369|397|109|52|350|406|367|104|382|629|124|112|16|69|85|321|309|18|76|57|558|53|64|49|45|58|61|44|40|32|31|
2017-01-04|6|1_CTs|CT21||315|255|34|39|287|23|17|17|12|18|18|17|12|19|14|16|19|22|17|33|50|52|41|318|58|83|306|372|138|658|274|281|326|601|359|311|350|303|533|273|522|221|470|620|443|946|233|232|211|207|203|238|204|197|446|223|195|476|222|217|232|461|237|242|454|486|702|449|244|446|492|218|242|258|260|266|244|326|350|205|171|172|143|139|347|124|353|111|104|92|100|78|100|88|64|70|
2017-01-04|6|1_CTs|CT23||261|37|44|30|256|24|24|16|14|243|17|16|19|15|10|15|238|14|8|9|18|28|31|37|32|42|68|566|113|378|237|327|322|287|315|326|260|265|485|528|238|488|476|199|195|218|191|190|190|214|461|465|210|214|227|191|211|461|259|483|255|232|265|221|255|745|290|552|537|307|566|288|286|518|541|292|308|474|237|449|237|227|184|163|381|380|122|103|107|94|80|89|76|80|59|69|
