2011-10-02|7|1_CTs|CT1||44|44|34|29|26|25|24|23|23|18|17|19|12|12|10|14|14|13|8|7|12|7|8|6|10|8|9|8|17|15|16|17|16|15|20|31|24|39|33|34|51|33|40|48|47|53|45|65|62|67|66|61|55|66|55|53|40|37|49|62|71|62|55|70|68|70|75|63|80|84|84|77|79|88|89|89|93|78|75|70|87|76|80|59|67|58|52|40|41|56|34|37|39|33|19|25|
2011-10-02|7|1_CTs|CT2||34|36|39|36|28|32|35|24|31|25|24|19|21|16|10|17|16|12|8|13|14|18|7|16|16|13|15|16|16|21|18|20|22|21|17|26|10|27|33|52|32|71|58|51|55|89|113|89|101|131|79|60|53|62|60|55|44|38|34|35|50|80|57|83|73|62|20|16|77|76|54|67|75|69|59|75|41|51|61|63|62|63|47|43|57|41|57|44|54|41|55|40|40|28|25|18|
2011-10-02|7|1_CTs|CT4||69|59|69|92|87|73|70|51|52|33|45|65|33|53|46|41|31|19|35|20|22|17|18|13|20|19|24|27|8|11|12|6|2|4|0|3|4|2|2|10|9|6|1|1|8|5|9|9|10|7|8|13|11|10|8|4|12|5|5|9|16|16|16|16|9|9|7|13|29|15|16|14|25|15|15|26|31|21|16|23|9|18|24|31|30|31|37|42|58|46|39|42|50|77|52|75|
2011-10-02|7|1_CTs|CT6||60|44|52|41|41|30|26|38|18|24|23|27|20|26|19|19|21|19|14|17|19|7|8|14|8|11|7|10|15|12|14|20|16|13|18|25|35|33|34|44|40|58|50|62|52|70|53|80|88|74|64|74|47|71|57|41|78|66|73|56|66|60|63|72|70|71|73|71|78|94|71|96|81|95|73|107|85|77|80|86|74|71|81|67|46|50|55|60|61|49|67|60|29|38|31|33|
2011-10-02|7|1_CTs|CT7||47|38|40|34|32|26|32|22|34|17|18|21|17|17|13|13|13|9|10|5|15|10|13|13|9|7|18|14|26|17|19|32|30|21|24|17|27|23|28|33|35|40|48|48|46|50|69|53|63|59|68|53|62|52|51|52|43|55|39|50|71|47|57|68|59|62|65|66|87|58|86|79|75|65|67|80|65|73|83|74|78|69|47|46|46|58|47|54|50|43|41|43|25|26|35|35|
2011-10-02|7|1_CTs|CT8||135|134|149|124|108|84|77|71|62|61|63|54|50|34|29|44|39|52|47|49|53|63|61|103|77|103|111|116|97|115|115|113|95|93|106|123|105|140|128|142|148|134|159|156|172|177|216|176|182|214|221|239|211|220|191|206|185|185|244|212|220|242|254|270|201|268|263|298|247|289|250|307|297|283|276|286|281|288|258|280|261|280|242|252|221|222|218|218|208|188|180|207|154|156|159|105|
2011-10-02|7|1_CTs|CT9||102|90|90|80|62|41|60|40|44|36|37|34|44|24|24|32|25|27|33|29|25|35|27|44|34|39|63|55|48|54|58|54|58|57|56|58|62|67|81|78|84|95|90|86|99|92|120|100|92|125|113|131|135|134|141|105|105|108|141|141|133|140|134|164|135|127|128|168|144|173|171|173|195|162|165|156|168|154|168|169|137|152|158|136|107|128|149|131|135|124|121|116|84|99|89|70|
2011-10-02|7|1_CTs|CT10||132|145|147|126|121|119|126|116|103|90|94|87|66|93|74|65|63|84|66|74|61|63|74|56|58|66|53|56|76|60|64|76|69|57|72|72|67|83|88|96|109|101|100|151|139|146|134|168|151|162|140|134|127|129|118|133|141|129|116|99|136|174|148|194|183|191|181|171|158|179|135|159|157|171|172|185|159|169|193|175|222|175|147|163|129|131|152|130|151|149|112|112|134|111|88|109|
2011-10-02|7|1_CTs|CT11||125|134|142|119|106|96|114|85|82|82|82|63|68|76|52|58|65|36|50|60|52|57|57|48|58|59|52|64|73|71|67|74|74|77|73|77|75|92|101|104|114|134|106|130|145|149|140|180|161|172|143|132|141|122|117|146|164|119|120|119|144|161|159|194|167|192|169|184|165|167|149|169|182|171|174|188|178|166|177|184|194|195|179|145|133|133|142|133|155|146|130|125|139|118|97|108|
2011-10-02|7|1_CTs|CT12||79|88|68|51|50|43|48|45|27|34|34|41|25|20|31|22|24|21|21|19|17|9|14|16|16|21|18|19|18|28|21|32|23|23|23|36|37|41|48|59|61|56|68|67|78|83|75|107|109|120|113|108|122|105|107|86|99|98|98|101|112|103|87|92|116|119|86|111|133|130|125|135|126|134|121|144|153|113|127|136|144|142|82|92|96|73|81|91|98|72|74|96|60|65|52|48|
2011-10-02|7|1_CTs|CT13||20|13|13|13|16|9|11|12|18|6|6|9|4|7|8|9|3|4|5|2|2|3|3|7|4|3|6|6|11|5|10|13|15|8|15|8|11|12|12|22|19|22|13|16|17|18|21|20|22|20|27|21|22|22|29|27|23|29|17|25|30|29|26|33|40|29|25|40|33|27|29|40|36|35|38|48|39|34|44|39|39|29|23|23|21|36|29|30|32|27|18|26|23|16|14|21|
2011-10-02|7|1_CTs|CT14||143|145|145|136|128|107|111|98|115|96|75|74|81|80|69|65|71|54|62|52|59|75|81|81|81|91|76|79|104|104|97|99|103|96|94|110|111|137|141|144|155|175|159|181|211|249|227|235|259|240|233|204|208|198|191|179|200|199|193|166|199|220|207|229|235|254|251|243|257|230|232|255|257|219|256|258|226|242|228|246|228|278|237|205|190|189|183|165|173|165|167|158|139|142|117|125|
2011-10-02|7|1_CTs|CT15||30|19|22|13|13|12|9|13|5|16|14|11|8|8|6|9|10|3|7|6|17|9|6|5|3|2|5|6|7|5|7|9|19|10|10|13|25|17|30|25|24|36|30|21|31|42|22|34|31|32|38|39|22|26|47|21|42|41|50|37|29|32|33|42|26|31|26|29|23|33|27|43|25|33|26|42|19|31|25|37|20|51|43|29|25|28|34|26|29|24|36|26|25|25|16|22|
