2012-02-28|3|1_CTs|ct1||42|37|26|11|8|17|9|5|7|9|2|7|8|1|3|5|1|4|4|4|8|6|7|18|16|16|43|45|50|74|134|183|260|242|223|238|236|230|224|221|235|208|192|215|168|222|209|176|179|196|205|211|194|175|172|177|198|194|227|210|213|233|218|219|221|213|222|225|211|238|233|222|210|229|218|219|213|220|205|217|214|217|215|158|161|147|105|103|100|103|77|88|99|75|67|64|
2012-02-28|3|1_CTs|ct3||77|82|74|46|41|50|35|30|32|27|23|29|24|14|10|13|14|20|16|22|31|25|54|73|56|61|113|131|152|195|310|391|535|533|512|571|499|485|490|536|505|466|452|471|434|422|435|413|392|433|427|509|416|395|397|392|452|465|473|472|501|461|437|445|445|439|451|415|428|409|421|411|368|364|392|424|353|394|396|398|421|440|457|399|356|301|255|251|256|232|193|203|178|187|164|153|
2012-02-28|3|1_CTs|ct5||111|91|60|53|33|45|42|36|39|17|36|29|20|23|28|23|13|14|15|15|42|21|35|46|48|64|81|93|114|168|215|245|281|339|325|378|374|361|254|292|301|351|328|355|323|306|376|301|330|335|342|373|309|299|304|325|308|406|419|391|381|316|331|342|280|281|331|287|289|351|400|327|374|392|294|290|433|331|337|373|370|365|322|276|258|259|194|206|191|174|221|226|223|195|111|167|
2012-02-28|3|1_CTs|ct6||91|66|71|40|55|35|28|21|30|16|22|15|16|16|7|12|14|16|12|10|15|4|8|14|11|19|20|29|37|63|84|136|151|172|205|219|223|219|183|185|143|182|136|161|197|204|178|190|213|244|200|196|219|213|198|186|191|206|225|197|208|217|200|250|223|266|242|289|277|294|294|300|289|300|289|282|274|263|307|283|287|270|225|222|194|177|151|149|177|181|133|140|149|122|143|141|
2012-02-28|3|1_CTs|ct7||89|90|69|51|54|42|35|30|36|23|26|16|17|19|17|11|15|12|13|10|14|17|15|23|18|25|33|40|34|54|90|114|146|154|174|199|196|196|200|155|173|168|183|188|203|192|180|243|214|222|211|243|227|195|176|206|209|206|240|225|229|250|273|243|248|204|271|210|201|200|186|181|185|177|171|149|190|200|196|162|208|180|167|157|132|136|126|121|105|124|130|137|141|111|142|188|
2012-02-28|3|1_CTs|ct9||111|101|96|76|66|49|54|63|45|35|32|36|37|35|22|22|26|28|12|20|26|18|26|15|19|24|42|46|63|84|109|139|179|216|194|321|219|213|197|156|162|238|172|147|153|164|163|126|134|249|194|152|116|196|310|211|387|391|288|160|205|160|256|222|141|178|172|178|317|222|219|218|211|237|217|233|239|183|204|159|220|226|163|125|133|103|106|76|133|98|109|89|89|80|116|90|
2012-02-28|3|1_CTs|ct10||54|58|34|28|43|28|29|25|26|24|9|19|9|24|14|9|8|10|14|11|18|8|11|11|17|19|13|29|31|42|55|94|131|137|123|150|136|145|137|143|105|107|110|112|109|121|114|116|129|112|131|124|132|141|108|142|127|128|135|142|137|137|140|149|155|122|145|138|143|150|163|140|158|173|134|146|145|129|128|140|144|128|121|115|108|86|68|63|83|87|86|105|89|61|77|66|
2012-02-28|3|1_CTs|CT11||24|26|30|21|23|25|14|11|13|14|19|13|10|13|12|11|6|19|9|6|11|9|5|15|14|18|19|20|25|26|47|50|46|51|48|59|68|47|52|64|53|50|54|60|46|53|59|50|54|56|58|48|63|47|63|52|45|49|57|54|65|47|56|57|48|50|52|54|47|49|47|56|53|49|42|70|58|40|57|54|65|63|53|56|58|52|49|36|41|43|30|33|38|43|30|37|
2012-02-28|3|1_CTs|CT12||18|22|16|13|20|14|17|13|9|18|4|10|4|11|9|4|4|7|7|7|11|7|8|7|13|11|7|13|23|21|20|19|23|19|27|29|29|37|38|29|32|38|46|33|31|39|38|26|40|36|43|36|44|33|57|50|38|37|31|33|44|46|41|49|55|33|44|45|43|45|40|35|33|44|39|34|43|37|37|35|44|28|39|39|35|29|21|29|34|29|30|30|28|21|24|26|
2012-02-28|3|1_CTs|CT16||30|26|29|23|16|10|12|8|17|9|5|10|8|8|8|5|7|6|3|4|9|4|4|6|8|8|9|11|14|19|20|31|28|51|42|60|48|51|39|52|40|39|46|43|42|46|34|42|42|43|47|39|39|42|25|37|37|38|43|51|43|45|48|50|46|44|44|57|50|61|58|60|66|74|72|72|77|59|63|47|57|38|46|38|47|38|32|25|30|26|28|29|25|27|32|31|
2012-02-28|3|1_CTs|ct17||72|61|30|41|47|25|31|28|18|17|11|11|12|9|7|10|7|6|14|9|17|15|18|20|35|23|23|44|59|79|129|210|298|330|295|333|330|200|307|303|267|229|203|213|172|171|213|194|221|223|228|251|221|237|211|197|226|244|207|237|254|205|221|236|243|216|243|237|281|271|232|263|251|249|232|233|199|206|190|197|216|182|183|182|158|117|119|106|100|107|112|114|98|101|101|102|
2012-02-28|3|1_CTs|ct18||84|79|59|45|65|43|45|42|34|29|16|21|13|30|17|14|11|17|19|13|24|18|20|21|37|30|28|44|52|82|112|189|211|262|196|227|228|243|234|224|170|179|220|202|154|186|190|163|212|180|185|181|179|176|163|198|162|214|193|203|212|204|203|216|194|186|176|177|177|215|190|175|193|211|177|229|186|168|181|173|185|183|171|171|170|135|115|104|139|128|115|150|123|87|121|111|
2012-02-28|3|1_CTs|ct19||1|0|0|2|0|0|0|0|0|0|0|0|0|0|0|0|0|0|0|0|0|0|3|5|2|8|12|6|10|9|6|11|11|12|10|6|7|8|7|5|9|6|8|6|7|6|4|4|5|4|9|6|11|8|4|2|4|7|10|6|4|7|4|7|10|12|6|11|5|7|3|8|14|5|7|16|7|9|3|8|6|2|7|5|6|4|4|9|2|0|2|2|2|3|0|0|
2012-02-28|3|1_CTs|ct20||68|55|41|35|24|26|27|22|13|16|13|12|12|18|13|6|12|5|9|18|11|15|19|18|25|33|48|63|86|110|162|186|202|174|199|197|146|173|206|177|139|36|19|9|19|139|213|197|206|198|158|231|225|222|209|184|210|219|160|152|170|207|216|216|212|224|191|203|219|203|212|204|202|219|192|204|199|218|192|196|204|204|203|199|169|144|129|121|122|105|118|102|99|88|101|84|
2012-02-28|3|1_CTs|ct22||6|4|3|4|4|3|2|2|4|1|2|2|0|1|2|0|1|3|1|2|3|2|0|4|5|2|2|5|6|3|8|11|14|21|19|26|30|16|32|27|22|26|26|27|28|24|27|35|25|29|30|34|23|14|21|19|32|24|23|29|35|47|35|32|44|30|47|43|58|37|50|55|59|58|50|46|37|46|46|38|38|31|20|18|17|18|10|10|12|12|5|8|8|7|6|6|
2012-02-28|3|1_CTs|CT23||82|78|49|39|19|21|20|26|20|6|8|10|23|6|6|9|12|16|10|9|8|4|7|5|14|13|24|33|50|71|104|149|209|253|271|286|266|221|225|256|219|194|182|199|175|179|228|218|209|230|246|268|248|230|197|213|200|243|209|234|235|263|246|262|254|307|325|318|357|367|372|367|393|429|396|386|388|404|376|374|306|356|342|234|236|211|207|157|193|200|128|166|146|128|135|105|
2012-02-28|3|1_CTs|ct24||150|114|92|74|62|61|54|41|26|43|31|19|27|26|26|40|21|35|41|50|48|42|76|98|135|179|290|530|660|870|1037|1001|844|842|914|871|909|851|952|929|957|969|959|920|773|804|767|720|689|820|775|792|815|736|707|779|767|919|798|838|874|819|812|793|704|763|764|763|771|831|827|904|936|981|938|953|873|839|805|780|759|686|627|540|468|433|363|346|314|342|294|283|292|248|241|162|
