2011-12-12|3|1_CTs|ct1||37|39|24|15|13|14|10|2|8|9|6|7|14|4|5|1|5|2|7|8|3|4|6|25|16|25|25|40|54|87|143|187|230|258|254|242|250|229|226|206|196|159|201|171|186|171|179|182|158|168|177|212|195|179|149|189|181|217|215|236|216|210|219|215|201|190|197|208|217|232|203|179|230|196|186|225|224|217|228|194|196|195|164|157|147|119|117|94|103|89|77|92|67|85|62|64|
2011-12-12|3|1_CTs|ct3||100|102|56|48|39|55|40|23|28|28|20|9|18|11|20|10|24|11|27|20|28|37|37|78|55|82|91|145|138|193|323|406|467|495|525|521|504|539|494|542|472|421|437|439|432|413|422|415|406|425|452|500|442|406|349|419|430|471|475|479|479|461|473|444|400|415|403|404|406|385|414|357|366|273|350|337|391|352|371|365|364|388|370|298|280|280|233|196|190|226|198|192|168|169|164|175|
2011-12-12|3|1_CTs|ct5||314|303|326|300|331|269|109|142|112|223|279|271|430|390|287|176|160|268|273|314|370|392|346|356|230|194|270|411|251|324|376|423|580|672|647|1000|818|548|885|710|688|531|445|381|398|323|414|344|368|344|382|380|341|406|376|351|402|372|431|482|479|381|414|378|369|416|430|356|429|424|430|411|520|563|700|713|679|788|795|675|744|637|683|632|927|633|580|493|433|438|452|433|511|567|381|372|
2011-12-12|3|1_CTs|ct6||82|57|41|40|41|20|27|27|16|8|13|11|14|14|7|10|11|14|7|5|9|8|13|19|14|22|20|30|38|61|78|136|160|202|192|206|238|203|181|187|155|177|144|199|170|169|156|166|226|229|222|214|234|212|185|201|180|174|207|219|220|234|234|235|239|267|290|281|314|316|303|316|277|302|280|261|271|255|278|269|273|276|214|192|146|169|134|123|145|144|150|112|140|124|125|184|
2011-12-12|3|1_CTs|ct7||94|58|48|46|31|22|27|24|32|18|18|11|9|12|11|13|8|5|17|6|16|14|19|23|21|24|28|39|46|69|85|122|133|170|169|214|201|185|180|178|143|177|196|180|166|176|210|188|202|230|234|232|225|182|153|170|167|199|208|238|231|226|215|249|224|249|202|237|186|179|174|180|170|168|177|151|166|189|184|206|182|186|153|162|149|117|114|121|128|137|139|115|122|116|129|158|
2011-12-12|3|1_CTs|ct9||58|58|47|53|45|62|41|40|37|27|26|19|14|21|16|13|22|19|21|32|18|14|22|21|19|34|38|57|55|93|103|159|185|196|266|192|205|228|187|228|269|336|211|192|335|322|1422|384|243|195|286|205|323|182|202|120|149|247|265|302|305|197|219|179|204|185|188|170|225|205|209|207|175|203|219|200|221|210|182|177|169|153|138|117|99|117|106|79|96|89|83|83|107|86|113|105|
2011-12-12|3|1_CTs|ct10||33|39|31|26|15|16|17|17|14|18|17|9|10|13|10|10|17|6|19|12|11|7|13|10|19|13|21|38|32|44|62|90|124|122|143|132|150|152|151|136|126|127|127|137|116|110|123|119|124|105|124|130|120|110|113|112|120|112|128|134|137|140|130|142|123|147|166|147|147|132|145|157|151|131|138|116|108|123|115|89|120|115|115|91|79|65|70|71|66|68|60|80|51|63|65|67|
2011-12-12|3|1_CTs|CT11||30|20|13|18|15|11|9|17|8|8|8|7|11|6|5|10|11|13|10|8|12|7|8|14|13|19|18|17|26|29|40|39|53|44|60|70|51|47|51|56|53|47|47|51|55|52|52|53|68|58|55|54|60|57|64|64|47|56|58|58|51|65|55|59|57|48|65|53|47|62|60|61|53|56|68|41|63|58|52|51|68|47|48|52|46|33|48|36|47|44|44|35|33|30|20|26|
2011-12-12|3|1_CTs|CT12||15|16|13|17|8|8|4|11|9|11|10|5|7|6|5|6|10|2|13|8|8|7|10|8|15|7|12|17|16|18|27|22|19|27|22|25|30|34|41|39|48|44|49|41|36|46|29|41|41|38|35|39|42|29|41|34|50|32|31|38|44|39|43|46|41|49|48|44|42|43|45|47|36|35|40|32|43|40|41|35|29|39|31|36|21|30|20|24|23|24|19|32|19|25|20|25|
2011-12-12|3|1_CTs|ct14||0|0|0|0|0|0|0|0|0|0|0|0|0|0|0|0|0|0|0|0|0|0|0|0|0|0|0|0|0|0|0|0|0|0|0|0|0|0|0|0|0|0|0|0|0|0|0|0|1|0|0|0|0|0|0|0|0|0|0|0|0|0|0|0|0|0|0|0|0|0|0|0|0|0|0|0|0|0|0|0|0|0|0|0|0|0|0|0|0|0|0|0|0|0|0|0|
2011-12-12|3|1_CTs|CT16||5|16|19|10|11|16|16|7|6|8|6|6|2|5|2|6|4|3|5|1|3|1|4|4|1|11|11|15|11|18|12|24|26|36|40|56|47|42|38|38|43|38|30|43|35|33|38|39|35|28|30|39|33|28|34|32|23|29|35|33|37|29|48|43|41|35|42|37|48|45|35|60|65|57|59|62|63|38|55|47|50|40|33|34|29|21|29|17|26|18|15|17|20|18|16|18|
2011-12-12|3|1_CTs|ct17||53|41|49|46|31|13|15|13|15|13|20|9|16|11|13|10|12|8|14|9|13|15|16|25|23|27|37|42|58|75|133|235|325|346|343|320|343|235|255|296|240|240|278|281|230|232|226|218|230|212|214|220|215|219|182|199|215|203|224|253|253|245|228|214|233|264|245|183|260|243|230|248|223|238|239|228|210|175|191|201|223|177|172|146|125|115|102|105|100|89|96|82|110|71|80|75|
2011-12-12|3|1_CTs|ct18||48|45|55|50|32|25|21|17|15|25|18|12|18|16|15|11|25|7|21|13|15|14|20|17|29|27|46|56|57|72|110|161|236|221|250|227|225|236|194|206|211|166|177|181|184|161|187|189|168|151|186|159|194|141|160|159|201|165|194|181|204|186|177|210|170|183|208|198|151|178|158|214|190|197|206|166|152|172|159|161|184|199|158|124|123|110|105|113|110|100|106|113|88|86|103|93|
2011-12-12|3|1_CTs|ct19||1|1|0|2|0|0|0|0|0|0|0|0|0|0|0|0|0|0|0|0|0|0|4|1|2|5|8|3|10|7|11|6|13|8|7|10|9|5|9|5|4|8|14|4|6|6|7|8|10|11|5|5|12|10|7|6|4|6|4|8|5|6|11|4|6|6|6|6|6|6|8|5|9|8|9|9|4|10|7|8|2|7|7|4|6|5|5|2|3|2|5|3|1|1|0|3|
2011-12-12|3|1_CTs|ct20||58|36|26|36|27|21|14|16|15|14|16|14|11|2|12|5|11|10|15|15|13|13|17|26|21|31|48|79|92|114|145|198|209|221|215|114|161|231|138|197|198|183|188|187|204|225|207|177|193|191|209|202|214|209|184|181|178|228|173|144|134|224|219|209|223|231|165|214|229|234|187|203|172|155|120|176|158|165|182|199|204|182|190|174|139|111|109|122|98|96|102|102|100|97|86|70|
2011-12-12|3|1_CTs|ct22||6|2|4|1|1|1|1|1|1|2|0|0|1|1|2|3|0|1|0|0|2|0|2|1|4|4|2|6|3|3|13|12|22|15|21|23|26|27|27|34|28|27|22|16|19|23|18|27|20|34|41|35|31|22|23|30|22|24|25|32|37|32|30|33|32|37|53|40|52|56|56|47|45|64|46|38|52|34|43|31|40|18|17|19|16|8|14|10|10|5|8|5|7|2|6|3|
2011-12-12|3|1_CTs|CT23||89|60|44|33|25|12|14|9|23|19|11|19|22|19|12|3|3|2|3|5|8|4|11|5|18|17|10|25|38|64|121|182|232|272|274|302|283|245|210|183|193|192|180|157|187|192|197|183|207|221|221|229|261|238|222|213|219|243|236|268|238|243|231|281|312|277|296|349|383|361|361|309|381|330|401|397|366|374|381|381|352|357|325|292|234|202|224|156|204|164|179|179|141|138|124|120|
2011-12-12|3|1_CTs|ct24||128|109|113|76|78|52|49|40|29|39|36|24|19|25|22|29|21|39|36|44|41|45|77|100|125|188|301|532|679|973|1053|998|975|937|939|914|756|932|967|961|984|992|1003|898|880|855|823|859|798|806|809|803|815|780|776|823|787|867|998|927|835|839|862|809|803|776|745|796|764|874|782|891|916|968|981|957|877|756|737|727|678|619|579|478|445|383|342|297|374|362|270|299|265|230|234|197|
