2011-07-28|22|1_CTs|CT1||21|20|20|11|4|10|11|5|5|9|5|7|5|3|5|2|7|3|6|7|13|10|13|19|21|25|34|37|39|63|70|100|81|122|113|145|120|125|103|99|95|97|79|81|62|72|81|78|66|78|63|78|70|53|54|79|76|69|69|74|85|68|62|70|78|71|73|62|67|70|105|88|59|77|74|81|70|72|70|59|63|52|45|39|42|40|32|28|37|28|23|26|18|11|19|26|
2011-07-28|22|1_CTs|CT2||36|47|23|16|15|19|12|10|13|2|13|11|5|6|6|3|5|9|5|6|16|9|11|30|21|27|38|47|67|77|98|144|128|165|171|184|195|181|173|165|157|142|138|151|141|131|163|128|151|156|143|117|122|136|125|157|143|137|154|142|149|158|148|135|161|167|147|156|158|158|187|166|161|173|195|168|163|158|121|132|117|95|111|72|61|90|73|61|58|52|50|73|45|41|60|57|
2011-07-28|22|1_CTs|CT3||47|42|44|31|29|27|16|16|23|11|11|18|13|18|8|7|5|11|9|11|16|14|19|44|28|46|44|51|91|125|152|188|191|206|236|257|269|231|223|217|205|175|203|194|186|190|195|198|216|208|183|185|175|187|157|210|198|173|216|184|220|208|191|197|198|204|193|214|219|199|246|240|212|206|238|210|214|195|173|163|159|150|145|130|100|120|101|96|97|97|86|97|81|85|81|76|
2011-07-28|22|1_CTs|CT4||33|37|35|22|25|20|14|10|10|8|13|4|2|6|1|9|5|7|10|4|9|12|6|28|25|33|39|46|62|58|77|115|122|126|168|174|179|196|169|139|137|161|148|159|150|146|138|142|151|167|135|149|145|120|142|118|135|146|146|150|156|125|152|172|165|161|151|162|160|178|174|159|178|195|225|217|178|167|140|146|149|121|121|103|91|82|94|85|69|61|65|47|54|42|46|55|
2011-07-28|22|1_CTs|CT5||46|44|41|19|24|26|21|11|12|8|14|6|6|3|4|12|7|4|9|8|7|15|7|30|27|32|34|47|60|80|105|99|149|135|194|198|171|203|182|179|157|165|157|170|165|161|163|147|173|166|162|164|132|146|122|156|137|143|164|171|170|155|154|156|188|179|156|197|192|208|215|210|214|232|244|235|186|203|167|174|164|132|134|115|106|85|105|83|85|72|80|47|61|55|51|66|
2011-07-28|22|1_CTs|CT6||34|28|25|24|15|17|20|10|8|4|7|2|6|2|4|5|4|5|10|5|7|9|5|16|15|19|18|29|30|42|50|52|66|65|105|96|94|94|92|97|105|84|91|108|88|106|122|109|116|110|116|89|93|114|95|96|94|104|109|108|125|95|89|113|111|121|105|121|142|132|129|125|136|120|158|144|153|132|116|111|96|89|90|84|53|53|66|63|58|57|49|32|42|45|39|35|
2011-07-28|22|1_CTs|CT7||8|7|3|3|1|3|3|1|1|1|1|2|1|1|1|1|2|3|1|2|3|1|0|1|4|6|8|8|8|5|20|25|23|31|26|23|29|23|33|26|26|17|23|24|24|21|35|19|22|20|23|16|14|12|21|24|21|24|21|29|19|22|19|19|22|27|15|19|17|28|29|20|28|23|22|29|23|24|22|27|20|17|18|8|9|10|13|2|13|4|7|7|5|8|8|8|
2011-07-28|22|1_CTs|CT8||6|9|9|6|8|3|2|2|0|0|0|1|2|2|2|1|3|2|1|0|1|0|0|2|4|0|5|5|4|14|10|14|22|20|29|12|19|29|29|24|29|21|24|32|23|29|38|32|31|31|33|27|40|22|34|28|29|19|33|38|24|32|28|22|39|18|45|36|31|33|40|44|29|34|37|34|40|31|35|27|17|23|27|19|11|14|16|20|23|16|10|8|13|10|6|17|
2011-07-28|22|1_CTs|CT9||37|34|33|19|18|18|7|7|14|10|8|9|7|8|8|6|7|8|3|11|16|14|16|41|30|46|55|70|86|149|174|223|252|248|247|271|245|277|238|246|235|203|189|191|170|174|168|163|161|136|168|163|158|147|128|147|152|171|186|174|189|148|152|145|138|149|143|164|182|158|168|163|187|186|142|155|129|138|137|129|103|119|119|112|99|90|74|72|69|60|69|64|60|51|46|36|
2011-07-28|22|1_CTs|CT10||1|1|2|1|0|1|0|0|2|0|2|1|0|0|1|1|1|0|2|1|3|2|3|4|10|5|2|3|3|3|6|3|8|8|10|7|6|9|8|7|6|16|4|7|4|9|5|5|4|5|10|5|4|6|3|4|6|3|7|7|2|7|9|6|5|8|3|8|8|5|4|3|5|9|3|2|3|2|3|3|4|1|3|1|1|0|1|5|3|1|7|29|21|16|2|3|
