2012-11-28|22|1_CTs|CT1||24|20|8|8|6|10|5|5|6|4|7|2|3|3|2|2|2|1|7|2|10|9|12|22|22|29|32|41|31|53|76|135|209|193|203|191|163|157|139|125|84|75|65|67|55|59|69|71|72|85|87|78|72|86|71|86|85|97|103|94|77|79|71|83|88|93|88|104|178|155|139|143|117|115|110|110|87|66|70|65|67|63|49|43|40|40|31|24|33|25|22|25|24|50|44|23|
2012-11-28|22|1_CTs|CT2||11|16|15|7|7|4|4|4|5|3|1|1|1|2|2|3|2|1|2|0|9|5|9|16|13|18|17|22|26|30|38|55|64|64|81|89|63|50|70|48|29|29|31|45|14|20|33|31|39|38|50|36|41|37|40|38|38|38|47|43|50|36|34|38|49|47|39|53|86|82|73|72|71|75|67|52|43|36|41|43|39|28|30|20|29|25|23|17|17|15|22|15|16|48|38|22|
2012-11-28|22|1_CTs|CT3||53|58|36|29|24|15|15|18|12|14|8|8|9|9|10|7|8|4|5|8|17|14|15|39|29|44|44|76|99|116|185|293|333|367|379|385|354|328|335|269|232|183|195|196|168|167|191|185|189|210|226|208|218|200|210|217|240|247|229|244|233|208|239|225|237|257|267|296|355|398|366|359|364|350|295|298|196|212|189|211|191|169|138|133|119|109|93|104|80|78|85|95|73|127|110|78|
2012-11-28|22|1_CTs|CT4||42|34|25|20|16|12|12|18|5|6|4|4|1|3|8|2|2|3|5|1|13|8|19|19|23|32|32|39|54|87|98|147|175|191|233|231|226|198|194|173|149|132|148|133|155|160|137|133|143|153|172|153|148|148|134|149|171|149|151|165|166|163|159|174|145|166|188|190|207|246|244|224|225|238|234|213|227|219|192|186|164|149|142|137|125|71|91|72|83|76|92|68|55|71|72|25|
2012-11-28|22|1_CTs|CT5||48|34|25|17|16|13|12|22|6|9|6|5|3|7|7|4|3|5|4|6|11|14|21|18|31|34|36|50|58|81|128|184|260|307|278|310|307|279|207|235|168|158|146|162|179|151|150|171|174|147|131|90|174|219|176|207|170|186|193|192|199|180|206|185|170|216|233|241|263|298|324|309|297|291|300|272|258|261|185|218|208|171|142|124|126|87|87|85|71|78|82|64|57|65|64|40|
2012-11-28|22|1_CTs|CT6||29|28|25|13|6|8|13|15|3|4|5|1|4|6|8|1|3|7|9|5|5|10|15|16|15|28|19|20|38|38|43|67|99|96|93|127|98|129|106|85|85|75|68|85|101|82|101|93|102|110|94|124|108|110|99|99|97|118|126|96|127|125|123|91|96|123|130|132|147|164|171|179|169|164|155|153|147|141|109|126|107|111|96|102|64|54|78|60|54|45|63|44|37|47|48|27|
2012-11-28|22|1_CTs|CT7||6|3|3|3|1|5|0|4|0|0|0|3|1|3|2|0|0|1|1|0|0|3|0|4|4|6|6|6|8|11|12|18|41|31|40|47|27|32|32|34|19|22|22|25|15|24|20|18|16|27|38|22|33|21|16|21|26|19|25|30|25|27|31|33|34|31|27|23|32|32|41|35|31|37|41|25|32|25|12|23|9|17|16|18|10|7|8|6|9|5|8|7|5|8|11|6|
2012-11-28|22|1_CTs|CT8||24|16|12|11|6|1|7|5|7|5|2|1|4|2|0|3|0|2|2|4|3|2|0|4|8|5|8|11|19|16|47|53|72|64|62|47|67|39|41|45|57|63|63|65|67|63|77|65|76|80|58|92|75|95|87|59|68|95|79|73|85|73|94|79|94|77|61|76|62|59|48|58|59|59|62|69|55|81|72|92|43|68|44|52|49|38|52|42|33|27|44|34|14|19|23|23|
2012-11-28|22|1_CTs|CT9||33|37|15|22|15|16|4|13|5|11|7|8|8|6|9|3|9|5|4|9|13|18|15|25|34|31|53|79|109|145|221|324|383|376|336|328|338|331|304|277|223|194|181|190|207|179|191|172|188|181|217|202|239|223|189|225|205|192|202|213|200|188|212|168|200|236|231|237|254|258|231|205|231|235|215|196|153|129|138|140|147|127|98|121|106|71|73|71|61|68|54|54|60|48|38|40|
2012-11-28|22|1_CTs|CT10||0|2|0|0|1|0|0|1|0|0|0|1|0|0|0|1|2|0|2|1|2|2|1|5|8|4|7|1|4|5|2|18|42|23|9|20|14|13|9|10|8|3|2|5|9|3|9|5|13|3|10|2|9|4|4|2|4|8|6|4|6|3|4|2|4|3|5|7|12|3|5|8|6|2|6|5|5|5|2|1|0|1|1|4|5|1|1|3|1|9|14|22|6|2|1|2|
