2012-12-19|3|1_CTs|ct1||54|45|53|33|39|23|18|12|17|14|14|15|13|11|13|10|9|5|6|6|7|7|6|13|16|22|26|44|42|70|96|154|193|204|221|245|235|222|212|202|203|169|212|174|177|181|152|179|165|202|210|209|191|184|191|172|190|187|171|211|203|207|204|200|196|194|221|206|209|210|211|181|200|205|217|205|212|197|180|193|208|181|202|178|129|124|112|111|97|96|95|94|108|82|93|84|
2012-12-19|3|1_CTs|ct3||444|316|390|378|369|180|82|93|263|257|31|89|232|175|103|47|331|52|91|222|61|96|58|169|101|75|87|89|112|142|171|252|242|309|296|453|392|300|438|341|290|335|299|308|368|249|244|308|259|265|278|279|260|244|249|255|288|262|278|474|406|283|311|329|294|327|288|301|272|261|296|378|445|392|424|270|260|274|227|288|306|294|287|280|222|201|171|187|167|160|163|180|161|182|177|159|
2012-12-19|3|1_CTs|ct5||162|156|103|90|84|39|56|43|38|35|38|38|25|21|15|19|23|20|30|17|11|12|12|13|13|13|30|34|45|56|104|147|170|185|198|212|215|234|180|187|196|182|204|172|184|209|214|213|204|216|242|241|251|233|199|218|227|203|213|220|250|243|257|264|264|259|255|280|298|272|302|279|328|259|193|217|249|208|217|219|224|238|202|214|170|140|156|150|187|142|158|142|145|177|156|145|
2012-12-19|3|1_CTs|ct6||9|12|6|10|7|3|4|5|5|6|2|0|2|4|2|0|1|1|0|0|1|1|2|3|4|5|17|10|18|19|29|40|46|54|83|82|69|63|69|77|65|84|64|64|60|65|45|53|56|80|63|70|71|61|52|49|58|74|70|39|30|31|53|81|83|74|99|79|71|93|81|72|87|83|100|87|75|74|79|85|69|80|64|42|41|32|35|24|18|21|23|36|21|34|26|18|
2012-12-19|3|1_CTs|ct7||153|165|114|102|87|59|72|56|77|64|40|42|79|86|21|66|20|21|29|18|29|72|30|40|34|32|43|39|40|50|75|102|118|155|170|164|175|172|164|180|213|172|181|207|185|193|188|193|176|181|184|190|171|189|164|178|184|170|216|159|149|167|159|171|141|162|156|145|158|142|123|127|108|131|142|129|152|158|157|149|166|171|160|149|133|124|124|142|172|135|139|145|152|157|171|145|
2012-12-19|3|1_CTs|ct8||145|100|65|26|28|18|23|16|13|21|20|22|19|10|15|15|1|11|5|8|18|7|11|17|19|17|13|20|22|16|24|42|36|47|63|67|50|63|68|93|68|89|81|91|97|94|115|101|94|138|110|120|91|105|87|78|93|101|116|120|113|106|191|119|106|125|106|123|127|151|141|196|106|182|146|148|92|124|104|130|102|76|64|57|58|62|42|58|72|52|64|45|35|55|110|117|
2012-12-19|3|1_CTs|ct9||111|89|83|78|74|58|45|56|39|42|53|30|37|27|22|37|29|30|20|14|18|20|16|29|24|29|38|64|59|67|118|145|172|175|208|216|237|220|216|223|205|161|205|180|153|141|143|177|152|190|152|169|161|177|127|167|167|171|191|205|153|153|194|180|202|183|181|155|203|192|115|114|152|152|187|209|214|225|198|191|215|198|174|134|135|124|105|98|114|116|80|96|99|117|107|90|
2012-12-19|3|1_CTs|ct10||97|93|81|52|63|57|42|58|48|43|45|35|36|24|30|21|11|21|18|17|19|20|22|21|21|27|21|30|28|44|66|81|97|112|148|161|147|169|165|159|140|138|132|132|146|142|131|153|146|154|151|160|143|150|134|141|129|126|155|148|151|146|100|138|137|156|158|140|147|168|160|160|141|167|133|133|138|153|161|151|150|120|169|131|122|136|114|103|88|86|90|112|87|118|88|81|
2012-12-19|3|1_CTs|CT11||302|299|206|176|164|90|122|104|65|73|78|57|56|49|42|43|35|33|39|32|40|38|47|46|60|60|50|72|89|89|185|238|262|299|312|362|354|346|340|348|335|335|359|339|359|426|431|393|381|375|402|399|391|390|355|365|385|357|390|402|378|384|399|385|393|407|401|405|421|400|397|394|400|421|379|406|428|445|392|408|436|404|371|337|299|259|264|308|318|276|274|290|264|334|288|262|
2012-12-19|3|1_CTs|CT12||56|57|62|566|1872|12|32|120|20|22|12|25|17|20|12|21|8|13|13|16|10|11|9|12|12|10|24|248|278|1994|1690|2917|74|62|49|68|70|83|79|100|80|99|110|121|117|104|132|98|91|105|95|108|101|81|745|920|937|472|2599|3352|693|94|155|127|95|104|176|471|979|789|1822|1784|167|98|127|116|77|105|578|86|96|82|153|591|2527|1415|3414|1454|2677|1718|34|162|46|59|51|53|
2012-12-19|3|1_CTs|ct13||139|135|90|79|85|75|96|75|84|131|286|58|130|53|40|32|50|44|110|67|91|187|243|301|44|33|67|68|70|83|88|145|144|152|172|210|212|214|203|205|193|167|207|221|182|237|221|220|219|205|241|205|253|212|236|181|220|194|198|226|202|246|200|212|216|259|208|218|238|232|248|246|243|224|213|189|213|239|298|227|218|225|213|194|170|183|171|124|147|123|130|156|131|138|145|127|
2012-12-19|3|1_CTs|ct14||47|41|34|23|12|17|16|21|9|13|10|4|9|10|10|7|10|7|5|4|8|9|14|15|25|28|50|110|159|244|286|283|289|284|295|300|296|309|301|297|264|233|225|221|211|179|185|198|165|203|224|190|173|146|153|173|187|201|195|235|204|214|204|199|191|155|218|165|170|231|227|234|236|212|249|256|233|212|233|239|216|188|165|144|105|92|88|94|89|93|73|104|71|86|65|53|
2012-12-19|3|1_CTs|CT16||56|39|39|30|21|25|24|27|15|18|19|16|5|12|10|8|9|8|8|7|3|9|5|7|12|14|10|20|20|17|22|33|37|34|74|65|61|45|66|70|66|53|77|62|68|62|56|76|66|67|76|50|64|62|49|56|52|47|71|78|65|70|78|74|85|78|75|89|80|100|73|79|134|99|101|86|82|71|77|82|74|72|68|55|41|36|47|30|40|46|32|30|61|46|54|46|
2012-12-19|3|1_CTs|ct17||102|95|80|55|58|37|34|37|40|33|25|17|23|19|17|21|16|20|14|22|17|17|16|27|15|31|39|42|59|58|116|183|222|252|273|246|317|300|291|284|273|234|219|225|221|218|205|207|220|227|228|215|215|193|166|195|208|201|241|243|250|237|240|230|262|248|258|228|227|249|229|232|232|248|198|198|216|200|195|185|208|165|197|173|133|165|141|115|104|108|107|123|116|112|100|96|
2012-12-19|3|1_CTs|ct18||112|126|102|68|76|61|60|72|64|61|53|38|32|30|43|30|18|27|22|23|23|26|27|32|29|37|39|54|47|69|118|149|185|221|239|262|213|235|225|238|224|238|182|228|223|192|202|186|195|203|209|178|205|190|182|181|175|177|218|215|203|216|185|179|185|182|184|171|217|198|195|212|186|206|165|167|188|194|201|211|176|167|214|173|143|169|147|115|133|130|118|164|133|163|126|123|
2012-12-19|3|1_CTs|ct19||1|3|0|2|1|1|1|0|0|1|0|0|0|0|0|0|0|0|0|0|0|0|5|3|0|3|7|5|14|8|7|10|11|9|12|10|7|10|8|6|10|5|10|3|3|5|7|7|7|4|13|6|8|6|6|4|11|6|5|5|8|4|6|23|3|6|13|7|4|6|9|8|10|6|13|6|8|11|11|5|9|5|6|10|6|7|6|2|4|1|0|2|1|0|1|4|
2012-12-19|3|1_CTs|ct22||7|3|3|10|7|0|1|7|1|0|1|1|2|1|1|0|0|1|0|2|3|6|0|2|2|4|4|6|6|4|8|11|18|19|21|24|29|26|34|33|25|26|22|25|21|30|25|35|27|27|27|38|36|37|20|22|30|20|26|21|39|38|29|37|45|50|60|44|61|58|68|54|59|64|72|61|63|63|46|51|44|28|20|23|21|20|6|10|5|8|9|15|19|17|15|14|
2012-12-19|3|1_CTs|CT23||109|93|96|71|71|59|44|28|37|30|26|25|23|24|22|17|13|31|9|15|5|12|10|2|16|22|26|38|45|58|117|202|227|268|264|333|289|250|255|195|232|177|220|209|171|253|191|247|228|276|313|333|322|268|248|253|244|262|247|249|242|299|306|280|301|336|339|360|380|417|381|414|444|446|387|366|420|359|234|318|230|273|342|268|226|199|204|180|180|182|166|182|209|171|177|153|
2012-12-19|3|1_CTs|ct24||191|236|182|124|73|93|60|67|37|41|33|45|36|49|38|38|31|31|25|46|56|60|64|107|122|161|274|457|598|856|999|887|966|974|907|863|902|968|888|881|924|1000|867|940|913|904|820|852|841|903|953|978|871|859|724|849|801|922|947|932|882|888|783|876|826|777|845|784|779|880|878|900|934|894|924|881|814|810|828|877|868|762|719|653|496|422|388|390|351|363|323|392|310|363|307|254|
