2017-07-11|6|1_CTs|CT1||0|3|1|0|0|1|0|1|0|0|0|1|0|0|0|1|0|1|0|1|2|2|1|2|1|2|3|3|3|14|18|33|22|32|51|306|29|27|32|12|13|3|19|9|13|17|6|9|9|11|9|8|13|10|4|9|8|12|6|12|9|10|12|8|10|12|12|11|254|6|14|12|7|11|14|11|10|6|10|5|1|4|7|5|6|6|3|261|3|3|1|3|1|0|0|2|
2017-07-11|6|1_CTs|CT3||13|482|23|20|13|9|16|3|4|2|2|4|2|4|4|9|10|8|9|13|23|20|27|22|19|24|31|37|40|42|59|66|297|87|81|324|67|83|70|66|67|61|61|279|47|505|41|40|287|53|53|300|61|49|41|42|52|251|43|62|51|48|50|281|43|60|51|55|51|57|46|261|57|43|40|59|291|56|40|49|51|259|27|31|26|221|21|25|28|25|22|17|21|20|19|20|
2017-07-11|6|1_CTs|CT4||5|6|4|3|2|2|0|3|0|3|1|1|1|2|0|1|1|0|2|1|0|1|2|0|1|0|2|4|5|11|10|18|14|19|19|24|25|23|23|22|18|280|16|23|18|271|22|13|23|13|18|30|32|248|22|18|14|26|29|29|21|32|30|37|31|27|36|32|28|30|32|41|29|281|303|35|31|31|35|29|29|21|28|18|24|13|16|18|11|17|15|14|9|14|9|10|
2017-07-11|6|1_CTs|CT6||31|275|10|13|9|3|6|3|2|4|4|1|2|1|2|2|5|9|4|6|9|14|22|245|18|14|16|273|30|47|302|82|281|107|126|123|108|361|580|126|126|122|101|357|356|116|345|91|105|106|94|106|111|76|87|307|108|107|97|113|578|86|107|100|108|100|113|112|394|347|363|352|101|115|338|107|112|102|355|94|105|109|110|82|70|302|66|64|81|62|55|58|55|62|515|33|
2017-07-11|6|1_CTs|CT7||261|5|9|5|1|2|1|3|1|1|1|2|2|2|1|0|5|1|1|2|7|1|4|4|3|6|4|8|13|14|24|28|28|37|148|186|37|29|39|32|28|33|27|27|30|26|19|26|26|24|26|21|24|268|17|24|35|263|23|17|23|23|23|20|21|16|27|28|29|34|30|266|289|33|30|25|18|18|24|23|26|19|23|18|12|16|10|7|5|6|15|9|8|7|9|7|
2017-07-11|6|1_CTs|CT8||35|29|29|19|14|11|14|9|9|10|10|10|242|19|4|3|7|13|7|5|8|10|20|28|29|277|41|51|65|93|418|191|408|407|196|399|156|554|187|168|138|352|158|127|110|135|148|136|142|133|355|361|129|114|118|537|382|157|144|166|395|145|396|368|374|160|150|152|157|636|149|174|178|645|419|429|181|458|153|151|169|366|124|319|96|90|347|68|91|76|72|291|57|63|264|60|
2017-07-11|6|1_CTs|CT10||280|32|35|21|9|24|6|7|4|9|3|6|5|6|5|6|2|7|5|3|6|10|272|22|32|24|35|42|52|79|351|106|145|413|194|684|196|200|452|181|431|145|135|410|147|413|162|198|659|390|395|151|388|126|125|375|153|146|123|122|377|147|156|394|400|175|155|173|197|697|221|798|254|245|775|473|473|207|171|206|463|199|143|132|104|77|84|66|59|56|45|45|50|52|40|45|
2017-07-11|6|1_CTs|CT11||40|36|16|13|17|10|9|10|9|11|7|6|6|4|4|8|6|7|7|248|11|13|18|291|36|288|67|79|109|148|212|491|239|498|319|398|237|746|250|226|458|201|217|172|454|432|161|427|415|709|445|464|179|164|150|174|160|210|204|226|183|194|212|423|193|192|168|182|437|188|194|145|424|201|179|170|181|425|177|140|626|400|113|114|124|302|101|305|326|308|333|55|51|50|43|47|
2017-07-11|6|1_CTs|CT12||296|49|290|28|18|17|12|10|14|9|4|5|12|5|2|10|5|8|5|9|8|13|17|34|286|32|43|42|64|98|141|178|210|227|269|306|335|547|251|259|494|192|175|176|191|206|188|217|706|460|213|187|419|160|158|159|179|449|192|159|663|208|189|449|465|210|235|233|514|529|542|540|523|224|448|749|274|266|233|518|466|232|453|161|374|608|116|90|70|84|72|77|68|62|48|59|
2017-07-11|6|1_CTs|CT15||25|31|32|18|11|19|11|10|7|9|7|5|9|9|7|8|21|6|7|21|25|24|265|41|44|43|54|315|75|92|135|170|443|235|232|487|203|425|400|190|394|355|148|367|123|335|352|112|108|354|602|597|373|118|110|360|634|119|109|131|400|180|418|119|112|141|141|134|148|160|164|156|136|147|877|206|254|258|215|224|190|97|80|86|72|275|52|292|55|67|48|38|286|42|44|48|
2017-07-11|6|1_CTs|CT16||307|28|34|23|20|20|8|11|3|6|7|9|5|6|7|5|9|10|9|9|13|10|19|26|29|28|51|71|81|108|160|443|187|468|257|267|245|489|222|216|458|202|201|198|429|714|156|440|204|421|699|451|176|179|175|157|456|191|172|184|198|187|453|177|433|174|179|192|162|455|182|427|173|682|218|210|192|432|179|149|151|165|390|408|125|108|346|332|72|65|77|67|54|64|44|59|
2017-07-11|6|1_CTs|CT17||14|13|5|6|2|4|2|3|7|4|4|0|2|1|0|1|0|1|2|0|0|2|1|0|1|1|4|5|2|8|15|29|288|38|59|86|67|52|57|40|46|47|42|44|53|293|62|42|46|304|44|306|44|41|52|24|50|48|40|56|67|41|52|319|319|52|73|305|88|74|66|72|91|78|345|68|76|76|52|314|52|51|40|32|59|232|39|28|27|25|35|25|23|17|20|17|
2017-07-11|6|1_CTs|CT19||501|31|28|22|19|19|9|7|14|10|9|4|5|1|6|6|4|2|5|4|265|4|10|7|8|8|15|12|27|27|57|94|108|135|155|433|166|144|411|121|129|140|113|119|135|118|151|142|125|156|885|401|141|104|109|102|131|136|138|118|385|122|133|150|143|133|135|163|194|432|448|426|212|462|462|433|418|172|420|158|166|412|112|94|102|332|91|78|324|69|330|65|59|63|38|44|
2017-07-11|6|1_CTs|CT20||19|19|20|11|8|10|5|5|8|6|1|5|2|3|3|10|4|4|7|10|6|11|4|16|21|13|25|25|48|47|49|68|91|133|226|275|130|358|296|131|119|370|10|329|124|106|112|108|103|33|74|351|93|89|96|592|617|364|96|106|321|16|94|102|116|102|82|96|79|89|38|124|101|131|361|20|116|115|375|95|110|92|10|76|40|40|52|73|21|42|57|277|25|38|40|26|
2017-07-11|6|1_CTs|CT21||63|87|73|59|46|26|25|17|18|12|13|11|13|21|21|14|24|31|28|39|47|60|43|60|284|74|91|130|163|187|499|321|297|546|417|632|279|300|259|235|487|221|223|208|231|197|205|194|195|467|648|188|205|182|205|406|213|224|206|241|251|227|225|435|431|215|209|197|230|216|187|414|193|237|896|445|236|259|238|180|224|172|128|160|112|112|104|340|109|104|98|84|352|92|67|76|
2017-07-11|6|1_CTs|CT23||313|309|40|47|27|26|30|19|19|16|14|20|20|24|9|11|8|16|13|88|197|23|32|46|51|39|66|85|114|144|254|263|308|315|298|490|224|524|255|226|230|686|251|454|220|199|245|225|455|241|214|432|412|199|187|191|482|225|216|248|517|262|240|252|236|273|483|288|771|277|250|747|286|302|764|554|296|328|296|491|288|248|210|191|144|341|124|117|392|107|106|90|86|102|101|81|
2017-07-11|6|1_CTs|CT24||78|304|49|44|44|16|28|23|17|237|11|23|10|11|15|19|11|14|14|15|23|14|223|32|32|39|71|86|119|133|190|217|213|267|300|330|335|589|297|286|257|490|229|262|257|246|254|271|447|421|483|468|227|233|200|233|235|229|243|259|226|236|234|463|267|263|276|286|528|549|315|581|363|586|594|355|545|325|534|501|283|506|264|193|166|157|127|126|125|120|110|126|304|102|104|83|
