2014-10-31|6|1_CTs|CT1||0|1|0|3|1|0|1|1|0|0|0|1|1|0|0|1|1|1|2|1|1|1|1|5|1|3|6|3|7|4|27|115|145|77|61|41|36|47|51|42|6|4|9|6|12|4|9|3|7|7|6|11|14|7|4|6|3|5|4|8|4|9|7|14|8|1|20|15|20|14|3|8|18|38|27|50|55|40|4|54|7|7|8|6|7|1|3|1|3|0|0|0|0|0|0|0|
2014-10-31|6|1_CTs|CT3||12|19|8|7|11|6|8|7|5|1|2|8|3|5|9|10|9|15|21|28|35|43|36|47|38|41|41|46|56|67|74|93|74|88|107|96|103|89|69|62|64|62|58|61|41|61|47|47|52|69|44|63|64|57|56|56|49|66|40|51|50|55|53|54|50|43|57|75|61|75|61|74|93|61|69|78|74|67|60|54|64|35|40|38|31|34|25|27|19|0|0|0|0|0|0|0|
2014-10-31|6|1_CTs|CT4||8|8|7|3|4|3|1|5|1|3|2|1|3|0|1|2|0|0|1|1|1|1|3|0|2|0|2|4|5|11|9|28|48|44|31|27|34|27|32|19|22|12|6|29|16|19|27|30|40|16|37|26|23|34|25|34|27|18|21|32|22|32|37|34|32|30|31|42|39|48|57|24|48|50|56|59|51|60|46|54|24|16|16|20|18|11|9|25|13|0|0|0|0|0|0|0|
2014-10-31|6|1_CTs|CT5||26|22|14|22|11|19|7|10|9|10|5|3|2|4|5|12|8|4|3|5|7|7|6|16|11|8|14|21|21|37|54|53|46|68|70|101|94|81|96|81|79|70|82|65|74|63|74|66|86|73|76|51|69|70|61|50|71|79|74|70|69|67|64|63|80|82|91|71|62|80|91|70|82|99|96|107|99|104|96|83|80|73|70|55|65|58|59|63|47|0|0|0|0|0|0|0|
2014-10-31|6|1_CTs|CT6||20|47|26|16|10|8|6|7|3|4|2|5|1|2|1|5|6|3|10|9|11|16|14|19|20|15|15|19|41|41|72|110|156|200|194|199|184|168|146|123|107|116|102|106|100|96|85|93|105|87|84|79|95|102|89|105|114|122|113|116|88|112|107|110|123|118|101|122|162|156|123|125|129|122|121|126|113|115|101|94|107|104|79|74|64|72|52|85|83|0|0|0|0|0|0|0|
2014-10-31|6|1_CTs|CT7||3|6|2|1|1|2|2|5|1|0|2|0|2|0|1|1|0|4|2|2|3|3|0|1|3|5|8|12|10|19|24|40|43|36|33|44|44|63|41|23|30|34|24|24|22|25|22|26|37|27|28|37|31|29|19|27|29|20|28|28|27|22|25|31|32|30|26|31|34|32|36|29|34|33|24|21|31|35|32|28|21|32|20|20|21|21|15|9|18|0|0|0|0|0|0|0|
2014-10-31|6|1_CTs|CT8||33|44|31|22|21|15|19|16|16|15|13|14|14|10|8|8|10|12|8|9|12|10|22|24|27|29|47|73|75|115|174|212|227|211|204|212|193|200|211|174|158|170|156|143|177|132|136|144|124|172|168|179|158|154|135|156|160|168|157|167|175|143|169|147|166|170|172|177|176|221|202|197|204|216|188|199|198|179|161|158|158|152|147|120|93|111|100|93|73|0|0|0|0|0|0|0|
2014-10-31|6|1_CTs|CT9||64|54|40|32|20|16|33|15|14|7|13|21|7|11|17|12|14|10|15|17|17|26|28|44|48|38|44|68|98|131|233|326|333|386|455|469|412|376|344|248|215|206|228|184|202|227|194|189|190|221|216|241|208|208|206|210|208|204|216|212|211|206|203|237|229|216|258|250|264|327|325|340|297|299|304|295|287|281|410|376|320|249|232|177|182|138|126|116|105|0|0|0|0|0|0|0|
2014-10-31|6|1_CTs|CT10||43|48|32|22|20|20|20|10|15|15|10|11|8|8|3|7|7|6|10|7|12|15|18|26|33|18|34|45|62|89|114|147|170|173|209|220|222|213|161|151|155|156|139|141|128|150|148|164|167|171|169|171|143|172|145|152|173|149|161|174|172|167|159|146|175|189|199|224|218|240|256|244|150|124|140|132|147|128|232|219|187|179|145|152|131|98|104|114|139|0|0|0|0|0|0|0|
2014-10-31|6|1_CTs|CT11||32|21|18|15|14|11|13|13|2|7|5|13|4|6|5|8|5|10|7|8|13|18|14|31|33|48|57|70|116|167|273|270|217|281|263|288|255|220|185|199|207|213|194|190|188|186|195|170|191|214|198|188|220|211|171|212|169|184|211|187|159|149|190|198|209|209|237|242|222|197|202|176|143|60|47|41|60|62|65|130|164|189|173|178|147|117|127|101|100|0|0|0|0|0|0|0|
2014-10-31|6|1_CTs|CT12||45|47|28|19|23|19|22|15|13|12|9|15|10|11|4|4|6|8|6|7|10|18|23|25|33|27|45|49|66|97|133|229|305|348|301|336|307|291|221|226|200|196|182|189|174|167|207|195|209|210|194|221|213|211|191|196|214|202|214|198|195|198|197|217|221|237|283|305|325|310|261|249|247|224|213|242|255|265|312|313|258|202|158|170|164|120|123|126|137|0|0|0|0|0|0|0|
2014-10-31|6|1_CTs|CT15||27|23|26|17|13|13|23|7|3|8|9|10|10|10|12|8|7|8|21|21|24|28|26|42|44|33|50|63|78|111|141|217|227|232|210|111|116|208|180|153|125|116|136|109|100|132|113|123|123|104|140|141|118|123|115|97|117|116|110|109|120|91|115|112|130|110|119|131|140|165|211|216|194|224|169|150|154|169|180|197|176|179|143|95|90|73|69|58|65|0|0|0|0|0|0|0|
2014-10-31|6|1_CTs|CT16||35|40|31|25|22|16|14|17|11|12|11|10|12|2|2|10|8|9|12|9|13|12|11|21|28|26|48|55|81|125|189|296|327|294|299|274|286|295|288|234|246|202|185|180|178|187|169|182|229|205|183|210|193|202|180|190|192|147|200|206|201|192|183|208|225|212|246|220|229|242|221|210|175|171|159|149|139|159|199|248|208|206|195|200|146|145|150|119|133|0|0|0|0|0|0|0|
2014-10-31|6|1_CTs|CT17||23|26|15|8|10|8|7|15|7|4|2|7|3|3|4|1|3|5|3|2|1|3|1|1|8|4|2|8|11|19|27|58|83|81|71|106|75|93|86|64|75|50|77|65|58|65|68|70|88|79|82|78|86|78|79|62|75|70|73|102|79|69|73|80|105|87|87|88|75|84|71|71|70|68|59|51|45|58|71|68|66|76|58|60|64|56|60|53|38|0|0|0|0|0|0|0|
2014-10-31|6|1_CTs|CT18||75|70|51|46|32|37|29|24|23|21|19|22|18|15|13|20|17|16|15|11|18|21|27|35|40|39|49|73|103|144|212|273|321|353|243|275|295|279|303|294|243|238|233|230|253|218|233|213|256|231|248|235|235|236|217|218|212|234|237|264|234|250|238|263|289|266|261|269|300|305|315|306|301|306|324|312|300|307|308|285|287|248|238|229|225|198|197|190|169|0|0|0|0|0|0|0|
2014-10-31|6|1_CTs|CT19||42|35|34|26|24|19|19|19|8|13|13|13|8|4|8|5|4|6|3|7|7|5|9|8|10|7|8|18|23|40|60|108|215|183|149|169|183|178|163|146|135|139|120|126|138|138|141|115|129|153|152|138|148|134|148|119|149|147|142|134|136|143|125|170|173|179|197|194|204|203|216|233|224|239|227|241|212|234|213|204|148|147|126|115|93|86|106|97|80|0|0|0|0|0|0|0|
2014-10-31|6|1_CTs|CT20||31|32|20|17|13|10|18|11|10|8|6|12|5|10|7|6|4|5|7|5|7|6|16|9|16|20|21|40|35|54|48|88|127|127|125|147|11|164|135|116|127|117|134|132|134|129|123|16|116|15|118|20|66|59|60|83|30|115|99|31|112|151|120|130|126|28|100|46|88|57|152|137|142|140|53|93|51|174|149|74|55|116|44|75|43|50|98|80|66|0|0|0|0|0|0|0|
2014-10-31|6|1_CTs|CT21||75|53|42|40|38|39|20|19|16|8|20|14|15|24|19|23|26|40|50|53|63|61|70|92|71|89|115|103|167|245|269|371|322|352|351|341|332|368|284|273|258|278|222|263|264|237|231|254|222|240|211|223|234|190|216|213|209|227|253|216|237|258|239|244|234|239|216|229|244|241|252|274|274|269|256|313|257|268|249|248|250|227|188|192|167|171|132|136|136|0|0|0|0|0|0|0|
2014-10-31|6|1_CTs|CT22||98|89|66|62|53|36|43|39|34|29|23|20|24|21|32|30|33|41|54|61|79|82|82|84|78|68|87|112|111|142|171|195|234|270|312|291|307|285|265|258|286|219|249|212|275|231|296|289|275|275|317|277|280|254|212|287|237|258|290|330|296|323|289|256|342|376|371|362|412|420|435|436|426|417|406|345|341|364|329|291|289|260|222|220|185|163|165|173|162|0|0|0|0|0|0|0|
2014-10-31|6|1_CTs|CT23||55|55|48|31|35|28|25|27|18|21|16|13|9|16|19|17|17|17|20|19|31|38|46|49|45|61|83|93|125|171|279|308|342|368|370|371|350|325|320|266|259|267|247|236|235|209|220|221|227|219|251|259|238|224|206|228|234|273|285|246|265|244|249|247|251|290|272|310|314|353|338|311|339|350|342|303|237|258|292|264|287|248|234|206|160|165|160|165|113|0|0|0|0|0|0|0|
2014-10-31|6|1_CTs|CT24||86|89|55|51|44|27|38|28|18|18|23|20|21|17|20|17|19|23|27|27|38|36|42|33|44|45|70|104|120|162|198|231|313|380|379|384|342|384|297|349|261|259|251|270|238|282|254|286|249|262|351|261|255|271|242|257|273|301|335|345|301|300|293|288|314|335|330|355|383|406|423|417|436|426|453|416|362|420|389|394|364|357|245|239|224|180|187|190|191|0|0|0|0|0|0|0|
