2013-01-25|6|1_CTs|CT1||0|1|0|1|0|1|0|0|1|0|0|0|0|1|2|0|0|2|1|3|1|1|3|5|2|12|6|5|5|9|7|29|61|46|22|13|15|16|7|5|9|8|14|26|8|3|6|6|0|4|4|3|13|6|4|3|4|7|5|5|6|5|6|6|3|8|4|1|8|5|8|1|0|4|3|3|7|1|2|1|1|2|2|3|4|2|3|1|0|2|0|18|11|3|1|4|
2013-01-25|6|1_CTs|CT3||15|8|9|6|3|2|3|1|1|2|3|2|0|1|2|6|3|2|9|11|15|9|30|31|30|36|29|30|40|44|49|67|84|114|106|97|106|81|67|68|50|56|44|34|44|45|49|36|44|47|48|48|48|41|37|55|58|53|51|55|46|55|41|48|45|57|65|50|52|48|63|55|61|87|77|83|55|49|66|44|40|36|35|30|27|25|24|15|20|25|12|13|31|13|16|7|
2013-01-25|6|1_CTs|CT4||9|6|5|4|5|4|7|4|2|0|1|0|1|2|1|4|0|3|1|3|5|3|0|2|3|2|3|4|8|9|14|21|70|59|15|11|30|26|28|31|26|16|21|16|17|29|26|26|24|34|24|37|43|14|22|6|6|28|25|32|37|39|24|33|24|34|35|26|39|43|36|27|30|34|50|43|38|40|29|35|30|37|34|36|24|24|16|21|13|8|12|7|12|8|10|6|
2013-01-25|6|1_CTs|CT5||24|17|17|12|14|11|14|10|3|9|2|2|12|4|3|5|4|2|4|7|7|8|5|11|11|7|11|17|23|19|40|52|63|59|64|88|112|73|66|83|74|69|70|44|50|48|37|57|58|63|68|42|42|68|66|54|77|68|71|67|61|60|71|66|79|74|67|63|48|63|79|72|62|82|74|64|85|56|69|63|62|56|51|62|40|26|31|38|35|35|28|37|28|30|30|29|
2013-01-25|6|1_CTs|CT6||35|25|15|16|13|9|9|7|8|4|2|1|6|5|5|3|5|4|7|5|9|5|11|18|15|20|17|23|35|36|58|87|138|168|186|203|160|153|121|126|103|86|90|109|100|97|91|110|98|83|104|92|96|91|120|117|119|119|119|113|140|118|97|106|118|123|124|115|131|159|149|128|128|146|123|125|135|103|107|105|115|111|72|75|67|69|72|60|51|51|62|56|51|39|42|31|
2013-01-25|6|1_CTs|CT7||7|3|3|1|2|1|3|1|1|0|0|0|0|2|0|1|0|2|0|0|1|1|1|6|7|1|2|7|3|8|18|29|46|36|46|47|32|42|28|43|26|22|23|13|15|23|22|20|17|25|21|27|20|30|22|19|21|20|33|28|17|27|20|23|28|34|41|28|29|27|42|33|19|27|32|27|22|32|16|17|18|29|15|22|10|20|8|6|8|7|10|10|5|10|7|6|
2013-01-25|6|1_CTs|CT8||45|42|32|23|23|19|13|15|17|7|8|13|17|12|15|6|10|5|7|4|9|16|18|25|24|36|46|57|81|99|123|176|207|199|193|181|166|175|190|172|149|167|149|141|133|128|146|140|142|130|148|152|144|139|137|142|159|166|150|160|162|164|161|136|160|155|160|163|183|177|172|187|176|199|180|195|188|167|155|146|153|155|140|125|123|107|93|87|79|71|83|63|58|72|66|66|
2013-01-25|6|1_CTs|CT9||48|50|37|27|20|22|16|20|9|14|11|13|13|12|12|7|8|2|11|3|13|18|23|27|30|40|40|72|71|114|156|260|288|330|366|368|391|358|288|256|228|176|191|191|193|162|191|195|195|215|200|205|202|188|206|219|206|233|227|235|218|214|227|203|244|207|224|234|250|276|257|325|344|364|342|356|338|272|227|187|190|166|159|128|142|126|120|92|102|70|83|66|69|82|52|66|
2013-01-25|6|1_CTs|CT10||37|26|26|26|18|10|19|11|5|13|7|7|5|6|13|7|6|2|5|8|12|12|12|18|22|43|37|39|58|63|95|126|164|194|187|214|226|198|206|193|157|161|151|160|160|132|171|165|140|165|165|188|161|180|162|148|139|172|167|160|151|162|161|167|162|177|208|204|240|223|222|233|235|242|240|238|211|205|180|179|156|159|138|136|120|104|74|78|64|61|67|53|48|52|44|60|
2013-01-25|6|1_CTs|CT11||35|26|22|24|11|16|15|8|6|5|10|5|8|8|10|4|5|6|6|5|13|13|20|29|27|52|66|66|79|135|209|293|347|307|318|305|342|311|291|259|237|190|224|174|188|158|191|180|180|194|198|200|221|198|179|192|213|193|207|219|223|196|172|200|202|234|231|224|199|193|222|210|215|216|177|164|182|177|164|143|162|159|132|140|115|107|79|77|73|51|78|41|55|45|54|38|
2013-01-25|6|1_CTs|CT12||46|41|29|25|16|15|16|13|11|11|12|4|3|8|7|8|4|7|12|5|9|14|14|29|20|35|44|57|56|70|115|151|238|309|286|271|292|279|264|244|194|169|168|171|177|156|180|180|171|182|188|202|215|230|190|176|183|193|203|195|214|203|182|206|220|230|263|253|306|290|265|313|279|315|304|316|262|245|204|192|192|193|136|153|136|118|81|95|77|71|81|77|63|55|63|51|
2013-01-25|6|1_CTs|CT13||33|20|28|18|19|10|11|12|5|7|4|7|4|9|6|5|2|2|8|3|8|13|14|29|28|29|31|52|55|65|113|168|212|251|253|282|290|219|203|186|155|129|152|147|129|137|147|160|152|158|146|166|165|160|170|148|168|172|168|186|169|167|169|151|163|180|182|185|211|224|221|253|284|323|314|308|307|208|163|132|121|134|119|110|96|85|84|70|75|57|64|45|50|51|36|54|
2013-01-25|6|1_CTs|CT14||28|32|25|12|11|14|7|5|5|6|9|4|4|7|7|5|3|6|4|2|4|10|13|20|18|23|31|31|28|32|59|63|65|113|115|124|108|107|103|124|90|91|83|93|82|106|96|97|92|117|99|109|109|119|107|105|101|110|108|124|121|119|123|110|121|130|162|135|157|164|168|190|160|163|185|178|184|146|138|119|98|121|58|89|82|75|78|63|48|56|52|47|45|32|43|49|
2013-01-25|6|1_CTs|CT15||8|20|7|13|9|4|6|8|4|3|6|3|3|1|4|1|2|1|4|3|6|9|12|19|23|16|21|35|34|49|90|147|187|203|200|186|174|158|142|121|89|72|100|73|87|74|75|79|80|81|68|91|88|87|77|73|68|96|87|79|78|78|75|65|71|91|90|82|103|103|103|121|167|183|197|164|162|107|75|60|54|79|47|59|47|39|35|29|25|24|22|15|18|26|15|17|
2013-01-25|6|1_CTs|CT16||38|32|33|32|21|10|21|9|4|7|5|6|7|8|11|7|8|3|7|9|10|10|12|25|26|45|44|41|55|81|123|224|301|279|260|276|254|278|270|242|202|195|192|193|159|160|198|168|163|171|168|197|201|209|172|181|171|198|197|182|183|202|182|180|196|205|226|225|201|212|232|229|202|218|222|202|173|198|157|175|153|170|151|147|141|130|78|87|61|78|78|66|65|55|54|54|
2013-01-25|6|1_CTs|CT17||38|26|9|5|4|12|8|7|5|4|4|3|1|4|1|1|3|2|8|4|1|1|5|8|3|3|10|12|14|19|26|44|66|97|73|75|83|97|64|88|72|62|49|65|70|72|69|89|74|81|83|67|66|85|62|72|83|92|89|79|94|93|74|81|101|89|79|91|92|117|84|120|118|100|75|117|92|97|102|80|86|68|78|54|55|55|54|44|28|37|44|41|24|31|26|28|
2013-01-25|6|1_CTs|CT18||61|48|51|41|36|27|33|20|13|23|11|11|18|9|20|16|14|7|10|16|12|20|22|34|34|30|66|55|77|98|167|234|310|335|316|344|267|335|312|296|276|252|260|250|213|210|181|263|230|217|232|231|234|244|242|210|244|276|262|251|259|259|248|234|231|259|264|271|293|307|320|305|284|276|286|304|262|237|264|245|235|211|190|186|184|154|151|141|118|122|120|124|96|101|96|92|
2013-01-25|6|1_CTs|CT19||49|42|32|28|15|18|20|19|12|10|15|11|11|10|10|7|10|4|10|8|3|6|7|7|8|12|17|17|24|31|48|91|158|185|155|181|191|163|153|162|131|149|125|136|124|149|148|136|150|146|156|138|174|159|125|154|156|152|153|148|152|154|140|150|183|185|149|188|193|215|198|239|253|250|237|212|182|196|186|140|159|144|114|104|100|87|99|83|61|68|58|76|69|56|45|56|
2013-01-25|6|1_CTs|CT20||27|25|14|18|13|11|12|8|6|7|4|4|1|0|3|5|2|4|4|6|4|3|10|20|18|22|26|30|36|38|53|91|126|143|150|154|163|121|130|135|110|115|91|127|111|136|110|126|116|114|130|125|139|145|89|31|121|143|77|37|27|113|105|146|134|132|125|152|146|150|129|144|120|137|113|79|137|112|109|113|84|83|75|36|30|43|80|58|52|44|51|51|44|35|35|38|
2013-01-25|6|1_CTs|CT21||75|51|44|30|23|19|12|18|9|13|5|10|11|5|7|13|10|9|17|20|22|26|47|45|52|64|71|89|111|181|243|304|384|340|386|359|363|325|302|296|261|215|223|210|231|257|251|201|196|219|230|227|205|214|209|207|235|211|258|237|265|272|245|244|237|206|260|240|265|235|246|264|279|303|300|318|278|225|230|191|200|201|159|158|132|114|125|108|107|111|110|88|109|122|81|101|
2013-01-25|6|1_CTs|CT22||102|86|62|61|37|44|42|20|32|27|27|24|15|18|23|16|15|14|17|26|24|43|59|66|68|64|69|71|82|99|143|174|185|222|236|272|280|257|243|257|252|213|220|228|195|241|272|245|255|268|320|248|242|258|250|230|242|247|274|286|295|284|294|308|327|311|336|346|346|411|370|364|366|392|353|398|332|359|356|312|286|255|229|201|171|185|168|164|155|126|141|109|127|114|100|119|
2013-01-25|6|1_CTs|CT23||63|51|63|39|43|29|20|20|22|20|12|21|16|15|18|11|12|8|10|17|9|20|31|45|51|47|62|90|96|140|215|277|337|351|335|354|340|298|305|296|247|253|245|219|204|203|215|226|210|214|243|243|221|237|252|216|258|275|248|264|261|248|267|260|238|283|311|311|320|326|312|302|334|345|323|351|318|304|279|267|248|252|227|202|158|166|138|128|135|121|128|102|85|108|103|79|
2013-01-25|6|1_CTs|CT24||90|82|65|52|45|29|29|26|27|19|13|14|20|21|13|12|12|9|12|25|19|21|32|36|46|58|44|71|89|108|184|200|230|300|305|361|333|345|288|327|267|257|263|233|275|238|271|251|241|242|277|290|263|245|229|235|258|295|285|246|285|300|287|279|293|334|324|359|365|384|419|398|423|408|449|423|376|411|368|301|336|298|217|217|203|171|170|146|128|122|130|116|109|115|98|100|
