2011-04-23|2|1_CTs|ct1||57|59|43|37|42|26|13|22|20|25|8|23|6|13|13|8|5|12|11|9|9|13|22|15|16|21|27|28|27|22|32|39|52|39|51|69|72|72|75|101|107|110|101|124|124|117|141|137|130|135|128|127|118|106|94|85|74|98|104|93|110|107|138|126|132|129|120|130|143|126|136|115|99|110|109|110|106|116|89|97|105|115|83|114|94|87|80|77|71|84|60|87|88|110|128|91|
2011-04-23|2|1_CTs|ct2||22|18|17|10|17|15|9|8|8|9|7|5|13|4|3|6|10|8|7|8|8|13|11|14|11|16|13|14|8|13|14|15|17|16|26|16|27|23|38|35|46|38|38|59|54|51|56|38|46|40|49|39|37|41|47|35|27|36|40|38|33|30|41|37|32|37|39|44|44|30|42|41|30|32|33|47|32|30|35|41|40|54|54|57|39|36|44|31|29|31|26|24|32|28|34|27|
2011-04-23|2|1_CTs|ct3||133|111|95|81|91|67|57|80|49|52|36|53|45|26|42|29|37|40|34|31|28|42|39|38|36|53|57|52|44|47|50|63|80|62|80|104|103|118|144|145|164|163|150|197|205|192|198|200|210|179|213|191|181|190|152|163|112|138|162|153|178|179|201|211|173|216|199|199|222|214|204|197|167|185|196|176|172|162|171|164|193|171|172|158|167|141|149|127|135|129|127|147|165|186|198|172|
2011-04-23|2|1_CTs|ct4||76|49|59|47|48|51|39|36|29|38|21|18|28|29|21|34|18|25|18|21|24|25|31|34|26|29|26|26|26|36|25|41|31|41|51|58|58|57|76|70|91|78|102|90|99|111|93|129|104|133|115|124|145|125|104|95|100|91|98|97|108|82|107|116|126|107|153|109|116|96|132|111|117|99|142|111|124|123|107|113|98|87|81|101|84|89|78|55|65|81|63|74|78|79|87|72|
2011-04-23|2|1_CTs|ct5||128|90|88|83|82|73|55|71|42|49|32|33|42|56|41|38|34|40|27|25|28|38|30|37|17|41|36|37|32|44|32|60|43|47|61|68|89|101|119|156|128|140|160|155|167|181|172|174|166|196|176|207|226|204|167|145|163|135|139|155|148|151|204|203|181|182|200|205|193|196|230|218|216|180|216|191|231|205|176|158|176|183|127|154|139|127|122|86|101|101|130|137|133|149|118|140|
2011-04-23|2|1_CTs|ct6||91|80|78|66|67|48|47|55|32|40|40|32|31|32|32|32|27|21|25|20|28|23|17|31|23|25|29|27|24|27|14|34|34|38|49|53|39|54|51|55|55|59|66|85|88|68|95|119|116|124|93|106|137|104|91|90|92|92|106|80|90|90|97|106|108|112|129|118|98|121|127|144|131|125|124|118|134|139|135|137|119|119|89|93|74|81|92|62|98|81|83|91|95|83|77|89|
2011-04-23|2|1_CTs|ct17||75|73|56|54|59|38|30|42|27|26|20|25|19|19|27|10|14|16|10|12|15|16|18|12|16|24|32|26|24|25|36|37|46|42|38|78|54|91|90|96|111|108|109|110|137|120|114|122|121|116|131|132|123|122|128|93|90|91|89|112|117|117|121|127|129|130|144|129|129|137|141|120|123|129|121|107|115|120|133|107|113|108|122|117|107|82|81|90|80|94|81|86|86|114|114|107|
2011-04-23|2|1_CTs|CT19||50|39|31|32|42|29|25|30|24|23|20|16|15|17|17|16|15|5|9|9|8|9|9|9|10|15|19|21|17|17|27|24|33|22|32|40|48|65|63|68|80|72|79|75|80|85|98|101|96|87|87|81|102|90|92|71|67|64|64|69|75|85|96|90|85|113|97|97|111|107|114|91|111|105|91|92|83|104|88|95|82|78|81|102|76|59|55|53|58|59|55|58|65|77|76|82|
2011-04-23|2|1_CTs|CT20||41|60|36|54|40|43|49|48|40|49|39|26|37|28|30|28|21|21|14|13|8|14|20|11|13|15|21|11|18|19|16|16|18|20|30|29|21|42|30|51|45|45|52|60|49|66|66|61|62|82|60|76|71|64|62|45|65|68|55|66|65|75|61|69|61|64|85|76|74|66|71|75|70|68|76|62|80|67|66|64|67|76|69|56|71|43|58|56|54|38|51|49|51|57|58|62|
2011-04-23|2|1_CTs|CT21||24|31|25|25|20|29|24|27|24|19|15|13|18|10|9|14|9|6|8|8|2|7|9|4|5|11|7|6|9|9|6|8|12|10|15|17|12|21|17|35|40|31|35|34|46|55|45|58|44|60|48|58|46|41|41|32|52|40|39|40|38|50|51|47|45|37|75|60|45|57|60|64|42|56|54|43|45|43|36|56|57|50|54|44|55|31|38|41|33|27|24|37|31|31|39|39|
