2017-02-20|2|1_CTs|ct1||53|32|20|29|258|19|11|13|8|7|8|8|10|11|7|14|10|11|10|12|11|22|30|39|53|52|64|73|101|120|379|137|157|180|393|168|190|179|180|189|159|197|209|202|201|198|179|191|429|176|176|176|453|147|419|179|170|201|206|194|694|444|207|200|172|156|155|183|406|415|140|128|152|170|652|140|421|162|147|166|381|128|140|113|88|530|136|69|72|76|316|63|73|67|55|37|
2017-02-20|2|1_CTs|ct2||24|17|255|8|8|11|9|11|8|4|3|5|5|3|2|5|4|4|6|9|4|11|15|15|29|25|27|29|25|37|281|47|56|58|291|72|79|88|90|76|81|108|104|113|104|98|85|92|65|77|70|85|339|79|337|356|85|84|97|92|86|87|357|104|80|839|73|71|81|333|69|63|79|341|83|72|336|75|94|86|64|66|66|50|43|43|50|41|35|47|33|43|44|28|33|535|
2017-02-20|2|1_CTs|ct3||28|30|16|22|11|20|7|267|6|10|7|7|9|5|6|11|7|5|5|5|3|19|19|23|27|27|40|303|57|82|331|75|95|125|90|110|108|116|106|110|113|359|118|128|148|133|128|401|120|111|382|112|119|93|616|123|124|126|134|376|133|366|131|136|114|353|114|116|352|605|350|99|89|113|98|104|113|109|101|373|334|84|332|74|64|53|66|41|40|52|42|42|51|38|43|284|
2017-02-20|2|1_CTs|ct4||19|9|16|5|11|6|12|10|2|1|8|7|4|5|6|7|6|3|3|3|4|3|14|8|7|9|17|285|27|288|33|42|39|63|65|78|73|86|87|63|44|286|61|317|72|313|71|65|65|63|319|76|60|59|59|304|60|70|318|77|72|310|83|88|59|67|324|55|41|56|65|55|62|68|49|69|302|67|53|48|55|42|305|27|33|25|31|272|26|24|33|36|32|27|20|283|
2017-02-20|2|1_CTs|ct5||64|43|34|34|29|20|33|32|14|12|16|17|18|11|21|16|15|246|9|14|17|16|289|284|29|27|36|47|57|70|101|143|145|167|419|460|453|220|164|446|171|159|179|405|190|189|466|210|453|174|167|447|152|178|172|409|178|188|453|205|178|213|732|238|231|375|168|172|460|182|423|155|167|170|148|417|167|185|161|382|156|136|118|106|367|93|97|95|103|108|348|347|347|78|86|80|
2017-02-20|2|1_CTs|ct6||65|37|34|31|35|23|29|25|15|15|15|268|17|18|18|7|15|7|11|269|12|14|25|22|29|32|23|48|44|59|77|333|92|105|117|381|382|134|119|130|108|115|126|147|140|152|148|660|664|159|399|387|135|405|384|377|163|148|151|173|153|399|687|168|211|609|151|138|152|422|166|124|409|139|153|139|140|153|125|382|109|393|358|348|336|80|97|99|74|93|85|84|335|332|65|317|
2017-02-20|2|1_CTs|ct17||63|55|31|300|32|279|28|285|21|12|20|11|17|14|267|23|12|14|12|10|6|28|38|50|37|44|53|68|87|103|128|393|142|196|158|183|445|480|454|445|201|194|469|232|244|259|445|484|184|180|462|206|198|449|580|866|206|476|478|224|226|227|482|275|234|646|226|210|497|219|200|208|476|230|197|204|707|189|182|232|176|704|160|903|123|342|112|97|104|112|87|350|107|331|91|62|
2017-02-20|2|1_CTs|CT19||27|21|10|269|9|14|9|5|267|5|12|4|5|3|3|7|8|4|5|11|6|4|12|14|267|19|22|31|41|560|57|322|85|104|85|334|367|97|89|624|110|98|374|362|643|382|105|123|128|95|353|346|342|342|97|116|104|363|117|369|222|525|374|116|375|616|1124|116|876|886|353|110|372|155|118|386|132|364|117|601|83|353|58|303|64|42|47|42|38|298|41|47|48|32|29|27|
2017-02-20|2|1_CTs|CT20||37|287|32|28|23|16|17|21|17|11|12|9|3|13|3|4|8|8|8|13|11|9|7|270|12|12|13|20|17|33|47|576|65|83|85|95|87|93|77|289|84|316|72|321|570|83|79|331|79|78|71|320|70|315|176|684|55|71|327|77|72|68|75|85|84|66|329|76|592|82|79|74|83|339|313|74|71|78|83|67|76|65|57|63|46|37|41|306|52|32|49|46|305|36|51|35|
2017-02-20|2|1_CTs|CT21||23|13|21|11|10|9|7|12|8|6|7|6|1|5|1|1|3|2|3|4|2|1|6|6|5|9|5|9|15|21|23|282|40|53|51|294|319|59|54|53|52|509|296|54|304|289|56|308|52|303|48|277|534|46|48|35|35|43|46|46|306|298|45|43|305|39|48|294|53|299|53|33|48|297|42|35|281|45|56|276|38|38|36|34|24|23|27|25|32|19|37|28|279|24|21|19|
