2012-03-21|6|1_CTs|CT1||0|1|0|0|0|0|0|2|0|0|0|2|0|1|1|1|1|0|0|2|2|2|2|3|2|8|14|3|1|7|5|6|45|25|14|10|8|9|5|8|5|1|2|8|4|10|5|4|8|4|4|5|8|8|5|2|5|5|8|1|3|9|4|5|5|12|10|7|3|3|12|5|3|1|4|8|4|5|3|3|0|2|2|2|4|2|1|1|0|2|6|7|8|1|1|1|
2012-03-21|6|1_CTs|CT3||11|22|7|5|4|7|4|3|1|0|2|1|2|4|2|3|2|3|13|14|11|18|18|26|35|40|38|48|49|45|62|63|75|95|106|106|70|77|79|60|37|55|45|53|43|45|38|57|49|59|47|60|53|55|56|40|35|53|52|70|45|59|46|68|62|62|55|75|65|63|61|65|81|49|78|82|56|43|39|35|33|28|24|25|39|26|30|20|18|17|28|24|20|14|14|9|
2012-03-21|6|1_CTs|CT4||13|7|6|18|12|16|1|3|1|0|1|5|0|3|2|0|0|0|0|4|0|0|3|0|2|4|2|3|5|12|15|29|60|54|18|22|37|26|33|25|23|23|19|29|34|31|30|30|35|35|41|34|46|36|37|36|30|31|32|26|31|29|24|36|33|44|29|31|51|39|44|47|48|41|50|52|60|45|55|51|44|32|25|32|22|35|20|20|19|30|9|17|19|14|10|10|
2012-03-21|6|1_CTs|CT5||30|17|16|10|10|9|8|8|4|3|8|3|6|7|5|2|6|5|3|11|7|8|4|14|17|12|22|13|24|31|22|33|58|52|52|57|79|87|87|89|78|68|64|75|60|61|59|66|74|63|60|65|82|45|65|54|60|74|77|76|82|75|86|82|79|72|95|87|63|97|67|85|72|81|62|62|61|69|68|64|69|58|65|57|45|55|34|31|45|37|25|41|24|28|23|22|
2012-03-21|6|1_CTs|CT6||31|16|9|12|15|8|2|8|9|2|2|3|4|4|4|1|0|5|6|4|8|9|11|7|11|19|18|25|33|46|77|94|149|184|193|183|187|145|142|129|102|102|104|94|110|91|112|102|109|101|87|96|105|106|97|97|127|96|114|129|112|128|102|110|114|109|108|125|132|141|158|109|139|116|144|134|127|118|116|113|122|103|95|79|82|68|71|57|55|65|62|48|43|51|38|39|
2012-03-21|6|1_CTs|CT7||4|10|7|4|2|3|2|3|2|2|1|0|0|1|0|2|0|2|0|1|1|4|1|5|1|5|3|6|8|11|10|20|29|36|40|50|44|52|32|26|27|31|17|22|23|35|22|12|31|20|25|22|30|23|20|18|24|22|27|38|20|33|16|20|28|34|17|23|27|33|37|36|28|28|42|26|40|24|18|17|15|21|16|16|10|9|7|6|10|10|11|8|10|6|6|5|
2012-03-21|6|1_CTs|CT8||32|40|26|25|24|19|7|7|13|18|8|10|15|8|4|3|11|4|8|10|6|11|21|19|24|31|48|51|82|122|162|197|222|247|256|173|212|230|216|175|148|164|131|164|134|132|133|122|155|127|151|150|145|138|136|157|151|188|169|139|141|146|139|142|140|154|166|158|173|192|172|178|203|174|195|192|169|159|177|170|140|131|132|102|102|85|92|114|88|94|74|91|91|51|77|52|
2012-03-21|6|1_CTs|CT9||52|48|37|21|19|17|17|6|13|7|10|8|8|15|8|4|9|6|5|9|13|16|13|34|37|45|54|71|102|132|216|296|292|355|362|340|306|356|296|253|220|197|193|187|192|197|199|183|210|203|200|212|210|203|202|215|205|234|223|226|211|248|226|206|237|246|249|278|272|316|300|295|291|328|298|328|268|227|225|233|192|191|142|149|131|109|115|94|107|97|116|92|98|86|78|61|
2012-03-21|6|1_CTs|CT10||26|43|23|16|21|12|10|10|9|8|5|7|8|6|9|2|3|6|3|1|9|10|9|18|32|38|42|47|54|84|122|152|177|170|167|230|209|202|222|192|153|175|128|136|135|151|120|135|139|162|137|169|159|130|121|149|153|155|174|175|152|197|165|168|167|177|170|211|198|206|209|205|196|219|244|245|210|224|168|155|175|154|149|131|115|100|82|71|67|83|82|56|50|41|42|42|
2012-03-21|6|1_CTs|CT11||17|24|13|17|16|4|8|8|9|5|9|6|7|8|4|4|7|10|2|14|12|15|17|31|33|33|77|85|118|152|258|318|370|365|353|326|339|346|296|276|215|190|214|161|192|194|188|158|168|183|204|218|231|165|204|225|195|232|236|204|194|223|215|181|180|194|240|200|240|232|235|229|220|227|203|236|187|168|153|157|153|132|118|121|84|94|89|74|81|68|82|63|53|48|45|34|
2012-03-21|6|1_CTs|CT12||27|29|22|16|10|12|14|10|11|15|3|5|8|5|7|4|4|8|1|7|8|17|16|21|24|34|49|49|69|83|160|162|251|287|236|286|314|292|227|197|179|173|170|121|160|158|146|162|162|160|166|184|195|168|141|181|178|162|218|194|167|223|210|178|191|216|198|259|261|238|266|279|274|289|294|294|319|246|214|198|185|188|164|142|116|112|89|74|79|72|72|59|50|45|42|48|
2012-03-21|6|1_CTs|CT13||31|40|20|20|10|12|7|7|7|12|8|5|4|9|5|8|1|4|3|8|14|15|13|28|35|37|39|57|69|103|138|178|217|261|252|279|253|243|213|179|170|161|154|146|148|159|153|121|154|140|150|156|165|153|145|175|175|150|161|183|141|174|140|152|173|198|175|203|210|209|231|251|215|256|269|277|230|195|160|163|154|126|124|117|102|74|69|73|66|71|76|54|49|58|49|34|
2012-03-21|6|1_CTs|CT14||25|22|21|13|10|8|7|4|8|7|7|2|8|3|8|8|3|6|2|1|9|12|12|11|17|23|19|22|30|40|54|70|95|99|90|120|108|122|96|103|84|101|90|96|98|122|80|104|99|104|94|94|110|86|91|119|97|100|131|110|105|133|110|127|123|120|130|141|139|145|164|159|167|151|147|158|163|161|136|138|105|111|100|93|79|74|62|49|42|48|61|44|41|32|22|33|
2012-03-21|6|1_CTs|CT15||19|12|9|5|5|5|4|2|3|4|2|2|2|3|2|2|2|3|3|8|8|6|16|16|19|29|22|31|41|54|88|123|168|180|178|173|151|160|117|106|95|79|75|69|69|83|78|71|83|68|76|79|81|87|62|80|87|81|63|92|77|75|64|66|87|95|84|113|80|119|88|112|93|130|133|125|88|72|65|51|73|58|51|39|33|41|37|20|26|23|25|14|13|16|20|15|
2012-03-21|6|1_CTs|CT16||31|45|22|23|29|9|6|18|12|8|7|10|3|5|4|2|5|8|5|6|9|9|6|23|31|32|46|73|75|109|161|221|289|276|259|267|281|276|256|243|231|201|179|171|192|194|170|150|172|181|176|205|201|166|181|192|189|201|219|206|193|205|190|178|176|199|192|229|217|218|235|248|198|217|238|244|205|213|156|138|151|133|127|136|108|113|88|80|95|84|94|60|77|52|52|38|
2012-03-21|6|1_CTs|CT17||11|2|9|3|2|2|3|2|2|3|1|1|0|2|0|1|0|2|1|1|1|0|0|1|7|0|6|4|9|5|10|30|31|48|46|42|43|42|39|37|34|25|36|35|27|31|51|48|42|36|29|34|31|35|31|39|31|60|39|39|33|36|42|25|45|37|46|58|43|60|53|61|49|49|45|42|59|45|50|42|34|54|35|18|18|22|19|17|13|10|15|12|11|14|10|8|
2012-03-21|6|1_CTs|CT18||56|54|55|38|31|22|22|22|20|7|11|9|11|14|10|8|14|10|12|18|13|15|13|32|30|44|64|66|85|133|172|212|318|355|302|331|357|336|304|273|271|260|237|233|237|219|251|218|258|230|225|221|243|224|237|205|228|258|254|267|252|251|252|241|233|255|263|291|264|343|287|301|276|283|276|293|295|285|260|215|211|195|184|190|146|158|130|126|132|116|99|107|97|105|77|73|
2012-03-21|6|1_CTs|CT19||32|28|23|14|11|4|17|9|11|10|5|6|5|3|4|7|6|4|1|5|5|2|6|3|5|8|20|25|21|52|46|100|173|187|153|175|165|160|139|139|144|137|132|127|129|151|134|143|127|137|139|115|127|118|138|135|109|153|145|129|150|135|145|138|134|165|185|205|179|202|189|213|198|227|213|197|216|213|171|152|142|149|102|96|90|79|81|60|70|60|68|72|50|57|54|38|
2012-03-21|6|1_CTs|CT20||13|23|18|13|8|6|6|3|4|5|1|3|3|3|3|1|4|4|5|4|7|6|15|13|20|16|28|34|47|48|63|89|126|156|159|34|134|130|126|118|106|92|22|76|112|108|63|26|120|67|47|77|97|93|100|18|12|108|121|129|98|138|106|132|132|116|57|81|131|98|139|81|83|12|123|155|141|105|113|37|67|18|7|66|11|59|56|56|55|47|33|46|33|30|42|32|
2012-03-21|6|1_CTs|CT21||62|50|28|26|22|18|12|11|14|8|9|11|5|7|7|14|9|13|19|18|18|29|37|42|42|69|74|106|130|204|284|318|342|359|385|387|373|318|304|295|251|256|220|219|213|207|209|219|207|204|224|218|213|203|210|212|205|252|268|258|250|218|268|214|218|244|231|250|253|270|255|243|284|251|253|270|244|218|201|188|188|176|158|148|144|120|122|110|97|109|95|92|80|78|72|66|
2012-03-21|6|1_CTs|CT22||78|62|66|45|51|32|29|23|20|19|20|24|13|16|16|18|13|24|22|36|26|35|42|55|70|72|85|108|91|132|154|184|216|268|276|281|278|272|252|236|239|221|223|209|222|221|218|244|290|234|253|237|257|248|230|255|259|285|275|297|293|289|296|288|318|329|318|349|349|380|351|367|368|367|393|360|354|366|285|297|254|272|201|207|206|150|150|150|165|126|121|132|139|110|97|115|
2012-03-21|6|1_CTs|CT23||38|42|26|28|22|19|13|10|13|8|14|9|11|8|7|1|5|4|11|13|7|11|20|20|21|32|38|49|68|93|158|193|205|273|265|246|244|223|204|178|125|128|136|135|118|129|114|137|149|125|134|147|132|132|131|141|137|150|181|155|147|140|153|153|156|161|175|194|189|231|180|189|256|217|195|198|183|182|175|150|157|153|119|99|94|88|85|80|83|79|74|73|78|52|69|47|
2012-03-21|6|1_CTs|CT24||84|61|42|34|24|21|22|25|14|7|20|16|22|14|14|12|14|18|8|27|18|14|21|38|41|48|78|87|85|126|186|226|266|325|295|325|351|320|285|282|260|240|251|263|253|259|292|262|240|278|251|277|275|252|189|238|261|270|245|263|265|275|285|297|300|318|317|298|333|316|338|393|353|413|412|369|412|354|343|316|286|266|225|213|175|169|159|136|135|117|129|138|115|111|81|95|
