2012-07-04|7|1_CTs|CT1||27|24|20|23|15|15|7|12|8|8|1|5|4|6|7|2|1|2|5|4|4|5|7|6|7|15|17|21|27|45|83|112|131|156|172|183|192|202|199|188|168|165|140|154|166|117|153|99|132|111|123|144|120|129|107|110|120|111|151|125|149|132|152|116|103|145|162|122|150|167|142|149|149|186|164|157|160|152|114|122|110|107|79|72|71|75|61|55|48|52|50|47|45|32|45|33|
2012-07-04|7|1_CTs|CT2||73|67|61|43|38|43|28|17|20|15|20|11|16|14|6|12|6|7|15|16|17|16|17|23|26|32|58|56|57|91|128|162|83|268|185|232|311|198|271|66|206|186|156|180|146|214|183|196|194|215|196|201|125|168|141|135|159|191|196|147|233|140|217|265|286|275|182|181|185|237|161|255|108|222|210|282|236|224|226|187|166|157|160|149|148|125|176|121|129|102|118|122|100|69|87|83|
2012-07-04|7|1_CTs|CT4||33|38|19|29|34|25|22|19|27|20|19|15|5|16|16|8|6|11|8|3|3|1|3|2|7|3|0|2|6|5|1|5|6|3|12|10|10|16|6|12|8|9|8|17|18|17|21|26|21|27|34|42|22|19|18|11|27|24|23|21|22|24|39|38|39|48|38|65|74|75|69|69|68|51|61|55|54|56|70|46|52|29|23|16|21|22|15|19|33|30|35|53|56|59|54|46|
2012-07-04|7|1_CTs|CT6||51|34|17|24|28|15|21|12|19|16|17|21|11|11|8|10|9|3|6|12|10|9|7|6|12|7|16|23|36|26|52|64|89|116|145|118|125|153|129|146|138|128|122|128|159|143|149|128|149|143|110|119|135|135|106|108|133|122|126|142|175|161|147|154|188|142|186|185|166|187|189|218|210|207|197|215|173|157|180|162|163|123|96|112|89|73|101|76|81|77|59|73|61|62|55|66|
2012-07-04|7|1_CTs|CT7||50|35|27|26|21|17|14|12|17|5|5|6|16|8|7|7|5|4|6|11|14|10|9|16|13|16|22|24|40|43|67|89|82|104|93|115|115|122|127|110|112|125|112|110|131|102|122|117|127|100|98|126|116|96|104|112|120|105|124|109|108|116|118|124|116|112|109|124|137|140|143|139|135|157|149|129|90|95|105|117|117|97|94|53|56|69|50|62|59|34|47|56|60|57|49|40|
2012-07-04|7|1_CTs|CT8||84|115|85|94|49|50|44|39|33|33|28|22|31|21|20|24|19|35|47|51|63|70|94|90|85|103|145|181|180|256|302|361|354|387|437|442|423|397|409|360|390|359|383|395|339|297|328|342|306|347|325|324|322|275|293|293|322|355|364|352|355|348|337|324|326|383|337|348|370|399|351|362|344|339|360|384|318|323|281|313|279|270|243|186|201|190|173|193|165|176|196|166|147|126|140|104|
2012-07-04|7|1_CTs|CT9||63|85|54|55|50|31|27|26|32|29|13|19|24|11|14|9|12|17|23|21|39|34|42|55|54|57|82|94|115|142|180|219|220|246|288|282|261|274|250|266|243|239|244|238|223|234|209|209|183|233|190|189|226|162|170|196|227|223|208|238|222|254|224|196|228|239|219|216|248|248|231|245|216|222|236|230|99|134|210|208|175|170|159|135|109|119|97|131|108|129|107|99|79|97|87|64|
2012-07-04|7|1_CTs|CT10||100|101|124|71|84|69|60|44|72|38|38|30|32|27|37|22|26|23|25|34|46|32|45|42|30|46|41|57|83|96|128|135|190|204|230|245|245|244|234|257|218|244|240|271|258|272|282|245|288|251|264|262|253|225|215|214|239|280|231|253|277|252|325|302|311|313|292|291|309|354|320|312|310|313|332|303|271|291|315|283|286|239|203|206|192|198|159|156|162|172|142|131|147|118|140|114|
2012-07-04|7|1_CTs|CT11||109|100|113|83|66|74|52|36|53|40|28|41|35|21|26|32|23|17|41|34|38|48|37|49|47|51|56|70|78|116|139|163|169|192|221|283|244|242|235|259|251|247|231|261|221|265|296|252|315|349|299|391|261|273|217|239|252|256|258|261|280|290|311|270|310|290|297|263|316|329|313|289|320|297|301|321|276|284|279|281|267|253|172|209|179|153|154|145|162|150|162|103|116|132|106|105|
2012-07-04|7|1_CTs|CT12||66|50|46|30|37|28|26|18|24|16|19|17|18|12|11|10|7|8|10|16|14|12|11|14|17|22|24|27|34|35|67|89|125|161|186|175|200|199|195|200|182|177|171|172|204|186|196|189|219|232|167|198|183|168|159|164|211|183|174|185|197|211|186|225|219|232|248|255|243|255|243|301|268|313|268|282|254|271|230|252|231|182|158|143|142|124|134|110|115|100|97|98|96|69|100|80|
2012-07-04|7|1_CTs|CT13||29|25|18|18|8|5|5|6|4|3|5|2|4|4|0|0|0|0|0|5|3|4|3|2|3|5|9|6|11|20|26|46|38|39|42|33|46|57|53|53|52|57|52|43|52|43|51|43|92|41|33|65|55|35|31|62|48|52|55|71|51|48|55|52|42|49|52|59|63|74|67|62|49|69|87|62|68|64|53|64|58|60|60|48|31|34|33|39|29|25|33|25|41|29|29|27|
2012-07-04|7|1_CTs|CT14||137|120|118|94|79|66|57|46|52|49|35|35|32|29|31|32|36|33|36|44|51|37|55|60|65|75|94|116|112|174|198|250|270|294|346|413|397|381|363|315|351|328|305|346|331|329|376|341|399|444|387|424|403|351|346|313|342|407|370|321|390|366|373|372|424|405|428|406|508|557|537|533|563|578|505|541|496|516|487|469|447|385|293|289|259|212|227|208|204|216|174|151|168|156|140|135|
2012-07-04|7|1_CTs|CT15||17|20|12|13|7|17|9|9|3|7|10|7|5|7|4|5|6|3|3|4|5|5|4|5|7|7|6|16|18|20|13|37|54|67|79|69|65|74|66|64|45|45|39|38|51|47|40|45|51|41|43|44|46|48|48|47|43|44|36|32|41|35|39|34|38|51|60|40|61|72|77|113|89|80|70|75|70|56|69|60|55|37|49|31|44|35|42|39|33|36|19|25|31|21|21|22|
