2014-08-25|6|1_CTs|CT1||0|1|1|1|0|0|0|1|1|0|0|0|1|0|0|1|0|2|1|0|1|2|1|3|3|0|1|4|5|3|2|4|8|6|5|15|7|13|2|8|5|4|1|6|9|2|1|6|7|3|6|2|4|1|6|2|2|7|4|5|4|4|3|3|2|8|3|5|2|5|6|2|1|5|6|0|5|5|2|4|1|1|3|0|0|0|0|0|3|2|2|2|0|0|0|3|
2014-08-25|6|1_CTs|CT3||16|7|17|9|10|6|10|7|10|1|2|2|3|4|10|8|6|5|14|17|18|29|25|30|25|29|29|42|44|49|63|58|78|65|61|69|68|69|63|51|48|51|46|41|44|53|47|51|47|61|48|35|50|40|36|39|45|46|48|59|41|53|30|43|49|45|41|40|37|54|49|43|52|53|53|42|56|51|50|51|54|45|45|41|36|26|16|14|10|23|19|22|17|24|19|10|
2014-08-25|6|1_CTs|CT4||9|6|4|1|2|3|3|1|1|0|3|0|2|0|0|1|0|0|1|1|0|1|1|2|1|3|2|2|3|3|8|8|11|8|8|14|15|12|12|21|19|19|17|5|15|8|16|26|24|23|22|25|22|23|22|14|13|19|23|22|29|27|23|20|22|20|18|17|23|22|24|24|26|35|28|29|18|26|16|20|21|17|21|16|13|12|10|7|11|5|6|6|3|12|12|3|
2014-08-25|6|1_CTs|CT5||9|11|11|10|11|8|5|8|3|4|5|2|6|2|2|3|2|3|3|4|3|2|5|8|7|7|13|17|17|23|17|44|46|41|50|44|38|51|61|73|64|64|65|57|61|66|50|61|65|52|63|63|52|59|47|56|54|54|65|66|57|65|65|73|56|64|65|66|65|60|49|70|77|56|56|49|65|45|49|42|36|44|39|34|38|21|39|21|18|30|20|25|21|19|23|11|
2014-08-25|6|1_CTs|CT6||16|14|2|8|7|6|2|5|3|2|3|3|3|1|4|6|3|5|4|4|4|9|11|9|14|18|12|18|22|33|44|57|53|77|87|104|95|84|87|73|77|72|69|59|83|69|83|65|62|72|77|71|68|65|61|69|74|86|78|77|105|86|70|70|56|73|66|69|82|93|59|87|93|85|79|68|78|74|67|81|65|64|55|61|60|42|36|32|35|36|28|29|20|25|25|13|
2014-08-25|6|1_CTs|CT7||4|5|4|6|4|3|0|2|4|2|1|1|0|2|1|1|1|1|4|1|1|3|2|3|5|1|5|9|10|16|11|11|33|28|30|37|33|18|18|26|21|28|15|24|28|20|7|21|19|23|22|17|17|23|13|21|14|13|18|20|24|14|19|25|21|17|18|25|19|20|25|23|32|22|33|22|16|20|16|12|18|15|15|10|14|11|11|4|4|7|4|5|2|5|5|9|
2014-08-25|6|1_CTs|CT8||35|37|21|25|28|12|9|18|11|16|11|10|21|10|10|6|7|7|7|4|6|16|20|22|22|24|48|43|59|101|105|139|151|197|213|199|223|180|156|157|159|142|126|143|123|113|125|129|125|130|114|130|122|115|122|122|121|137|145|121|135|151|136|122|125|125|142|123|132|137|148|146|153|194|168|171|155|139|137|120|101|118|119|105|79|82|73|60|49|70|61|66|55|47|43|42|
2014-08-25|6|1_CTs|CT9||36|25|25|16|20|20|14|9|13|7|11|8|10|12|11|7|4|10|11|11|7|20|15|26|32|31|43|46|60|85|116|140|133|171|184|212|205|211|163|160|160|151|149|141|144|149|158|128|124|158|166|137|139|138|136|169|200|183|230|271|216|164|179|163|167|162|159|156|155|192|205|152|193|196|175|290|339|315|347|316|345|307|276|299|167|82|73|67|81|57|58|48|49|59|46|43|
2014-08-25|6|1_CTs|CT10||22|20|19|11|15|10|14|5|8|11|5|7|5|4|4|5|3|6|0|3|7|5|11|16|23|21|22|34|37|45|59|78|82|88|103|119|109|132|118|131|127|105|102|128|108|123|104|111|106|115|117|102|113|116|98|91|97|108|130|124|107|102|123|93|102|144|116|120|124|140|133|133|135|151|156|144|160|148|148|141|136|112|77|62|57|61|55|41|45|47|30|28|36|30|29|30|
2014-08-25|6|1_CTs|CT11||23|24|21|17|16|14|12|8|11|6|12|6|8|5|9|9|3|5|8|7|7|11|13|19|23|27|41|41|61|79|119|193|171|198|198|239|220|211|181|183|143|151|148|142|130|140|130|139|133|129|124|142|152|126|145|146|145|141|129|175|124|136|141|114|154|137|130|121|145|130|110|130|149|139|130|157|132|138|110|115|117|110|114|119|73|49|43|56|46|49|51|35|45|33|23|28|
2014-08-25|6|1_CTs|CT12||25|28|24|18|17|14|13|4|9|9|8|9|3|1|4|10|3|6|6|6|5|13|9|15|24|28|24|42|41|55|61|120|102|129|130|169|149|137|146|142|149|123|113|112|142|128|121|126|135|127|120|127|138|132|125|99|99|126|134|138|138|137|129|125|147|147|148|159|148|170|158|171|175|197|194|188|191|183|176|148|136|147|97|84|80|71|57|60|55|56|52|42|43|43|32|34|
2014-08-25|6|1_CTs|CT16||29|23|23|18|13|14|16|12|13|11|10|9|7|8|8|8|4|7|6|6|6|6|9|17|29|23|27|37|48|72|97|133|152|152|186|184|205|184|172|194|142|172|128|150|143|147|135|152|134|144|141|141|144|140|115|132|120|135|132|145|146|146|139|137|137|150|139|151|135|160|128|151|177|153|145|138|158|130|115|110|107|104|102|73|72|79|48|42|62|52|39|37|40|40|36|33|
2014-08-25|6|1_CTs|CT17||9|3|2|3|2|1|0|2|1|2|0|0|2|2|0|1|0|3|2|0|0|0|0|0|9|1|1|4|7|10|7|12|18|22|9|23|23|21|17|23|25|17|13|29|20|23|23|32|33|29|27|30|22|20|28|22|30|28|34|33|28|34|31|47|21|27|31|31|30|36|53|37|46|43|44|41|41|28|29|26|24|25|16|18|16|20|13|11|11|10|9|10|6|6|6|3|
2014-08-25|6|1_CTs|CT18||35|35|30|27|31|29|23|19|11|12|11|7|14|6|5|11|10|12|9|11|12|9|19|18|32|33|31|45|58|96|103|157|172|186|189|221|204|202|234|226|202|186|172|186|182|190|188|203|180|184|192|189|178|166|155|170|167|178|176|183|187|224|199|174|171|182|183|201|190|180|178|188|226|209|211|199|180|145|171|167|137|127|130|114|102|98|113|76|88|97|83|69|70|53|80|44|
2014-08-25|6|1_CTs|CT19||23|16|16|17|13|17|12|13|9|7|6|9|9|7|7|5|3|4|5|6|3|8|5|7|6|9|10|10|9|21|29|45|56|59|76|94|94|92|111|91|96|114|81|110|103|107|114|105|125|130|107|103|99|74|68|88|120|111|119|125|102|115|105|119|100|114|116|111|131|132|114|131|132|141|149|154|163|127|134|110|97|92|85|80|58|65|51|40|39|49|36|55|27|30|30|22|
2014-08-25|6|1_CTs|CT20||11|17|9|6|6|6|4|6|3|7|5|2|1|3|1|4|4|8|4|5|8|5|12|8|18|16|12|16|19|27|33|58|55|70|88|89|73|83|84|87|85|89|96|84|107|98|22|99|41|67|110|105|51|46|37|82|81|63|98|48|62|120|93|66|72|32|102|91|103|97|41|69|106|109|97|89|20|87|103|102|83|80|64|64|48|51|59|35|45|41|37|24|28|21|22|21|
2014-08-25|6|1_CTs|CT21||97|65|60|54|39|45|42|31|30|27|16|18|16|18|14|16|11|25|26|39|38|46|47|55|51|64|57|114|109|161|217|285|281|295|302|284|246|280|237|249|231|213|217|216|212|199|192|201|216|183|203|162|187|161|187|198|198|211|265|270|257|210|175|182|197|214|184|192|196|214|210|198|212|225|227|228|262|233|243|251|227|235|204|188|163|110|85|91|83|97|91|91|98|88|67|64|
2014-08-25|6|1_CTs|CT22||92|65|54|67|33|35|38|35|30|27|21|21|16|20|33|20|29|23|37|34|63|62|60|49|71|53|77|87|95|140|153|150|151|188|192|219|235|224|226|220|205|214|227|210|221|246|210|237|258|232|244|222|217|211|196|185|201|208|197|221|238|239|237|238|260|246|295|292|307|328|344|313|313|367|288|301|283|294|245|229|210|188|153|147|155|123|133|127|99|107|99|103|105|104|78|83|
2014-08-25|6|1_CTs|CT23||51|50|45|36|39|15|27|35|18|18|13|16|20|11|13|11|16|10|13|18|21|22|36|26|43|46|75|72|77|128|169|218|222|261|266|304|288|280|257|210|214|205|182|201|185|172|163|203|203|199|184|176|190|184|179|203|209|205|230|228|257|228|210|171|190|177|219|204|233|219|269|242|256|297|265|281|273|256|253|251|245|222|244|199|140|134|105|76|88|96|88|86|70|77|67|60|
2014-08-25|6|1_CTs|CT24||58|54|35|43|39|29|23|27|23|20|14|15|21|14|11|16|11|18|15|18|23|31|25|20|37|41|48|72|87|111|154|156|152|215|235|270|240|254|234|223|181|201|197|211|201|194|221|213|239|220|219|218|221|198|170|186|195|193|222|246|225|217|208|233|237|231|267|262|273|266|299|300|294|312|353|319|300|283|282|264|233|200|178|132|140|121|104|122|96|87|92|91|79|86|77|64|
