2015-03-27|2|1_CTs|ct1||58|291|58|36|29|20|41|33|25|26|17|17|17|10|18|19|12|23|21|17|18|25|32|43|293|40|59|65|86|114|130|428|153|154|179|200|453|487|179|208|222|442|211|191|180|201|453|207|189|183|204|448|210|183|453|174|178|208|211|200|199|202|201|457|190|184|194|169|401|436|169|176|175|158|180|176|200|220|713|211|217|210|176|182|183|420|147|404|145|393|126|394|115|123|115|130|
2015-03-27|2|1_CTs|ct2||51|33|46|33|25|22|25|27|19|16|15|12|12|10|13|14|5|19|13|10|9|10|16|20|20|24|29|53|257|34|48|60|59|41|66|85|341|106|92|95|115|100|344|110|71|358|335|98|93|84|84|99|353|87|84|78|62|112|97|110|98|100|108|116|109|103|358|108|87|97|91|98|93|78|90|99|103|114|125|111|127|140|143|137|419|153|660|89|67|75|334|306|62|74|67|65|
2015-03-27|2|1_CTs|ct3||88|58|91|64|45|38|47|295|34|41|30|24|272|21|22|19|6|274|26|18|15|25|36|40|45|299|54|57|89|85|124|147|114|144|154|160|431|181|191|207|191|460|473|187|444|471|193|231|210|187|193|454|203|173|428|182|173|199|197|222|203|206|199|221|460|190|465|454|162|183|458|195|466|189|189|454|185|215|204|452|200|449|178|247|242|255|248|439|190|169|399|154|152|141|144|159|
2015-03-27|2|1_CTs|ct4||62|55|44|44|34|34|37|19|26|22|279|14|15|19|286|10|11|24|16|15|15|15|32|21|24|21|39|35|300|46|66|85|103|99|116|133|133|132|128|118|115|108|124|144|395|155|394|127|122|113|133|128|121|110|101|98|115|114|139|145|124|126|153|401|112|106|115|115|115|124|364|109|138|120|118|123|105|105|381|134|120|118|112|116|113|93|108|94|341|84|89|93|92|83|76|73|
2015-03-27|2|1_CTs|ct5||358|372|78|73|58|53|50|29|296|41|40|24|25|31|30|274|19|32|23|279|26|29|32|26|23|289|32|48|47|79|103|117|138|123|173|175|191|214|454|174|229|434|454|715|199|242|438|474|230|232|186|718|159|472|170|183|183|193|177|224|463|212|238|491|226|229|213|205|202|191|176|196|713|454|166|215|213|203|459|197|196|198|154|202|198|169|166|412|154|166|137|406|164|151|140|147|
2015-03-27|2|1_CTs|ct6||34|292|25|13|16|19|22|10|16|12|13|10|4|12|13|4|8|9|10|6|5|12|16|13|17|9|15|11|12|17|25|27|279|288|37|41|35|52|42|54|50|46|42|174|58|48|55|55|46|47|51|59|47|307|55|52|41|47|57|308|55|55|64|324|60|66|71|58|70|66|60|59|56|59|54|59|62|63|63|67|54|55|302|57|57|62|69|50|42|54|34|41|54|45|41|34|
2015-03-27|2|1_CTs|ct17||370|336|101|79|65|54|62|55|51|65|288|30|26|25|25|22|9|38|28|37|22|26|41|40|43|46|569|72|343|613|122|660|175|172|180|190|460|251|248|514|519|249|239|251|243|498|500|242|248|218|204|242|514|481|200|215|480|481|228|243|236|228|229|243|207|229|742|240|219|187|264|232|529|247|249|258|241|538|746|244|239|233|204|244|276|247|507|485|226|184|169|169|190|165|161|167|
2015-03-27|2|1_CTs|CT19||40|275|42|24|266|12|18|13|13|14|5|262|5|8|6|6|3|7|5|14|5|5|11|12|14|7|29|27|43|46|69|77|73|77|92|99|115|108|364|120|360|390|402|133|127|628|646|138|141|114|117|139|117|112|86|100|115|375|106|120|386|366|134|128|78|399|142|95|350|115|145|139|396|396|309|219|111|396|173|352|365|99|83|84|607|82|111|613|84|91|72|68|66|75|75|63|
2015-03-27|2|1_CTs|CT20||59|45|46|38|29|31|30|32|23|22|26|17|13|24|8|16|10|12|7|14|9|7|11|12|9|12|22|22|536|28|41|54|61|86|82|84|356|345|75|87|90|86|76|74|94|328|77|84|55|80|71|80|73|80|107|82|79|93|79|79|112|85|95|94|344|88|89|74|84|349|82|95|315|102|351|81|96|88|83|82|97|74|86|347|75|83|60|62|64|62|68|65|60|69|80|54|
2015-03-27|2|1_CTs|CT21||30|31|21|11|14|11|18|13|18|6|11|8|5|8|261|260|1|3|2|9|7|4|6|261|5|6|10|9|16|10|282|21|35|43|54|59|48|52|558|66|256|56|54|316|50|57|56|293|60|42|52|49|61|295|63|41|310|72|56|53|70|51|67|77|312|56|63|76|45|55|65|61|59|57|62|317|49|62|56|50|312|43|51|54|301|36|33|30|27|33|291|42|38|45|294|36|
