2013-06-11|6|1_CTs|CT1||0|1|3|0|1|0|0|1|0|0|2|2|2|0|1|1|1|2|1|0|3|2|2|5|3|1|3|4|3|2|7|11|48|35|21|30|16|5|3|16|3|3|5|9|4|3|5|2|2|3|3|6|20|4|7|6|3|3|7|5|4|9|7|3|4|5|5|5|4|8|2|6|4|3|3|3|3|1|2|2|0|4|2|1|1|3|2|1|1|0|5|6|7|1|0|0|
2013-06-11|6|1_CTs|CT3||11|10|3|3|11|6|10|0|1|4|3|3|4|4|1|2|4|10|19|21|20|27|30|26|36|22|30|29|43|48|55|58|87|90|94|72|70|76|77|65|62|48|41|41|47|48|42|39|39|39|53|48|37|52|44|42|48|50|34|51|52|50|60|60|39|60|45|68|57|72|64|58|34|40|60|42|45|49|44|18|38|31|31|24|18|30|17|12|17|23|15|15|27|18|21|17|
2013-06-11|6|1_CTs|CT4||7|6|4|1|4|3|0|3|0|3|2|0|2|1|0|1|1|1|0|1|0|2|2|0|1|1|1|3|4|13|12|21|37|35|29|31|25|27|41|30|26|21|34|28|25|24|26|30|22|17|4|38|45|33|28|27|24|21|13|27|37|32|31|25|32|28|39|37|23|32|46|44|50|48|42|54|33|35|29|35|18|19|21|29|23|16|18|16|10|21|10|13|11|11|11|9|
2013-06-11|6|1_CTs|CT5||10|13|12|11|8|6|7|7|8|6|10|4|6|4|3|2|1|2|1|3|10|7|6|14|8|8|19|17|16|27|41|42|63|66|71|82|78|63|49|67|76|56|67|87|80|76|67|79|69|60|74|80|87|73|66|67|57|66|71|64|55|68|76|72|76|66|79|70|87|87|75|75|63|66|78|70|59|43|61|57|48|48|29|34|31|33|33|36|25|27|30|18|20|16|24|13|
2013-06-11|6|1_CTs|CT6||15|7|5|9|5|7|4|4|4|3|2|3|8|4|6|3|4|3|1|7|10|9|6|18|21|15|22|18|23|43|57|84|124|169|165|148|152|121|113|124|111|124|112|108|99|79|82|90|95|93|88|88|91|94|104|110|87|119|80|104|106|121|103|83|135|96|111|118|118|146|120|108|125|128|109|105|113|102|89|87|90|81|97|65|80|72|58|53|56|50|53|38|46|40|33|25|
2013-06-11|6|1_CTs|CT7||8|6|3|2|4|4|1|1|3|3|2|1|0|1|1|3|0|3|0|0|1|1|4|5|5|3|3|9|8|15|22|22|31|38|37|34|27|40|28|33|21|19|27|17|22|22|23|19|19|21|30|32|28|28|20|25|17|30|17|20|22|36|28|27|36|17|21|24|37|45|29|37|37|26|41|25|25|19|18|19|24|16|17|11|14|19|11|7|7|10|10|9|4|8|9|6|
2013-06-11|6|1_CTs|CT8||25|27|20|20|21|21|12|11|14|13|10|9|11|10|8|7|6|7|11|8|7|16|23|28|16|35|35|40|73|102|145|183|201|221|208|178|175|178|187|168|155|152|146|141|138|110|141|125|119|130|126|131|139|135|143|145|154|152|92|158|150|144|150|155|140|157|148|163|174|177|168|168|198|183|173|176|152|151|147|157|153|127|128|100|103|89|90|75|68|76|67|75|85|50|41|38|
2013-06-11|6|1_CTs|CT9||45|40|33|23|29|24|15|15|9|9|12|5|5|8|10|7|11|7|6|12|15|16|28|29|31|35|48|54|82|101|144|256|272|293|340|352|305|272|268|217|245|174|189|195|195|164|183|182|215|164|187|186|183|190|179|195|209|219|134|213|189|235|223|216|208|230|240|240|278|313|307|257|227|248|243|247|196|202|161|184|160|149|143|131|108|121|75|109|81|73|91|65|75|83|59|53|
2013-06-11|6|1_CTs|CT10||36|27|14|20|10|11|11|8|8|7|5|5|4|2|4|5|1|2|4|3|11|11|14|25|25|22|23|42|59|56|98|114|144|168|184|181|174|180|156|170|138|133|152|147|143|155|134|148|160|157|131|151|141|158|119|137|125|140|98|161|123|174|125|157|156|164|195|177|195|205|195|183|210|195|222|186|180|165|167|146|132|133|129|107|89|84|84|56|57|50|64|47|42|37|38|44|
2013-06-11|6|1_CTs|CT11||31|31|29|21|19|16|19|6|6|6|6|7|7|7|11|5|9|9|9|3|16|17|17|32|30|37|59|81|83|127|198|306|344|359|364|328|321|271|275|260|234|224|193|201|197|165|156|154|209|198|192|183|202|190|187|183|189|208|139|184|187|179|201|208|189|214|214|237|214|232|235|191|214|204|212|192|150|133|143|133|138|130|114|98|86|88|72|67|72|66|60|51|42|50|45|30|
2013-06-11|6|1_CTs|CT12||36|23|26|25|17|13|10|11|9|5|9|10|8|6|5|6|3|4|8|7|9|15|16|21|29|25|36|53|54|75|120|174|243|295|259|258|262|209|183|196|196|166|156|151|171|144|166|178|171|177|184|175|190|188|150|168|158|187|118|195|169|203|153|196|186|208|228|223|258|246|276|239|272|274|274|224|220|201|179|157|165|141|141|124|99|85|87|80|71|70|71|44|57|42|31|39|
2013-06-11|6|1_CTs|CT15||10|12|5|5|8|9|7|4|5|2|2|6|4|6|5|4|2|5|4|5|8|10|13|21|20|16|23|29|44|54|69|136|185|146|162|145|104|135|112|106|106|73|64|79|64|80|79|52|70|60|84|78|68|81|70|81|69|85|56|83|76|82|74|82|81|77|84|82|113|138|119|81|92|81|79|83|65|71|63|66|54|39|50|40|29|36|27|32|32|29|26|16|18|14|18|22|
2013-06-11|6|1_CTs|CT16||50|45|21|20|21|19|15|10|8|14|15|4|4|5|8|6|6|8|8|3|13|10|14|26|28|29|32|63|56|90|140|204|267|252|274|282|252|250|223|246|154|189|215|205|169|198|174|177|197|185|184|174|187|188|175|186|168|189|112|188|204|189|197|213|195|194|204|228|236|245|214|223|231|184|242|204|176|150|163|160|150|144|141|105|90|116|92|78|70|72|66|67|52|46|56|46|
2013-06-11|6|1_CTs|CT17||13|16|7|5|10|5|2|4|3|5|8|2|3|1|5|2|3|5|1|3|0|1|5|3|0|6|5|8|14|23|39|53|81|86|79|77|72|72|67|50|69|64|71|71|50|61|66|67|72|52|71|75|62|72|70|65|81|78|42|80|67|77|72|68|87|85|82|94|83|104|84|96|98|80|99|104|85|95|86|91|73|72|64|48|49|45|39|43|36|35|28|33|32|24|24|29|
2013-06-11|6|1_CTs|CT18||54|53|37|29|31|25|20|20|17|16|24|10|15|9|13|4|10|11|7|9|24|16|19|35|31|41|56|64|78|117|155|216|245|266|290|315|295|271|263|286|241|276|237|260|221|235|208|232|220|210|220|211|233|243|201|182|221|242|169|246|243|247|285|254|244|266|265|260|257|297|264|257|268|288|280|274|238|218|228|210|194|191|163|142|127|149|128|132|114|122|110|87|91|86|78|66|
2013-06-11|6|1_CTs|CT19||23|30|25|18|17|11|12|9|10|13|6|9|4|5|9|3|7|2|4|8|2|6|5|4|9|17|16|19|17|43|57|90|118|154|121|153|146|136|146|113|145|134|120|131|110|132|134|123|139|145|154|143|138|137|115|108|131|120|88|144|138|147|142|155|154|164|186|168|198|193|191|197|205|226|223|192|173|192|128|147|152|135|128|90|87|79|76|88|62|48|49|65|43|54|44|36|
2013-06-11|6|1_CTs|CT20||11|10|6|5|13|3|3|7|4|4|3|0|2|4|3|3|1|5|4|10|8|6|11|11|15|14|25|19|31|39|22|38|112|150|104|28|98|50|106|105|122|101|106|95|108|117|59|136|101|109|46|73|19|101|60|44|135|112|94|52|53|48|57|95|26|144|124|66|81|127|138|101|140|110|109|105|114|113|25|97|76|65|81|70|70|71|58|57|54|42|46|44|38|30|26|24|
2013-06-11|6|1_CTs|CT21||69|73|44|32|45|28|28|19|16|16|13|12|18|17|13|14|27|19|26|26|25|50|43|51|67|44|90|93|149|184|239|281|337|342|322|334|273|327|282|273|257|242|244|270|233|215|207|218|218|237|208|231|223|217|214|199|247|277|156|255|276|247|238|227|233|221|220|237|229|264|254|262|237|243|230|235|199|199|208|180|194|156|165|125|122|118|109|147|109|100|90|87|90|82|92|67|
2013-06-11|6|1_CTs|CT22||84|47|56|56|44|28|41|30|35|30|28|18|6|23|23|26|19|30|32|35|44|50|61|68|70|54|73|75|80|113|168|193|192|239|258|260|259|278|238|258|224|244|217|254|235|255|234|239|259|245|285|256|255|254|216|225|274|282|161|265|272|265|295|265|280|311|289|350|363|348|344|354|348|384|365|324|310|314|291|247|255|233|203|182|166|162|151|135|145|135|127|135|107|113|113|100|
2013-06-11|6|1_CTs|CT23||46|37|27|24|33|29|22|15|15|11|11|11|17|13|13|10|13|16|20|14|15|24|36|32|46|46|57|66|102|136|210|266|305|328|350|320|288|269|300|290|272|235|214|203|215|184|192|189|186|212|220|231|229|196|228|212|253|240|178|250|250|244|257|224|224|269|269|256|296|285|278|310|327|316|304|279|277|236|229|222|226|219|170|157|133|133|127|103|108|126|104|91|113|77|71|65|
2013-06-11|6|1_CTs|CT24||49|43|40|28|31|26|25|15|17|14|14|9|8|10|13|6|12|11|13|20|26|21|30|28|36|47|52|82|83|129|163|208|248|308|290|327|316|293|271|287|265|252|257|207|271|235|251|221|231|295|262|255|267|250|208|228|232|275|173|259|279|285|293|266|302|316|346|309|311|356|383|374|377|414|389|353|302|326|289|307|245|273|213|192|176|178|141|123|113|122|118|110|110|92|80|86|
