2013-02-26|3|1_CTs|ct1||42|27|21|20|12|14|13|15|2|7|5|3|2|5|3|2|4|5|3|7|5|8|4|12|11|18|25|40|44|69|108|162|207|241|217|246|226|256|225|196|173|179|173|158|132|149|149|154|179|154|151|179|167|150|134|146|183|179|174|206|157|179|197|153|165|173|176|194|193|190|189|191|213|213|212|215|215|197|218|200|202|217|176|127|103|104|99|86|97|96|80|71|52|68|60|40|
2013-02-26|3|1_CTs|ct3||69|46|36|21|24|22|17|22|15|17|9|8|10|7|14|14|7|18|19|22|20|14|15|33|37|29|47|67|69|95|155|181|225|237|259|259|272|262|272|267|246|219|235|224|195|233|199|199|203|205|208|197|201|218|199|207|238|243|228|232|345|317|310|353|301|262|205|252|228|239|212|203|246|270|210|338|185|629|211|414|215|380|224|196|137|276|118|112|113|141|123|97|110|105|114|79|
2013-02-26|3|1_CTs|ct5||90|61|67|46|49|36|31|28|24|28|17|19|18|10|10|13|17|12|9|6|6|9|11|10|13|18|27|29|38|66|129|134|169|204|207|218|196|221|179|181|189|159|172|152|142|182|183|193|204|203|197|220|218|202|189|161|182|162|226|212|206|203|230|212|224|230|234|279|250|244|267|259|294|277|277|249|248|255|280|271|242|244|250|189|161|127|152|147|167|153|161|126|134|154|126|114|
2013-02-26|3|1_CTs|ct6||7|3|3|5|2|5|2|0|1|2|2|2|2|1|0|1|2|1|0|0|2|2|5|3|1|6|5|14|28|23|33|35|59|67|84|73|86|83|66|74|80|66|64|64|54|39|41|47|42|42|29|51|47|52|53|50|49|46|53|52|60|70|82|66|57|54|64|49|70|75|64|79|64|80|85|82|71|72|72|54|57|37|50|21|28|27|13|15|33|18|16|9|19|23|11|10|
2013-02-26|3|1_CTs|ct7||78|75|60|51|58|54|33|30|35|34|25|22|22|13|10|31|62|19|14|6|21|15|23|34|29|29|35|38|44|50|76|92|106|147|161|164|160|172|157|185|164|150|159|186|153|170|186|186|186|175|187|179|194|154|134|147|180|187|171|200|209|195|141|178|200|185|157|186|193|140|75|101|136|151|163|169|173|164|159|195|159|152|154|128|100|104|102|98|108|117|120|113|112|134|94|82|
2013-02-26|3|1_CTs|ct9||69|77|68|71|55|41|40|25|17|25|18|20|18|21|17|16|10|18|13|12|11|13|15|19|19|32|47|40|51|74|115|164|193|216|231|244|234|218|210|182|170|171|178|157|161|170|155|158|159|165|156|151|150|174|148|160|152|175|168|188|167|184|172|185|162|158|191|185|170|154|93|124|143|116|151|229|214|172|212|195|170|167|130|117|80|99|101|85|112|77|87|87|85|92|121|93|
2013-02-26|3|1_CTs|ct10||53|49|51|59|32|28|22|21|26|19|22|15|20|17|11|10|12|16|8|7|9|13|14|18|12|20|17|36|30|48|63|91|104|148|125|130|155|151|154|134|136|133|126|146|136|139|132|136|122|130|139|144|141|128|141|118|150|132|134|139|152|135|143|149|156|156|145|157|144|169|167|143|166|159|154|145|155|143|135|142|148|134|121|100|105|93|88|76|81|95|87|83|81|81|75|72|
2013-02-26|3|1_CTs|CT11||751|341|561|2178|503|419|875|4012|2278|1041|843|635|923|3007|4851|3239|3447|4582|4071|50|29|16|700|393|538|6100|7147|6726|6960|5117|703|672|1161|952|754|1034|1310|537|449|499|423|390|396|487|450|560|764|2022|1849|2547|1141|693|1753|1497|2974|1833|2629|913|1224|1140|604|619|613|326|538|447|468|630|499|453|428|323|462|475|552|504|464|454|414|467|460|522|1425|5929|4553|3285|1557|3219|2434|5625|6664|6110|5663|4389|4140|5487|
2013-02-26|3|1_CTs|CT12||22|24|31|16|22|20|18|8|18|9|13|11|11|7|5|7|6|7|3|8|9|5|5|7|12|26|12|23|24|18|28|39|36|54|70|73|77|67|87|82|86|93|75|167|115|104|109|88|102|96|102|104|98|90|57|99|79|82|130|115|127|102|156|132|139|127|108|161|113|108|108|126|131|130|156|134|126|117|97|101|125|120|104|50|57|48|60|53|49|42|39|53|50|41|48|38|
2013-02-26|3|1_CTs|ct13||149|130|124|127|78|70|60|76|60|52|171|30|50|46|90|38|36|54|33|34|54|32|64|58|56|78|88|218|238|133|188|176|724|247|669|468|274|316|187|213|235|168|227|192|178|212|0|0|0|46|140|145|162|191|231|246|876|486|268|344|237|240|265|184|528|231|201|241|190|142|400|155|194|208|229|112|144|182|240|141|6|0|0|0|184|228|206|213|236|203|227|218|217|184|225|176|
2013-02-26|3|1_CTs|ct14||34|23|18|22|22|11|11|9|8|4|2|7|6|4|6|2|8|8|4|7|7|5|18|22|23|45|46|103|155|273|279|307|311|159|202|299|303|295|301|293|245|204|206|220|186|167|161|142|173|181|176|182|177|145|155|157|160|192|193|209|200|193|181|179|144|165|167|193|203|187|210|228|217|255|256|244|216|211|204|196|156|151|108|113|101|93|75|76|86|76|87|78|45|55|57|30|
2013-02-26|3|1_CTs|CT16||57|63|55|52|59|51|53|22|38|25|40|57|24|43|20|11|14|34|34|12|7|18|42|10|22|25|47|55|77|78|121|146|178|193|198|150|176|205|190|189|154|170|219|168|168|151|125|149|130|125|153|152|138|151|146|132|118|150|125|142|151|170|146|185|199|176|156|158|238|240|155|185|181|197|190|207|193|227|193|201|189|126|118|128|116|101|95|90|104|55|89|93|99|85|95|84|
2013-02-26|3|1_CTs|ct17||59|53|43|42|34|22|13|22|13|18|15|15|10|13|15|11|6|11|7|7|7|14|24|19|16|24|37|48|47|77|113|223|255|361|219|91|132|117|111|105|124|101|180|235|214|201|199|189|212|178|231|213|199|214|198|186|182|176|205|212|228|234|178|241|229|240|231|245|240|265|247|236|234|246|220|194|209|202|191|190|190|182|139|148|140|126|104|100|86|108|113|85|94|83|83|75|
2013-02-26|3|1_CTs|ct18||76|68|76|77|52|47|27|28|30|22|22|23|24|18|11|11|14|22|11|11|11|17|28|28|21|33|28|64|63|76|105|172|169|232|153|157|181|188|199|207|194|197|182|200|161|149|192|136|141|142|131|97|153|176|184|150|163|145|134|121|161|147|149|169|215|157|197|182|175|196|194|203|177|190|211|152|191|192|203|173|169|158|139|150|130|122|122|98|123|115|140|109|135|99|109|81|
2013-02-26|3|1_CTs|ct19||0|0|0|0|0|0|0|0|0|0|0|0|0|0|0|0|0|0|0|0|0|2|2|1|4|6|6|5|6|7|7|6|7|4|8|6|7|5|6|8|12|6|10|4|4|12|4|10|4|6|8|8|7|6|4|6|8|7|6|10|8|6|6|5|10|8|9|9|10|8|7|9|7|10|10|8|7|9|8|10|9|2|11|4|9|9|3|3|0|1|1|2|1|2|3|0|
2013-02-26|3|1_CTs|ct22||6|5|1|2|0|4|3|1|4|0|2|0|3|2|1|1|3|2|1|0|0|2|0|3|3|7|4|5|4|4|9|13|17|16|20|27|22|27|23|23|27|26|27|27|17|22|27|22|20|25|19|33|16|33|21|30|18|19|18|27|28|23|38|38|28|27|34|36|42|53|48|50|51|65|55|58|56|47|60|33|28|23|25|13|0|9|10|8|12|11|5|3|7|4|9|7|
2013-02-26|3|1_CTs|CT23||98|52|54|42|23|36|18|23|19|17|10|8|28|15|13|5|8|7|15|10|11|4|8|13|14|11|23|35|46|68|127|193|244|269|294|295|295|239|201|247|184|177|232|178|181|232|182|207|210|206|221|207|229|281|255|222|252|244|263|255|229|246|270|263|274|307|291|305|333|394|396|373|432|460|433|426|419|458|459|396|415|373|356|248|234|184|205|170|211|179|133|156|143|118|102|80|
2013-02-26|3|1_CTs|ct24||135|111|80|84|69|44|44|37|39|27|23|22|29|20|28|20|31|31|28|38|45|56|73|114|136|173|267|480|635|911|1054|939|964|881|861|839|880|839|868|884|856|791|917|908|702|692|690|683|678|745|723|733|778|721|631|717|765|814|840|836|766|761|753|782|719|743|756|794|732|779|819|861|840|946|843|871|784|780|797|765|678|609|514|460|384|375|317|297|350|313|323|297|233|245|202|148|
