2012-11-08|3|1_CTs|ct1||56|45|33|28|26|21|9|12|8|6|6|6|5|6|5|3|8|9|3|6|3|5|13|24|10|24|25|33|48|65|115|178|200|225|247|239|242|203|185|181|162|152|166|158|143|145|145|137|144|134|161|181|190|189|136|168|182|189|219|205|206|195|213|220|184|226|216|226|205|223|215|215|198|207|206|214|204|206|195|195|189|153|161|127|133|119|98|102|90|147|121|100|95|81|77|69|
2012-11-08|3|1_CTs|ct3||100|68|63|43|45|40|23|24|15|27|20|3|15|13|10|16|9|18|14|22|24|25|38|36|29|44|52|57|56|109|151|219|232|270|247|262|291|322|254|253|246|228|267|272|241|222|230|246|235|238|231|275|263|257|245|261|257|259|265|286|276|277|245|251|270|230|259|247|238|197|218|191|204|213|221|205|225|224|183|238|233|202|230|206|184|155|144|127|119|208|194|168|115|144|124|106|
2012-11-08|3|1_CTs|ct5||132|90|67|45|42|55|43|38|34|26|23|16|15|18|21|19|20|16|20|13|11|15|16|15|17|19|25|39|37|57|105|139|162|223|207|218|236|203|172|166|148|172|174|164|156|158|163|199|189|194|192|203|228|219|184|168|195|216|193|225|210|233|230|201|243|251|243|250|262|307|270|286|314|297|245|268|268|299|275|276|276|284|211|152|141|162|137|136|145|149|171|149|146|128|134|131|
2012-11-08|3|1_CTs|ct6||13|5|4|5|4|7|3|2|2|1|2|2|1|3|1|2|2|0|4|2|0|0|3|2|3|7|11|12|20|24|37|50|66|74|75|92|89|93|70|80|63|51|47|39|46|40|37|34|47|41|59|46|55|37|45|48|44|45|63|66|88|62|54|45|56|60|48|62|66|65|75|70|76|77|83|79|91|79|52|63|43|36|37|21|21|33|19|32|28|14|16|22|23|16|13|7|
2012-11-08|3|1_CTs|ct9||73|81|85|71|79|57|56|28|49|31|39|35|25|26|15|18|26|26|24|21|28|11|30|30|31|14|48|44|55|78|111|171|193|232|233|166|121|192|197|195|181|165|160|168|189|196|192|177|169|170|158|157|152|149|147|149|169|170|187|177|168|183|152|203|199|183|142|173|195|184|196|193|221|223|212|209|244|222|162|193|177|157|127|132|88|118|116|112|96|101|112|114|109|83|75|101|
2012-11-08|3|1_CTs|ct10||55|68|51|53|42|54|30|37|28|37|24|23|22|15|19|22|13|21|20|19|14|21|20|16|18|29|26|26|31|38|71|100|146|158|172|175|158|167|160|151|161|114|132|122|127|124|160|123|128|125|133|138|125|117|137|119|163|124|155|156|140|146|145|130|122|140|133|145|158|145|148|153|154|167|143|143|145|145|153|132|128|160|137|118|110|115|97|111|90|102|96|91|106|73|79|93|
2012-11-08|3|1_CTs|ct13||105|126|83|61|57|354|76|522|1132|960|1293|614|228|607|302|338|107|933|38|963|1365|650|780|76|61|765|63|79|81|104|119|149|174|177|201|187|171|194|193|194|166|177|211|190|239|188|200|218|227|205|191|210|220|216|181|187|181|173|192|231|221|228|252|200|232|243|214|207|194|246|222|227|232|224|212|213|275|232|223|230|208|250|192|155|180|158|126|141|137|122|156|154|129|123|122|125|
2012-11-08|3|1_CTs|CT16||87|85|57|51|50|43|49|33|19|25|36|22|20|14|14|12|15|23|16|14|27|12|12|22|14|30|17|37|44|78|65|131|127|160|160|171|166|165|151|197|174|163|115|162|236|165|138|154|191|139|157|152|136|149|140|104|116|139|146|115|185|133|181|167|180|151|158|188|214|194|214|203|199|224|243|188|160|186|182|215|159|145|102|107|91|110|81|80|102|90|83|82|90|72|65|60|
2012-11-08|3|1_CTs|ct17||53|66|47|39|32|36|27|26|22|22|23|15|14|16|10|16|13|15|15|20|18|20|26|28|29|36|30|36|54|70|126|233|290|307|337|321|287|349|250|272|281|224|222|222|211|218|201|201|178|193|204|200|214|176|172|198|189|199|239|212|212|246|198|218|215|230|242|230|241|274|234|240|261|249|223|224|210|243|188|178|194|188|144|142|134|133|105|123|98|107|112|103|107|75|89|65|
2012-11-08|3|1_CTs|ct18||76|91|62|62|58|63|45|47|40|36|30|25|27|21|19|22|13|31|18|23|25|27|28|37|33|37|35|43|52|67|119|142|235|244|265|229|217|259|220|222|206|177|170|169|167|200|193|130|165|165|177|179|167|152|196|163|190|178|193|181|210|197|194|181|180|164|186|170|187|182|175|169|204|168|195|183|167|185|177|188|146|196|159|149|130|151|115|114|115|130|106|106|140|90|94|115|
2012-11-08|3|1_CTs|ct22||3|1|3|1|0|4|2|1|1|0|1|1|3|0|3|3|2|2|1|3|2|2|1|1|8|6|6|1|7|4|8|14|18|19|28|17|24|30|23|23|29|23|23|20|26|26|30|27|25|22|35|33|25|25|25|22|27|21|30|18|34|30|38|22|33|26|45|45|51|58|51|53|61|60|68|42|48|59|35|32|30|21|18|19|24|22|14|7|9|7|5|6|4|11|10|10|
2012-11-08|3|1_CTs|CT23||94|67|78|54|43|40|24|24|24|9|15|10|21|10|19|1|6|8|16|18|5|6|4|23|19|23|31|36|53|72|123|243|242|275|283|327|312|219|219|220|204|190|195|162|191|206|218|208|170|252|260|232|250|204|230|234|215|241|208|246|248|281|235|301|290|267|298|332|353|413|403|376|402|450|430|427|434|423|414|412|357|331|327|275|249|200|220|182|212|218|177|167|195|166|125|141|
2012-11-08|3|1_CTs|ct24||160|107|106|92|76|64|39|55|33|34|22|36|33|25|40|30|26|37|47|44|49|70|78|103|112|173|273|491|613|871|1006|966|1013|913|901|908|782|830|866|931|975|884|901|804|810|775|722|731|692|745|822|786|803|718|694|741|759|844|878|837|830|758|801|770|732|766|751|795|757|851|875|921|945|893|894|879|791|811|689|696|682|560|508|472|423|395|344|331|311|337|320|285|295|266|236|204|
