2012-07-21|2|1_CTs|ct1||100|93|94|70|68|78|48|33|37|26|22|34|16|18|12|9|10|13|16|19|22|14|18|20|22|21|25|33|37|40|67|54|48|63|64|79|81|99|106|131|127|138|163|150|146|129|152|141|120|118|127|107|99|102|103|115|114|103|99|142|136|135|145|147|167|133|149|156|146|151|156|154|153|143|144|142|140|132|121|129|144|138|153|154|117|162|128|146|157|139|136|127|131|133|125|125|
2012-07-21|2|1_CTs|ct2||39|45|30|21|28|26|21|19|13|18|14|14|13|15|7|8|13|10|14|15|9|6|8|12|12|10|9|8|15|12|23|17|12|17|25|26|33|35|41|41|44|50|50|58|45|45|50|36|40|53|29|35|50|47|43|26|32|36|33|35|40|35|46|37|38|32|39|45|37|45|37|31|43|32|45|29|44|41|40|45|51|51|52|60|51|42|29|44|45|36|39|35|29|29|38|37|
2012-07-21|2|1_CTs|ct3||179|192|160|139|139|132|96|90|91|93|59|80|61|48|38|33|43|52|51|55|40|45|42|38|51|52|49|53|65|69|91|77|77|93|94|106|121|146|169|192|191|205|217|224|205|212|219|224|186|179|170|173|170|150|153|162|170|170|163|191|187|222|218|190|232|201|231|229|227|243|233|225|223|233|231|240|217|191|195|190|200|234|241|239|223|233|214|227|236|207|229|190|211|210|218|187|
2012-07-21|2|1_CTs|ct4||120|120|103|111|98|78|71|52|50|48|60|48|24|37|41|33|33|26|47|27|19|31|42|34|31|34|28|28|33|27|35|39|39|46|44|54|60|54|84|73|95|92|70|99|99|124|118|130|115|107|124|134|117|121|111|121|102|98|84|103|100|88|108|103|75|129|106|118|105|92|106|125|100|107|126|118|106|115|110|103|102|99|92|99|111|96|96|95|75|98|108|112|88|91|108|107|
2012-07-21|2|1_CTs|ct5||198|189|154|154|161|122|106|77|79|70|66|65|41|55|53|49|44|49|57|42|28|41|38|41|42|37|46|35|49|39|49|48|52|77|62|90|95|108|113|113|145|161|128|143|175|154|172|180|190|192|212|193|170|180|142|167|149|145|138|150|169|155|174|176|139|178|164|152|167|162|199|179|204|178|176|194|156|192|161|166|202|159|182|165|177|147|157|168|143|190|176|165|147|160|168|181|
2012-07-21|2|1_CTs|ct6||259|195|169|174|148|126|115|100|96|87|80|84|57|65|71|54|49|40|52|40|30|31|28|27|42|30|29|23|36|35|45|43|40|56|46|54|64|84|92|91|107|124|105|118|135|115|139|181|146|157|190|175|172|161|162|180|152|130|127|140|151|150|157|163|137|184|154|163|134|156|160|150|162|165|178|155|182|171|195|156|166|126|157|128|133|119|137|144|128|152|165|162|148|157|148|228|
2012-07-21|2|1_CTs|ct17||193|189|153|132|133|135|94|85|82|91|62|74|54|45|40|35|38|46|51|48|38|37|35|41|41|41|44|56|48|65|75|72|59|87|78|92|103|113|141|160|164|173|208|203|206|199|194|194|185|177|151|174|166|158|151|149|168|141|162|167|177|192|222|204|215|203|220|197|218|227|215|201|215|213|227|249|213|193|221|188|191|224|236|210|223|232|212|195|225|194|210|193|207|225|214|205|
2012-07-21|2|1_CTs|CT19||92|94|57|62|52|56|48|36|27|42|40|30|24|32|25|24|11|14|17|15|16|11|14|16|19|12|17|19|29|33|36|40|41|43|54|55|55|58|92|88|93|102|122|128|91|115|117|135|101|107|88|112|82|88|91|80|99|88|83|102|108|124|121|120|129|97|95|92|81|58|84|107|130|100|107|108|113|116|132|115|117|126|123|113|104|138|135|102|102|114|114|110|112|120|112|119|
2012-07-21|2|1_CTs|CT20||79|82|83|75|58|66|64|48|53|56|38|44|31|32|38|40|36|25|31|28|22|14|15|17|12|18|13|20|23|21|28|23|19|29|29|37|47|39|63|49|61|57|60|67|64|88|79|68|87|77|72|69|66|78|68|59|55|71|61|59|50|65|68|73|75|88|78|72|65|72|95|83|74|74|72|68|75|64|86|78|90|86|86|73|77|92|73|66|67|69|76|93|81|56|85|86|
2012-07-21|2|1_CTs|CT21||60|58|44|44|33|21|33|21|12|30|18|18|12|8|14|10|9|13|9|6|9|6|4|6|10|6|6|8|14|8|16|9|12|19|13|16|20|19|36|33|46|44|47|34|49|59|57|37|51|62|48|49|32|38|38|48|40|55|38|36|41|49|47|39|40|53|33|47|39|46|59|50|51|33|58|44|54|53|46|49|48|65|55|50|43|48|43|37|38|41|47|59|57|36|54|42|
