2011-08-01|3|1_CTs|ct1||59|51|49|55|85|67|46|27|23|15|18|15|13|9|4|7|3|4|5|6|8|6|10|22|15|28|33|39|47|65|94|146|153|184|202|215|194|183|200|192|179|161|163|170|165|172|168|176|192|178|205|200|176|153|161|181|163|161|205|193|210|198|201|192|160|162|176|164|184|198|180|195|213|200|207|193|174|199|175|166|133|149|147|106|96|104|82|83|90|91|52|72|64|51|69|62|
2011-08-01|3|1_CTs|ct3||166|130|116|126|119|154|105|65|81|42|50|44|40|30|15|18|16|22|25|30|32|32|44|78|70|92|102|133|150|143|258|313|343|435|429|473|448|428|438|455|421|397|423|409|355|405|401|413|415|360|407|434|396|358|430|391|397|417|431|416|417|425|423|425|380|324|354|362|348|408|373|322|321|331|347|344|291|322|341|349|296|297|305|226|237|229|254|203|211|181|173|157|159|140|155|161|
2011-08-01|3|1_CTs|ct5||129|123|158|105|73|88|104|84|62|91|72|76|48|38|46|36|29|25|19|32|21|30|46|37|76|68|100|102|124|142|166|222|277|297|321|318|318|365|398|332|291|347|326|418|357|360|378|354|355|333|296|367|380|270|363|348|339|365|364|423|391|395|386|406|363|379|390|413|367|352|368|326|400|392|373|325|399|390|327|338|256|289|286|229|223|213|192|196|200|210|207|206|186|186|207|143|
2011-08-01|3|1_CTs|ct6||79|87|80|71|86|79|93|48|57|39|28|23|23|22|19|18|11|14|17|9|7|12|9|17|16|13|18|46|39|60|77|97|119|141|179|182|172|189|186|150|159|177|157|170|179|163|160|191|200|203|213|204|198|177|167|172|184|200|167|232|213|207|189|198|227|226|241|257|271|258|275|253|277|276|292|272|281|253|266|214|202|229|177|133|125|132|99|106|123|109|89|85|90|93|102|88|
2011-08-01|3|1_CTs|ct7||103|101|89|67|85|85|98|53|45|46|43|34|23|16|23|8|15|15|13|8|16|27|19|26|18|25|32|32|50|66|80|88|107|169|164|186|193|163|179|166|165|151|157|163|177|174|164|185|222|184|198|184|200|200|195|209|170|190|199|195|204|220|217|202|209|215|230|256|198|225|194|171|210|194|213|209|203|214|176|172|158|144|129|109|110|107|113|105|134|117|109|90|119|109|101|113|
2011-08-01|3|1_CTs|ct9||75|93|77|88|94|71|64|53|45|55|39|51|26|37|25|33|37|26|21|28|17|23|27|25|23|38|37|46|41|80|84|96|128|138|152|171|154|159|181|164|145|167|128|149|156|163|144|153|163|127|147|117|105|124|95|105|117|122|170|152|138|164|155|158|150|153|123|138|148|155|162|155|179|137|178|177|164|167|146|142|131|129|111|84|107|93|91|86|99|87|78|84|83|86|83|101|
2011-08-01|3|1_CTs|ct10||57|63|62|57|43|33|36|31|36|36|35|19|21|22|20|19|23|14|15|13|17|15|18|19|20|15|25|28|26|31|50|67|79|80|102|119|95|125|112|122|101|94|103|116|111|113|120|107|127|112|97|118|128|91|111|92|77|84|113|111|108|129|122|121|117|110|138|127|140|124|130|111|121|129|113|118|113|104|97|126|84|94|76|76|64|72|57|51|57|70|60|63|56|55|70|53|
2011-08-01|3|1_CTs|CT11||19|17|20|14|25|28|21|20|10|12|9|14|8|13|7|11|13|11|11|9|5|8|10|17|12|11|17|27|24|25|33|40|30|37|53|34|50|50|55|47|44|46|45|51|52|57|54|49|44|57|57|45|59|45|67|48|48|47|59|45|67|63|62|49|65|59|55|55|46|57|53|58|66|58|60|63|53|60|47|52|46|44|50|36|49|38|39|43|44|41|20|29|28|26|20|16|
2011-08-01|3|1_CTs|CT12||18|26|31|26|28|12|19|18|26|27|15|9|13|11|11|11|12|11|12|12|16|10|15|9|10|14|17|13|10|14|22|22|24|17|28|28|24|41|35|37|32|31|44|43|37|30|42|34|40|28|30|31|38|32|36|35|33|25|34|24|34|36|32|32|28|37|45|28|47|37|47|26|37|43|32|36|34|33|27|52|34|38|28|20|19|32|27|17|28|26|16|28|23|17|31|19|
2011-08-01|3|1_CTs|CT16||8|16|17|11|17|16|13|12|6|6|11|7|5|5|3|7|4|6|2|6|1|4|5|4|6|3|14|6|9|13|14|16|12|23|19|24|37|19|32|37|30|30|32|37|35|34|36|35|37|20|26|23|30|27|17|26|30|29|29|43|24|34|33|30|27|38|35|29|53|39|39|32|38|46|40|29|36|34|29|23|38|23|17|20|18|18|17|14|17|16|11|15|19|16|19|14|
2011-08-01|3|1_CTs|ct17||79|83|69|66|59|30|52|38|36|29|37|22|23|22|11|19|14|9|17|18|19|21|20|25|31|29|45|56|60|75|113|143|173|210|264|277|251|292|258|262|230|193|217|206|189|183|223|199|194|178|176|180|205|207|184|162|174|209|211|248|213|223|208|218|170|225|217|183|213|176|200|206|208|215|172|205|185|180|162|163|165|183|150|137|127|110|101|100|101|98|95|83|80|82|70|75|
2011-08-01|3|1_CTs|ct18||80|89|81|82|66|45|51|46|51|50|43|30|31|26|20|19|25|14|22|20|26|15|28|29|29|23|43|49|50|58|100|110|146|156|186|197|177|194|194|199|164|164|183|182|165|173|172|151|149|161|169|161|151|144|154|135|129|151|182|175|150|182|175|175|156|162|203|157|197|167|177|171|180|193|127|150|151|165|161|159|118|144|131|103|105|101|100|81|93|103|90|89|89|79|84|64|
2011-08-01|3|1_CTs|ct19||0|0|0|0|0|0|1|0|1|0|0|0|0|0|0|0|0|0|0|0|0|0|4|1|3|3|5|4|7|6|5|10|4|5|4|9|6|10|7|12|5|6|5|6|5|7|5|4|6|4|5|12|6|5|6|6|5|6|7|4|8|7|9|5|6|5|5|6|7|5|7|5|0|3|10|6|5|6|6|5|11|5|4|8|7|3|2|4|1|2|2|1|0|4|1|3|
2011-08-01|3|1_CTs|ct20||47|41|35|48|40|20|24|29|11|10|11|8|6|9|7|1|7|6|7|10|12|11|9|23|22|28|50|48|63|91|145|131|139|156|180|142|155|165|141|168|172|145|140|135|146|139|119|137|150|125|127|117|115|127|112|141|118|133|163|138|153|132|143|149|138|122|132|139|128|134|117|139|132|130|127|195|164|170|134|116|108|111|99|92|79|88|101|65|91|62|58|51|52|69|50|51|
2011-08-01|3|1_CTs|ct22||4|4|4|3|3|2|2|1|3|2|0|1|4|2|1|1|1|3|0|2|2|0|2|3|5|1|4|4|4|3|5|5|11|14|12|26|19|16|20|18|23|19|20|31|27|22|18|21|22|27|25|28|27|17|22|20|16|21|19|24|33|24|26|17|25|30|42|37|50|40|39|41|43|49|22|42|27|27|21|20|18|14|12|12|12|6|3|5|6|5|4|4|5|7|8|3|
2011-08-01|3|1_CTs|CT23||80|98|79|95|142|143|133|71|46|31|26|16|27|23|5|8|4|9|10|10|10|7|15|6|8|18|30|24|27|65|86|103|150|208|207|241|179|188|200|194|169|167|153|198|175|157|162|179|188|180|274|271|223|211|171|175|185|174|190|211|250|212|219|252|249|266|263|264|314|292|326|337|393|375|369|389|373|341|355|298|268|280|237|191|168|144|143|138|160|144|89|73|100|100|81|76|
2011-08-01|3|1_CTs|ct24||233|222|200|148|132|95|114|113|75|72|52|41|36|42|39|24|15|31|29|45|48|59|86|96|139|178|273|414|527|663|861|911|903|987|915|935|780|900|904|920|889|803|849|839|781|767|724|777|684|715|702|739|650|654|690|678|744|724|785|732|774|747|712|698|624|574|626|644|680|679|788|767|795|757|819|835|809|786|613|550|494|513|419|411|345|383|320|337|292|355|278|285|250|260|233|184|
