2014-01-12|3|1_CTs|ct1||109|75|81|53|54|42|45|41|36|21|24|24|25|22|8|23|8|14|11|6|13|6|4|9|6|9|14|18|16|16|17|21|20|32|21|33|28|23|40|44|47|66|55|65|67|76|70|80|107|105|109|105|91|104|106|89|78|92|89|104|108|101|114|106|82|91|75|72|79|76|83|86|116|109|110|102|83|101|81|94|88|75|75|50|56|59|64|54|40|53|38|33|26|33|33|30|
2014-01-12|3|1_CTs|ct3||180|158|156|124|97|108|95|93|49|36|55|38|47|41|44|40|26|38|22|31|22|33|20|18|19|51|33|34|41|32|30|35|44|48|40|57|63|55|69|60|76|89|99|111|95|111|112|112|124|109|146|144|113|125|139|126|101|117|122|119|125|138|118|132|108|147|106|92|100|88|112|109|132|141|146|127|120|120|99|110|110|80|90|82|85|90|78|72|39|42|54|50|40|60|41|61|
2014-01-12|3|1_CTs|ct5||134|138|118|175|112|107|91|77|77|90|68|65|61|53|60|63|48|48|54|30|26|37|28|25|29|31|27|28|21|30|46|38|43|47|50|56|58|53|79|55|64|63|57|73|88|106|82|90|107|151|116|134|138|153|119|105|123|128|138|139|139|147|159|161|137|152|142|103|125|142|119|122|145|157|190|144|144|151|136|119|133|185|118|87|85|113|91|81|96|97|80|71|74|74|62|81|
2014-01-12|3|1_CTs|ct6||18|15|12|10|14|7|6|6|5|7|5|6|4|6|4|7|2|3|2|1|3|2|0|2|2|1|0|4|3|3|11|6|5|3|6|8|7|4|9|14|8|15|12|13|15|7|19|14|18|24|18|27|25|25|21|20|19|20|29|19|27|33|39|28|23|36|25|27|18|22|33|14|24|26|18|23|33|19|30|13|16|18|16|19|17|18|14|19|16|4|8|8|14|11|6|4|
2014-01-12|3|1_CTs|ct7||121|144|131|178|121|148|148|89|115|129|138|87|88|121|101|85|80|85|95|62|54|54|54|56|48|54|44|34|45|40|38|55|42|42|44|54|50|65|42|65|66|52|52|59|92|71|86|117|88|115|90|122|129|126|76|102|87|115|140|104|114|132|140|88|104|129|117|90|114|94|106|98|120|111|111|89|116|110|103|89|108|128|100|84|70|105|70|75|77|66|58|59|63|64|74|89|
2014-01-12|3|1_CTs|ct8||66|81|70|104|63|73|63|54|51|57|42|43|40|44|47|36|32|43|46|31|33|28|19|23|23|25|19|19|19|30|21|16|23|22|19|44|24|23|32|33|32|28|27|32|43|38|42|38|46|43|57|57|57|60|42|52|64|51|56|62|62|76|67|50|55|74|59|51|51|61|51|51|59|59|52|40|57|49|48|48|57|64|44|30|32|32|35|30|31|37|36|28|34|23|25|37|
2014-01-12|3|1_CTs|ct9||104|150|107|133|126|137|108|103|94|91|113|84|60|63|85|74|62|73|83|62|39|33|38|42|31|29|55|44|35|30|41|31|45|42|46|45|42|52|58|49|59|64|65|84|80|83|78|94|107|94|99|89|98|111|107|102|85|94|123|93|124|107|120|112|110|86|92|91|102|107|72|105|137|127|129|119|111|108|95|93|81|103|91|83|109|99|87|88|70|74|75|65|56|55|52|74|
2014-01-12|3|1_CTs|ct10||80|106|110|122|70|94|104|112|88|109|95|90|97|85|95|86|68|85|89|61|54|44|55|39|44|44|39|44|23|30|28|31|20|31|27|39|25|33|27|34|39|52|55|45|62|57|66|70|67|66|91|100|90|94|90|85|113|85|106|96|94|91|90|103|78|87|82|85|99|99|96|82|98|88|89|94|99|88|76|62|90|92|76|78|71|71|58|59|67|61|54|60|50|46|41|41|
2014-01-12|3|1_CTs|ct13||712|1060|1857|733|568|1104|2054|2465|2562|3759|3189|1883|947|822|238|1070|193|1115|917|1592|1605|2803|452|1120|1441|416|88|789|1552|297|3178|692|586|289|126|2368|2473|1494|164|128|128|144|306|152|171|160|197|229|196|212|246|806|239|257|160|216|2878|196|184|1025|1461|2533|4316|4345|1216|5454|3921|3291|3058|3288|559|749|1101|417|1709|4314|1645|1484|1483|1182|2318|1112|255|236|1524|1216|2612|3795|3405|1453|3807|2759|765|1041|3398|932|
2014-01-12|3|1_CTs|ct14||55|62|63|45|46|44|31|24|24|34|14|16|20|25|13|14|10|5|10|15|12|7|13|7|18|24|16|28|22|39|67|68|26|27|39|53|40|50|58|83|62|75|74|81|72|59|71|65|69|84|104|138|113|115|122|110|115|126|116|133|155|160|182|163|157|121|129|114|107|105|99|117|132|136|151|154|138|126|138|110|91|98|73|76|78|81|76|89|87|63|72|61|51|55|46|39|
2014-01-12|3|1_CTs|CT16||100|84|79|105|86|80|83|86|68|74|64|71|56|62|78|65|44|55|53|46|48|31|29|33|24|19|30|52|36|25|31|20|19|43|38|32|21|33|32|36|39|61|44|53|49|55|62|61|72|63|78|74|88|57|104|76|86|99|114|85|110|116|118|105|64|58|58|71|92|76|83|71|105|109|107|83|108|89|74|73|77|81|100|70|56|78|67|63|61|44|48|62|35|62|34|30|
2014-01-12|3|1_CTs|ct17||95|89|102|105|72|81|88|74|64|63|62|52|49|52|73|59|49|53|47|38|42|28|31|45|39|33|32|36|41|33|28|37|27|34|40|39|40|53|49|60|63|73|74|76|103|99|100|100|120|131|120|106|129|128|142|127|142|135|128|159|133|134|138|150|130|119|97|117|127|128|112|109|147|141|113|123|124|120|111|120|143|113|111|94|96|74|69|71|78|70|53|52|59|52|48|37|
2014-01-12|3|1_CTs|ct18||118|134|144|156|106|131|132|132|104|122|113|114|120|103|124|97|92|94|105|69|74|54|60|50|56|50|51|57|38|48|43|39|33|39|42|52|38|45|52|49|58|74|81|74|98|81|95|88|84|95|126|142|117|137|129|130|145|136|127|124|142|145|130|154|117|131|92|125|120|124|139|119|140|126|112|141|123|105|110|93|116|115|108|89|88|92|78|86|91|71|77|71|61|56|51|47|
2014-01-12|3|1_CTs|ct19||0|3|0|3|0|1|0|0|0|0|1|0|0|1|1|0|1|1|2|0|0|0|3|0|2|2|0|3|0|2|3|1|4|1|1|3|2|1|1|0|2|0|2|1|1|5|2|2|4|1|4|1|3|1|6|4|2|1|6|2|2|1|3|1|1|2|2|2|2|3|2|1|3|2|4|2|2|2|2|0|2|0|2|6|1|2|1|0|1|1|0|0|0|2|0|0|
2014-01-12|3|1_CTs|ct22||6|4|7|2|2|6|2|6|1|3|0|7|5|5|4|1|1|4|3|2|1|1|2|2|1|0|1|0|4|0|2|2|4|3|4|6|1|3|2|6|2|7|17|9|8|5|8|4|17|22|11|7|10|2|11|7|7|7|9|4|14|12|7|11|12|6|8|7|15|5|11|4|17|8|17|10|8|12|9|8|8|5|3|4|4|5|7|5|7|1|5|5|1|6|4|5|
2014-01-12|3|1_CTs|CT23||149|126|111|71|85|63|72|50|63|47|53|55|42|39|26|27|21|18|26|19|24|27|18|18|13|25|25|35|18|26|43|37|52|54|37|49|38|45|48|90|51|87|75|98|93|103|111|132|148|174|159|176|177|167|178|126|159|152|146|150|206|171|173|190|165|165|146|118|149|161|153|156|214|240|199|190|178|169|185|169|153|145|134|127|105|87|110|98|92|98|63|51|77|73|64|61|
2014-01-12|3|1_CTs|ct24||287|284|269|222|195|183|149|129|113|123|97|70|83|95|53|69|44|41|54|48|46|48|72|46|69|99|98|97|116|150|206|173|111|138|176|219|180|221|254|303|291|329|353|398|385|380|392|405|394|427|541|554|555|560|585|530|511|561|605|531|607|666|659|626|553|607|542|533|475|464|449|463|523|602|612|603|567|491|501|433|421|414|349|300|282|318|278|289|286|213|239|204|243|191|160|150|
