2012-05-21|6|1_CTs|CT1||0|1|0|1|0|0|1|2|0|0|0|1|0|0|0|1|0|2|1|0|2|2|1|4|3|4|11|4|2|8|4|9|42|48|6|13|23|16|19|11|3|1|6|5|2|4|5|10|6|7|6|3|5|4|2|1|5|5|3|4|0|3|4|7|3|1|8|8|3|1|5|3|4|5|4|2|1|5|3|0|3|4|0|1|0|1|1|1|0|0|8|16|12|1|1|0|
2012-05-21|6|1_CTs|CT3||21|9|20|15|8|2|5|2|11|4|4|1|2|2|2|3|6|9|9|17|25|30|38|35|60|43|42|36|59|68|68|105|110|110|114|125|116|107|116|71|75|72|91|71|78|69|70|51|66|71|58|52|59|66|69|54|59|53|51|59|55|71|51|75|75|65|59|84|67|74|86|72|60|63|69|49|45|46|36|36|48|45|30|29|24|28|18|32|21|20|22|21|26|23|21|18|
2012-05-21|6|1_CTs|CT4||6|4|7|1|5|4|2|3|0|0|0|0|0|2|2|1|0|4|1|3|1|2|2|1|3|3|3|2|9|17|16|33|33|26|30|25|25|15|25|31|20|26|29|29|26|29|29|22|30|44|29|27|39|43|20|19|32|28|20|28|16|38|26|21|36|38|35|39|57|46|56|39|48|49|60|51|61|49|31|36|41|28|27|16|28|20|23|20|21|16|14|12|16|10|18|4|
2012-05-21|6|1_CTs|CT5||12|12|10|11|3|3|13|5|10|2|4|3|4|6|1|4|4|3|6|5|5|12|7|12|14|11|14|18|23|36|36|54|60|67|71|84|81|65|78|77|75|84|67|61|79|85|69|68|68|55|62|62|70|47|46|50|74|60|78|64|83|72|85|80|62|80|85|58|62|80|83|70|55|71|82|69|66|51|57|57|55|63|52|43|32|33|32|35|43|30|19|29|21|26|23|28|
2012-05-21|6|1_CTs|CT6||14|12|10|18|4|7|8|4|1|3|1|2|1|4|3|3|6|3|4|6|9|6|19|13|19|13|21|21|38|51|68|105|149|191|169|175|193|154|138|122|118|105|101|109|114|80|82|99|108|84|89|112|90|100|84|110|102|126|117|130|117|107|112|92|110|95|119|124|145|135|158|130|120|119|136|136|96|87|98|111|100|82|86|93|76|79|66|60|59|58|48|48|36|39|19|21|
2012-05-21|6|1_CTs|CT7||5|1|3|3|2|4|6|3|0|1|1|1|1|0|1|1|0|1|2|1|2|2|2|3|7|3|6|9|8|13|15|22|36|31|29|46|36|34|30|33|27|19|15|25|17|32|40|22|18|21|30|25|23|26|29|28|22|25|28|26|25|17|20|21|24|27|28|40|37|30|42|44|33|29|29|37|19|27|21|17|24|9|14|15|11|11|10|8|7|10|5|4|4|4|4|9|
2012-05-21|6|1_CTs|CT8||30|21|27|19|12|15|12|8|14|6|5|11|10|8|1|10|8|6|3|6|5|15|13|23|20|32|32|53|71|118|178|184|242|246|242|229|211|217|199|205|155|140|178|143|141|126|135|125|128|132|157|150|151|135|150|153|153|146|169|172|150|168|147|171|131|159|165|174|173|174|178|185|192|214|204|196|184|169|153|157|165|129|118|103|101|77|103|95|91|70|69|76|69|69|55|37|
2012-05-21|6|1_CTs|CT9||38|42|27|20|16|7|10|10|9|13|9|4|5|3|4|2|4|9|6|13|12|17|22|33|40|48|54|66|99|142|180|257|288|354|374|380|380|333|339|239|217|201|181|203|207|212|189|181|218|196|186|209|214|213|226|204|212|226|204|190|197|222|218|223|208|199|257|267|245|263|273|296|302|281|286|260|252|217|196|202|185|180|142|113|116|133|114|86|96|90|86|67|78|62|54|48|
2012-05-21|6|1_CTs|CT10||23|26|23|11|6|6|15|10|8|3|7|3|6|5|7|1|1|3|5|5|8|11|12|20|22|35|42|41|58|64|87|149|169|171|189|222|178|189|198|218|189|189|163|144|160|152|205|237|234|226|206|176|160|142|119|131|128|143|131|147|140|146|148|164|146|147|171|151|206|193|212|210|212|216|236|207|196|172|169|202|143|154|116|99|96|75|71|84|59|62|64|43|34|47|25|23|
2012-05-21|6|1_CTs|CT11||24|28|13|19|9|4|11|8|4|5|2|9|5|4|6|6|1|5|1|4|14|15|15|20|27|33|66|85|107|147|249|324|359|325|349|281|310|265|274|274|224|206|203|171|190|183|155|171|191|150|181|210|223|189|195|196|201|201|205|192|193|186|210|197|201|230|254|240|227|238|264|227|219|235|190|226|166|161|152|163|110|131|86|106|71|88|80|85|71|67|12|50|53|44|41|29|
2012-05-21|6|1_CTs|CT12||26|21|19|19|11|11|12|12|11|10|9|5|7|2|8|6|3|4|5|7|11|15|19|15|24|27|41|54|62|72|156|192|278|290|253|267|296|306|236|284|198|183|157|165|181|190|216|247|240|202|205|222|176|171|142|145|131|191|186|171|157|186|182|165|179|209|215|249|259|268|286|295|259|303|315|284|263|207|200|217|176|170|118|132|86|86|76|80|82|52|53|43|46|46|38|34|
2012-05-21|6|1_CTs|CT13||28|23|21|15|10|11|15|13|2|10|4|6|6|1|5|3|4|9|9|12|10|19|21|41|37|39|42|60|68|103|152|187|212|252|247|288|280|260|223|179|182|157|140|164|131|177|163|163|183|156|162|183|144|151|152|158|138|167|148|146|166|164|136|131|160|149|192|228|194|202|226|256|236|212|256|220|183|171|146|142|162|127|110|85|75|72|61|63|60|64|68|37|44|36|39|40|
2012-05-21|6|1_CTs|CT14||20|19|10|16|13|6|12|5|6|2|9|4|6|1|3|5|4|3|4|2|8|8|18|12|19|25|13|27|36|39|58|71|67|108|109|109|130|125|122|140|118|92|89|96|99|115|174|206|217|181|152|153|104|96|103|74|100|91|114|106|86|111|109|105|87|117|126|115|143|162|137|167|143|171|177|169|152|113|128|138|115|109|66|80|72|56|49|53|61|42|52|53|31|32|33|18|
2012-05-21|6|1_CTs|CT15||11|13|12|12|6|3|7|4|7|8|3|1|0|4|2|3|4|4|6|9|14|22|22|17|29|22|21|32|42|64|86|141|202|155|183|184|172|143|147|123|93|78|86|79|76|92|72|51|82|78|60|73|109|84|72|68|65|84|76|70|76|62|57|66|67|86|85|98|89|89|103|125|78|85|88|94|75|72|66|49|66|50|53|32|33|40|25|29|21|31|22|18|12|15|9|20|
2012-05-21|6|1_CTs|CT16||26|33|16|20|13|8|22|14|4|5|5|5|9|6|5|7|2|5|4|1|13|10|8|23|25|34|50|57|75|113|145|220|266|272|228|244|229|226|246|264|229|190|199|180|167|176|157|169|168|164|163|197|201|186|162|169|152|189|177|170|180|174|191|164|164|188|211|239|209|226|263|219|211|246|241|207|178|185|178|167|135|121|104|106|91|79|93|97|69|70|76|55|51|43|39|30|
2012-05-21|6|1_CTs|CT17||12|10|8|12|6|8|1|4|5|7|7|0|0|1|1|3|4|5|1|2|1|3|4|5|9|5|7|14|8|18|38|83|74|93|88|93|92|108|76|73|56|60|60|67|80|82|73|56|65|76|73|84|71|66|59|59|85|84|75|65|80|98|84|85|82|83|106|100|91|80|81|110|109|102|132|104|124|120|76|93|82|72|63|58|50|62|47|33|33|30|27|33|30|32|24|14|
2012-05-21|6|1_CTs|CT18||51|38|35|40|9|10|23|10|22|8|7|9|9|13|4|12|9|8|9|11|16|25|16|31|34|41|46|65|83|131|152|256|279|333|274|321|309|288|281|300|283|249|232|226|237|245|219|213|215|210|216|236|246|216|206|205|245|239|272|243|228|250|255|238|245|239|288|310|274|286|298|293|281|297|307|299|261|247|223|237|199|178|178|178|136|133|110|139|142|101|81|84|75|88|64|65|
2012-05-21|6|1_CTs|CT19||29|21|17|16|13|12|15|11|10|9|9|2|3|2|5|9|7|6|7|6|2|6|10|7|9|9|19|20|19|30|66|87|182|171|134|189|179|164|158|138|118|122|133|119|127|131|128|120|120|116|124|124|129|140|111|111|124|135|127|124|139|162|152|159|140|150|170|191|173|188|180|221|212|244|209|210|193|181|139|156|144|129|97|94|69|86|68|76|73|56|57|59|43|48|44|30|
2012-05-21|6|1_CTs|CT20||14|11|9|13|7|3|7|6|5|8|3|1|0|4|2|4|5|2|1|10|5|15|15|15|21|20|23|20|39|49|63|87|128|143|128|159|142|141|122|11|118|102|119|73|71|87|40|91|111|6|88|110|108|116|99|125|105|62|78|122|117|119|108|95|35|65|73|151|165|160|122|26|31|74|132|118|156|126|83|116|50|34|72|79|55|69|64|44|59|36|36|37|34|30|25|25|
2012-05-21|6|1_CTs|CT21||70|70|62|27|32|23|24|17|12|19|7|6|9|12|8|7|9|13|20|25|34|26|42|47|50|64|58|95|127|199|265|336|340|372|359|409|363|364|321|276|275|250|261|261|218|214|209|206|211|217|220|215|226|227|214|214|214|230|243|245|225|244|252|238|254|234|248|227|247|256|239|258|281|250|267|250|200|238|189|185|141|169|124|157|133|143|96|102|118|95|105|78|83|75|79|70|
2012-05-21|6|1_CTs|CT22||78|56|51|46|35|27|24|29|21|22|15|10|17|17|9|13|17|18|31|33|42|49|68|89|87|74|77|109|102|142|155|199|235|271|299|322|328|313|281|278|258|272|258|240|234|257|243|312|304|301|262|271|275|237|253|222|272|284|289|279|296|285|326|291|309|357|333|368|360|381|367|372|367|374|411|335|319|314|317|290|294|249|218|197|171|184|153|178|138|169|135|126|88|120|122|91|
2012-05-21|6|1_CTs|CT23||63|36|51|39|18|18|17|13|15|16|9|11|13|13|3|10|7|11|9|10|12|28|33|38|38|55|51|80|131|166|245|283|341|347|367|392|334|326|322|325|282|264|263|245|227|244|226|219|213|214|243|269|248|248|213|272|243|238|285|252|275|285|219|267|231|257|287|298|288|293|276|333|345|325|337|330|270|279|270|229|241|216|204|175|146|145|123|131|120|112|98|118|99|97|83|71|
2012-05-21|6|1_CTs|CT24||55|43|34|30|24|21|21|25|19|12|12|14|8|11|9|9|8|13|19|16|26|25|25|53|41|48|54|84|100|141|176|210|246|325|326|324|327|336|321|319|330|296|249|251|260|223|223|304|310|283|316|258|239|219|221|226|247|270|245|307|281|272|280|245|338|287|314|324|350|361|349|365|377|370|429|354|378|337|337|285|300|259|206|184|160|156|113|122|132|150|111|108|96|111|89|87|
