2012-09-30|2|1_CTs|ct1||24|29|21|17|17|16|23|20|8|16|16|8|6|10|12|12|13|13|12|10|8|9|9|9|9|10|13|8|6|4|5|13|7|9|16|14|23|23|19|28|19|13|22|16|20|21|20|27|27|25|17|27|12|19|29|26|21|29|20|22|26|24|21|22|24|34|38|20|29|28|21|25|21|27|14|20|22|19|18|31|22|35|22|24|26|26|9|13|16|15|12|13|10|9|21|9|
2012-09-30|2|1_CTs|ct2||45|45|54|42|35|37|39|37|23|29|20|14|27|21|24|21|20|26|24|19|12|19|18|14|15|14|18|14|10|13|17|16|9|14|24|16|29|34|38|41|36|35|50|39|45|32|33|47|38|29|24|29|24|45|32|45|34|34|36|35|41|35|41|49|29|47|51|47|62|38|35|30|24|43|38|38|32|41|39|50|49|52|53|46|30|35|27|33|29|26|25|33|20|34|28|24|
2012-09-30|2|1_CTs|ct3||173|175|171|160|147|133|117|123|98|84|75|63|64|59|80|57|44|51|55|47|28|43|42|48|28|48|45|38|36|34|49|63|44|56|58|63|83|109|110|143|124|108|121|146|149|117|137|126|114|171|123|112|119|139|131|136|139|146|157|152|157|179|176|190|142|168|158|150|188|161|135|138|143|147|137|130|140|137|119|150|139|140|139|129|117|93|111|105|95|91|96|69|59|100|84|89|
2012-09-30|2|1_CTs|ct4||84|62|87|54|61|69|84|53|61|52|61|47|38|54|41|39|34|45|49|42|40|17|36|21|34|27|31|32|30|25|23|39|28|27|30|36|41|56|73|64|86|78|75|95|105|96|106|90|98|106|101|101|100|107|107|90|124|62|108|97|95|128|105|127|131|109|144|153|148|106|147|131|116|128|118|112|91|93|90|104|64|81|77|67|64|48|54|47|46|50|45|63|62|53|54|47|
2012-09-30|2|1_CTs|ct5||159|139|133|97|111|120|119|91|96|77|85|58|61|81|65|71|53|61|60|69|46|32|41|35|43|34|46|38|40|42|34|48|42|46|48|67|72|84|94|80|114|117|108|135|141|136|144|129|152|169|157|155|150|137|156|122|163|132|166|160|153|168|172|174|202|183|221|227|210|175|202|187|194|205|191|158|146|168|172|181|144|132|140|105|115|94|109|105|89|85|87|85|89|87|73|83|
2012-09-30|2|1_CTs|ct6||275|269|234|237|219|244|204|195|185|147|150|125|124|134|123|104|96|90|106|97|59|51|68|43|59|61|66|50|84|59|75|86|65|74|61|89|101|117|128|144|160|174|177|188|222|232|206|158|243|255|238|257|242|246|256|209|223|215|259|244|270|268|272|250|287|301|332|280|315|280|295|289|288|327|323|289|310|293|322|276|294|257|236|222|213|200|220|251|188|186|163|149|167|264|206|153|
2012-09-30|2|1_CTs|ct17||164|184|157|156|158|131|105|133|110|86|85|68|45|48|62|65|39|48|46|54|30|23|37|35|20|37|40|30|34|26|34|42|41|56|54|56|74|93|110|128|126|97|120|135|171|106|137|137|144|156|142|129|134|136|146|143|145|134|163|187|176|186|156|163|180|178|173|189|181|174|165|147|162|162|137|149|132|123|111|147|130|134|125|111|112|76|107|88|80|80|85|67|56|76|76|66|
2012-09-30|2|1_CTs|CT19||74|65|65|68|70|61|59|60|53|40|53|32|29|25|29|37|23|21|23|14|12|8|12|19|14|18|11|12|15|7|16|18|22|27|26|22|26|32|62|62|67|60|53|73|78|64|66|64|84|64|65|86|76|88|98|73|80|76|79|92|109|99|95|101|110|100|117|94|112|115|96|82|101|108|119|81|93|72|72|75|72|55|62|58|60|41|45|56|49|38|54|39|31|44|35|44|
2012-09-30|2|1_CTs|CT20||63|65|61|69|52|45|68|73|66|61|67|47|55|48|60|53|44|25|37|26|33|17|16|13|17|17|10|22|15|13|11|23|13|18|25|20|25|35|21|33|28|40|35|41|38|43|50|56|42|54|47|51|45|44|50|60|50|34|57|40|29|46|43|59|58|42|51|47|57|48|61|50|53|66|40|53|50|56|84|67|67|55|69|47|54|42|48|48|46|51|39|34|54|39|42|33|
2012-09-30|2|1_CTs|CT21||37|31|32|39|35|22|36|29|31|27|26|15|15|17|25|16|17|11|18|10|10|7|11|3|8|6|6|12|5|8|6|10|6|12|13|15|18|24|19|33|29|38|36|36|33|51|48|44|42|42|42|40|44|47|35|44|51|30|46|42|31|37|33|44|39|50|43|44|37|46|41|46|46|49|42|49|43|43|38|45|45|36|29|32|29|25|26|23|27|43|20|21|23|26|18|23|
