2011-11-20|2|1_CTs|ct1||108|106|98|84|69|26|0|2|0|0|0|1|4|7|2|1|3|2|1|5|6|10|16|15|9|14|13|22|18|14|17|35|19|18|37|24|31|45|58|57|54|59|46|58|70|72|78|70|80|81|88|90|69|73|80|77|89|86|104|114|113|108|118|111|129|129|139|127|102|99|108|118|91|103|103|96|94|79|82|73|71|42|67|54|54|37|50|58|49|45|43|34|34|32|42|26|
2011-11-20|2|1_CTs|ct2||38|19|40|37|30|20|0|1|1|0|0|5|2|5|4|3|3|4|1|3|10|15|9|9|12|13|12|13|13|9|15|12|8|17|18|13|17|20|24|19|32|26|23|24|20|27|31|28|22|20|31|30|21|26|31|25|20|28|18|30|25|22|23|30|25|26|31|20|23|25|18|23|23|29|17|26|18|19|24|23|20|17|19|17|12|19|11|16|12|10|14|15|18|13|8|13|
2011-11-20|2|1_CTs|ct3||176|180|187|176|156|164|161|155|160|140|96|87|73|55|69|37|38|36|35|31|40|43|41|41|34|37|38|46|33|31|46|59|30|53|67|46|58|71|94|96|97|97|75|94|102|113|136|111|132|117|127|122|110|111|124|106|133|119|138|145|156|166|174|160|183|179|178|178|146|146|145|170|152|147|148|126|143|121|120|111|104|79|112|78|81|63|79|85|76|75|74|70|63|56|66|46|
2011-11-20|2|1_CTs|ct4||92|76|72|78|99|83|60|63|46|54|59|38|35|38|49|31|39|25|22|22|31|24|32|31|25|31|21|37|26|34|32|22|33|28|19|34|28|45|51|46|38|47|40|49|51|56|57|68|63|60|77|62|81|85|73|48|65|51|51|86|59|75|85|92|88|84|55|70|113|83|119|94|103|79|93|73|81|78|93|71|59|53|59|58|47|38|49|46|63|36|41|36|62|36|53|50|
2011-11-20|2|1_CTs|ct5||139|134|126|115|141|114|105|94|75|75|88|60|54|62|62|49|53|37|37|37|43|42|40|41|42|47|37|40|31|42|38|27|49|42|27|50|53|52|53|81|53|57|64|77|78|85|93|109|119|95|105|106|112|119|106|104|98|111|123|127|140|124|147|159|153|157|146|151|183|160|164|160|161|164|138|122|119|120|139|119|84|72|101|82|84|71|74|94|79|71|67|60|81|59|63|62|
2011-11-20|2|1_CTs|ct6||119|85|95|162|182|0|1|2|1|0|1|0|0|1|2|1|0|0|3|0|2|35|41|43|37|48|36|36|33|32|30|33|37|24|15|28|32|28|36|44|38|39|35|38|37|49|56|59|53|72|51|60|69|56|72|56|65|63|58|88|84|89|90|93|104|119|123|96|120|108|112|116|113|124|92|76|83|87|94|75|63|54|68|57|58|45|46|62|55|51|49|43|58|34|50|53|
2011-11-20|2|1_CTs|ct17||170|175|180|168|176|182|166|165|170|135|110|80|96|61|72|46|41|39|36|34|39|27|40|39|32|36|37|37|31|25|41|44|37|45|60|39|59|58|91|89|82|85|73|88|88|109|122|98|109|114|109|126|107|105|128|95|115|109|119|139|173|150|178|160|185|182|182|169|132|144|134|137|154|131|140|124|130|126|118|122|96|77|107|65|76|57|77|83|72|71|63|63|70|53|66|45|
2011-11-20|2|1_CTs|CT19||78|70|75|68|76|74|82|86|79|69|52|38|51|41|37|23|24|14|12|16|11|11|12|15|11|6|12|17|16|12|15|18|17|11|29|15|30|28|43|45|42|31|32|37|48|50|79|54|60|57|45|65|65|58|66|56|58|52|63|81|82|68|94|76|87|101|80|91|77|84|88|73|85|68|85|73|78|71|75|57|65|43|56|42|40|29|46|47|54|51|44|24|47|24|30|22|
2011-11-20|2|1_CTs|CT20||73|67|72|71|76|74|66|65|67|45|57|63|58|68|50|74|40|40|40|29|27|24|16|14|19|34|17|18|14|21|18|16|19|17|16|14|23|22|22|41|36|27|38|29|45|58|43|50|51|44|58|66|64|56|46|62|63|59|68|62|63|73|76|51|70|79|83|71|71|60|75|69|72|70|63|67|73|68|60|56|51|45|51|56|43|41|36|34|48|40|23|34|39|30|29|27|
2011-11-20|2|1_CTs|CT21||37|38|40|38|30|43|43|24|24|32|27|34|23|30|12|20|19|17|19|10|13|10|9|6|3|16|4|5|6|12|8|7|8|11|7|9|13|15|15|29|32|18|27|24|28|43|29|47|31|32|42|45|45|36|36|42|35|38|36|37|32|42|51|33|41|47|24|37|49|31|52|43|43|42|40|45|39|46|32|24|30|36|27|24|22|26|20|23|20|15|22|18|17|13|16|19|
