2012-11-05|6|1_CTs|CT1||2|1|0|1|0|0|0|1|2|0|0|0|1|0|0|1|0|2|1|1|1|1|3|3|3|9|7|4|3|6|6|9|11|9|22|11|12|1|7|15|2|7|2|5|2|4|5|1|4|4|6|3|3|12|5|6|4|3|2|6|7|2|5|5|1|8|5|6|5|8|10|6|6|2|4|10|8|3|1|5|3|2|3|2|1|2|0|1|0|1|0|18|14|2|1|2|
2012-11-05|6|1_CTs|CT3||15|22|26|17|11|9|6|8|2|2|2|5|2|4|7|4|7|5|16|15|25|34|42|48|57|56|50|52|46|73|74|80|91|114|130|166|125|78|69|82|51|53|44|33|55|59|76|50|47|47|52|43|61|55|61|46|53|44|43|65|46|50|43|49|56|60|76|69|53|74|67|72|49|59|75|64|45|47|42|37|47|30|23|26|31|28|24|17|17|17|20|24|20|14|23|14|
2012-11-05|6|1_CTs|CT4||4|8|3|4|4|4|0|1|3|1|2|3|1|2|1|0|1|2|1|2|1|0|2|1|4|3|0|2|10|10|7|38|70|51|33|22|27|36|31|25|26|27|22|27|14|12|19|13|25|31|29|30|46|35|20|23|30|25|17|24|31|32|27|35|27|35|42|60|41|57|67|63|73|55|51|64|50|49|49|30|40|40|28|21|22|12|15|15|5|7|16|3|7|16|7|4|
2012-11-05|6|1_CTs|CT5||7|9|9|9|7|8|3|2|5|1|2|2|2|1|0|2|4|3|3|5|3|0|4|7|10|12|8|13|16|23|32|37|51|49|62|77|93|85|56|62|62|66|49|71|81|80|75|67|70|63|64|60|61|66|57|66|69|60|77|73|70|82|33|68|62|70|78|71|75|85|87|75|68|65|75|59|55|51|81|50|58|57|29|44|46|43|39|30|30|31|27|16|25|28|22|19|
2012-11-05|6|1_CTs|CT6||11|7|6|8|13|4|1|1|2|3|5|2|1|5|7|1|3|6|4|5|9|8|11|14|17|16|9|27|32|37|68|109|144|197|167|189|181|157|138|121|100|111|87|93|101|83|96|95|96|100|75|98|96|106|107|107|108|101|113|94|110|107|90|100|87|101|127|133|119|141|151|132|132|153|144|113|108|102|78|88|108|94|74|45|62|75|60|61|41|63|45|44|31|45|24|23|
2012-11-05|6|1_CTs|CT7||2|3|4|4|1|5|2|0|0|1|1|1|0|0|3|0|0|2|1|1|1|0|4|3|4|1|7|10|13|9|17|26|43|34|37|40|44|31|42|33|25|26|19|26|27|18|25|18|24|18|33|25|36|22|22|29|24|20|13|25|27|24|19|23|29|26|28|24|33|40|32|30|33|35|39|30|18|24|23|16|19|22|14|14|11|4|6|7|9|4|2|6|3|4|2|3|
2012-11-05|6|1_CTs|CT8||32|36|24|26|19|6|10|5|12|11|8|9|13|3|6|5|5|8|7|5|6|16|13|17|22|39|35|45|82|112|198|213|234|179|159|142|174|121|157|164|149|140|142|132|124|130|125|127|124|133|156|157|133|152|128|152|158|133|142|132|156|145|120|139|145|136|164|163|172|188|189|206|192|209|210|182|157|165|169|147|116|117|98|100|94|78|70|75|60|58|77|53|49|59|52|41|
2012-11-05|6|1_CTs|CT9||42|38|29|20|18|16|3|17|8|7|5|7|6|5|5|1|4|3|9|4|9|16|24|33|41|42|61|56|101|125|209|285|321|374|388|405|355|336|258|226|195|213|202|183|192|183|157|228|177|168|233|196|211|203|184|195|181|247|217|221|215|231|219|208|266|317|249|259|268|266|337|333|316|304|335|290|229|234|167|161|163|155|142|123|112|103|111|87|93|77|78|60|75|70|53|46|
2012-11-05|6|1_CTs|CT10||29|15|23|12|12|10|4|6|4|8|3|8|4|4|4|3|3|3|4|3|8|3|18|21|24|28|35|48|61|52|112|159|194|184|185|210|239|201|216|162|165|142|138|135|140|146|127|164|133|149|146|141|126|130|149|118|136|167|165|165|145|159|157|182|174|191|175|190|213|219|209|226|230|233|161|16|103|253|191|200|164|148|100|82|97|95|81|60|52|61|65|53|44|38|27|36|
2012-11-05|6|1_CTs|CT11||32|15|18|16|12|15|7|8|4|6|6|4|2|4|1|5|5|7|7|4|9|15|20|22|28|31|54|73|98|141|257|333|386|363|327|321|314|316|285|224|221|221|194|179|183|182|147|168|164|170|197|193|204|188|181|189|184|199|202|182|207|201|187|205|184|221|249|204|242|240|251|211|193|212|204|197|183|129|115|118|125|106|84|94|85|87|72|69|67|60|50|34|31|65|36|40|
2012-11-05|6|1_CTs|CT12||34|23|15|15|16|8|4|10|8|9|8|9|4|2|2|6|3|8|5|4|9|9|18|21|27|28|35|52|61|82|122|221|265|319|273|272|301|263|248|194|219|166|158|166|152|155|153|182|146|158|131|166|194|175|184|184|171|199|189|182|192|181|189|196|206|226|231|251|244|298|277|303|288|276|276|186|171|257|209|202|182|169|103|106|95|86|84|68|75|47|65|56|46|48|37|36|
2012-11-05|6|1_CTs|CT13||30|33|19|14|16|14|4|9|2|8|6|7|4|3|6|5|4|7|7|4|9|17|21|38|50|47|56|52|82|97|162|222|257|297|301|313|283|258|232|193|175|168|168|153|163|174|144|82|39|31|49|34|45|42|151|445|336|44|39|35|47|37|47|39|50|68|49|47|60|40|54|59|65|57|64|57|37|40|33|38|28|28|26|18|22|21|24|21|20|29|22|15|17|20|17|10|
2012-11-05|6|1_CTs|CT14||19|22|15|7|7|4|1|4|7|4|7|6|5|4|1|7|3|1|4|6|7|7|16|21|26|23|22|28|37|28|47|68|95|99|93|105|102|113|117|102|103|97|91|114|82|67|94|105|89|96|95|100|98|107|94|87|93|96|120|89|108|110|105|108|108|128|134|139|127|154|163|148|182|178|161|103|115|144|141|102|108|100|77|74|61|70|60|49|44|44|56|44|25|32|21|20|
2012-11-05|6|1_CTs|CT15||12|12|8|8|9|5|1|3|6|3|2|2|5|3|5|4|5|5|9|5|13|7|21|21|21|22|38|40|41|57|97|157|190|197|206|200|169|137|115|117|94|101|51|80|90|75|85|64|74|71|74|86|79|80|56|67|59|81|58|86|86|84|72|77|118|140|82|102|87|89|108|120|96|148|168|86|72|68|40|61|49|45|50|33|42|34|24|28|26|17|19|23|18|20|16|15|
2012-11-05|6|1_CTs|CT16||30|18|22|14|16|17|12|6|7|6|3|7|2|3|5|4|6|8|4|3|10|8|20|18|23|21|45|59|74|96|170|224|290|283|264|256|288|253|291|215|214|194|156|181|177|184|151|158|153|161|187|181|188|178|173|167|180|181|168|176|185|187|194|197|191|211|241|202|222|241|240|210|192|227|193|155|127|185|145|151|141|131|104|91|103|96|88|78|56|72|64|43|46|65|41|41|
2012-11-05|6|1_CTs|CT17||4|9|10|1|1|2|1|3|2|1|2|2|2|1|0|2|0|0|1|2|2|1|2|1|6|3|2|3|7|8|18|32|46|65|41|42|51|45|36|33|34|31|37|32|34|32|35|46|39|35|52|44|43|39|32|33|30|50|35|41|40|30|38|28|41|53|31|50|57|60|70|48|60|36|51|61|41|54|36|40|40|52|30|30|32|23|21|23|17|9|16|8|12|8|9|2|
2012-11-05|6|1_CTs|CT18||42|31|42|25|24|25|16|17|14|7|11|7|8|8|6|9|11|10|10|9|13|10|26|28|28|48|48|68|96|120|185|227|315|340|321|313|348|289|300|270|211|252|208|213|250|237|215|201|215|202|222|231|203|224|219|227|227|222|238|229|233|262|243|233|269|286|281|264|299|293|318|320|286|284|320|289|240|242|246|200|195|194|131|142|157|140|143|114|94|103|102|63|72|80|68|67|
2012-11-05|6|1_CTs|CT19||26|23|20|12|13|14|3|11|6|5|10|9|2|3|5|2|2|6|2|3|4|4|9|5|10|15|15|18|22|26|69|81|173|169|131|170|204|139|138|114|123|140|134|131|129|125|126|145|132|129|123|117|181|137|122|118|142|137|147|152|152|127|141|169|160|165|169|172|170|203|216|226|214|215|207|189|185|202|186|124|126|144|97|104|90|89|82|56|54|38|59|44|38|51|34|31|
2012-11-05|6|1_CTs|CT20||14|12|10|3|9|5|4|3|6|3|3|6|2|0|0|5|2|3|5|6|8|8|17|17|19|19|27|29|38|45|65|88|149|134|168|22|147|122|102|20|116|68|15|108|97|117|119|33|121|108|96|63|28|34|116|77|112|29|1|47|61|128|130|9|101|132|66|134|149|168|138|132|133|133|136|115|112|101|14|77|85|71|67|62|43|46|61|28|39|37|48|47|30|39|22|23|
2012-11-05|6|1_CTs|CT21||83|63|55|40|23|26|18|18|16|12|12|9|11|15|15|12|15|16|22|23|34|42|55|58|62|77|72|98|124|226|287|292|328|393|329|294|339|334|295|285|241|248|240|232|236|223|216|225|219|202|239|222|227|249|221|237|251|235|226|235|233|267|226|241|236|281|253|231|242|248|267|265|241|278|276|257|223|210|168|177|179|159|129|135|139|118|117|105|89|75|100|102|95|73|63|58|
2012-11-05|6|1_CTs|CT22||70|71|59|57|57|31|27|18|22|24|10|10|26|14|14|23|11|24|37|42|55|51|73|82|75|95|90|117|114|143|183|214|223|283|275|287|228|260|258|248|232|231|236|234|269|234|253|257|268|250|232|232|254|265|190|257|233|254|279|263|265|292|282|272|262|302|333|335|328|345|378|362|362|354|370|332|330|339|329|268|236|206|188|174|158|171|151|132|125|125|106|106|97|89|104|83|
2012-11-05|6|1_CTs|CT23||55|59|50|36|32|21|17|11|17|12|11|12|10|9|9|8|6|11|15|14|12|25|33|41|60|57|64|76|106|180|279|335|367|374|365|370|363|311|322|317|265|226|232|224|204|230|217|205|190|197|239|212|214|254|226|235|245|239|223|250|236|268|214|256|249|271|300|282|327|317|322|325|340|354|349|320|286|316|237|237|189|196|174|146|156|133|138|113|105|98|93|90|83|79|63|60|
2012-11-05|6|1_CTs|CT24||50|54|46|25|37|23|20|9|12|9|10|5|6|5|12|11|9|17|11|14|16|37|18|54|48|59|67|99|94|148|169|233|247|331|330|329|354|341|311|273|274|250|250|266|223|247|239|240|270|270|235|231|277|239|210|223|227|274|257|236|289|257|226|267|317|281|345|345|316|349|371|405|385|410|390|388|375|367|377|323|270|255|199|168|165|140|167|118|121|111|92|116|95|90|76|71|
