2016-10-19|7|1_CTs|CT1||31|27|31|16|15|15|12|12|272|20|13|13|6|4|12|5|6|9|8|7|19|13|13|19|26|27|26|33|40|82|379|159|189|181|419|390|99|131|118|135|127|156|137|146|145|155|107|131|99|633|123|135|375|120|379|113|122|376|135|135|140|132|382|147|148|137|143|133|400|163|408|151|136|405|161|162|137|160|136|390|125|126|110|84|74|326|85|68|78|65|59|308|324|59|51|38|
2016-10-19|7|1_CTs|CT2||0|0|0|0|0|0|0|528|309|675|82|0|0|0|0|0|0|0|40|13|14|18|14|82|89|66|171|198|116|136|193|125|157|27|0|0|0|3|51|340|75|105|102|151|184|323|478|290|438|420|157|158|171|370|533|460|155|263|110|291|402|121|142|1010|193|226|124|498|323|22|129|293|299|170|125|182|387|338|127|79|100|133|194|259|150|135|430|183|427|84|93|108|74|1535|117|62|
2016-10-19|7|1_CTs|CT4||52|54|37|31|37|286|20|20|30|29|8|17|22|7|9|3|6|10|7|2|16|1|5|6|6|5|16|17|25|26|35|72|108|138|122|73|82|84|82|548|81|50|311|78|70|62|297|52|94|79|350|115|80|86|90|75|88|68|70|63|81|80|86|102|105|100|392|123|158|164|200|441|188|123|396|137|175|385|135|384|160|100|121|94|329|333|47|79|62|313|51|35|80|35|44|45|
2016-10-19|7|1_CTs|CT6||287|32|39|31|19|17|14|15|10|21|18|266|11|8|3|0|9|261|3|4|7|4|3|8|7|9|15|25|50|32|64|116|179|251|495|268|213|186|210|199|151|115|116|382|128|120|356|131|158|135|143|157|426|660|150|393|138|138|403|427|398|135|167|415|185|195|188|238|245|272|242|462|235|733|234|458|178|193|212|191|138|134|107|121|346|109|106|334|91|356|83|69|62|56|44|43|
2016-10-19|7|1_CTs|CT7||27|33|25|11|20|14|9|11|18|11|7|9|14|8|10|2|7|8|6|3|11|14|254|24|19|17|30|46|52|323|356|90|110|151|405|159|183|182|140|135|436|161|135|146|137|119|111|89|142|152|132|133|170|133|370|390|368|118|117|155|149|380|112|368|125|170|156|178|147|179|185|174|197|703|430|412|462|175|188|401|121|112|151|126|118|356|64|70|54|66|69|60|73|52|46|46|
2016-10-19|7|1_CTs|CT8||81|342|67|56|59|56|34|292|27|32|14|24|24|28|18|26|43|35|312|59|339|78|360|104|126|116|157|459|486|337|438|957|491|757|730|395|220|309|209|515|383|495|422|387|420|412|1111|326|334|633|413|636|334|342|381|381|386|382|410|330|645|386|370|640|373|675|616|666|679|904|670|431|429|568|739|390|684|423|620|346|360|297|290|266|227|204|220|215|176|206|166|417|155|176|142|131|
2016-10-19|7|1_CTs|CT12||297|297|305|41|263|19|16|14|12|17|15|13|10|6|6|7|10|12|7|3|7|9|9|18|12|10|32|41|54|322|100|423|237|285|287|745|256|265|247|543|498|512|256|291|539|511|800|284|324|261|578|274|306|733|193|455|187|457|460|217|214|189|209|247|254|276|308|566|576|578|343|328|612|588|321|563|294|522|562|243|240|192|433|173|111|145|127|117|108|89|90|353|76|83|58|64|
2016-10-19|7|1_CTs|CT13||13|15|11|4|6|5|7|3|3|1|1|6|3|2|2|0|2|3|2|3|0|7|5|10|9|2|9|17|20|23|33|33|26|51|49|306|54|49|43|49|10|303|50|51|58|54|41|41|62|52|43|43|49|45|31|46|31|47|43|27|45|51|42|37|42|562|52|568|58|71|65|320|76|584|63|54|62|59|71|64|47|58|67|49|56|51|29|30|28|36|34|28|43|28|24|21|
2016-10-19|7|1_CTs|CT14||406|109|90|77|57|69|45|51|41|321|44|30|30|37|24|35|31|46|44|66|70|74|55|73|89|87|117|121|171|458|298|377|504|799|559|777|567|502|689|557|666|349|343|330|350|364|626|459|396|443|476|431|459|355|573|332|339|408|387|343|408|897|415|402|455|465|754|776|580|856|605|569|608|1065|589|521|549|501|454|661|386|379|575|280|228|179|215|213|183|427|193|176|157|160|686|165|
2016-10-19|7|1_CTs|CT15||47|47|29|43|22|10|12|14|11|9|4|6|15|9|6|2|3|11|6|4|4|14|7|17|7|15|16|31|47|38|108|136|232|271|331|224|288|207|172|666|130|122|106|339|115|78|75|104|117|366|100|214|154|168|128|155|140|138|375|131|156|136|160|945|168|202|156|470|166|196|192|436|193|221|216|227|170|198|465|428|125|108|105|93|64|58|78|78|56|68|77|52|51|49|49|44|
