2011-07-02|2|1_CTs|ct1||95|92|89|73|55|62|55|41|36|32|20|16|18|22|20|14|16|22|13|23|17|22|22|16|20|32|35|33|44|47|63|74|53|52|77|77|83|95|89|105|98|113|111|113|105|138|124|122|137|135|127|113|94|108|88|96|91|84|107|111|108|106|128|121|99|116|119|102|103|139|101|125|108|117|114|140|121|114|106|119|139|125|133|142|138|143|133|100|115|108|90|94|86|92|121|104|
2011-07-02|2|1_CTs|ct2||31|28|28|28|31|20|35|11|18|16|20|16|14|21|13|15|14|12|6|10|8|10|8|13|12|22|16|16|14|13|15|21|14|16|32|31|29|36|35|33|38|36|44|48|62|38|46|30|48|46|38|38|41|31|37|47|38|35|38|31|42|31|37|36|27|38|41|36|32|40|29|30|44|54|29|49|35|40|37|58|52|55|74|43|68|41|48|40|54|40|32|38|24|32|35|27|
2011-07-02|2|1_CTs|ct3||151|149|169|130|132|117|103|94|84|71|71|64|48|68|51|41|53|50|49|43|37|48|48|40|43|69|61|62|60|66|77|106|86|92|117|124|109|139|141|161|157|180|166|189|194|204|189|183|198|196|202|169|155|152|151|152|137|149|154|143|158|184|185|176|158|168|168|167|159|195|152|194|156|184|175|220|188|193|181|204|188|181|197|186|212|216|178|160|197|166|155|174|152|159|198|168|
2011-07-02|2|1_CTs|ct4||93|105|96|95|93|61|64|42|47|72|56|44|36|44|31|42|22|24|29|27|25|26|37|25|24|34|32|24|39|37|34|42|58|47|49|69|59|78|82|76|89|87|97|88|109|115|131|96|107|111|134|135|85|78|79|104|74|98|77|90|102|89|86|108|100|96|113|105|85|108|105|95|113|131|129|119|127|111|99|105|110|92|97|102|110|88|83|95|70|98|88|79|73|94|106|96|
2011-07-02|2|1_CTs|ct5||139|164|140|154|145|108|90|76|78|96|79|67|56|61|43|67|45|45|46|39|36|40|51|31|26|44|50|32|52|45|51|58|84|58|81|99|108|113|123|130|133|146|135|146|159|162|166|177|181|207|210|204|180|145|148|146|123|133|114|137|134|155|156|149|159|184|186|195|152|179|159|164|182|171|202|166|187|177|170|159|138|174|156|154|176|171|134|133|101|162|161|131|147|150|167|154|
2011-07-02|2|1_CTs|ct6||121|119|99|115|104|76|61|75|74|79|54|57|58|69|52|53|45|31|42|34|26|30|30|28|26|26|35|28|33|34|32|40|50|42|50|49|47|78|82|66|77|77|81|98|104|110|101|107|113|114|144|125|115|104|97|102|89|100|90|105|88|102|98|107|110|114|125|104|117|111|109|95|111|107|118|97|122|128|116|104|102|103|82|86|108|93|80|88|83|97|108|81|97|114|164|153|
2011-07-02|2|1_CTs|ct17||168|153|169|160|127|127|102|110|82|89|70|70|58|69|42|40|48|55|52|42|35|44|45|28|29|50|56|48|51|62|61|100|80|85|102|112|107|123|122|137|146|160|170|165|175|186|178|189|183|136|187|172|157|145|130|145|129|141|144|132|155|165|183|154|151|163|179|164|134|185|151|166|175|158|182|206|177|195|156|183|173|184|179|185|197|199|172|153|177|148|153|159|144|155|207|172|
2011-07-02|2|1_CTs|CT19||79|77|65|88|65|58|38|50|38|47|39|34|32|27|25|27|22|23|14|18|12|17|18|8|12|18|20|13|27|25|28|49|38|32|47|54|60|71|72|62|84|78|89|99|87|114|112|120|108|91|124|113|78|75|70|67|56|74|64|89|87|74|106|90|90|89|105|75|89|74|90|110|93|77|106|111|115|104|98|92|112|88|90|94|85|94|71|72|83|70|83|74|87|69|118|81|
2011-07-02|2|1_CTs|CT20||74|56|67|63|70|65|65|42|68|52|60|44|56|60|62|59|60|37|29|38|14|15|19|10|16|13|25|24|21|17|19|30|31|25|35|39|36|46|55|55|63|68|66|58|75|67|75|73|63|70|71|80|62|72|65|94|67|65|54|59|63|62|55|64|68|67|63|60|65|69|71|69|69|81|66|71|91|71|82|75|68|82|94|64|75|71|58|47|51|65|76|60|68|70|83|79|
2011-07-02|2|1_CTs|CT21||41|24|43|44|43|25|28|22|31|23|28|17|21|26|23|20|14|15|14|13|8|6|4|5|4|3|17|7|10|14|10|14|20|12|23|27|16|31|34|32|36|40|33|43|41|41|49|50|48|47|49|47|37|35|37|81|50|42|35|36|55|34|40|60|43|37|49|48|50|38|47|40|40|52|39|35|68|46|44|37|44|46|58|36|33|32|31|25|30|39|45|30|49|36|50|39|
