2013-03-06|2|1_CTs|ct1||58|56|48|27|25|21|19|7|11|14|8|6|7|4|7|6|5|6|12|12|21|16|24|29|27|31|37|55|78|86|134|134|156|165|169|179|163|183|187|174|187|180|213|194|183|187|206|207|194|175|169|200|181|171|141|176|181|173|182|176|173|174|189|196|121|130|100|125|146|164|172|153|152|173|149|139|175|157|154|150|154|154|155|133|101|104|116|99|98|105|94|97|86|76|73|66|
2013-03-06|2|1_CTs|ct2||36|27|20|16|20|17|10|12|13|11|9|9|11|6|6|11|10|6|6|8|17|16|17|15|27|27|21|32|46|53|59|66|79|73|83|97|78|100|102|117|118|120|132|126|124|108|115|120|97|107|106|118|106|124|118|101|88|95|110|118|115|121|111|143|160|122|144|153|142|92|76|84|73|70|83|88|89|82|89|98|110|85|97|76|72|71|72|55|41|64|53|48|51|45|46|38|
2013-03-06|2|1_CTs|ct3||66|47|48|41|31|33|23|13|18|16|11|9|7|12|15|12|9|14|8|20|24|32|30|29|44|57|44|67|75|89|104|132|126|151|147|141|146|186|160|165|148|174|176|219|187|174|166|198|155|154|153|174|138|163|161|144|166|161|192|178|143|182|175|235|172|164|144|196|180|168|168|156|159|149|153|139|166|144|151|154|162|115|137|129|97|99|103|113|87|91|77|81|85|71|61|66|
2013-03-06|2|1_CTs|ct4||38|16|30|24|29|23|12|18|10|9|14|9|12|7|11|3|7|10|16|11|12|7|25|16|24|25|27|27|41|34|65|72|100|116|120|110|115|121|137|122|144|132|119|121|131|112|115|114|124|104|119|108|106|101|99|96|92|104|109|114|57|119|107|120|108|129|107|98|102|106|115|99|103|83|101|111|99|89|92|83|88|101|67|68|62|51|50|50|57|47|40|49|51|57|44|58|
2013-03-06|2|1_CTs|ct5||67|51|48|34|38|29|23|25|12|8|18|11|14|12|10|6|6|12|13|15|14|13|23|21|21|34|34|37|36|45|91|113|131|135|157|175|142|160|193|186|182|174|173|196|200|156|186|182|183|152|177|203|172|178|174|130|124|159|178|195|97|241|218|206|171|214|177|162|131|172|149|169|142|137|149|157|160|154|164|128|140|150|121|106|89|98|95|66|81|78|72|95|93|84|87|82|
2013-03-06|2|1_CTs|ct6||52|33|38|21|19|18|20|25|13|11|8|6|12|9|11|7|8|11|15|7|18|6|23|21|32|27|31|26|34|30|49|74|76|88|82|89|91|82|91|100|108|107|106|133|125|121|114|113|119|134|120|145|115|118|121|109|115|122|127|123|97|140|133|156|136|143|132|99|109|102|106|112|103|89|91|90|92|111|87|104|90|82|64|61|54|65|60|41|65|58|46|71|66|72|61|58|
2013-03-06|2|1_CTs|ct17||43|47|33|35|30|32|21|5|11|16|13|10|7|10|10|7|7|9|11|14|12|25|23|16|29|33|32|45|58|68|99|105|99|127|151|136|140|189|160|173|157|177|198|210|195|179|171|187|155|161|166|148|144|156|149|146|155|172|186|182|136|165|170|199|171|185|144|184|169|171|181|172|163|183|163|153|160|154|158|159|166|135|143|124|88|107|102|97|79|85|74|76|88|77|59|64|
2013-03-06|2|1_CTs|CT19||30|18|27|19|12|21|6|3|10|9|7|8|2|7|4|4|5|6|6|6|8|14|11|7|9|13|25|22|35|40|56|62|58|80|87|104|87|108|108|105|113|89|110|116|123|121|97|115|118|89|111|102|91|95|94|91|114|86|114|114|88|97|105|124|116|116|113|121|110|113|129|126|115|136|122|113|107|107|114|120|103|89|77|69|45|58|66|57|49|44|40|42|38|51|36|37|
2013-03-06|2|1_CTs|CT20||43|44|30|17|23|22|10|16|14|13|13|8|8|8|6|11|6|6|9|5|7|6|6|16|11|11|23|22|28|30|51|57|73|72|91|105|81|75|105|84|82|78|80|71|81|78|90|74|76|65|63|74|67|59|71|63|71|64|61|69|65|71|75|72|83|73|89|77|76|85|75|75|84|84|95|93|82|90|83|84|80|73|64|61|61|39|65|40|62|49|46|44|55|46|41|40|
2013-03-06|2|1_CTs|CT21||24|20|11|9|17|9|1|10|2|5|5|2|4|2|2|2|3|4|3|0|0|0|0|7|6|4|7|8|14|15|27|40|41|47|66|56|62|51|55|43|48|41|38|45|37|54|36|41|43|39|40|42|33|40|39|39|34|32|44|50|34|45|43|42|41|38|53|38|47|46|51|33|45|50|58|49|49|49|43|43|44|29|34|34|34|21|32|22|39|25|20|24|26|29|12|21|
