2014-06-21|3|1_CTs|ct1||67|67|58|51|44|45|36|23|30|24|15|21|24|9|16|9|8|9|5|10|5|9|10|12|13|15|28|23|36|27|48|52|49|58|54|58|62|75|68|91|90|84|103|95|119|99|108|91|122|82|124|107|113|120|100|144|108|99|91|104|86|119|108|117|121|97|120|107|105|93|89|103|109|83|88|82|99|92|110|107|88|75|92|91|90|64|51|53|75|63|69|55|65|55|54|64|
2014-06-21|3|1_CTs|ct3||81|82|75|46|39|54|32|37|33|17|16|24|24|15|11|5|14|11|11|18|13|15|9|14|15|19|30|40|24|44|56|58|47|48|50|61|60|74|95|41|2|0|0|0|0|1|0|0|0|0|2|1|0|1|5|8|0|1|2|192|149|167|179|178|184|190|181|197|181|155|133|83|105|85|76|77|112|93|113|101|91|101|89|93|80|84|86|88|75|98|72|78|72|80|92|95|
2014-06-21|3|1_CTs|ct5||98|71|71|59|52|65|41|32|40|32|26|20|24|26|27|24|17|30|15|20|19|20|15|22|21|14|21|22|24|39|47|39|55|50|60|80|70|62|73|82|57|65|67|43|60|72|51|64|64|74|51|81|88|89|100|165|169|142|110|195|199|193|186|221|179|209|215|215|174|190|156|82|92|92|90|83|108|97|118|98|95|106|94|100|83|85|87|73|84|79|77|42|82|73|86|89|
2014-06-21|3|1_CTs|ct6||17|11|14|16|12|17|5|8|5|6|3|6|3|3|4|7|8|3|1|3|2|2|2|4|3|6|2|6|7|7|18|13|5|10|9|19|14|20|20|40|45|37|34|38|44|26|52|39|31|37|37|52|31|34|41|62|61|70|66|66|56|63|52|61|59|55|57|63|84|62|58|58|42|24|34|42|30|36|56|35|52|41|36|52|36|35|36|37|27|22|12|18|32|20|13|14|
2014-06-21|3|1_CTs|ct7||10|10|7|12|17|7|14|15|9|1|5|11|12|10|6|2|7|7|5|3|7|6|3|6|20|4|1|11|8|2|1|9|4|3|2|2|2|7|10|5|1|4|2|1|1|7|5|3|2|7|4|4|4|6|7|5|7|4|3|0|6|4|0|4|5|2|0|8|0|2|5|1|1|2|1|3|5|4|1|6|0|6|2|1|2|3|3|3|12|10|13|2|15|12|10|10|
2014-06-21|3|1_CTs|ct8||12|11|10|12|19|11|14|13|8|3|15|18|19|10|9|6|10|7|6|4|8|11|4|2|24|7|4|12|9|6|7|11|8|7|2|3|8|7|7|10|12|4|2|1|4|7|8|3|4|3|7|4|6|1|5|6|3|2|10|4|0|3|6|6|2|4|5|2|3|7|7|4|0|2|4|3|9|3|7|1|1|2|6|3|0|4|2|5|20|14|12|9|15|12|12|8|
2014-06-21|3|1_CTs|ct9||110|131|115|131|144|102|91|132|102|115|93|81|90|95|78|119|51|66|64|56|42|37|75|39|22|21|36|39|39|48|53|68|74|57|78|98|70|88|91|114|85|91|89|92|96|77|70|87|101|96|78|99|83|77|81|59|65|74|67|91|71|72|102|117|77|116|80|86|91|77|73|92|76|71|90|77|85|85|95|73|91|70|61|66|76|78|57|74|58|81|89|94|89|91|81|114|
2014-06-21|3|1_CTs|ct10||121|126|124|119|128|145|122|116|96|97|125|114|92|109|97|103|91|81|68|56|62|70|43|44|47|52|47|45|43|50|53|41|57|42|63|78|71|91|82|82|82|97|96|106|116|105|110|104|125|104|107|109|111|114|110|102|89|83|86|71|80|90|46|51|69|62|55|66|59|61|83|98|91|128|101|88|128|123|92|107|116|115|123|119|110|102|107|129|111|130|86|120|103|102|114|99|
2014-06-21|3|1_CTs|ct13||289|406|276|304|293|297|244|260|308|283|200|818|959|788|1221|992|1874|207|2758|4019|1638|844|1140|1225|216|786|681|240|654|806|714|160|222|543|560|275|684|1369|1354|1311|3032|3185|1590|1468|974|282|493|598|474|521|957|160|0|0|0|703|216|144|411|624|1675|602|182|231|229|194|182|184|132|152|152|118|145|145|138|141|143|154|167|142|158|160|148|146|163|163|178|126|230|259|244|198|391|266|247|278|
2014-06-21|3|1_CTs|ct14||77|56|59|57|33|39|29|26|28|23|23|23|14|21|11|11|12|12|16|12|16|7|19|17|21|26|28|51|51|81|141|146|87|89|125|163|145|144|157|185|150|155|155|166|164|162|143|120|139|124|123|119|155|146|44|0|0|0|0|0|0|0|0|0|0|0|0|0|0|0|18|117|118|113|106|112|109|126|120|126|106|125|97|95|107|77|77|77|82|88|89|73|88|82|80|68|
2014-06-21|3|1_CTs|CT16||143|180|182|213|223|139|130|125|142|106|89|116|101|122|82|85|62|70|60|64|50|59|53|48|46|34|79|75|46|37|65|59|45|57|69|69|81|114|29|42|38|38|35|26|35|35|35|51|61|44|45|64|55|32|35|57|40|60|42|51|59|50|52|60|54|52|56|65|57|66|81|51|78|70|56|50|64|47|58|59|73|29|59|48|55|25|30|28|41|122|116|120|89|100|141|126|
2014-06-21|3|1_CTs|ct18||155|141|146|137|136|145|130|121|111|102|144|124|108|135|85|94|101|83|75|72|58|75|56|57|70|73|59|61|60|68|65|63|61|58|82|105|93|105|107|118|107|132|138|128|159|146|135|133|163|136|140|144|133|140|134|150|125|132|150|136|150|156|134|139|123|98|99|103|111|137|138|172|112|150|144|129|141|147|146|139|141|128|144|120|138|111|123|118|130|158|108|137|125|124|145|108|
2014-06-21|3|1_CTs|ct19||1|0|1|1|2|2|5|0|0|2|2|0|0|0|1|0|0|1|1|0|1|0|2|2|1|6|2|1|8|2|2|2|5|2|4|1|2|4|2|2|4|3|1|1|2|2|1|3|4|3|4|3|1|4|3|6|2|3|5|3|0|2|7|1|3|3|2|2|1|2|3|0|2|2|3|7|1|3|0|2|3|1|1|2|1|4|1|10|1|2|2|0|1|0|2|0|
2014-06-21|3|1_CTs|ct22||8|3|8|6|9|6|8|5|6|3|1|2|2|4|1|2|1|3|2|3|5|4|3|3|2|1|6|3|3|1|4|7|6|6|1|8|3|5|9|10|16|9|21|18|16|18|15|16|17|13|8|14|11|14|13|12|12|17|9|16|12|9|16|28|14|9|15|15|21|14|11|18|22|14|6|7|13|17|18|14|20|11|10|11|17|6|10|11|13|7|10|3|11|10|12|8|
2014-06-21|3|1_CTs|CT23||303|264|205|93|100|103|68|69|76|31|54|43|41|40|33|27|21|19|31|19|27|24|32|22|24|18|30|46|48|274|281|209|355|262|92|135|115|116|134|178|257|246|298|315|252|300|319|294|322|315|311|353|355|378|59|0|1|0|0|2|1|0|0|0|0|0|0|0|0|0|92|186|181|237|174|187|196|227|200|197|199|175|181|151|176|161|109|163|514|564|553|536|544|331|138|153|
2014-06-21|3|1_CTs|ct24||291|229|221|211|190|158|124|147|111|74|66|97|67|74|68|44|59|41|67|63|62|71|81|96|105|119|151|210|208|329|453|424|362|432|463|579|559|586|653|735|691|646|712|748|651|653|657|614|619|627|560|608|638|655|612|602|579|558|525|459|481|494|466|528|504|482|434|526|546|571|596|628|573|618|573|582|620|616|623|599|589|562|567|512|512|433|407|331|412|368|409|375|365|369|355|313|
