2012-06-17|6|1_CTs|CT1||0|1|1|1|0|0|0|2|0|0|0|1|1|0|0|1|1|1|0|0|1|0|0|0|3|2|1|0|2|0|1|0|1|0|0|1|0|4|2|0|0|2|1|0|0|0|1|2|3|4|0|1|0|1|2|1|3|4|2|2|3|2|0|2|0|4|1|0|3|0|2|2|0|2|0|2|3|2|1|1|0|1|0|0|0|0|0|2|1|0|0|0|1|1|1|1|
2012-06-17|6|1_CTs|CT4||10|8|15|11|2|4|6|6|3|5|3|2|2|3|4|4|4|2|4|4|0|1|3|3|1|5|2|1|2|2|1|4|3|1|4|5|4|6|6|9|11|5|8|10|8|9|14|15|16|11|16|17|24|20|13|10|14|17|6|19|13|18|14|11|24|25|21|21|21|21|18|18|24|12|14|20|29|18|29|21|18|9|9|11|6|6|8|19|16|22|14|14|18|13|11|14|
2012-06-17|6|1_CTs|CT5||22|23|26|20|22|19|19|20|19|18|17|14|13|8|10|14|12|14|10|9|17|3|9|11|12|15|12|10|11|8|17|11|15|16|13|11|15|19|13|17|21|4|6|10|12|17|27|29|24|21|21|35|22|38|40|27|35|16|27|32|22|38|28|38|30|36|40|30|27|37|38|36|44|29|30|44|40|52|43|18|19|16|16|10|12|13|14|28|28|34|35|24|33|36|19|13|
2012-06-17|6|1_CTs|CT6||36|26|18|24|25|19|14|9|11|10|15|14|8|5|10|7|6|5|6|9|9|10|8|15|13|13|12|14|10|17|18|15|18|21|26|24|29|34|34|43|49|39|42|72|63|49|71|70|71|79|69|77|82|71|90|63|78|49|66|69|66|88|74|58|64|60|82|72|51|75|74|79|90|89|76|93|94|95|71|49|42|34|27|24|11|19|27|60|79|63|56|35|46|36|27|25|
2012-06-17|6|1_CTs|CT7||4|6|7|9|3|4|4|1|4|1|2|0|2|1|3|4|0|3|2|4|1|1|1|5|4|3|3|4|2|4|3|5|5|2|7|12|8|9|10|8|8|15|16|11|11|7|12|14|5|12|7|12|24|21|6|12|12|13|8|12|9|14|13|10|16|10|18|18|16|16|25|17|15|14|16|22|20|19|24|13|6|9|8|4|6|0|2|6|11|11|13|8|14|10|7|10|
2012-06-17|6|1_CTs|CT8||77|85|106|117|79|42|35|29|23|36|24|17|23|11|19|22|19|15|15|15|10|10|16|20|20|16|20|23|22|16|33|34|29|33|44|41|40|38|41|59|58|58|53|69|77|75|81|82|97|73|78|73|70|89|78|83|92|61|106|81|95|108|96|75|100|90|105|93|87|90|100|107|105|109|142|127|131|140|107|84|55|34|48|31|26|17|41|101|91|77|103|64|81|66|56|64|
2012-06-17|6|1_CTs|CT9||66|57|54|51|45|41|34|29|33|31|25|23|26|14|18|15|16|18|14|15|15|11|24|26|24|33|39|25|21|45|53|49|35|42|55|61|62|63|59|71|66|72|74|104|74|94|95|98|92|123|113|99|81|103|87|98|120|145|103|126|117|133|133|117|104|125|110|142|130|124|130|123|119|136|124|152|144|119|117|85|53|53|56|38|44|34|34|103|118|87|90|86|87|68|68|55|
2012-06-17|6|1_CTs|CT10||41|40|27|26|33|31|17|19|26|14|15|12|14|11|8|9|6|15|8|8|10|15|15|16|15|12|15|26|15|13|27|29|30|31|33|43|35|44|54|74|61|47|67|67|70|78|98|80|78|71|61|80|95|84|69|66|72|93|81|77|70|77|84|79|72|75|106|89|106|84|86|92|105|115|129|144|109|104|67|69|53|79|48|36|34|26|26|55|81|65|63|74|58|49|40|34|
2012-06-17|6|1_CTs|CT11||41|37|40|33|27|18|23|22|15|14|22|21|10|6|5|14|7|6|12|8|12|5|10|13|15|21|28|25|17|32|50|48|27|47|43|51|47|71|85|87|81|82|85|80|81|79|79|85|93|103|84|84|84|91|68|78|93|91|76|101|88|94|106|92|72|91|84|119|122|103|141|130|105|125|143|135|131|135|111|79|49|28|35|30|24|29|26|85|88|56|75|61|59|61|40|50|
2012-06-17|6|1_CTs|CT12||42|39|33|36|27|30|17|30|29|11|25|14|18|12|11|10|10|11|16|11|12|10|16|17|20|14|24|25|20|19|41|43|28|39|47|53|51|66|90|88|71|71|75|94|77|89|94|90|97|89|91|93|102|85|73|70|84|103|97|89|74|103|97|76|83|77|96|99|111|125|124|104|111|119|123|135|139|126|103|73|53|47|47|24|32|29|35|74|82|61|57|63|58|58|38|49|
2012-06-17|6|1_CTs|CT13||34|28|35|34|27|22|11|8|10|16|16|8|17|5|11|5|6|12|8|10|5|8|13|20|20|24|20|17|13|37|30|33|25|37|36|47|46|45|36|46|47|55|51|68|47|51|47|82|48|82|68|57|65|72|51|58|69|86|64|69|70|92|73|58|63|61|77|85|69|81|101|75|71|93|76|86|87|79|70|56|34|38|38|23|27|18|22|50|63|48|43|43|46|45|36|39|
2012-06-17|6|1_CTs|CT14||24|29|30|15|14|15|21|16|19|11|16|6|11|6|8|9|5|13|16|11|14|9|12|10|18|16|20|16|11|15|25|21|26|23|18|21|26|27|37|37|37|42|42|61|39|46|53|47|61|83|60|57|72|52|43|46|54|79|62|56|54|75|63|52|55|63|76|68|76|62|85|61|68|74|62|93|81|58|67|56|31|33|23|35|17|19|27|58|42|35|33|39|46|37|28|19|
2012-06-17|6|1_CTs|CT15||17|18|24|25|11|14|9|8|9|11|9|6|4|5|9|5|8|10|6|11|9|10|13|18|11|12|15|14|15|22|26|22|24|22|30|23|43|25|35|38|46|55|37|52|40|40|39|67|65|61|47|40|41|53|34|39|33|42|41|44|34|44|56|48|40|45|45|67|52|74|62|59|59|55|56|67|67|70|55|35|28|21|20|21|19|10|11|23|33|36|38|28|52|29|31|37|
2012-06-17|6|1_CTs|CT16||47|52|38|35|34|21|22|21|21|18|20|14|12|12|8|11|4|16|9|10|11|12|5|17|13|18|17|22|19|20|22|31|25|44|26|42|40|49|57|77|72|73|76|83|67|85|96|78|75|98|75|86|119|109|58|91|86|103|77|94|92|86|90|93|92|91|113|129|116|107|137|123|102|127|158|156|140|135|137|80|63|69|40|43|33|24|21|74|104|77|88|78|73|70|49|50|
2012-06-17|6|1_CTs|CT17||24|31|19|22|17|11|15|12|26|15|11|6|13|5|8|6|4|5|10|8|4|1|7|8|8|2|15|7|6|7|8|12|7|7|17|15|20|15|17|22|17|21|26|32|20|33|38|26|31|46|52|40|39|31|35|30|35|51|41|45|30|36|47|34|46|56|43|44|59|47|62|50|46|49|30|49|69|49|51|33|17|15|19|14|19|5|8|48|33|48|31|32|41|18|21|23|
2012-06-17|6|1_CTs|CT18||77|70|63|45|53|39|54|37|35|50|40|31|34|25|27|30|18|21|27|21|29|14|18|31|27|31|26|23|32|36|41|44|44|45|38|53|44|84|56|86|83|82|94|113|107|105|121|122|119|130|117|121|126|132|138|119|123|130|135|153|103|114|119|136|140|132|175|171|162|150|186|169|177|180|202|213|206|187|162|110|87|80|62|55|47|40|56|115|144|120|121|131|127|101|81|67|
2012-06-17|6|1_CTs|CT19||56|43|46|37|33|30|31|33|30|26|22|19|19|19|16|20|13|14|22|14|16|7|14|16|6|14|20|9|14|19|15|17|18|17|20|23|23|33|28|44|44|40|46|64|42|60|64|70|83|77|87|80|77|80|64|60|71|76|54|70|74|74|77|65|77|82|80|97|100|94|79|89|92|89|101|106|125|99|83|59|47|31|34|30|24|18|25|63|88|84|61|59|63|43|49|39|
2012-06-17|6|1_CTs|CT20||32|23|22|16|9|12|20|14|16|10|8|11|11|12|9|5|5|10|11|10|9|4|10|10|20|18|17|11|24|18|21|25|23|26|23|33|33|32|35|43|60|57|60|65|61|56|83|91|72|35|39|82|81|75|64|54|52|74|61|46|26|76|79|55|64|64|70|72|78|78|75|60|16|30|68|95|15|78|6|47|39|20|25|24|21|15|31|41|42|37|51|16|29|27|36|18|
2012-06-17|6|1_CTs|CT23||96|111|126|125|96|76|53|38|33|46|45|25|36|29|24|36|21|25|23|21|21|27|34|42|39|29|42|46|49|43|53|71|57|67|85|71|73|90|68|113|104|117|111|122|145|122|153|150|188|165|155|135|135|144|140|126|135|129|143|146|148|174|152|129|162|154|165|165|144|156|170|169|169|188|205|223|223|210|196|115|106|85|69|60|52|36|58|147|135|130|138|118|134|105|98|89|
2012-06-17|6|1_CTs|CT24||104|85|73|71|76|59|56|44|55|50|51|38|39|56|41|34|27|34|34|34|32|35|39|45|31|47|45|40|64|40|69|62|47|62|55|75|66|87|91|106|104|114|99|121|127|139|153|154|154|166|154|151|153|137|145|115|145|121|125|134|165|163|159|130|156|148|187|188|183|179|221|182|196|161|202|195|191|195|186|152|105|71|71|68|46|58|58|174|181|180|122|150|145|111|73|111|
