2011-04-06|2|1_CTs|ct1||37|32|33|17|19|23|17|10|4|9|10|8|5|7|3|4|4|5|7|16|11|11|19|17|15|19|41|37|67|72|106|99|111|108|136|112|112|127|135|135|121|133|143|141|152|126|108|132|147|131|141|139|129|127|126|137|126|131|133|103|94|161|182|155|146|129|103|118|121|105|113|113|112|119|128|132|121|111|120|125|106|115|119|104|82|103|78|83|117|92|75|60|62|59|53|50|
2011-04-06|2|1_CTs|ct2||10|11|11|9|7|13|5|4|6|7|2|3|2|2|4|4|2|3|3|4|4|10|10|12|12|17|21|14|17|23|26|29|26|33|41|45|45|49|67|71|56|76|73|65|64|54|55|67|72|64|61|67|74|50|56|48|69|71|57|50|45|67|57|68|54|53|55|43|47|51|54|45|54|56|62|38|44|60|35|57|42|42|47|45|33|35|21|22|3|0|3|12|23|19|20|19|
2011-04-06|2|1_CTs|ct3||77|74|53|53|43|59|38|30|20|28|25|24|16|25|12|10|18|17|21|23|24|35|36|44|45|42|85|66|96|107|128|137|162|152|184|178|156|181|201|219|216|211|214|223|227|202|170|213|222|214|197|200|206|202|202|207|193|201|197|166|148|193|240|245|244|205|179|191|187|182|206|177|176|211|207|194|230|205|175|199|169|174|180|168|136|177|121|133|148|128|106|105|96|133|114|93|
2011-04-06|2|1_CTs|ct4||52|38|31|37|35|22|29|21|12|15|20|14|6|11|11|4|13|12|10|12|15|14|16|28|35|25|34|51|36|65|72|106|109|113|148|166|136|160|146|134|139|117|129|126|138|143|135|141|150|136|114|130|138|120|119|109|124|144|144|133|138|144|146|121|121|130|122|121|141|123|125|120|128|129|126|108|122|125|116|102|102|85|102|114|88|79|76|66|72|63|59|57|69|63|71|70|
2011-04-06|2|1_CTs|ct5||90|77|66|57|55|53|42|46|22|23|26|19|16|20|13|7|15|14|12|18|18|20|15|32|31|23|36|47|56|83|78|133|153|174|214|225|195|235|225|210|181|195|206|209|232|189|181|204|227|179|183|198|207|211|215|179|188|205|225|193|209|240|228|244|190|186|217|198|207|178|187|192|218|210|234|203|207|201|162|163|155|165|134|169|132|104|121|126|106|114|95|91|124|105|99|93|
2011-04-06|2|1_CTs|ct6||64|47|43|44|38|39|34|33|20|17|24|11|17|12|6|10|12|12|11|14|12|9|9|21|28|19|25|31|37|39|37|69|60|90|97|103|96|104|102|115|113|103|127|130|128|105|127|134|151|124|131|139|128|97|107|103|144|152|153|154|146|163|135|146|130|121|128|145|119|148|121|124|128|136|126|119|114|109|103|96|108|95|94|97|84|72|70|83|86|81|62|80|94|67|72|55|
2011-04-06|2|1_CTs|ct17||52|43|38|23|28|25|19|20|9|17|14|15|9|13|5|4|6|3|12|13|12|17|13|21|15|21|37|38|56|79|81|114|121|129|152|139|120|115|110|115|113|112|144|140|118|129|98|138|120|137|128|141|134|138|120|129|131|124|125|118|109|126|110|132|145|129|101|136|144|123|135|129|122|139|129|103|157|132|147|135|138|133|135|116|91|118|85|98|101|98|72|73|66|71|74|66|
2011-04-06|2|1_CTs|CT19||48|31|27|21|18|19|12|15|7|15|8|11|5|11|4|1|5|8|9|7|10|9|13|11|12|9|24|18|35|54|60|73|86|78|114|101|89|100|99|120|112|105|125|124|122|120|98|124|128|126|116|131|111|108|89|101|104|138|116|110|95|112|104|108|108|108|112|121|130|123|132|127|129|144|146|106|131|119|122|114|135|117|108|105|71|82|67|76|77|75|62|59|48|61|56|48|
2011-04-06|2|1_CTs|CT20||42|41|37|42|25|24|15|15|15|13|16|12|18|9|12|4|7|14|14|13|2|8|12|18|18|10|22|25|31|37|32|64|69|93|76|98|86|96|88|96|88|65|67|64|74|78|68|71|65|62|76|68|73|71|66|71|65|73|82|67|83|62|71|87|76|80|81|93|83|86|90|79|84|104|98|68|53|64|67|97|76|70|73|90|49|55|49|48|53|55|53|57|49|60|65|47|
2011-04-06|2|1_CTs|CT21||29|23|34|21|19|19|14|14|8|12|5|5|6|4|6|4|4|8|8|7|0|6|3|7|7|7|9|8|13|21|20|41|40|54|46|54|65|48|57|62|45|45|39|50|46|40|39|29|41|40|33|49|38|44|37|46|31|49|42|45|44|39|56|43|47|42|51|57|62|44|46|42|56|52|59|22|7|0|22|66|44|38|37|48|22|29|24|31|35|27|27|27|27|41|34|26|
