2012-01-07|22|1_CTs|CT1||22|30|16|18|15|15|6|6|13|7|9|4|10|6|4|7|7|5|6|7|10|17|11|25|20|18|21|25|17|24|30|26|34|37|48|64|56|51|47|53|65|71|53|64|66|63|52|71|71|78|59|59|49|50|54|54|52|47|38|58|58|56|57|71|60|57|47|66|50|73|67|78|73|85|95|90|99|74|70|56|45|49|35|29|27|16|25|15|21|24|27|23|27|25|17|26|
2012-01-07|22|1_CTs|CT2||19|20|10|16|6|7|6|8|2|4|2|9|14|11|2|6|2|4|5|4|9|10|4|13|14|8|16|12|17|11|20|18|26|25|24|37|22|28|30|30|27|29|31|32|36|33|31|33|42|26|41|36|25|35|30|33|28|30|27|28|32|32|27|36|37|33|48|25|34|41|44|39|41|52|56|49|59|45|36|36|22|24|25|17|13|16|18|19|24|16|17|22|22|18|15|22|
2012-01-07|22|1_CTs|CT3||81|93|48|47|41|35|29|35|28|26|31|19|28|36|18|15|11|16|14|16|20|20|14|29|32|27|38|51|45|48|70|72|63|82|99|147|107|123|132|142|140|161|147|140|155|157|142|167|174|193|199|197|181|172|170|162|156|169|170|179|182|181|190|163|193|168|202|167|197|181|207|202|204|253|272|283|302|281|190|156|113|111|98|92|69|74|82|62|63|86|121|96|98|83|79|80|
2012-01-07|22|1_CTs|CT4||43|46|38|27|23|19|31|28|18|19|19|17|15|11|6|9|8|10|9|17|14|15|11|18|27|21|27|26|29|30|37|49|49|51|57|82|76|97|91|117|116|104|118|130|123|119|134|155|126|133|129|142|142|113|121|105|131|97|121|122|116|124|126|120|140|116|138|111|138|132|149|134|149|133|156|128|150|146|154|154|122|86|96|66|67|54|49|36|29|66|199|161|71|57|49|54|
2012-01-07|22|1_CTs|CT5||56|48|49|34|22|28|22|25|24|16|18|16|17|16|10|13|12|10|20|15|14|18|18|22|33|31|33|36|40|38|52|50|57|59|68|98|97|81|122|126|129|122|121|155|153|150|150|152|155|165|161|145|177|160|114|118|111|113|118|116|128|140|130|130|156|114|140|139|139|136|158|158|157|151|156|162|177|179|139|172|123|99|102|74|57|64|61|41|44|76|181|176|92|74|52|71|
2012-01-07|22|1_CTs|CT6||29|38|35|17|17|18|13|11|13|19|13|16|10|35|14|9|6|8|13|8|15|10|15|14|13|20|22|20|15|25|24|22|22|32|39|48|31|45|45|67|69|64|86|94|85|74|81|86|89|111|92|88|96|107|98|78|68|80|76|66|83|98|72|81|94|74|87|91|91|88|96|114|115|104|110|94|100|97|98|111|82|80|54|31|32|36|40|36|30|59|137|161|72|59|35|52|
2012-01-07|22|1_CTs|CT7||7|9|6|4|4|4|2|3|1|0|4|3|0|3|1|1|0|3|2|2|1|4|3|3|2|1|5|4|7|2|7|7|6|10|11|13|14|12|12|14|12|13|16|18|25|18|15|30|26|21|22|21|22|12|11|13|20|23|13|14|19|16|12|26|18|20|17|19|17|16|24|20|22|24|24|21|29|22|14|23|18|10|12|12|15|7|10|5|14|12|5|14|10|8|3|9|
2012-01-07|22|1_CTs|CT8||15|22|14|12|10|9|5|4|14|12|7|2|3|3|4|5|1|4|4|3|5|0|3|3|5|5|5|13|5|8|13|13|14|19|21|17|19|21|26|35|46|38|38|27|30|37|35|32|39|50|44|48|71|73|81|52|46|27|29|40|55|38|50|59|41|27|37|57|50|50|41|41|24|33|43|56|41|48|47|47|36|38|37|32|26|32|37|23|14|24|31|42|38|35|24|26|
2012-01-07|22|1_CTs|CT9||68|52|44|24|24|26|22|25|21|11|13|12|17|15|6|12|10|7|15|15|14|16|20|27|38|31|47|49|41|56|78|89|81|102|107|156|147|126|158|177|174|157|144|149|196|142|155|146|167|168|169|155|153|159|149|130|148|119|139|132|157|145|142|103|142|120|155|153|147|151|160|146|163|175|199|226|251|288|186|130|106|82|93|70|64|53|52|43|39|94|47|96|117|75|54|60|
2012-01-07|22|1_CTs|CT10||3|2|0|3|7|2|0|1|0|1|0|1|1|2|0|1|0|3|1|2|2|1|3|4|5|5|11|1|3|4|18|15|2|3|3|1|3|4|5|1|2|3|3|4|1|5|4|4|6|6|4|5|3|6|5|2|3|2|3|4|4|4|4|2|3|4|4|3|3|3|2|4|3|7|4|10|13|12|8|2|3|1|3|2|1|0|2|5|0|2|27|50|16|3|1|2|
