2011-08-30|22|1_CTs|CT1||15|13|11|14|11|4|11|6|1|2|4|9|1|5|8|2|3|7|3|2|11|11|15|20|21|19|21|34|40|58|59|72|89|86|99|98|99|99|91|103|72|75|66|63|83|72|52|74|61|72|86|54|56|51|51|53|65|69|69|65|62|74|66|62|61|54|73|64|76|80|76|69|66|88|71|79|101|166|120|97|42|41|31|40|36|31|38|31|34|24|21|29|21|13|13|14|
2011-08-30|22|1_CTs|CT2||33|28|13|24|8|5|8|8|6|8|2|5|6|14|2|9|8|2|5|5|6|8|19|18|21|22|25|60|52|99|87|122|118|132|154|157|153|145|143|155|109|132|125|142|135|116|125|143|126|109|141|128|114|115|101|112|105|135|130|133|134|130|158|128|114|132|135|117|169|152|133|140|169|172|170|158|203|291|217|201|116|90|60|59|50|58|61|64|69|57|52|44|37|50|31|36|
2011-08-30|22|1_CTs|CT3||46|52|22|29|19|6|13|8|11|12|6|5|9|11|8|9|9|6|9|6|8|17|23|31|28|30|41|69|77|122|137|172|160|174|222|235|218|228|190|197|162|168|158|178|185|179|170|193|156|159|165|179|154|164|151|148|151|195|191|169|170|186|202|211|185|193|192|179|205|184|195|202|254|233|252|225|304|340|285|284|208|140|100|88|106|98|75|92|96|60|72|65|46|65|46|46|
2011-08-30|22|1_CTs|CT4||27|13|20|14|16|13|4|10|6|5|6|1|4|6|2|8|4|5|8|3|8|10|14|23|23|20|40|32|46|61|68|89|104|116|136|157|154|143|138|137|130|140|127|128|152|146|144|127|135|112|137|128|116|140|94|128|119|147|144|158|164|169|151|130|148|156|137|138|156|157|157|167|176|180|177|173|164|151|134|132|118|102|63|86|82|47|56|55|72|40|60|46|38|56|43|26|
2011-08-30|22|1_CTs|CT5||29|13|20|14|15|11|9|16|9|10|6|8|7|7|6|10|6|3|8|6|7|14|12|27|23|20|43|45|60|79|59|102|119|137|147|191|134|166|148|166|132|154|141|146|145|142|146|155|146|140|166|137|126|130|105|122|120|141|139|154|158|149|175|137|147|155|181|154|201|176|202|195|217|205|192|191|203|190|155|159|138|129|95|86|85|60|70|62|70|52|60|55|51|68|42|39|
2011-08-30|22|1_CTs|CT6||29|19|29|10|16|7|3|7|5|6|2|4|6|7|3|5|4|0|3|2|4|10|12|11|12|14|25|31|33|39|40|55|55|62|62|82|61|79|76|82|69|83|76|80|94|81|80|103|92|94|90|88|103|85|68|86|88|85|94|104|108|104|110|101|103|105|110|98|130|134|111|130|124|156|130|137|151|120|105|102|91|74|60|53|60|50|34|43|46|35|46|34|32|41|32|20|
2011-08-30|22|1_CTs|CT7||6|2|2|3|1|2|2|3|0|0|1|1|0|0|0|0|2|1|1|1|3|0|2|2|3|5|3|5|9|10|16|18|22|27|26|19|21|22|23|24|19|19|23|19|26|20|13|21|18|13|26|26|19|16|15|24|19|23|28|23|24|22|24|30|10|12|15|16|28|25|18|17|31|32|18|18|26|23|18|24|17|19|11|12|6|11|12|8|9|14|4|12|8|9|5|7|
2011-08-30|22|1_CTs|CT8||18|15|12|8|6|4|6|10|5|2|3|3|6|2|3|2|2|5|2|0|0|1|1|7|2|4|8|8|17|14|20|27|35|42|61|72|75|75|62|68|70|49|60|67|54|80|66|77|58|60|72|65|66|67|73|66|65|70|76|81|80|80|84|84|72|75|84|81|86|80|83|109|110|96|106|100|106|70|76|69|33|24|17|21|16|14|10|15|9|6|9|17|10|7|5|10|
2011-08-30|22|1_CTs|CT9||23|26|12|18|20|5|14|10|9|7|14|4|4|8|6|8|5|5|11|7|17|16|22|34|27|38|51|73|90|123|171|190|221|212|233|254|231|226|178|202|159|161|189|147|148|161|153|154|144|138|150|125|145|135|127|139|159|138|160|130|140|147|153|150|158|157|132|164|117|130|140|129|141|147|167|138|170|150|140|160|147|106|67|58|65|51|64|62|47|55|42|47|47|40|40|35|
2011-08-30|22|1_CTs|CT10||0|1|1|2|0|0|0|1|0|0|1|1|0|0|1|1|0|1|1|2|3|2|4|3|5|3|10|1|5|3|5|6|2|6|4|3|7|3|8|12|2|4|2|2|3|4|2|2|4|4|3|3|3|8|6|2|5|6|2|3|5|1|3|3|8|6|4|3|4|3|2|4|7|5|4|3|4|4|5|5|5|4|4|1|1|4|3|1|6|1|6|17|31|3|1|1|
