2015-07-26|2|1_CTs|ct1||120|104|94|80|81|72|47|50|55|59|60|40|31|34|26|31|18|28|23|22|17|15|11|26|22|31|37|43|37|40|41|39|43|59|63|66|70|72|74|99|100|92|124|119|116|115|121|123|140|128|125|117|131|124|131|124|111|105|112|145|141|142|137|117|130|142|130|135|142|134|129|143|135|382|134|409|124|129|140|122|135|132|138|133|123|102|109|108|96|91|84|82|67|66|63|66|
2015-07-26|2|1_CTs|ct2||70|66|56|46|53|62|34|44|48|51|57|42|34|33|22|27|15|20|20|16|19|12|9|11|20|15|15|18|15|21|16|18|17|27|26|25|40|45|32|40|44|46|45|56|40|49|49|57|313|38|50|41|69|61|54|58|42|53|52|80|53|47|61|43|61|58|52|62|60|62|52|46|63|60|51|55|65|54|55|43|61|60|58|79|315|56|56|58|61|45|47|53|43|51|45|43|
2015-07-26|2|1_CTs|ct3||140|133|136|107|98|108|74|82|84|78|97|330|58|49|55|34|18|35|25|37|28|27|13|24|32|36|38|38|46|35|26|46|43|50|69|60|74|72|88|92|103|105|124|117|135|153|109|132|153|129|131|120|133|119|120|134|116|104|137|130|132|148|128|136|145|141|146|141|137|138|418|137|148|138|136|149|143|106|148|142|134|133|144|147|136|113|108|136|105|82|99|88|81|79|85|77|
2015-07-26|2|1_CTs|ct4||100|62|77|73|64|54|60|50|55|58|68|33|30|50|49|35|45|41|32|37|31|27|32|32|25|30|22|39|39|23|31|27|28|32|30|39|44|54|47|55|56|67|66|70|74|79|75|95|342|83|100|80|74|64|64|76|87|85|70|76|74|86|79|99|91|83|85|97|370|85|89|88|85|93|87|106|93|78|86|112|69|90|88|83|66|85|83|57|58|85|76|71|88|67|47|69|
2015-07-26|2|1_CTs|ct5||216|151|144|124|112|96|97|86|88|91|113|55|46|63|55|53|65|53|40|52|27|39|36|38|39|36|32|39|43|42|39|43|50|59|67|59|50|67|79|88|83|88|102|117|117|115|108|138|137|147|153|128|122|113|114|136|118|131|141|126|116|121|149|162|137|136|134|137|159|150|136|147|144|132|152|410|170|147|126|151|115|146|125|123|117|119|124|101|107|119|140|124|142|107|87|95|
2015-07-26|2|1_CTs|ct6||428|319|480|348|324|38|35|32|50|47|38|19|17|21|31|11|26|20|296|456|362|443|183|33|42|262|438|478|202|55|439|480|147|13|19|15|17|15|19|20|29|27|23|28|28|31|31|42|45|31|28|32|34|32|36|33|31|32|31|38|32|25|35|36|36|41|39|32|53|39|34|37|34|36|35|43|38|32|33|39|33|39|47|35|32|40|40|31|23|32|35|34|36|30|23|32|
2015-07-26|2|1_CTs|ct17||163|169|156|162|131|131|109|85|131|82|90|105|62|69|70|52|38|50|36|42|44|35|28|36|36|36|41|55|69|44|33|57|48|58|80|66|100|87|100|108|115|128|152|156|169|181|146|157|191|163|149|159|153|147|138|161|143|112|166|167|165|166|184|170|164|162|184|170|168|181|190|178|175|161|160|171|161|163|182|146|166|146|179|170|154|116|124|162|111|94|92|97|99|94|91|85|
2015-07-26|2|1_CTs|CT19||78|49|43|56|32|42|40|33|28|23|35|26|15|23|26|18|11|13|10|11|11|12|8|13|11|15|16|16|12|18|10|32|15|21|27|23|30|28|37|42|51|48|66|52|60|71|316|70|86|77|62|69|324|72|54|71|66|38|78|51|53|53|80|70|62|77|81|68|79|69|90|82|76|74|70|74|87|311|93|74|76|71|73|79|67|51|45|321|43|49|51|48|44|46|39|34|
2015-07-26|2|1_CTs|CT20||72|59|61|51|69|55|50|44|51|50|303|37|44|42|34|28|20|22|26|22|24|23|15|19|16|267|14|12|17|12|12|15|22|24|28|29|26|28|41|42|43|50|52|45|53|54|55|58|58|62|80|317|54|44|56|57|59|56|59|56|57|46|65|62|69|62|59|64|60|65|59|75|64|62|53|322|74|63|77|64|56|77|71|61|62|54|56|54|45|51|54|49|52|53|42|58|
2015-07-26|2|1_CTs|CT21||33|28|31|31|34|25|21|15|24|24|21|19|15|16|13|3|10|9|15|5|15|13|3|7|4|3|7|6|6|10|7|8|10|15|14|12|19|22|31|33|30|33|40|40|36|45|39|38|48|52|49|47|39|38|47|44|38|39|41|300|46|32|55|42|40|50|49|53|39|46|48|47|47|43|41|41|53|52|52|40|28|37|46|43|43|37|30|33|27|34|34|26|26|33|18|22|
