2017-09-18|2|1_CTs|ct1||313|60|45|29|33|24|29|32|19|12|14|13|10|16|10|15|17|12|15|15|19|34|30|35|40|306|66|75|339|133|151|148|397|415|164|452|191|175|672|185|204|458|423|191|196|201|465|215|198|449|177|182|198|207|190|201|187|192|213|678|190|226|626|256|169|99|134|418|156|408|149|172|162|162|150|416|177|157|177|392|399|157|129|385|112|114|106|354|88|101|81|103|84|93|317|56|
2017-09-18|2|1_CTs|ct2||299|33|24|22|23|18|14|20|14|6|14|9|12|26|9|10|9|4|18|22|8|18|13|19|21|24|29|31|36|46|64|309|73|314|66|80|86|91|94|113|101|367|345|107|102|121|367|124|109|118|118|604|117|372|108|89|361|112|368|369|119|136|129|360|118|130|109|97|97|356|102|87|77|82|87|344|603|91|111|92|97|92|82|78|60|69|64|57|54|77|55|75|50|306|296|43|
2017-09-18|2|1_CTs|ct3||39|36|33|13|18|280|16|30|15|14|16|12|7|9|6|11|11|9|9|8|9|19|21|24|15|32|43|49|46|75|91|348|91|358|373|385|121|101|110|113|130|125|136|122|139|392|405|152|151|134|149|374|116|136|134|118|136|130|381|132|137|130|326|185|367|107|129|143|129|352|349|122|372|111|113|382|379|117|119|103|102|107|329|86|65|79|69|60|63|71|317|77|309|68|46|34|
2017-09-18|2|1_CTs|ct4||35|24|25|27|16|18|15|12|10|13|11|5|4|9|10|5|7|5|5|7|7|3|265|11|11|276|20|19|28|21|28|33|313|324|85|343|89|97|74|104|111|77|83|92|295|85|97|98|341|93|84|103|108|78|102|94|85|91|89|113|87|86|278|388|97|75|39|97|69|74|328|55|60|58|96|348|325|76|84|64|53|60|308|54|42|44|55|46|48|301|38|304|308|35|39|43|
2017-09-18|2|1_CTs|ct5||70|56|69|51|48|36|33|24|286|31|26|10|13|18|25|18|18|11|14|16|21|14|21|21|29|27|44|31|324|66|81|349|136|146|146|152|453|157|137|418|426|171|397|155|138|142|149|194|185|536|306|161|199|657|167|411|177|176|161|674|443|444|170|687|430|176|160|429|150|168|147|120|146|128|162|137|149|155|146|142|375|131|110|364|85|91|117|114|123|96|89|98|371|67|98|80|
2017-09-18|2|1_CTs|ct6||328|71|68|53|45|36|29|29|27|36|19|16|13|18|23|20|18|269|16|17|23|16|24|28|35|32|46|39|58|51|86|85|114|382|119|135|153|398|131|136|138|158|417|150|365|192|188|431|422|292|337|420|201|181|448|414|183|174|144|691|198|196|176|189|186|185|182|454|179|194|161|168|444|421|703|423|166|166|182|403|397|139|133|130|110|108|122|111|119|118|102|101|108|104|77|93|
2017-09-18|2|1_CTs|ct17||337|90|72|38|61|297|32|49|42|545|32|19|14|23|21|273|25|14|18|26|15|41|41|38|45|59|50|69|90|370|122|403|157|420|176|214|247|194|220|240|491|232|227|484|250|739|496|263|243|248|241|269|218|492|247|216|228|483|235|766|504|488|248|242|233|200|239|241|219|471|241|219|221|212|214|236|489|238|240|228|433|181|125|159|126|126|128|379|133|124|124|396|109|106|102|83|
2017-09-18|2|1_CTs|CT19||30|28|23|22|266|528|9|14|11|13|7|6|3|5|3|264|9|5|6|9|7|11|272|10|10|18|22|35|36|58|56|63|63|328|90|115|115|352|346|367|139|119|111|613|113|122|137|136|105|328|124|370|120|638|109|118|119|103|111|515|241|361|120|130|112|124|127|134|131|368|387|121|147|111|130|153|646|112|146|108|97|87|326|75|63|65|77|330|53|54|56|48|280|40|34|35|
2017-09-18|2|1_CTs|CT20||314|33|35|36|23|289|26|29|17|33|12|11|12|22|4|9|7|11|12|13|17|9|14|9|8|272|23|263|28|33|297|48|87|86|91|80|94|359|73|77|76|324|331|330|71|75|80|68|62|77|73|80|329|324|66|62|314|66|325|327|332|69|67|331|587|336|70|78|338|318|69|61|338|69|333|79|593|335|73|69|330|76|327|61|58|54|63|48|51|59|825|310|65|52|49|50|
2017-09-18|2|1_CTs|CT21||26|16|17|18|10|18|15|18|10|14|8|4|5|8|2|7|2|2|4|5|6|2|2|4|228|5|6|14|7|269|27|32|43|46|51|44|51|295|53|35|46|37|51|39|46|52|36|45|41|165|175|52|44|303|45|56|34|295|42|44|303|33|40|300|298|49|50|41|57|44|43|33|46|46|43|306|287|38|35|38|45|300|44|299|28|27|286|31|25|32|274|40|42|25|27|22|
