2012-04-28|2|1_CTs|ct1||99|88|89|80|62|51|55|36|32|28|26|16|20|14|22|12|11|13|12|16|18|20|26|20|24|23|26|38|24|46|58|68|58|60|64|84|59|80|100|94|116|124|110|96|126|123|116|125|151|120|120|116|114|118|112|114|111|119|115|116|128|140|152|118|119|117|129|110|132|118|125|139|96|109|120|103|106|113|104|113|112|119|139|121|119|130|100|99|81|86|90|83|93|93|88|98|
2012-04-28|2|1_CTs|ct2||34|28|31|33|24|28|27|23|14|15|17|13|12|15|17|13|13|12|10|11|7|9|8|11|14|19|14|13|6|14|37|14|12|17|26|33|29|43|40|44|51|53|58|47|56|44|47|51|47|55|46|38|45|36|48|50|41|36|48|48|40|48|42|36|41|42|49|38|39|36|38|48|48|40|33|43|49|53|55|44|49|53|54|53|52|58|41|41|43|36|24|43|40|28|27|39|
2012-04-28|2|1_CTs|ct3||168|146|170|151|117|126|103|93|69|74|60|59|51|59|67|41|40|40|32|35|37|44|49|41|50|62|57|72|49|66|93|92|83|84|109|131|99|143|162|153|185|189|196|170|182|186|167|192|215|199|186|180|171|182|154|178|185|166|179|191|189|221|203|195|224|176|206|212|211|187|183|204|196|215|182|232|191|205|179|185|183|186|208|169|185|178|160|181|156|139|135|170|152|161|175|171|
2012-04-28|2|1_CTs|ct4||91|80|87|82|64|59|52|53|50|42|45|36|43|41|29|41|28|41|26|26|27|12|35|34|27|27|35|33|23|29|36|43|26|41|40|61|65|88|82|81|107|102|105|100|113|107|97|122|117|121|120|129|133|107|91|90|115|94|107|111|90|110|128|136|101|126|103|99|152|133|130|141|130|134|137|126|107|106|131|96|102|89|68|96|97|86|69|76|53|60|59|71|72|75|88|77|
2012-04-28|2|1_CTs|ct5||141|131|120|121|116|84|85|92|67|71|64|60|57|58|45|42|42|59|41|38|42|26|35|40|30|38|55|39|37|47|47|71|53|62|77|90|107|120|143|119|147|160|151|159|163|168|148|178|208|191|194|181|211|159|177|158|183|176|173|174|186|197|197|218|206|198|175|177|231|229|215|243|227|210|234|208|214|178|196|173|172|156|162|153|146|142|117|130|100|136|110|127|125|130|132|124|
2012-04-28|2|1_CTs|ct6||118|98|95|96|85|79|74|73|46|64|48|46|50|43|39|38|32|42|35|27|31|22|25|22|27|17|33|23|38|36|29|38|42|44|48|51|58|73|86|79|87|103|87|89|88|103|86|109|115|131|123|124|125|108|104|101|104|113|111|87|116|115|115|146|153|142|115|133|134|146|154|181|168|175|178|155|134|146|125|100|99|106|102|80|92|101|74|89|80|95|100|89|99|111|93|133|
2012-04-28|2|1_CTs|ct17||171|137|152|155|115|123|107|98|73|76|63|66|62|63|56|38|41|38|39|27|26|30|39|38|41|65|58|57|35|54|64|77|60|73|88|119|96|128|150|142|154|165|175|166|174|175|172|178|188|187|179|186|187|176|169|146|160|167|189|184|181|188|193|180|209|175|190|212|190|195|175|178|171|210|191|211|188|188|194|200|173|190|195|168|175|185|134|165|139|138|138|140|150|175|160|157|
2012-04-28|2|1_CTs|CT19||90|72|80|98|62|72|66|50|52|54|45|51|41|50|27|17|28|22|22|16|20|11|19|24|26|34|37|33|17|35|44|53|40|44|51|78|55|86|73|98|90|108|125|109|115|112|115|110|120|119|107|117|125|113|116|88|107|117|90|99|109|110|127|105|115|110|102|117|118|113|97|113|103|120|108|116|119|98|115|88|82|102|101|104|89|91|63|83|61|61|70|77|68|74|70|82|
2012-04-28|2|1_CTs|CT20||61|71|58|65|60|43|38|54|48|50|57|48|51|46|49|46|36|39|28|32|18|25|28|19|19|18|20|19|23|23|24|36|28|22|34|46|44|49|56|43|65|69|77|59|77|71|57|62|62|74|80|80|65|83|82|55|80|74|64|70|68|78|84|95|92|78|67|70|69|80|72|89|75|82|86|85|85|85|69|79|85|57|72|84|75|75|63|65|42|61|61|51|64|65|55|57|
2012-04-28|2|1_CTs|CT21||29|50|42|30|33|23|25|18|17|25|23|18|15|16|12|23|8|16|12|16|4|13|11|10|6|5|10|7|6|13|15|21|12|10|21|27|33|33|41|28|49|36|43|43|54|50|47|40|54|46|67|50|42|59|46|52|50|45|53|45|47|48|61|60|61|66|50|63|58|44|56|55|59|49|44|50|49|46|44|45|46|45|46|53|64|51|41|30|18|32|38|21|34|37|43|44|
