2017-08-22|3|1_CTs|ct1||35|17|28|21|13|266|11|5|9|9|3|4|2|3|0|2|8|2|0|6|2|3|1|11|4|12|20|29|34|314|95|628|138|165|920|449|153|912|138|117|366|349|381|370|119|366|149|155|168|158|116|108|376|327|117|93|350|107|386|124|105|110|391|376|134|382|619|133|130|136|635|387|397|421|400|401|649|416|141|116|97|121|352|324|331|61|67|320|64|50|313|42|51|55|42|302|
2017-08-22|3|1_CTs|ct3||463|154|430|130|95|338|77|58|58|63|37|52|35|36|32|39|44|17|23|38|37|32|36|63|310|326|331|111|304|563|549|339|399|924|530|528|768|447|695|439|668|705|487|479|420|422|994|423|475|476|483|687|751|686|416|378|634|1186|478|337|692|424|723|460|716|683|1229|456|466|468|735|1012|740|523|1268|534|746|504|514|447|675|433|633|350|320|340|295|275|293|264|241|495|758|611|369|242|
2017-08-22|3|1_CTs|ct5||132|120|81|73|76|64|50|27|37|282|28|29|13|14|13|6|14|12|25|14|10|12|10|16|244|19|34|302|52|70|113|396|142|698|470|759|226|722|230|222|461|224|744|731|261|483|239|720|221|491|511|527|717|455|190|195|214|1223|213|736|505|225|260|290|275|272|297|540|571|305|591|310|559|326|828|307|551|797|252|267|250|255|186|153|400|158|127|120|378|135|153|373|151|131|153|147|
2017-08-22|3|1_CTs|ct6||8|8|5|9|3|1|5|2|3|2|1|3|0|0|1|1|1|1|1|2|4|3|2|2|3|8|10|15|11|40|25|30|38|37|65|60|53|304|51|304|50|48|39|292|35|35|28|38|35|40|37|46|40|36|295|40|38|534|52|281|41|43|43|36|37|296|44|41|38|34|44|36|45|309|58|51|55|291|38|39|46|36|37|37|26|25|19|16|19|20|22|17|14|6|13|11|
2017-08-22|3|1_CTs|ct7||342|98|338|65|69|68|47|47|39|35|34|21|21|23|21|20|19|19|31|270|24|14|18|27|27|29|49|47|51|64|67|311|91|370|130|394|133|126|128|138|387|141|396|649|162|145|645|158|145|143|149|429|407|139|369|150|128|140|142|656|150|142|159|169|167|178|153|404|157|141|109|147|154|435|134|154|154|161|133|135|140|141|124|113|364|121|109|365|109|117|118|380|109|134|125|112|
2017-08-22|3|1_CTs|ct8||312|57|48|41|46|35|23|32|18|13|15|7|12|270|12|17|10|7|12|261|4|9|9|17|11|14|23|280|30|32|41|41|50|66|74|86|103|84|78|96|88|92|81|350|121|98|360|106|110|102|112|108|118|92|87|102|90|101|99|609|355|83|98|96|144|118|114|106|118|390|131|93|110|135|98|121|369|120|97|87|93|98|93|73|78|84|77|344|93|340|80|353|70|80|81|79|
2017-08-22|3|1_CTs|ct9||101|59|75|72|333|190|608|114|73|85|58|50|44|48|60|23|35|24|294|279|22|284|53|37|300|39|78|2677|364|2143|359|843|213|191|228|758|578|590|528|258|521|230|493|155|244|302|915|587|442|842|2338|571|776|2191|1852|417|711|666|2708|529|116|1132|781|2381|721|878|1646|804|459|314|1378|1287|884|1039|431|213|349|696|948|203|161|216|1044|164|287|139|123|453|119|355|412|142|384|226|324|380|
2017-08-22|3|1_CTs|ct10||83|76|53|57|56|45|36|40|28|41|32|29|21|29|28|19|18|26|29|18|18|19|19|20|15|22|27|28|36|47|65|71|66|94|130|132|124|111|113|120|129|120|118|106|120|108|114|107|123|117|107|121|113|88|108|98|111|106|105|106|107|129|108|126|133|123|133|128|139|137|123|138|139|132|141|137|131|119|111|112|108|119|113|80|113|92|95|81|88|89|61|93|86|80|87|71|
2017-08-22|3|1_CTs|ct13||440|150|110|118|117|98|68|78|328|324|58|306|54|52|60|36|37|48|75|56|54|30|54|64|60|60|74|96|366|127|159|684|175|239|462|516|266|474|516|235|467|238|230|253|252|512|233|253|265|251|280|235|253|238|218|510|250|513|243|471|498|261|246|254|762|633|1106|267|599|255|347|562|862|254|212|238|475|268|275|243|299|304|477|476|205|202|179|240|272|1090|188|607|283|219|251|191|
2017-08-22|3|1_CTs|CT16||90|77|307|335|324|73|112|323|35|40|39|47|29|272|36|24|30|23|282|17|13|22|24|22|557|35|37|23|79|76|88|110|144|465|428|430|178|500|596|214|164|209|427|439|209|176|206|169|179|160|168|160|134|149|408|399|132|150|162|137|175|174|174|162|442|157|171|415|431|188|687|167|207|187|219|437|768|457|187|440|173|163|142|412|381|137|101|77|86|371|140|365|112|115|156|623|
2017-08-22|3|1_CTs|ct22||23|7|6|257|2|3|0|0|0|1|1|1|2|1|3|0|1|0|1|3|0|1|4|2|4|6|2|2|6|6|12|4|13|11|13|21|20|17|7|16|11|10|271|273|18|22|20|20|14|33|29|31|20|16|12|16|19|7|18|18|19|13|18|19|276|18|28|19|27|34|41|19|37|28|30|22|28|12|11|13|16|10|11|7|9|2|6|11|6|262|6|6|5|3|8|2|
2017-08-22|3|1_CTs|CT23||83|75|316|58|307|41|40|22|18|23|24|10|15|12|20|14|21|19|21|16|15|276|19|32|33|35|50|73|502|239|164|408|425|191|190|474|213|198|207|200|189|218|411|664|154|407|182|172|199|170|423|216|877|392|146|164|150|239|362|432|161|167|175|177|167|422|664|424|151|155|160|430|386|176|684|166|422|174|157|156|675|141|158|125|135|112|109|358|97|93|339|610|355|95|85|83|
2017-08-22|3|1_CTs|ct24||76|316|317|308|305|32|41|28|18|25|17|17|17|8|15|13|14|9|11|17|23|32|38|55|59|107|778|380|862|440|735|809|573|1125|686|809|589|1057|573|505|999|539|1150|922|431|407|661|436|671|411|456|440|1137|370|572|371|368|371|675|941|683|620|630|360|849|352|1111|836|577|372|1144|695|716|498|704|939|688|661|610|388|620|334|331|313|538|228|187|183|147|171|161|390|403|137|115|100|
