2012-03-18|22|1_CTs|CT1||12|15|10|14|8|3|11|12|12|3|6|4|3|7|6|5|6|4|3|10|8|11|12|8|12|10|11|14|16|18|23|27|26|29|27|29|22|37|37|51|36|49|44|52|32|39|43|49|50|50|50|51|46|49|37|32|41|32|41|42|55|56|55|48|42|59|57|67|59|81|62|75|54|55|44|68|60|55|47|46|44|38|48|26|37|34|28|32|29|30|28|26|21|22|15|20|
2012-03-18|22|1_CTs|CT2||35|49|26|31|29|22|21|28|19|13|18|7|7|11|9|11|13|11|9|14|18|11|21|14|28|20|23|35|33|34|39|44|33|37|43|44|53|53|39|57|59|82|73|74|66|72|88|77|93|80|103|99|92|100|78|78|70|67|103|104|83|95|88|94|91|98|102|92|87|100|95|98|99|88|97|104|111|84|73|92|78|75|57|75|60|59|41|53|43|49|46|53|33|38|32|36|
2012-03-18|22|1_CTs|CT3||62|53|53|46|47|46|33|35|32|30|28|18|19|18|12|19|20|16|13|22|28|15|27|17|21|24|27|52|33|54|34|55|42|50|55|58|56|60|61|68|72|83|78|112|98|105|94|104|113|92|128|121|137|124|105|100|95|91|151|133|141|121|141|129|140|120|139|143|113|135|144|143|154|137|156|140|122|126|129|122|114|90|82|111|80|79|74|68|55|56|61|69|62|41|45|44|
2012-03-18|22|1_CTs|CT4||38|48|32|33|27|22|20|29|21|11|16|12|18|13|12|20|10|11|18|11|16|18|13|16|9|12|16|16|29|21|23|31|31|33|26|44|48|36|65|68|52|57|63|74|77|84|101|91|92|79|91|102|126|113|79|68|78|77|64|84|100|81|102|96|106|101|115|93|104|107|100|97|83|119|98|170|103|100|118|96|99|142|103|60|56|45|43|63|46|51|36|37|34|34|32|30|
2012-03-18|22|1_CTs|CT5||47|46|39|30|31|32|25|26|21|12|17|14|22|15|15|11|16|10|19|13|24|24|18|16|17|14|19|20|24|23|37|35|31|50|47|56|58|66|68|76|61|70|70|102|99|85|106|91|84|83|114|101|99|124|91|78|81|85|89|93|112|92|115|104|130|117|120|91|109|125|116|104|106|127|107|140|118|97|123|94|108|123|94|77|60|49|50|55|55|64|37|36|37|35|26|33|
2012-03-18|22|1_CTs|CT6||34|18|32|20|22|10|15|17|20|10|13|15|11|16|10|6|8|6|15|9|14|7|10|10|15|13|13|9|17|24|21|20|20|16|22|26|28|32|34|39|31|33|39|59|37|50|59|51|43|64|83|64|73|71|53|58|38|48|74|58|61|66|63|74|66|63|73|66|74|84|76|65|74|88|73|80|66|69|72|82|49|61|50|57|51|46|33|38|34|43|30|25|22|33|19|26|
2012-03-18|22|1_CTs|CT7||6|5|8|3|2|3|2|4|2|2|2|1|1|3|4|2|3|4|1|4|2|1|4|2|5|5|0|3|6|3|8|8|1|7|8|7|9|8|4|8|8|23|16|6|10|14|14|16|14|15|12|17|12|21|9|10|12|14|10|12|13|20|13|14|13|17|12|17|19|22|25|15|14|19|12|17|24|18|15|18|11|16|14|14|13|15|10|6|10|12|9|9|12|8|7|6|
2012-03-18|22|1_CTs|CT8||13|9|14|8|9|8|5|7|9|5|2|5|8|12|5|8|12|11|8|12|5|6|6|2|8|7|3|14|4|10|9|8|8|6|6|4|6|7|10|15|17|7|11|22|14|27|14|21|28|14|19|24|17|45|25|21|20|16|18|34|44|22|35|26|36|17|25|22|29|32|29|37|34|27|28|15|28|22|30|23|25|19|22|28|14|10|15|6|5|4|5|17|13|3|5|6|
2012-03-18|22|1_CTs|CT9||50|25|45|21|26|25|21|15|19|14|17|7|17|15|10|9|16|6|8|11|16|17|12|13|13|15|25|21|22|26|33|44|44|46|50|52|47|70|75|72|68|68|77|75|86|93|77|78|85|82|102|110|145|106|85|91|90|85|106|111|126|110|119|112|101|128|108|107|107|113|112|100|101|117|121|111|127|108|122|93|103|99|79|68|67|59|72|63|52|43|48|48|44|40|33|36|
2012-03-18|22|1_CTs|CT10||0|1|0|2|1|1|2|1|1|0|0|0|1|0|0|0|1|1|0|1|2|0|2|1|0|2|0|0|2|1|1|0|0|1|1|0|0|2|3|1|1|2|0|1|3|4|1|3|2|1|0|0|0|0|1|1|0|1|3|1|1|1|1|1|1|1|1|1|0|1|2|0|0|0|2|3|0|5|3|3|0|0|1|2|0|1|2|0|2|1|1|0|0|1|0|1|
