2012-02-19|6|1_CTs|CT1||2|1|1|1|0|0|1|2|0|0|0|1|0|1|2|1|0|1|0|1|1|0|0|1|2|1|3|2|1|3|2|1|1|2|3|2|1|2|2|2|1|1|2|5|0|2|1|3|3|6|2|1|2|3|5|2|2|2|2|2|2|6|4|4|2|2|4|1|1|4|3|2|2|1|2|1|1|3|2|2|3|2|1|3|5|1|2|2|2|2|4|2|1|0|0|2|
2012-02-19|6|1_CTs|CT3||7|12|10|4|3|5|6|6|4|2|5|1|3|2|4|2|4|7|6|14|15|15|17|19|28|24|34|34|30|38|40|35|24|27|21|31|29|26|29|20|32|36|19|18|31|29|28|34|47|40|28|35|50|33|42|33|28|42|33|33|30|40|38|38|40|37|45|38|31|44|34|41|30|40|37|40|37|52|33|32|23|25|21|24|21|30|32|10|18|29|18|12|19|18|19|12|
2012-02-19|6|1_CTs|CT4||8|7|7|5|6|2|6|4|2|6|9|1|4|0|2|0|3|2|5|2|4|3|3|1|3|4|1|4|1|5|6|2|1|4|5|5|5|9|9|6|9|9|7|13|8|11|11|21|21|18|25|17|18|19|20|15|20|12|17|19|13|21|18|17|21|21|18|13|21|22|18|17|20|26|20|39|30|28|24|21|23|22|12|16|16|15|10|7|5|10|11|10|6|10|8|9|
2012-02-19|6|1_CTs|CT5||26|25|22|23|19|11|8|14|14|13|9|9|9|11|6|5|10|5|7|12|11|9|9|11|12|9|5|6|2|7|7|13|10|13|8|10|8|9|6|14|21|26|23|15|21|21|21|26|32|29|10|17|37|23|23|25|35|34|39|39|32|32|35|42|39|39|39|42|46|49|59|41|45|52|57|53|45|46|36|31|35|30|21|33|23|24|22|25|18|29|25|26|21|14|18|18|
2012-02-19|6|1_CTs|CT6||25|24|25|12|18|17|26|13|13|7|5|13|7|9|7|5|4|7|4|3|6|11|9|8|12|11|8|11|11|12|18|12|13|18|19|15|35|25|22|29|40|44|36|44|43|44|49|53|56|72|66|54|71|91|63|54|48|73|57|80|70|65|68|69|64|59|63|54|64|65|79|53|56|71|78|82|90|63|79|64|51|50|44|35|39|34|36|26|32|39|44|28|30|24|22|27|
2012-02-19|6|1_CTs|CT7||7|5|2|4|4|2|0|2|3|1|1|1|0|2|1|0|1|2|1|0|2|2|1|3|2|3|1|7|3|1|3|5|5|8|8|3|3|4|6|6|6|5|8|7|9|11|13|19|11|18|10|13|6|14|6|8|9|7|14|7|8|14|15|12|15|18|14|13|19|16|17|17|13|19|18|21|17|19|29|10|16|14|14|4|6|17|12|8|11|7|6|4|6|8|5|4|
2012-02-19|6|1_CTs|CT8||46|40|36|37|29|20|17|21|28|26|21|16|20|14|9|12|25|14|9|8|5|6|8|14|13|10|18|17|26|25|23|41|20|29|29|37|34|27|35|54|45|51|49|49|58|55|49|56|74|71|68|80|86|84|89|77|75|92|79|78|91|94|90|111|97|91|97|91|88|97|100|103|89|101|116|108|111|101|94|77|107|77|53|54|56|47|48|42|48|64|30|42|37|37|32|42|
2012-02-19|6|1_CTs|CT9||58|44|38|33|28|35|27|34|29|17|24|13|20|21|23|13|12|13|9|10|10|12|20|11|20|27|31|25|28|30|45|49|33|42|39|34|52|53|57|59|60|63|70|77|68|63|80|91|88|101|116|91|96|98|107|109|96|103|112|109|115|153|112|127|151|120|111|119|134|115|130|128|134|168|152|147|144|158|177|132|101|88|82|66|68|64|60|75|57|83|70|66|50|57|44|43|
2012-02-19|6|1_CTs|CT10||35|39|36|27|27|26|17|21|13|19|17|12|14|16|13|6|9|11|11|9|12|10|10|20|13|14|18|17|21|13|21|30|22|41|26|46|32|43|35|52|54|61|39|64|58|23|68|78|74|68|79|65|113|91|55|61|81|61|70|72|83|80|73|103|91|104|95|108|98|87|101|100|100|86|102|131|93|74|102|84|84|119|46|61|49|63|43|47|44|94|125|52|41|34|29|26|
2012-02-19|6|1_CTs|CT11||35|29|23|26|24|21|13|11|12|12|11|11|8|8|14|4|10|7|5|12|9|10|8|15|15|13|20|16|17|15|36|33|24|31|34|35|44|46|63|66|54|71|84|75|83|62|87|79|79|89|84|107|106|89|79|71|72|86|104|100|90|112|95|98|122|86|98|113|81|90|126|99|110|107|126|95|83|94|117|91|103|76|66|49|52|47|43|50|42|109|84|53|32|33|33|19|
2012-02-19|6|1_CTs|CT12||34|29|29|24|20|23|17|21|14|17|16|11|8|14|12|8|16|12|12|12|13|13|17|20|19|15|30|23|17|20|31|35|28|51|23|35|49|47|59|72|55|66|67|77|73|66|86|93|77|76|86|85|109|97|62|68|74|75|83|81|76|93|94|101|95|101|90|104|118|87|124|122|119|88|112|129|91|86|101|94|93|101|65|63|46|58|40|43|55|83|105|62|39|35|31|20|
2012-02-19|6|1_CTs|CT13||34|34|30|25|21|24|18|30|18|13|22|9|14|12|14|7|7|8|13|3|9|12|19|16|17|38|27|32|37|32|34|54|33|37|32|37|49|40|57|60|52|56|62|55|63|64|64|94|90|88|98|131|84|95|62|85|83|92|92|73|83|129|99|115|102|108|97|126|112|99|103|130|117|119|116|130|121|137|129|98|83|71|71|44|48|53|60|52|51|67|65|38|37|53|34|45|
2012-02-19|6|1_CTs|CT14||24|22|27|8|14|6|12|8|6|16|11|7|6|8|5|9|8|10|13|10|9|12|18|10|16|15|18|14|17|15|18|23|31|29|17|31|25|28|31|43|40|34|39|50|43|40|42|62|52|55|62|54|61|64|35|55|63|31|47|56|40|57|57|53|60|78|63|56|62|59|65|65|70|63|63|71|62|59|71|67|47|47|32|35|39|30|27|34|29|80|89|37|38|31|20|21|
2012-02-19|6|1_CTs|CT15||8|16|11|7|12|8|4|6|9|1|5|5|8|6|6|5|4|6|2|0|5|8|9|10|15|8|11|9|13|19|13|21|23|23|14|21|27|23|19|30|27|18|32|36|36|40|29|42|48|29|36|37|39|43|30|34|37|27|40|34|43|38|39|45|42|43|47|56|58|55|69|62|53|59|60|76|62|70|71|54|45|24|37|27|27|25|31|22|30|24|26|24|8|15|13|13|
2012-02-19|6|1_CTs|CT16||43|43|39|38|30|23|21|16|15|17|14|13|12|14|12|7|7|9|8|7|10|9|9|16|13|11|15|22|20|14|20|20|27|29|38|46|33|35|43|57|51|66|55|63|66|88|92|103|91|105|97|100|107|107|76|71|80|71|103|98|99|92|100|111|114|110|111|121|115|105|124|119|109|113|116|126|110|95|110|98|106|111|72|47|54|75|66|51|41|89|101|49|38|48|43|37|
2012-02-19|6|1_CTs|CT17||8|6|8|6|2|5|5|6|4|1|3|0|3|2|1|3|2|6|0|3|3|3|2|1|1|6|1|8|0|4|6|4|5|6|5|4|6|9|8|11|7|9|11|17|16|11|17|19|16|15|25|9|16|13|11|15|14|9|12|10|4|26|12|18|19|21|19|17|25|8|29|19|26|28|22|19|15|22|28|19|13|17|14|10|5|12|9|11|9|5|10|11|7|4|5|2|
2012-02-19|6|1_CTs|CT18||75|68|55|59|52|34|27|40|40|34|25|21|21|20|19|16|22|9|16|22|17|21|17|24|33|26|26|33|25|31|35|41|32|43|38|57|45|45|50|59|73|70|89|88|91|100|105|117|121|147|112|125|134|126|137|115|105|128|117|115|129|136|133|161|145|134|150|169|147|164|182|145|155|187|165|165|151|136|122|122|136|132|91|85|85|92|96|73|74|98|113|86|71|52|57|46|
2012-02-19|6|1_CTs|CT19||40|21|25|30|25|28|23|26|15|22|13|10|15|21|10|15|13|15|14|13|11|14|12|4|10|14|17|18|11|12|18|16|17|26|7|16|27|30|46|40|45|50|41|55|50|52|66|67|67|59|85|80|81|83|74|76|62|67|56|66|75|112|84|74|94|86|87|95|93|89|117|81|84|105|102|94|99|73|81|82|71|60|50|51|42|51|41|40|58|28|46|38|28|31|25|30|
2012-02-19|6|1_CTs|CT20||24|24|20|23|10|3|9|15|22|11|15|5|11|2|7|6|7|7|3|4|6|6|6|10|15|9|16|16|12|15|15|22|29|16|23|34|29|32|22|38|43|46|45|51|49|58|66|81|20|65|29|44|62|72|77|70|66|35|25|71|78|73|92|68|73|62|67|70|79|79|98|93|62|62|38|73|93|57|64|18|56|47|45|44|50|30|35|34|32|36|28|31|32|16|14|18|
2012-02-19|6|1_CTs|CT21||65|55|46|50|40|36|34|20|22|31|22|25|24|16|17|15|15|25|14|16|21|20|25|28|34|33|35|46|44|50|72|73|63|57|63|54|65|71|75|74|97|98|89|111|105|106|89|122|121|142|135|149|146|137|154|144|136|133|140|169|182|153|192|167|195|162|184|191|190|174|182|242|195|231|183|202|197|178|203|171|153|138|118|122|108|123|97|88|101|118|114|95|94|77|80|77|
2012-02-19|6|1_CTs|CT22||93|85|79|46|53|43|40|49|60|36|33|41|31|41|42|49|33|34|33|40|44|46|63|59|67|59|49|68|76|69|87|84|85|85|87|102|94|94|99|108|107|110|116|142|133|137|173|172|190|198|179|185|181|169|171|144|153|152|177|150|176|222|206|210|179|199|194|183|192|169|208|203|203|195|192|189|175|177|149|152|148|129|127|111|116|124|88|98|94|102|105|87|102|80|64|51|
2012-02-19|6|1_CTs|CT23||39|44|34|33|25|18|13|22|24|26|25|17|16|12|10|18|23|16|14|12|11|8|13|19|16|19|17|25|30|23|32|35|28|38|31|33|42|44|46|55|47|57|63|65|64|73|65|72|95|84|80|94|84|87|95|89|82|85|88|92|87|89|88|102|97|96|77|101|92|102|111|109|107|113|119|102|101|107|103|93|100|77|66|57|55|53|52|47|56|65|36|50|48|34|36|43|
2012-02-19|6|1_CTs|CT24||94|86|65|45|47|42|48|31|44|55|30|25|33|35|36|24|27|23|20|30|25|29|31|32|29|30|27|35|40|42|49|48|54|51|57|47|75|67|69|81|59|75|70|79|91|95|104|114|109|135|122|137|138|127|120|117|115|116|104|119|128|152|144|133|151|168|156|161|170|167|173|154|163|168|181|181|168|147|136|146|128|118|108|90|88|86|85|77|85|107|116|83|86|59|64|56|
