2012-06-13|22|1_CTs|CT1||25|21|17|7|10|6|8|11|12|8|2|5|11|0|7|7|3|7|14|7|14|17|13|13|13|20|17|20|17|19|27|30|34|38|31|35|33|35|28|42|37|46|52|42|38|45|23|38|55|49|63|49|44|30|51|42|44|45|41|42|36|43|34|42|70|61|63|61|48|34|31|33|35|28|30|32|32|53|45|43|49|38|28|31|26|27|39|33|45|23|33|31|22|16|16|18|
2012-06-13|22|1_CTs|CT2||43|30|27|22|20|22|15|22|17|15|9|9|12|7|13|13|17|18|14|8|12|19|28|23|33|32|25|37|29|30|53|49|44|51|48|58|49|49|51|54|56|55|46|57|56|61|62|50|56|58|69|72|57|59|58|53|57|73|76|64|61|65|49|66|66|80|88|72|48|51|36|44|59|50|38|45|77|81|75|47|50|56|54|50|37|46|42|62|55|37|43|26|23|27|28|28|
2012-06-13|22|1_CTs|CT3||75|67|44|48|46|55|58|44|40|57|38|31|34|27|34|19|42|30|30|33|35|40|44|40|53|47|38|50|47|66|75|76|67|72|88|81|85|81|81|85|98|98|78|108|97|100|118|97|97|123|103|117|104|95|109|85|116|110|117|118|115|122|125|127|138|133|149|123|90|75|80|71|84|62|51|71|124|122|131|92|112|84|95|96|73|84|75|88|96|83|93|66|52|53|60|48|
2012-06-13|22|1_CTs|CT4||42|52|31|36|24|26|21|17|23|22|28|19|25|14|14|18|27|14|26|14|19|22|27|29|27|37|36|27|33|35|35|42|38|37|42|42|45|52|50|51|60|54|64|66|80|82|86|80|77|83|73|81|86|70|70|66|71|59|80|79|89|94|83|108|89|101|134|109|86|84|65|64|66|62|59|61|91|106|95|82|69|77|59|63|57|63|59|64|57|61|50|53|44|46|25|29|
2012-06-13|22|1_CTs|CT5||46|43|39|44|34|32|36|35|22|21|19|28|26|19|15|10|25|19|25|14|19|27|34|32|32|33|30|32|32|37|40|46|31|50|56|42|61|65|68|72|60|68|68|80|81|81|106|96|97|91|109|90|103|81|77|85|82|86|83|105|114|107|115|106|115|125|127|129|109|90|73|71|76|62|68|57|94|119|102|120|84|86|88|72|71|64|62|77|55|57|62|42|44|53|41|36|
2012-06-13|22|1_CTs|CT6||37|37|19|22|26|25|21|19|12|9|13|22|19|10|11|6|15|8|20|6|10|24|32|14|17|35|24|20|28|25|26|39|27|48|26|39|36|35|44|35|45|44|53|57|43|48|60|61|57|56|70|70|58|49|55|54|58|52|43|54|58|64|81|48|62|61|82|66|44|44|37|48|50|36|41|36|69|62|65|55|39|54|45|43|48|37|41|36|34|37|41|28|33|24|32|27|
2012-06-13|22|1_CTs|CT7||9|3|9|2|5|2|1|5|2|2|3|1|4|3|3|2|1|2|1|3|2|1|7|5|8|6|6|8|4|0|9|9|10|5|9|13|10|8|11|13|10|10|12|11|7|17|9|7|8|13|17|15|18|6|12|13|11|12|15|14|12|12|10|15|10|18|25|16|15|7|4|7|11|12|8|7|12|16|13|8|10|14|8|10|8|7|9|14|10|9|9|6|8|6|3|4|
2012-06-13|22|1_CTs|CT8||30|31|28|26|27|23|32|33|25|30|14|25|24|20|13|13|18|17|15|19|14|24|9|18|28|17|18|10|14|14|19|22|16|23|24|20|30|25|33|32|26|40|29|34|41|41|42|34|56|42|42|37|52|45|40|43|50|41|41|50|47|66|62|65|64|54|67|65|48|36|27|26|32|26|19|36|62|39|50|49|34|32|46|40|27|36|35|34|40|26|36|38|31|21|23|14|
2012-06-13|22|1_CTs|CT9||35|34|25|20|19|21|17|16|19|18|21|14|16|15|11|10|12|9|11|15|13|23|16|22|31|35|30|33|36|49|64|70|51|53|78|71|55|52|79|89|67|79|69|70|89|92|101|81|86|85|119|97|89|94|81|102|78|97|92|103|92|96|103|119|109|111|129|123|102|98|81|62|67|45|51|47|82|105|99|112|81|86|71|65|79|74|54|73|65|80|72|54|38|38|49|47|
2012-06-13|22|1_CTs|CT10||1|2|1|1|1|0|0|1|0|1|0|1|0|2|0|0|0|1|1|1|1|0|2|3|3|1|1|1|2|1|1|0|2|1|1|2|0|4|0|1|2|0|0|1|2|2|3|1|2|1|4|3|0|1|2|0|1|2|0|0|3|1|0|3|1|1|4|2|4|0|0|0|1|2|0|1|1|3|2|3|2|2|4|4|2|0|1|2|3|3|0|0|0|3|1|2|
