2013-02-06|22|1_CTs|CT1||12|7|14|6|2|5|2|5|2|2|5|1|2|3|1|6|2|1|4|5|9|8|18|15|29|21|27|32|32|55|80|140|188|192|170|173|144|144|136|122|96|80|63|85|58|85|73|67|67|71|88|98|86|98|72|68|86|88|69|103|88|94|62|88|77|88|83|92|88|106|117|118|104|102|114|97|90|78|65|65|61|49|51|30|33|31|32|23|26|25|14|20|22|17|11|8|
2013-02-06|22|1_CTs|CT2||42|18|32|11|12|10|6|5|4|7|60|382|139|122|156|58|104|116|45|169|243|276|105|83|151|106|222|143|138|284|281|225|303|311|311|307|268|249|226|189|154|142|137|124|144|135|144|136|147|169|151|164|160|152|132|174|189|164|151|170|145|182|167|171|165|176|177|211|202|216|222|240|213|223|247|199|192|159|163|126|154|123|117|89|87|74|57|46|59|59|40|58|37|61|30|30|
2013-02-06|22|1_CTs|CT3||40|50|40|23|20|13|9|10|7|12|9|8|10|9|12|4|5|3|7|10|16|19|25|26|43|44|41|70|84|111|177|267|287|334|359|367|352|345|251|254|208|185|196|171|167|193|180|191|202|193|173|205|189|209|168|191|233|226|219|221|222|251|244|236|229|238|231|257|291|280|290|296|258|241|296|254|224|201|203|176|191|165|130|116|135|100|93|81|77|76|73|79|78|64|56|59|
2013-02-06|22|1_CTs|CT4||25|19|25|14|16|4|10|12|8|9|7|4|1|8|3|7|4|0|2|7|7|7|14|14|24|27|35|37|63|83|96|136|181|170|186|209|213|177|183|168|166|161|163|167|162|155|133|153|162|192|183|136|166|167|132|151|145|150|151|152|153|172|178|163|154|178|220|185|202|220|237|196|187|202|225|216|218|192|196|149|152|131|123|108|85|79|71|63|59|43|44|48|45|41|39|25|
2013-02-06|22|1_CTs|CT5||38|19|24|12|13|8|7|8|6|11|7|9|5|4|5|8|6|3|3|7|8|13|14|20|27|31|37|45|51|82|106|177|291|305|269|287|282|238|254|216|151|180|151|169|175|181|158|170|215|247|210|182|203|187|158|208|208|190|172|194|173|216|204|195|205|231|251|268|233|280|281|299|245|275|269|288|247|242|209|170|190|165|133|115|102|86|80|65|65|58|46|64|55|56|41|28|
2013-02-06|22|1_CTs|CT6||19|23|24|6|12|6|13|6|7|5|6|4|4|2|3|2|2|4|2|5|2|5|8|12|16|23|21|16|39|39|50|64|77|119|105|110|116|108|114|79|95|102|84|90|108|87|101|127|144|174|132|99|110|117|101|109|99|118|88|83|102|101|132|103|133|116|103|140|144|142|139|174|143|159|166|131|151|153|116|109|95|96|60|65|74|66|55|51|46|34|41|46|31|28|19|15|
2013-02-06|22|1_CTs|CT7||4|2|3|2|1|1|0|1|1|0|2|0|2|1|0|0|0|0|1|1|1|0|4|6|3|4|2|5|4|12|8|21|42|41|50|37|34|31|28|35|20|26|20|30|27|21|26|19|20|27|32|23|41|23|17|24|27|26|23|28|16|23|12|26|29|24|29|39|26|25|36|31|30|46|31|30|32|25|19|24|18|18|18|16|13|5|5|11|3|10|2|5|9|11|4|1|
2013-02-06|22|1_CTs|CT8||19|16|21|9|5|7|4|2|4|5|2|0|3|2|2|3|2|0|3|2|2|2|3|2|3|10|10|10|12|18|34|70|91|84|99|106|125|89|59|92|78|66|75|63|73|56|80|76|73|83|67|68|72|75|60|77|75|88|83|82|85|80|85|93|95|89|110|98|96|111|117|98|101|85|94|102|114|100|103|95|107|67|57|58|60|47|49|34|41|32|27|30|44|19|29|24|
2013-02-06|22|1_CTs|CT9||27|30|18|13|10|12|5|3|6|11|11|12|5|5|9|9|5|4|10|11|15|15|17|28|32|44|48|78|91|138|222|336|349|314|353|330|318|306|290|245|203|195|191|189|167|184|178|186|209|223|192|211|190|190|164|212|241|208|222|210|212|230|234|176|210|246|223|246|224|230|192|224|215|215|198|188|155|147|154|132|152|124|112|115|77|77|66|60|53|65|45|6|50|56|37|30|
2013-02-06|22|1_CTs|CT10||0|0|0|1|1|0|0|1|2|2|3|2|0|2|1|0|0|1|2|2|2|2|3|4|7|8|2|6|1|9|5|32|75|31|13|7|11|10|11|10|7|10|4|1|8|5|2|7|9|8|6|3|14|20|2|5|8|3|3|1|9|3|9|6|4|2|7|5|5|11|3|6|1|4|1|7|2|4|3|2|1|1|3|2|1|2|0|2|0|0|8|14|10|1|1|1|
