2011-06-03|6|1_CTs|CT1||2|2|0|0|1|0|0|1|0|1|2|0|0|1|2|3|0|2|2|2|5|1|3|5|5|16|9|4|4|7|8|9|66|61|40|37|25|11|26|14|10|9|7|8|10|3|4|6|5|8|10|5|6|12|5|13|4|8|6|12|6|3|10|12|13|8|9|7|7|7|9|9|4|11|6|4|5|3|5|4|5|6|2|3|4|1|1|1|2|2|5|20|26|2|2|0|
2011-06-03|6|1_CTs|CT3||22|22|16|22|9|7|4|6|3|5|2|4|6|5|6|2|3|5|10|9|16|22|18|23|43|42|51|50|66|71|88|115|111|139|177|147|125|93|97|64|61|77|68|44|60|61|64|57|73|71|61|65|59|70|52|61|72|60|59|54|71|59|68|71|59|58|81|86|66|75|76|82|87|75|85|103|78|61|60|39|49|33|30|33|24|32|32|35|42|29|26|20|31|21|33|18|
2011-06-03|6|1_CTs|CT4||16|8|12|10|10|8|5|6|3|2|4|2|1|4|3|7|3|1|2|2|0|1|0|0|1|1|4|7|4|7|15|22|57|48|28|34|36|32|24|11|32|27|27|27|24|20|31|27|25|37|30|19|36|38|27|40|34|26|26|33|31|36|33|31|34|31|35|37|38|46|43|63|54|55|49|38|38|38|52|30|35|18|21|25|16|21|17|17|22|16|13|18|11|20|14|13|
2011-06-03|6|1_CTs|CT5||33|32|24|20|21|15|13|13|11|12|6|11|11|3|10|7|11|6|12|7|8|5|8|9|8|16|22|23|33|26|50|54|66|87|108|127|139|130|101|88|64|82|81|82|75|85|77|79|82|65|72|86|62|50|51|79|79|81|74|67|90|71|71|67|61|64|79|57|97|73|87|82|63|65|62|59|59|70|61|68|59|36|37|39|53|39|49|41|40|42|38|41|39|33|41|30|
2011-06-03|6|1_CTs|CT6||27|25|19|25|15|18|7|14|7|6|8|7|7|3|15|6|2|14|8|8|8|8|9|16|18|20|19|30|46|52|77|92|144|183|166|202|174|161|130|124|111|119|102|101|94|112|140|99|115|116|112|106|98|112|115|128|110|125|124|112|121|101|114|111|98|126|117|125|159|143|154|142|118|116|117|142|136|136|116|116|106|109|97|98|101|81|86|57|73|62|65|71|68|62|59|59|
2011-06-03|6|1_CTs|CT7||9|2|7|8|4|5|4|3|3|1|1|1|3|3|1|1|1|3|0|3|3|0|4|2|4|7|10|9|5|19|20|28|34|42|37|32|41|38|36|23|23|17|37|31|19|23|24|18|21|19|29|31|33|20|24|17|16|31|27|20|19|22|18|25|25|27|33|25|40|30|36|36|41|31|26|28|21|26|24|21|20|17|19|17|21|18|15|11|19|7|9|12|11|12|4|13|
2011-06-03|6|1_CTs|CT8||63|50|40|34|24|16|18|16|18|15|12|10|21|9|14|4|14|8|9|10|10|13|25|24|24|37|52|65|91|133|186|218|262|243|220|225|213|198|216|200|174|196|148|171|142|140|139|132|151|165|152|168|159|146|150|155|153|182|183|180|195|159|172|141|153|158|158|179|175|165|192|185|203|215|193|199|171|176|185|154|177|171|120|142|114|118|124|109|103|111|116|104|92|89|69|82|
2011-06-03|6|1_CTs|CT9||70|53|31|45|30|27|20|24|19|10|16|20|19|17|13|11|15|9|5|13|12|18|22|41|52|54|50|88|140|167|229|322|310|363|407|399|358|338|290|274|232|266|215|217|197|201|213|228|218|205|194|222|202|239|217|209|196|226|221|231|215|225|225|241|247|248|258|277|276|294|302|358|375|384|340|366|360|404|236|204|203|174|178|176|146|142|138|126|126|123|96|105|122|107|93|96|
2011-06-03|6|1_CTs|CT10||39|52|38|35|22|22|15|11|12|13|15|16|14|10|10|5|6|6|8|5|12|8|12|22|30|35|46|60|75|86|113|151|190|171|155|198|203|197|210|210|164|169|132|164|169|166|149|157|149|190|152|182|172|151|137|140|134|151|169|156|138|171|155|183|181|207|190|210|221|246|232|244|248|239|261|272|219|230|186|201|201|202|178|173|143|124|111|96|79|85|76|77|60|70|58|58|
2011-06-03|6|1_CTs|CT11||48|39|29|26|20|20|12|14|10|7|13|10|12|11|7|7|6|9|3|10|23|20|19|42|39|55|83|117|126|194|277|361|318|341|347|323|317|285|256|254|244|197|205|207|155|180|219|182|216|193|189|210|200|220|167|194|164|198|202|199|188|161|219|184|182|221|237|231|201|220|218|217|213|206|199|204|178|189|156|164|149|152|141|150|137|98|87|71|81|88|46|68|85|61|75|53|
2011-06-03|6|1_CTs|CT12||45|40|37|38|31|21|20|10|9|10|21|20|18|9|10|8|6|7|8|9|10|10|14|28|37|35|49|65|77|99|159|170|228|270|265|276|294|248|226|229|209|161|159|170|169|184|176|169|177|197|173|197|196|202|145|152|165|162|185|169|180|178|197|200|209|239|261|260|289|312|268|313|321|289|302|329|293|311|242|244|235|214|190|172|171|125|113|109|92|84|68|88|70|62|68|62|
2011-06-03|6|1_CTs|CT13||12|12|7|8|11|8|6|1|3|3|1|4|3|3|3|3|0|3|3|4|5|5|4|9|20|15|17|23|34|40|46|63|71|64|96|84|76|62|63|56|60|44|38|49|41|45|46|49|32|41|38|46|37|37|42|46|41|55|45|37|43|43|42|48|45|46|45|57|43|38|43|51|64|81|76|59|60|66|24|26|35|26|29|19|29|27|23|29|20|26|23|38|124|110|362|185|
2011-06-03|6|1_CTs|CT14||27|24|28|27|21|13|10|7|4|12|13|17|15|8|5|6|5|5|8|3|4|9|10|11|26|21|32|26|38|41|76|75|103|96|111|111|131|139|105|130|101|93|103|105|100|104|118|94|110|109|125|103|116|110|99|102|116|107|104|115|103|105|114|131|120|139|132|157|159|191|182|194|208|182|174|207|193|183|152|159|166|159|126|127|108|93|84|67|61|55|53|69|65|46|56|60|
2011-06-03|6|1_CTs|CT15||19|17|19|19|10|12|6|4|6|4|4|5|9|6|9|5|3|8|3|4|13|7|13|22|26|17|31|49|55|77|107|142|197|195|221|195|148|135|139|106|104|97|89|106|84|71|80|93|96|76|83|84|78|70|78|71|68|101|84|79|85|66|87|96|76|94|86|97|89|84|116|139|178|195|196|158|183|109|68|70|79|55|55|59|40|46|37|45|42|33|34|44|27|31|21|30|
2011-06-03|6|1_CTs|CT16||46|52|45|38|29|26|20|17|10|13|18|7|9|9|7|8|5|10|7|9|21|9|16|24|27|49|65|93|68|123|183|238|295|316|295|266|291|293|230|221|259|201|198|221|176|199|196|188|178|198|215|199|222|193|182|208|165|175|188|198|181|193|182|197|192|218|230|204|223|226|239|231|222|226|208|224|190|180|145|183|177|182|161|174|154|125|135|95|104|98|92|95|105|78|67|69|
2011-06-03|6|1_CTs|CT17||3|13|7|10|5|7|3|5|2|1|5|5|4|5|3|0|4|3|1|1|3|3|0|3|7|7|6|6|11|11|30|17|26|38|32|38|35|32|32|38|25|32|28|30|34|41|52|38|40|32|39|38|85|36|40|53|49|49|33|30|30|39|44|44|30|27|39|35|36|53|33|58|46|54|50|52|43|44|52|21|39|27|37|27|23|14|21|17|18|16|19|17|24|16|8|11|
2011-06-03|6|1_CTs|CT18||81|84|69|61|57|42|30|34|32|22|22|22|25|8|23|15|19|17|24|9|21|16|27|26|28|51|61|98|102|108|213|243|307|356|230|147|146|172|223|297|305|285|250|257|245|234|249|254|228|239|234|255|237|232|236|245|252|213|258|242|277|251|264|232|262|269|257|257|281|296|311|320|258|259|308|307|276|252|242|229|242|231|199|190|212|177|172|136|136|151|131|133|133|128|118|101|
2011-06-03|6|1_CTs|CT19||41|37|44|41|41|24|26|21|18|15|25|16|16|18|7|14|15|8|9|1|8|10|13|11|12|17|25|27|34|41|79|86|161|183|149|165|166|153|146|189|138|135|139|125|126|145|174|139|148|145|148|162|159|144|138|111|139|146|120|156|148|148|142|145|162|155|171|188|193|218|226|229|223|226|222|229|223|206|164|178|153|155|138|119|112|109|94|88|103|79|67|78|71|72|59|60|
2011-06-03|6|1_CTs|CT20||38|31|20|21|14|13|17|10|4|5|9|9|8|11|7|3|7|4|3|5|3|7|16|14|25|13|36|37|50|55|87|90|143|156|164|165|147|132|133|131|102|129|122|116|121|70|73|124|141|76|113|133|115|87|12|107|112|100|12|117|101|110|55|71|133|62|67|74|59|33|93|120|135|117|49|123|155|97|18|77|71|100|35|76|95|35|7|61|9|55|83|88|16|54|57|65|
2011-06-03|6|1_CTs|CT21||82|79|66|49|38|34|21|28|25|25|16|17|21|15|9|10|12|18|21|17|27|32|42|48|56|70|102|140|195|234|299|358|380|393|351|379|370|363|299|311|248|253|273|228|249|229|261|232|257|252|218|250|221|227|210|242|240|232|262|246|276|244|235|253|280|257|273|268|245|249|271|302|302|308|327|305|324|258|231|209|212|209|206|171|166|147|162|133|145|135|152|136|118|101|113|102|
2011-06-03|6|1_CTs|CT22||152|109|103|84|71|56|56|49|42|52|46|29|20|32|35|25|28|24|34|29|48|42|47|53|75|89|102|124|132|152|190|257|239|277|302|311|316|267|260|265|264|265|269|252|279|281|280|286|269|293|295|305|273|268|285|263|256|270|300|295|279|329|284|346|325|338|369|408|401|427|381|471|411|416|418|428|410|397|386|364|341|325|256|237|249|245|223|202|220|190|190|174|172|153|145|141|
2011-06-03|6|1_CTs|CT23||90|79|59|55|39|21|25|26|20|25|16|18|27|13|18|11|15|16|14|17|20|20|36|38|51|55|87|94|138|214|310|331|353|387|373|363|375|372|349|317|266|291|242|261|260|230|230|244|225|273|278|271|271|266|271|249|238|288|302|265|300|263|256|252|277|275|276|313|309|308|366|324|333|345|339|351|336|305|311|262|264|283|204|224|184|189|193|162|183|159|153|142|158|132|110|107|
2011-06-03|6|1_CTs|CT24||91|79|75|67|64|54|43|35|25|30|34|22|15|15|30|18|16|27|22|19|20|27|27|40|52|61|72|109|116|165|213|231|267|327|293|348|319|323|335|282|306|259|273|265|252|283|274|266|280|281|240|280|288|256|263|246|275|257|266|261|270|306|331|307|287|323|355|377|343|407|426|456|329|401|441|409|431|407|355|358|319|299|284|258|243|214|196|160|155|151|146|163|135|125|111|121|
