2016-04-03|6|1_CTs|CT1||0|1|1|3|0|0|0|2|0|0|0|1|1|0|0|1|1|1|1|0|3|0|1|0|1|3|1|1|1|3|1|3|0|0|3|3|0|0|1|2|0|3|5|4|2|1|1|3|1|3|1|8|8|8|7|3|5|4|4|1|259|2|4|1|1|1|3|2|5|5|2|7|2|6|2|6|2|5|6|8|3|2|11|5|9|7|3|11|1|4|1|1|0|2|1|2|
2016-04-03|6|1_CTs|CT3||14|10|9|8|8|10|3|9|8|4|2|5|6|2|4|5|4|7|11|11|14|19|13|20|239|23|18|28|28|24|28|49|33|34|35|30|31|33|32|29|34|31|36|34|31|35|29|35|247|44|33|30|39|36|31|34|30|34|230|27|31|286|37|31|39|31|46|49|38|53|47|40|39|44|45|31|34|35|45|28|31|22|239|260|18|32|20|25|15|22|24|17|21|10|17|21|
2016-04-03|6|1_CTs|CT4||6|4|5|7|8|7|11|5|7|1|4|6|4|1|6|3|3|4|4|1|3|3|6|4|1|4|2|1|0|259|5|4|8|6|6|7|11|5|5|6|3|12|10|8|10|11|13|15|11|17|6|12|17|18|13|10|13|18|5|13|17|9|15|24|19|22|23|13|15|23|14|25|23|27|19|13|21|281|22|20|253|23|15|270|6|19|12|10|13|11|7|7|8|5|12|7|
2016-04-03|6|1_CTs|CT5||17|36|18|18|19|11|20|22|17|13|9|10|12|14|6|7|8|8|3|8|10|4|7|7|6|9|8|10|9|13|9|8|248|12|17|12|12|11|16|28|32|21|34|22|33|22|28|20|9|18|12|21|28|39|51|39|31|40|43|46|37|26|42|51|69|55|50|59|55|70|56|64|316|315|60|55|54|56|55|35|45|33|50|30|31|23|24|17|17|13|19|33|19|17|16|266|
2016-04-03|6|1_CTs|CT6||16|39|20|19|20|18|12|10|13|18|8|11|6|5|9|15|7|9|11|10|6|12|8|12|10|7|8|18|26|20|21|18|16|19|17|21|27|32|33|27|27|49|35|49|45|47|321|55|95|90|106|72|96|83|87|81|329|78|73|96|76|344|92|65|90|73|98|86|94|88|103|72|63|78|87|100|76|83|98|91|87|79|77|57|54|58|290|296|30|68|48|36|20|32|240|18|
2016-04-03|6|1_CTs|CT7||11|6|7|11|5|5|7|2|5|3|5|2|1|6|0|2|2|3|4|1|7|1|1|1|6|4|7|9|6|6|7|2|5|5|5|10|10|6|4|8|13|17|14|18|11|10|13|18|15|18|11|19|18|30|19|13|19|13|17|19|15|22|14|27|25|24|284|20|25|26|28|21|23|24|24|20|26|21|13|23|24|22|23|14|15|272|5|9|7|14|12|15|10|8|6|4|
2016-04-03|6|1_CTs|CT8||74|72|595|120|91|299|38|30|36|25|22|30|22|9|26|10|29|27|11|14|14|13|12|14|239|15|15|17|23|30|33|22|20|30|42|45|40|41|43|58|64|265|57|69|62|59|79|81|74|77|338|80|84|108|84|66|96|76|109|343|129|377|109|100|107|116|326|108|105|322|114|118|345|107|328|100|105|113|101|96|95|86|90|74|63|266|72|55|53|261|53|38|45|30|47|36|
2016-04-03|6|1_CTs|CT10||3|4|6|3|4|5|2|2|3|1|1|0|1|1|0|0|0|2|1|0|1|2|0|0|4|2|3|1|2|6|3|7|2|5|3|4|2|5|6|4|5|4|10|7|3|7|4|3|10|4|18|13|12|10|6|30|10|11|14|9|10|25|13|18|16|7|12|13|19|17|11|12|9|17|12|8|19|9|13|12|11|270|17|13|14|11|8|6|2|13|3|9|1|4|3|4|
2016-04-03|6|1_CTs|CT11||48|32|28|35|24|23|21|23|23|16|16|19|15|5|5|14|6|4|7|3|7|7|10|15|12|12|27|28|22|46|35|58|41|39|54|59|58|104|515|94|71|81|94|110|90|92|346|96|103|115|112|136|138|126|78|117|101|128|121|144|130|347|130|385|119|114|104|139|124|145|116|111|379|405|138|145|119|117|129|372|102|141|110|106|77|72|63|69|57|53|43|44|41|36|29|29|
2016-04-03|6|1_CTs|CT12||59|38|55|42|270|287|33|19|19|18|12|17|14|18|11|13|12|15|12|6|7|20|11|17|24|19|21|25|21|266|37|44|37|41|35|46|46|64|60|73|67|66|89|338|345|83|88|73|102|110|79|111|126|134|107|110|97|114|117|97|116|125|119|129|141|126|143|132|127|151|112|121|119|148|387|146|139|125|121|125|120|118|101|94|76|74|75|77|61|60|55|49|36|27|32|292|
2016-04-03|6|1_CTs|CT15||38|27|36|22|26|30|19|19|19|7|15|10|14|16|10|9|14|16|19|17|17|17|21|26|26|13|35|36|33|270|43|46|275|49|306|297|50|50|282|60|70|67|76|74|59|62|60|66|65|82|95|84|100|333|75|76|346|70|85|75|59|84|68|88|113|92|81|89|342|97|86|90|95|97|97|89|83|99|64|100|322|73|62|65|55|64|52|304|39|309|41|35|46|32|37|33|
2016-04-03|6|1_CTs|CT16||64|40|47|49|271|270|26|20|25|21|21|12|15|9|8|15|11|17|10|9|9|7|9|9|18|13|29|26|24|30|30|29|36|43|39|58|42|40|61|83|65|70|85|99|337|102|94|106|355|118|380|157|141|162|143|368|98|116|126|138|114|383|133|393|148|168|139|160|164|162|156|153|147|161|142|158|174|147|135|138|129|396|173|372|92|345|62|78|56|67|57|74|50|48|25|36|
2016-04-03|6|1_CTs|CT17||302|40|305|42|33|46|33|26|30|29|272|23|16|15|16|12|15|16|9|10|14|11|10|12|17|12|17|18|10|17|22|20|15|23|21|24|24|33|36|40|55|40|43|53|311|58|301|62|81|108|75|86|92|91|77|76|75|74|97|82|88|88|97|110|98|93|101|357|95|111|98|99|84|116|128|110|96|94|353|112|120|78|62|65|307|68|74|64|57|38|56|40|37|292|35|33|
2016-04-03|6|1_CTs|CT18||83|97|71|58|63|58|58|42|48|42|34|42|29|31|22|23|25|27|16|20|21|10|21|23|21|19|20|32|37|35|40|43|35|40|56|66|54|47|63|99|86|92|87|102|129|109|124|133|112|135|143|158|162|150|158|165|138|162|161|152|159|169|204|204|218|477|189|206|177|206|190|208|187|458|173|186|192|202|186|157|141|153|164|138|364|351|93|97|92|68|83|97|60|66|52|301|
2016-04-03|6|1_CTs|CT19||41|293|36|41|33|32|30|30|30|22|27|27|12|9|20|18|13|16|13|12|10|16|6|14|7|7|13|11|269|13|23|15|17|15|20|25|28|32|36|49|53|45|52|66|61|64|85|81|94|86|89|89|107|120|91|94|100|101|102|93|88|355|108|108|114|101|112|118|101|134|145|116|363|120|387|112|118|96|110|121|118|331|70|71|57|57|72|51|54|47|41|45|32|26|25|32|
2016-04-03|6|1_CTs|CT20||300|24|27|27|14|24|16|11|21|29|21|18|14|12|9|3|10|3|7|4|10|4|10|9|11|6|16|15|17|13|19|34|22|22|33|32|30|35|35|47|60|67|76|332|70|67|82|81|596|98|121|345|24|90|98|89|112|74|84|80|14|19|116|112|122|99|71|36|69|103|82|348|332|61|293|98|92|69|46|69|24|75|59|8|50|26|32|33|33|38|275|33|27|32|22|19|
2016-04-03|6|1_CTs|CT21||76|91|60|73|66|54|20|45|40|32|23|18|27|22|23|28|20|28|275|23|18|50|45|56|283|46|37|62|66|67|97|77|306|69|80|103|328|345|324|134|111|87|100|97|117|118|96|137|152|173|129|392|180|164|414|394|140|158|365|212|199|419|181|203|425|435|230|231|202|210|223|200|214|226|228|242|191|206|208|167|440|158|127|383|161|140|125|129|136|118|114|106|101|80|340|92|
2016-04-03|6|1_CTs|CT22||88|89|88|81|87|70|70|64|61|69|269|43|43|46|34|41|32|47|40|43|54|54|69|60|292|47|71|288|85|78|92|103|316|81|102|103|113|122|122|118|117|125|126|125|115|125|176|169|158|287|288|206|183|166|175|142|147|139|172|187|182|902|237|192|191|214|209|450|212|253|225|536|469|439|202|220|218|188|192|207|172|421|148|649|111|145|146|357|126|337|105|117|94|86|81|84|
2016-04-03|6|1_CTs|CT23||105|89|123|146|123|82|53|44|63|36|269|34|265|25|26|18|23|29|20|24|19|23|31|265|28|30|38|45|44|307|62|60|54|67|63|71|82|304|82|99|115|108|97|110|112|110|120|132|133|135|166|149|143|165|157|115|143|149|179|171|439|174|185|173|169|430|188|174|158|157|210|149|181|406|163|167|154|169|158|141|166|361|139|142|120|120|108|351|96|89|79|74|62|49|67|64|
2016-04-03|6|1_CTs|CT24||89|94|92|78|62|47|57|31|46|56|40|31|31|29|33|26|34|37|27|29|29|28|30|38|30|33|263|38|56|43|52|67|53|54|44|327|62|79|74|81|81|81|100|103|102|109|126|132|142|155|146|158|168|149|139|335|129|116|127|161|151|164|161|178|448|167|183|461|206|185|194|198|192|180|175|203|185|180|185|166|165|171|367|133|593|86|116|100|81|89|88|68|64|77|87|53|
