2015-01-17|2|1_CTs|ct1||94|88|98|328|64|56|62|48|31|297|31|35|26|27|23|20|31|24|23|26|24|21|31|24|41|35|51|309|52|54|73|79|84|77|95|340|106|126|116|138|391|132|409|140|152|127|147|421|166|167|158|431|166|406|412|151|157|152|174|206|167|170|427|176|169|168|173|181|406|133|144|140|117|127|123|135|385|120|398|152|168|146|193|434|140|160|127|113|89|359|88|95|94|344|103|362|
2015-01-17|2|1_CTs|ct2||51|50|51|55|296|41|31|34|279|38|30|27|22|21|20|29|28|17|16|19|19|17|24|19|21|21|26|283|20|26|20|29|33|27|29|32|41|36|40|51|321|48|67|59|51|50|57|338|62|44|300|54|50|307|52|50|66|61|77|70|71|69|321|51|59|61|65|72|67|57|79|330|74|357|78|85|307|78|90|75|109|93|116|619|108|101|79|85|324|73|68|286|59|58|49|64|
2015-01-17|2|1_CTs|ct3||108|126|123|103|86|88|67|75|63|72|59|43|37|43|28|39|39|32|35|38|37|30|40|33|41|52|288|52|56|72|59|73|71|334|76|106|349|360|113|127|373|215|552|139|136|134|135|392|161|127|398|159|154|111|131|125|149|155|149|158|183|178|171|177|175|167|169|425|153|152|137|143|124|403|146|160|381|127|160|394|169|181|165|185|193|396|138|137|112|129|116|343|104|353|101|123|
2015-01-17|2|1_CTs|ct4||312|50|56|62|60|47|43|46|38|34|45|27|284|30|38|288|35|26|31|21|29|24|25|32|35|32|39|33|30|31|35|39|47|45|50|290|59|322|77|89|65|97|82|90|80|100|88|629|103|360|364|96|91|95|84|349|121|347|357|111|97|116|118|127|374|373|147|159|111|383|97|112|97|353|103|100|92|85|91|354|78|102|89|85|82|69|84|330|72|323|605|325|60|339|57|58|
2015-01-17|2|1_CTs|ct5||114|109|93|106|351|76|586|55|64|57|318|57|41|47|51|49|50|296|35|36|40|299|32|44|45|41|55|301|25|31|57|48|320|64|66|60|85|95|108|113|352|130|130|398|347|172|377|392|148|170|672|657|161|163|140|151|168|151|172|181|177|201|167|187|195|448|223|224|963|463|195|197|156|196|206|194|173|435|172|416|649|417|161|397|140|131|122|119|117|102|395|120|91|111|111|366|
2015-01-17|2|1_CTs|ct6||26|27|34|24|287|23|20|22|26|23|22|26|17|18|14|137|151|18|9|8|20|14|11|16|13|18|17|17|8|9|16|12|19|20|18|11|18|17|21|21|30|27|27|35|34|286|32|34|35|33|288|37|34|28|34|29|26|32|35|37|40|35|34|34|45|42|66|45|54|54|59|49|40|55|37|44|53|304|54|55|35|44|46|37|308|37|49|52|34|46|289|34|38|37|31|37|
2015-01-17|2|1_CTs|ct17||392|389|146|191|558|100|120|352|78|94|94|70|56|56|58|48|58|43|54|48|45|43|50|55|43|57|49|58|64|71|73|340|77|105|89|150|117|390|142|157|392|181|150|162|384|179|200|446|181|155|442|187|152|158|452|163|194|443|699|201|219|215|486|213|455|454|481|455|452|230|187|158|167|179|177|227|191|168|407|437|700|475|457|470|226|192|421|154|393|405|387|117|130|127|130|146|
2015-01-17|2|1_CTs|CT19||41|36|57|42|44|38|30|27|19|277|20|15|20|20|14|15|15|8|15|7|15|14|12|17|6|13|20|27|29|26|30|277|35|39|48|57|62|67|78|67|73|86|56|74|63|65|83|91|102|322|345|348|76|330|96|79|96|69|342|112|87|114|86|355|106|349|91|118|83|316|353|79|90|571|82|349|329|73|330|87|72|351|92|92|329|97|49|58|72|317|57|38|304|47|294|50|
2015-01-17|2|1_CTs|CT20||57|331|51|34|65|55|289|296|50|47|29|38|31|39|33|31|30|29|30|254|22|16|19|14|15|21|18|279|20|24|22|23|28|35|31|555|38|47|305|53|311|68|72|62|52|68|63|324|67|62|321|570|67|328|76|70|70|68|331|58|81|156|265|80|324|328|77|92|69|79|79|73|86|339|72|76|59|317|77|323|326|339|333|310|336|75|63|313|63|322|317|64|51|52|43|327|
2015-01-17|2|1_CTs|CT21||24|38|283|17|31|26|21|18|18|18|271|20|15|13|14|13|11|13|17|4|11|7|11|6|13|11|8|13|11|9|17|8|19|12|19|23|23|24|33|27|33|300|46|276|266|42|43|42|305|42|37|289|41|40|39|284|42|49|47|44|311|61|550|571|36|47|54|46|286|53|50|266|54|560|41|287|804|300|44|31|41|58|35|40|287|303|36|546|288|38|38|49|35|33|26|31|
