2013-03-24|2|1_CTs|ct1||156|175|222|214|109|119|95|86|70|62|47|47|45|44|38|38|28|32|36|24|25|17|24|21|22|24|17|41|26|30|23|34|39|39|41|54|61|77|74|87|106|100|121|133|115|116|109|119|143|128|130|149|92|77|88|89|132|147|144|159|157|165|177|157|189|170|183|180|179|167|183|157|140|141|171|134|138|130|132|113|126|117|104|117|98|83|81|81|93|84|67|60|78|53|63|55|
2013-03-24|2|1_CTs|ct2||97|87|139|143|85|73|59|64|75|56|34|39|44|45|23|33|35|35|34|28|13|22|23|23|26|23|22|30|22|17|25|17|26|28|25|32|42|38|44|48|66|70|71|74|78|63|56|56|68|67|67|71|114|117|147|129|68|63|81|80|79|79|90|89|95|70|92|84|66|75|71|65|62|62|77|61|76|69|64|68|68|66|67|81|62|56|44|47|47|44|36|45|43|40|31|38|
2013-03-24|2|1_CTs|ct3||170|163|152|162|148|130|106|115|99|102|75|71|69|56|51|52|55|59|45|44|38|32|29|29|30|49|46|57|43|35|41|41|31|44|44|63|70|82|83|103|125|119|125|123|140|129|139|111|127|138|139|142|126|137|134|160|129|133|149|159|156|168|187|167|211|181|180|163|180|160|166|175|131|131|155|134|124|116|101|129|114|106|108|116|104|92|88|89|79|86|78|69|66|76|61|64|
2013-03-24|2|1_CTs|ct4||68|83|85|81|71|68|68|61|74|40|53|45|37|30|34|40|43|38|51|27|43|41|43|30|28|40|29|24|24|32|17|32|17|21|25|30|27|33|31|50|46|41|55|51|61|53|73|61|73|59|78|83|72|62|74|82|67|64|60|82|74|76|83|86|95|83|95|103|98|89|115|105|96|91|91|92|94|78|97|75|78|37|57|62|47|40|53|54|55|61|28|57|37|46|43|51|
2013-03-24|2|1_CTs|ct5||127|134|148|144|109|110|93|115|86|68|69|57|55|64|55|57|55|50|75|35|54|47|49|41|37|55|45|41|31|45|26|40|40|45|34|45|42|63|62|71|83|69|104|87|98|83|110|119|117|136|109|142|124|113|138|141|118|118|117|115|164|147|145|158|152|182|147|169|158|160|169|193|185|142|172|147|141|145|151|127|136|83|113|91|86|82|78|89|86|85|70|82|62|88|74|71|
2013-03-24|2|1_CTs|ct6||451|465|519|475|433|418|412|397|408|433|426|388|376|414|376|397|446|386|432|486|518|488|535|510|406|372|361|352|350|357|349|349|353|355|354|355|348|99|32|56|52|55|61|50|43|53|59|67|75|63|78|120|65|68|66|64|85|69|76|77|90|89|84|99|93|102|105|112|105|99|104|100|106|90|92|91|94|103|89|83|64|65|77|64|59|51|47|55|71|63|37|53|42|57|54|54|
2013-03-24|2|1_CTs|ct17||150|151|168|169|131|137|102|114|89|98|70|73|62|63|40|50|41|43|43|26|35|40|26|21|23|42|37|38|32|28|32|43|29|39|31|55|60|72|86|92|101|113|108|120|121|130|136|112|104|129|128|126|129|124|113|134|125|124|139|148|167|165|181|179|196|192|175|188|188|178|158|159|135|144|161|137|125|118|92|113|117|98|111|95|101|88|74|93|76|81|72|71|67|60|68|48|
2013-03-24|2|1_CTs|CT19||58|82|73|87|52|74|55|45|31|38|44|27|35|21|20|14|13|15|11|13|12|15|12|7|11|15|12|16|11|10|17|26|18|14|19|22|34|28|32|54|55|55|50|53|68|61|85|55|52|70|59|65|73|65|62|76|58|59|68|79|91|95|95|102|111|114|109|117|116|90|95|109|79|87|94|71|71|83|64|64|68|53|52|50|54|43|44|47|48|39|44|47|41|35|44|26|
2013-03-24|2|1_CTs|CT20||60|62|58|71|46|68|60|67|76|57|60|41|43|52|50|36|25|32|28|28|26|20|21|13|22|15|13|15|18|19|19|17|7|17|10|12|23|23|34|36|31|40|44|43|57|52|57|49|51|52|66|74|59|43|51|54|44|55|54|58|66|66|68|67|74|63|73|68|65|87|78|70|82|86|64|71|72|73|63|67|55|56|68|45|42|43|43|50|35|38|40|38|29|45|31|38|
2013-03-24|2|1_CTs|CT21||32|41|30|28|26|32|28|37|32|29|24|14|16|15|22|14|9|20|13|10|16|8|8|4|11|11|7|4|3|10|5|8|5|11|6|6|13|17|31|19|21|20|25|34|28|41|40|35|30|34|27|44|40|28|28|40|32|40|43|38|49|46|54|47|43|46|53|48|42|52|56|39|57|46|35|43|43|47|42|32|37|30|34|25|26|24|28|28|19|20|17|23|13|20|17|19|
