2014-05-29|2|1_CTs|ct1||57|65|57|31|39|26|31|24|18|16|14|6|15|10|14|7|14|17|7|15|27|27|27|34|45|39|62|79|83|100|151|131|149|180|179|198|188|189|192|210|201|209|208|221|211|214|201|204|218|212|206|212|226|207|216|185|200|191|213|217|207|198|200|206|192|188|187|180|180|183|186|186|171|137|148|153|137|113|112|160|174|191|177|194|138|123|126|107|94|102|93|90|89|84|86|87|
2014-05-29|2|1_CTs|ct2||50|42|36|28|35|25|21|23|21|13|13|11|11|11|5|9|8|10|5|6|12|14|20|19|20|22|23|31|34|24|42|47|56|56|66|76|81|91|80|96|114|117|105|88|114|95|98|89|108|99|112|102|116|96|110|102|93|84|87|106|115|98|125|115|118|106|99|99|108|105|90|97|91|76|67|76|85|70|66|83|95|98|79|97|62|69|57|51|39|58|57|60|58|55|77|62|
2014-05-29|2|1_CTs|ct3||84|89|66|52|52|46|41|35|42|32|25|11|19|16|16|11|17|19|13|20|23|29|33|42|51|48|50|69|79|90|137|111|124|124|161|147|158|161|169|160|178|193|223|210|209|206|223|194|199|208|218|210|215|214|238|183|190|192|176|189|212|228|219|195|214|214|188|208|187|216|188|190|212|174|90|5|113|170|195|199|195|199|200|215|153|145|138|103|97|118|100|116|92|110|122|120|
2014-05-29|2|1_CTs|ct4||62|67|43|47|49|32|32|27|19|25|21|17|14|11|13|13|16|15|17|17|9|9|31|22|24|25|28|23|34|39|58|89|96|108|118|99|115|124|124|98|102|113|102|113|124|105|109|119|143|141|131|119|113|139|113|111|125|121|142|158|137|115|115|117|122|113|142|116|121|93|114|88|69|98|97|52|102|69|69|57|51|85|113|107|94|83|109|66|57|59|75|59|86|81|90|97|
2014-05-29|2|1_CTs|ct5||92|97|73|58|60|40|51|35|39|30|29|31|20|18|24|14|25|23|26|17|25|20|31|30|25|29|27|36|43|52|78|116|148|173|166|154|200|168|200|182|185|182|176|206|193|201|214|224|223|243|211|193|213|197|186|186|219|212|213|249|247|210|182|213|214|224|214|202|193|205|184|161|178|194|115|106|193|192|145|135|138|161|175|164|175|163|132|136|120|126|125|108|145|140|132|120|
2014-05-29|2|1_CTs|ct6||29|33|21|28|17|13|14|8|8|6|12|13|6|4|6|3|7|5|6|6|6|6|15|16|11|15|10|7|16|12|14|23|26|26|35|30|44|32|40|40|29|40|47|59|493|531|363|156|149|173|177|158|139|139|136|150|158|177|164|189|180|175|159|187|171|214|181|272|173|271|211|222|479|564|554|406|441|57|48|43|41|41|56|45|51|53|50|46|35|44|34|30|39|62|50|26|
2014-05-29|2|1_CTs|ct17||87|119|88|67|65|51|57|41|50|46|39|23|28|15|18|18|22|24|18|25|35|28|29|52|57|52|58|74|78|97|139|155|163|135|187|196|217|207|210|229|233|216|255|243|264|237|265|269|241|235|253|228|251|229|202|219|201|229|202|246|221|267|241|220|243|235|236|246|247|268|217|223|245|222|156|16|152|216|224|252|226|211|248|256|216|173|164|151|112|124|145|151|137|124|138|139|
2014-05-29|2|1_CTs|CT19||36|52|35|19|20|15|29|10|12|10|16|8|8|6|5|5|6|8|4|9|14|7|6|19|12|14|16|22|43|36|68|83|88|87|91|101|111|103|111|124|111|133|133|127|88|115|144|134|139|129|126|131|109|127|122|126|108|122|113|131|131|117|117|145|124|137|158|96|137|137|141|130|149|130|108|45|77|107|126|59|23|94|129|83|87|83|73|52|65|47|45|53|45|49|63|53|
2014-05-29|2|1_CTs|CT20||59|52|49|31|40|44|37|25|14|35|29|21|9|14|7|9|7|13|6|5|11|7|15|16|7|16|15|22|24|33|51|66|81|93|86|105|119|91|97|92|91|86|71|90|88|79|83|82|77|75|70|74|87|79|80|84|73|79|84|74|87|85|80|73|97|90|79|82|69|90|71|89|74|68|82|50|65|68|66|58|85|75|103|94|95|68|65|63|71|57|42|53|66|50|83|52|
2014-05-29|2|1_CTs|CT21||29|21|25|23|22|26|17|12|8|17|5|10|5|7|3|4|2|4|5|2|4|4|8|6|4|6|9|11|5|22|34|35|51|63|52|82|60|57|58|65|60|59|54|52|41|44|59|49|47|52|44|59|56|49|49|37|46|66|55|48|50|61|60|49|70|49|58|58|47|35|36|46|46|36|35|30|42|39|34|26|38|40|72|50|65|58|40|41|34|23|28|27|32|37|50|41|
