2016-10-08|7|1_CTs|CT1||38|49|38|44|42|48|41|46|23|30|27|31|22|42|25|29|20|21|23|23|27|19|23|23|18|20|27|29|27|32|291|55|297|40|71|64|67|68|57|70|75|83|86|92|116|102|103|92|111|78|99|104|120|94|97|110|345|90|81|346|98|101|119|99|99|96|102|94|96|107|104|364|86|107|102|98|89|92|95|100|82|101|83|81|79|78|68|79|66|66|60|50|321|53|63|59|
2016-10-08|7|1_CTs|CT2||106|118|201|92|111|128|60|89|84|58|132|92|54|54|66|47|50|51|309|95|50|53|85|79|41|19|58|71|48|88|104|108|101|138|445|190|195|173|273|241|254|145|228|251|275|254|214|169|144|276|477|235|164|389|58|2|1|2|62|246|232|255|255|250|137|108|256|252|267|241|179|542|443|78|82|138|139|256|497|245|215|162|167|221|204|125|203|393|122|131|143|103|29|38|16|11|
2016-10-08|7|1_CTs|CT4||75|51|45|43|50|71|57|46|62|89|85|73|29|43|61|38|55|29|39|18|17|24|9|11|6|9|5|8|2|13|8|3|5|4|5|8|7|7|16|13|27|19|10|11|11|19|24|25|29|8|20|21|25|30|25|19|12|17|29|37|20|30|21|24|25|48|28|31|21|31|45|29|39|32|23|41|51|25|44|30|47|46|35|42|52|53|38|318|51|56|81|62|325|51|57|90|
2016-10-08|7|1_CTs|CT6||58|54|64|48|48|38|46|43|32|39|34|40|32|27|23|24|28|21|25|17|16|17|12|9|6|14|13|13|36|24|29|31|31|294|54|49|62|60|75|91|103|116|115|93|107|128|139|120|130|127|124|119|396|135|125|105|347|102|117|104|358|361|104|124|127|123|125|103|113|135|116|137|119|142|148|117|120|112|126|113|111|129|91|82|59|77|73|69|71|89|329|66|75|74|60|71|
2016-10-08|7|1_CTs|CT7||45|65|37|25|27|28|18|19|43|25|24|22|13|12|14|19|18|22|15|12|19|16|10|42|20|18|14|19|27|27|43|291|50|298|36|61|63|73|67|79|69|102|78|114|99|99|96|95|122|113|81|126|95|112|95|104|322|80|80|332|78|84|101|91|79|77|82|86|109|112|94|78|87|100|351|86|76|77|91|78|81|89|96|58|56|56|48|74|46|56|35|35|52|38|43|40|
2016-10-08|7|1_CTs|CT8||142|132|104|98|79|84|74|76|64|43|59|61|37|54|58|46|65|74|60|77|73|83|66|97|91|115|127|137|153|437|473|197|438|704|253|256|452|363|312|324|301|285|282|309|349|345|562|329|307|598|312|310|529|301|293|272|250|284|269|566|272|285|301|305|583|285|273|318|269|294|329|337|272|267|282|286|260|556|345|292|265|259|269|246|217|178|184|218|160|424|158|429|147|166|161|139|
2016-10-08|7|1_CTs|CT12||78|78|75|70|52|49|50|46|284|57|47|61|48|48|46|44|35|24|34|30|19|23|10|15|15|13|22|25|30|24|26|50|41|46|64|83|94|103|130|157|133|137|181|165|172|153|216|193|190|189|201|178|208|199|184|148|151|143|134|402|137|141|162|182|157|158|171|138|180|154|155|456|173|437|205|171|182|170|168|168|165|150|145|93|115|99|90|94|335|99|79|71|85|76|79|75|
2016-10-08|7|1_CTs|CT13||29|23|12|9|7|6|3|9|9|261|4|1|4|2|7|6|4|10|5|6|4|2|1|3|3|3|5|3|7|15|21|10|18|18|13|19|21|20|28|40|289|36|41|36|39|48|47|49|38|48|44|42|39|48|45|52|38|38|38|43|30|35|300|34|43|42|34|38|310|44|45|37|43|37|45|44|48|47|54|45|37|37|24|26|27|24|18|37|21|32|23|23|15|20|15|19|
2016-10-08|7|1_CTs|CT14||219|431|173|132|122|110|113|103|110|354|105|82|336|63|98|74|86|80|98|82|65|74|78|89|85|71|599|117|112|126|135|183|151|192|206|247|243|239|299|271|262|274|568|311|350|402|367|342|620|337|381|307|366|404|321|352|295|325|305|535|326|306|331|350|357|380|369|312|356|317|419|390|434|349|372|352|338|594|329|346|574|287|250|236|201|203|203|453|450|216|448|207|738|202|203|186|
2016-10-08|7|1_CTs|CT15||43|57|40|30|29|36|31|35|39|19|23|30|17|23|32|15|25|22|8|19|14|25|15|6|8|13|19|18|34|24|21|39|10|22|49|37|60|47|56|93|88|80|79|62|86|107|100|77|98|103|83|83|93|327|91|76|79|51|328|83|70|56|67|65|80|61|67|69|83|63|59|80|72|73|99|77|80|72|345|87|77|73|77|55|39|53|42|39|61|52|36|50|31|42|34|29|
