2011-12-31|6|1_CTs|CT1||0|1|0|2|0|0|1|2|0|1|0|1|0|1|0|2|0|1|1|4|2|1|3|6|6|1|6|2|3|2|1|2|1|2|1|4|2|4|4|2|2|2|4|4|2|5|4|4|8|2|2|5|2|2|1|2|1|4|4|4|4|4|2|2|2|6|1|5|5|3|4|3|1|1|6|2|3|6|3|0|3|3|2|1|1|2|3|1|2|2|0|1|0|1|2|2|
2011-12-31|6|1_CTs|CT3||18|9|10|14|10|9|5|6|6|5|3|2|0|3|3|1|5|7|4|20|9|19|20|23|31|21|19|33|32|34|33|29|30|27|27|31|33|22|35|22|23|29|29|29|27|35|35|40|36|34|34|26|29|34|24|30|32|27|40|29|33|41|34|41|37|44|34|41|35|35|28|35|28|30|22|30|26|35|13|22|33|15|18|16|23|27|17|16|9|8|11|16|12|8|13|12|
2011-12-31|6|1_CTs|CT4||12|7|10|2|8|6|4|8|2|2|4|4|2|2|0|1|0|4|1|2|2|1|1|0|3|0|1|4|5|3|2|7|4|10|7|6|8|11|12|13|13|17|8|22|16|2|6|22|20|39|14|28|18|26|28|13|15|24|16|19|17|10|21|20|13|22|12|15|17|26|24|12|2|20|17|15|17|16|22|25|21|21|14|4|7|12|5|4|3|4|5|2|3|5|7|0|
2011-12-31|6|1_CTs|CT5||25|29|26|14|21|18|11|14|16|11|8|6|7|7|4|3|7|6|8|3|12|7|9|8|14|11|14|21|12|13|6|17|27|18|22|28|29|29|37|39|33|24|29|28|24|33|28|39|30|19|29|28|33|37|33|48|37|34|47|50|47|45|42|37|63|30|33|35|45|50|46|62|43|48|47|22|40|43|50|39|37|30|39|26|24|15|18|14|12|12|14|14|12|9|9|10|
2011-12-31|6|1_CTs|CT6||36|26|22|15|13|15|8|10|17|10|9|7|14|9|11|6|7|10|9|6|6|8|11|15|11|19|17|11|16|25|24|22|17|16|38|42|34|44|55|56|50|68|55|81|66|84|86|94|89|116|106|112|101|100|87|73|63|74|87|97|83|84|101|77|83|82|86|86|97|87|81|105|78|68|79|78|58|69|64|67|68|60|63|45|43|31|21|22|25|16|17|18|20|20|29|5|
2011-12-31|6|1_CTs|CT7||3|8|3|3|1|6|3|4|2|1|0|1|2|3|0|0|0|1|1|5|0|2|1|2|5|4|4|5|7|4|9|4|8|7|7|8|12|9|8|14|13|11|11|17|22|12|14|14|19|20|22|20|12|14|10|16|14|15|12|14|19|13|18|15|18|14|17|15|22|14|18|17|19|17|18|26|14|19|17|9|16|10|9|9|5|6|5|2|8|8|6|5|6|5|3|3|
2011-12-31|6|1_CTs|CT8||81|66|40|47|24|35|27|31|19|16|20|19|13|13|15|2|21|28|8|8|12|13|14|14|22|22|28|37|22|42|57|59|42|48|50|60|54|63|68|78|77|71|77|78|79|81|108|74|90|90|87|87|87|78|87|82|93|95|106|107|102|105|117|117|106|124|102|101|104|92|87|94|126|102|101|114|100|106|101|101|94|83|83|57|47|43|40|41|33|24|35|36|27|35|20|16|
2011-12-31|6|1_CTs|CT9||62|66|49|41|35|26|25|26|22|25|20|16|24|16|13|8|6|13|18|20|16|9|23|31|19|28|35|38|32|46|44|59|67|61|58|84|85|75|74|92|88|103|103|117|127|105|142|153|129|140|135|162|138|127|121|134|128|105|150|134|139|119|171|182|138|148|147|117|137|145|154|139|158|128|117|109|114|122|105|102|84|115|85|80|52|57|59|56|37|40|27|39|34|32|38|16|
2011-12-31|6|1_CTs|CT10||44|34|28|14|27|12|16|23|11|19|13|6|15|7|14|5|8|4|7|3|18|14|11|18|21|21|21|23|20|43|37|46|38|45|49|61|64|73|83|77|81|87|107|92|94|91|114|110|109|119|125|125|103|88|99|68|84|88|95|86|115|110|120|125|113|123|99|117|104|113|101|128|96|114|108|95|84|100|88|103|75|80|64|47|48|45|38|36|34|29|33|38|28|25|23|15|
2011-12-31|6|1_CTs|CT11||41|31|27|28|15|18|17|12|10|19|13|14|11|13|7|13|5|10|10|16|9|14|21|29|28|34|40|38|38|40|52|86|61|66|77|109|85|103|107|124|116|110|105|114|131|131|107|147|143|123|125|127|112|122|128|99|102|92|135|95|144|129|143|120|102|123|100|112|119|121|130|117|105|95|119|92|126|93|92|104|71|88|67|54|53|47|35|37|31|26|30|24|26|17|22|7|
2011-12-31|6|1_CTs|CT12||36|33|21|20|22|14|16|16|6|18|13|11|8|11|7|7|9|8|8|7|9|18|11|33|23|23|29|25|31|36|36|41|41|54|58|76|73|94|88|89|105|113|106|99|123|105|120|129|135|120|127|136|129|134|122|91|89|102|109|79|129|126|122|127|119|129|107|101|134|140|134|132|112|115|127|109|120|100|80|87|82|78|74|51|56|47|38|43|42|43|39|40|31|30|23|16|
2011-12-31|6|1_CTs|CT13||12|17|11|13|8|9|6|19|36|35|28|26|26|30|36|0|2|5|4|3|4|5|5|11|10|28|57|156|12|18|15|27|14|17|17|23|23|16|36|36|16|36|35|60|29|17|27|36|29|27|30|37|16|21|23|27|32|30|32|28|33|23|37|35|21|28|35|24|27|32|25|24|24|27|22|29|23|23|25|23|21|27|34|40|15|11|15|11|15|14|8|9|8|12|6|8|
2011-12-31|6|1_CTs|CT14||45|32|19|16|11|11|6|14|9|12|12|5|6|8|6|4|9|6|7|7|9|9|13|10|10|21|12|13|20|19|20|21|28|35|30|31|35|42|42|49|61|48|50|66|63|70|70|69|103|83|86|75|92|67|85|60|55|76|61|63|72|69|64|82|92|95|75|79|78|106|67|85|73|82|74|58|47|61|50|59|69|44|44|42|28|26|31|23|31|38|29|37|35|35|33|22|
2011-12-31|6|1_CTs|CT15||24|17|11|11|10|6|6|5|7|3|5|6|5|1|6|5|2|4|4|6|8|10|17|18|19|23|19|25|17|24|24|24|38|25|31|34|46|33|52|56|61|43|52|50|54|49|37|64|61|46|58|67|53|46|44|40|58|44|46|37|55|39|53|56|50|37|61|56|42|50|62|46|58|41|42|49|40|44|32|29|35|29|32|32|24|15|17|10|15|21|13|9|13|11|11|8|
2011-12-31|6|1_CTs|CT16||46|45|38|21|23|24|15|26|14|15|10|11|15|12|9|4|6|7|6|8|16|13|14|15|25|34|31|36|32|47|52|64|53|64|72|95|78|101|117|117|116|122|125|133|150|136|131|151|156|145|154|161|127|114|138|113|117|110|129|129|151|144|164|163|144|165|128|142|136|127|151|149|122|133|130|133|127|133|121|120|93|108|78|61|49|49|46|30|43|25|34|33|25|24|22|13|
2011-12-31|6|1_CTs|CT17||11|8|2|5|3|3|7|6|3|7|2|3|5|0|3|2|3|0|4|1|4|1|3|2|1|2|5|3|4|4|5|7|9|9|7|18|18|27|9|11|21|25|26|23|23|25|25|38|34|30|37|29|30|34|32|26|20|13|30|18|24|26|29|35|32|31|27|37|30|26|33|30|33|44|24|17|29|19|28|14|23|24|14|11|5|11|7|11|11|3|2|3|7|8|5|2|
2011-12-31|6|1_CTs|CT18||65|82|70|41|50|48|37|39|40|26|19|24|20|19|20|14|17|20|17|15|24|26|19|29|39|42|48|48|30|44|59|67|84|67|100|92|89|116|125|140|122|148|130|137|186|163|183|211|232|197|220|234|197|171|172|155|172|171|185|196|204|182|231|210|236|229|199|202|187|194|191|236|163|184|197|185|157|166|195|155|127|136|133|85|83|65|60|58|50|33|49|47|36|30|32|23|
2011-12-31|6|1_CTs|CT19||55|29|30|35|26|22|27|22|24|23|14|11|12|10|10|10|13|12|18|8|10|12|12|8|5|9|11|10|19|17|19|23|30|26|45|48|44|59|50|57|74|88|77|111|92|133|132|149|148|134|129|145|117|158|126|107|104|108|116|107|127|123|121|124|126|130|117|138|148|117|151|147|178|118|119|100|97|99|86|86|83|89|74|46|38|34|47|27|27|26|24|30|18|19|24|11|
2011-12-31|6|1_CTs|CT20||28|37|21|18|6|18|7|12|8|9|13|8|10|4|3|3|5|5|3|9|5|7|9|16|10|19|16|23|19|17|32|27|46|46|45|53|51|61|72|38|46|97|98|36|69|55|47|134|76|133|100|134|69|21|74|122|10|103|117|121|100|65|24|116|18|67|20|9|3|87|120|67|91|89|87|73|44|37|72|68|71|46|47|34|30|32|33|21|28|18|16|22|13|25|10|11|
2011-12-31|6|1_CTs|CT21||77|80|60|61|32|38|26|33|26|20|16|20|18|11|17|18|17|16|15|27|24|32|35|37|39|49|48|70|53|65|80|89|80|100|107|115|109|92|114|106|126|146|136|127|133|147|152|138|149|131|138|143|153|142|154|147|132|148|166|204|163|205|172|196|184|192|190|190|167|200|166|171|187|189|177|175|156|156|163|137|149|152|113|110|99|95|57|77|60|52|59|58|41|44|33|25|
2011-12-31|6|1_CTs|CT22||115|94|76|90|76|65|61|39|54|54|34|32|31|35|36|24|31|34|34|34|38|44|61|61|62|53|61|72|73|74|81|89|94|100|78|111|102|112|105|113|141|150|141|147|189|150|190|197|204|198|181|193|190|193|179|167|184|171|176|200|220|209|223|239|221|288|258|271|263|274|237|266|260|214|214|191|192|149|167|193|172|141|135|120|97|89|81|78|104|88|87|90|81|98|73|30|
2011-12-31|6|1_CTs|CT23||97|80|68|65|37|44|37|41|26|28|25|32|18|23|19|14|21|41|15|18|16|22|28|27|37|32|44|55|39|66|74|81|70|78|97|93|100|102|117|108|112|121|120|127|120|127|165|158|160|162|143|146|149|159|146|131|139|153|158|168|166|183|216|183|187|199|185|165|185|142|155|180|181|162|151|155|137|173|161|163|135|119|124|91|92|81|63|58|56|35|59|53|50|52|31|22|
2011-12-31|6|1_CTs|CT24||113|89|59|59|53|42|52|36|42|33|28|28|28|27|32|18|26|14|27|32|24|27|26|31|41|27|33|40|48|53|68|48|61|56|84|84|91|86|96|79|106|107|122|131|149|153|144|172|173|172|172|163|180|187|153|134|145|148|163|145|166|166|183|171|210|191|205|207|198|189|180|216|189|186|166|137|177|176|180|170|134|148|141|113|106|86|74|65|90|78|66|94|104|88|83|44|
