2016-05-21|3|1_CTs|ct1||140|149|121|88|91|88|327|34|36|34|41|64|72|61|51|276|33|18|17|24|273|11|14|14|31|33|37|30|36|41|306|65|62|66|87|101|94|98|127|131|118|128|399|137|888|405|400|147|132|137|371|123|131|368|122|360|96|65|331|347|393|113|369|120|111|128|135|126|117|383|370|111|115|129|120|118|120|373|114|130|355|109|113|122|97|400|93|338|70|77|64|81|83|73|69|312|
2016-05-21|3|1_CTs|ct3||105|98|327|51|54|45|50|34|290|23|30|32|35|41|28|36|23|31|28|21|28|21|28|25|287|46|44|46|43|54|315|58|324|63|89|129|122|119|398|120|127|118|123|634|375|128|125|148|392|648|126|648|398|131|129|140|391|135|122|365|126|121|395|378|124|131|393|131|133|130|408|131|129|388|125|388|124|164|138|140|387|405|650|402|157|142|392|117|116|365|112|104|115|124|115|110|
2016-05-21|3|1_CTs|ct5||205|168|179|123|123|114|97|111|95|71|342|94|84|80|74|306|37|50|36|42|30|30|26|37|32|32|26|43|49|52|70|77|70|108|122|134|655|166|163|156|164|188|154|408|168|181|172|196|228|452|225|487|258|268|260|447|206|189|202|192|180|198|462|240|249|258|208|234|265|225|516|228|493|236|278|741|473|248|200|259|501|231|186|917|169|395|146|128|114|157|432|411|168|420|190|184|
2016-05-21|3|1_CTs|ct6||21|13|14|9|17|9|16|7|4|4|8|4|4|8|7|6|5|2|3|1|3|2|6|1|6|4|6|14|4|9|273|25|10|24|18|16|15|21|20|29|26|30|30|25|34|22|30|41|31|21|27|33|32|33|36|27|277|37|19|35|260|32|26|34|28|30|285|32|41|36|26|36|25|42|45|32|28|35|30|32|24|37|25|29|32|277|274|23|22|17|21|24|28|31|16|31|
2016-05-21|3|1_CTs|ct7||401|143|146|125|382|120|376|347|113|116|88|94|91|104|103|336|75|336|65|49|57|53|306|57|51|50|36|281|58|44|58|68|63|66|65|84|98|96|107|126|117|130|107|116|137|376|401|145|399|148|135|140|148|401|133|134|370|141|133|383|129|134|160|445|160|149|150|457|456|442|163|408|186|423|402|189|187|184|167|673|146|150|139|127|137|134|141|124|127|139|172|161|397|157|158|438|
2016-05-21|3|1_CTs|ct8||352|95|90|80|87|71|315|67|65|59|46|37|36|50|48|292|290|298|30|20|23|27|22|22|32|26|17|22|35|24|33|33|33|301|35|303|60|60|62|78|87|89|64|71|92|78|86|86|98|94|96|92|333|350|85|337|75|81|85|337|74|83|99|117|88|101|93|136|392|122|100|89|125|661|132|108|114|121|354|370|97|102|93|80|99|91|92|92|86|89|123|115|102|103|331|105|
2016-05-21|3|1_CTs|ct9||166|160|393|392|102|348|335|94|366|80|362|101|81|107|77|84|95|351|83|61|61|55|42|34|40|48|42|36|47|321|322|79|84|108|115|116|124|143|425|169|169|416|163|675|163|152|162|163|175|450|201|334|578|178|188|418|169|421|156|171|662|176|451|153|429|438|182|158|185|418|152|184|189|190|186|164|693|154|183|698|412|202|480|426|156|142|365|130|358|631|380|116|118|115|130|155|
2016-05-21|3|1_CTs|ct10||114|114|116|131|115|89|96|91|104|80|97|82|81|99|77|73|56|47|63|69|43|41|53|46|42|39|47|49|39|44|43|44|50|52|49|74|73|88|75|97|118|102|125|113|102|110|117|142|123|119|129|128|139|139|114|116|113|123|107|112|134|110|120|125|135|145|129|133|135|149|142|159|152|160|141|158|153|140|130|121|105|137|101|90|136|99|111|119|102|107|114|126|121|133|105|111|
2016-05-21|3|1_CTs|ct13||362|513|848|815|772|892|358|266|184|157|171|1270|226|238|227|374|168|619|829|255|535|112|680|188|193|135|270|357|384|391|166|136|183|163|175|173|190|205|203|204|477|481|213|221|501|252|221|244|313|317|329|464|536|265|232|520|257|225|268|514|486|253|510|291|259|499|273|253|337|635|1294|1032|366|212|318|696|114|223|240|1606|294|644|481|1285|299|1753|737|491|305|316|271|439|238|1419|1078|827|
2016-05-21|3|1_CTs|ct14||63|58|49|45|43|32|36|21|25|34|21|21|19|24|18|18|16|10|10|19|13|25|16|17|276|27|26|43|39|54|357|120|90|107|115|153|133|175|409|157|138|661|150|154|153|402|143|139|131|130|143|148|126|381|113|138|128|114|407|146|637|101|127|104|139|125|154|137|150|123|131|141|128|502|305|133|141|130|131|118|135|392|384|640|112|116|75|80|77|80|95|104|79|87|76|75|
2016-05-21|3|1_CTs|CT16||141|119|124|125|96|88|100|99|617|98|107|112|341|69|64|78|62|72|54|44|330|44|40|41|49|49|19|42|34|39|45|65|73|91|78|106|94|91|85|98|115|373|130|119|359|128|143|122|139|149|163|131|417|425|125|167|397|155|127|661|146|137|175|178|177|414|152|166|175|418|448|176|191|154|218|191|179|139|188|168|176|459|431|135|134|616|106|132|122|84|119|375|102|375|125|132|
2016-05-21|3|1_CTs|ct18||148|148|148|149|135|109|133|101|117|111|115|86|81|116|104|75|72|68|82|88|64|49|61|59|56|60|64|64|55|56|70|69|78|69|81|116|111|119|109|160|163|159|157|165|139|157|147|187|169|187|186|175|196|151|152|167|154|172|165|161|180|171|182|178|199|192|200|176|224|201|211|222|199|221|225|206|190|204|196|188|174|198|170|156|213|146|161|187|156|152|160|172|147|193|132|143|
2016-05-21|3|1_CTs|ct19||2|0|2|3|0|0|1|0|0|3|0|1|0|1|0|0|1|1|0|0|0|1|0|1|3|3|2|2|15|4|2|5|3|5|2|2|3|3|3|2|1|3|2|2|6|3|1|4|6|3|6|3|3|4|5|4|3|3|4|3|2|1|4|3|4|3|4|5|1|3|7|3|2|3|2|4|3|4|3|3|4|1|2|1|3|3|1|0|1|0|1|1|3|0|1|3|
2016-05-21|3|1_CTs|ct22||5|8|5|5|3|2|1|3|4|3|9|5|6|8|2|1|0|2|1|0|0|1|2|3|2|5|4|1|260|0|2|3|4|4|7|11|2|14|15|13|18|20|9|18|14|11|7|12|19|20|19|12|13|12|10|14|7|13|6|14|10|10|266|17|9|12|6|13|8|11|9|14|265|13|261|3|5|5|3|10|8|268|6|14|16|6|4|3|4|3|3|4|6|6|10|11|
2016-05-21|3|1_CTs|CT23||206|136|357|101|118|81|84|51|67|84|78|128|146|146|124|269|98|36|38|47|34|26|19|26|30|23|30|25|44|44|76|330|106|111|126|381|120|138|169|180|212|227|174|740|728|229|520|235|731|804|302|444|424|817|522|513|255|512|187|199|755|481|256|259|250|235|521|251|264|537|250|263|499|385|671|226|269|535|213|238|490|179|717|693|173|431|145|147|166|173|166|410|174|140|147|181|
2016-05-21|3|1_CTs|ct24||631|870|611|594|574|824|529|510|759|506|507|503|527|518|777|724|566|508|515|495|38|28|36|62|63|353|422|449|335|547|516|258|230|509|355|1150|870|931|823|943|724|536|635|898|1374|1158|931|954|685|964|731|1123|806|726|766|966|896|652|752|1232|998|778|1087|1353|978|766|866|828|766|1344|1076|811|995|1334|799|707|749|727|759|849|715|536|742|660|569|536|467|460|188|702|435|449|187|171|444|151|
