2014-04-07|3|1_CTs|ct1||35|28|23|17|20|13|12|6|10|5|7|5|7|5|3|1|2|5|2|3|6|7|6|9|11|22|22|37|44|69|114|151|180|212|225|238|234|241|215|191|196|160|174|175|154|157|129|147|159|177|179|177|175|174|161|154|171|199|200|211|160|185|148|209|180|194|183|182|198|217|250|214|211|215|207|218|218|199|174|170|174|162|131|111|117|109|84|75|83|71|69|66|77|60|46|43|
2014-04-07|3|1_CTs|ct3||78|50|34|37|48|18|26|7|29|11|8|16|15|6|12|10|13|9|0|18|30|13|16|22|30|38|33|66|63|101|123|163|204|244|240|256|238|258|262|213|257|230|242|240|208|236|210|220|213|227|242|224|226|211|209|200|257|257|252|256|252|242|222|239|235|215|220|225|235|198|207|212|183|165|191|170|205|154|187|199|184|169|158|137|160|138|108|98|100|107|105|106|93|71|59|76|
2014-04-07|3|1_CTs|ct5||98|93|57|64|38|44|43|23|29|10|8|15|8|10|16|8|8|8|11|8|9|9|5|15|17|15|26|39|45|65|90|145|157|213|217|213|236|215|191|168|200|161|190|216|198|187|193|239|189|217|206|210|272|213|205|201|202|210|233|224|222|247|234|252|254|266|271|310|308|327|314|316|317|320|320|313|302|282|303|290|265|225|208|213|145|135|148|119|163|128|151|149|149|144|136|135|
2014-04-07|3|1_CTs|ct6||6|13|3|7|6|3|1|2|0|3|0|2|2|0|0|0|0|0|2|0|1|2|5|6|2|6|12|12|17|30|40|50|59|74|72|76|84|67|73|50|48|44|51|45|41|54|37|41|37|52|41|44|41|50|36|51|71|63|64|65|57|45|40|49|46|62|70|69|62|58|57|63|62|81|60|65|61|68|70|55|44|37|25|31|21|25|24|13|11|18|23|12|25|15|17|13|
2014-04-07|3|1_CTs|ct7||93|82|61|70|63|54|46|38|29|22|21|22|16|21|14|14|13|17|16|25|20|18|25|46|27|40|42|37|51|47|73|97|88|124|154|164|130|142|140|139|143|170|152|164|180|175|182|161|179|164|170|165|177|161|140|170|165|160|195|174|196|203|141|189|112|73|66|80|73|82|65|73|50|45|50|53|64|64|55|13|2|0|0|0|0|0|3|0|1|0|3|0|2|0|0|0|
2014-04-07|3|1_CTs|ct8||53|35|23|31|21|20|20|15|12|10|9|13|11|10|5|5|7|6|6|22|10|6|14|18|20|19|25|20|25|24|34|47|50|60|78|92|70|83|89|78|88|99|98|101|124|111|108|92|119|97|90|117|105|111|97|104|110|98|123|109|129|131|127|120|142|136|123|140|130|138|130|137|141|128|111|125|133|127|127|104|90|84|79|79|62|66|63|65|64|69|61|69|54|77|72|70|
2014-04-07|3|1_CTs|ct9||86|97|74|72|46|42|25|27|40|16|23|10|13|14|11|14|6|10|14|14|12|15|17|17|28|26|26|52|50|81|124|124|159|205|221|239|251|219|195|210|197|180|172|180|174|189|180|145|140|163|163|191|150|158|176|158|168|200|170|211|222|209|442|346|187|175|215|192|195|193|200|219|243|195|194|215|187|228|183|188|163|915|1465|102|101|100|85|91|103|124|192|165|247|201|86|166|
2014-04-07|3|1_CTs|ct10||45|49|27|32|31|21|19|11|22|18|12|10|14|16|7|9|8|9|11|9|9|14|15|14|13|13|16|24|25|44|59|90|79|111|116|105|153|137|138|137|112|126|111|103|101|102|109|101|109|112|127|128|98|92|103|95|121|111|116|125|126|119|100|114|128|112|123|138|113|110|141|117|136|135|141|95|116|113|119|110|109|113|95|89|75|69|68|73|63|70|50|65|74|56|64|63|
2014-04-07|3|1_CTs|ct13||1865|3132|3057|552|1829|3752|4181|2465|1177|1342|3760|5641|5121|4802|4054|3992|2806|2381|1552|122|0|0|0|0|0|0|0|0|0|0|0|0|0|0|0|0|0|0|0|0|0|0|0|0|0|0|102|263|434|791|276|1042|280|238|248|264|248|243|223|194|214|228|230|540|353|430|644|365|244|302|855|711|313|685|353|360|693|122|0|0|0|0|0|0|0|0|0|0|0|0|0|0|148|189|169|164|
2014-04-07|3|1_CTs|ct14||51|37|42|28|31|13|11|13|9|8|7|5|4|8|12|3|6|3|3|3|11|12|9|18|23|41|62|119|172|257|287|301|277|261|256|269|273|266|253|227|278|221|217|200|181|153|181|187|162|201|185|166|145|161|143|168|173|184|208|213|209|180|193|183|139|160|181|185|153|199|235|217|235|231|216|224|245|223|223|223|177|148|122|115|91|76|80|74|101|83|98|59|61|60|52|61|
2014-04-07|3|1_CTs|CT16||97|60|43|42|49|61|16|19|53|24|76|54|12|16|21|9|20|11|11|13|25|13|23|30|28|29|37|45|30|86|149|111|135|159|134|173|205|173|181|155|210|182|145|135|163|166|151|141|117|155|168|182|120|156|139|142|141|135|167|142|177|178|169|174|178|191|203|196|184|211|209|212|223|207|237|263|200|221|204|198|172|176|182|122|137|149|147|104|135|66|109|82|101|99|103|76|
2014-04-07|3|1_CTs|ct17||0|0|0|0|0|0|0|0|0|0|0|0|0|0|0|0|0|0|0|0|0|0|0|0|0|0|0|0|0|0|0|0|0|0|0|0|0|0|0|0|0|0|0|0|0|4|0|0|0|0|0|0|0|0|0|0|0|0|0|0|0|0|0|0|0|0|0|0|0|0|0|0|0|0|0|0|0|0|0|0|0|0|0|0|0|0|0|0|0|0|0|0|0|0|0|0|
2014-04-07|3|1_CTs|ct18||59|66|36|47|36|24|21|12|28|20|13|17|18|18|15|16|10|12|13|15|13|21|23|13|26|23|31|40|59|75|111|136|147|198|199|173|223|205|216|206|164|196|172|133|155|172|132|139|143|127|136|159|138|140|140|130|157|152|185|187|192|178|161|149|165|153|159|183|157|164|145|161|180|161|170|172|146|171|160|131|130|152|116|98|115|103|88|106|81|103|77|82|107|88|77|80|
2014-04-07|3|1_CTs|ct19||1|0|0|0|0|0|0|0|0|0|0|0|0|0|0|1|0|0|0|0|0|1|1|1|3|6|4|16|8|7|9|5|11|9|10|5|8|8|7|3|6|3|3|5|2|4|7|7|9|3|8|6|6|3|4|4|6|8|1|5|4|3|8|6|4|6|5|7|5|15|7|2|2|9|6|7|4|6|8|6|5|5|4|5|6|2|3|2|1|0|1|1|0|0|2|0|
2014-04-07|3|1_CTs|ct22||3|5|3|2|1|0|2|2|0|3|0|1|2|0|0|0|1|2|0|0|0|0|0|0|1|1|3|1|4|3|7|12|14|16|18|20|18|21|29|22|25|22|15|13|22|13|27|27|25|21|28|38|25|19|18|18|23|25|28|33|18|28|28|28|29|32|39|40|49|57|42|46|56|48|51|48|49|49|37|33|30|18|28|9|13|13|13|10|9|8|9|8|13|2|6|7|
2014-04-07|3|1_CTs|CT23||85|64|47|44|26|31|19|23|22|16|12|12|24|10|4|4|2|6|8|6|7|8|8|22|18|19|19|47|60|63|137|193|209|253|260|315|339|292|236|251|220|171|185|194|200|224|202|223|240|238|284|239|283|245|210|225|229|239|262|285|227|243|264|282|281|314|294|353|352|406|443|434|473|487|477|457|441|441|381|401|389|371|290|248|267|200|173|157|219|175|167|147|162|140|116|103|
2014-04-07|3|1_CTs|ct24||173|151|118|92|92|65|42|43|41|29|27|28|16|29|26|19|30|27|27|40|44|72|72|71|107|181|297|516|633|926|1063|940|911|864|919|972|866|743|865|826|950|883|918|894|767|748|737|730|723|700|785|779|754|695|704|735|765|839|897|813|839|853|792|745|692|721|741|747|770|791|834|949|928|892|859|940|833|886|837|784|604|570|533|467|400|347|320|340|332|295|318|264|270|259|209|193|
