2012-07-08|7|1_CTs|CT1||42|38|33|22|42|13|20|19|18|10|11|14|13|6|12|10|8|16|4|2|10|10|3|8|6|10|9|11|6|15|16|19|18|14|18|20|16|24|21|33|29|38|31|47|54|47|53|38|56|55|47|49|56|57|43|45|41|34|51|37|73|47|48|58|42|55|53|63|59|61|84|82|71|66|66|74|77|74|76|75|61|72|69|59|58|61|58|54|45|48|46|37|43|42|33|53|
2012-07-08|7|1_CTs|CT2||95|112|81|59|61|55|50|46|54|41|24|33|51|27|23|38|27|27|41|31|28|27|28|25|23|31|38|32|56|54|55|31|29|24|30|37|49|49|61|62|73|58|56|77|79|1330|969|87|144|74|95|94|89|78|79|74|88|100|77|74|81|103|114|88|63|86|87|114|96|103|101|105|101|122|110|141|105|105|108|98|110|155|110|76|101|101|82|86|79|62|71|75|53|69|53|47|
2012-07-08|7|1_CTs|CT4||12|25|14|20|30|19|15|55|18|22|11|25|26|25|24|21|29|6|15|12|19|10|15|9|6|4|1|1|3|2|2|1|0|2|2|3|2|1|0|3|2|2|0|6|4|0|3|1|6|1|3|4|6|4|5|8|8|2|4|5|9|8|9|4|2|7|8|8|14|12|9|4|12|11|5|16|20|10|13|28|11|9|3|4|4|8|7|15|27|14|8|8|30|17|14|24|
2012-07-08|7|1_CTs|CT6||49|54|42|54|43|30|29|29|26|23|31|27|25|14|18|15|15|15|11|18|10|14|12|15|8|8|18|9|9|15|18|17|23|20|30|24|32|38|29|43|53|33|39|59|49|67|45|80|73|71|55|81|66|53|55|51|61|64|56|72|53|62|66|61|72|75|80|84|62|85|83|96|84|88|90|98|89|72|79|76|72|67|69|79|56|50|60|35|62|45|51|37|57|38|42|52|
2012-07-08|7|1_CTs|CT7||51|33|48|20|33|19|22|14|16|28|14|14|9|13|6|10|19|12|6|12|13|9|13|21|11|19|16|14|19|16|17|30|28|17|19|27|35|26|37|33|28|33|47|48|47|56|51|40|64|40|54|68|45|43|34|60|51|38|40|49|41|48|54|68|42|66|58|53|59|64|67|63|58|67|72|60|65|75|62|66|67|67|54|48|48|50|62|46|41|46|35|34|50|33|39|42|
2012-07-08|7|1_CTs|CT8||170|131|143|82|93|76|75|69|55|52|43|54|42|44|38|41|32|52|47|61|69|72|68|79|70|67|80|84|90|75|106|98|96|98|110|133|127|123|133|153|139|168|163|155|138|159|165|191|175|197|182|196|200|186|169|164|175|181|205|240|208|209|265|226|205|217|218|222|258|238|244|234|311|257|272|268|285|250|280|286|269|278|252|240|254|236|226|189|210|225|244|204|179|182|184|160|
2012-07-08|7|1_CTs|CT9||98|78|103|64|61|58|49|43|46|48|33|29|36|26|28|24|19|31|28|25|44|35|29|57|40|39|44|41|44|40|59|64|60|47|56|72|77|68|64|81|82|82|104|85|70|75|103|101|117|102|108|124|134|112|96|90|104|82|132|133|126|127|147|156|135|139|135|127|126|135|142|146|142|139|165|146|172|162|168|161|151|131|130|153|146|142|131|141|126|153|138|108|102|98|114|112|
2012-07-08|7|1_CTs|CT10||134|111|122|96|120|107|89|85|91|76|72|70|73|67|69|59|43|70|63|63|47|64|49|58|48|39|45|48|54|72|60|58|53|53|80|78|72|80|82|100|104|109|111|122|130|111|117|124|134|144|135|124|147|129|141|140|118|112|118|148|125|144|134|160|154|160|164|158|155|150|158|144|191|139|151|191|181|184|196|161|160|174|157|151|127|160|137|140|119|135|120|129|128|131|77|108|
2012-07-08|7|1_CTs|CT11||140|100|93|79|109|90|77|71|65|70|52|50|49|70|60|37|41|55|61|62|56|51|38|62|59|37|42|60|71|76|76|63|55|72|69|93|94|96|99|118|119|138|109|134|145|121|149|130|150|155|165|126|148|140|165|152|122|105|129|139|144|144|156|157|174|166|165|174|137|164|181|169|156|140|161|183|202|173|176|174|131|167|165|141|129|149|142|134|135|148|108|116|108|118|83|93|
2012-07-08|7|1_CTs|CT12||87|87|54|52|57|43|34|38|27|33|34|36|41|21|26|30|19|18|17|19|11|34|19|20|17|13|25|14|16|20|29|18|21|37|27|34|34|38|40|69|67|58|65|72|63|88|78|95|109|82|99|113|97|96|73|83|97|92|94|84|95|93|87|100|87|93|98|121|106|119|117|109|112|131|137|113|105|134|118|112|127|117|104|109|84|95|69|60|84|75|80|78|54|69|55|62|
2012-07-08|7|1_CTs|CT13||21|20|21|4|13|12|6|4|6|7|5|5|3|2|4|3|3|3|4|4|5|5|6|6|4|5|8|6|9|7|6|13|11|6|5|6|13|5|12|14|15|14|14|15|12|12|23|11|15|14|22|29|22|13|13|29|24|15|21|17|23|19|16|36|23|26|27|28|19|30|18|23|14|29|27|23|0|9|31|35|37|42|28|20|25|35|35|44|38|21|19|23|30|9|28|24|
2012-07-08|7|1_CTs|CT14||147|131|131|94|106|93|103|75|84|86|68|64|61|71|52|43|43|53|58|83|70|55|50|82|57|56|66|68|90|85|83|84|75|89|116|99|125|123|131|151|173|195|177|187|184|190|215|216|200|217|224|222|231|233|238|242|181|178|161|218|226|206|214|238|237|227|225|215|247|235|245|258|265|249|251|287|316|242|273|295|252|235|199|189|197|181|179|202|154|169|133|138|164|119|135|126|
2012-07-08|7|1_CTs|CT15||24|25|18|11|18|9|16|12|11|7|14|8|12|7|7|8|5|5|9|6|5|4|3|4|4|5|7|11|9|10|9|9|9|6|12|14|13|17|23|28|33|18|29|23|30|30|22|27|28|23|37|36|42|19|18|16|38|29|28|30|32|24|26|34|25|25|29|30|20|19|37|28|34|34|42|29|37|37|29|26|26|21|27|31|30|30|31|21|24|24|31|12|28|29|25|27|
