2013-03-24|6|1_CTs|CT1||0|1|0|1|1|1|1|0|6|0|0|1|0|0|0|1|0|1|0|1|2|0|0|2|1|2|3|2|2|0|0|1|0|0|0|0|1|0|0|0|3|1|0|1|2|1|0|3|2|5|6|2|0|1|2|2|0|0|3|4|2|0|1|1|3|2|3|1|1|0|2|1|3|1|4|4|0|4|1|4|0|3|3|0|0|1|1|0|2|0|0|0|1|1|1|1|
2013-03-24|6|1_CTs|CT3||2|6|3|9|6|2|3|1|4|4|1|3|2|5|2|4|5|5|11|9|15|20|21|22|34|31|20|18|19|16|22|30|27|18|19|19|12|21|16|29|23|30|23|34|33|24|32|30|35|31|24|30|28|27|23|23|34|30|30|28|29|39|21|33|26|29|36|40|40|42|29|27|28|29|27|34|27|34|30|41|22|16|22|15|29|20|12|19|14|13|11|20|18|10|13|16|
2013-03-24|6|1_CTs|CT4||9|12|5|13|6|9|7|7|9|5|6|9|2|3|4|2|3|4|1|2|4|5|1|3|2|4|3|3|3|4|1|2|5|4|3|4|7|8|8|6|7|4|5|8|11|14|13|16|16|19|16|22|22|18|17|13|24|19|18|17|12|18|14|20|18|16|15|10|20|16|19|19|17|28|28|13|30|21|23|20|19|18|20|21|5|14|9|11|13|7|6|16|6|8|7|6|
2013-03-24|6|1_CTs|CT5||16|21|18|5|10|5|8|11|5|3|8|9|7|5|5|10|4|7|12|2|8|4|3|3|7|7|6|6|11|4|8|13|10|13|17|37|17|14|11|20|17|14|23|18|19|24|22|18|31|28|24|32|36|36|30|34|36|32|36|40|31|23|34|28|23|32|30|35|44|38|29|40|34|14|33|18|36|38|28|20|24|26|37|27|25|20|25|22|22|19|12|21|15|12|17|21|
2013-03-24|6|1_CTs|CT6||27|28|20|21|12|23|12|13|15|17|7|9|4|7|7|2|5|6|8|8|16|11|13|13|10|12|12|8|21|13|16|16|17|20|32|16|24|26|32|32|38|36|48|39|46|48|51|76|58|69|62|88|59|96|88|69|64|58|87|58|73|78|83|79|77|65|85|85|69|78|70|89|80|55|65|71|83|78|66|64|68|85|38|42|41|50|42|38|32|39|20|32|35|28|23|17|
2013-03-24|6|1_CTs|CT7||5|2|4|1|6|1|4|1|7|2|1|2|1|2|0|2|4|2|0|1|2|3|2|3|7|1|5|2|3|4|0|2|6|5|8|7|3|9|4|15|9|14|7|16|9|11|16|15|15|11|13|19|14|14|13|9|14|12|6|11|16|20|14|14|10|14|15|23|16|14|29|15|20|16|16|22|14|13|13|16|9|14|16|9|9|11|14|8|10|6|9|3|6|1|7|5|
2013-03-24|6|1_CTs|CT8||47|64|43|52|71|76|55|25|30|26|25|20|14|17|14|11|26|20|13|9|4|6|3|12|12|17|17|18|23|23|40|55|44|54|73|65|60|58|44|42|64|68|61|67|63|72|66|76|75|85|78|98|109|108|91|80|83|81|87|86|108|105|88|92|93|95|96|107|87|100|83|108|107|105|110|103|94|102|111|105|92|81|89|76|70|54|53|64|54|43|43|52|41|40|55|38|
2013-03-24|6|1_CTs|CT9||42|57|47|50|33|35|30|28|35|33|34|28|22|17|21|14|13|13|19|15|10|13|13|20|20|35|32|36|28|29|48|45|45|43|63|56|62|74|59|74|61|76|90|85|74|93|99|98|103|81|122|103|126|116|142|131|116|109|135|133|124|132|133|141|119|132|129|142|132|119|124|130|111|117|130|144|124|126|90|104|91|88|90|82|61|84|70|86|68|51|44|61|54|50|42|50|
2013-03-24|6|1_CTs|CT10||33|34|38|31|25|18|12|24|12|20|19|17|17|11|13|8|14|16|15|8|4|10|10|16|19|16|13|26|19|23|25|33|33|41|43|33|36|35|45|56|64|56|55|63|68|72|132|77|81|80|133|138|103|128|88|89|56|66|107|71|79|74|102|89|88|114|119|103|83|114|116|125|124|118|83|108|135|83|82|80|77|80|102|100|60|50|53|44|34|37|33|27|38|30|31|38|
2013-03-24|6|1_CTs|CT11||38|33|27|21|18|14|22|14|15|16|16|12|14|11|18|4|9|3|7|9|12|13|9|16|14|17|24|20|13|26|49|49|42|50|56|66|52|61|64|70|64|71|86|82|99|65|77|96|92|155|188|127|108|109|96|115|87|87|111|125|111|112|106|115|127|103|106|101|123|112|113|104|109|88|110|123|90|105|99|89|96|105|85|82|54|55|57|61|41|30|51|31|39|34|37|29|
2013-03-24|6|1_CTs|CT12||45|36|36|45|27|23|18|26|18|22|16|23|20|10|16|9|8|10|15|8|6|11|14|15|19|24|23|22|16|23|36|34|42|56|43|52|47|62|60|65|68|63|59|73|78|85|100|91|95|132|192|153|102|108|93|91|86|96|123|84|85|99|121|104|102|110|102|117|111|96|111|120|120|107|110|108|134|97|98|95|91|83|92|85|54|51|57|57|44|31|43|41|39|30|30|27|
2013-03-24|6|1_CTs|CT13||36|36|36|40|24|25|20|20|31|20|17|16|18|14|14|9|14|12|14|12|9|14|18|20|26|33|38|31|31|27|39|44|33|51|43|49|50|65|49|72|54|66|67|72|61|87|87|78|95|94|121|109|92|78|116|82|89|93|86|90|93|95|106|106|88|98|95|113|100|85|111|113|88|98|95|107|87|90|83|99|79|79|79|69|66|57|64|66|63|47|42|39|55|43|36|37|
2013-03-24|6|1_CTs|CT14||32|27|24|34|15|15|12|21|14|11|10|11|12|12|11|10|4|9|12|10|9|3|17|16|22|15|24|22|24|18|26|24|33|27|22|37|31|26|44|46|37|44|41|52|66|55|54|74|50|122|177|153|70|72|72|73|56|69|68|56|59|63|71|58|42|75|85|73|68|69|70|82|78|78|75|59|82|66|74|64|55|56|50|44|44|35|47|37|25|19|39|25|26|27|16|15|
2013-03-24|6|1_CTs|CT15||14|19|7|13|11|10|10|7|10|10|5|4|5|7|4|7|7|5|8|7|12|14|15|14|20|18|16|16|17|13|21|27|21|23|30|20|16|32|31|60|38|49|39|37|27|46|37|47|54|48|44|45|50|43|43|39|49|45|40|46|48|57|56|41|50|47|53|75|63|63|68|54|51|52|52|46|41|43|43|51|32|37|40|29|40|35|19|24|18|22|23|13|21|14|24|15|
2013-03-24|6|1_CTs|CT16||43|30|39|21|32|19|17|18|19|21|19|15|15|14|16|11|16|13|6|14|11|11|9|14|19|13|18|21|22|19|31|42|33|46|58|53|36|42|50|67|56|77|77|87|90|82|114|98|104|102|118|123|122|128|110|123|69|88|105|115|120|122|114|121|118|139|124|117|113|130|161|123|146|126|122|133|132|94|116|105|100|117|124|130|74|63|74|53|49|46|45|35|56|38|52|45|
2013-03-24|6|1_CTs|CT17||25|22|30|24|11|20|12|13|17|13|10|15|11|10|11|8|6|2|5|4|4|2|1|5|9|8|11|11|5|8|6|10|19|15|18|17|15|16|24|25|15|21|21|25|31|43|38|45|35|40|45|54|51|50|81|46|50|48|66|47|50|49|53|45|45|46|41|44|47|41|41|46|46|69|56|54|55|54|51|41|48|48|27|24|29|33|42|24|27|23|16|20|21|18|15|23|
2013-03-24|6|1_CTs|CT18||77|72|60|49|61|51|42|35|31|32|32|26|24|27|22|21|21|24|31|17|24|21|19|24|27|22|21|38|42|36|34|57|59|62|82|103|56|67|67|80|67|69|99|100|102|101|117|115|141|131|125|159|162|171|133|139|126|138|157|152|126|125|146|167|154|181|148|177|154|172|171|171|167|150|176|158|166|149|136|127|107|139|135|115|107|98|88|87|70|81|65|66|75|48|66|74|
2013-03-24|6|1_CTs|CT19||33|48|39|38|39|29|32|29|39|26|23|18|15|15|19|15|8|9|12|11|8|12|4|14|13|12|20|16|17|13|23|21|23|29|29|39|24|35|37|31|49|51|41|49|71|68|76|87|79|93|99|81|93|98|122|73|80|87|91|84|100|101|100|98|84|98|85|95|102|97|98|103|96|120|108|114|104|97|100|91|81|70|66|64|52|54|68|45|46|35|41|47|36|38|38|24|
2013-03-24|6|1_CTs|CT20||28|26|15|25|15|23|15|12|9|13|11|9|9|9|6|6|7|10|8|9|5|11|6|16|21|11|11|20|23|16|15|16|34|28|33|30|25|27|42|49|45|61|46|53|55|77|82|70|65|61|13|3|80|109|27|79|60|66|64|74|75|40|42|54|53|49|3|4|74|17|109|79|83|94|84|14|30|42|66|55|29|53|53|41|33|37|30|55|33|27|30|21|26|14|11|20|
2013-03-24|6|1_CTs|CT21||72|74|56|66|57|63|51|38|35|25|28|20|23|23|19|24|21|23|30|31|38|51|57|70|75|73|67|64|54|61|94|117|95|107|139|121|103|130|110|134|138|140|128|117|119|142|141|142|135|146|179|194|163|186|181|149|186|158|180|196|207|203|208|241|230|201|184|225|216|215|185|216|208|215|235|221|212|207|229|200|174|151|147|144|150|123|114|122|113|124|121|108|121|90|81|83|
2013-03-24|6|1_CTs|CT22||89|90|73|74|86|78|66|63|66|45|38|45|47|34|45|46|46|31|44|45|58|76|73|75|68|75|74|56|53|62|78|73|73|86|88|86|91|92|123|122|129|122|139|164|143|169|191|166|174|221|174|199|212|194|199|142|182|192|196|188|200|192|196|223|206|213|198|206|245|206|239|188|179|217|189|207|164|209|190|170|171|165|154|133|131|113|110|101|113|79|94|72|72|81|79|68|
2013-03-24|6|1_CTs|CT23||56|79|52|75|84|94|55|35|39|29|35|31|18|22|15|17|27|28|21|21|13|19|19|35|36|37|34|38|36|46|57|66|72|71|82|78|75|90|79|83|97|112|107|104|95|113|127|140|126|124|128|150|181|172|151|119|149|147|157|153|156|175|163|163|158|151|148|168|155|146|143|159|172|165|186|169|171|143|167|162|140|127|125|111|87|92|94|83|68|75|77|82|67|60|66|50|
2013-03-24|6|1_CTs|CT24||118|89|66|76|75|63|57|40|36|54|39|49|37|30|28|27|22|26|25|21|42|30|45|43|29|57|36|41|37|47|55|68|57|66|73|72|89|77|76|78|106|101|110|102|112|128|134|121|149|152|164|190|173|175|195|159|158|132|186|151|154|185|182|173|181|170|200|219|174|160|189|209|175|166|181|184|179|187|170|144|162|162|136|110|103|100|121|97|89|94|75|71|94|79|60|59|
