2014-01-03|6|1_CTs|CT1||0|2|0|2|1|0|0|3|1|0|0|2|0|0|0|1|0|3|1|1|1|2|2|3|4|5|1|0|2|5|10|14|18|8|8|9|15|7|5|6|4|5|6|8|5|6|5|1|7|7|3|7|7|5|9|3|6|4|7|7|15|9|0|7|11|5|0|6|10|4|5|3|3|8|4|6|2|1|6|6|3|1|4|1|4|0|1|1|1|1|1|20|16|5|0|3|
2014-01-03|6|1_CTs|CT3||10|3|12|5|9|9|2|3|6|4|7|6|3|5|2|8|5|11|15|17|24|38|27|33|29|31|36|39|34|42|52|61|77|68|60|64|54|56|54|63|43|41|39|52|44|61|44|39|64|54|46|40|43|35|42|28|37|30|35|45|33|40|40|41|40|60|53|38|53|46|58|42|49|52|45|39|27|35|38|41|32|32|39|25|17|29|20|21|10|24|28|15|15|14|8|11|
2014-01-03|6|1_CTs|CT4||11|7|7|6|4|4|1|4|3|2|0|2|1|0|0|1|1|1|0|2|3|3|1|1|1|1|2|2|2|6|6|6|7|6|19|15|17|22|16|12|13|10|24|22|16|32|20|10|15|28|40|28|31|26|31|27|21|31|33|22|26|23|25|31|17|29|26|34|33|38|24|28|35|34|44|24|24|35|32|26|28|22|27|19|18|9|11|12|13|7|8|9|11|4|6|10|
2014-01-03|6|1_CTs|CT5||15|11|17|7|12|8|9|7|7|6|5|5|1|2|2|3|7|4|5|8|2|8|6|7|8|6|13|13|22|19|25|38|43|35|44|52|61|56|57|50|59|51|56|50|72|63|55|70|50|66|78|64|66|62|58|57|54|48|59|58|70|82|85|65|35|54|65|68|73|43|69|72|53|57|80|59|69|74|49|44|61|60|46|46|43|47|41|23|29|36|32|22|26|24|35|21|
2014-01-03|6|1_CTs|CT6||16|20|12|8|12|9|5|13|6|9|6|3|1|0|3|3|6|4|9|7|9|17|11|15|21|15|16|20|21|28|48|59|78|111|97|121|110|119|118|97|120|104|98|82|90|100|88|95|86|86|102|89|90|82|97|84|105|112|101|115|119|99|101|97|107|85|98|99|112|103|106|97|124|114|93|104|79|103|71|91|80|104|70|73|68|62|71|64|41|56|42|50|53|40|38|32|
2014-01-03|6|1_CTs|CT7||9|6|9|4|4|0|6|1|1|0|2|1|2|0|1|0|0|2|0|2|5|1|3|2|2|7|5|6|8|4|15|19|15|20|29|24|25|24|20|25|26|23|22|25|25|17|16|22|19|21|32|23|23|22|19|29|19|17|25|25|27|26|13|27|24|31|18|25|30|16|27|30|31|25|30|26|18|14|16|19|10|17|14|13|13|25|14|11|14|7|5|8|10|3|6|10|
2014-01-03|6|1_CTs|CT8||78|58|24|22|22|19|9|17|10|12|7|9|19|13|7|10|5|11|4|9|7|10|19|14|24|28|47|41|72|84|131|171|169|174|187|184|171|186|172|155|153|148|132|136|124|137|136|134|133|126|132|147|129|119|133|148|149|155|146|151|153|135|145|153|161|148|134|165|164|169|175|178|173|190|169|180|172|169|148|156|148|154|135|109|118|81|84|78|75|70|71|73|58|63|71|77|
2014-01-03|6|1_CTs|CT9||56|40|39|14|18|22|9|18|13|8|7|12|6|8|8|4|4|8|10|8|14|18|30|33|32|42|45|65|83|90|131|179|195|183|235|236|228|232|202|204|167|217|246|249|200|162|171|187|174|179|197|184|164|166|184|162|197|203|204|216|211|191|204|182|212|226|199|217|221|239|251|221|214|240|182|215|176|186|142|161|190|240|280|167|98|91|82|89|110|66|69|65|65|69|56|73|
2014-01-03|6|1_CTs|CT10||0|0|0|0|0|0|0|0|0|0|0|0|0|0|0|0|0|0|0|0|0|0|0|0|0|0|0|0|0|0|0|0|0|0|0|0|0|0|0|0|0|0|0|0|0|0|0|0|6|54|129|140|143|115|132|103|139|132|174|163|141|142|143|167|155|151|172|160|161|205|184|188|155|220|201|190|185|159|181|173|132|147|112|111|89|82|72|57|44|40|52|52|47|45|39|37|
2014-01-03|6|1_CTs|CT11||28|24|19|16|14|9|10|11|8|6|7|9|6|6|5|6|6|7|8|13|10|16|22|31|29|39|53|77|80|116|188|229|224|261|272|273|260|242|219|226|227|216|243|228|190|175|174|188|196|170|191|188|168|179|151|156|168|212|204|163|228|186|169|190|179|183|180|175|194|173|170|156|178|204|147|171|131|148|156|198|179|167|188|137|94|80|67|65|70|62|52|14|41|53|46|44|
2014-01-03|6|1_CTs|CT12||37|23|25|25|20|10|21|12|8|5|9|9|11|6|4|7|6|5|8|12|10|12|21|20|26|19|41|41|58|70|82|105|116|158|177|165|192|172|155|148|164|167|171|170|175|161|184|178|143|173|173|180|167|165|148|160|171|164|181|176|184|187|181|199|174|200|193|199|213|245|241|237|248|270|267|268|229|221|219|222|182|167|150|136|100|108|93|60|76|52|56|60|58|65|51|54|
2014-01-03|6|1_CTs|CT15||19|13|9|6|9|1|6|8|4|7|2|6|4|4|2|1|4|4|7|10|12|18|14|17|15|20|22|32|35|44|65|102|87|89|104|104|90|99|91|84|69|69|71|84|81|58|69|61|75|69|83|80|70|78|61|58|59|88|73|72|63|64|51|66|82|79|84|79|80|87|97|78|87|94|74|74|68|57|53|61|67|108|116|65|33|40|33|29|24|23|18|22|23|17|6|21|
2014-01-03|6|1_CTs|CT16||39|31|27|19|20|12|15|8|10|7|7|8|8|1|5|6|3|8|3|8|10|9|12|24|19|29|31|53|67|87|130|168|157|162|205|216|214|196|180|200|198|182|160|174|169|164|185|192|168|178|199|181|169|160|159|136|158|144|206|205|207|175|159|199|180|178|204|189|183|185|177|192|195|215|190|182|160|158|170|177|166|153|125|132|126|109|82|71|60|69|65|69|62|50|44|58|
2014-01-03|6|1_CTs|CT17||84|61|60|31|36|30|17|20|19|19|10|10|15|6|14|10|13|8|11|6|8|9|19|8|20|19|23|34|56|63|47|122|113|107|169|205|206|173|184|176|152|199|201|198|172|167|239|216|220|270|247|223|213|227|209|226|196|213|218|240|242|235|187|120|160|221|200|228|235|226|313|292|334|317|312|327|295|291|268|248|230|181|189|167|148|151|117|115|140|97|108|78|92|101|101|108|
2014-01-03|6|1_CTs|CT18||69|57|48|34|36|21|30|27|18|21|19|15|14|8|11|11|17|14|13|20|19|20|20|26|33|30|49|62|79|123|137|197|182|210|240|273|231|240|252|226|218|215|230|203|215|217|238|226|213|237|247|233|226|203|197|205|225|222|231|245|262|267|266|251|254|257|267|254|266|229|266|271|241|238|289|237|244|228|202|206|187|207|170|167|145|150|118|116|90|114|93|91|109|71|97|79|
2014-01-03|6|1_CTs|CT19||37|32|32|20|23|20|14|17|17|10|13|4|4|8|10|8|6|5|7|6|2|7|12|3|6|14|11|16|23|26|37|65|67|90|102|109|115|122|109|146|116|144|127|123|118|134|115|130|138|157|152|123|142|132|116|103|108|126|130|121|156|132|137|146|138|162|148|160|181|174|194|175|194|202|190|191|189|183|162|148|150|126|96|93|80|76|56|64|64|48|51|58|49|60|44|45|
2014-01-03|6|1_CTs|CT20||24|17|19|15|12|4|7|9|5|7|2|2|3|3|3|2|6|3|5|10|6|13|15|8|20|16|18|35|25|43|42|65|72|85|81|110|83|111|79|85|114|91|73|87|88|49|114|94|100|96|129|127|109|117|124|116|109|118|87|45|21|131|53|79|119|95|129|116|116|135|108|73|29|30|85|97|109|27|38|56|75|26|17|71|74|88|66|55|51|47|41|58|57|58|54|33|
2014-01-03|6|1_CTs|CT21||63|54|45|25|33|26|20|21|7|15|23|13|12|20|14|15|16|24|33|23|32|65|48|59|63|64|66|88|131|134|215|283|290|290|290|326|265|275|257|258|180|244|215|211|206|238|211|202|203|200|212|227|212|187|202|231|231|198|265|229|231|218|258|219|214|222|207|207|217|228|242|204|236|234|222|192|203|168|188|205|162|172|225|161|140|107|92|104|91|96|81|87|88|80|67|82|
2014-01-03|6|1_CTs|CT22||92|71|52|39|35|29|35|27|24|30|26|25|13|20|19|15|25|24|36|46|53|59|63|59|60|64|58|78|70|120|164|155|159|215|196|237|199|202|228|208|218|179|205|231|194|240|220|245|271|266|260|252|213|232|225|210|230|208|265|272|280|299|314|309|337|306|293|333|346|347|371|358|351|353|344|335|309|326|310|292|254|225|184|175|153|150|130|109|116|118|135|105|121|97|98|89|
2014-01-03|6|1_CTs|CT23||91|52|53|38|41|30|14|24|15|17|15|16|20|12|17|14|9|15|16|18|17|26|38|38|44|31|67|80|120|129|171|262|268|295|284|278|289|283|287|290|235|227|207|232|214|232|211|218|231|228|234|218|219|202|228|213|209|233|261|286|278|241|232|253|255|290|239|273|281|294|292|260|299|309|274|270|245|246|253|234|219|228|244|188|172|132|117|135|121|105|100|106|91|85|100|87|
2014-01-03|6|1_CTs|CT24||66|58|43|49|44|29|31|19|15|24|20|18|8|14|12|19|7|13|16|27|35|24|23|25|33|47|54|69|88|127|149|184|191|242|219|272|266|292|282|264|250|260|230|247|248|251|248|243|281|287|276|267|259|246|247|192|225|236|278|277|286|298|309|302|270|299|324|340|376|363|379|370|372|391|353|390|393|348|307|287|269|254|220|165|176|158|130|142|147|119|110|117|110|94|97|95|
