2011-06-21|2|1_CTs|ct1||32|36|28|16|19|19|12|7|9|4|4|5|6|5|4|4|9|3|9|13|17|12|14|29|14|25|35|49|55|61|102|98|117|121|107|107|108|117|114|112|115|139|146|143|134|155|134|141|120|120|116|136|122|125|112|112|98|126|142|139|125|143|130|144|129|137|125|106|121|96|105|102|124|114|102|123|134|117|146|109|136|125|113|112|111|108|97|86|81|63|67|50|73|62|46|64|
2011-06-21|2|1_CTs|ct2||15|16|5|12|4|8|3|2|5|4|2|1|0|2|2|1|8|3|4|4|3|7|9|11|16|17|17|18|15|19|20|28|33|33|57|58|50|54|71|73|68|78|74|54|82|78|67|61|67|66|50|76|51|57|61|48|52|56|69|63|66|55|55|63|56|68|52|52|61|64|49|58|62|52|43|62|56|64|73|60|68|59|55|54|38|38|27|24|26|12|23|24|36|17|12|21|
2011-06-21|2|1_CTs|ct3||86|75|56|52|33|41|31|21|26|21|13|12|11|18|21|14|23|12|12|19|26|31|33|51|46|59|68|80|89|82|129|141|146|175|164|170|174|188|204|182|201|213|214|220|224|226|223|206|210|201|178|194|170|185|185|178|164|173|211|212|207|193|209|202|207|243|188|207|197|185|182|182|211|195|183|200|206|185|233|193|225|205|191|184|172|177|151|144|138|112|119|102|134|114|88|119|
2011-06-21|2|1_CTs|ct4||58|28|39|26|31|31|21|14|5|9|11|10|14|3|8|10|8|10|6|7|6|6|13|25|31|26|33|30|49|59|52|80|100|131|136|135|137|139|141|120|152|134|131|148|149|143|146|141|131|150|124|131|129|135|107|114|128|124|131|140|122|123|139|138|124|115|107|138|126|123|129|120|125|127|132|97|124|133|103|116|108|107|92|99|82|95|77|80|80|77|84|70|63|91|76|70|
2011-06-21|2|1_CTs|ct5||79|68|67|63|38|40|37|33|17|16|16|18|10|9|12|20|15|12|11|10|13|15|18|30|21|28|33|36|56|72|91|104|149|184|220|211|218|207|213|176|224|201|201|238|243|249|225|242|205|245|201|207|205|204|194|188|199|194|172|222|206|218|237|225|225|204|208|225|187|207|209|200|192|212|194|174|207|192|177|168|148|157|135|169|137|120|131|139|112|107|123|134|126|140|114|126|
2011-06-21|2|1_CTs|ct6||71|61|48|41|43|31|32|20|22|23|21|13|13|6|8|13|5|11|13|8|9|9|15|20|22|25|26|26|33|35|54|73|98|95|104|101|114|94|108|102|112|106|112|141|121|126|127|140|138|136|132|125|130|118|133|96|125|149|128|142|141|149|163|138|144|129|137|141|124|131|141|130|116|120|120|89|112|122|114|114|97|106|82|101|84|93|71|91|86|86|81|96|77|100|101|93|
2011-06-21|2|1_CTs|ct17||82|73|59|47|37|39|33|17|26|22|18|10|15|16|15|22|20|11|12|15|25|25|26|35|31|32|48|63|83|81|112|128|141|171|193|164|164|196|200|184|188|190|194|187|230|211|214|181|208|205|153|177|163|175|161|154|157|167|184|196|174|184|189|180|211|195|173|213|177|183|181|194|162|196|198|189|215|206|216|198|206|221|186|188|160|160|156|130|121|107|112|104|119|111|90|109|
2011-06-21|2|1_CTs|CT19||42|35|31|24|13|20|14|9|8|11|13|10|9|7|1|9|9|3|8|6|11|8|12|12|8|17|16|26|36|49|57|57|71|95|87|89|66|101|104|115|95|99|106|107|135|126|141|145|124|129|105|108|98|109|106|101|97|83|118|111|109|136|124|121|128|129|118|111|118|119|113|139|121|122|138|122|124|132|137|117|126|128|128|102|100|94|91|81|77|64|41|57|49|63|51|69|
2011-06-21|2|1_CTs|CT20||43|34|33|25|32|22|24|25|9|17|22|15|8|6|6|6|5|4|2|3|6|4|8|11|10|16|18|35|26|31|33|56|75|84|102|85|103|96|113|80|82|73|87|73|79|78|72|84|63|67|60|64|56|71|69|68|47|51|67|87|91|53|80|90|84|91|71|92|77|78|71|88|86|111|91|96|103|82|89|77|79|88|76|81|69|68|64|49|60|61|56|49|62|59|48|64|
2011-06-21|2|1_CTs|CT21||22|22|20|11|11|13|18|17|5|10|9|8|5|2|2|0|2|5|1|1|4|1|2|6|8|6|8|15|18|21|26|27|49|56|62|53|61|48|57|52|62|46|56|52|62|46|37|55|37|44|47|54|35|38|38|39|37|28|42|36|52|34|46|52|52|53|41|55|46|54|44|59|62|56|53|45|54|49|44|41|42|50|45|41|37|40|34|36|37|39|28|25|36|36|35|34|
