2017-07-11|3|1_CTs|ct1||295|33|27|19|16|10|5|5|4|4|4|6|5|2|2|1|3|1|4|1|4|5|5|9|7|13|30|44|48|325|115|399|170|196|196|734|157|445|678|172|157|376|151|144|417|409|155|143|913|616|199|648|401|664|126|130|402|150|167|138|160|139|155|152|161|142|165|162|183|958|188|408|182|682|910|178|665|149|428|166|385|148|356|378|143|571|78|69|70|60|53|53|50|54|54|50|
2017-07-11|3|1_CTs|ct3||469|453|163|124|342|79|326|332|297|40|56|44|49|35|29|21|31|32|33|24|37|40|43|59|66|88|119|155|163|244|592|412|494|781|433|713|277|743|380|356|645|646|438|443|349|698|466|974|502|499|543|761|718|722|437|692|478|502|481|470|472|472|998|479|499|487|546|531|498|507|538|540|531|526|815|1073|822|774|543|764|783|502|516|429|411|626|575|340|327|609|321|770|265|292|243|220|
2017-07-11|3|1_CTs|ct5||140|75|338|75|72|55|44|47|302|275|284|16|29|12|26|9|19|15|18|8|13|8|260|13|16|26|49|47|71|105|626|155|173|229|260|263|508|481|465|214|269|441|209|460|194|487|477|231|516|508|768|525|516|477|246|210|234|242|233|276|745|259|264|524|279|291|479|884|806|583|322|330|590|300|1279|850|320|570|587|796|795|284|563|207|192|423|143|162|423|423|171|406|180|187|193|401|
2017-07-11|3|1_CTs|ct6||7|8|7|3|4|2|2|3|0|4|0|2|2|1|0|0|2|0|0|0|3|3|3|7|7|18|17|24|33|32|40|284|52|308|50|295|51|69|65|55|317|307|57|48|56|49|51|49|49|306|299|570|45|301|42|46|43|49|63|61|583|56|57|48|55|46|46|52|49|54|63|52|576|74|539|62|303|54|47|67|60|35|34|34|26|288|25|28|15|18|18|18|24|22|13|15|
2017-07-11|3|1_CTs|ct7||77|319|67|66|70|60|297|49|39|28|30|9|16|21|27|17|17|15|14|15|19|17|22|17|272|31|43|39|53|63|77|312|350|120|151|145|131|125|543|254|152|126|166|669|396|153|181|159|164|418|164|138|391|408|352|170|935|169|154|189|183|652|405|209|165|160|156|430|83|98|374|66|130|94|50|22|51|109|148|652|144|631|126|390|123|115|128|126|112|346|394|114|158|142|125|117|
2017-07-11|3|1_CTs|ct8||67|47|34|36|28|25|280|35|25|11|5|3|8|17|9|7|4|5|4|12|8|31|17|9|19|26|35|23|30|52|49|292|61|67|94|89|347|84|245|203|99|80|93|633|348|111|109|106|97|363|119|116|326|360|357|114|109|118|102|112|140|822|118|122|130|371|149|387|129|134|402|394|133|133|136|132|117|136|106|108|98|91|79|90|90|75|83|78|65|62|89|84|94|77|70|325|
2017-07-11|3|1_CTs|ct9||344|82|333|94|73|52|72|29|53|43|302|55|41|28|47|19|31|23|31|24|25|28|26|32|39|322|120|513|242|527|658|731|889|1255|277|694|244|1214|589|540|338|462|281|501|503|548|1593|531|227|1118|666|1610|1592|1073|2708|887|2730|2721|3108|3553|2474|735|2756|880|417|612|690|446|1279|1607|666|281|742|2401|554|730|992|576|511|300|450|613|307|581|347|758|262|127|458|162|129|152|120|1343|1229|545|
2017-07-11|3|1_CTs|ct10||78|84|76|62|48|52|42|45|38|33|45|29|25|23|25|14|17|17|13|16|17|17|17|17|19|23|27|49|43|52|66|92|123|150|166|169|169|162|143|157|146|134|118|146|129|140|131|130|137|154|157|157|133|143|145|117|147|119|150|166|148|156|152|162|135|130|147|159|134|168|177|166|168|167|153|146|161|150|139|144|130|140|150|111|106|123|107|82|114|89|122|119|113|108|115|109|
2017-07-11|3|1_CTs|ct13||162|160|415|123|110|97|86|88|73|74|88|70|63|62|68|27|52|46|55|33|44|56|303|56|80|339|83|100|140|141|172|207|199|227|301|253|244|248|500|260|273|515|260|285|267|268|514|513|509|226|525|256|236|257|242|500|275|248|552|292|269|260|290|288|506|220|255|275|221|474|247|974|281|462|210|498|738|268|526|507|243|306|465|257|518|984|232|230|229|200|221|747|245|222|240|219|
2017-07-11|3|1_CTs|CT16||631|156|85|360|84|65|72|30|69|302|42|36|20|33|37|15|33|22|46|17|18|23|28|38|34|31|39|74|92|338|103|162|419|195|167|222|207|181|459|238|222|218|260|199|179|207|197|197|427|205|194|439|452|426|175|174|417|196|179|202|219|224|449|202|202|206|228|204|700|210|204|236|497|241|757|515|217|204|737|208|468|201|187|164|372|406|144|117|114|140|102|121|109|117|91|158|
2017-07-11|3|1_CTs|ct22||5|3|4|5|2|0|0|0|1|0|3|1|2|1|1|1|0|2|1|3|1|0|1|2|1|7|0|13|7|3|5|10|17|7|18|17|270|14|10|17|19|10|22|21|23|30|23|34|33|276|271|18|23|20|26|15|22|19|16|19|30|25|283|34|33|30|33|30|39|40|30|33|33|36|25|29|27|18|28|16|12|19|18|13|7|7|4|10|13|7|9|7|10|5|6|6|
2017-07-11|3|1_CTs|CT23||72|338|320|50|46|38|29|30|30|16|19|15|19|14|22|13|14|14|14|14|19|24|24|23|286|39|61|91|137|147|182|188|186|191|208|225|242|215|241|200|461|185|211|213|176|205|192|194|457|448|213|459|178|177|174|430|191|441|191|182|192|193|193|192|187|184|442|176|694|426|167|431|443|435|668|426|426|168|178|432|177|166|178|407|657|390|115|126|111|109|99|376|120|148|378|362|
2017-07-11|3|1_CTs|ct24||316|335|49|54|48|19|22|18|19|17|16|13|20|13|11|14|7|15|15|12|25|34|42|312|85|372|230|850|717|582|572|587|515|777|507|551|817|530|812|592|807|576|585|820|494|772|982|945|440|468|504|784|677|921|386|449|692|1021|496|516|460|513|696|724|689|432|723|510|429|1236|466|485|529|769|1236|499|761|764|694|715|859|369|582|311|474|219|210|215|413|172|183|157|160|179|653|118|
