2012-07-24|2|1_CTs|ct1||35|34|30|11|17|11|9|14|15|5|7|1|8|2|5|6|4|6|3|14|15|10|20|14|24|32|28|39|53|48|92|93|99|100|118|128|116|127|103|136|134|134|133|143|129|135|156|127|125|114|129|127|138|118|95|109|133|129|142|132|152|119|129|128|152|113|134|104|121|107|120|98|141|90|120|114|117|135|142|137|124|147|158|148|126|98|98|94|69|76|75|95|81|78|58|47|
2012-07-24|2|1_CTs|ct2||12|17|8|6|10|7|6|3|4|1|3|0|4|1|1|0|4|2|5|5|0|6|6|12|10|14|13|11|8|14|23|31|23|33|27|37|49|45|55|58|73|45|62|55|59|54|67|62|54|53|55|57|49|74|46|47|57|46|48|68|61|72|69|61|45|57|60|55|50|42|38|56|54|50|45|40|39|37|45|45|53|55|80|81|72|48|43|25|32|25|30|22|23|17|25|23|
2012-07-24|2|1_CTs|ct3||81|83|70|47|52|41|31|28|32|22|22|6|16|9|10|10|16|16|16|20|18|23|26|41|30|56|53|55|70|76|112|133|128|144|154|161|181|205|178|220|214|194|236|202|208|231|222|215|192|171|213|218|190|195|160|177|209|173|224|234|224|233|213|226|217|207|203|155|213|195|197|190|213|201|207|199|192|185|221|201|203|194|195|210|187|194|165|154|123|117|149|147|152|128|102|94|
2012-07-24|2|1_CTs|ct4||59|42|44|23|28|21|24|15|27|11|15|8|10|11|9|8|7|13|18|7|9|14|20|19|24|30|30|28|35|48|49|60|104|107|108|148|130|137|122|135|124|108|142|141|116|126|104|148|117|143|127|143|121|109|84|99|114|119|132|108|147|149|121|129|129|146|156|113|114|112|137|118|111|139|134|119|141|119|116|116|113|107|111|116|90|87|63|80|54|67|83|72|98|76|72|91|
2012-07-24|2|1_CTs|ct5||80|73|73|45|42|34|28|19|27|26|18|9|19|18|8|14|15|19|20|13|15|20|18|14|29|26|24|44|32|67|65|105|141|140|167|205|163|189|184|178|177|178|175|210|191|198|212|186|187|201|197|207|199|185|158|165|163|181|178|179|224|226|213|205|220|202|203|184|195|178|188|207|184|187|193|192|222|216|169|193|171|186|145|184|160|115|123|136|102|121|127|115|145|147|127|134|
2012-07-24|2|1_CTs|ct6||98|72|74|49|43|44|34|26|34|24|17|7|8|17|10|8|15|9|18|10|16|17|18|17|23|30|27|30|25|42|54|75|95|131|135|158|161|155|155|139|148|130|153|177|167|170|172|174|195|180|180|198|194|163|150|159|152|156|187|207|210|195|187|196|205|209|217|208|193|207|192|169|177|175|189|167|181|166|164|180|192|152|140|154|124|96|110|117|97|116|105|130|148|139|130|173|
2012-07-24|2|1_CTs|ct17||74|73|63|41|40|36|30|25|28|17|21|7|16|16|9|8|9|7|16|14|17|19|17|24|20|38|41|38|59|57|98|125|130|133|161|156|173|180|180|212|185|196|198|195|191|216|193|219|197|185|173|197|194|176|158|146|165|185|188|203|221|184|230|209|209|194|171|182|179|179|203|188|195|206|189|196|188|190|222|187|170|190|159|184|175|173|152|151|139|115|114|130|156|118|111|79|
2012-07-24|2|1_CTs|CT19||41|36|38|14|25|17|18|14|14|10|7|4|9|5|6|5|3|4|9|8|12|5|9|8|9|20|25|22|33|33|56|71|86|87|86|102|95|122|90|140|90|102|109|115|114|113|127|128|122|113|105|119|106|79|101|84|110|101|117|115|117|116|117|108|133|132|111|118|117|127|149|137|128|145|138|125|133|126|137|113|107|118|98|106|103|93|65|75|73|58|50|59|93|69|62|55|
2012-07-24|2|1_CTs|CT20||36|40|33|30|31|25|22|24|21|22|13|11|6|10|10|9|7|13|7|11|9|4|10|15|11|13|13|28|31|29|43|47|49|66|80|86|81|82|84|81|78|85|89|78|69|61|79|71|73|77|71|67|76|77|65|71|54|69|67|67|68|76|81|77|79|69|77|80|77|73|80|86|80|77|88|80|96|74|76|74|79|80|76|64|60|54|50|52|58|52|61|49|47|39|63|58|
2012-07-24|2|1_CTs|CT21||16|21|25|19|15|9|10|8|5|10|3|2|3|3|3|0|3|4|2|4|6|2|2|4|11|3|8|9|20|16|19|26|27|42|57|48|46|60|51|39|45|58|57|44|45|51|59|41|47|46|35|48|49|44|44|49|36|46|33|38|49|51|56|46|47|47|44|49|56|56|42|44|42|50|55|51|46|40|46|47|48|42|46|49|41|24|25|29|37|29|35|24|29|27|23|28|
