2017-10-22|2|1_CTs|ct1||126|119|564|369|81|84|68|75|55|50|66|53|41|34|38|30|46|34|27|157|123|29|24|19|30|46|299|55|52|53|79|60|67|103|142|389|165|670|401|369|369|105|123|123|160|130|134|142|166|141|120|171|141|155|155|402|160|152|140|157|417|418|388|183|935|182|427|405|185|401|400|647|135|157|165|176|118|157|176|654|395|171|177|158|152|90|102|96|94|326|76|81|78|74|81|81|
2017-10-22|2|1_CTs|ct2||85|78|305|64|47|52|36|42|41|41|35|33|21|38|23|18|25|22|18|150|129|16|11|15|21|27|28|24|25|34|274|31|28|59|69|76|77|86|88|62|55|51|71|50|62|58|68|66|76|72|71|89|60|64|60|67|78|58|62|87|77|332|302|79|334|84|340|70|93|72|67|325|62|77|79|83|63|88|89|356|343|102|112|346|106|52|57|73|67|305|48|60|54|39|58|48|
2017-10-22|2|1_CTs|ct3||110|335|333|596|66|65|46|51|34|43|56|47|29|26|35|26|35|23|20|19|12|17|14|12|24|30|543|32|27|26|264|1|1|1|1|0|1|0|1|0|0|0|3|0|5|29|115|77|103|107|93|101|101|106|109|99|108|107|356|97|381|106|377|111|133|127|134|125|366|364|106|335|90|117|90|118|92|87|96|92|317|98|82|83|84|62|63|82|313|45|62|45|46|56|65|57|
2017-10-22|2|1_CTs|ct4||271|625|47|37|44|38|40|31|30|27|40|38|27|25|25|20|26|16|23|13|16|6|21|16|13|20|15|18|20|280|20|21|18|21|19|21|29|281|15|155|136|33|30|21|29|28|52|58|59|59|63|65|68|60|65|50|63|73|324|341|64|71|57|84|339|75|83|83|60|76|71|331|317|68|75|53|67|74|59|61|57|51|40|53|47|50|41|51|32|45|42|53|43|46|32|31|
2017-10-22|2|1_CTs|ct5||155|395|618|103|77|85|93|61|64|63|69|62|50|45|53|49|307|34|45|40|39|32|42|33|31|37|31|41|300|303|38|55|42|57|43|36|0|0|0|0|0|0|0|42|79|93|103|123|114|138|133|128|138|120|116|104|125|158|376|165|665|166|131|149|413|167|665|405|399|457|838|143|145|165|154|134|147|149|127|142|377|131|118|366|114|103|108|103|83|594|90|98|95|113|82|65|
2017-10-22|2|1_CTs|ct6||426|414|661|144|383|111|105|83|86|73|85|70|75|55|335|325|316|49|316|40|38|34|40|35|34|43|32|291|46|42|72|101|90|92|118|113|87|850|360|636|356|92|109|144|180|164|146|167|153|147|130|121|128|107|99|102|115|133|131|399|359|135|152|415|154|153|440|662|169|399|424|655|153|171|155|156|170|137|138|391|144|120|115|360|400|111|116|107|86|607|360|91|100|241|199|142|
2017-10-22|2|1_CTs|ct17||442|203|663|172|142|152|117|105|85|76|113|89|64|44|53|49|53|49|303|45|37|41|36|36|47|39|65|321|46|56|22|7|8|9|6|8|8|5|7|6|9|13|8|10|11|12|185|176|146|181|188|175|202|183|193|175|183|183|548|362|744|444|220|200|471|239|213|211|476|196|199|426|176|190|150|182|164|169|156|186|154|180|132|654|147|106|116|129|121|117|110|108|79|88|82|97|
2017-10-22|2|1_CTs|CT19||278|646|584|66|51|55|39|40|35|32|35|36|18|18|283|21|11|20|11|10|18|12|10|9|16|10|17|27|17|16|15|11|12|12|12|269|23|267|3|2|0|2|3|15|18|20|89|83|72|74|82|67|97|58|338|87|80|59|66|72|354|91|85|94|98|126|366|347|333|171|281|590|88|106|73|82|85|87|88|72|330|77|73|53|50|47|56|56|54|311|295|46|36|44|31|32|
2017-10-22|2|1_CTs|CT20||582|326|313|68|82|68|69|54|67|66|66|53|60|60|56|558|563|303|286|29|27|29|20|22|22|11|13|516|17|20|19|26|22|25|38|36|45|306|586|1098|60|309|88|68|321|67|331|42|321|69|67|64|62|60|331|56|75|317|59|297|325|329|65|69|836|79|292|326|68|69|323|318|65|79|57|80|66|80|88|78|71|67|51|552|310|62|51|51|46|316|321|49|57|49|41|42|
2017-10-22|2|1_CTs|CT21||43|290|804|524|43|39|28|19|30|30|38|20|27|24|20|258|19|12|529|9|11|10|11|6|6|5|5|6|7|7|262|13|17|16|17|270|13|17|273|29|557|298|57|39|46|46|52|50|44|43|31|45|47|43|51|29|51|44|30|293|51|40|299|47|283|46|38|550|290|32|39|279|301|43|52|54|41|46|54|49|557|40|30|33|28|35|32|30|23|26|33|262|35|22|21|29|
