2011-10-15|2|1_CTs|ct1||104|87|94|65|73|50|43|38|41|40|26|27|29|15|18|24|24|14|17|16|18|17|20|29|19|19|31|29|27|46|50|62|65|56|59|97|85|97|84|123|97|126|121|115|110|133|120|112|115|110|127|124|119|97|102|100|90|88|80|84|95|65|15|109|98|107|106|120|116|104|97|105|115|99|108|111|124|135|133|117|121|128|117|130|127|118|114|103|116|94|87|112|107|111|109|122|
2011-10-15|2|1_CTs|ct2||43|33|45|32|30|32|24|29|26|30|15|18|20|16|15|13|18|19|11|15|10|10|10|14|18|11|14|12|13|10|14|20|14|24|26|44|32|35|38|59|50|58|58|59|44|67|50|43|53|45|43|38|37|52|36|44|34|33|36|28|46|22|8|41|45|28|31|39|34|35|18|36|38|38|42|45|51|54|59|46|53|70|59|63|68|41|47|42|46|35|34|43|37|27|60|58|
2011-10-15|2|1_CTs|ct3||175|158|176|152|135|123|111|98|97|89|80|81|76|59|54|64|66|49|48|45|47|45|48|62|43|49|58|56|51|63|66|105|94|89|111|139|125|148|139|165|174|215|190|206|195|206|201|175|183|175|188|199|188|156|161|159|145|143|146|140|159|125|64|166|170|156|171|194|190|154|159|166|182|172|192|179|198|207|209|188|177|214|190|205|199|186|204|171|200|159|163|206|177|158|194|195|
2011-10-15|2|1_CTs|ct4||56|81|83|65|61|75|55|66|42|49|50|41|37|32|33|38|38|37|27|36|20|31|30|26|34|28|32|43|32|35|37|42|50|50|59|80|75|106|110|103|96|112|111|109|124|94|124|106|103|149|126|118|123|109|119|95|112|96|105|91|88|96|107|78|92|100|107|86|95|102|98|98|100|81|94|106|104|112|98|125|107|102|105|95|78|101|100|67|93|73|86|87|81|73|106|78|
2011-10-15|2|1_CTs|ct5||157|141|144|105|106|108|107|96|84|85|67|66|62|54|53|56|57|59|51|44|39|34|36|44|36|41|43|47|39|52|64|75|67|96|90|97|120|132|134|171|159|173|201|193|212|210|219|177|171|221|215|181|202|193|182|154|161|156|169|182|158|149|159|151|149|146|165|183|165|178|176|172|167|160|185|174|184|191|173|186|194|186|163|155|124|157|149|132|141|128|174|139|135|141|153|140|
2011-10-15|2|1_CTs|ct6||136|109|114|105|76|90|68|87|85|73|73|74|67|58|64|49|43|56|29|38|24|24|25|26|35|24|36|29|31|25|29|37|54|43|47|51|57|83|70|89|88|75|93|85|103|95|110|111|95|118|137|129|126|105|109|107|88|89|93|92|82|88|87|93|96|95|89|106|102|125|102|119|112|123|108|111|123|126|116|102|93|98|90|99|67|92|77|77|106|85|105|103|101|97|122|171|
2011-10-15|2|1_CTs|ct17||167|168|159|167|136|121|108|105|89|92|81|78|77|67|56|65|73|49|50|49|42|40|45|51|44|41|50|46|43|56|65|76|82|84|97|131|120|135|157|144|134|185|198|193|175|193|190|175|167|167|165|186|174|169|160|143|135|145|126|151|160|137|80|152|168|159|185|176|188|144|158|140|162|155|157|156|173|213|182|174|160|215|201|180|197|183|190|167|178|151|168|181|176|174|170|186|
2011-10-15|2|1_CTs|CT19||65|78|72|68|55|48|49|40|52|31|42|40|39|31|32|31|26|21|16|10|15|13|17|15|11|13|16|23|19|29|27|39|43|49|52|67|59|68|83|75|69|88|104|89|101|97|90|91|90|106|88|88|108|87|82|83|62|81|78|80|82|67|44|69|76|80|100|66|84|88|82|84|90|92|82|88|90|86|97|112|95|108|100|88|84|85|85|87|76|72|82|75|77|69|76|73|
2011-10-15|2|1_CTs|CT20||64|65|80|67|73|59|48|45|64|62|64|62|46|59|61|49|41|35|31|26|16|13|30|17|19|24|18|25|14|25|22|26|27|33|46|45|37|57|44|58|55|65|67|59|60|76|76|84|65|66|93|72|84|60|72|66|61|59|78|60|76|68|79|67|69|71|83|79|64|69|72|76|69|72|91|92|76|83|74|76|67|68|83|69|67|68|73|67|58|55|65|51|57|67|71|76|
2011-10-15|2|1_CTs|CT21||39|38|59|42|47|36|39|19|30|25|22|20|18|20|20|14|14|16|15|12|7|8|7|12|7|8|8|12|7|15|9|11|18|17|31|23|30|34|37|40|47|54|45|47|58|55|64|57|63|45|55|54|55|44|54|53|42|47|53|37|47|46|60|41|49|44|46|42|44|42|49|54|45|60|50|48|46|52|48|43|37|52|57|47|36|41|36|38|36|31|46|40|31|49|49|57|
