2012-07-07|7|1_CTs|CT1||58|35|38|22|34|15|17|24|21|14|21|10|12|4|7|7|9|9|10|5|6|8|12|9|5|15|11|17|14|25|36|37|31|26|38|50|54|59|69|82|66|81|100|86|87|87|84|107|115|102|106|102|96|86|77|70|84|72|79|90|92|74|101|82|92|67|77|69|71|69|75|89|84|91|90|87|87|84|66|69|90|62|52|44|49|62|50|55|44|46|38|41|46|43|33|40|
2012-07-07|7|1_CTs|CT2||108|133|82|111|78|57|73|61|55|44|45|41|33|42|37|41|31|33|27|36|34|27|15|19|29|46|30|43|46|59|68|85|93|109|100|98|108|146|116|175|147|131|139|156|146|130|151|159|197|168|174|156|202|211|205|123|134|139|120|131|166|179|189|218|191|185|140|217|166|182|197|181|120|124|189|184|192|207|210|192|152|168|163|152|141|119|98|110|111|108|98|100|107|101|90|112|
2012-07-07|7|1_CTs|CT4||34|41|19|31|37|43|34|55|57|48|31|38|16|24|19|20|10|19|17|15|19|13|18|11|5|4|1|5|4|0|3|2|0|2|3|6|4|0|3|2|4|6|3|6|1|6|3|6|3|3|4|3|5|3|10|6|0|5|5|4|5|6|1|10|9|3|6|11|7|12|10|8|14|6|6|16|15|17|9|9|12|4|9|5|2|8|13|9|13|28|23|27|6|10|9|18|
2012-07-07|7|1_CTs|CT6||60|65|42|48|33|39|37|30|28|23|15|21|19|20|23|17|18|22|18|26|9|14|14|8|13|21|10|22|16|16|26|36|25|26|29|50|63|66|55|80|88|74|74|98|92|90|87|124|111|123|122|122|120|124|93|96|86|104|101|124|100|103|100|118|117|110|102|104|108|114|112|112|122|109|105|97|111|107|96|95|76|98|74|79|48|59|51|64|51|54|47|42|62|50|45|43|
2012-07-07|7|1_CTs|CT7||43|43|29|28|36|26|31|14|16|17|24|17|19|17|9|12|17|7|17|17|16|9|18|13|17|21|22|32|30|27|33|33|45|29|48|46|40|49|69|71|68|56|77|70|79|89|83|105|93|90|90|78|81|64|82|81|80|78|72|67|72|66|84|71|66|78|53|77|67|74|77|63|87|87|79|94|69|85|69|56|83|59|66|56|44|43|43|46|43|36|51|48|33|37|41|42|
2012-07-07|7|1_CTs|CT8||128|125|145|108|78|84|64|69|53|51|48|51|41|39|41|29|42|62|53|66|64|57|66|70|81|91|111|101|114|144|174|179|129|170|146|235|195|232|226|259|227|259|252|241|221|248|269|252|261|247|251|236|222|245|224|223|183|190|242|246|190|242|240|268|227|246|235|225|232|242|252|251|258|208|254|232|245|257|211|240|214|218|182|194|189|174|168|142|155|133|156|134|131|191|155|143|
2012-07-07|7|1_CTs|CT9||92|76|100|68|44|65|50|41|46|50|40|26|31|24|22|20|33|29|32|38|33|36|45|40|44|58|61|60|72|96|94|108|78|92|105|147|134|133|157|169|160|160|172|163|137|176|171|162|173|166|163|156|164|143|145|138|141|133|169|171|153|134|168|170|130|136|186|144|157|119|147|153|165|149|177|163|184|183|143|139|159|151|134|138|126|118|112|105|99|104|90|85|86|104|100|96|
2012-07-07|7|1_CTs|CT10||180|150|117|140|135|117|114|78|78|67|72|74|77|64|55|94|53|59|71|57|60|64|66|46|48|59|61|71|63|80|77|86|97|107|118|119|119|141|148|169|175|174|168|184|192|203|190|198|241|234|233|215|247|242|196|201|175|184|196|177|199|204|198|230|231|200|229|249|218|253|219|211|203|195|209|191|192|236|232|203|200|203|165|155|130|140|132|149|129|135|153|143|161|145|135|126|
2012-07-07|7|1_CTs|CT11||160|138|102|114|116|100|90|87|73|76|55|64|57|63|53|71|39|51|53|56|63|53|61|47|49|63|92|78|57|88|87|85|107|134|128|131|137|161|156|189|179|274|221|205|208|195|196|212|233|233|245|215|241|256|194|187|184|172|232|192|193|192|205|235|231|183|204|247|219|234|227|203|205|166|211|199|204|218|195|194|196|186|167|156|133|152|129|139|116|122|143|153|121|139|129|104|
2012-07-07|7|1_CTs|CT12||88|76|72|67|61|44|60|43|31|37|32|25|30|29|23|27|25|22|19|31|14|19|22|14|17|22|25|19|18|23|30|35|34|46|54|75|93|92|89|137|119|131|117|132|149|130|159|169|178|177|207|197|202|158|162|150|133|135|117|154|139|140|139|134|139|128|127|141|144|149|149|150|162|150|164|149|164|161|159|132|135|129|118|109|82|100|70|83|83|60|74|76|85|67|76|69|
2012-07-07|7|1_CTs|CT13||19|14|11|16|14|6|9|6|3|6|6|10|5|7|6|7|6|1|2|9|3|2|2|2|5|6|5|7|9|17|14|25|19|6|24|16|17|24|26|34|27|19|36|28|28|34|42|51|38|36|46|29|34|34|38|33|38|41|41|32|45|33|51|31|38|37|46|43|36|45|39|45|52|40|36|39|40|36|21|21|32|20|26|21|12|13|17|14|10|14|19|21|15|16|14|21|
2012-07-07|7|1_CTs|CT14||174|159|105|117|126|108|95|77|85|70|62|66|62|69|43|57|45|55|59|66|69|60|77|64|66|80|88|98|94|118|124|100|141|140|170|176|183|220|202|243|231|265|269|271|285|276|270|252|318|262|310|332|302|327|301|255|226|244|283|266|254|277|279|288|323|260|300|315|300|311|289|278|286|281|287|280|296|308|273|304|265|277|222|201|157|155|164|135|168|136|149|169|186|143|156|129|
2012-07-07|7|1_CTs|CT15||16|31|10|12|17|20|16|21|11|12|9|6|5|6|8|7|6|9|15|14|5|7|4|7|9|8|6|14|14|14|14|16|14|19|23|29|40|41|39|42|43|34|39|51|44|39|43|51|38|36|51|47|54|39|34|47|34|36|42|42|48|34|36|41|36|42|38|47|40|37|40|29|31|33|28|33|34|37|29|29|31|38|28|37|23|21|14|22|30|23|20|17|20|27|21|18|
