2012-06-30|3|1_CTs|ct1||113|102|88|66|63|47|39|42|31|25|9|27|26|20|24|19|10|14|11|8|11|14|14|19|18|15|30|34|30|35|68|70|56|64|66|82|92|106|117|112|130|122|135|140|149|169|164|166|147|163|152|144|140|164|155|122|127|125|138|140|144|150|156|157|151|142|163|120|70|0|1|0|0|0|0|1|0|0|0|1|0|1|0|0|0|0|28|149|102|88|85|82|96|93|108|93|
2012-06-30|3|1_CTs|ct3||284|261|212|187|184|159|107|112|83|72|59|66|56|69|48|48|48|50|29|34|47|53|50|58|63|72|78|109|94|110|145|159|131|156|178|203|217|246|295|281|276|255|298|349|318|340|385|359|349|349|306|316|311|324|305|301|270|290|345|331|328|345|347|390|350|331|364|342|257|262|267|277|277|253|266|257|266|226|233|277|250|262|248|239|269|262|266|391|258|255|252|254|271|249|296|267|
2012-06-30|3|1_CTs|ct5||128|121|144|147|121|114|79|92|82|76|70|66|39|60|44|57|41|84|47|51|20|60|32|55|46|55|41|49|57|59|74|101|77|101|75|109|112|108|122|123|137|106|167|170|156|194|143|180|192|197|210|173|202|172|107|142|136|140|128|132|170|122|147|107|179|125|145|124|156|122|136|134|146|151|127|131|116|208|203|170|195|168|168|173|185|170|175|180|167|150|148|181|173|156|147|167|
2012-06-30|3|1_CTs|ct6||144|140|128|135|121|115|93|86|99|101|69|58|63|42|39|57|38|41|44|19|28|32|21|35|28|23|27|32|26|40|59|49|65|70|80|89|96|117|129|121|125|132|126|144|144|171|178|126|170|174|169|187|214|177|205|147|151|115|164|144|144|167|167|169|185|192|198|183|222|193|167|177|183|200|175|158|148|161|175|177|152|152|125|134|95|95|86|90|94|90|103|99|136|135|134|125|
2012-06-30|3|1_CTs|ct7||189|195|184|140|163|143|130|123|124|128|100|89|88|81|86|88|56|72|64|63|49|33|48|44|37|39|57|40|41|55|55|52|82|57|72|73|80|100|87|107|114|124|117|125|138|144|149|155|172|175|163|199|195|168|174|150|128|142|139|149|142|149|159|204|176|194|168|199|194|177|164|161|175|190|187|157|171|185|192|170|159|131|135|122|107|96|117|102|110|114|122|130|147|193|163|162|
2012-06-30|3|1_CTs|ct9||109|127|126|118|119|119|108|113|86|92|90|68|52|63|53|56|44|84|70|58|61|42|38|35|27|31|22|49|25|41|52|74|49|71|77|94|83|109|95|132|121|117|124|129|116|119|107|113|119|112|124|131|118|127|120|87|96|105|111|116|116|131|128|122|137|127|142|120|122|109|144|84|116|119|122|113|122|101|133|148|124|149|131|134|100|138|122|92|88|97|81|98|79|103|99|114|
2012-06-30|3|1_CTs|ct10||96|111|116|113|84|100|79|90|90|87|88|77|98|72|71|76|75|88|85|77|51|61|48|57|43|47|41|33|33|38|30|52|50|43|30|50|53|57|58|65|58|59|75|88|83|87|98|95|129|87|121|88|98|81|73|92|88|94|92|79|97|89|104|91|93|87|88|75|99|97|101|115|113|109|119|95|90|104|94|83|101|102|86|88|101|82|95|77|62|80|78|62|78|57|100|74|
2012-06-30|3|1_CTs|CT11||38|28|23|25|44|25|33|36|27|30|28|16|33|26|21|19|25|15|23|17|20|24|19|21|20|18|19|22|21|27|20|20|25|40|35|35|40|35|39|40|30|43|35|41|54|48|44|35|43|52|41|46|54|36|46|47|46|49|50|38|47|49|58|34|39|29|51|47|45|41|54|39|48|40|32|43|39|40|32|42|40|54|54|54|45|44|46|33|33|38|37|24|36|33|35|27|
2012-06-30|3|1_CTs|CT12||37|27|39|39|26|40|38|42|34|30|45|41|46|51|32|43|41|48|48|46|39|42|34|38|31|29|26|22|20|19|18|30|17|29|16|13|22|23|20|15|19|13|26|35|23|18|24|29|23|17|30|23|20|19|14|23|24|24|20|19|28|20|16|23|14|22|38|18|26|22|26|29|24|25|28|25|23|19|32|19|24|24|29|28|38|29|38|47|26|29|30|28|30|24|26|23|
2012-06-30|3|1_CTs|ct14||0|0|0|0|1|0|0|0|1|0|0|1|0|0|0|0|0|0|0|1|1|0|0|0|0|0|0|0|1|0|0|1|0|0|0|0|0|0|0|0|0|0|0|0|0|0|0|0|0|0|0|0|0|0|0|0|0|0|0|0|0|0|0|0|0|0|0|0|1|0|0|0|0|0|0|0|1|0|0|0|0|0|0|0|0|0|0|0|0|0|0|0|0|1|1|0|
2012-06-30|3|1_CTs|ct15||0|2|1|0|1|0|0|2|2|0|2|1|0|1|1|1|0|0|1|1|1|0|0|0|0|0|2|0|2|0|0|1|0|0|1|0|0|0|2|0|2|0|0|0|0|0|1|1|0|2|0|2|0|0|0|1|1|0|0|0|1|0|1|0|1|0|0|2|1|0|0|0|0|0|0|0|2|1|1|0|0|0|0|0|0|0|0|0|0|0|0|0|1|1|1|1|
2012-06-30|3|1_CTs|CT16||87|83|64|78|56|82|62|49|75|62|28|34|46|34|27|37|53|45|52|49|29|42|16|31|28|36|18|23|23|17|34|36|38|58|42|44|49|42|53|59|50|50|79|38|89|60|81|54|75|58|71|80|44|45|71|44|74|69|85|52|80|62|73|77|74|72|69|69|113|83|92|86|83|84|72|94|65|75|72|82|84|99|78|83|65|70|72|64|67|59|53|62|56|48|71|48|
2012-06-30|3|1_CTs|ct17||120|107|106|105|107|83|73|79|71|64|69|66|51|45|33|52|45|52|55|50|37|47|33|54|36|47|29|38|27|47|44|67|66|66|65|78|60|107|107|142|149|110|138|166|167|155|149|173|212|181|186|180|169|159|153|162|154|152|148|168|153|161|156|160|166|155|168|166|186|199|171|189|214|187|191|164|190|170|144|140|175|179|168|139|144|130|146|132|103|109|98|92|103|78|118|104|
2012-06-30|3|1_CTs|ct18||135|141|170|162|133|127|115|124|111|123|119|102|116|89|82|88|95|106|100|84|71|67|64|71|51|62|64|53|55|46|55|92|73|77|65|77|77|84|97|134|108|93|128|140|145|142|148|153|211|131|172|146|152|131|148|138|125|143|140|141|141|151|149|150|146|134|131|146|157|156|138|176|170|153|174|145|170|136|137|154|170|165|148|142|156|128|145|129|115|133|106|124|116|108|149|124|
2012-06-30|3|1_CTs|ct19||2|1|2|0|0|0|0|1|0|1|0|0|0|2|0|0|0|0|0|0|0|0|1|2|2|3|4|2|3|2|3|7|5|6|2|2|6|3|5|2|4|4|1|3|5|5|2|6|2|5|2|5|8|2|3|6|4|3|2|6|1|3|4|3|5|2|2|2|3|1|3|2|3|1|4|1|2|3|2|3|0|3|4|3|3|3|0|1|0|0|1|0|0|4|1|4|
2012-06-30|3|1_CTs|ct20||123|137|135|120|92|99|72|83|72|62|53|75|51|42|48|45|29|26|30|36|36|22|28|40|26|32|33|44|35|54|68|102|83|80|78|111|134|124|166|175|152|164|180|157|182|168|178|170|182|179|171|189|204|169|196|159|169|164|169|170|201|169|188|196|193|189|161|179|198|180|173|189|186|169|175|190|197|212|183|201|173|179|178|182|167|155|139|134|131|103|119|152|130|116|133|124|
2012-06-30|3|1_CTs|ct22||5|12|3|5|2|1|4|5|0|1|3|1|4|3|3|5|0|3|1|0|4|0|1|3|1|4|3|2|2|5|6|7|4|7|4|5|4|5|16|6|8|11|9|10|10|11|9|17|18|5|7|16|10|18|21|16|8|6|18|14|12|9|20|10|11|9|12|9|1|9|0|0|0|0|1|1|1|0|0|0|0|0|0|0|0|0|1|14|10|6|1|2|6|3|0|6|
2012-06-30|3|1_CTs|CT23||123|128|105|87|83|55|46|69|49|37|21|34|55|33|37|34|28|26|14|9|18|16|9|11|8|21|34|22|41|48|52|65|70|78|90|100|96|99|123|146|127|133|125|163|202|164|213|202|186|202|224|192|264|215|205|171|215|167|188|177|166|177|161|171|197|195|182|182|168|152|148|155|163|160|131|127|142|140|131|102|127|125|94|46|87|78|62|136|114|99|93|71|104|106|110|138|
2012-06-30|3|1_CTs|ct24||299|377|409|404|305|206|193|161|141|127|106|87|78|92|93|65|54|61|53|78|70|62|75|116|124|133|150|181|205|332|398|408|356|384|475|574|533|620|607|738|624|634|639|721|635|610|639|632|648|563|626|604|586|604|626|582|534|578|586|638|625|685|699|704|689|650|657|601|643|594|611|642|639|665|690|684|689|715|614|646|638|687|654|626|615|553|475|455|428|408|382|432|396|355|401|337|
