2016-08-23|2|1_CTs|ct1||77|84|62|308|33|29|24|32|21|17|19|13|14|12|9|15|18|18|9|20|11|28|22|36|31|43|62|70|93|116|128|149|129|164|178|194|171|188|171|209|191|186|178|166|204|198|216|188|170|190|195|184|175|184|181|188|164|158|181|194|191|191|196|178|175|179|186|190|161|420|151|155|184|172|164|165|167|174|175|440|175|185|162|149|158|132|134|113|133|130|117|106|93|104|93|80|
2016-08-23|2|1_CTs|ct2||55|59|32|31|21|15|40|15|18|26|14|8|10|6|9|28|10|8|4|10|8|19|5|17|40|19|26|23|39|25|33|52|49|48|56|75|81|74|81|97|65|91|74|113|109|91|378|94|82|104|90|98|78|86|88|91|78|92|93|96|89|82|111|115|115|85|84|93|72|91|87|69|96|77|83|75|95|83|92|87|87|79|71|89|78|72|76|70|79|84|74|75|68|98|72|62|
2016-08-23|2|1_CTs|ct3||48|57|39|37|23|25|21|23|18|12|8|19|10|8|9|11|13|12|9|12|9|21|20|26|25|26|36|34|59|74|79|98|82|106|106|117|134|113|115|130|131|135|117|136|145|130|137|128|126|149|117|115|120|137|103|134|130|109|114|136|140|134|131|154|135|120|123|140|106|93|103|101|87|128|118|107|105|105|115|117|106|110|121|90|105|74|83|92|84|95|95|74|59|71|70|62|
2016-08-23|2|1_CTs|ct4||37|35|30|15|21|16|12|18|10|11|8|6|4|8|5|3|4|6|8|4|6|2|7|9|9|10|18|18|16|19|33|35|49|37|51|57|51|65|52|54|40|33|24|5|9|40|68|59|55|41|77|70|76|62|64|59|66|47|77|30|273|375|131|112|121|113|107|101|102|106|96|120|102|116|381|369|364|104|64|216|63|182|57|56|53|34|37|54|19|38|41|41|41|51|48|56|
2016-08-23|2|1_CTs|ct5||113|111|102|82|64|52|45|45|31|33|28|28|16|20|19|22|18|18|19|22|15|22|25|25|30|25|36|40|47|57|97|107|119|109|157|154|173|162|190|194|193|213|203|205|232|222|221|203|211|176|197|211|209|169|175|204|187|192|192|187|213|186|229|198|213|216|242|208|193|221|212|219|183|208|196|217|193|167|174|156|201|186|138|140|142|141|138|122|137|135|148|136|161|145|158|138|
2016-08-23|2|1_CTs|ct6||106|111|99|69|65|43|50|39|37|35|18|25|19|23|18|16|17|15|18|13|18|14|17|24|31|26|37|35|43|45|76|91|81|75|102|101|112|110|115|133|118|148|131|143|147|162|167|156|158|155|158|150|142|142|133|161|133|155|159|147|163|162|172|177|178|181|198|189|176|156|151|173|177|152|181|170|170|147|146|143|144|137|127|114|132|128|121|117|134|144|141|123|153|143|160|121|
2016-08-23|2|1_CTs|ct17||97|113|86|78|56|55|45|46|28|35|42|31|18|21|16|26|23|21|27|28|22|38|46|46|44|39|60|65|84|94|124|165|146|186|168|162|207|224|268|251|295|270|256|274|257|216|218|237|243|276|203|250|202|252|227|228|227|228|196|208|242|236|229|243|233|206|200|207|182|164|150|156|189|227|226|202|235|189|218|449|224|229|183|184|184|141|145|133|161|171|135|141|125|126|136|131|
2016-08-23|2|1_CTs|CT19||31|38|20|21|24|12|17|18|15|13|13|14|10|7|5|3|14|6|4|6|10|6|9|14|8|12|28|20|33|41|48|66|54|52|63|63|90|83|92|89|92|97|359|111|103|77|105|131|113|104|90|84|80|104|88|69|90|90|95|89|99|98|93|123|117|98|95|107|91|93|81|91|89|365|119|126|101|77|82|91|103|75|73|82|75|44|62|59|70|60|56|51|39|54|52|57|
2016-08-23|2|1_CTs|CT20||46|57|50|49|41|28|39|22|28|40|16|21|17|14|16|14|12|17|13|12|10|8|14|16|14|11|16|28|20|32|294|47|56|54|77|335|86|72|67|78|75|62|67|79|85|78|58|50|66|69|74|79|73|76|80|67|58|70|84|57|65|91|88|70|72|74|76|57|55|60|63|48|46|59|59|69|73|66|71|84|90|86|65|73|74|76|63|58|61|66|58|44|53|63|50|68|
2016-08-23|2|1_CTs|CT21||28|35|33|17|32|15|22|10|11|12|7|8|6|5|8|3|5|7|4|12|2|2|8|7|8|6|6|10|10|16|22|29|24|30|51|45|51|38|27|41|45|286|44|41|47|56|51|48|42|52|40|40|42|44|35|40|50|305|58|41|39|49|49|47|52|48|59|51|28|36|49|30|52|39|43|49|42|41|47|45|47|56|31|54|33|36|31|33|32|32|34|32|25|50|31|36|
