2013-01-31|2|1_CTs|ct1||41|45|32|28|26|19|16|10|13|14|6|5|13|8|3|7|4|6|7|16|18|7|22|24|20|30|29|42|58|75|108|110|141|159|145|150|146|157|162|182|168|176|168|151|168|167|156|166|165|152|188|164|180|142|135|143|138|140|147|139|208|157|152|184|163|145|148|134|120|118|141|125|127|127|83|137|154|159|124|147|135|155|150|144|128|86|103|109|78|84|86|82|69|65|70|66|
2013-01-31|2|1_CTs|ct2||33|35|38|23|22|20|17|14|14|21|7|7|7|8|5|13|11|8|12|7|3|16|14|22|17|25|17|27|27|32|47|42|64|77|63|85|82|84|101|87|101|127|88|83|98|81|82|102|96|85|103|107|95|89|103|77|93|95|111|139|129|108|135|100|101|98|95|110|68|76|80|72|99|88|59|81|119|93|79|89|93|117|123|101|95|78|57|54|53|51|55|48|42|47|41|53|
2013-01-31|2|1_CTs|ct3||62|68|51|56|50|37|41|29|24|29|14|15|16|13|4|16|14|13|8|21|22|22|37|31|36|53|44|61|67|67|104|109|129|144|146|158|144|149|175|170|181|187|183|165|188|152|161|193|186|155|214|175|183|159|141|153|172|176|166|185|199|186|194|198|188|182|190|165|141|168|154|170|162|150|128|160|206|199|169|162|161|154|156|161|139|120|108|108|84|99|97|83|82|97|70|103|
2013-01-31|2|1_CTs|ct4||46|36|32|32|26|19|22|21|20|17|12|13|8|10|14|10|8|10|11|6|16|10|24|19|25|33|23|31|27|31|53|78|72|118|121|117|122|130|121|126|128|103|97|99|119|117|112|130|123|110|110|128|121|106|81|99|110|107|102|127|115|113|137|121|102|114|111|101|100|102|94|114|118|103|85|84|97|106|93|96|92|91|85|91|76|68|66|57|56|54|48|58|54|57|45|37|
2013-01-31|2|1_CTs|ct5||71|58|50|43|47|29|32|30|32|24|18|17|16|17|15|10|9|14|15|22|15|11|17|22|20|35|34|43|34|41|68|99|108|172|187|164|155|184|166|180|181|185|174|154|176|162|196|176|185|168|172|172|147|162|185|155|157|180|173|201|166|208|206|188|170|202|185|167|145|160|165|176|162|166|157|142|153|167|152|145|130|147|135|129|105|101|100|82|86|64|88|95|92|106|81|77|
2013-01-31|2|1_CTs|ct6||175|64|63|44|51|35|36|30|27|24|19|18|8|17|16|4|13|11|12|11|17|11|16|27|20|31|29|34|40|39|63|97|104|155|153|153|172|136|147|177|159|158|137|151|174|165|171|185|176|179|176|181|164|145|150|161|170|154|164|200|169|179|204|192|185|185|142|183|184|141|157|157|146|167|133|119|131|158|174|140|132|166|132|125|116|96|120|110|82|81|90|114|111|105|92|92|
2013-01-31|2|1_CTs|ct17||53|71|48|44|55|37|27|13|22|25|16|11|13|8|6|9|9|13|3|11|18|12|20|22|24|28|30|51|44|64|80|88|124|156|135|145|144|149|182|163|186|185|195|167|177|173|170|186|168|152|185|177|170|155|142|131|143|176|155|160|192|179|199|176|173|188|202|181|154|167|177|154|155|178|171|161|208|218|186|150|158|158|164|151|125|109|102|89|95|88|89|76|88|92|62|85|
2013-01-31|2|1_CTs|CT19||33|38|26|27|19|16|11|12|15|12|9|8|1|5|2|9|7|6|2|8|10|7|7|7|11|17|15|22|31|33|43|48|81|93|79|96|81|90|103|113|100|99|109|105|126|108|101|122|102|103|116|125|127|93|99|97|102|85|96|111|114|132|114|102|105|107|119|100|106|102|126|110|106|132|110|113|149|113|119|102|117|89|109|98|59|64|63|54|49|41|53|46|38|45|38|32|
2013-01-31|2|1_CTs|CT20||28|36|40|26|14|15|21|20|22|15|13|19|10|4|4|12|10|5|13|7|7|8|9|12|14|18|21|25|22|33|37|53|71|79|90|91|88|86|72|94|82|86|71|74|76|80|75|78|66|73|46|70|74|69|64|54|66|69|67|77|84|82|71|76|79|69|95|73|83|81|87|71|73|86|99|81|85|94|99|80|76|75|73|74|55|70|49|61|49|47|48|56|48|57|55|34|
2013-01-31|2|1_CTs|CT21||19|19|15|9|11|8|7|11|13|4|4|3|6|3|1|3|5|3|5|2|1|1|3|3|4|7|10|11|8|15|23|35|41|52|56|49|53|54|33|52|47|49|32|51|45|55|37|35|37|41|26|37|38|40|36|30|36|44|46|47|36|45|53|44|42|42|43|46|44|48|45|39|50|66|50|51|53|53|37|41|35|48|28|39|21|27|24|29|34|25|22|18|21|30|24|16|
