2015-07-06|2|1_CTs|ct1||49|53|47|32|31|23|31|20|21|17|16|15|12|6|7|10|11|6|15|14|279|30|22|37|33|42|53|74|92|106|122|115|139|145|175|157|675|169|173|446|450|196|457|453|197|207|194|196|185|181|920|190|179|166|146|414|164|179|195|454|186|183|166|197|205|176|181|201|174|180|151|207|174|169|429|178|433|177|214|345|166|136|150|128|125|369|115|105|99|93|93|89|77|66|66|67|
2015-07-06|2|1_CTs|ct2||33|41|33|25|21|15|15|13|13|10|9|8|5|8|6|5|9|3|15|10|13|17|9|13|19|19|25|22|26|38|35|38|54|60|58|46|314|86|96|857|83|97|358|363|89|97|93|90|81|81|76|75|80|99|79|86|72|75|347|85|91|64|81|80|86|343|81|85|81|74|318|339|69|82|337|83|347|94|144|272|80|73|63|65|77|55|58|68|58|58|304|48|55|51|62|28|
2015-07-06|2|1_CTs|ct3||70|332|66|55|33|31|35|24|25|22|17|17|14|13|12|14|12|18|25|15|29|29|22|40|49|31|50|56|74|84|100|98|114|131|165|123|172|140|146|674|423|213|204|471|194|216|181|206|178|182|425|169|187|681|152|165|167|305|593|198|200|179|175|424|699|203|187|201|193|459|156|197|446|200|438|198|458|460|172|150|177|414|146|152|136|129|108|120|135|110|109|105|90|85|81|79|
2015-07-06|2|1_CTs|ct4||326|43|51|45|24|29|24|31|288|14|12|14|269|16|10|9|10|11|7|10|13|10|28|21|24|24|26|41|42|40|325|71|95|92|135|128|113|129|121|390|127|110|143|121|119|109|137|381|103|128|146|130|115|111|95|112|361|95|127|138|122|224|302|120|144|131|382|153|128|145|126|133|105|117|113|111|102|95|369|88|84|105|99|80|344|71|76|90|62|75|69|73|76|73|63|54|
2015-07-06|2|1_CTs|ct5||93|70|82|69|297|42|286|46|44|25|28|275|16|25|16|16|10|22|13|17|22|17|35|26|25|21|38|47|46|51|88|102|113|135|173|190|169|427|188|453|179|198|481|189|191|197|188|206|222|201|477|714|456|160|163|170|170|445|415|196|214|192|199|171|211|453|222|482|222|468|436|212|174|173|463|172|164|157|162|173|394|121|401|127|127|130|136|151|100|135|126|116|121|127|114|99|
2015-07-06|2|1_CTs|ct6||26|26|19|20|24|270|252|13|12|13|10|7|7|7|6|7|7|11|3|6|11|4|11|14|13|13|12|13|10|13|22|25|28|32|30|42|41|40|39|55|40|43|60|49|52|53|57|53|303|57|48|310|50|44|52|309|55|58|314|59|59|120|237|58|57|62|324|327|67|56|61|63|55|55|56|62|47|58|67|64|53|297|45|46|50|42|41|58|40|37|42|41|39|37|43|26|
2015-07-06|2|1_CTs|ct17||69|98|74|58|39|42|48|37|34|24|24|19|29|22|19|14|13|14|285|19|30|37|40|41|56|43|62|49|80|92|111|118|141|141|193|155|185|214|195|213|221|475|245|501|248|279|505|227|223|477|469|228|221|207|188|426|216|220|254|236|257|523|204|484|246|506|502|216|259|253|228|246|220|237|261|274|238|265|355|305|463|189|185|175|141|147|138|130|148|122|105|116|361|120|102|83|
2015-07-06|2|1_CTs|CT19||40|41|30|19|16|267|14|20|15|8|9|5|5|10|7|256|9|2|9|3|6|7|9|23|9|11|273|27|40|39|55|52|74|76|82|332|340|351|82|352|94|96|119|625|114|113|114|107|370|618|367|110|100|89|348|74|107|103|121|116|124|124|358|113|380|600|645|390|140|126|117|118|641|129|404|149|123|382|200|301|355|88|333|79|57|319|65|57|58|65|49|45|38|295|38|295|
2015-07-06|2|1_CTs|CT20||62|48|40|36|288|38|27|24|12|19|9|12|14|7|5|4|10|5|7|4|6|14|6|11|12|11|23|30|17|30|38|42|72|81|350|99|90|81|84|70|326|331|72|68|67|77|79|69|79|77|322|65|319|77|51|59|82|66|76|66|74|80|73|73|80|69|72|88|84|79|337|90|566|343|85|352|76|77|86|75|80|82|584|69|330|55|61|60|52|305|60|59|54|311|294|310|
2015-07-06|2|1_CTs|CT21||22|23|24|20|17|274|16|17|7|8|8|8|8|3|4|1|4|2|5|1|3|3|2|4|3|5|6|16|9|18|22|27|40|53|49|63|306|305|58|294|46|54|48|46|42|42|54|40|48|40|41|35|45|40|42|51|44|39|42|293|43|50|81|45|46|40|49|52|53|295|284|46|50|36|311|48|56|300|53|46|45|42|47|36|35|33|38|36|28|24|39|30|34|19|21|290|
