2016-06-03|7|1_CTs|CT1||56|46|43|33|35|29|15|19|18|16|18|15|10|14|5|15|8|13|13|17|17|14|14|19|23|31|33|41|49|576|115|136|427|457|423|431|175|387|175|674|166|142|141|101|142|382|374|124|111|101|120|105|107|109|100|115|108|119|123|393|383|134|126|132|118|401|134|136|135|134|403|136|143|664|414|149|150|406|128|302|209|132|101|116|113|91|340|77|80|69|86|81|60|66|68|56|
2016-06-03|7|1_CTs|CT2||200|230|559|1249|3367|4468|4351|4234|4434|4249|3945|4379|4504|4045|3935|3736|3390|3261|3065|2516|2389|1665|1565|1605|1869|1513|1363|1014|579|48|80|372|408|372|1805|1423|1842|1580|1004|591|879|759|1343|966|446|891|349|362|2344|1433|2740|2922|1977|1175|2460|739|2084|2428|2482|3050|2627|2996|895|243|1437|2568|2649|2661|3005|2962|2600|3158|2698|1543|1671|1395|2084|1470|1220|621|278|304|367|1081|478|735|1088|536|527|1062|780|735|855|776|617|435|
2016-06-03|7|1_CTs|CT4||89|75|81|73|75|69|42|42|18|27|24|23|21|14|26|19|15|15|0|18|6|243|2|12|4|8|2|0|18|17|20|28|71|67|56|53|59|40|29|31|223|107|16|15|54|37|34|47|50|44|44|50|55|41|39|48|49|63|54|52|49|73|80|57|87|87|104|87|104|113|352|91|111|113|378|89|89|97|78|101|109|352|64|63|311|61|58|49|66|356|87|56|101|98|340|82|
2016-06-03|7|1_CTs|CT6||86|48|36|30|41|28|21|20|17|17|16|13|4|9|7|4|9|11|4|5|8|9|5|7|10|19|6|15|21|36|41|70|385|170|406|152|401|109|106|108|108|92|133|110|105|116|115|99|114|99|99|109|105|120|104|92|127|366|103|120|117|383|368|129|914|440|190|451|202|187|187|440|171|186|210|183|411|672|388|143|409|113|113|82|109|365|68|75|56|70|57|65|58|57|65|48|
2016-06-03|7|1_CTs|CT7||56|47|50|305|56|23|19|15|16|13|18|11|13|6|5|6|12|22|14|8|8|9|7|20|18|18|24|26|301|54|59|91|102|380|136|124|108|128|111|111|130|128|97|103|141|121|132|115|102|113|111|114|100|102|122|110|119|108|365|638|128|380|134|118|141|122|143|155|163|168|195|170|186|177|195|192|187|421|171|177|394|126|94|381|97|82|71|67|54|55|72|324|68|64|65|51|
2016-06-03|7|1_CTs|CT8||118|368|95|74|51|307|289|304|37|43|29|29|284|35|281|43|35|37|54|62|71|74|89|116|616|144|127|213|464|805|440|406|490|732|481|504|451|514|434|476|404|385|421|624|359|589|645|392|589|348|343|334|330|298|859|344|303|598|369|659|372|669|655|424|650|388|374|372|396|382|421|442|399|933|377|504|553|409|408|690|370|562|559|264|532|254|219|191|193|180|186|147|202|189|184|160|
2016-06-03|7|1_CTs|CT12||121|107|72|343|73|43|29|18|28|790|22|16|266|11|16|14|8|11|12|8|7|15|8|10|266|19|18|39|49|61|90|144|203|219|235|236|248|181|217|419|462|173|185|164|176|437|204|191|203|450|202|208|176|202|172|182|205|219|201|200|466|212|504|246|223|257|326|258|308|321|581|285|586|331|329|339|336|313|817|270|223|248|466|166|154|167|112|118|102|92|117|109|113|108|351|345|
2016-06-03|7|1_CTs|CT13||29|31|32|30|22|14|9|7|6|7|4|0|4|6|2|1|2|8|3|2|0|2|1|4|4|3|6|8|15|16|26|40|39|49|45|65|49|55|48|54|61|51|49|44|67|55|320|47|54|53|51|306|38|42|44|44|50|39|47|49|64|54|63|50|66|54|50|68|80|57|71|80|72|602|89|120|94|71|53|62|56|63|49|308|39|289|26|28|26|29|35|20|39|32|30|280|
2016-06-03|7|1_CTs|CT14||207|168|137|406|374|118|307|359|68|317|55|52|297|47|300|45|44|53|52|44|77|59|66|79|345|81|128|139|152|184|505|319|925|737|456|510|518|726|421|391|604|354|573|342|364|407|390|411|407|444|426|409|452|654|443|343|415|410|674|433|400|690|458|480|826|534|605|630|634|704|935|902|685|675|677|670|891|681|746|675|883|458|457|406|558|293|275|245|218|494|221|224|209|242|516|218|
2016-06-03|7|1_CTs|CT15||38|39|35|28|31|27|13|14|271|17|11|5|1|5|7|9|5|5|2|6|11|13|4|14|13|19|7|19|19|34|52|110|190|250|469|195|186|382|122|93|93|86|352|67|88|104|103|92|91|73|93|355|68|63|69|363|113|93|86|337|124|139|95|134|162|237|207|247|195|253|208|182|212|202|202|202|431|170|147|129|181|129|102|81|104|88|70|70|80|105|73|351|75|67|61|52|
