2011-12-09|2|1_CTs|ct1||49|42|35|21|27|17|14|17|12|6|7|8|4|6|3|5|3|8|3|12|12|10|17|16|19|28|33|38|53|74|69|90|113|106|122|107|124|124|135|162|136|152|148|152|144|123|136|146|133|140|134|160|130|142|148|130|121|141|132|150|153|138|133|134|133|140|125|136|131|105|96|136|123|115|138|126|129|125|130|146|126|144|161|155|143|135|110|106|97|79|100|97|91|108|112|123|
2011-12-09|2|1_CTs|ct2||14|17|13|11|11|7|4|3|7|6|3|1|3|4|3|3|4|2|7|4|4|10|12|9|11|16|10|18|13|14|25|19|27|30|41|46|43|33|53|72|63|69|82|55|73|71|75|54|58|78|79|64|61|70|57|57|64|60|55|63|60|72|62|72|52|61|70|64|56|60|47|62|64|66|58|32|55|57|52|70|53|68|71|78|60|48|43|30|35|23|41|35|34|36|30|45|
2011-12-09|2|1_CTs|ct3||84|91|74|60|54|48|36|33|33|26|20|16|16|19|12|9|17|12|13|19|21|28|33|41|45|62|67|73|84|96|108|131|148|153|167|173|178|175|186|218|205|220|239|207|248|221|249|211|217|220|228|268|197|206|211|203|206|233|209|213|212|242|217|231|216|237|215|225|261|195|194|217|211|228|216|204|233|202|203|226|207|248|226|244|234|207|170|156|158|145|167|156|154|166|183|178|
2011-12-09|2|1_CTs|ct4||50|36|36|33|22|19|23|18|23|19|25|11|13|12|10|5|7|13|12|10|13|14|18|22|19|31|30|24|42|47|57|80|98|127|136|121|139|121|126|116|127|149|134|144|122|124|110|150|147|148|135|138|132|133|106|129|129|144|164|133|138|137|138|143|162|152|154|139|119|132|131|122|134|111|111|115|123|128|112|119|101|103|86|111|103|110|79|83|84|82|91|93|83|85|86|106|
2011-12-09|2|1_CTs|ct5||78|82|64|50|37|38|33|30|27|40|28|29|19|15|12|11|12|16|16|16|23|18|27|19|21|19|36|40|45|61|69|113|137|156|188|189|207|182|212|188|197|214|202|227|191|223|204|237|240|210|236|205|209|198|185|192|203|224|209|225|233|217|241|236|210|218|230|214|221|212|216|186|214|227|201|213|188|206|204|194|172|209|172|162|145|153|132|133|136|143|134|120|136|141|142|147|
2011-12-09|2|1_CTs|ct6||55|92|46|28|33|23|19|24|17|25|15|15|13|9|10|7|8|10|15|6|13|15|19|18|22|17|22|27|36|42|40|56|64|75|86|97|90|88|89|93|114|139|112|126|112|133|128|145|143|121|147|160|136|120|115|138|145|153|154|143|125|152|154|146|176|161|169|176|151|121|143|126|132|149|118|148|111|113|130|102|114|117|97|95|110|93|83|91|89|95|92|93|92|101|100|114|
2011-12-09|2|1_CTs|ct17||78|71|65|52|55|42|31|41|29|27|21|14|18|16|10|11|11|8|16|18|16|20|24|23|31|53|45|52|68|77|87|121|148|157|165|169|171|196|172|189|185|199|195|195|215|185|225|192|213|184|229|223|178|183|188|178|183|204|180|193|194|194|211|210|183|206|211|206|217|184|192|203|173|206|198|218|210|197|191|202|235|212|207|247|215|214|183|158|140|160|162|160|153|176|188|164|
2011-12-09|2|1_CTs|CT19||46|35|29|32|26|25|12|19|11|12|12|5|5|9|3|2|4|4|3|5|5|4|10|9|13|21|20|20|35|38|49|59|82|97|94|85|98|94|106|106|105|105|108|115|131|107|120|130|132|115|147|106|105|104|121|95|109|114|129|121|125|128|128|122|130|120|129|133|126|128|131|130|114|146|123|139|122|117|110|90|121|116|97|110|101|94|93|69|75|66|76|78|80|95|80|69|
2011-12-09|2|1_CTs|CT20||46|36|47|29|39|25|22|22|31|27|22|13|9|10|7|9|7|5|4|15|8|10|13|19|14|18|16|17|29|22|42|58|69|64|73|82|89|101|86|94|81|72|73|62|64|69|80|86|67|69|63|64|62|61|79|75|78|56|72|89|85|73|85|70|75|73|85|62|94|90|88|101|99|92|96|81|102|75|99|70|79|79|82|90|80|74|69|68|61|53|61|59|50|50|62|61|
2011-12-09|2|1_CTs|CT21||19|23|25|12|21|22|8|8|16|14|8|5|2|5|3|3|0|4|1|10|2|3|4|6|6|8|8|7|16|19|24|47|50|40|45|54|59|55|39|54|44|46|57|30|35|44|52|50|47|44|34|44|38|50|51|43|39|41|40|48|54|37|58|47|49|49|55|42|55|52|51|56|68|43|53|37|50|36|56|43|49|51|54|43|41|46|30|32|32|24|31|32|26|27|43|45|
