2016-08-26|6|1_CTs|CT1||0|3|0|0|0|0|0|0|1|0|0|1|0|0|0|1|1|1|0|2|4|4|1|5|1|3|3|9|2|2|4|7|2|3|12|15|10|10|9|6|9|6|2|9|10|9|3|5|8|3|10|5|13|6|7|6|6|6|6|7|7|5|6|10|9|5|12|8|4|5|3|4|3|5|4|6|1|7|3|2|8|11|5|5|9|4|1|2|4|1|1|1|2|1|3|2|
2016-08-26|6|1_CTs|CT3||12|14|13|12|6|11|5|3|1|3|2|2|2|3|3|3|4|10|23|13|24|26|22|25|37|27|253|33|38|277|49|54|67|49|56|63|58|54|46|50|51|49|53|46|32|29|36|47|58|49|42|36|32|44|39|42|48|37|36|39|32|47|34|42|41|42|41|52|47|46|40|42|299|28|54|33|34|51|38|37|31|32|27|25|20|21|25|23|20|22|12|15|22|19|18|24|
2016-08-26|6|1_CTs|CT4||10|6|4|8|4|2|4|4|1|2|1|1|2|0|0|1|2|2|0|1|0|1|2|4|3|0|2|3|6|7|7|12|8|13|15|19|25|16|24|15|23|22|19|15|6|24|19|19|22|25|26|23|29|23|28|19|21|24|21|20|19|25|19|22|18|22|27|18|26|29|31|21|21|43|32|28|25|16|24|18|10|17|17|14|13|17|275|11|8|14|8|10|13|8|10|10|
2016-08-26|6|1_CTs|CT5||17|23|18|14|7|15|7|12|4|10|6|7|3|3|4|2|6|2|3|5|8|4|6|10|9|9|17|16|13|25|35|41|32|37|43|54|57|58|52|52|59|40|58|318|68|65|65|61|59|65|53|45|62|55|48|45|48|56|51|60|47|64|62|61|64|61|55|62|77|297|59|61|56|61|61|65|55|49|42|29|24|47|44|46|20|40|31|30|20|27|25|27|24|22|22|19|
2016-08-26|6|1_CTs|CT6||20|16|13|13|11|13|4|4|8|2|2|3|5|2|3|4|5|3|4|12|17|12|7|16|12|15|15|18|18|35|59|65|67|80|107|88|112|103|85|101|86|79|61|76|75|93|85|92|87|80|101|97|72|88|74|72|81|83|71|72|80|88|76|78|90|71|71|66|84|91|90|91|93|97|73|98|102|74|95|75|73|74|314|67|47|41|35|39|38|27|28|24|43|42|24|30|
2016-08-26|6|1_CTs|CT7||7|8|2|2|2|1|3|2|2|1|2|1|2|0|1|0|0|1|2|5|6|3|3|3|5|6|11|6|10|14|21|21|22|33|37|26|34|26|31|27|21|16|17|16|22|19|27|23|13|25|24|23|22|20|25|11|269|22|28|11|13|17|259|23|15|18|25|22|18|20|19|18|17|30|29|17|20|20|22|15|9|16|11|15|16|11|8|10|9|9|7|8|8|5|3|5|
2016-08-26|6|1_CTs|CT8||51|34|33|24|14|16|12|16|16|14|15|15|16|18|6|10|9|8|8|4|13|10|23|34|16|21|38|45|68|75|134|164|152|176|158|431|145|159|153|132|121|114|112|109|102|127|119|123|122|118|123|100|113|125|124|119|130|142|131|125|121|137|125|110|110|115|128|142|132|155|143|135|141|141|149|167|147|134|114|109|119|111|107|109|82|72|66|75|68|76|65|64|61|72|60|55|
2016-08-26|6|1_CTs|CT10||37|16|21|16|12|7|10|10|9|6|8|7|5|1|1|5|7|1|4|4|6|8|16|18|20|21|30|32|36|283|73|78|78|95|106|126|103|373|98|112|105|130|107|341|89|105|111|103|99|100|113|95|87|102|90|84|118|131|367|111|90|115|109|112|108|120|112|133|142|138|149|168|189|163|149|156|145|133|140|127|100|110|84|79|59|316|53|41|46|48|49|38|36|40|44|42|
2016-08-26|6|1_CTs|CT11||23|32|16|23|14|18|7|12|11|6|11|7|2|4|1|8|6|1|6|8|10|9|14|28|28|24|42|58|63|99|144|191|428|197|235|479|220|213|206|162|155|167|147|393|143|161|142|163|136|167|144|151|134|127|116|131|127|138|409|134|136|152|149|127|150|131|156|151|136|118|129|108|139|146|134|108|114|116|122|142|134|134|355|117|112|78|62|54|70|48|68|55|51|43|54|38|
2016-08-26|6|1_CTs|CT12||37|34|30|23|22|15|18|12|5|9|8|8|4|6|2|6|9|4|4|10|11|11|16|20|17|24|44|35|43|50|87|100|377|391|162|190|177|155|157|139|116|136|147|120|119|139|138|144|116|141|166|147|130|112|111|123|122|145|143|146|127|158|390|144|158|155|187|173|175|188|186|186|474|244|192|161|192|176|175|155|136|132|118|87|96|86|60|59|64|48|57|57|56|56|61|52|
2016-08-26|6|1_CTs|CT15||278|25|20|15|14|12|10|9|6|9|3|5|8|4|9|3|9|10|13|16|28|22|25|41|30|46|38|44|57|70|91|103|124|146|131|119|122|112|122|115|97|105|86|107|93|94|95|99|104|110|86|105|95|76|87|87|93|82|107|82|70|93|67|86|90|84|75|80|86|103|90|95|82|117|86|79|96|96|85|72|78|73|76|65|64|46|41|54|42|34|34|33|32|46|29|35|
2016-08-26|6|1_CTs|CT16||298|33|24|24|20|18|11|14|15|6|13|9|7|5|3|8|6|3|8|8|15|9|15|28|27|22|38|60|48|76|117|181|152|178|215|207|190|195|187|182|174|172|157|154|145|161|138|165|129|167|158|153|132|153|128|126|131|159|176|130|388|136|152|152|137|146|134|163|420|133|151|135|152|169|163|160|137|136|156|134|145|132|119|137|115|95|72|58|76|71|78|56|60|299|56|40|
2016-08-26|6|1_CTs|CT17||42|48|35|29|25|20|22|24|13|13|11|14|5|8|5|9|5|4|5|6|7|4|6|7|4|10|21|21|24|29|36|57|56|75|87|132|109|91|95|75|90|92|112|109|105|111|99|99|121|127|146|117|115|88|81|102|98|107|103|106|102|127|101|119|121|139|117|122|130|162|114|89|88|88|110|129|149|157|128|110|88|105|89|73|79|64|59|68|66|64|52|65|69|56|60|53|
2016-08-26|6|1_CTs|CT18||58|57|41|42|22|40|22|31|18|29|18|16|13|10|10|7|12|13|15|17|23|14|18|23|34|26|50|73|75|96|126|182|187|188|221|225|221|230|211|204|209|175|213|177|201|212|174|189|196|200|191|167|160|176|165|148|154|191|178|180|179|173|188|176|177|170|210|201|216|180|193|192|204|220|221|233|196|181|197|143|155|179|139|401|119|118|114|92|347|101|74|91|94|80|77|67|
2016-08-26|6|1_CTs|CT19||40|35|26|39|24|15|21|15|12|17|9|13|8|6|5|9|5|3|5|5|5|4|4|8|5|11|18|23|20|22|27|64|317|90|104|134|116|106|107|106|86|99|117|128|141|109|103|102|110|125|133|368|100|94|85|82|90|88|114|99|104|121|119|103|119|122|118|125|145|146|140|128|167|196|142|133|169|169|140|132|119|116|101|73|67|71|52|60|54|46|47|54|52|49|59|44|
2016-08-26|6|1_CTs|CT20||28|20|16|8|11|7|6|12|2|8|4|2|3|2|2|1|4|7|2|4|8|6|6|19|23|20|16|18|38|43|49|57|65|85|92|104|96|101|94|86|95|87|112|60|28|102|95|108|103|100|100|100|89|93|89|88|326|26|343|89|45|107|335|84|99|89|83|80|92|5|65|35|60|349|97|103|84|92|1|59|61|41|78|88|27|43|53|63|43|39|41|51|45|34|37|22|
2016-08-26|6|1_CTs|CT21||333|77|58|39|45|28|19|25|29|19|17|13|21|15|11|20|18|24|31|26|49|43|46|43|60|59|83|110|99|647|209|219|281|542|247|296|279|512|232|223|226|191|201|197|207|198|209|177|207|222|151|170|160|164|177|192|190|168|185|230|241|223|185|199|184|192|192|214|189|227|179|217|470|208|205|206|182|188|197|186|174|185|176|148|138|115|111|123|135|111|96|83|99|119|79|99|
2016-08-26|6|1_CTs|CT23||77|51|43|41|37|26|18|24|21|23|16|15|24|25|7|12|13|15|13|7|21|25|45|41|39|44|67|62|102|125|169|226|233|238|261|257|240|226|203|213|206|153|195|167|167|176|190|183|198|177|196|163|160|188|195|156|457|179|418|199|208|218|184|180|179|197|208|215|204|226|242|226|243|244|244|228|227|212|202|169|180|177|163|147|123|111|105|106|100|101|105|81|86|90|82|62|
