2011-12-30|7|1_CTs|CT1||57|40|23|23|16|19|14|17|18|12|12|13|6|6|4|0|7|12|7|5|8|7|12|15|19|23|22|24|34|51|62|74|87|115|114|141|140|157|151|157|146|166|159|141|155|150|150|182|141|156|158|140|115|122|128|102|138|133|149|159|142|168|164|166|145|166|153|173|152|162|157|160|148|162|151|137|128|114|124|111|97|89|69|87|59|58|57|51|54|44|47|50|53|49|38|48|
2011-12-30|7|1_CTs|CT2||113|114|83|81|68|47|72|38|32|38|42|20|16|24|18|30|32|12|16|22|18|24|36|36|46|52|54|84|92|134|146|175|232|304|249|277|316|265|308|379|340|310|311|292|278|281|353|339|319|281|384|355|317|340|232|304|342|264|308|392|341|345|356|342|384|366|374|323|392|387|355|410|424|430|255|278|343|231|260|260|248|220|194|172|180|154|170|141|128|134|137|112|122|116|116|122|
2011-12-30|7|1_CTs|CT4||29|33|23|26|36|31|26|45|24|34|9|17|20|17|21|19|14|10|11|17|4|10|11|10|15|15|9|6|5|2|0|6|4|4|6|1|1|3|4|11|10|15|13|6|3|11|8|27|20|12|26|14|14|23|7|11|10|18|14|28|16|17|23|19|29|28|20|22|40|28|20|18|33|19|27|34|37|13|23|21|19|12|15|11|22|12|12|15|20|26|22|35|27|27|42|38|
2011-12-30|7|1_CTs|CT6||45|55|56|28|27|23|29|28|37|21|14|18|17|22|6|14|18|14|12|10|7|10|11|11|13|11|18|20|29|30|41|60|68|71|92|107|110|125|138|122|120|137|143|145|132|171|152|159|161|154|165|150|138|141|151|129|145|153|142|181|198|185|175|185|213|213|215|203|210|202|206|212|188|225|197|184|187|181|136|159|108|94|105|82|87|65|55|75|81|50|51|67|47|57|49|61|
2011-12-30|7|1_CTs|CT7||63|55|41|27|25|22|10|15|13|9|7|15|8|6|5|8|12|11|9|11|9|10|9|17|15|21|24|35|31|55|62|55|67|75|87|82|93|77|104|124|93|93|120|102|110|122|106|137|110|116|112|123|114|111|95|92|112|103|102|90|126|130|133|134|126|138|136|144|139|153|137|157|175|160|126|130|117|122|145|104|103|79|65|57|76|52|49|52|52|32|49|41|41|31|37|34|
2011-12-30|7|1_CTs|CT8||116|131|106|64|45|44|42|42|33|34|25|32|33|25|18|28|26|34|47|50|66|66|78|90|108|116|137|158|178|228|275|290|288|317|353|283|330|301|315|350|309|294|311|334|290|319|323|306|313|338|331|350|291|296|273|270|303|291|340|368|357|379|333|338|334|369|310|365|387|359|381|372|334|382|297|312|274|293|310|292|235|235|225|178|152|170|179|150|139|157|143|148|135|117|129|146|
2011-12-30|7|1_CTs|CT9||85|82|69|42|40|33|29|32|44|28|21|26|19|17|9|20|21|20|23|25|34|36|46|55|55|67|58|90|86|134|160|169|190|181|214|180|198|195|212|228|190|200|221|228|185|214|224|251|187|210|207|229|191|177|179|161|180|165|213|405|435|454|435|418|357|393|382|364|336|212|225|215|228|237|227|221|179|183|184|216|171|184|141|145|130|97|124|93|91|95|112|92|82|83|91|85|
2011-12-30|7|1_CTs|CT10||132|136|105|89|72|67|72|65|50|45|75|40|43|48|44|32|42|29|49|44|44|44|49|51|41|60|54|67|85|91|113|113|155|188|182|200|179|202|242|232|230|238|215|244|239|253|250|245|242|272|298|244|279|264|224|229|248|257|253|283|268|258|301|312|342|345|321|343|337|337|336|285|317|312|271|285|296|276|290|232|214|266|190|188|161|170|161|155|176|137|151|124|122|156|128|149|
2011-12-30|7|1_CTs|CT11||126|166|138|82|88|84|77|63|71|49|72|62|43|52|66|61|42|33|47|45|54|60|58|70|61|76|86|82|103|127|126|156|171|206|224|219|180|259|252|227|261|266|252|261|233|266|258|244|265|300|367|285|259|243|254|265|233|273|289|317|283|263|310|230|311|254|263|224|229|255|261|241|285|266|262|243|278|263|263|248|209|241|177|198|176|183|165|153|162|145|157|132|123|118|141|149|
2011-12-30|7|1_CTs|CT12||80|60|67|56|46|37|40|31|34|30|20|24|15|23|12|18|15|15|11|15|10|13|13|11|19|21|27|26|38|43|58|79|82|103|115|145|136|158|189|167|148|191|158|191|185|208|187|236|204|215|225|236|226|183|192|189|178|193|223|223|223|235|244|247|274|254|273|249|271|280|294|280|230|277|297|260|250|228|190|195|186|163|163|115|129|108|97|117|99|78|72|88|78|74|68|64|
2011-12-30|7|1_CTs|CT13||27|28|11|10|5|12|4|11|3|8|1|8|3|5|4|5|2|6|2|2|2|6|2|6|4|9|12|18|11|24|30|29|26|44|42|42|44|35|47|55|45|43|60|61|54|62|46|45|64|56|56|68|57|50|52|41|50|61|59|48|61|65|77|52|65|67|71|76|59|76|65|84|66|88|62|67|63|59|65|48|57|42|21|26|29|22|19|19|27|16|30|18|17|16|20|19|
2011-12-30|7|1_CTs|CT14||148|134|120|97|91|79|73|49|64|53|57|58|41|28|41|43|28|33|44|52|44|56|57|75|77|81|98|95|118|146|154|175|210|213|270|295|290|295|280|305|322|270|295|332|325|344|357|357|371|353|379|368|363|334|322|305|310|341|333|395|386|418|426|374|428|492|475|523|529|521|531|514|492|474|539|480|434|499|426|397|347|336|283|247|219|197|208|185|176|183|155|145|154|160|147|160|
2011-12-30|7|1_CTs|CT15||15|15|18|12|10|10|7|7|6|8|7|10|5|11|4|7|4|6|2|6|5|8|7|9|10|6|11|8|17|12|22|29|29|27|32|49|55|54|53|49|50|48|49|40|45|36|47|56|68|46|44|55|44|46|39|44|42|50|42|56|62|42|52|59|57|72|58|59|55|63|65|78|64|65|85|45|60|51|54|45|46|44|42|31|33|28|26|34|27|27|23|19|17|16|24|19|
