2011-07-06|3|1_CTs|ct1||58|45|56|42|34|23|25|9|14|7|16|19|8|8|7|8|4|4|10|11|7|5|13|23|16|20|34|50|63|87|139|192|202|235|242|223|229|232|221|202|234|226|197|180|197|161|159|176|184|198|213|198|194|233|187|185|168|212|219|204|225|209|212|221|220|216|214|227|204|214|207|219|233|202|229|187|209|194|163|193|213|214|201|234|238|135|123|109|103|100|84|69|90|72|80|77|
2011-07-06|3|1_CTs|ct3||161|134|156|116|81|65|79|49|46|25|37|55|30|30|29|29|25|10|29|40|23|33|50|76|60|78|93|156|177|205|279|437|480|483|494|506|501|510|471|489|515|478|454|473|449|383|405|412|386|415|435|445|434|462|445|417|416|474|461|482|454|438|439|446|425|409|451|395|368|364|377|406|388|348|376|267|356|295|238|276|428|425|407|461|476|343|303|266|296|260|219|208|217|203|223|201|
2011-07-06|3|1_CTs|ct5||144|133|138|120|99|71|72|89|94|85|76|65|55|59|41|39|41|26|56|37|26|25|40|70|64|76|107|118|142|201|224|279|322|340|353|375|414|350|354|375|363|350|322|378|353|346|348|296|331|352|397|379|344|356|301|337|315|354|408|395|361|416|335|361|331|359|363|342|365|371|341|390|417|363|391|397|411|373|362|347|365|349|341|329|244|238|260|294|239|257|213|226|281|240|209|194|
2011-07-06|3|1_CTs|ct6||110|111|108|61|73|60|55|37|38|47|34|31|30|26|14|15|20|20|22|10|14|17|11|11|20|15|23|35|45|69|94|124|148|190|205|213|222|191|207|189|164|171|156|186|156|190|177|210|184|224|208|217|230|173|173|179|167|174|223|202|190|232|238|237|234|287|256|272|294|275|271|268|277|293|307|198|129|98|129|144|190|261|234|197|210|146|136|124|155|145|124|111|136|151|178|215|
2011-07-06|3|1_CTs|ct7||127|114|116|90|91|95|63|53|65|57|56|37|38|20|22|23|26|20|26|17|19|24|18|30|32|32|32|37|56|50|78|119|133|163|193|191|193|174|199|170|167|160|166|179|186|185|192|197|201|233|170|226|183|171|150|164|173|197|186|212|214|243|200|227|220|261|213|232|220|193|216|157|215|175|174|175|186|200|169|185|189|191|153|148|158|131|131|132|109|146|123|119|125|137|264|234|
2011-07-06|3|1_CTs|ct9||100|89|73|60|67|59|57|35|46|36|53|39|38|38|28|25|30|32|25|21|25|19|19|29|18|35|40|55|59|62|101|123|161|164|182|210|187|180|165|165|162|150|142|149|146|148|124|149|160|188|143|130|127|117|127|138|117|138|152|152|144|150|155|152|137|132|154|169|167|139|159|164|178|129|144|184|179|183|206|180|197|153|148|128|104|92|87|82|109|98|89|90|87|105|80|85|
2011-07-06|3|1_CTs|ct10||80|67|82|67|49|40|50|47|57|57|37|31|37|35|26|25|26|38|27|19|17|17|16|24|16|15|20|30|35|48|61|68|94|108|142|157|160|156|137|135|130|129|130|128|133|153|117|133|125|121|134|146|139|145|119|112|109|142|134|142|138|152|137|141|147|132|146|144|144|151|156|167|175|158|144|138|143|136|115|122|127|114|111|118|115|128|103|98|109|102|100|107|101|85|88|96|
2011-07-06|3|1_CTs|CT11||29|31|21|19|15|21|16|9|17|16|12|15|16|9|7|11|18|13|13|11|10|12|7|16|10|16|19|19|23|34|48|47|47|46|51|50|57|59|60|65|41|43|60|58|52|63|47|57|59|55|53|54|56|49|58|50|67|44|54|60|60|55|44|51|54|39|62|57|54|50|57|53|57|60|51|59|54|50|56|56|52|59|58|53|48|30|37|32|42|39|31|38|37|31|42|22|
2011-07-06|3|1_CTs|CT12||18|29|23|24|21|16|23|15|25|30|10|20|22|18|21|10|17|20|14|11|13|11|8|9|10|6|16|15|14|23|25|24|22|24|24|35|36|33|28|43|48|52|50|43|42|49|34|46|43|47|44|50|46|49|47|53|48|43|38|44|38|39|52|40|38|47|46|46|47|49|33|58|51|48|41|39|33|53|41|35|32|37|29|51|48|58|41|51|44|34|40|39|32|28|31|29|
2011-07-06|3|1_CTs|CT16||27|20|26|16|14|9|17|10|8|6|13|8|9|4|5|5|12|5|6|8|5|4|6|3|4|13|11|6|13|8|18|16|25|30|37|39|33|38|40|41|32|35|42|24|33|43|37|40|25|35|35|25|21|31|26|29|22|33|26|29|36|44|29|32|26|35|40|44|36|54|29|46|61|62|50|41|40|39|49|42|37|44|33|25|24|20|20|33|20|20|23|26|15|28|34|25|
2011-07-06|3|1_CTs|ct17||118|101|95|79|52|69|53|36|45|42|28|29|42|25|21|25|23|23|31|24|19|22|28|27|35|17|38|58|69|95|172|204|254|276|353|400|306|267|305|363|295|285|289|264|196|263|229|251|218|216|239|304|268|259|243|256|251|275|301|312|285|302|290|251|279|270|299|283|325|258|287|221|158|225|298|262|231|244|237|239|255|222|221|228|206|174|174|168|147|159|135|136|114|142|116|122|
2011-07-06|3|1_CTs|ct18||120|128|110|94|71|59|66|62|75|68|49|43|47|37|29|34|33|50|34|25|25|23|24|37|31|29|32|40|55|77|122|150|176|190|248|264|263|248|241|208|180|193|175|185|190|209|164|177|167|170|208|195|201|182|165|179|163|191|197|228|211|238|170|217|184|147|207|186|185|207|200|196|224|190|199|198|160|184|155|179|216|165|164|196|168|161|136|151|155|135|160|139|143|116|131|124|
2011-07-06|3|1_CTs|ct19||1|0|0|3|0|1|0|0|0|0|0|1|0|0|0|0|1|0|0|0|0|3|0|3|0|3|8|7|10|11|4|9|5|6|7|8|7|6|10|9|7|7|4|8|6|6|8|6|10|5|7|9|5|6|6|4|6|5|6|6|8|10|10|9|8|7|6|8|6|8|8|5|9|8|5|11|4|9|8|6|6|12|7|7|8|7|4|2|0|5|2|1|0|4|1|1|
2011-07-06|3|1_CTs|ct20||52|52|41|28|34|21|24|19|16|9|12|13|12|15|13|6|11|10|9|12|8|12|13|20|15|30|36|63|74|120|141|162|170|187|163|181|164|170|166|124|67|156|154|163|163|173|168|139|149|151|153|152|147|161|125|154|149|155|182|165|152|115|149|155|132|153|137|144|160|154|147|169|167|164|167|161|173|174|208|166|160|164|139|134|128|107|106|93|116|79|88|94|64|92|83|58|
2011-07-06|3|1_CTs|ct22||8|5|0|5|3|4|3|3|1|1|3|1|1|1|3|2|2|2|2|2|2|2|2|4|1|4|5|3|5|6|8|16|14|17|29|21|28|17|19|28|24|22|20|21|31|29|22|24|21|24|23|43|21|22|29|23|25|29|30|20|29|25|33|20|40|31|43|26|43|46|56|50|51|50|52|43|31|30|42|30|38|24|15|22|10|10|12|15|12|5|7|9|6|8|3|7|
2011-07-06|3|1_CTs|CT23||94|86|66|48|47|25|57|34|29|14|21|11|24|21|13|11|15|10|10|11|10|9|10|8|11|8|28|44|44|61|117|146|178|229|271|226|272|218|226|225|210|187|179|191|182|216|197|186|221|228|247|261|204|249|206|216|244|249|217|245|262|224|215|264|255|258|336|322|309|364|383|372|384|380|407|270|372|303|302|295|354|341|307|238|259|229|169|176|184|173|125|113|121|150|84|95|
2011-07-06|3|1_CTs|ct24||206|231|194|160|112|97|82|83|51|50|55|43|33|53|53|34|29|41|49|61|58|57|73|98|139|224|319|525|697|888|941|893|924|902|860|918|836|878|882|917|936|893|905|895|743|893|801|804|778|748|861|887|805|766|726|767|825|846|881|939|839|825|774|738|738|739|782|733|759|851|838|902|924|962|968|912|882|881|864|820|785|743|682|711|568|515|465|456|399|369|383|327|375|330|321|296|
