2011-08-04|3|1_CTs|ct1||55|50|38|34|30|26|15|26|17|14|12|9|15|10|8|7|9|6|3|6|15|9|13|18|15|26|35|32|38|72|110|144|146|180|204|239|217|185|178|198|200|176|170|184|168|183|164|175|157|154|167|178|167|135|147|152|130|188|162|208|182|185|174|176|175|158|168|160|171|162|195|180|202|190|192|192|193|169|190|152|172|147|160|152|123|119|98|79|90|79|76|64|88|82|67|74|
2011-08-04|3|1_CTs|ct3||148|120|109|111|75|74|77|70|57|53|50|19|41|37|21|25|26|37|19|38|35|36|62|60|70|67|104|122|115|182|266|328|359|417|425|490|473|445|475|433|431|443|396|404|387|413|460|374|381|365|418|416|376|385|363|318|360|488|407|459|420|423|391|371|390|356|389|409|359|378|338|331|349|407|344|375|329|394|373|342|347|354|364|343|305|276|245|236|214|240|223|189|198|201|172|171|
2011-08-04|3|1_CTs|ct5||146|148|125|105|94|91|75|69|52|36|64|37|33|37|49|31|48|44|33|38|51|33|55|70|60|95|91|108|111|146|208|220|247|286|325|294|309|334|276|323|285|316|290|264|281|290|343|333|283|303|271|344|340|236|239|241|336|270|307|308|276|325|248|260|283|252|293|241|279|316|290|295|303|358|323|338|329|341|370|329|323|304|235|225|223|184|185|215|220|211|197|203|228|189|203|169|
2011-08-04|3|1_CTs|ct6||110|89|81|74|54|40|50|47|54|40|24|24|32|27|26|23|15|20|21|21|8|11|17|14|21|14|37|31|30|68|85|97|134|157|166|185|177|191|197|191|148|199|155|180|180|180|183|176|188|164|202|215|200|185|169|140|165|177|166|184|185|203|187|221|230|225|248|243|272|279|264|239|290|283|286|256|245|252|212|227|209|199|167|161|142|151|100|99|121|135|105|111|108|98|97|151|
2011-08-04|3|1_CTs|ct7||131|109|93|71|75|60|73|58|82|55|63|35|38|24|14|25|18|26|28|20|18|12|17|37|23|38|37|34|40|57|75|88|108|146|133|167|158|209|175|167|157|173|156|163|163|180|169|183|183|178|187|195|187|155|164|158|185|155|193|172|198|194|228|192|235|237|235|222|249|195|222|177|210|217|191|193|189|189|176|161|193|169|151|156|156|119|132|130|114|119|130|116|118|150|117|210|
2011-08-04|3|1_CTs|ct9||86|81|95|88|72|74|84|69|59|79|56|64|54|55|41|46|67|54|48|31|38|19|30|38|34|33|30|52|48|58|99|102|121|132|166|154|170|165|182|156|164|138|169|135|172|127|163|138|123|146|137|138|126|114|119|115|136|134|146|162|140|127|139|143|148|166|143|162|136|159|136|152|179|141|142|138|156|153|150|126|143|156|127|134|133|96|94|82|79|97|113|118|87|110|98|78|
2011-08-04|3|1_CTs|ct10||64|75|52|51|68|45|37|40|58|51|46|38|32|28|38|22|31|22|24|26|30|19|27|27|31|32|25|22|44|31|42|53|47|77|106|102|108|109|92|111|109|96|118|107|95|105|96|108|104|96|103|104|104|86|92|107|113|96|107|110|122|108|120|110|106|124|118|110|118|136|122|117|121|126|116|121|120|141|115|104|92|98|87|76|96|80|78|75|71|66|62|85|90|78|90|69|
2011-08-04|3|1_CTs|CT11||30|17|19|18|21|13|17|27|24|13|13|22|24|19|16|11|19|20|12|12|11|9|14|10|9|16|16|24|25|22|37|37|46|45|47|54|51|46|53|62|59|48|52|62|46|56|41|56|36|42|58|57|63|39|54|54|49|65|53|55|43|57|40|53|45|54|61|56|52|52|51|58|64|52|47|49|51|56|40|51|49|52|40|52|43|43|25|32|39|32|25|37|30|31|25|32|
2011-08-04|3|1_CTs|CT12||30|30|18|23|30|20|17|22|30|32|29|23|14|19|24|15|21|17|14|17|15|13|17|14|21|18|10|12|14|11|14|20|18|24|22|22|26|31|37|41|39|37|37|43|33|28|34|39|36|41|36|38|37|30|44|38|40|37|42|32|42|31|38|43|30|44|53|27|34|38|40|43|36|40|28|38|37|46|29|31|24|32|35|27|42|25|32|35|26|26|16|33|39|25|33|21|
2011-08-04|3|1_CTs|ct14||0|0|0|0|0|0|0|0|0|0|0|0|0|0|0|0|0|0|0|0|0|0|0|0|0|0|0|0|0|0|0|0|0|0|0|0|0|0|0|0|0|0|0|0|0|0|0|0|0|0|0|0|1|0|0|0|0|0|0|0|0|1|0|0|1|0|1|0|1|0|1|0|0|0|0|0|0|0|0|0|0|0|0|0|0|0|0|0|0|0|0|0|0|0|0|0|
2011-08-04|3|1_CTs|CT16||18|16|26|10|19|16|17|19|16|13|13|8|12|14|12|8|12|13|5|6|6|8|8|3|9|7|9|9|14|13|11|17|23|26|22|27|31|30|21|27|32|24|25|24|28|33|21|25|34|39|31|27|20|23|25|23|25|29|23|30|28|33|26|35|30|33|30|31|30|32|36|35|33|32|34|27|27|26|44|30|29|28|33|25|16|18|22|23|17|21|19|19|21|8|15|20|
2011-08-04|3|1_CTs|ct17||81|81|65|58|52|51|53|38|29|42|31|36|22|20|31|19|35|34|26|25|32|33|30|25|38|32|37|47|65|59|98|125|140|174|255|272|264|288|237|226|223|215|208|216|217|209|193|180|179|189|210|186|200|192|182|194|202|196|221|221|226|230|213|200|191|213|207|200|208|213|211|200|199|224|186|196|210|236|168|221|177|176|156|141|146|127|140|93|129|103|89|120|124|136|101|99|
2011-08-04|3|1_CTs|ct18||93|109|89|73|83|62|62|58|61|68|64|44|36|31|50|27|47|28|30|26|34|33|38|40|45|33|38|54|74|58|88|106|106|140|182|186|194|202|164|181|160|150|161|158|145|145|153|145|149|157|173|153|137|139|146|143|169|146|155|172|158|184|178|161|161|149|179|147|157|161|178|145|154|178|173|181|193|165|152|161|141|149|131|130|131|119|111|101|107|101|104|122|123|112|131|109|
2011-08-04|3|1_CTs|ct19||1|0|0|0|0|1|1|0|0|0|0|0|0|0|0|0|2|1|0|0|1|2|2|1|3|5|6|5|6|5|15|6|7|5|8|9|5|7|7|4|8|4|5|5|6|5|4|6|3|9|6|4|4|3|5|9|3|5|5|5|10|3|6|5|5|5|5|4|5|5|8|9|6|8|6|3|7|5|7|2|7|3|10|5|7|3|5|0|0|0|0|0|4|4|0|2|
2011-08-04|3|1_CTs|ct20||48|54|44|38|24|20|31|21|14|20|11|12|11|7|7|7|5|6|7|8|11|17|16|19|27|16|44|51|61|116|135|147|127|132|162|174|160|161|163|168|163|140|151|137|112|145|116|127|129|135|135|138|124|122|128|116|123|125|138|159|164|119|142|117|124|115|104|113|116|114|132|131|120|164|130|155|173|183|183|168|154|147|136|135|135|87|102|92|87|83|71|67|62|60|77|65|
2011-08-04|3|1_CTs|ct22||9|6|1|3|1|5|1|2|0|3|3|1|3|1|1|2|2|2|3|1|5|3|3|4|5|2|3|4|6|4|4|15|10|14|30|20|18|23|17|22|19|22|25|19|21|20|13|25|23|28|16|22|25|20|14|21|22|19|20|25|23|19|30|20|42|26|35|36|35|37|41|31|34|45|33|30|23|32|21|23|31|27|19|16|7|8|11|7|6|9|7|2|4|4|5|10|
2011-08-04|3|1_CTs|CT23||85|82|45|40|37|30|24|21|31|23|27|27|28|25|15|10|6|7|12|6|14|12|11|16|15|20|22|33|38|64|119|79|132|199|212|245|225|223|181|196|161|164|203|176|181|190|178|182|199|180|199|221|221|166|166|164|156|201|200|208|208|221|208|226|255|256|255|220|327|301|317|325|357|358|367|361|337|357|303|326|313|250|223|172|183|140|151|126|148|133|89|116|102|84|80|86|
2011-08-04|3|1_CTs|ct24||203|206|170|127|122|98|98|70|64|67|54|42|33|44|37|27|31|38|40|39|52|52|84|98|118|174|259|391|527|713|804|926|919|870|891|981|901|913|860|838|878|797|805|747|699|687|740|707|604|680|771|673|685|674|598|635|667|782|776|828|733|699|720|650|630|636|599|608|645|667|721|775|802|890|855|864|851|792|848|642|633|612|590|549|488|452|412|402|358|367|313|318|295|294|264|262|
