2015-11-15|2|1_CTs|ct1||147|373|122|107|105|92|334|60|57|290|46|39|36|49|29|24|34|284|30|27|27|22|273|35|28|35|300|55|41|51|49|63|52|312|56|86|63|67|75|351|333|98|127|371|124|620|364|369|143|389|139|128|150|133|651|135|151|155|414|165|175|175|422|444|192|699|431|418|429|161|163|404|138|151|139|139|158|171|142|151|385|154|150|142|117|101|78|106|75|67|301|325|58|68|60|58|
2015-11-15|2|1_CTs|ct2||72|52|83|83|45|58|45|48|40|34|35|34|31|37|29|21|25|23|26|20|20|17|14|19|17|24|285|30|27|25|18|271|18|282|20|32|23|27|35|47|284|38|316|292|46|301|57|50|53|45|56|54|51|47|56|62|52|55|64|69|557|82|344|320|88|78|95|71|71|310|55|57|70|49|71|73|65|66|80|75|77|90|83|78|64|64|41|44|35|32|29|31|28|40|36|33|
2015-11-15|2|1_CTs|ct3||452|398|157|163|381|112|114|76|84|75|316|62|58|82|46|37|42|296|57|295|45|32|15|34|34|37|45|61|47|48|40|297|53|53|61|66|75|64|573|365|97|99|360|647|371|358|128|115|134|131|382|130|146|387|392|429|113|120|150|170|180|194|949|188|198|174|464|186|697|178|155|168|379|141|164|147|138|151|137|364|108|127|377|367|358|352|96|107|89|165|256|74|57|72|65|69|
2015-11-15|2|1_CTs|ct4||100|80|96|83|348|65|335|72|45|47|47|58|39|49|52|37|41|294|30|29|35|20|20|33|29|33|43|38|284|29|35|27|40|291|31|283|35|47|50|74|58|58|337|329|71|71|338|356|341|82|105|84|76|334|354|79|93|333|86|99|97|111|101|349|115|122|102|110|105|112|103|127|119|119|125|93|361|83|100|596|71|93|70|66|51|45|64|55|56|41|58|55|66|60|54|30|
2015-11-15|2|1_CTs|ct5||182|424|433|164|674|127|118|103|92|339|93|343|59|329|63|55|73|59|59|50|45|38|40|40|39|43|56|52|285|42|44|46|54|53|285|38|57|71|334|363|346|108|385|131|106|355|399|146|422|385|402|131|117|128|128|143|147|378|406|156|183|181|185|181|185|452|183|188|973|190|198|452|172|208|206|179|438|140|166|425|117|147|128|142|106|363|102|98|89|99|92|100|347|371|83|57|
2015-11-15|2|1_CTs|ct6||138|437|235|169|641|127|373|93|85|339|75|63|63|66|65|59|62|45|58|37|39|36|289|45|291|38|43|36|28|36|45|43|40|34|48|41|46|49|64|320|57|70|63|836|65|339|78|342|373|86|95|88|90|95|94|600|355|361|618|369|355|131|379|386|136|149|422|161|429|155|165|414|154|408|147|139|140|119|122|130|117|120|349|120|93|79|91|72|74|77|336|325|80|936|685|115|
2015-11-15|2|1_CTs|ct17||209|434|179|492|185|155|127|98|122|86|86|94|69|96|64|51|43|54|68|44|61|42|29|40|38|44|314|58|52|50|305|305|53|68|58|592|85|333|88|106|117|134|134|429|143|417|155|138|674|419|173|162|164|143|163|432|152|133|687|195|442|476|209|216|240|475|471|230|201|229|184|454|700|183|196|184|436|141|152|147|128|142|129|115|107|365|117|109|89|120|95|340|67|89|73|73|
2015-11-15|2|1_CTs|CT19||62|313|239|152|51|31|41|40|35|32|24|31|23|27|18|16|18|20|16|12|14|9|10|11|14|12|14|23|12|19|11|11|283|20|24|33|34|35|37|548|50|40|64|58|54|296|74|63|67|310|57|330|66|72|319|320|310|49|334|86|311|79|93|363|97|134|353|604|118|113|94|115|593|342|81|72|336|64|73|58|53|68|53|50|37|40|37|39|35|34|33|28|37|300|34|29|
2015-11-15|2|1_CTs|CT20||335|327|332|345|312|66|69|71|65|56|57|51|53|312|51|24|40|290|25|24|17|19|16|17|8|19|15|21|253|17|11|16|13|30|282|22|20|28|40|51|36|33|49|318|57|52|303|62|59|63|319|320|63|70|69|298|60|75|62|63|68|329|83|77|73|77|342|576|83|344|78|76|354|327|81|74|72|56|63|63|57|57|60|46|47|32|41|37|27|46|44|555|49|44|40|33|
2015-11-15|2|1_CTs|CT21||55|42|59|52|268|44|262|31|289|28|277|33|29|20|15|8|18|17|13|265|10|9|7|9|2|14|5|11|5|11|7|249|9|15|18|14|13|18|32|32|20|271|33|46|33|276|272|43|49|297|56|284|42|541|51|45|41|41|48|277|271|71|332|301|305|49|58|312|66|58|43|59|284|48|305|34|27|25|39|41|36|34|20|22|24|16|24|21|20|25|27|27|30|19|20|21|
