2013-04-29|6|1_CTs|CT1||0|1|0|1|0|0|0|0|0|0|0|1|0|0|0|1|1|1|0|0|1|2|2|4|2|7|11|1|3|5|5|20|37|34|33|27|25|17|15|22|8|3|3|3|5|25|62|43|70|48|4|3|5|3|5|3|3|5|3|2|6|4|5|8|8|10|3|7|6|1|16|14|7|5|8|5|6|1|5|5|1|3|4|3|0|2|3|0|0|2|1|11|9|0|1|2|
2013-04-29|6|1_CTs|CT3||8|5|1|5|5|1|4|2|2|2|3|2|1|1|2|4|3|7|13|16|20|23|25|34|30|30|29|33|41|33|53|73|81|77|100|82|75|76|75|64|58|70|49|41|23|30|78|70|53|55|52|48|51|36|35|43|48|43|50|42|43|54|42|39|43|53|40|52|40|51|53|47|43|41|45|45|35|39|25|27|25|28|29|29|19|20|10|15|12|22|15|20|20|24|12|6|
2013-04-29|6|1_CTs|CT4||4|5|5|5|2|2|0|1|2|1|0|1|0|1|0|2|2|0|2|2|1|3|0|3|2|0|2|2|6|10|13|24|57|54|16|14|14|12|29|30|20|19|28|21|21|18|25|23|24|25|23|34|33|23|28|28|13|12|33|45|34|37|29|36|34|38|45|40|43|46|47|54|55|56|49|62|36|40|38|25|28|32|23|21|20|18|16|14|21|15|7|11|10|9|6|3|
2013-04-29|6|1_CTs|CT5||19|11|6|7|9|7|8|3|4|2|1|4|5|3|2|2|2|4|4|7|6|7|9|11|8|8|13|17|9|30|44|53|61|68|83|91|95|94|74|77|87|76|67|65|69|79|70|85|112|76|88|66|68|71|81|75|74|64|68|75|94|84|81|84|65|80|71|71|82|72|89|73|91|80|97|69|53|43|49|60|47|51|46|40|38|38|24|19|28|29|23|25|22|24|18|22|
2013-04-29|6|1_CTs|CT6||16|7|5|9|9|13|5|9|3|6|1|2|1|2|0|2|1|7|4|6|5|12|9|17|13|11|13|15|34|37|48|85|138|155|184|188|156|149|129|130|112|102|93|94|77|86|102|110|92|107|99|113|106|117|98|95|98|97|118|124|123|106|106|94|98|110|116|119|126|165|138|118|136|108|123|135|104|113|111|100|88|109|80|61|72|59|54|52|69|60|60|39|37|39|25|24|
2013-04-29|6|1_CTs|CT7||2|1|1|1|1|4|0|2|0|0|1|1|1|0|0|2|0|4|1|2|2|3|1|3|4|3|3|7|7|6|18|22|34|34|46|36|35|26|32|39|36|18|14|25|17|16|16|32|19|26|23|26|26|29|14|21|23|22|28|32|33|25|17|24|24|27|29|32|18|37|31|29|28|42|42|29|18|30|16|16|18|10|11|13|12|13|9|10|13|9|6|8|8|2|7|4|
2013-04-29|6|1_CTs|CT8||39|32|31|18|19|12|11|8|13|3|3|9|11|13|6|2|3|9|9|4|4|12|17|16|22|34|40|51|90|101|157|177|206|194|150|147|138|169|162|192|159|158|140|136|134|175|182|176|141|130|136|166|146|117|145|123|150|149|163|135|144|157|124|148|129|180|142|155|163|189|196|193|184|204|192|206|153|160|136|150|127|122|116|109|85|84|69|68|80|91|67|69|48|44|43|29|
2013-04-29|6|1_CTs|CT9||39|36|27|22|18|13|8|4|15|5|5|8|3|5|4|6|5|4|9|11|17|14|25|26|38|36|44|60|78|109|195|280|319|362|413|423|323|332|328|284|251|208|193|196|198|297|388|358|235|232|205|207|218|190|195|216|217|217|208|227|198|204|155|228|216|232|236|252|277|282|307|316|275|261|244|236|230|179|181|171|168|159|125|121|112|110|75|88|86|89|80|64|80|64|51|45|
2013-04-29|6|1_CTs|CT10||35|24|19|15|11|7|9|4|5|5|2|5|2|4|2|3|6|4|2|3|9|6|15|22|19|26|28|48|49|75|96|136|176|143|125|96|104|122|124|101|108|164|138|130|148|143|92|119|143|132|177|229|210|146|128|132|131|141|151|153|167|149|155|152|144|172|202|176|195|204|172|77|211|236|233|180|165|169|170|156|127|132|89|90|91|77|70|57|61|66|55|35|40|29|35|34|
2013-04-29|6|1_CTs|CT11||18|21|16|22|11|13|6|9|2|6|3|5|1|3|2|4|2|1|2|8|12|13|18|22|20|44|49|60|80|128|230|364|381|304|289|242|191|243|275|224|237|202|184|194|206|277|233|233|291|262|199|201|200|201|191|209|196|175|183|220|202|204|190|194|183|225|224|225|208|216|209|211|236|218|196|161|151|120|138|134|130|122|79|92|69|73|59|73|77|58|56|48|59|48|36|39|
2013-04-29|6|1_CTs|CT12||25|18|20|18|13|4|10|9|4|3|1|4|1|3|1|2|4|5|3|8|4|9|13|20|19|20|36|40|48|60|118|162|182|96|106|101|51|109|94|103|103|89|124|142|149|139|130|118|168|170|143|169|198|157|144|151|170|173|174|157|133|159|132|154|160|129|119|114|120|112|84|235|238|282|250|223|190|178|160|149|137|152|100|92|97|76|73|65|62|57|60|41|38|33|33|30|
2013-04-29|6|1_CTs|CT14||21|15|16|14|10|5|6|6|4|4|3|0|7|5|3|2|2|4|6|3|3|8|10|24|18|15|13|19|40|40|59|63|63|72|64|70|80|76|0|0|0|0|0|0|0|0|0|0|0|0|0|0|0|0|0|0|0|0|0|0|0|0|0|0|0|0|0|0|0|0|0|0|0|0|0|0|0|0|0|0|0|0|0|0|0|0|0|0|0|0|0|0|0|0|0|0|
2013-04-29|6|1_CTs|CT15||17|11|12|5|11|8|6|3|7|5|3|1|5|0|0|2|3|7|12|13|12|16|16|18|18|20|26|26|37|56|89|137|197|183|213|188|146|154|159|121|88|72|66|70|29|136|216|141|79|75|73|74|75|89|59|80|76|83|85|77|78|74|82|83|73|78|93|102|72|124|130|104|108|100|103|84|71|71|60|43|49|66|51|37|34|33|20|28|22|24|29|23|23|22|14|13|
2013-04-29|6|1_CTs|CT16||30|24|15|19|14|17|4|7|7|8|5|7|3|2|0|7|4|6|4|5|12|8|11|15|17|32|36|45|53|92|144|217|314|206|257|220|190|216|223|222|217|231|209|156|166|203|211|251|258|289|258|258|249|185|179|183|171|176|167|199|221|181|197|198|172|234|231|246|246|253|251|247|230|250|250|200|166|162|160|158|126|126|93|86|87|82|68|71|73|62|74|46|56|41|41|44|
2013-04-29|6|1_CTs|CT17||11|13|5|6|7|6|7|3|10|3|3|4|0|0|0|0|1|2|2|5|1|3|6|3|4|5|7|11|11|25|29|63|52|55|57|65|35|54|56|32|44|61|75|55|72|53|78|79|58|79|56|89|79|97|79|65|58|82|70|74|71|86|74|82|81|91|70|78|56|75|61|54|44|58|32|47|68|54|46|46|39|35|40|26|30|36|35|37|35|37|37|25|21|25|19|14|
2013-04-29|6|1_CTs|CT18||48|38|22|28|30|18|15|10|13|16|9|10|12|4|7|7|8|11|7|17|17|15|15|23|29|28|54|64|75|122|148|241|300|291|307|345|308|302|273|304|245|235|234|224|221|230|244|270|306|282|300|262|280|250|254|239|224|251|216|241|301|245|271|260|217|259|250|256|280|263|301|296|314|290|277|289|237|251|212|227|191|164|158|140|123|125|85|99|114|94|87|79|81|85|65|66|
2013-04-29|6|1_CTs|CT19||26|25|15|17|16|11|11|11|9|6|7|9|3|3|1|4|3|2|7|6|3|6|9|3|9|11|17|19|23|35|52|109|166|178|134|176|159|186|154|124|130|120|119|130|118|132|149|144|135|164|143|147|163|144|128|122|148|137|148|129|117|132|144|168|143|156|158|176|189|189|206|203|202|234|226|160|183|163|156|147|145|123|100|90|92|86|55|61|67|58|63|55|38|49|29|28|
2013-04-29|6|1_CTs|CT20||13|8|6|8|8|3|2|4|4|3|5|1|3|1|1|2|2|2|3|11|5|10|11|20|11|16|17|23|25|47|45|82|123|137|131|159|124|140|131|104|111|38|65|98|117|12|146|115|100|113|41|3|87|126|120|59|82|75|57|128|10|114|138|112|112|114|123|112|81|148|126|147|35|122|101|7|94|50|65|108|98|82|51|17|56|49|50|55|54|50|42|48|44|26|27|18|
2013-04-29|6|1_CTs|CT21||58|71|40|32|40|29|15|11|14|8|13|15|12|11|9|19|14|21|33|33|44|50|51|66|65|67|94|116|145|200|262|339|414|404|431|375|378|368|362|301|289|256|267|216|134|185|352|368|300|266|263|218|234|255|209|243|256|259|278|269|255|258|243|226|241|233|220|255|257|244|257|244|228|251|248|242|257|224|190|192|179|162|150|147|118|124|95|96|118|104|104|92|98|96|89|74|
2013-04-29|6|1_CTs|CT22||64|60|63|41|35|36|23|27|24|13|15|12|16|13|12|13|22|28|45|50|32|58|50|78|60|61|85|74|74|116|156|188|204|266|255|262|277|252|268|250|237|219|242|239|229|243|251|261|259|276|277|288|272|269|248|241|255|263|257|285|274|306|302|298|286|299|327|360|359|376|324|367|345|347|336|300|342|317|287|269|258|233|176|168|155|144|131|115|143|123|117|130|98|89|100|76|
2013-04-29|6|1_CTs|CT23||48|45|41|36|32|16|16|13|17|8|8|10|15|12|8|7|7|15|14|14|18|21|36|32|44|57|69|85|117|136|214|293|343|343|346|353|301|384|325|366|293|241|237|198|182|242|302|263|244|222|232|245|219|199|230|216|222|277|275|231|249|244|225|256|248|254|286|269|290|291|311|327|337|351|312|278|292|273|226|228|193|196|193|197|123|119|98|99|121|149|114|109|73|81|70|49|
2013-04-29|6|1_CTs|CT24||44|44|31|32|31|27|14|20|10|8|12|13|8|8|8|7|10|15|18|21|11|25|26|39|39|46|60|81|105|118|174|194|285|297|296|298|276|356|296|301|283|255|265|232|231|236|251|220|245|231|250|261|264|221|195|243|254|267|279|290|285|284|302|290|309|333|309|322|335|360|415|396|406|401|407|402|366|340|305|286|254|243|207|198|173|154|126|99|135|163|94|110|105|83|89|81|
