2016-02-13|6|1_CTs|CT3||18|10|8|8|7|9|2|7|3|1|2|5|3|10|5|2|4|7|265|12|6|19|22|20|24|26|25|20|27|25|271|26|36|30|28|261|26|23|37|24|27|31|31|26|23|28|30|37|269|29|267|288|26|38|31|23|25|20|37|33|31|25|28|31|28|228|25|32|26|39|23|30|245|28|23|18|17|29|11|21|20|29|17|16|16|250|11|8|11|8|12|10|8|9|26|20|
2016-02-13|6|1_CTs|CT4||9|6|6|14|5|3|7|3|6|3|8|2|3|0|2|2|5|3|2|1|5|1|3|0|1|2|3|1|4|4|6|6|9|8|10|11|9|9|2|12|262|18|12|29|25|15|18|16|17|25|27|29|30|32|21|15|18|20|19|16|17|23|17|15|3|10|11|6|16|16|16|8|533|20|259|20|14|19|24|2|4|4|17|25|17|11|9|7|8|4|12|8|7|15|8|10|
2016-02-13|6|1_CTs|CT5||37|28|23|25|20|15|20|9|12|12|23|16|13|11|7|6|10|5|9|8|11|5|9|3|11|10|11|15|12|10|19|30|278|24|30|25|36|30|32|35|31|34|55|59|51|51|310|64|301|55|77|61|299|53|51|51|58|56|66|52|58|77|67|59|57|305|65|67|50|61|60|60|50|64|64|54|32|43|42|304|283|58|43|33|39|28|29|16|22|25|17|25|20|15|22|19|
2016-02-13|6|1_CTs|CT6||239|49|31|26|19|24|12|11|19|10|10|7|6|7|6|2|5|3|8|10|10|6|9|15|8|13|10|226|26|27|23|36|31|39|285|69|55|65|551|61|79|316|82|101|99|119|102|135|138|113|132|128|123|123|121|110|87|81|92|98|103|94|79|107|75|79|83|577|87|351|83|99|90|333|77|343|72|76|78|82|81|82|58|67|63|47|280|36|42|41|43|29|39|36|39|37|
2016-02-13|6|1_CTs|CT7||7|5|8|4|1|4|4|6|5|3|5|1|1|1|4|2|2|1|2|1|3|264|2|1|3|7|2|8|4|4|14|15|9|12|11|16|14|16|22|276|256|19|19|22|26|20|28|15|22|276|34|13|13|25|18|16|27|15|19|22|16|21|27|28|21|18|13|21|20|19|21|16|15|14|15|14|23|14|27|18|13|18|14|17|16|7|8|9|9|4|7|5|6|15|4|8|
2016-02-13|6|1_CTs|CT8||47|310|34|40|31|29|37|24|17|24|32|276|38|225|16|15|11|26|9|15|11|19|12|24|19|257|25|27|33|40|47|51|51|61|82|341|78|88|77|349|87|337|97|100|106|92|113|130|102|362|594|104|576|125|361|109|137|120|107|109|115|127|113|118|122|114|114|327|100|371|119|105|108|368|121|368|129|128|137|127|94|105|95|87|87|76|62|61|54|57|54|72|52|61|57|256|
2016-02-13|6|1_CTs|CT9||62|71|65|48|42|290|29|33|32|27|25|18|266|19|15|16|14|24|31|50|69|71|27|28|32|34|40|36|42|59|56|69|80|69|87|360|108|106|111|140|124|134|124|398|171|153|165|669|424|167|410|198|168|163|676|138|378|151|382|154|130|161|148|162|408|495|296|528|343|296|182|139|129|118|150|123|123|141|145|107|132|364|108|102|96|64|81|69|61|63|57|60|70|72|62|70|
2016-02-13|6|1_CTs|CT10||59|299|41|31|276|26|24|271|11|10|11|16|7|8|14|8|8|5|10|11|269|7|15|15|18|18|18|26|28|28|36|304|43|302|54|79|66|81|99|105|116|108|120|105|108|118|128|120|123|136|374|381|398|109|116|107|134|401|147|383|118|122|148|117|101|111|134|123|116|118|132|127|94|108|110|95|95|93|100|365|92|77|76|592|76|58|48|40|38|39|45|38|45|35|32|35|
2016-02-13|6|1_CTs|CT12||63|46|35|39|29|27|22|23|12|15|17|19|15|12|511|10|11|7|10|12|14|15|17|30|22|26|26|34|32|287|308|55|59|322|72|334|336|88|365|401|389|133|161|175|181|148|168|159|163|184|150|387|173|180|166|108|155|375|157|151|163|146|166|152|110|391|157|407|142|151|161|134|108|160|401|123|121|116|124|103|105|112|100|99|73|73|56|54|50|53|48|57|49|49|42|302|
2016-02-13|6|1_CTs|CT15||43|40|35|23|15|20|23|20|15|13|17|9|10|6|9|10|10|21|36|59|84|92|24|30|27|36|26|41|29|42|58|57|59|56|59|336|74|94|76|99|105|100|90|611|94|96|84|97|89|343|88|88|93|107|83|85|85|350|85|339|73|97|76|91|72|462|252|484|237|207|78|320|74|320|78|80|70|88|80|339|72|76|68|48|46|34|41|39|43|283|31|35|47|49|283|30|
2016-02-13|6|1_CTs|CT16||69|53|51|26|30|28|27|31|275|17|20|273|10|10|16|10|10|9|12|12|19|18|13|17|16|25|31|44|33|40|66|75|64|338|78|105|359|105|395|147|144|144|147|152|181|156|145|164|160|443|425|438|168|163|176|146|163|131|148|437|152|172|161|160|133|147|663|425|139|139|156|142|142|148|128|121|385|133|153|159|110|123|135|373|95|81|87|59|60|48|58|54|69|55|51|48|
2016-02-13|6|1_CTs|CT17||62|273|46|35|27|27|22|37|30|21|28|25|26|18|17|9|18|7|8|15|11|5|12|14|7|12|20|13|28|23|29|37|31|42|43|315|337|105|375|178|153|148|145|156|186|160|178|182|202|190|449|203|428|175|171|146|163|126|154|137|390|157|121|149|144|154|132|139|136|168|146|110|366|378|163|115|122|144|136|81|387|345|348|85|80|71|321|45|52|63|51|72|64|66|57|85|
2016-02-13|6|1_CTs|CT18||106|97|88|55|313|34|50|41|292|33|41|29|28|23|274|18|23|25|25|27|21|18|28|22|34|32|40|50|34|43|70|95|326|86|98|94|387|371|393|171|168|177|193|467|203|204|206|460|459|241|243|249|461|242|220|169|441|190|182|224|198|236|204|222|207|701|465|222|175|185|466|427|169|204|427|187|154|439|166|666|673|179|195|147|146|108|119|84|340|88|88|101|99|94|101|78|
2016-02-13|6|1_CTs|CT19||43|54|45|297|28|268|28|33|18|19|28|28|13|15|15|14|15|11|10|8|269|265|12|10|7|268|14|20|22|15|19|29|31|34|38|55|61|84|585|359|352|110|107|116|145|120|139|142|160|170|165|657|397|183|143|146|120|361|121|109|105|136|119|119|126|382|118|155|119|136|143|148|374|123|378|373|115|113|105|124|115|123|100|344|75|63|71|62|53|313|46|56|64|60|48|48|
2016-02-13|6|1_CTs|CT20||48|46|35|18|27|24|16|34|34|17|8|11|274|9|7|6|8|5|3|9|4|18|269|12|18|19|10|11|22|26|26|297|39|45|50|51|318|312|77|83|87|100|128|360|67|116|94|33|135|129|119|130|129|373|642|135|108|26|379|385|116|138|137|27|91|131|114|385|111|126|94|102|353|108|350|77|348|91|84|94|100|87|80|1|336|67|39|31|50|47|35|48|40|52|46|34|
2016-02-13|6|1_CTs|CT21||93|312|77|55|54|40|35|40|30|17|19|21|27|18|22|21|17|21|291|33|41|45|62|66|64|72|66|68|70|91|117|127|102|335|355|175|151|142|164|163|355|141|177|179|155|192|184|405|177|389|160|185|185|155|381|160|138|149|179|181|212|225|405|189|167|182|201|205|188|191|170|412|161|175|163|416|156|437|184|184|392|159|410|129|98|100|81|73|84|86|61|72|84|91|95|75|
2016-02-13|6|1_CTs|CT22||125|120|114|66|64|281|62|44|50|44|264|37|27|270|30|27|28|34|52|54|64|68|71|82|76|66|313|297|89|84|97|97|106|346|104|112|140|395|147|410|157|181|189|390|192|200|193|457|211|229|498|200|237|234|207|197|434|195|210|203|222|197|193|209|210|181|397|225|196|205|221|426|415|242|206|198|184|181|199|156|159|152|131|354|108|108|119|367|122|93|99|85|95|553|105|96|
2016-02-13|6|1_CTs|CT23||93|62|62|52|50|37|58|43|29|32|522|25|39|20|20|18|15|26|19|25|13|37|31|39|28|32|46|43|44|65|86|313|74|341|125|145|126|132|148|166|403|157|153|389|180|170|156|188|178|180|683|182|172|199|435|403|406|395|177|163|675|182|194|184|424|194|179|196|210|448|173|193|394|171|161|143|396|170|169|183|126|126|144|375|113|129|310|84|72|95|62|302|127|87|80|78|
2016-02-13|6|1_CTs|CT24||122|101|84|81|51|61|40|38|31|37|38|275|29|25|23|25|28|24|23|31|34|34|276|41|34|36|40|40|62|63|75|82|308|97|82|120|134|415|363|172|155|191|177|180|204|200|222|203|455|420|377|448|216|244|194|428|183|172|187|172|205|438|193|219|210|455|218|242|184|215|226|408|202|202|205|189|192|180|178|178|161|155|149|117|92|106|300|81|95|289|94|93|102|91|79|90|
