2011-05-02|2|1_CTs|ct1||39|26|34|15|12|16|14|9|3|4|8|4|4|4|7|5|3|6|8|10|12|12|14|20|15|18|40|52|61|60|95|116|112|131|130|108|100|129|121|122|125|126|140|136|145|134|145|131|148|144|134|137|148|103|110|101|139|124|131|124|133|131|130|124|119|113|132|138|113|95|113|127|102|120|96|98|108|113|115|108|122|117|78|111|74|80|69|69|87|58|46|59|58|49|36|41|
2011-05-02|2|1_CTs|ct2||8|6|9|7|5|8|8|5|3|7|1|3|4|1|2|1|4|2|3|1|3|10|8|13|12|11|14|26|14|15|29|23|31|31|39|40|59|52|56|67|62|68|81|59|71|63|61|66|76|87|58|58|82|74|58|43|58|50|51|71|62|51|64|59|52|57|59|47|46|57|51|47|51|47|41|45|34|54|49|54|50|48|38|39|37|29|17|22|31|19|14|22|26|18|15|18|
2011-05-02|2|1_CTs|ct3||71|63|63|40|34|34|37|20|14|16|17|13|19|9|16|18|12|13|23|16|17|33|31|44|38|47|62|78|84|81|135|149|151|194|177|164|170|206|162|178|218|202|226|211|213|224|196|227|214|241|190|205|219|198|194|156|204|184|190|204|208|189|211|212|194|199|212|212|174|174|192|199|184|198|157|183|185|192|186|185|182|183|151|159|136|134|105|117|128|102|92|93|122|91|74|80|
2011-05-02|2|1_CTs|ct4||48|46|38|31|30|21|20|15|18|21|11|6|7|9|6|3|4|8|6|8|9|11|20|16|29|20|34|40|49|64|62|86|110|126|129|132|151|141|147|151|108|150|121|145|127|134|156|137|119|132|146|142|136|127|131|127|117|117|115|134|141|136|110|146|134|150|171|171|140|132|112|119|107|137|109|102|107|94|115|116|97|111|76|86|92|101|72|67|58|58|68|86|72|61|60|63|
2011-05-02|2|1_CTs|ct5||75|77|63|45|42|31|34|23|25|22|12|14|11|16|8|5|9|11|11|19|9|17|19|24|22|14|38|42|57|66|88|122|136|191|190|196|212|222|220|221|200|201|201|228|210|207|203|208|205|203|184|206|201|180|160|180|182|186|163|202|182|218|227|232|228|252|225|267|246|227|206|212|178|204|207|177|184|161|177|160|131|159|121|140|131|118|101|99|97|84|102|111|105|87|83|75|
2011-05-02|2|1_CTs|ct6||53|50|43|33|40|24|19|16|16|19|4|9|10|8|8|9|7|12|9|13|11|12|18|33|22|21|34|37|41|57|73|111|92|93|94|91|87|113|93|108|103|108|114|128|118|127|142|141|140|134|164|134|128|124|116|111|115|127|142|150|134|136|135|135|145|165|136|159|136|159|141|113|115|120|103|122|120|106|89|117|88|105|68|85|72|69|73|74|77|60|61|84|86|76|74|60|
2011-05-02|2|1_CTs|ct17||52|39|39|18|23|22|23|12|10|10|7|5|8|4|5|3|4|5|10|10|9|12|13|16|17|15|38|41|55|55|71|115|136|154|137|135|129|144|136|118|139|120|138|122|130|131|130|138|136|128|142|137|115|117|117|106|127|142|125|134|142|128|111|134|127|127|125|141|131|135|124|131|138|150|137|120|131|139|139|130|126|137|107|117|108|89|80|71|92|72|56|70|67|56|47|50|
2011-05-02|2|1_CTs|CT19||44|27|29|19|16|15|19|7|7|11|5|6|10|4|4|4|5|4|9|9|8|8|9|10|14|15|20|24|39|57|53|82|101|100|98|100|99|105|109|103|92|107|115|101|113|101|124|123|126|128|136|109|118|98|106|77|103|115|111|117|118|106|121|103|110|113|119|110|137|125|112|150|134|116|129|108|117|134|125|140|126|121|79|89|94|66|58|59|54|49|45|53|46|43|36|43|
2011-05-02|2|1_CTs|CT20||31|38|26|32|20|28|14|17|20|12|8|11|7|3|6|6|2|6|5|5|2|9|4|16|12|12|16|25|22|28|44|76|74|78|96|96|94|81|98|92|74|84|71|60|63|76|71|80|71|68|72|81|68|63|51|65|70|63|74|76|78|67|72|83|76|72|88|84|79|77|88|73|85|86|71|83|92|84|84|66|79|69|62|60|77|66|46|48|50|42|51|48|44|59|40|49|
2011-05-02|2|1_CTs|CT21||23|25|14|17|10|15|11|12|13|10|3|5|6|1|2|2|1|3|1|1|1|3|2|8|6|8|6|11|10|16|27|45|56|58|60|71|57|53|59|52|40|47|42|43|44|47|42|43|40|34|49|50|39|39|35|37|47|36|42|46|43|44|42|49|45|39|53|56|48|47|56|47|60|44|44|47|45|50|42|38|50|45|35|28|52|45|19|27|38|22|25|31|36|34|24|35|
