2014-10-19|6|1_CTs|CT1||1|2|1|1|0|0|1|0|0|0|0|1|1|0|0|0|1|2|1|0|1|0|1|0|1|0|1|1|1|2|0|0|1|0|4|1|0|1|1|1|1|1|0|6|2|2|3|5|3|2|1|5|2|5|3|1|2|4|3|3|1|2|2|2|1|3|1|6|4|5|4|3|2|1|1|2|3|7|9|2|2|4|1|0|1|0|0|2|1|0|0|1|0|2|0|0|
2014-10-19|6|1_CTs|CT3||17|18|16|16|5|11|6|2|3|6|12|3|5|7|6|11|11|9|16|15|20|29|25|18|23|19|25|22|40|39|36|33|32|44|35|29|35|33|42|35|37|26|43|39|43|49|29|45|32|52|35|44|41|47|37|57|31|43|29|28|31|47|35|36|34|57|45|50|41|63|52|43|43|37|41|43|48|53|36|40|33|37|23|21|29|20|25|24|24|20|19|16|22|22|18|15|
2014-10-19|6|1_CTs|CT4||10|7|10|7|5|4|10|4|4|8|5|0|4|3|1|4|3|2|2|2|4|1|3|1|2|2|4|1|3|2|4|5|2|5|6|4|7|6|9|7|5|9|10|9|12|16|12|17|17|21|8|15|13|21|21|14|12|19|15|13|18|13|22|17|12|24|22|14|15|14|3|13|17|16|13|32|19|14|20|28|15|16|11|9|6|9|13|12|9|8|3|9|5|7|3|6|
2014-10-19|6|1_CTs|CT5||25|32|26|20|18|21|15|11|18|18|13|10|12|9|16|5|11|11|12|11|15|6|5|6|11|6|7|9|11|8|12|13|9|16|16|15|7|13|15|11|28|21|25|24|26|32|29|39|38|38|31|45|38|32|38|41|32|28|52|25|36|40|37|55|41|46|44|41|42|42|44|47|40|55|48|49|41|53|44|40|35|37|40|42|37|22|29|26|28|25|19|15|21|19|15|18|
2014-10-19|6|1_CTs|CT6||24|24|21|16|28|24|11|11|15|11|13|11|7|7|1|3|8|4|8|4|8|10|7|9|14|13|5|16|11|12|18|17|17|19|19|17|25|29|33|32|36|32|48|39|49|42|75|73|65|80|87|73|90|84|67|90|72|51|65|66|55|72|70|85|62|65|71|85|48|68|69|76|69|73|74|87|69|71|77|72|70|65|66|33|52|60|55|40|48|43|38|25|37|36|17|23|
2014-10-19|6|1_CTs|CT7||11|5|6|7|6|4|1|1|3|2|1|3|2|0|1|4|2|3|1|1|4|5|3|3|3|3|5|2|7|6|3|4|8|9|9|7|10|11|7|9|13|8|10|8|9|16|14|16|20|21|16|14|14|20|15|14|5|11|17|12|14|14|23|17|16|19|22|19|16|18|27|22|19|28|23|28|26|16|20|20|20|20|21|17|12|8|9|15|10|3|3|9|11|4|6|6|
2014-10-19|6|1_CTs|CT8||48|54|54|42|28|43|30|44|34|20|25|18|22|19|17|16|21|23|17|9|10|13|13|15|16|21|17|26|21|25|39|27|23|28|32|42|42|42|52|59|43|67|61|71|51|59|64|80|82|90|91|98|81|95|86|78|88|96|100|93|90|117|99|108|110|99|105|97|99|103|118|99|110|114|120|111|105|117|118|107|105|100|81|96|93|80|71|45|62|53|61|48|51|51|42|29|
2014-10-19|6|1_CTs|CT9||61|60|47|47|35|25|30|22|25|21|25|22|20|22|19|16|21|13|9|14|9|18|14|21|18|18|26|26|32|30|49|34|36|44|55|47|53|41|72|74|58|96|79|105|91|93|116|114|116|118|134|124|112|113|119|118|99|136|125|123|131|152|154|120|128|107|113|150|121|140|134|135|166|138|138|148|131|134|119|122|94|126|89|102|90|90|75|81|85|73|67|49|42|62|47|49|
2014-10-19|6|1_CTs|CT10||52|31|34|21|31|25|32|24|21|25|17|20|17|5|13|14|9|10|7|7|6|7|11|14|15|12|14|24|21|17|24|28|29|37|37|38|34|45|50|64|67|54|80|65|67|94|87|60|80|96|89|103|90|100|71|75|98|59|78|81|84|75|93|88|92|86|89|92|105|110|108|133|108|99|138|144|125|103|95|90|101|137|103|70|52|55|74|55|52|51|51|30|28|50|26|25|
2014-10-19|6|1_CTs|CT11||38|49|35|31|27|26|18|13|14|12|12|8|12|7|5|12|6|4|5|5|8|7|10|11|10|12|19|22|19|31|47|29|37|35|57|57|65|49|78|71|61|93|83|78|64|87|101|113|98|88|122|125|122|111|89|102|111|92|106|105|95|116|105|126|107|99|113|109|112|118|150|115|119|122|108|128|104|104|117|125|119|144|110|87|55|62|67|73|66|67|51|44|49|44|36|19|
2014-10-19|6|1_CTs|CT12||57|55|47|34|25|23|19|23|20|22|16|11|16|12|15|15|20|13|11|10|8|10|11|17|14|17|20|27|21|23|37|42|36|46|56|50|66|57|84|87|79|83|92|88|89|83|106|98|99|102|102|126|100|109|84|85|99|77|111|108|91|104|90|109|102|101|107|110|128|119|124|141|115|118|154|153|144|123|114|117|133|123|119|85|65|82|89|72|64|61|55|46|42|47|32|29|
2014-10-19|6|1_CTs|CT15||36|24|28|23|25|15|14|7|17|18|9|19|11|13|9|11|8|11|8|14|25|22|19|23|24|23|30|30|48|35|32|36|43|44|55|51|48|52|56|67|64|76|71|75|74|55|72|85|76|89|68|88|80|79|61|73|66|67|69|75|71|88|70|90|79|80|86|69|69|88|94|73|84|101|97|81|89|77|108|85|77|77|76|74|69|59|58|54|50|36|38|29|40|33|36|30|
2014-10-19|6|1_CTs|CT16||54|40|43|29|35|31|19|25|21|27|12|19|19|6|9|20|10|8|6|9|9|12|11|9|15|15|24|19|29|26|31|28|35|38|42|54|52|40|60|64|78|91|79|75|70|92|122|99|103|118|125|137|135|142|101|113|108|93|123|106|103|116|122|130|122|119|135|125|131|142|148|156|147|150|149|176|150|121|130|128|138|183|136|100|86|68|72|87|78|53|59|56|54|45|35|34|
2014-10-19|6|1_CTs|CT17||31|25|32|26|18|12|13|25|10|25|29|14|15|23|15|15|13|9|9|8|3|16|6|13|14|9|11|15|10|14|38|38|48|34|42|26|48|52|87|63|68|59|72|61|71|56|60|40|74|62|62|60|48|56|41|42|37|35|55|36|43|45|41|47|42|42|45|48|46|50|47|50|70|69|87|75|97|64|98|74|81|78|64|49|57|65|75|63|37|37|31|32|34|29|51|63|
2014-10-19|6|1_CTs|CT18||83|90|82|52|54|47|48|32|35|37|33|32|31|22|29|20|19|28|21|22|28|20|15|23|21|24|25|30|36|39|43|38|34|56|50|47|58|69|66|64|108|85|87|101|101|109|126|142|130|122|152|175|159|156|136|146|122|126|139|129|149|143|144|169|156|180|166|147|156|151|167|176|162|182|199|200|164|184|158|161|146|160|187|122|116|86|99|101|110|85|68|69|68|67|56|52|
2014-10-19|6|1_CTs|CT19||44|40|40|40|27|25|27|28|27|31|23|17|24|16|22|14|13|10|6|8|5|13|9|11|13|7|12|7|11|14|26|16|22|17|30|21|41|32|53|57|54|58|53|60|60|65|91|89|90|102|110|105|74|88|87|86|69|78|78|78|90|91|93|106|78|103|108|112|105|113|117|106|140|134|137|111|128|105|123|110|101|85|79|76|70|76|67|54|49|52|32|42|34|31|45|32|
2014-10-19|6|1_CTs|CT20||42|25|25|15|16|20|17|21|14|6|13|8|7|11|5|8|10|4|4|6|9|7|11|10|8|8|7|16|19|15|27|22|27|34|23|23|31|41|44|56|58|63|71|74|86|80|85|30|65|102|39|32|91|88|26|87|56|28|25|75|81|74|80|85|81|6|58|26|63|42|68|91|21|89|85|102|93|83|79|80|62|67|65|30|53|6|50|46|40|44|31|30|19|25|17|18|
2014-10-19|6|1_CTs|CT21||87|100|87|85|57|47|49|35|29|24|31|29|19|13|21|27|26|37|30|40|27|54|58|49|51|49|55|53|57|75|73|87|71|72|91|65|67|103|84|113|142|147|156|120|136|123|126|136|141|165|151|175|149|186|175|156|143|158|137|174|198|221|190|190|193|198|195|225|192|189|220|227|219|241|246|253|255|236|208|224|193|216|184|164|163|157|142|148|162|140|130|101|102|123|81|81|
2014-10-19|6|1_CTs|CT22||105|94|93|101|85|55|72|59|73|62|50|52|47|42|55|51|48|53|54|64|61|74|80|81|57|59|66|84|90|80|83|79|94|94|106|111|115|115|117|120|152|157|149|164|161|182|198|200|168|212|204|202|172|208|163|166|185|155|181|176|180|201|203|183|225|216|197|175|209|217|219|229|235|223|221|205|220|228|247|203|187|159|167|145|150|163|123|133|103|111|104|95|92|95|90|86|
2014-10-19|6|1_CTs|CT23||85|66|78|58|60|58|47|36|35|29|32|31|29|23|23|24|29|38|25|25|20|21|25|24|32|36|38|48|47|56|60|55|55|67|65|85|80|78|101|111|106|116|119|134|120|104|110|132|132|152|142|169|139|154|125|136|139|147|174|165|167|177|163|187|154|157|174|147|165|166|180|160|174|156|195|183|159|161|177|152|140|142|132|134|129|114|110|92|105|89|86|86|58|75|79|50|
2014-10-19|6|1_CTs|CT24||86|92|85|71|64|54|46|48|47|39|35|30|37|47|46|37|22|27|27|35|41|38|26|37|30|37|30|48|50|51|57|52|58|45|67|62|70|68|95|92|94|107|115|82|124|145|131|146|134|169|154|180|176|158|131|137|112|124|94|125|149|164|145|173|180|189|148|181|182|188|187|183|194|193|185|197|214|204|173|178|166|159|135|150|118|116|105|105|102|107|100|79|85|85|80|57|
