2012-03-10|7|1_CTs|CT1||42|42|25|32|26|24|24|26|20|14|19|16|13|10|12|7|12|24|6|6|13|9|13|11|12|17|16|17|28|24|41|31|34|32|60|62|78|64|84|75|91|83|103|114|109|122|115|121|126|131|123|105|105|129|107|86|101|88|72|111|89|97|130|110|132|113|99|118|110|103|103|96|106|113|112|109|107|90|108|101|83|85|76|62|59|53|43|41|40|44|38|41|39|40|26|40|
2012-03-10|7|1_CTs|CT2||109|112|114|88|70|78|76|78|68|50|66|35|26|28|42|33|36|26|48|24|46|36|30|32|44|36|64|72|72|62|89|94|106|127|152|212|217|215|222|242|260|259|253|273|257|280|287|350|326|314|303|319|314|279|263|265|211|222|250|254|257|194|300|275|221|260|231|290|301|286|267|272|240|328|278|224|257|243|211|216|212|223|201|188|191|167|133|122|120|134|108|100|104|114|109|122|
2012-03-10|7|1_CTs|CT4||35|22|29|17|20|31|20|28|24|23|20|25|17|21|16|11|9|6|6|11|10|16|9|10|9|11|3|4|0|0|0|0|2|0|10|2|5|4|8|5|4|4|10|9|15|7|5|3|4|12|20|15|18|17|6|8|3|9|12|7|11|8|9|14|13|16|22|16|25|26|15|13|10|12|22|27|16|20|16|17|15|16|8|12|12|16|8|6|11|33|22|16|37|37|33|29|
2012-03-10|7|1_CTs|CT6||66|51|39|35|46|37|29|40|32|24|18|24|22|23|18|17|18|22|21|16|15|19|13|17|16|19|16|23|12|20|29|38|45|46|64|74|68|67|72|85|95|116|130|95|118|142|137|117|123|131|125|111|137|136|134|106|93|101|111|116|120|103|140|118|105|125|127|136|131|128|111|140|137|138|136|119|149|126|109|110|98|91|81|82|47|57|43|55|49|44|53|56|46|64|61|47|
2012-03-10|7|1_CTs|CT7||61|50|46|27|31|32|22|20|29|18|25|5|15|10|17|10|12|8|14|10|17|15|15|13|16|20|20|36|34|36|19|27|40|45|35|59|56|72|63|82|99|74|82|87|98|80|97|95|79|98|97|88|97|116|92|82|75|65|66|75|84|89|84|89|75|97|85|111|121|99|72|67|95|87|108|107|93|93|85|88|78|71|70|49|42|57|55|38|43|50|36|59|41|48|45|54|
2012-03-10|7|1_CTs|CT8||113|149|118|118|70|61|61|54|59|56|40|27|30|20|35|48|33|43|52|48|58|62|62|84|93|111|113|132|108|117|161|171|190|190|220|224|224|228|287|267|234|271|264|237|246|242|264|306|259|279|238|290|272|204|259|205|237|233|253|288|278|297|314|273|253|253|235|257|282|250|281|242|241|265|286|283|272|259|247|252|242|234|200|206|165|130|150|176|132|139|146|100|127|121|106|137|
2012-03-10|7|1_CTs|CT9||91|75|87|71|66|53|43|36|54|39|33|30|17|18|20|24|25|23|28|31|31|36|43|45|51|73|59|84|63|83|96|89|105|125|133|157|154|159|187|183|169|172|199|177|177|175|185|196|174|182|165|178|179|166|156|137|152|161|169|191|165|203|210|190|164|172|147|169|162|184|179|159|148|159|169|167|185|176|170|167|169|155|153|133|127|107|103|122|83|97|98|94|93|99|80|91|
2012-03-10|7|1_CTs|CT10||136|122|109|112|123|101|95|102|85|71|74|55|60|72|71|79|62|48|62|78|48|55|49|56|39|48|67|65|69|66|99|88|100|110|125|150|144|145|152|171|158|202|187|192|216|222|236|238|239|226|261|221|271|272|201|186|183|195|172|191|223|228|203|253|254|234|271|244|237|237|271|213|253|224|205|222|244|212|216|204|211|193|151|157|138|117|132|147|110|128|120|131|118|171|124|115|
2012-03-10|7|1_CTs|CT11||122|106|113|110|94|82|88|116|81|67|60|53|53|55|71|74|44|29|51|60|61|49|42|64|41|56|61|86|85|74|90|91|104|118|139|116|154|153|153|177|212|234|208|181|303|256|231|247|275|502|1029|1374|1146|777|394|201|229|223|208|180|225|233|202|228|224|240|255|218|228|230|251|191|201|233|206|208|203|203|203|190|199|168|155|154|133|122|152|128|122|130|109|110|115|123|139|117|
2012-03-10|7|1_CTs|CT12||99|83|66|65|61|54|45|46|40|37|21|34|21|24|18|25|29|22|21|22|23|17|19|25|21|23|30|33|28|35|44|32|48|45|61|84|79|89|91|116|135|134|137|147|158|198|178|204|176|168|217|200|207|218|188|170|118|145|154|162|162|165|177|187|142|163|148|193|180|183|178|202|182|217|188|181|184|163|171|172|158|133|125|117|104|91|79|92|71|84|79|71|76|78|71|75|
2012-03-10|7|1_CTs|CT13||24|21|22|19|12|10|9|6|11|7|10|0|7|5|7|5|5|3|6|5|5|4|5|0|6|5|6|12|6|15|5|11|13|14|18|24|20|27|34|40|41|30|34|49|46|37|34|33|38|45|41|44|70|50|42|40|38|43|37|39|47|60|49|39|45|43|46|52|61|49|38|40|40|38|60|45|40|54|49|47|31|34|38|30|21|30|29|26|25|35|21|25|19|18|29|31|
2012-03-10|7|1_CTs|CT14||168|146|134|126|115|103|109|120|89|88|67|58|70|71|72|66|54|52|64|59|54|64|49|66|61|64|89|102|109|113|111|139|132|166|172|175|188|211|230|250|253|285|236|273|288|290|300|321|316|343|324|323|405|345|333|263|260|239|264|258|289|298|287|320|291|338|341|297|307|348|321|298|327|302|304|278|256|252|256|238|251|208|189|155|167|142|139|136|122|131|145|125|138|140|135|160|
2012-03-10|7|1_CTs|CT15||23|17|19|16|13|17|15|11|12|9|4|11|7|8|11|6|2|9|12|7|14|6|7|11|9|10|13|18|11|11|17|13|21|17|29|29|40|38|52|38|47|58|57|55|54|36|56|58|62|50|59|49|54|54|50|49|28|44|48|44|59|44|52|54|34|60|48|55|45|45|40|63|32|53|42|48|56|43|60|43|26|48|42|26|24|33|22|24|16|30|25|22|26|35|37|33|
