2013-07-12|3|1_CTs|ct1||58|55|61|38|40|32|32|16|14|7|21|4|13|4|6|5|8|6|3|7|7|9|11|18|16|11|39|39|49|54|97|128|179|198|232|250|232|218|196|160|178|188|161|171|146|181|176|175|173|178|185|197|186|172|149|159|184|189|183|192|180|167|194|185|195|191|191|223|200|199|212|199|198|220|213|204|229|223|204|199|188|200|177|167|152|139|121|100|98|103|91|79|81|84|94|80|
2013-07-12|3|1_CTs|ct3||98|102|98|74|79|65|69|72|52|44|69|41|53|36|51|93|87|71|132|67|74|51|136|41|62|84|105|251|222|131|201|227|217|259|326|310|330|270|266|280|283|266|249|251|267|260|273|261|268|277|240|311|257|247|223|247|201|271|259|249|272|259|253|278|288|248|222|242|230|236|218|232|203|224|238|210|227|234|262|224|237|251|254|298|313|268|258|288|200|234|239|214|181|298|182|253|
2013-07-12|3|1_CTs|ct5||159|113|134|137|100|69|84|66|50|51|43|45|31|31|28|27|17|29|17|23|8|15|21|14|19|20|25|32|45|53|95|131|164|168|209|209|212|207|177|184|154|161|205|193|189|205|199|230|236|215|240|253|250|239|220|215|212|203|217|224|231|243|218|258|258|251|299|291|306|301|307|332|295|311|245|220|223|291|284|307|275|256|244|185|189|169|153|148|147|160|133|124|123|182|182|179|
2013-07-12|3|1_CTs|ct6||15|10|7|4|6|2|2|3|1|3|4|1|1|1|1|1|0|1|1|1|2|3|0|1|2|2|10|12|13|27|40|29|41|50|68|58|71|73|63|44|43|41|38|42|49|32|43|47|39|53|52|44|44|43|29|41|41|55|80|73|70|79|67|68|54|63|54|48|75|68|61|67|67|61|56|51|49|59|66|60|39|48|39|43|30|28|21|11|22|22|25|15|22|21|18|11|
2013-07-12|3|1_CTs|ct7||152|135|177|151|109|95|98|81|67|66|71|58|42|37|33|35|32|44|27|23|27|27|32|33|29|41|40|33|37|54|75|81|112|119|138|157|144|143|158|163|147|138|128|170|163|162|189|188|190|200|203|174|139|167|189|184|173|179|188|187|177|202|209|209|192|75|79|99|101|62|74|67|59|74|90|91|81|100|123|166|178|174|164|133|141|114|109|109|137|138|117|113|130|182|219|148|
2013-07-12|3|1_CTs|ct9||84|70|85|88|72|73|49|28|53|57|48|57|37|40|20|32|27|37|29|20|32|14|29|19|23|30|41|45|56|56|101|149|188|180|189|236|211|196|264|222|261|195|187|170|200|159|185|195|185|164|155|153|179|155|142|143|167|178|185|181|163|200|174|208|156|161|179|178|170|181|177|182|204|187|211|197|165|180|206|178|157|136|159|134|124|137|104|110|83|101|107|101|119|99|95|129|
2013-07-12|3|1_CTs|ct10||115|114|97|92|87|81|65|54|59|75|62|54|36|41|35|28|51|35|49|38|34|24|34|22|25|29|42|47|44|39|67|73|89|127|154|190|167|166|179|141|140|132|120|129|132|128|125|128|155|134|141|153|132|143|120|136|159|176|160|153|172|152|160|150|149|153|147|180|156|166|157|178|153|158|153|163|170|167|163|138|138|135|116|135|130|109|117|105|116|105|104|97|99|98|90|73|
2013-07-12|3|1_CTs|ct13||250|222|206|186|160|191|164|152|136|136|130|136|100|78|74|92|88|90|81|74|84|56|80|88|84|76|92|135|113|100|163|196|215|198|235|253|236|257|284|284|200|254|239|279|238|287|254|195|268|304|313|315|260|178|0|16|268|265|640|164|244|237|223|198|215|214|46|0|0|0|175|262|230|269|292|206|236|234|202|259|265|311|280|259|265|274|248|249|224|228|246|204|258|234|253|224|
2013-07-12|3|1_CTs|ct14||54|42|52|39|23|20|17|21|15|12|17|14|14|13|8|5|6|11|7|8|11|9|17|23|23|29|60|112|165|221|263|277|295|277|303|286|299|294|283|286|232|239|238|215|197|176|183|203|186|202|179|209|155|154|164|191|173|203|206|199|184|183|203|192|173|180|197|168|194|227|206|252|221|249|200|188|193|203|216|171|216|172|162|122|124|96|79|95|84|96|82|68|55|72|70|59|
2013-07-12|3|1_CTs|CT16||156|77|128|119|102|95|63|42|52|58|54|55|38|64|64|25|31|49|27|27|27|33|27|26|35|32|36|54|60|79|89|130|161|128|194|192|158|213|219|183|195|163|182|171|219|163|192|165|217|161|204|156|178|139|129|125|177|161|174|169|165|201|172|183|199|167|186|188|202|237|220|253|201|254|227|258|202|241|234|230|221|182|150|139|145|113|108|98|110|104|131|127|104|152|84|103|
2013-07-12|3|1_CTs|ct17||121|117|76|88|73|47|43|42|36|35|33|28|21|19|24|19|28|20|38|25|31|25|24|25|32|37|36|54|80|64|119|139|218|233|311|299|319|297|266|283|213|238|214|204|203|182|216|196|196|200|199|240|204|217|173|210|194|235|217|257|237|250|195|243|225|238|227|226|226|247|261|242|228|258|248|223|248|239|255|229|204|175|180|198|162|152|129|136|111|95|96|125|103|89|95|96|
2013-07-12|3|1_CTs|ct18||146|137|121|112|110|99|73|65|78|86|78|65|58|44|45|35|54|48|52|45|32|31|30|40|41|47|47|72|83|78|108|150|193|231|255|231|270|252|243|245|209|201|194|200|189|179|191|199|182|159|180|173|206|193|191|193|211|231|203|207|222|181|232|200|205|202|207|178|191|183|203|223|202|199|197|210|184|204|204|222|189|158|164|210|165|174|158|141|133|127|127|138|151|119|125|120|
2013-07-12|3|1_CTs|ct19||1|1|1|1|0|1|0|0|0|0|0|0|0|1|0|0|0|0|0|1|0|0|2|4|1|4|2|6|7|5|5|6|8|1|3|4|5|5|6|9|5|6|3|6|3|5|5|8|6|3|5|4|3|4|5|5|4|5|5|6|6|6|2|5|9|6|5|6|8|6|7|4|3|5|6|5|4|2|9|5|8|5|3|4|6|2|4|6|1|1|1|2|1|1|1|2|
2013-07-12|3|1_CTs|ct20||68|57|60|47|36|35|25|27|19|17|16|14|18|12|8|10|6|10|14|16|16|10|16|21|18|31|39|56|68|99|153|164|166|171|165|185|182|152|146|180|192|170|173|186|169|169|142|169|131|168|151|158|152|164|164|138|182|176|156|151|135|161|186|139|183|182|163|152|159|165|182|132|158|154|155|152|115|98|143|125|99|163|139|122|170|140|129|126|109|85|101|107|89|86|90|98|
2013-07-12|3|1_CTs|ct22||13|1|2|8|2|4|2|3|4|3|3|0|4|3|2|1|3|3|2|4|1|1|2|4|2|3|0|2|4|5|9|7|12|18|17|19|13|17|24|18|31|29|28|19|22|17|19|19|25|26|25|24|21|21|16|22|17|25|28|21|24|28|27|26|31|35|35|50|44|49|58|51|57|56|55|45|44|40|40|39|31|26|11|17|15|14|12|15|10|5|10|10|7|12|9|8|
2013-07-12|3|1_CTs|CT23||121|96|89|60|74|41|45|38|30|22|25|8|14|11|16|12|17|8|11|14|12|9|12|22|14|16|33|42|62|73|114|150|203|222|303|300|276|279|222|204|202|198|189|205|199|200|227|241|203|227|285|288|282|287|254|211|246|272|234|254|271|239|261|278|275|347|359|317|372|376|418|402|459|462|446|443|429|422|424|416|351|342|306|295|220|254|216|166|161|162|147|140|129|113|135|119|
2013-07-12|3|1_CTs|ct24||251|218|206|137|129|114|85|70|59|57|56|51|63|43|31|36|41|41|36|58|53|75|87|91|135|155|289|433|587|736|957|946|902|849|943|985|876|936|827|896|980|897|927|885|833|785|808|820|789|766|808|897|772|788|775|712|774|840|895|871|809|812|882|797|777|783|786|827|809|866|957|943|844|831|755|638|793|787|872|752|830|792|738|689|557|491|460|449|356|368|361|357|317|355|297|302|
