2014-11-08|3|1_CTs|ct1||103|74|71|68|52|44|35|32|31|18|17|25|24|17|15|16|8|22|9|11|13|11|13|8|18|23|23|32|24|38|44|75|60|53|89|103|117|109|132|172|156|142|171|173|163|188|176|209|174|178|196|199|206|197|185|188|168|173|180|177|166|184|160|191|210|204|208|179|193|187|152|152|197|188|188|170|168|190|171|123|137|129|172|125|119|99|92|99|79|66|65|77|71|86|89|98|
2014-11-08|3|1_CTs|ct3||152|161|122|102|79|88|62|50|59|34|41|49|38|30|41|28|26|43|26|26|23|30|33|31|38|57|50|64|46|62|65|88|67|76|140|145|134|142|179|186|179|166|192|177|220|222|215|221|218|221|232|209|224|223|178|206|189|194|220|197|173|205|190|188|224|217|227|205|202|206|178|165|210|187|179|186|189|200|186|223|215|196|238|224|211|198|191|167|132|130|136|120|104|134|133|165|
2014-11-08|3|1_CTs|ct5||150|141|153|128|91|73|102|78|90|67|68|58|52|54|61|45|40|34|40|27|28|20|17|30|26|22|28|29|34|38|48|76|70|81|115|105|125|129|135|134|142|151|133|171|161|165|197|200|199|232|197|232|239|256|248|194|188|195|188|169|201|192|219|228|226|239|248|262|295|255|221|251|233|241|239|216|189|221|197|228|199|185|153|157|121|89|107|119|126|118|116|121|135|141|121|181|
2014-11-08|3|1_CTs|ct6||21|15|11|13|9|13|9|7|7|5|1|6|2|2|3|3|1|2|4|3|2|5|6|4|4|3|6|4|5|4|12|11|11|12|18|23|16|21|27|35|32|23|22|28|22|35|25|26|26|33|27|40|42|38|37|38|28|44|25|31|32|40|37|37|39|36|45|42|44|37|40|42|30|35|43|40|31|33|34|38|28|31|28|28|24|22|21|18|9|18|16|15|24|24|13|19|
2014-11-08|3|1_CTs|ct7||156|163|160|154|133|137|98|114|122|118|89|105|97|91|89|63|72|60|57|52|53|69|54|60|51|61|54|65|56|48|53|62|61|58|66|82|81|96|114|112|105|127|111|127|123|132|138|119|147|154|164|153|177|162|152|137|162|151|166|147|193|180|168|179|179|165|190|208|226|186|202|180|189|180|158|153|194|206|169|164|171|147|125|131|151|127|136|119|143|123|129|141|134|154|129|151|
2014-11-08|3|1_CTs|ct8||88|104|96|85|83|69|58|60|63|64|65|56|58|68|48|34|38|27|25|23|42|30|28|24|22|31|28|26|28|25|34|29|27|40|35|49|43|55|57|61|62|69|67|64|68|67|77|61|80|88|88|71|94|87|78|73|84|93|97|78|100|103|102|100|107|109|113|118|127|109|111|104|102|108|110|90|128|107|120|98|115|98|75|81|95|101|85|71|89|74|86|74|81|95|81|96|
2014-11-08|3|1_CTs|ct9||170|165|195|150|149|147|135|123|150|119|124|111|100|147|105|76|71|70|78|51|75|57|53|63|58|55|61|106|44|57|56|94|69|80|133|141|127|167|182|153|141|180|159|167|173|174|148|173|172|159|188|196|204|186|180|178|138|140|162|175|190|235|189|175|180|177|185|172|179|194|183|230|186|204|206|168|219|227|355|649|241|265|256|212|182|118|113|124|108|116|118|127|154|126|136|138|
2014-11-08|3|1_CTs|ct10||106|113|115|107|105|112|97|102|98|108|93|121|81|83|92|88|83|88|82|49|71|62|44|47|50|52|38|54|32|37|50|44|40|39|43|61|64|80|89|86|101|94|107|84|102|88|94|130|114|119|138|140|146|144|129|106|116|121|109|102|128|138|118|118|126|148|131|124|129|129|150|148|155|124|123|132|129|128|136|110|115|132|125|138|107|96|80|80|83|87|80|81|88|88|87|97|
2014-11-08|3|1_CTs|ct13||221|226|254|234|208|216|200|184|180|178|162|180|124|146|170|160|154|138|144|105|118|100|98|102|131|112|120|124|102|120|162|142|131|132|150|194|191|203|210|232|216|224|288|344|241|205|221|267|240|271|262|291|254|245|274|233|252|271|261|231|244|255|248|253|291|304|235|250|254|288|244|221|272|260|285|241|279|276|263|287|250|271|210|241|265|200|160|225|232|259|180|176|216|203|236|241|
2014-11-08|3|1_CTs|ct14||55|66|49|46|35|28|23|25|18|26|15|10|18|15|22|7|4|12|19|12|14|9|22|15|22|20|30|45|51|71|122|146|91|104|153|157|141|183|160|216|180|157|136|165|164|159|146|156|125|132|154|157|143|182|162|133|124|123|142|142|148|175|209|202|199|169|150|156|154|166|141|175|151|160|154|164|149|147|171|123|146|155|139|140|107|93|74|76|88|74|72|73|67|63|82|77|
2014-11-08|3|1_CTs|CT16||114|127|139|124|120|116|96|83|86|115|60|78|81|101|99|63|53|52|34|72|51|46|30|48|50|54|43|50|44|44|63|98|54|51|64|93|90|93|86|90|89|121|125|109|107|97|95|88|117|118|124|139|169|148|131|111|120|102|96|130|156|153|124|161|150|131|175|168|152|158|141|197|158|182|197|150|175|148|148|126|153|129|122|129|133|114|82|67|70|86|70|105|85|120|123|136|
2014-11-08|3|1_CTs|ct18||139|163|156|148|153|136|135|129|119|126|111|148|107|112|111|90|96|114|88|67|85|67|61|68|63|66|67|75|58|54|67|73|64|62|78|103|100|132|129|135|139|138|152|138|157|143|150|169|173|172|193|199|187|196|171|176|175|180|145|149|208|207|199|159|218|211|193|189|204|170|187|207|184|183|215|167|158|190|172|178|163|183|196|194|166|152|123|119|113|116|123|119|113|128|140|137|
2014-11-08|3|1_CTs|ct19||0|2|1|3|1|4|1|0|0|0|0|0|1|0|1|0|0|0|0|0|0|2|3|2|2|1|3|5|2|8|4|2|4|7|2|5|5|2|3|6|2|4|4|3|5|2|4|5|3|2|5|7|1|2|8|1|2|3|9|2|5|1|5|5|6|3|1|1|2|4|5|1|3|4|1|3|5|3|3|3|4|4|2|2|1|3|1|2|0|5|1|1|0|1|0|1|
2014-11-08|3|1_CTs|ct22||7|4|5|5|2|4|2|1|3|1|6|1|1|3|2|2|3|2|1|3|2|2|2|1|4|3|0|5|2|3|6|5|7|6|5|5|10|4|18|15|18|18|28|24|22|14|13|11|15|17|14|27|23|19|18|17|12|11|14|11|13|10|12|18|18|19|28|30|12|22|9|14|11|12|11|8|8|24|15|15|9|17|6|13|12|8|3|12|9|5|4|3|13|8|10|27|
2014-11-08|3|1_CTs|CT23||192|143|151|128|88|75|91|64|85|56|68|50|60|58|38|28|22|37|15|21|17|20|31|16|28|32|26|39|26|50|82|103|97|87|111|154|152|141|150|199|174|179|193|215|179|269|258|255|269|253|286|331|341|378|304|294|274|242|185|255|278|260|282|286|288|244|242|307|336|348|285|288|319|338|297|312|285|301|271|260|267|257|201|160|152|160|127|124|176|129|82|122|153|154|140|185|
2014-11-08|3|1_CTs|ct24||258|251|202|185|158|140|121|117|101|89|68|68|63|66|60|41|53|49|56|59|60|65|82|104|106|118|158|196|199|281|406|465|391|485|627|693|589|731|745|858|714|675|743|735|739|709|685|694|701|679|686|709|750|713|702|673|683|607|750|620|749|796|832|880|821|735|702|725|744|702|690|710|682|674|731|701|586|631|678|654|657|780|657|626|501|467|411|374|372|329|331|330|355|321|320|279|
