2011-12-05|2|1_CTs|ct1||29|12|20|11|13|11|10|7|16|8|4|1|9|5|6|3|6|6|8|4|11|9|16|19|18|25|27|43|60|64|83|91|96|117|97|85|113|110|122|116|117|136|130|146|135|137|146|136|117|129|128|134|118|123|116|117|119|123|120|147|132|141|139|113|125|124|127|118|117|91|109|113|106|93|95|105|99|128|103|110|91|115|96|89|78|69|65|62|59|66|57|75|68|40|42|45|
2011-12-05|2|1_CTs|ct2||14|6|5|8|6|4|0|0|4|2|0|1|4|1|0|2|4|1|3|2|6|7|5|7|15|16|11|17|20|16|25|27|24|31|32|46|48|50|66|62|59|70|71|46|70|58|70|68|59|48|67|65|59|61|47|34|47|56|56|50|50|59|57|62|64|56|46|49|55|38|54|49|55|49|48|53|34|42|40|42|44|52|40|26|28|28|23|19|16|27|16|22|20|17|9|19|
2011-12-05|2|1_CTs|ct3||62|28|47|37|27|29|22|20|25|16|7|7|15|9|9|5|21|7|16|13|24|27|35|36|45|51|51|74|95|97|126|126|141|151|141|140|169|195|210|182|182|221|197|206|218|205|220|220|198|186|189|195|180|204|189|168|201|185|197|221|204|211|232|232|232|206|182|213|183|147|203|199|191|171|188|194|178|208|172|167|169|173|152|151|124|124|103|104|91|109|96|110|109|81|80|96|
2011-12-05|2|1_CTs|ct4||35|37|42|21|15|17|11|13|10|4|12|11|7|4|7|10|4|6|12|10|5|14|22|17|23|26|30|32|50|45|68|84|115|140|128|143|130|134|136|129|137|147|158|140|160|132|116|132|131|134|115|118|114|118|117|99|111|105|113|138|131|125|124|146|127|124|144|151|117|105|117|109|90|127|114|119|114|103|106|103|95|84|81|87|85|71|76|52|62|61|56|70|72|77|58|47|
2011-12-05|2|1_CTs|ct5||50|57|48|33|30|26|26|18|15|7|14|13|11|10|9|6|4|8|10|18|9|18|22|14|22|18|34|43|67|46|88|121|132|182|194|200|211|177|186|169|185|221|219|206|224|180|205|210|190|197|196|186|190|185|167|171|175|182|189|222|196|205|216|232|216|230|226|236|189|189|196|182|188|189|214|198|161|163|168|158|136|134|106|113|102|108|93|91|96|107|88|98|110|117|88|76|
2011-12-05|2|1_CTs|ct6||32|55|29|21|16|20|21|13|12|4|6|5|1|2|9|3|2|6|9|12|5|14|16|20|20|16|24|30|38|31|47|64|72|94|83|86|88|94|103|97|109|113|116|119|116|107|124|142|122|123|148|117|105|128|104|99|108|128|104|158|150|143|139|162|128|136|142|153|134|118|135|123|118|122|102|111|95|114|97|108|100|86|76|74|69|68|76|64|64|94|60|73|92|79|71|50|
2011-12-05|2|1_CTs|ct17||47|30|44|39|20|22|21|14|23|15|8|6|14|8|8|6|13|8|11|12|14|17|20|21|29|44|46|57|74|75|110|117|147|152|149|154|159|181|204|181|181|196|196|194|209|173|193|189|182|179|165|177|164|162|169|146|195|172|169|185|199|180|185|182|207|207|176|230|180|168|198|177|190|175|213|193|178|183|173|174|161|155|144|148|131|116|106|93|87|89|83|94|103|76|79|71|
2011-12-05|2|1_CTs|CT19||25|22|22|18|6|15|6|8|14|10|3|1|5|4|2|4|7|8|5|2|6|10|4|6|14|18|19|30|41|34|65|56|99|92|90|97|82|95|97|107|118|113|103|116|109|98|106|107|104|140|99|100|131|100|111|66|105|86|104|91|123|119|107|112|123|142|110|129|107|127|129|129|127|149|145|136|99|132|124|114|112|93|80|83|82|54|61|46|51|50|65|63|58|38|28|45|
2011-12-05|2|1_CTs|CT20||30|36|24|21|18|15|19|8|11|10|7|9|7|8|5|4|3|3|6|6|2|11|10|12|14|10|18|19|30|18|43|67|71|90|79|105|97|91|98|78|71|88|74|77|84|66|71|67|69|67|63|56|54|48|69|60|68|60|79|69|74|61|76|81|70|75|93|90|74|86|89|90|88|92|87|66|91|84|84|74|86|64|71|57|58|51|39|55|37|45|38|40|65|52|43|33|
2011-12-05|2|1_CTs|CT21||17|28|15|15|7|8|7|8|7|5|3|6|4|3|6|1|1|3|0|5|2|3|2|4|8|2|10|10|16|15|36|52|40|52|52|64|45|70|57|50|45|47|38|42|52|30|41|42|42|34|34|37|39|30|43|27|38|31|46|35|53|35|50|44|40|47|50|52|49|59|36|55|55|48|47|37|53|52|50|42|49|31|40|37|29|30|22|30|21|27|25|20|35|27|24|20|
