2011-09-15|7|1_CTs|CT1||36|29|28|19|16|19|10|7|9|10|14|7|7|5|3|5|3|4|3|2|5|7|3|7|10|15|17|24|33|56|91|136|189|190|201|226|191|208|191|189|176|153|156|155|142|124|104|128|136|120|147|134|121|124|109|110|135|126|142|176|148|148|155|127|139|146|144|183|156|157|161|158|144|151|159|144|142|149|133|113|118|106|82|88|70|57|71|46|54|52|55|43|61|52|40|37|
2011-09-15|7|1_CTs|CT2||21|30|25|17|16|18|11|14|11|16|8|10|4|4|5|9|3|6|3|3|10|3|7|6|11|23|25|29|29|41|83|99|179|195|245|235|180|175|186|137|140|142|135|102|114|101|113|74|79|111|105|98|28|22|84|123|76|100|99|101|76|72|56|22|64|91|114|123|188|137|147|221|198|223|124|89|65|62|95|49|83|90|79|68|69|61|51|42|70|59|60|44|47|80|78|74|
2011-09-15|7|1_CTs|CT4||56|66|70|91|82|79|47|60|79|51|25|25|23|34|16|20|53|9|8|13|18|15|14|15|13|10|10|7|12|17|13|21|33|38|43|30|39|41|38|38|46|27|35|41|35|39|46|37|42|90|116|43|74|35|39|57|58|48|69|60|78|56|91|95|74|100|107|110|97|108|111|73|93|142|129|144|59|77|54|57|54|50|64|47|47|54|67|76|65|73|76|49|59|73|53|82|
2011-09-15|7|1_CTs|CT6||39|32|35|33|29|17|34|30|13|8|12|16|14|9|10|11|9|8|3|5|4|9|8|18|13|12|17|20|24|26|53|84|123|142|134|161|175|138|137|129|136|115|111|110|125|109|133|121|130|152|135|138|135|121|80|129|140|156|130|109|130|148|193|156|172|209|223|197|200|214|209|201|191|205|184|174|197|150|143|165|139|138|91|77|80|72|70|69|62|56|60|55|39|59|29|46|
2011-09-15|7|1_CTs|CT7||40|29|28|33|22|24|16|9|13|14|23|11|12|8|5|6|5|4|9|14|16|8|11|18|16|18|29|39|34|56|80|77|126|107|103|119|122|116|129|118|124|118|123|116|122|112|137|112|116|114|144|110|114|104|112|110|116|119|124|125|117|114|119|77|87|84|79|73|96|137|159|154|163|163|169|171|173|149|143|123|145|98|100|71|77|68|57|71|66|67|50|66|51|52|159|162|
2011-09-15|7|1_CTs|CT8||123|103|111|78|75|67|44|46|27|35|40|29|25|23|16|23|29|28|34|44|78|70|69|88|96|131|129|149|208|240|317|395|426|421|383|387|375|335|361|406|360|429|370|397|355|339|351|330|293|346|338|340|298|291|245|370|293|345|348|342|335|359|346|366|351|351|377|365|326|427|396|375|339|398|363|341|309|313|332|332|284|285|268|195|211|186|165|179|196|176|169|145|144|151|106|108|
2011-09-15|7|1_CTs|CT9||68|72|73|55|51|36|22|29|32|29|13|19|17|12|9|14|20|14|17|26|40|31|39|53|55|71|80|71|103|136|177|217|257|274|252|242|256|220|223|260|265|266|226|248|211|202|221|206|205|200|199|218|202|191|153|231|182|196|231|210|253|208|200|202|193|169|219|198|225|214|237|227|210|247|195|180|188|218|194|225|154|188|179|118|111|114|88|108|130|108|110|89|91|92|52|54|
2011-09-15|7|1_CTs|CT10||111|120|75|85|85|67|66|62|49|41|56|68|41|32|37|32|43|35|31|33|39|26|49|50|62|69|72|70|97|108|127|183|204|255|300|241|251|227|221|250|239|251|240|244|261|223|259|267|296|269|256|241|255|229|235|235|240|235|256|262|265|260|285|268|296|338|306|316|337|289|292|293|301|306|288|309|301|263|310|267|262|281|207|183|177|178|159|146|176|147|136|160|135|136|115|118|
2011-09-15|7|1_CTs|CT11||107|97|100|92|66|76|68|48|42|45|41|54|35|34|34|43|29|35|35|26|31|39|55|56|67|83|80|94|99|135|137|173|230|263|288|274|242|231|256|224|240|234|242|255|288|213|266|273|285|278|240|274|275|230|239|227|233|232|271|262|215|223|232|200|213|210|212|239|199|199|181|184|197|213|272|276|267|244|282|257|222|251|205|187|183|158|136|162|148|139|174|151|153|150|129|133|
2011-09-15|7|1_CTs|CT12||52|51|48|53|26|35|34|34|29|29|13|25|11|13|14|15|15|13|6|12|14|12|16|17|20|25|20|41|28|43|83|125|177|182|200|227|203|224|207|192|187|169|184|151|180|200|204|195|190|212|226|207|234|198|172|201|195|211|219|173|215|229|223|224|251|279|296|297|299|294|290|294|333|304|282|302|279|272|245|201|239|217|180|137|148|137|109|109|97|94|108|96|68|84|80|78|
2011-09-15|7|1_CTs|CT13||14|11|9|11|8|8|3|4|2|10|7|2|5|4|1|1|1|2|3|8|7|3|6|5|2|6|16|14|18|28|23|42|59|43|41|57|45|58|67|71|57|45|69|51|46|64|54|52|56|47|62|49|52|36|57|48|44|43|47|59|47|43|56|72|41|52|53|73|73|71|56|57|72|72|95|91|80|69|86|71|62|46|59|36|27|26|34|34|30|37|25|33|31|40|108|94|
2011-09-15|7|1_CTs|CT14||158|122|116|110|89|82|84|61|53|44|41|56|48|41|43|32|22|42|44|50|43|42|68|71|82|97|119|159|123|189|213|265|349|384|425|442|403|384|373|393|374|371|332|341|357|338|351|345|388|378|337|328|335|341|319|350|347|347|377|350|358|355|371|379|409|391|431|473|536|552|519|533|501|552|550|453|464|474|466|403|382|387|317|262|230|188|218|197|208|183|187|169|179|152|139|154|
2011-09-15|7|1_CTs|CT15||22|18|17|17|9|7|13|12|12|8|4|8|7|5|8|4|9|1|2|0|3|2|5|12|6|9|7|16|11|13|34|60|138|164|139|163|133|109|80|47|43|45|39|40|50|39|47|49|54|63|54|56|65|58|56|63|68|61|52|24|70|60|100|93|121|174|189|152|156|123|145|117|127|97|71|67|85|46|58|54|70|77|35|42|33|38|24|38|31|21|36|24|20|32|13|32|
