2017-05-15|6|1_CTs|CT1||1|3|0|1|0|0|0|1|0|0|0|1|0|0|0|1|0|4|1|1|2|1|3|1|3|2|2|9|5|8|23|65|394|58|73|135|109|87|83|103|86|38|5|12|9|21|10|4|16|11|7|7|17|14|7|10|12|6|12|8|8|8|11|5|3|22|24|8|18|16|7|14|22|16|14|12|8|5|6|3|2|6|8|5|7|4|0|2|8|5|0|1|2|0|0|0|
2017-05-15|6|1_CTs|CT3||20|16|14|11|9|6|7|3|2|2|4|6|2|2|4|3|11|10|14|14|13|24|21|18|285|31|39|49|268|68|78|70|79|121|328|81|99|91|81|83|288|55|70|533|57|48|62|52|58|62|58|289|38|45|52|47|56|65|306|66|64|57|67|275|67|62|72|57|51|62|63|78|77|82|71|58|50|48|46|40|36|35|31|23|30|20|19|19|18|22|16|20|21|21|22|17|
2017-05-15|6|1_CTs|CT4||2|6|8|6|2|4|0|2|1|3|1|1|0|1|1|6|0|0|0|2|0|1|3|1|1|2|1|1|5|7|14|20|54|54|36|194|109|23|22|27|28|16|21|20|18|26|17|22|31|12|30|34|21|13|14|28|31|30|38|34|28|35|31|33|29|35|42|48|53|40|56|311|50|292|55|62|54|49|42|39|34|20|22|19|24|20|14|16|13|12|14|7|12|6|12|10|
2017-05-15|6|1_CTs|CT5||15|18|8|4|269|3|263|7|7|5|3|1|2|3|1|2|1|7|3|4|4|6|12|14|6|15|20|23|250|33|41|58|71|360|149|134|150|102|352|80|93|81|75|327|80|75|76|76|64|60|78|69|64|58|68|325|57|322|82|74|84|340|66|69|319|75|98|77|74|68|86|71|86|100|90|78|79|81|70|62|76|56|61|296|30|45|300|34|34|28|34|26|24|25|28|21|
2017-05-15|6|1_CTs|CT6||12|271|244|14|8|3|6|5|3|3|3|3|3|2|3|0|2|7|11|8|9|11|17|23|15|9|25|26|36|305|86|131|155|182|156|387|382|123|116|129|117|112|119|320|103|87|105|115|361|118|102|307|103|104|106|95|113|120|140|120|119|368|104|104|127|132|119|148|384|156|333|133|395|121|123|114|121|117|114|92|106|100|116|84|65|77|56|54|52|65|51|44|52|304|41|297|
2017-05-15|6|1_CTs|CT7||5|8|2|3|5|0|1|0|1|0|0|1|1|0|0|0|2|3|3|3|1|3|5|3|4|7|9|6|17|19|22|29|38|44|31|35|43|39|50|31|40|286|33|21|31|26|38|26|30|29|284|26|35|283|30|23|27|32|21|34|31|25|34|28|38|28|29|30|29|23|24|18|17|24|15|17|43|19|23|21|27|272|12|12|13|12|7|15|8|11|6|5|7|8|5|5|
2017-05-15|6|1_CTs|CT8||0|0|0|0|0|0|0|0|0|0|0|0|0|0|0|0|0|0|0|0|0|0|0|0|0|0|0|0|0|0|0|0|0|0|0|0|0|0|0|0|0|97|154|145|126|139|140|146|146|151|150|154|391|413|138|377|161|623|159|184|150|156|162|152|392|175|186|172|419|202|203|426|192|675|175|379|377|157|159|156|614|127|115|117|91|102|87|81|73|80|60|59|331|62|55|274|
2017-05-15|6|1_CTs|CT10||28|22|22|19|14|10|14|10|10|9|11|5|7|5|4|2|3|2|4|3|5|10|19|13|20|264|36|42|57|71|120|148|187|174|169|181|170|191|148|163|167|402|149|396|146|169|123|395|158|165|396|140|667|158|164|141|164|150|167|155|140|163|155|394|423|186|180|219|190|217|234|238|209|495|243|508|243|193|166|174|157|136|371|120|111|77|86|73|61|48|68|52|47|59|53|48|
2017-05-15|6|1_CTs|CT11||20|35|23|12|11|20|11|8|4|12|6|6|4|3|4|4|5|7|5|6|11|15|19|30|268|30|56|87|101|150|269|317|224|769|219|290|230|102|396|151|134|203|187|437|198|178|212|204|187|192|454|186|475|165|149|433|196|208|475|225|195|195|225|193|439|228|221|225|231|227|448|199|196|203|205|200|447|159|186|170|151|394|127|136|96|90|75|314|68|69|65|297|55|45|56|26|
2017-05-15|6|1_CTs|CT12||276|37|285|29|18|14|14|4|8|9|11|6|5|3|2|1|4|6|6|9|7|11|21|16|272|28|285|55|68|101|183|206|293|577|274|481|394|285|515|251|214|468|197|180|203|194|174|183|185|212|432|191|229|191|197|172|212|197|222|203|186|210|204|210|216|283|270|281|286|552|246|238|193|225|466|461|255|263|233|481|249|184|478|354|118|113|88|327|81|61|329|67|65|76|65|52|
2017-05-15|6|1_CTs|CT15||22|39|17|15|11|9|10|5|5|4|8|3|8|4|10|4|12|16|21|21|20|29|31|43|36|48|47|52|297|95|150|456|296|522|258|251|270|215|228|437|191|127|114|348|346|136|134|133|121|131|368|136|376|123|119|120|107|382|362|127|146|136|147|122|388|178|208|263|526|181|381|165|181|125|157|166|173|191|164|151|119|92|73|70|74|54|49|58|309|45|36|275|34|39|27|35|
2017-05-15|6|1_CTs|CT16||31|33|27|15|26|13|16|9|6|12|9|9|7|2|7|8|4|8|7|6|9|10|10|23|22|284|39|60|94|104|208|511|303|301|475|266|297|270|517|280|261|257|212|188|204|217|425|214|454|203|432|205|211|197|420|182|190|209|209|232|196|199|195|186|485|215|233|229|224|505|484|215|190|483|222|237|244|190|202|189|687|410|136|122|124|97|344|87|330|74|73|62|316|55|59|31|
2017-05-15|6|1_CTs|CT17||7|4|13|5|4|4|2|0|0|2|2|0|1|1|1|0|1|1|2|0|4|1|2|1|1|1|2|5|7|15|274|46|55|76|86|80|93|53|69|59|40|49|47|302|35|57|54|38|45|40|68|41|71|52|48|32|49|52|63|51|60|59|35|61|311|63|78|74|83|91|131|127|123|124|123|364|91|80|53|324|57|55|43|34|287|19|29|32|23|24|16|31|16|15|20|15|
2017-05-15|6|1_CTs|CT18||42|40|37|22|288|17|17|11|13|14|13|8|10|7|8|7|3|12|9|12|18|16|24|31|270|35|48|74|104|396|201|275|330|354|235|174|444|227|812|292|319|306|262|1013|488|254|238|253|214|226|497|207|711|437|450|482|204|741|278|259|256|508|238|244|459|280|300|276|266|262|577|278|288|312|322|296|262|272|501|205|219|192|174|144|128|133|397|115|370|100|99|78|80|343|88|67|
2017-05-15|6|1_CTs|CT19||33|26|26|21|270|10|4|10|6|6|9|5|5|8|2|5|3|3|2|4|5|3|6|7|248|6|14|26|32|48|318|123|210|213|196|215|452|180|160|174|143|146|112|117|130|126|140|118|386|125|407|116|415|415|119|119|149|139|151|136|124|129|389|150|163|175|197|192|230|460|510|239|240|469|229|202|197|207|181|160|174|183|129|91|92|64|75|68|62|74|63|54|40|43|44|54|
2017-05-15|6|1_CTs|CT20||14|13|256|10|10|260|4|5|4|0|3|7|2|3|4|3|2|3|6|9|5|15|14|11|14|11|26|20|39|47|68|82|136|103|168|50|96|68|89|138|107|100|110|108|110|112|110|119|94|66|42|98|356|344|100|102|361|109|61|1|65|101|376|37|293|111|91|123|108|100|152|381|156|107|152|155|140|105|112|91|80|46|39|63|67|67|299|306|46|48|27|59|37|44|38|19|
2017-05-15|6|1_CTs|CT21||72|73|69|56|262|29|28|26|22|11|12|18|12|16|10|15|22|28|40|48|62|42|49|56|72|78|91|153|146|258|483|303|350|355|567|494|635|318|349|317|297|308|247|217|439|259|212|226|238|208|467|243|177|446|225|450|244|223|474|246|254|469|229|204|230|246|237|262|257|266|281|297|298|326|306|251|232|480|227|202|170|379|138|392|147|119|115|114|124|345|103|99|104|93|75|307|
2017-05-15|6|1_CTs|CT23||43|302|266|38|45|23|16|10|15|15|13|12|20|11|4|8|6|12|14|17|20|27|18|40|38|55|52|97|113|400|280|321|349|304|292|270|466|249|500|293|279|266|234|473|452|207|235|210|244|204|501|213|210|233|216|235|239|257|242|271|235|228|249|223|257|296|286|279|349|282|331|300|845|309|300|517|244|510|262|238|232|223|201|156|148|154|373|125|103|339|94|84|338|349|71|322|
