2015-11-09|2|1_CTs|ct1||52|46|43|33|23|17|18|18|13|11|13|5|10|14|9|11|9|12|11|16|11|22|23|42|288|47|48|79|79|106|106|133|145|141|168|168|152|173|168|452|443|189|452|191|179|171|161|174|196|188|161|185|699|411|137|417|418|410|194|208|431|431|183|451|172|174|164|140|385|400|141|142|392|417|159|395|391|143|136|386|136|378|364|130|117|91|91|87|63|74|66|68|71|60|66|51|
2015-11-09|2|1_CTs|ct2||26|31|25|15|28|18|13|5|10|8|9|5|7|7|5|9|6|8|9|8|13|14|14|21|273|24|29|20|23|30|45|47|320|44|67|81|51|92|89|90|95|92|87|102|88|91|85|84|80|90|78|66|342|352|81|73|89|80|331|355|98|96|343|98|91|83|87|79|90|100|79|77|73|335|82|79|344|79|77|92|327|318|315|318|69|52|301|46|41|52|47|37|38|308|42|23|
2015-11-09|2|1_CTs|ct3||56|45|56|32|27|22|21|15|21|10|257|3|13|14|13|17|14|15|12|21|14|24|30|38|312|204|157|62|72|82|105|111|385|125|149|391|140|168|172|169|689|188|443|214|210|172|178|181|191|196|151|169|449|169|155|424|179|181|185|232|194|709|186|213|193|178|433|151|181|201|161|168|195|169|182|415|182|164|400|141|167|137|129|364|133|99|337|106|336|107|81|324|336|68|329|62|
2015-11-09|2|1_CTs|ct4||56|36|43|30|27|17|14|14|269|17|8|4|10|13|7|5|270|8|4|13|12|10|22|16|20|24|38|40|49|51|66|80|105|108|93|124|132|389|117|117|153|126|391|377|139|365|131|382|151|129|119|122|123|97|113|352|108|119|127|113|137|393|138|138|121|392|124|393|135|380|104|97|85|108|103|355|102|75|86|342|583|93|329|314|58|79|70|64|69|76|63|60|312|61|54|55|
2015-11-09|2|1_CTs|ct5||320|55|63|41|300|32|285|17|25|22|9|7|10|17|9|9|15|22|7|21|15|25|25|17|25|36|39|51|55|51|97|112|386|168|407|159|180|180|157|177|164|188|178|450|458|430|204|207|185|189|478|174|440|183|165|152|173|165|201|203|215|210|479|185|195|228|463|490|199|217|453|155|167|180|181|168|179|393|139|136|131|123|600|117|105|368|95|101|102|119|356|96|89|85|345|87|
2015-11-09|2|1_CTs|ct6||87|51|56|44|41|29|267|20|28|24|13|11|13|21|11|8|12|16|6|20|13|274|22|30|24|40|276|40|44|44|61|334|93|109|104|121|137|115|375|128|120|379|139|120|147|134|151|417|145|152|169|141|136|118|126|123|131|141|153|174|450|155|163|163|164|190|177|182|432|169|158|410|134|148|138|132|151|124|620|116|633|106|87|343|95|80|338|85|336|82|74|83|85|64|342|65|
2015-11-09|2|1_CTs|ct17||318|49|77|42|31|27|21|26|29|15|16|6|12|20|14|273|16|20|18|23|268|25|294|37|57|56|57|63|77|93|145|130|149|412|161|178|421|230|207|458|466|487|756|272|479|520|235|477|215|486|209|199|222|197|462|696|199|224|486|495|240|513|227|238|290|483|208|194|475|250|214|209|475|240|234|464|466|214|171|185|431|180|400|404|144|374|132|118|94|118|108|88|89|343|362|331|
2015-11-09|2|1_CTs|CT19||25|26|27|254|13|5|11|8|4|5|4|2|5|7|3|8|7|6|229|10|5|3|268|269|10|13|21|27|34|34|52|329|71|97|73|99|347|364|345|356|131|338|116|139|120|358|336|400|372|105|379|90|106|102|81|104|82|345|360|59|327|370|122|384|109|365|611|354|109|653|122|120|125|122|391|122|832|95|345|355|104|81|308|549|70|55|54|35|35|45|42|280|40|34|296|36|
2015-11-09|2|1_CTs|CT20||37|31|28|28|19|26|275|18|12|14|11|4|2|7|11|11|8|4|3|3|4|11|265|9|8|13|16|25|26|27|57|55|342|71|580|337|353|338|83|337|80|337|77|69|327|66|75|77|593|67|78|81|67|317|324|74|71|65|67|76|67|332|337|72|590|558|86|86|70|345|86|86|335|70|80|336|588|63|325|82|59|69|313|51|46|67|298|55|49|47|37|290|39|71|33|47|
2015-11-09|2|1_CTs|CT21||28|29|19|17|10|10|10|6|5|6|9|3|0|0|3|5|0|2|1|5|2|4|3|5|1|6|266|12|9|13|35|34|293|35|35|47|49|42|45|40|46|58|40|43|44|299|48|303|44|292|45|54|41|43|33|43|45|290|42|51|52|49|47|57|54|29|296|53|49|291|54|52|305|39|38|26|306|29|36|41|272|57|31|278|32|527|26|30|18|31|22|262|35|31|19|267|
