2016-09-18|7|1_CTs|CT1||36|41|47|35|30|44|33|29|26|28|28|26|25|21|27|18|14|21|17|22|20|18|15|17|16|21|13|18|10|23|30|29|41|24|32|42|44|41|45|53|63|56|53|76|70|58|64|74|69|329|72|72|76|71|64|74|60|72|110|66|88|72|78|82|68|77|82|76|68|84|78|74|73|80|351|85|90|76|89|84|103|92|81|73|310|56|45|52|48|58|313|46|45|50|43|36|
2016-09-18|7|1_CTs|CT2||0|57|44|33|37|30|31|39|31|28|27|31|23|32|13|15|18|15|16|29|16|21|11|20|17|14|21|74|17|0|0|0|402|258|43|37|55|56|15|0|0|0|0|0|0|0|0|0|0|0|0|0|55|130|521|65|80|59|0|0|0|0|0|0|0|0|0|0|0|33|505|0|0|0|0|0|0|0|0|0|0|0|0|0|0|0|0|0|0|0|0|0|0|0|0|0|
2016-09-18|7|1_CTs|CT4||49|46|36|31|46|34|38|12|15|22|12|19|20|22|23|20|13|11|9|13|9|7|4|14|10|5|1|4|3|2|0|2|3|3|2|2|1|4|2|5|5|6|3|3|4|4|5|7|11|7|10|13|8|12|6|8|8|18|22|28|22|13|16|16|22|14|14|19|23|14|14|20|12|13|283|15|19|25|19|18|17|25|28|21|8|33|22|34|31|21|24|19|17|281|19|34|
2016-09-18|7|1_CTs|CT6||64|51|42|59|31|270|44|24|28|24|25|27|33|18|21|22|17|11|25|15|10|6|10|9|7|7|10|14|17|14|21|8|256|23|20|31|29|36|41|62|48|47|62|55|62|60|46|78|60|62|71|69|65|334|78|75|66|45|66|47|86|73|93|88|87|78|75|77|65|90|82|82|92|76|328|105|86|95|80|81|122|95|74|75|83|67|82|51|55|84|67|60|67|43|48|41|
2016-09-18|7|1_CTs|CT7||50|35|30|23|23|30|23|25|22|21|25|19|24|12|13|15|17|13|12|14|11|11|11|4|21|13|18|8|19|12|21|22|28|28|31|20|25|41|41|40|301|48|48|316|54|53|53|53|75|82|69|63|91|60|57|51|48|58|172|48|57|57|62|68|77|78|74|62|73|76|76|77|68|74|309|84|87|71|104|81|101|97|61|80|62|64|61|57|51|42|58|58|32|32|44|35|
2016-09-18|7|1_CTs|CT8||131|114|101|360|99|68|56|60|56|60|283|59|38|48|36|56|57|59|59|77|84|75|81|73|67|345|118|129|119|377|154|161|124|175|126|145|144|152|164|173|157|211|174|463|200|448|222|240|229|249|239|249|230|249|199|437|209|464|489|205|239|499|299|301|261|271|247|323|270|324|269|547|332|308|495|332|314|320|289|305|324|551|258|295|286|258|226|220|177|196|210|23|169|117|149|153|
2016-09-18|7|1_CTs|CT12||66|74|51|58|35|39|43|40|30|29|35|30|37|22|19|21|24|14|24|23|16|14|15|19|274|12|15|12|16|19|30|21|19|19|37|45|43|55|61|89|83|74|86|82|88|89|86|99|111|99|114|125|99|369|94|81|101|77|105|95|105|106|129|102|119|108|100|108|114|123|111|145|158|140|129|142|142|159|141|127|157|141|101|83|114|81|100|71|80|90|330|75|63|58|48|45|
2016-09-18|7|1_CTs|CT13||18|16|18|11|5|10|6|7|10|12|7|8|8|7|2|4|6|4|6|2|5|1|2|3|6|3|5|3|4|6|5|4|4|8|12|9|14|16|15|8|16|15|17|21|14|14|18|25|25|23|291|27|38|19|26|20|22|25|25|23|25|24|30|33|36|34|39|27|27|30|30|41|27|21|33|46|50|47|57|58|52|50|34|28|37|32|30|22|18|18|22|19|11|16|9|12|
2016-09-18|7|1_CTs|CT14||184|157|126|144|126|369|372|104|110|105|103|75|79|84|68|80|76|88|78|84|100|69|88|70|81|86|97|108|373|137|119|114|139|122|139|143|157|169|450|441|183|195|222|220|232|485|222|238|246|255|249|234|226|249|216|186|186|229|233|241|284|723|261|256|563|298|246|273|303|298|301|329|280|283|560|289|288|309|285|235|305|267|215|238|247|224|184|148|180|173|178|30|423|156|140|132|
2016-09-18|7|1_CTs|CT15||41|33|27|27|28|23|12|22|18|21|17|27|20|13|21|16|9|7|12|9|5|6|3|14|9|13|8|14|15|16|17|11|13|10|15|31|15|26|34|37|44|51|48|40|50|47|45|41|50|51|52|42|54|59|58|67|51|43|65|24|47|318|47|59|50|48|53|42|43|49|53|56|55|53|44|58|56|60|45|49|55|42|42|71|51|67|62|47|51|64|40|50|59|31|50|32|
