2015-01-05|3|1_CTs|ct1||26|17|20|21|8|9|267|9|8|3|2|4|6|4|5|3|3|2|2|6|6|10|11|10|12|20|26|30|50|70|121|166|194|243|256|260|236|478|207|208|143|168|155|671|152|111|404|419|159|155|176|422|415|156|134|421|435|155|183|431|415|176|396|163|173|446|165|445|218|211|199|197|464|463|206|210|703|455|456|167|158|399|123|112|75|76|80|65|70|67|68|56|60|50|55|33|
2015-01-05|3|1_CTs|ct3||51|43|22|51|23|15|14|21|21|2|8|34|8|12|8|11|14|10|6|18|7|24|29|31|33|46|25|72|56|84|133|434|217|498|243|261|758|243|228|240|723|210|220|479|195|208|158|220|435|209|446|224|166|210|185|468|214|235|254|243|474|219|214|240|976|225|444|456|200|173|185|165|151|407|157|132|149|159|393|153|389|412|116|113|365|88|360|70|87|225|179|76|331|63|91|65|
2015-01-05|3|1_CTs|ct5||327|60|41|290|38|18|22|25|25|16|15|19|14|13|11|8|7|9|8|7|9|13|13|12|16|22|24|26|49|318|106|125|185|207|516|274|258|218|215|429|183|187|186|178|414|441|432|465|453|467|427|218|220|192|224|204|460|211|214|722|221|208|471|251|507|538|226|515|300|579|321|562|556|564|302|555|546|259|491|300|291|496|215|169|151|151|127|355|397|118|369|113|138|111|92|112|
2015-01-05|3|1_CTs|ct6||5|3|0|2|0|1|0|2|2|0|0|1|0|1|0|1|1|1|2|0|2|1|2|2|4|263|5|18|25|30|36|292|74|56|73|323|320|55|44|57|37|47|45|303|44|46|58|42|38|68|59|307|55|38|35|304|46|56|55|51|33|17|22|3|0|0|71|50|52|50|53|54|79|73|72|58|290|50|47|48|43|33|32|30|283|23|24|7|9|14|16|19|270|15|6|5|
2015-01-05|3|1_CTs|ct7||78|68|51|43|43|33|24|26|24|21|18|27|9|18|256|12|14|16|12|272|22|21|20|28|32|35|299|36|56|60|68|90|360|119|146|157|156|669|138|138|139|143|152|155|175|421|672|180|178|167|165|401|173|144|140|140|154|143|150|179|166|194|207|189|174|185|184|186|425|198|675|134|108|601|65|94|80|334|82|387|125|135|126|110|339|103|109|341|97|107|96|103|353|83|95|100|
2015-01-05|3|1_CTs|ct8||27|45|22|24|260|14|14|13|7|17|8|15|5|21|11|6|16|7|18|266|8|11|10|15|16|16|275|23|35|31|29|44|40|62|78|88|82|602|80|82|83|78|336|96|104|105|368|110|108|348|96|94|105|95|83|341|345|90|358|109|98|111|388|356|353|113|117|118|102|131|359|123|124|635|393|103|115|373|107|361|337|315|77|66|538|54|54|291|55|52|56|53|311|39|315|46|
2015-01-05|3|1_CTs|ct9||52|44|33|49|27|37|32|41|31|28|27|19|11|21|16|16|10|9|15|9|7|22|21|18|290|276|32|48|54|76|108|159|206|241|259|540|256|485|203|485|197|206|166|422|445|163|413|128|140|144|156|159|430|153|163|159|173|163|166|203|425|174|182|181|427|200|201|187|234|226|214|471|250|213|211|475|471|197|686|187|188|134|139|108|109|357|89|88|348|79|338|93|84|73|68|79|
2015-01-05|3|1_CTs|ct10||47|50|31|46|28|26|26|22|22|19|19|15|5|12|8|1|9|5|11|9|13|15|16|19|22|20|22|27|41|39|58|92|131|134|155|177|157|158|152|147|113|129|126|125|124|116|134|114|127|125|124|120|112|122|117|122|138|128|125|149|146|141|136|131|126|131|146|139|150|149|174|163|154|144|149|152|126|122|122|134|101|114|108|109|100|76|71|75|77|62|83|62|82|80|59|59|
2015-01-05|3|1_CTs|ct13||861|1547|96|612|62|60|70|54|50|39|40|28|24|38|28|30|22|26|304|58|74|32|84|322|170|78|90|110|136|383|521|205|496|227|266|266|231|251|291|305|513|274|258|540|772|339|911|321|237|258|439|481|599|275|279|530|295|296|356|320|307|299|280|539|540|516|237|251|472|261|265|585|605|458|229|207|766|301|1033|439|1603|1123|2428|986|634|1449|183|255|676|1721|2430|1513|2076|2051|1085|2054|
2015-01-05|3|1_CTs|ct14||26|33|29|19|19|8|17|4|11|8|5|4|6|264|5|6|4|4|7|2|5|6|15|15|25|29|64|133|198|246|305|305|772|536|274|535|268|504|518|260|274|254|202|196|190|184|426|171|162|439|171|179|443|159|174|199|421|197|198|456|184|185|442|167|445|186|177|181|177|219|224|476|694|454|185|740|1010|227|216|189|166|411|117|94|96|88|85|86|340|497|186|55|324|71|49|295|
2015-01-05|3|1_CTs|CT16||45|41|35|44|37|294|26|12|23|16|20|19|12|12|23|9|6|12|16|8|6|23|8|15|19|30|22|63|52|93|108|142|166|183|474|452|438|424|192|419|178|177|156|404|178|165|418|127|131|153|145|137|129|155|125|136|384|128|123|418|401|168|210|189|168|177|203|176|197|228|211|229|503|731|232|202|467|206|196|192|143|119|113|114|86|86|67|97|80|62|68|65|65|95|68|44|
2015-01-05|3|1_CTs|ct18||59|64|40|60|43|32|32|28|26|26|17|21|8|14|14|2|11|9|14|11|19|16|29|23|31|37|30|52|70|75|117|165|225|233|256|285|236|255|203|229|173|189|168|207|155|187|183|155|159|156|156|159|150|162|190|181|173|194|202|200|186|166|204|184|165|188|188|164|181|190|235|180|201|193|184|220|171|166|157|194|125|146|156|135|134|117|87|102|106|90|120|80|97|100|86|74|
2015-01-05|3|1_CTs|ct19||0|0|0|2|0|0|0|0|0|0|0|0|0|0|0|0|0|1|0|0|0|2|2|1|2|10|6|6|8|7|12|5|6|7|7|11|9|8|8|7|4|9|7|3|6|4|8|6|4|7|4|6|6|6|5|5|9|6|6|6|5|7|7|4|5|5|8|6|5|11|8|6|4|8|9|11|8|11|9|10|13|10|7|12|5|3|1|3|1|1|0|1|0|2|0|3|
2015-01-05|3|1_CTs|ct22||6|4|1|2|2|1|2|2|0|0|1|0|1|0|0|0|1|2|0|3|2|0|1|2|0|3|0|2|263|7|7|12|20|7|17|16|16|16|10|17|21|14|14|22|281|22|26|17|22|21|31|31|43|20|16|21|28|281|24|23|1|10|29|23|2|32|36|7|51|47|52|56|43|303|54|43|51|299|32|31|26|18|18|13|9|9|15|7|4|7|7|4|4|4|6|2|
2015-01-05|3|1_CTs|CT23||73|51|311|52|24|23|32|14|30|274|12|18|15|13|14|6|11|13|9|12|10|16|19|28|21|26|16|58|63|83|193|526|284|361|384|403|648|335|272|234|248|248|217|478|482|237|260|488|313|583|345|338|572|327|300|552|276|288|333|321|534|318|286|613|870|397|421|680|794|821|548|615|801|707|635|623|1060|1097|636|537|475|442|401|285|533|217|235|162|215|190|428|168|132|109|131|120|
2015-01-05|3|1_CTs|ct24||125|100|342|70|56|50|60|38|35|279|25|20|26|33|29|26|15|26|27|35|297|42|74|93|103|426|309|800|656|880|954|986|899|1418|967|838|1379|1095|838|1129|818|871|871|1062|722|1040|1005|983|696|979|979|815|1012|707|753|1236|761|1135|1092|860|788|830|758|743|689|778|741|1006|743|1356|762|1133|620|1428|696|1377|1147|847|1229|700|870|560|514|412|347|368|288|558|299|389|641|743|257|241|205|156|
