2017-02-24|3|1_CTs|ct1||294|40|22|19|10|12|9|10|5|8|6|4|2|2|2|0|4|0|3|4|7|2|7|11|14|241|28|48|57|321|120|134|390|176|198|411|152|166|171|394|174|392|416|394|127|130|407|167|131|147|384|173|143|663|408|138|143|157|405|672|376|410|152|154|171|397|626|944|283|525|396|196|648|157|395|183|134|133|654|151|141|201|151|128|102|368|81|317|87|54|60|321|65|84|72|70|
2017-02-24|3|1_CTs|ct3||85|70|47|39|35|36|38|22|20|22|31|26|17|13|12|9|16|10|30|25|27|23|19|45|43|48|65|341|109|127|386|185|449|481|282|245|232|504|289|725|293|255|244|523|192|218|224|756|208|214|457|786|490|200|231|238|204|244|257|763|194|221|241|460|181|227|194|174|151|171|170|177|427|399|150|422|417|167|155|453|218|209|207|183|442|169|142|419|143|134|373|102|149|162|171|130|
2017-02-24|3|1_CTs|ct5||148|671|89|588|87|92|77|41|42|38|24|29|27|17|20|15|11|272|27|22|16|18|17|23|20|21|28|54|64|75|646|171|220|466|323|810|259|243|461|750|189|446|217|199|425|215|227|210|244|238|760|753|555|523|232|520|207|735|510|250|256|253|265|196|226|540|518|544|347|329|589|284|349|578|577|748|341|206|200|744|221|199|187|183|182|159|397|425|155|413|411|624|417|163|650|621|
2017-02-24|3|1_CTs|ct6||12|13|10|6|1|13|3|3|5|0|1|1|1|0|0|1|2|1|0|3|3|1|4|7|11|11|12|20|18|37|40|54|319|71|83|87|330|587|70|53|330|315|60|61|58|71|65|51|310|55|281|47|52|60|45|51|72|284|62|82|69|70|305|45|45|42|66|47|67|67|50|317|50|68|64|66|52|40|43|49|50|51|44|36|41|28|22|537|23|20|19|19|24|34|22|24|
2017-02-24|3|1_CTs|ct7||378|390|103|87|341|344|73|44|64|545|39|35|28|28|31|23|31|16|32|22|269|50|35|27|27|29|43|315|51|61|95|115|105|646|134|146|390|377|162|154|365|142|164|141|893|150|163|180|180|172|147|123|394|146|176|884|156|151|427|108|72|8|0|0|0|0|0|0|0|0|0|0|2|0|0|0|0|0|0|0|0|0|0|0|0|0|0|0|0|0|0|0|0|0|0|0|
2017-02-24|3|1_CTs|ct8||64|77|309|58|47|44|35|32|29|273|16|13|33|303|29|16|27|9|15|14|254|12|21|13|17|13|23|35|30|38|46|58|61|590|70|92|333|87|110|105|322|345|384|93|599|111|114|144|382|130|127|130|133|115|128|588|374|128|129|161|124|357|400|117|354|386|146|121|110|649|129|362|116|814|107|382|139|114|362|572|342|106|79|67|80|79|77|81|84|347|83|82|67|331|79|77|
2017-02-24|3|1_CTs|ct9||124|376|72|88|81|67|56|61|51|301|43|40|54|44|30|31|21|36|266|39|32|19|36|36|48|50|57|57|437|2065|529|425|388|349|1132|1869|332|353|289|246|249|255|1257|2744|3060|2755|1430|3300|2209|416|173|186|210|154|179|201|1479|2048|3081|878|209|254|665|565|142|98|117|646|943|423|487|762|966|130|214|447|249|253|243|489|484|499|161|149|383|377|125|124|253|176|168|133|105|381|151|130|
2017-02-24|3|1_CTs|ct10||75|87|77|60|57|63|55|40|42|52|46|48|20|24|27|31|34|33|31|33|19|29|22|31|38|42|38|33|51|53|65|107|141|128|155|158|170|169|151|155|142|113|132|127|121|122|124|141|138|139|147|152|170|136|162|144|142|128|157|163|159|155|139|152|141|142|163|163|177|166|167|177|156|165|170|158|145|154|155|140|144|145|156|130|133|128|110|116|111|89|94|105|106|113|112|103|
2017-02-24|3|1_CTs|ct13||189|466|136|398|392|132|118|96|88|102|356|79|77|62|65|64|70|329|105|80|66|50|66|85|80|96|108|118|124|110|172|190|219|217|494|247|228|248|229|212|743|465|234|244|482|266|301|490|257|287|284|278|309|541|299|246|202|480|536|268|282|265|786|149|89|8|0|196|277|256|243|181|293|797|265|236|515|268|168|132|217|538|286|240|523|251|231|504|255|256|500|239|275|489|506|778|
2017-02-24|3|1_CTs|ct14||0|0|0|0|0|0|0|0|0|0|0|0|0|0|0|0|0|0|0|0|0|0|0|0|0|0|0|0|0|0|0|0|0|0|0|0|0|0|0|0|1|1|0|0|0|1|0|0|0|0|0|0|0|0|0|0|0|0|0|0|0|0|0|0|0|0|0|0|0|0|0|0|0|0|0|0|0|0|0|0|0|0|0|0|0|0|0|0|0|0|0|0|0|0|0|0|
2017-02-24|3|1_CTs|CT16||89|112|82|79|83|58|61|46|56|319|46|45|25|27|19|21|289|33|540|48|20|12|33|46|28|26|294|61|78|83|135|141|683|186|423|177|186|170|154|441|180|182|158|170|423|203|180|457|200|201|441|197|230|228|176|184|183|224|199|716|202|221|224|300|182|259|512|283|227|573|234|745|510|460|233|272|272|240|227|478|179|173|444|132|427|105|120|351|140|119|101|123|144|378|122|122|
2017-02-24|3|1_CTs|ct22||4|6|5|5|5|2|0|3|0|2|2|0|2|2|1|1|1|1|2|0|1|0|0|1|4|1|4|8|2|9|7|10|275|10|19|14|18|20|269|16|21|16|27|17|20|21|19|26|35|29|271|27|27|21|18|28|35|22|24|31|24|37|299|258|43|38|44|320|53|42|54|301|53|41|34|30|42|26|269|21|23|19|17|21|17|10|6|270|9|9|8|10|6|11|13|530|
2017-02-24|3|1_CTs|CT23||1775|2301|3036|3509|4226|3974|2832|1835|1236|838|701|1170|1298|1730|698|157|235|784|1730|365|128|296|693|1392|803|250|53|42|125|204|216|453|317|205|204|440|171|662|664|142|179|391|367|130|379|110|142|174|145|176|438|200|180|671|165|119|190|677|166|172|221|242|303|591|256|628|1292|1101|1032|1593|2172|1929|1936|1882|1229|1360|418|46|296|493|750|609|345|26|59|40|50|59|86|69|303|59|290|66|323|966|
2017-02-24|3|1_CTs|ct24||343|57|37|28|32|29|279|276|12|26|268|19|14|19|21|10|8|9|14|21|22|28|56|59|67|121|767|635|484|1084|1105|550|830|521|1426|653|832|568|800|796|554|750|578|765|776|813|761|1223|681|755|513|782|528|1024|709|443|455|717|753|761|743|750|742|475|459|984|728|487|428|488|1516|723|739|939|467|1234|773|739|746|999|493|397|402|387|267|218|164|429|164|674|372|391|142|164|411|132|
