2011-08-18|22|1_CTs|CT1||18|16|14|10|7|6|10|11|4|2|0|4|3|4|8|7|4|5|4|4|8|14|12|20|22|15|18|20|35|37|52|59|83|79|101|104|74|98|79|78|88|74|61|55|60|69|54|58|62|54|62|61|63|47|48|51|52|46|56|54|56|52|54|44|57|74|62|67|49|54|61|64|63|46|53|64|46|52|45|46|43|42|38|59|29|49|25|36|27|25|18|15|22|16|17|8|
2011-08-18|22|1_CTs|CT2||28|26|19|16|20|10|12|16|7|6|6|6|7|4|6|9|12|4|8|16|13|10|19|22|22|29|32|36|55|62|99|92|119|103|145|131|121|149|118|109|114|110|117|115|110|131|108|113|119|130|111|100|121|87|83|95|96|106|121|129|110|120|113|116|111|104|123|105|118|121|116|130|138|120|112|123|107|101|100|92|101|70|65|68|60|50|45|54|51|53|40|34|42|31|41|29|
2011-08-18|22|1_CTs|CT3||43|36|34|26|20|9|16|23|11|5|14|5|10|9|10|4|15|7|6|13|14|20|19|37|24|39|47|49|69|92|127|134|150|147|182|174|167|196|149|152|132|173|153|146|134|149|160|180|134|176|172|131|132|125|118|124|134|128|176|177|156|153|143|158|153|153|153|136|182|160|178|163|158|178|149|159|161|122|126|144|140|112|109|86|89|74|67|92|66|73|58|71|56|57|46|40|
2011-08-18|22|1_CTs|CT4||25|22|30|9|16|13|8|5|5|8|5|3|5|10|4|3|3|6|0|6|6|8|7|16|24|25|30|35|38|51|64|88|82|103|100|118|107|120|126|93|134|128|115|108|130|113|91|117|97|122|109|108|125|106|84|88|99|107|114|116|128|120|92|112|112|110|94|114|99|115|111|113|145|146|151|132|110|108|125|113|89|94|88|68|72|56|58|51|57|54|45|33|43|45|29|43|
2011-08-18|22|1_CTs|CT5||37|29|23|14|23|14|9|8|13|5|7|11|7|6|8|5|6|7|1|9|6|14|18|26|24|31|26|41|50|59|69|90|83|109|145|144|125|124|127|109|120|129|127|117|117|112|117|120|105|123|119|120|122|114|86|108|92|105|121|105|120|120|93|126|123|107|122|119|141|158|131|156|175|166|155|149|141|138|135|134|122|115|103|80|76|59|57|64|59|51|49|34|48|46|35|32|
2011-08-18|22|1_CTs|CT6||24|18|18|16|10|8|13|2|8|3|4|4|7|5|2|3|6|3|1|4|6|13|13|12|15|18|26|23|35|25|40|45|49|57|61|74|61|74|65|62|70|74|86|65|81|76|75|89|72|82|81|58|74|74|71|70|70|125|87|79|86|87|67|80|79|79|98|84|95|109|93|104|111|129|103|109|96|104|103|84|70|67|61|59|61|45|44|46|55|43|29|36|43|25|28|35|
2011-08-18|22|1_CTs|CT7||6|2|2|1|4|2|4|1|0|1|0|2|1|0|1|2|2|0|2|5|1|0|1|2|3|3|7|3|6|8|18|10|25|23|30|26|10|22|22|17|21|11|14|17|16|22|24|12|19|14|19|15|23|13|10|11|19|16|15|19|14|21|22|12|18|18|19|20|16|21|13|19|21|18|21|22|9|13|19|10|14|8|12|14|12|9|11|7|9|10|9|2|4|3|8|9|
2011-08-18|22|1_CTs|CT8||4|4|6|2|3|0|2|0|0|1|0|0|2|2|1|0|2|2|0|1|0|1|1|1|3|3|4|6|8|10|5|4|5|24|14|25|24|21|22|27|16|18|21|33|23|26|24|22|21|12|22|23|28|20|16|14|21|30|20|23|22|27|15|23|13|18|24|28|37|28|29|34|38|31|42|40|29|29|26|24|22|20|18|18|18|12|7|15|7|11|18|6|12|12|7|3|
2011-08-18|22|1_CTs|CT9||40|24|18|17|17|6|8|14|13|5|8|6|8|7|6|6|7|5|4|15|13|17|20|43|21|35|51|51|77|99|130|162|157|174|206|190|201|177|185|165|126|155|134|396|127|138|148|133|115|116|155|134|123|93|119|108|107|108|137|139|152|117|134|138|113|113|107|101|123|111|123|117|161|118|112|92|108|90|89|84|88|85|81|68|61|67|49|52|47|33|34|18|37|44|29|34|
2011-08-18|22|1_CTs|CT10||1|1|1|2|0|2|0|2|0|0|0|2|0|0|0|1|0|2|1|3|1|1|3|3|4|3|3|4|1|4|3|4|2|7|7|6|3|8|7|2|2|3|6|1|2|2|5|6|7|4|4|3|4|7|4|2|2|2|6|3|5|3|6|2|4|7|5|3|4|5|5|4|5|7|2|3|2|1|3|4|0|5|1|3|2|1|1|1|2|7|16|18|3|2|2|1|
