2017-01-13|6|1_CTs|CT1||0|2|1|1|0|0|0|1|0|0|0|1|0|0|0|1|0|0|0|0|2|2|2|2|3|1|3|3|5|7|24|85|158|129|109|51|44|275|14|29|21|19|17|265|13|10|13|261|11|12|262|11|11|12|8|15|9|15|8|15|13|25|10|8|14|11|20|12|16|8|18|8|19|5|11|13|4|4|5|8|8|3|4|3|4|4|2|3|1|3|0|0|0|5|3|4|
2017-01-13|6|1_CTs|CT3||16|14|9|5|3|3|1|2|3|0|2|2|2|7|4|2|4|3|7|14|12|14|19|16|17|20|27|38|35|46|249|60|55|84|92|116|89|85|82|73|82|75|60|285|48|51|42|44|38|293|46|58|42|43|37|296|52|301|40|44|26|310|289|47|50|73|284|63|60|56|72|58|46|57|61|65|280|44|50|50|33|42|42|38|31|15|35|18|20|15|18|15|18|19|23|18|
2017-01-13|6|1_CTs|CT4||10|7|10|7|1|4|3|1|2|2|3|2|3|2|1|1|1|2|2|2|2|2|0|2|1|2|0|2|6|8|15|24|61|54|19|36|22|24|28|32|28|24|17|283|33|25|18|6|10|17|28|38|43|286|30|32|36|288|34|33|38|22|22|32|297|40|36|36|48|292|59|311|299|49|41|56|53|41|19|32|260|34|16|27|20|22|274|11|15|13|11|6|13|12|13|11|
2017-01-13|6|1_CTs|CT5||20|25|16|11|15|7|6|18|9|9|7|9|6|8|5|4|7|3|5|5|9|6|5|8|249|8|16|17|16|23|296|58|67|81|70|106|117|112|355|96|70|74|77|318|73|66|59|68|63|60|307|67|88|62|78|61|46|60|64|329|341|89|63|70|74|80|74|75|338|104|82|84|76|12|252|13|14|269|11|52|65|61|55|55|55|290|38|45|39|37|41|31|26|23|27|28|
2017-01-13|6|1_CTs|CT6||278|301|18|19|8|10|253|221|8|9|6|3|2|4|6|2|1|2|12|2|13|11|14|22|20|22|29|34|38|46|86|267|208|237|179|165|121|168|143|120|112|129|91|346|354|121|384|128|107|108|110|100|120|132|133|124|306|379|127|136|130|128|349|364|119|626|326|143|159|155|149|152|134|139|95|129|384|123|125|107|352|133|376|365|96|84|59|76|326|50|65|65|47|38|32|46|
2017-01-13|6|1_CTs|CT7||14|4|4|2|3|1|2|1|1|0|2|260|2|4|1|0|1|4|1|1|5|2|6|3|4|2|4|12|6|20|22|20|50|34|42|38|40|31|26|34|37|37|25|28|30|27|284|19|21|285|39|35|278|33|29|30|22|24|36|27|29|24|27|30|31|38|41|29|31|277|31|44|29|21|35|21|23|24|30|22|17|26|19|16|19|21|14|7|8|9|14|11|6|4|3|3|
2017-01-13|6|1_CTs|CT10||23|33|27|17|16|10|9|16|6|4|10|11|6|6|5|3|6|5|2|6|9|12|13|18|17|31|29|42|307|61|99|179|178|151|412|187|187|200|185|156|164|159|155|391|141|124|384|150|156|161|148|148|151|152|142|159|370|153|140|136|156|185|152|176|183|182|723|425|734|514|516|747|462|249|209|229|257|261|244|231|451|208|152|129|360|91|82|55|58|65|57|41|54|59|61|304|
2017-01-13|6|1_CTs|CT11||33|27|27|14|271|3|7|11|6|11|5|5|6|4|5|5|5|3|7|10|6|14|22|21|31|39|59|97|94|162|236|299|217|166|215|266|268|263|242|213|492|215|232|660|180|182|670|201|205|197|458|440|448|192|172|204|179|453|448|220|207|411|463|194|213|446|475|394|222|213|195|187|420|424|317|324|170|151|401|158|437|153|166|135|644|101|356|88|74|72|63|67|57|62|42|43|
2017-01-13|6|1_CTs|CT12||45|286|39|23|24|17|9|19|8|5|6|6|5|10|3|5|7|8|4|6|8|17|16|21|18|273|39|57|77|89|134|467|304|318|294|318|332|302|214|224|188|185|211|170|174|198|207|189|195|227|205|208|460|234|211|234|187|171|228|437|206|243|468|242|245|265|271|308|557|285|271|523|233|246|285|225|302|322|297|275|237|226|461|167|140|115|108|101|91|95|88|66|335|537|71|303|
2017-01-13|6|1_CTs|CT13||0|0|0|0|0|0|0|0|0|0|0|0|0|0|0|0|0|0|0|0|0|0|0|0|0|0|0|0|0|0|0|0|0|0|0|0|0|0|0|0|0|0|0|0|0|0|0|0|0|0|0|0|0|0|0|0|0|0|0|0|0|0|0|0|0|0|0|0|0|0|0|0|1|0|0|0|0|0|0|0|0|0|0|0|0|0|0|0|0|0|0|0|0|0|0|0|
2017-01-13|6|1_CTs|CT15||34|19|22|24|9|6|6|12|5|8|7|15|10|15|9|3|12|10|9|6|16|16|22|31|36|33|39|45|63|95|106|179|240|220|251|258|200|173|31|158|211|191|360|121|367|118|105|96|376|128|129|139|126|111|110|351|123|129|116|111|111|331|348|92|133|128|382|177|445|217|211|191|409|179|169|89|61|128|114|77|81|83|105|93|79|71|67|46|34|40|46|45|34|45|32|34|
2017-01-13|6|1_CTs|CT16||285|39|33|19|25|9|10|273|8|7|10|12|7|9|8|2|6|8|5|13|14|8|21|19|24|28|39|75|71|109|191|262|337|296|299|307|273|271|238|252|244|236|213|459|204|191|436|197|203|191|207|227|434|246|185|654|183|214|206|222|471|186|443|230|210|440|715|242|739|246|729|488|481|225|227|233|216|208|205|189|437|207|180|162|138|145|111|82|70|70|81|75|61|65|59|44|
2017-01-13|6|1_CTs|CT17||49|38|38|29|17|23|20|17|15|4|12|7|1|9|5|11|7|5|5|2|12|6|8|10|9|11|14|27|30|50|58|111|198|211|106|82|172|187|179|169|77|115|143|309|57|90|79|146|135|420|400|147|151|168|139|155|165|141|146|122|141|173|167|173|186|180|182|220|215|202|208|187|395|212|199|194|200|188|166|173|152|142|145|129|311|60|81|87|351|81|70|66|71|322|83|68|
2017-01-13|6|1_CTs|CT18||63|312|53|37|43|24|16|36|18|16|19|18|15|18|12|8|13|7|11|15|24|16|20|25|507|30|49|78|79|128|444|535|332|359|352|257|272|285|419|256|272|536|267|510|247|216|226|266|264|239|488|220|225|233|498|211|207|523|267|264|304|258|235|269|519|519|247|273|288|328|295|323|289|336|282|284|293|282|286|281|492|244|241|216|459|144|142|136|115|112|109|112|98|110|349|96|
2017-01-13|6|1_CTs|CT19||51|41|38|30|21|22|15|12|11|10|8|3|4|262|4|7|8|5|3|2|10|4|6|13|8|8|21|27|25|51|60|317|267|233|225|214|205|209|179|187|149|136|121|119|160|144|402|436|168|436|154|173|146|149|129|414|146|409|158|393|149|187|176|176|187|185|453|453|213|433|225|474|246|230|293|350|460|192|197|171|169|158|144|116|98|96|90|82|80|76|66|46|62|82|75|57|
2017-01-13|6|1_CTs|CT20||17|30|23|17|13|13|11|6|8|4|4|5|1|3|3|0|6|5|3|7|6|8|11|10|268|16|17|22|30|45|53|88|148|150|143|158|154|82|79|129|128|93|117|633|137|119|46|13|92|119|41|85|130|111|131|7|35|73|57|641|115|29|101|129|376|127|129|107|647|142|414|144|139|126|117|386|136|102|56|105|79|103|12|86|305|82|77|69|304|49|303|52|64|59|45|292|
2017-01-13|6|1_CTs|CT21||73|297|36|297|31|23|19|18|21|15|13|11|18|21|13|9|16|24|22|27|31|38|44|47|49|68|93|139|144|237|486|505|403|360|296|316|304|303|316|332|293|318|280|474|206|221|734|215|221|198|229|694|200|196|218|461|219|236|242|227|205|252|198|249|195|236|218|219|232|255|507|237|234|256|256|246|251|201|446|223|651|177|203|187|163|135|117|108|107|103|117|107|100|356|99|99|
2017-01-13|6|1_CTs|CT23||115|72|49|33|30|22|14|24|18|12|10|18|12|18|15|6|8|457|15|16|21|21|32|43|46|33|61|110|105|157|232|329|331|316|332|305|285|291|548|307|315|289|680|282|217|229|227|446|210|233|231|201|217|242|190|449|213|452|252|246|212|237|210|228|256|266|497|302|305|289|274|328|297|294|309|311|275|248|445|277|242|235|257|232|152|123|401|106|91|109|621|105|101|97|107|373|
