2014-05-25|3|1_CTs|ct1||100|72|71|86|79|57|53|46|41|36|40|25|16|25|25|15|16|20|20|17|18|23|21|15|11|26|26|20|26|37|28|40|29|40|35|46|52|56|62|89|79|60|96|81|101|106|91|113|128|130|117|128|121|125|131|109|117|108|131|118|128|135|134|115|158|150|130|124|117|137|141|125|130|129|114|125|130|125|104|88|91|101|81|82|75|59|68|59|50|54|37|43|57|47|56|61|
2014-05-25|3|1_CTs|ct3||199|182|198|195|180|153|119|110|114|115|118|119|75|74|67|111|60|70|80|186|58|68|64|55|42|62|61|160|108|75|74|69|52|85|90|98|126|115|126|171|146|126|166|166|176|200|177|209|210|243|184|190|199|183|196|170|194|160|241|189|205|217|233|181|224|211|177|184|171|191|201|156|164|173|180|152|162|171|161|128|151|126|129|149|121|111|89|93|107|79|68|79|68|50|84|71|
2014-05-25|3|1_CTs|ct5||253|272|220|231|180|137|126|106|97|122|97|82|70|91|68|58|64|48|43|39|43|37|33|44|39|44|37|37|49|43|64|65|74|86|87|88|124|107|123|102|111|111|156|145|185|177|174|169|189|183|208|216|239|206|196|147|161|141|142|152|157|177|192|179|205|202|182|199|212|212|191|188|208|205|182|153|164|148|156|150|151|136|127|126|114|101|96|112|100|96|100|112|114|103|116|99|
2014-05-25|3|1_CTs|ct6||32|24|14|10|11|15|11|12|8|7|4|10|4|7|3|5|7|0|6|3|2|5|4|4|6|2|6|3|7|4|11|5|6|6|8|5|12|14|14|13|11|10|22|13|23|25|20|23|24|22|26|26|22|22|28|27|17|22|26|27|31|39|36|39|29|23|33|32|39|21|31|31|29|35|30|35|30|36|27|21|16|28|21|14|25|18|14|16|22|11|16|13|19|13|15|11|
2014-05-25|3|1_CTs|ct7||158|175|161|118|126|138|119|134|145|154|153|143|123|130|108|97|91|133|80|69|61|51|76|76|87|78|61|57|60|57|50|57|59|61|56|71|80|86|64|40|40|75|108|127|139|160|139|150|151|150|152|189|164|145|144|148|125|125|125|130|147|154|144|173|166|198|184|183|178|185|166|166|191|177|164|168|144|152|152|148|141|141|126|116|140|101|118|106|115|98|122|101|123|95|112|100|
2014-05-25|3|1_CTs|ct8||73|96|95|67|79|85|66|66|76|87|100|86|75|79|72|46|47|40|36|34|28|23|31|48|34|36|33|32|27|23|15|29|26|26|46|44|53|50|39|21|24|40|70|91|92|99|83|94|103|75|111|105|96|89|91|84|69|86|79|75|78|81|71|93|93|89|83|118|102|101|90|95|116|109|86|93|107|91|87|82|90|83|72|75|71|52|62|63|79|48|68|47|67|53|58|58|
2014-05-25|3|1_CTs|ct9||129|134|150|125|111|123|131|124|98|95|116|97|84|86|80|81|82|77|62|61|55|43|40|56|34|45|26|28|39|36|32|47|52|60|53|46|66|81|82|95|90|82|99|103|109|110|101|358|130|145|136|126|122|118|117|114|110|112|108|125|129|141|132|148|144|142|143|135|149|158|126|130|155|145|165|153|134|120|108|96|117|97|85|84|91|80|93|70|70|89|87|91|72|96|78|68|
2014-05-25|3|1_CTs|ct10||89|75|93|92|103|103|87|77|112|100|78|79|96|71|92|99|69|71|62|76|65|68|57|59|61|53|36|52|41|35|37|31|26|24|30|25|36|33|44|53|56|56|73|84|66|75|86|73|88|81|101|108|82|85|80|72|92|77|89|87|96|110|125|137|101|120|132|132|146|132|148|139|120|132|106|99|111|90|121|110|91|101|89|94|117|79|65|86|51|55|53|67|69|60|72|61|
2014-05-25|3|1_CTs|ct13||331|212|344|1017|810|1061|290|372|620|560|778|4179|4789|1162|286|532|1359|1166|838|3178|2783|3552|2248|1784|1355|1425|1728|2452|1502|496|1152|1352|119|315|1262|415|1356|3110|1324|1187|201|188|218|254|231|223|267|237|240|207|248|221|262|262|252|183|220|196|250|231|238|267|248|270|251|211|236|50|157|258|271|264|321|274|281|247|278|217|269|273|229|238|216|228|243|227|184|219|189|170|172|173|213|216|195|197|
2014-05-25|3|1_CTs|ct14||70|60|52|49|47|41|36|33|32|28|30|26|19|24|17|13|12|9|8|8|12|18|18|13|11|11|24|27|32|39|62|71|28|38|38|57|56|66|77|75|76|60|85|94|98|77|91|91|93|108|127|110|139|119|107|87|111|121|133|132|135|136|187|156|178|137|164|171|155|180|157|195|185|143|187|177|145|138|141|111|132|110|116|109|99|95|99|100|90|92|76|81|56|94|47|49|
2014-05-25|3|1_CTs|CT16||136|99|128|112|146|123|125|109|114|85|95|116|84|78|84|102|73|78|59|75|41|41|40|43|46|46|38|61|53|42|39|52|32|38|43|38|48|58|66|71|80|53|62|73|70|73|72|66|86|98|116|123|108|111|110|97|154|92|98|105|123|141|158|160|145|146|168|199|175|169|148|140|164|207|166|173|142|179|130|97|122|108|106|122|130|103|102|79|100|83|84|62|86|79|86|69|
2014-05-25|3|1_CTs|ct18||134|117|132|126|129|132|114|110|134|115|94|116|95|98|109|117|85|80|71|78|76|78|67|68|62|60|53|64|56|56|42|38|28|40|56|37|60|56|66|79|73|84|96|107|68|109|93|124|105|121|152|138|132|134|120|124|143|118|137|145|166|173|182|181|149|170|189|207|205|187|195|158|186|172|159|161|142|162|158|134|129|142|132|124|138|111|96|112|82|89|84|82|99|85|90|78|
2014-05-25|3|1_CTs|ct19||2|0|2|2|1|3|0|2|1|3|0|3|1|0|0|0|0|0|0|0|0|0|2|0|2|3|3|0|3|1|0|1|0|2|2|2|0|5|2|2|3|1|2|1|2|1|1|4|2|2|1|3|7|3|2|1|2|3|3|0|1|4|2|1|1|3|2|1|3|0|1|2|4|0|5|3|1|2|3|1|2|0|0|2|4|1|1|1|1|0|2|0|1|0|2|1|
2014-05-25|3|1_CTs|ct20||0|0|0|0|1|0|0|0|0|0|0|0|0|0|0|0|0|0|0|0|0|0|0|0|0|0|0|0|0|0|1|0|0|0|0|0|0|0|0|0|0|0|0|0|0|0|0|0|0|0|0|0|0|0|0|0|0|0|0|0|0|0|0|0|0|0|0|0|0|0|0|0|0|0|0|0|0|0|0|0|0|0|0|0|0|0|0|0|0|0|0|0|0|0|0|0|
2014-05-25|3|1_CTs|ct22||10|11|10|3|2|4|3|2|1|1|6|3|3|2|2|0|8|3|0|3|1|0|1|1|0|2|2|0|5|3|3|3|5|5|1|4|3|3|5|5|2|7|2|9|6|7|3|7|6|11|6|11|2|11|13|9|14|8|3|9|4|7|11|13|8|18|13|14|9|8|11|12|11|14|10|6|8|8|6|5|9|8|7|2|5|9|6|3|10|6|6|6|0|5|3|7|
2014-05-25|3|1_CTs|CT23||124|131|122|107|82|87|52|60|65|49|47|35|40|39|46|30|14|22|11|19|26|23|31|24|11|34|35|20|24|28|42|40|52|54|62|72|67|62|66|98|97|94|149|102|101|124|128|109|158|178|170|170|158|185|142|124|153|131|129|131|160|148|172|161|188|164|149|161|174|148|189|161|187|164|161|158|170|187|146|134|123|158|110|121|99|123|91|98|105|98|56|84|107|110|74|97|
2014-05-25|3|1_CTs|ct24||354|325|314|306|262|246|206|181|154|142|154|127|101|101|74|73|60|57|55|47|56|69|87|65|58|121|127|137|139|190|219|190|143|207|216|234|281|315|349|381|341|377|415|496|471|492|477|503|476|568|594|583|611|584|569|605|531|565|622|662|664|675|755|708|706|685|785|761|693|735|754|821|760|739|706|695|655|572|584|506|525|508|448|422|439|380|390|375|333|338|276|301|232|307|230|181|
