2014-03-20|2|1_CTs|ct1||76|59|38|32|34|33|21|19|20|22|17|14|10|12|12|14|11|16|11|15|33|20|27|35|38|47|46|75|96|104|144|145|144|184|176|208|198|179|185|210|215|220|195|221|207|196|193|189|193|198|191|200|205|179|178|171|200|192|202|198|218|193|198|213|183|176|166|163|160|133|144|157|154|154|161|159|178|174|180|203|192|171|175|177|164|125|112|96|110|126|113|102|98|87|101|74|
2014-03-20|2|1_CTs|ct2||71|45|36|30|33|24|21|29|24|21|11|15|11|11|8|13|11|6|9|9|20|13|17|16|19|28|24|20|24|34|35|54|41|48|60|92|78|73|81|106|115|96|103|106|111|90|90|91|83|99|103|101|103|79|62|70|91|96|108|80|102|91|105|112|88|103|116|85|78|73|78|73|89|73|94|79|97|82|105|111|114|84|78|111|106|79|72|62|58|77|53|45|60|48|57|48|
2014-03-20|2|1_CTs|ct3||100|105|79|60|44|47|35|32|30|40|25|18|19|13|15|22|24|11|11|20|30|21|34|36|48|42|51|62|70|95|95|87|114|137|133|156|155|141|151|160|195|187|200|211|204|201|200|199|179|198|216|173|213|182|175|180|173|186|201|208|191|209|208|204|208|191|181|205|168|144|152|165|162|155|177|165|162|185|182|185|187|166|160|159|141|142|138|121|110|127|98|118|105|97|107|90|
2014-03-20|2|1_CTs|ct4||59|56|42|37|33|28|43|20|14|20|16|14|14|14|13|11|22|12|13|15|20|15|17|27|26|30|22|34|27|47|56|73|85|104|129|122|126|140|126|127|126|141|133|135|129|115|109|137|123|134|129|143|109|122|111|99|112|143|139|145|101|147|167|156|131|159|152|139|128|109|93|100|88|110|105|89|97|91|102|103|102|89|79|86|71|61|83|68|61|52|74|83|60|80|83|82|
2014-03-20|2|1_CTs|ct5||119|104|76|74|47|46|43|39|28|29|21|29|17|16|14|13|24|18|18|18|20|21|22|36|27|29|39|35|42|47|79|111|139|139|181|191|189|192|175|173|205|209|214|225|224|183|174|202|212|221|213|208|174|178|188|176|204|242|226|215|179|215|229|227|229|253|236|233|259|165|157|134|166|197|164|155|161|169|134|146|152|153|123|128|125|113|140|126|111|104|117|145|107|131|109|144|
2014-03-20|2|1_CTs|ct6||43|39|30|29|19|18|16|17|13|10|12|9|10|7|8|6|8|4|4|6|10|8|6|14|10|13|14|13|14|17|15|31|30|27|27|41|35|32|44|38|58|382|545|554|534|544|471|216|155|169|196|161|129|145|143|133|136|165|175|185|147|180|166|160|165|211|202|171|201|153|289|483|527|536|448|87|40|58|54|53|58|45|41|41|42|36|50|34|48|29|34|34|42|34|34|54|
2014-03-20|2|1_CTs|ct17||116|97|99|84|65|63|41|52|47|46|33|24|31|20|16|21|32|22|16|22|28|31|51|49|52|49|51|56|71|98|103|101|137|162|145|178|195|169|205|205|254|244|230|244|242|240|229|250|232|201|239|221|242|194|212|212|221|230|239|230|247|228|237|221|257|222|234|257|216|206|191|205|227|207|217|213|177|207|216|210|213|208|203|193|198|171|169|149|143|130|112|145|111|127|143|120|
2014-03-20|2|1_CTs|CT19||50|31|35|22|14|21|13|15|10|9|10|3|10|3|3|7|11|5|5|11|11|7|13|15|10|9|15|25|27|52|54|51|70|93|85|82|101|106|88|88|120|122|110|120|130|115|107|117|121|121|124|104|106|96|98|97|92|128|116|118|118|123|101|110|122|130|134|128|124|109|104|118|113|120|120|116|102|123|116|104|112|104|98|68|71|73|66|58|64|71|54|54|56|55|76|62|
2014-03-20|2|1_CTs|CT20||34|42|36|38|24|21|22|22|24|25|15|13|7|11|5|3|8|5|6|6|6|10|13|10|10|11|17|15|16|33|49|57|67|86|70|86|88|107|87|83|74|69|73|66|80|65|60|71|65|63|65|64|66|59|75|69|67|80|62|64|64|79|69|82|79|72|84|79|76|75|67|82|85|96|86|79|87|89|81|65|65|79|60|49|65|45|39|47|43|44|49|55|53|48|45|46|
2014-03-20|2|1_CTs|CT21||18|22|18|23|11|8|10|7|11|9|5|4|2|5|4|4|1|0|4|1|2|3|3|4|5|8|8|9|6|18|31|41|33|58|45|50|54|52|50|50|44|45|51|30|40|53|46|50|34|50|39|41|42|33|42|37|35|42|55|39|48|47|42|46|54|57|55|42|52|37|42|40|51|49|44|45|38|43|52|37|36|37|30|28|35|21|24|25|24|24|21|24|36|30|19|23|
