2014-02-01|2|1_CTs|ct1||122|128|104|104|82|75|71|62|35|35|46|42|45|31|36|27|35|29|36|38|44|24|31|37|38|41|43|55|54|46|90|90|75|74|98|121|110|119|134|150|139|155|173|172|158|168|170|188|181|192|193|185|168|178|187|173|179|176|169|203|174|152|16|1|0|1|0|7|2|0|26|176|168|153|135|162|153|192|186|177|182|205|190|214|190|180|167|160|125|116|102|118|113|131|130|121|
2014-02-01|2|1_CTs|ct2||47|70|53|51|45|39|51|45|28|23|36|31|31|31|33|22|31|26|32|31|36|16|15|24|20|19|20|16|25|17|38|29|28|21|33|33|43|47|50|63|51|59|56|59|42|51|70|60|56|59|41|52|52|65|62|55|58|71|46|82|63|58|1|0|0|0|1|4|2|0|15|61|47|51|59|58|53|61|80|76|86|95|110|99|111|87|73|67|61|49|52|64|39|49|50|62|
2014-02-01|2|1_CTs|ct3||131|124|141|135|101|95|81|93|60|62|59|57|58|60|58|39|47|54|51|44|59|30|39|54|43|47|55|54|52|56|84|79|62|71|83|85|104|112|129|129|134|148|170|142|138|163|163|170|173|175|167|140|155|148|157|167|156|146|132|163|16|2|2|0|14|7|4|0|1|4|19|186|149|166|137|148|136|146|158|148|153|182|183|172|172|208|187|192|142|126|118|142|121|151|146|133|
2014-02-01|2|1_CTs|ct4||75|54|47|60|45|36|49|32|30|30|42|33|33|40|37|29|30|32|36|23|17|28|30|26|38|37|32|33|32|29|31|33|37|35|41|57|60|56|62|85|85|107|89|112|102|83|89|101|96|107|91|114|88|89|95|95|81|96|82|97|88|82|77|158|69|96|84|78|68|75|80|96|106|96|92|110|82|104|92|69|76|79|71|83|75|85|89|61|62|48|64|69|76|70|68|70|
2014-02-01|2|1_CTs|ct5||146|116|123|125|84|78|82|74|75|61|55|55|50|53|62|49|50|53|52|30|28|42|32|45|47|40|39|38|40|42|47|47|58|51|72|78|94|84|104|112|123|160|161|153|162|154|155|159|163|168|184|184|167|156|171|125|172|172|140|180|30|5|0|3|3|1|3|74|92|118|123|173|190|170|180|192|166|161|182|146|152|129|131|163|135|125|143|137|123|99|105|124|107|116|122|131|
2014-02-01|2|1_CTs|ct6||265|463|249|194|526|511|483|353|458|509|447|414|463|346|421|501|496|396|70|12|12|17|10|9|18|17|15|9|18|10|14|13|14|18|9|18|18|20|33|435|284|86|91|86|107|109|106|97|120|100|125|108|116|99|116|98|102|104|121|127|141|136|53|75|43|61|60|63|145|414|494|125|35|46|37|38|32|30|38|40|37|35|42|39|38|41|49|36|37|15|28|31|27|35|32|28|
2014-02-01|2|1_CTs|ct17||171|151|168|161|113|133|107|114|92|77|73|67|67|76|73|51|61|54|49|54|67|47|39|59|44|47|66|66|59|63|84|81|62|77|84|93|116|109|121|127|145|180|159|155|178|154|178|165|177|176|176|168|170|182|164|179|198|172|170|192|47|23|6|13|10|11|19|57|116|122|108|164|169|195|152|161|148|165|181|165|154|156|187|180|184|210|196|196|154|142|139|150|123|148|165|143|
2014-02-01|2|1_CTs|CT19||67|43|67|51|43|38|43|43|36|31|19|26|22|33|31|21|19|14|12|12|16|12|12|18|9|15|20|28|23|21|27|32|25|40|39|29|48|53|60|63|68|78|84|78|79|70|88|97|93|94|82|91|83|97|69|94|88|77|93|85|38|22|19|1|0|0|18|41|39|50|62|82|93|97|85|75|68|89|81|88|81|83|82|80|84|109|78|88|61|56|59|57|53|57|66|54|
2014-02-01|2|1_CTs|CT20||60|51|57|61|48|40|54|58|41|52|63|49|47|60|43|39|25|34|30|22|20|11|14|18|20|22|16|23|21|22|15|20|31|26|35|42|47|47|54|75|52|62|73|58|61|75|62|73|63|73|72|73|77|78|59|86|80|70|71|53|75|66|84|52|29|24|50|71|79|68|80|67|72|72|73|77|80|72|69|81|65|57|64|76|83|73|70|48|62|52|61|50|46|50|54|58|
2014-02-01|2|1_CTs|CT21||31|22|24|33|24|17|27|16|21|18|21|20|11|22|13|14|14|15|12|12|5|7|6|6|9|8|6|11|15|9|7|7|8|16|17|21|25|27|28|28|31|37|37|45|34|42|46|38|36|47|45|42|32|42|30|46|37|42|42|38|51|43|34|43|41|38|41|32|40|46|49|29|28|44|45|40|44|35|43|35|37|38|37|44|56|38|47|27|27|28|45|28|19|35|17|30|
