2015-12-29|3|1_CTs|ct1||42|41|283|24|24|27|16|7|9|7|10|6|7|261|7|5|258|3|4|2|5|8|6|12|12|23|22|31|46|321|97|121|379|171|184|197|198|453|165|414|166|449|417|423|157|174|430|177|173|194|192|210|186|170|151|197|173|173|194|203|209|209|234|480|173|205|189|464|176|455|225|195|464|201|183|184|201|182|440|162|161|158|123|122|96|98|88|101|108|107|96|71|67|56|62|65|
2015-12-29|3|1_CTs|ct3||258|268|65|39|59|29|29|56|175|14|13|9|52|41|18|97|205|20|19|273|36|181|80|45|45|48|249|195|211|537|526|194|535|300|360|391|276|503|229|289|191|308|282|253|468|259|518|650|622|247|243|524|248|253|288|253|488|238|234|253|479|226|233|231|229|231|220|472|197|193|201|191|203|189|443|181|190|414|490|468|215|206|203|431|653|139|145|176|130|400|144|357|109|104|354|350|
2015-12-29|3|1_CTs|ct5||101|101|93|71|65|304|45|44|36|34|23|18|19|21|18|17|15|27|19|12|20|17|17|271|16|15|27|29|47|57|598|113|126|172|159|209|455|224|182|186|179|186|184|188|216|225|451|463|196|246|233|500|235|212|190|182|203|458|435|265|245|277|258|519|244|286|253|289|293|549|788|545|293|294|552|281|259|503|268|271|522|760|191|176|144|157|137|121|660|154|155|412|117|140|160|401|
2015-12-29|3|1_CTs|ct6||9|14|8|8|3|3|5|5|2|4|4|3|0|2|0|1|0|3|1|1|6|0|3|4|2|9|9|16|17|17|28|35|36|44|43|66|49|36|70|45|33|59|51|60|52|44|42|36|47|45|60|55|62|57|36|53|289|50|50|70|67|45|283|77|57|66|75|54|50|75|301|73|66|62|72|54|89|76|297|59|50|32|29|31|28|26|15|27|22|18|20|27|23|16|23|12|
2015-12-29|3|1_CTs|ct7||324|354|89|320|304|56|54|291|52|45|31|26|18|28|26|25|24|16|21|15|20|19|491|24|31|45|546|35|47|49|53|73|79|102|364|388|365|381|134|123|142|147|393|172|148|161|160|172|413|197|172|400|179|412|152|126|678|184|437|188|207|196|420|407|89|330|38|47|65|330|52|65|45|48|55|69|324|71|76|125|425|426|149|135|141|120|132|383|125|382|395|373|381|125|379|140|
2015-12-29|3|1_CTs|ct8||273|51|43|295|36|29|29|36|40|25|11|12|4|18|17|12|11|6|14|6|9|13|11|17|19|30|279|24|30|25|34|35|40|65|325|85|311|335|78|77|90|106|91|107|112|106|105|131|621|130|116|108|122|361|98|86|360|122|370|140|146|138|145|385|139|131|144|102|609|130|136|127|667|135|403|120|127|636|128|129|121|100|99|93|90|80|88|94|89|89|73|80|83|84|72|79|
2015-12-29|3|1_CTs|ct9||105|67|323|62|314|64|70|41|37|44|45|29|30|25|28|22|23|20|23|21|14|27|33|28|23|38|42|33|321|73|88|642|400|145|221|185|202|680|193|202|193|152|159|448|164|174|414|671|168|200|187|151|180|138|402|159|157|150|465|209|220|186|430|447|178|187|207|717|189|149|653|453|411|401|204|223|179|447|169|443|145|165|127|114|120|347|76|96|362|95|102|375|346|85|84|366|
2015-12-29|3|1_CTs|ct10||78|76|83|53|55|55|37|35|34|24|32|36|18|20|23|18|18|16|18|14|17|9|22|9|22|21|23|26|30|35|56|51|84|82|95|123|116|113|124|134|138|107|108|140|116|112|128|145|134|133|115|142|133|142|119|112|118|126|135|139|160|121|101|136|143|118|114|146|140|151|182|158|161|145|126|144|148|143|122|117|107|131|112|104|106|100|95|92|94|78|92|92|81|88|93|94|
2015-12-29|3|1_CTs|ct13||187|173|425|416|151|116|142|76|108|366|99|64|38|82|63|38|36|81|52|26|364|52|69|62|64|101|352|80|90|116|151|181|198|201|472|249|518|256|452|229|256|204|243|279|291|12|0|0|0|0|0|0|0|0|0|0|0|0|0|0|0|0|0|0|0|0|0|0|0|0|0|0|0|0|0|0|80|148|214|306|255|265|251|252|226|492|475|206|231|234|449|232|484|211|212|430|
2015-12-29|3|1_CTs|ct14||55|45|39|30|24|273|25|21|14|7|265|11|5|13|11|10|5|5|7|10|14|11|17|17|21|43|52|383|655|207|239|482|238|495|520|514|243|240|520|526|224|728|732|212|222|202|426|459|173|170|193|207|164|431|158|442|443|204|467|191|184|223|487|445|211|195|409|421|153|186|754|226|742|207|215|233|223|409|262|187|669|420|390|105|342|85|76|94|84|76|83|341|50|330|64|56|
2015-12-29|3|1_CTs|CT16||80|89|80|87|59|56|63|44|28|39|35|24|11|37|22|23|23|34|25|22|34|16|30|23|19|30|29|39|43|66|72|107|350|115|139|115|138|97|160|138|196|385|156|181|176|166|466|314|277|251|250|200|242|202|227|202|168|160|160|491|417|212|509|465|207|487|481|218|229|740|247|360|260|242|536|286|242|527|240|206|187|453|129|159|90|120|102|132|135|103|126|377|370|124|140|133|
2015-12-29|3|1_CTs|ct18||99|99|97|80|70|67|49|45|52|29|33|39|25|25|27|25|27|20|28|22|30|15|27|21|34|30|39|49|57|77|90|100|167|157|186|176|180|205|205|212|186|184|176|206|168|179|188|211|196|208|163|174|194|179|176|167|186|196|217|211|185|186|168|199|226|196|144|185|220|158|181|220|169|200|175|179|211|188|152|151|157|157|167|141|134|139|122|121|125|127|129|130|110|118|141|110|
2015-12-29|3|1_CTs|ct19||2|1|0|1|1|1|0|0|0|0|0|0|1|0|0|0|0|0|0|0|0|0|3|1|4|5|5|6|6|8|5|8|2|3|8|6|9|4|9|9|6|6|7|4|8|5|6|7|5|5|5|3|5|5|3|4|7|6|5|7|5|1|5|3|7|2|5|5|4|11|9|4|5|6|4|10|9|5|5|4|3|4|5|9|6|1|2|5|1|0|0|0|2|5|0|2|
2015-12-29|3|1_CTs|ct22||3|3|2|2|4|0|1|1|1|2|0|1|2|0|0|1|0|1|1|2|1|2|3|0|0|1|1|2|4|7|6|11|9|15|24|12|268|18|19|17|15|6|21|17|21|29|25|19|287|21|32|33|6|5|19|21|17|19|21|25|28|30|26|16|29|25|37|45|65|53|43|41|59|48|58|45|31|35|25|274|17|12|10|8|15|4|5|4|5|15|3|5|3|6|3|7|
2015-12-29|3|1_CTs|CT23||137|98|99|76|303|62|25|23|41|31|20|22|22|16|267|14|6|3|13|13|13|8|11|18|13|24|17|40|65|66|127|145|423|220|288|291|1080|319|487|283|505|742|192|462|253|270|249|243|555|317|358|360|600|236|290|321|550|303|359|345|304|341|346|637|370|413|659|949|488|722|760|749|813|547|758|516|471|1021|707|899|416|387|553|255|241|467|161|215|496|495|193|402|149|133|156|155|
2015-12-29|3|1_CTs|ct24||189|142|363|125|104|341|331|64|62|52|41|286|35|56|42|27|294|22|38|51|317|53|84|384|132|430|560|436|563|1030|1092|1292|1114|911|1014|909|1228|1062|869|1338|1199|1143|1142|1198|900|836|888|860|850|1103|887|1199|810|1110|1038|817|801|948|907|928|1114|850|932|1423|856|877|760|1605|766|1357|1140|916|882|940|879|873|851|1006|867|707|903|890|861|527|648|637|348|370|345|329|350|302|526|564|754|228|
