2013-05-24|7|1_CTs|CT1||34|26|29|20|11|10|8|7|6|5|4|1|5|6|1|3|4|7|3|2|3|5|14|8|9|12|19|30|34|70|97|126|208|208|211|202|224|200|221|211|183|138|145|154|136|145|119|119|135|138|124|137|120|122|124|113|109|135|158|155|157|163|150|168|223|221|172|153|153|159|174|162|173|187|166|184|159|143|124|126|135|138|119|107|98|84|86|80|56|51|44|48|43|49|45|37|
2013-05-24|7|1_CTs|CT2||59|78|38|48|36|44|16|24|8|19|8|8|6|16|12|20|18|0|10|12|22|12|18|20|28|30|37|52|46|60|119|176|332|304|370|348|297|199|215|287|204|211|220|233|242|248|218|211|252|196|219|170|196|218|198|209|218|187|197|197|214|215|258|234|212|231|252|281|251|274|248|285|428|411|406|403|352|352|238|224|237|192|188|172|165|166|144|140|105|112|110|88|76|70|130|80|
2013-05-24|7|1_CTs|CT4||39|48|58|32|33|27|29|48|13|17|35|25|12|32|31|16|15|6|8|9|3|5|14|7|2|3|0|7|5|5|6|12|16|20|24|17|15|26|15|20|25|23|10|15|19|21|10|14|36|15|29|35|20|26|27|13|21|15|11|24|39|32|22|28|61|49|72|59|86|53|54|46|63|61|55|37|55|55|51|65|51|50|33|32|40|62|36|38|37|59|20|18|20|26|38|42|
2013-05-24|7|1_CTs|CT6||53|42|33|38|34|18|19|27|19|17|19|15|10|13|18|8|12|11|4|14|7|12|7|4|13|16|14|21|16|44|62|81|163|179|158|180|157|154|135|149|117|142|145|130|138|148|149|125|133|170|147|142|130|146|118|128|137|135|160|139|132|176|148|162|169|207|250|234|253|246|267|304|237|268|270|235|201|197|193|178|168|154|158|110|101|94|103|102|72|73|85|73|98|58|60|58|
2013-05-24|7|1_CTs|CT7||20|41|33|18|26|15|11|8|11|13|14|19|10|10|8|10|7|8|11|9|15|3|9|12|15|16|20|32|37|48|75|79|100|104|124|115|132|103|93|115|114|114|126|108|112|93|95|111|114|123|123|107|124|103|96|111|115|104|125|120|122|124|129|129|137|117|131|143|155|141|152|143|151|149|157|148|167|134|135|144|122|104|108|78|64|128|68|107|57|51|49|49|57|48|40|57|
2013-05-24|7|1_CTs|CT8||91|96|86|65|58|61|45|51|28|37|22|24|23|21|29|32|33|35|42|43|98|72|97|95|97|110|125|189|182|258|304|390|394|417|434|415|370|375|361|404|382|371|369|345|336|340|343|345|301|345|343|344|300|328|353|304|310|246|317|301|355|397|383|326|313|362|352|393|368|408|374|397|419|423|394|351|319|329|278|323|280|300|260|221|242|213|200|181|192|171|223|199|177|136|173|156|
2013-05-24|7|1_CTs|CT12||68|46|39|48|31|29|31|30|20|15|22|23|15|8|21|18|7|14|10|21|9|12|15|16|19|18|18|26|32|43|78|124|204|226|220|253|221|213|188|177|166|179|182|211|199|185|187|189|218|206|208|243|195|203|180|161|191|174|208|195|198|230|205|226|220|260|291|279|264|236|311|323|314|338|319|317|309|283|248|279|237|218|184|163|203|178|161|121|121|126|101|109|116|81|91|81|
2013-05-24|7|1_CTs|CT13||13|15|10|3|11|9|2|6|9|1|6|9|4|3|3|5|2|3|3|1|2|2|4|4|8|4|8|15|17|24|37|36|45|63|76|69|75|64|58|73|61|67|75|57|47|39|37|49|46|59|43|62|51|43|31|37|51|40|44|53|45|51|66|51|56|58|73|70|67|63|0|15|70|62|79|94|70|58|66|71|51|42|59|38|35|53|22|25|26|16|15|20|32|16|18|22|
2013-05-24|7|1_CTs|CT14||524|543|533|515|499|503|489|502|495|495|492|479|480|497|497|501|502|485|444|444|479|174|31|37|24|34|45|43|53|56|93|136|190|211|177|172|172|479|647|660|656|589|496|593|508|405|362|377|376|440|423|395|385|374|389|357|368|416|424|419|411|444|463|470|442|493|528|536|619|611|634|607|629|676|623|587|574|562|555|537|498|450|395|364|320|313|303|296|277|232|191|260|357|301|380|541|
2013-05-24|7|1_CTs|CT15||23|22|30|5|24|11|13|9|16|9|17|7|7|11|11|4|3|7|6|13|7|13|6|8|16|9|18|16|23|25|41|94|156|213|193|235|180|145|96|94|64|62|68|80|91|82|73|80|65|80|110|93|83|103|76|73|89|81|78|87|83|116|115|125|140|207|219|168|198|208|217|196|148|162|152|144|130|106|119|99|107|110|84|51|82|57|57|48|31|49|60|45|36|45|33|29|
