2013-07-30|3|1_CTs|ct1||53|28|26|20|20|17|11|7|9|7|7|6|6|3|5|4|3|4|2|8|5|7|7|14|12|16|27|28|33|62|105|134|166|180|200|208|215|205|185|172|180|151|170|158|156|154|163|157|157|160|179|159|151|172|155|193|191|200|139|206|197|156|171|166|152|166|185|170|162|197|158|204|196|196|224|231|198|183|167|156|159|143|156|151|125|94|97|75|80|89|86|76|68|52|69|45|
2013-07-30|3|1_CTs|ct3||95|58|48|38|41|41|33|13|14|11|13|14|16|13|14|13|10|12|12|33|18|18|19|33|26|30|42|54|83|66|122|208|185|236|228|264|246|230|244|239|243|205|242|294|259|296|247|205|238|224|233|218|250|212|213|223|224|249|238|241|279|245|226|241|235|226|281|352|170|260|214|301|256|326|235|305|257|282|243|231|220|204|238|214|176|163|139|124|126|129|131|142|97|117|152|136|
2013-07-30|3|1_CTs|ct5||106|76|57|54|61|40|47|37|36|40|25|20|11|15|25|18|14|20|17|10|18|11|14|14|17|19|26|22|42|50|92|133|145|176|189|211|226|184|212|178|191|182|187|187|225|185|183|196|210|214|222|228|200|212|162|193|210|196|196|237|246|248|230|256|173|201|213|279|301|291|297|287|310|306|300|315|236|247|246|229|226|259|200|174|176|141|134|124|122|135|111|97|121|116|126|124|
2013-07-30|3|1_CTs|ct6||7|9|1|3|3|3|1|2|3|1|1|2|1|0|2|1|0|1|2|0|3|3|0|2|5|1|8|11|10|18|30|29|37|41|34|55|59|43|54|46|54|48|35|34|42|38|34|41|25|38|34|48|52|47|35|37|31|40|59|52|58|54|47|45|37|41|26|39|44|45|45|51|54|54|55|63|49|51|44|45|42|39|28|15|26|19|20|18|17|16|14|22|16|13|19|11|
2013-07-30|3|1_CTs|ct7||73|145|82|66|71|53|42|58|48|42|48|34|55|24|24|25|20|21|23|17|26|11|19|21|24|34|41|29|57|52|58|86|85|114|104|145|139|154|143|137|152|139|165|179|167|171|184|163|193|174|166|158|141|158|158|139|142|188|172|201|171|203|192|190|182|70|81|65|174|155|179|175|176|79|69|173|166|183|166|154|151|169|156|134|137|128|104|112|100|113|119|106|127|164|139|133|
2013-07-30|3|1_CTs|ct8||40|44|40|36|47|25|28|26|20|20|24|12|16|14|14|10|6|12|9|11|12|9|10|14|15|19|25|26|36|31|48|48|43|49|56|78|71|97|92|80|95|103|93|108|121|106|127|105|111|120|105|100|82|103|94|94|96|113|103|128|111|133|127|122|128|112|140|147|112|121|131|123|101|142|127|109|99|96|98|99|86|79|92|76|66|86|58|65|57|75|78|64|77|75|72|84|
2013-07-30|3|1_CTs|ct9||76|67|52|69|61|51|38|36|29|40|37|41|37|20|24|23|20|24|17|20|23|21|21|21|21|27|37|39|50|81|86|119|131|151|237|212|196|194|192|219|163|163|169|212|177|180|146|170|192|144|158|138|128|144|152|132|160|162|160|166|173|165|196|155|182|157|160|140|150|197|183|201|155|192|187|173|174|159|161|129|137|142|151|102|95|90|96|93|106|84|96|85|81|86|72|84|
2013-07-30|3|1_CTs|ct10||72|68|57|71|56|50|39|34|32|23|32|27|27|22|18|16|14|21|16|25|15|20|20|17|21|21|27|39|33|37|58|45|75|111|136|152|141|146|130|148|123|118|141|145|133|128|131|145|127|118|131|128|125|127|106|112|106|128|154|140|151|142|132|136|144|145|128|124|149|163|135|158|147|168|164|152|130|153|145|115|125|113|106|106|113|86|91|85|98|76|94|94|99|84|89|78|
2013-07-30|3|1_CTs|ct13||219|520|1254|116|101|115|90|56|66|430|217|58|74|76|61|87|52|76|62|58|56|51|46|76|68|72|102|104|116|108|148|168|184|242|247|245|272|278|188|8|211|249|286|248|264|257|234|259|270|262|262|251|378|848|2162|1851|1982|1448|2015|623|252|672|2035|1716|75|47|68|169|733|528|24|0|0|0|0|0|0|0|0|0|0|0|0|0|0|0|0|0|145|431|797|670|244|1762|265|401|
2013-07-30|3|1_CTs|ct14||24|37|24|24|18|21|12|14|11|15|13|7|5|6|9|7|5|7|3|9|4|13|14|17|24|29|43|93|150|201|239|267|265|280|272|283|296|286|303|275|243|231|191|184|158|184|168|174|130|162|192|163|137|135|161|156|159|162|231|188|192|168|180|164|161|159|175|164|151|184|207|192|237|229|224|216|248|194|164|173|167|159|140|113|121|103|92|94|81|94|88|59|74|58|78|76|
2013-07-30|3|1_CTs|CT16||73|61|68|76|53|40|41|38|44|29|25|29|17|9|17|15|12|22|23|6|18|15|13|29|25|20|37|49|51|66|74|83|93|126|139|126|173|148|134|148|123|130|139|141|157|174|152|179|143|140|154|129|94|107|121|119|123|138|145|146|128|138|158|145|151|168|179|154|192|170|161|196|189|193|195|174|184|138|170|151|127|138|122|108|96|84|123|109|71|93|97|90|64|79|96|77|
2013-07-30|3|1_CTs|ct17||66|72|42|49|42|36|44|24|15|20|14|14|21|11|10|12|7|11|15|12|10|20|18|24|16|32|33|45|48|66|99|110|168|184|254|245|293|276|246|223|187|182|224|205|195|187|195|192|209|175|193|177|202|169|149|163|156|214|224|224|196|197|239|198|189|197|171|175|199|199|182|212|190|210|195|201|184|197|207|168|181|181|155|117|157|102|113|118|93|84|108|88|105|78|75|76|
2013-07-30|3|1_CTs|ct18||82|80|81|84|71|61|55|49|35|34|37|30|33|23|24|19|16|22|20|28|20|30|29|28|32|38|39|60|56|81|121|104|170|187|221|209|234|225|198|210|193|172|212|197|182|184|174|179|184|149|194|180|165|160|157|152|154|180|173|233|172|180|209|180|189|178|175|161|178|199|171|193|181|189|191|207|185|193|197|151|171|157|128|128|143|112|128|117|123|116|124|122|130|119|104|101|
2013-07-30|3|1_CTs|ct19||0|1|0|1|0|0|0|0|0|0|0|0|1|0|1|0|0|0|0|0|0|2|0|2|8|6|1|8|5|9|8|9|6|6|6|11|7|7|5|9|5|8|3|5|6|4|7|6|6|9|5|8|8|5|4|7|4|6|5|4|6|6|7|9|7|4|8|8|10|7|10|5|7|9|10|8|5|4|6|7|4|7|6|4|4|4|4|5|1|0|2|0|1|1|1|1|
2013-07-30|3|1_CTs|ct22||8|4|3|6|1|2|3|1|3|3|1|0|0|1|1|2|1|2|2|0|1|1|0|5|3|0|2|4|4|5|7|14|12|10|11|14|22|21|19|19|26|22|20|18|22|17|19|24|34|16|21|28|22|13|16|11|21|13|22|22|20|31|26|30|26|36|29|30|38|39|30|27|45|47|43|35|48|35|24|16|25|20|18|22|7|7|15|4|9|11|1|6|7|2|3|4|
2013-07-30|3|1_CTs|CT23||100|49|52|31|39|28|30|31|30|16|22|19|16|16|11|7|6|5|4|7|14|10|16|13|23|29|16|32|53|76|110|128|170|211|270|260|254|257|235|218|193|181|183|200|211|205|219|225|232|236|260|271|276|227|212|211|236|251|252|233|245|274|229|230|235|264|316|304|358|359|361|377|429|466|432|415|405|427|361|323|313|302|246|249|224|187|155|176|158|182|131|118|123|84|89|67|
2013-07-30|3|1_CTs|ct24||167|154|134|115|88|82|49|53|44|34|42|27|33|38|26|25|34|29|39|39|49|71|69|110|112|161|248|405|529|730|911|918|882|891|870|926|880|903|898|917|946|918|854|828|758|727|704|818|657|705|768|766|697|692|678|657|694|818|819|820|787|766|742|689|612|660|693|629|621|748|728|801|844|893|840|861|839|796|693|680|697|609|584|595|478|481|435|415|366|353|354|354|317|306|298|269|
