2011-12-09|7|1_CTs|CT1||186|243|321|482|487|490|452|469|435|351|198|125|5|3|2|52|273|487|492|494|491|499|495|382|171|124|448|323|403|403|386|492|320|410|473|400|440|439|338|457|479|475|464|439|472|479|484|485|424|226|143|141|135|142|138|145|136|158|154|171|165|165|180|203|188|184|186|171|189|175|190|194|181|168|190|161|144|139|125|124|132|105|98|87|83|65|63|59|58|61|63|41|59|59|54|46|
2011-12-09|7|1_CTs|CT2||1484|1244|1082|1368|787|1336|487|878|991|1389|1345|2067|1594|1569|1642|1334|1454|865|675|518|120|48|77|112|140|89|129|157|144|216|400|748|560|760|556|495|564|414|419|380|324|484|894|358|399|343|1552|2065|1144|309|435|307|344|440|342|154|148|196|183|234|239|230|245|185|193|254|257|264|309|327|279|349|856|650|458|501|472|407|407|367|287|343|246|191|227|152|169|161|148|150|124|144|112|103|149|81|
2011-12-09|7|1_CTs|CT4||34|32|41|28|23|39|32|18|27|26|19|7|11|9|6|13|7|14|5|4|10|11|4|3|5|4|3|6|2|1|2|17|8|27|11|13|6|15|22|12|20|12|23|15|26|24|28|13|19|28|32|31|38|20|20|29|28|33|24|22|35|30|43|36|50|62|45|45|75|64|60|64|51|53|53|54|49|45|55|49|47|63|50|34|54|30|22|29|25|30|25|34|27|32|26|44|
2011-12-09|7|1_CTs|CT6||34|37|33|27|22|16|20|22|13|11|13|8|7|9|9|8|8|8|6|8|9|6|9|14|13|12|14|16|35|45|60|82|152|184|136|188|163|149|155|167|161|160|155|161|168|180|147|173|184|168|178|176|155|165|157|158|151|176|175|183|170|185|193|238|251|279|296|289|277|287|256|268|254|251|230|231|218|187|169|193|149|132|126|127|94|92|71|81|82|67|78|97|47|64|57|58|
2011-12-09|7|1_CTs|CT7||38|38|20|21|15|14|12|10|17|19|8|10|9|10|7|2|10|4|8|10|6|9|8|17|12|23|30|34|52|41|66|71|81|101|110|120|101|104|130|107|119|120|127|121|169|139|125|138|128|140|121|132|113|127|100|121|124|145|127|132|119|146|152|145|152|129|136|142|153|168|154|167|174|156|153|141|125|130|146|121|113|114|80|77|81|68|56|46|48|44|58|66|62|55|48|58|
2011-12-09|7|1_CTs|CT8||100|97|65|55|47|31|36|33|27|26|26|22|18|33|11|15|28|25|48|49|62|57|60|79|105|115|110|150|162|227|280|377|399|407|429|400|363|369|346|352|359|325|339|372|352|327|319|354|344|363|308|365|311|270|308|314|331|357|373|411|361|385|420|372|366|384|372|398|367|384|363|365|388|367|352|339|342|341|311|320|318|254|222|192|191|198|173|171|162|151|173|169|150|134|136|136|
2011-12-09|7|1_CTs|CT9||84|61|48|35|32|23|22|22|22|13|12|9|10|14|11|3|18|6|28|20|36|35|40|47|58|63|58|83|101|143|159|229|249|272|271|266|219|231|227|220|245|244|238|256|247|233|231|243|245|222|220|227|195|189|172|193|225|242|236|236|236|255|236|277|239|248|246|232|227|227|230|248|244|226|227|208|188|234|191|184|167|195|159|148|132|138|111|118|113|105|109|114|97|95|87|96|
2011-12-09|7|1_CTs|CT10||99|89|79|64|67|41|55|47|43|42|44|18|34|11|32|33|37|30|24|24|37|32|31|32|51|47|54|63|81|84|125|165|202|257|249|244|247|239|244|243|235|258|241|261|269|300|269|318|281|293|327|299|243|276|231|258|279|266|270|304|318|325|320|295|318|330|340|329|358|315|343|358|316|324|344|303|291|293|270|278|287|252|252|185|191|175|143|180|164|169|158|156|145|138|116|127|
2011-12-09|7|1_CTs|CT11||102|82|129|68|54|46|40|64|48|48|40|26|37|12|20|36|28|32|30|26|54|35|48|43|55|67|108|99|105|116|123|195|237|207|274|229|255|299|230|260|280|266|238|291|274|318|246|367|326|337|452|322|340|912|548|327|268|285|270|306|341|261|282|335|200|210|289|232|199|217|302|292|201|182|207|214|282|266|244|280|266|245|203|194|185|163|140|157|135|148|156|190|141|125|125|144|
2011-12-09|7|1_CTs|CT12||57|60|48|39|33|21|24|21|29|15|17|16|13|16|11|9|9|10|7|14|7|9|9|14|20|13|16|28|37|60|76|115|188|203|197|221|228|191|200|210|183|201|180|222|225|235|201|224|238|203|229|237|241|209|214|201|206|210|251|233|239|241|279|258|285|287|331|327|331|332|343|345|311|317|328|289|282|291|286|255|220|206|183|178|168|114|123|118|122|104|104|120|101|106|90|91|
2011-12-09|7|1_CTs|CT13||20|9|7|6|3|4|6|5|7|8|5|5|2|5|3|0|6|2|4|2|4|4|5|7|4|6|13|14|23|22|31|41|74|64|56|59|37|71|90|81|79|81|62|57|77|53|52|66|71|67|48|57|57|52|43|62|57|82|84|67|64|75|84|102|90|75|78|107|95|109|111|94|79|87|84|72|79|76|87|60|63|71|55|42|45|39|33|31|34|34|25|49|35|23|33|45|
2011-12-09|7|1_CTs|CT14||122|117|104|64|68|50|45|39|54|64|38|23|26|22|31|32|29|30|29|28|38|47|47|67|92|70|95|103|114|141|192|220|317|308|374|346|326|353|326|328|303|307|319|323|358|367|359|363|372|405|375|358|378|349|330|286|308|359|356|353|390|376|410|411|443|481|471|499|499|508|519|554|552|539|485|482|449|460|457|430|423|359|303|274|263|205|198|191|178|182|174|185|166|148|181|160|
2011-12-09|7|1_CTs|CT15||20|13|5|11|10|8|8|8|4|4|5|4|3|0|4|1|6|0|6|7|2|4|4|12|6|6|9|12|22|22|16|60|154|205|173|132|109|73|65|72|62|62|48|53|58|66|45|55|64|60|65|54|65|72|76|58|54|72|54|73|59|71|73|84|78|113|121|116|125|112|139|131|96|117|91|96|85|81|58|70|69|58|29|33|42|32|31|37|32|35|36|23|13|22|24|17|
