2014-04-13|3|1_CTs|ct1||87|81|65|67|80|75|63|49|31|34|25|17|21|14|22|10|14|15|7|13|10|8|11|14|11|10|15|17|21|27|28|28|18|29|27|43|41|57|57|66|54|69|71|60|78|83|73|89|106|91|103|101|104|117|112|97|107|99|99|115|118|122|111|137|145|138|104|129|110|109|98|104|76|92|113|100|111|119|100|105|89|93|105|85|86|67|75|75|55|67|46|57|44|47|48|44|
2014-04-13|3|1_CTs|ct3||155|170|142|134|141|120|102|85|76|55|63|48|37|37|39|47|54|41|41|59|36|25|29|31|59|39|40|39|44|44|51|61|80|80|81|76|67|103|97|95|101|141|115|106|112|129|148|127|150|149|142|157|160|181|156|168|164|157|163|156|181|195|164|211|177|212|201|198|181|162|173|140|127|147|140|165|175|189|182|138|148|137|154|136|131|103|100|101|80|87|81|89|79|65|72|72|
2014-04-13|3|1_CTs|ct5||174|153|176|153|178|125|170|158|111|122|86|74|74|60|69|64|41|57|50|37|42|31|24|22|27|25|26|32|29|30|50|46|55|60|60|61|61|82|94|69|85|102|107|90|113|107|99|129|117|133|152|183|148|148|155|137|118|121|128|154|117|152|153|158|194|159|186|174|189|166|160|169|166|149|187|156|209|186|160|158|170|196|135|111|140|129|91|101|93|93|90|109|121|105|95|118|
2014-04-13|3|1_CTs|ct6||28|12|14|15|11|12|10|9|4|3|2|4|3|2|1|2|5|4|4|4|1|3|9|1|3|2|1|5|4|4|9|11|4|2|5|6|12|6|5|9|10|10|19|11|16|19|7|22|22|13|19|30|28|24|17|23|11|22|24|23|25|31|14|18|26|26|37|27|22|27|19|20|31|22|32|22|23|18|28|30|20|31|20|18|12|24|15|12|15|6|13|12|13|19|14|8|
2014-04-13|3|1_CTs|ct7||136|178|169|176|183|182|172|177|141|159|117|136|112|110|115|105|87|97|102|55|68|60|45|61|51|56|49|50|40|55|52|55|51|46|41|48|62|72|60|68|69|69|75|74|83|89|69|104|90|101|107|121|127|119|101|121|96|98|101|101|108|109|122|134|146|137|146|156|159|152|152|137|148|146|166|142|160|157|152|154|165|161|123|114|124|112|111|92|89|98|96|97|106|104|109|94|
2014-04-13|3|1_CTs|ct8||87|106|102|99|105|114|88|96|73|78|59|74|55|54|53|51|48|55|50|27|34|32|41|28|29|16|28|20|17|21|22|30|19|17|32|26|37|33|35|44|39|34|39|47|49|55|57|59|43|48|50|72|59|65|52|65|64|55|56|64|66|60|72|66|73|86|83|82|101|84|88|71|77|76|88|76|87|89|80|86|97|86|62|63|67|67|63|61|63|59|53|47|62|53|60|48|
2014-04-13|3|1_CTs|ct9||133|146|141|132|122|155|84|109|83|99|105|69|75|59|52|64|49|58|56|53|51|44|36|26|36|41|30|31|19|25|42|32|31|58|58|55|47|53|61|76|72|72|81|80|96|67|61|93|94|94|101|98|96|82|114|86|85|93|107|109|103|137|135|111|106|107|102|121|119|128|113|102|102|103|113|85|107|153|140|136|96|1142|1078|693|285|375|95|102|58|81|61|62|62|71|68|99|
2014-04-13|3|1_CTs|ct10||74|99|89|79|79|92|85|107|91|86|82|77|104|81|95|88|87|87|82|66|63|61|51|40|45|56|44|30|31|33|31|27|30|21|21|33|29|30|40|30|34|38|50|46|45|52|73|69|67|68|77|75|74|62|79|68|61|66|60|71|71|74|79|88|86|82|84|89|85|96|89|103|110|94|88|117|113|113|96|80|110|88|89|78|76|88|66|61|49|51|65|73|81|42|64|69|
2014-04-13|3|1_CTs|ct13||534|964|670|432|847|761|1029|843|1182|1037|1988|2400|174|165|416|221|234|271|180|147|177|179|291|683|581|140|123|115|194|114|769|300|798|1670|3150|687|1443|616|445|1613|306|609|845|181|438|433|772|723|1368|256|1372|606|900|239|566|225|218|172|181|219|1118|574|321|459|253|487|535|285|230|256|225|533|12|51|428|22|0|550|313|364|266|244|268|221|200|392|226|318|214|151|204|426|183|174|280|238|
2014-04-13|3|1_CTs|ct14||75|64|56|50|36|38|46|21|28|15|24|24|16|16|11|10|13|12|10|14|12|9|10|16|12|12|20|24|34|25|55|68|31|30|52|60|62|60|53|75|55|79|73|74|64|75|79|64|77|95|106|119|111|112|92|104|102|88|89|120|118|147|140|147|139|127|127|133|135|119|144|140|140|142|129|126|142|173|137|134|142|142|127|126|88|89|94|85|93|94|102|71|72|57|70|47|
2014-04-13|3|1_CTs|CT16||128|104|118|103|124|123|72|117|84|107|100|74|58|67|70|74|65|71|72|90|113|42|57|14|46|46|28|38|72|33|56|30|52|37|70|69|63|41|54|62|43|73|84|67|55|69|56|98|103|87|89|113|120|84|119|90|122|99|92|103|77|101|108|91|89|109|83|116|120|111|114|104|114|108|101|142|129|154|102|156|131|130|88|106|94|82|118|80|71|87|65|96|63|85|82|84|
2014-04-13|3|1_CTs|ct18||106|131|113|113|110|130|123|131|127|105|109|88|109|110|103|94|98|94|93|88|75|70|58|49|63|56|55|53|40|44|45|38|32|29|35|43|40|51|58|55|59|62|61|56|73|74|95|102|105|104|111|100|97|85|115|94|95|90|87|103|108|116|112|131|134|144|115|131|137|125|146|138|131|145|132|166|159|156|129|137|158|112|112|135|84|93|79|90|81|74|77|94|101|74|79|69|
2014-04-13|3|1_CTs|ct19||0|0|1|1|1|0|2|1|1|1|0|0|0|0|0|0|0|0|1|0|1|3|0|2|0|1|1|2|2|0|1|0|1|2|0|1|3|0|2|1|3|0|2|6|0|3|1|2|6|1|2|0|6|2|0|2|0|3|0|2|2|0|3|1|1|2|0|1|3|3|0|5|2|0|3|3|9|3|3|1|8|1|2|1|2|2|2|1|0|0|1|1|1|0|1|0|
2014-04-13|3|1_CTs|ct20||0|0|0|0|0|1|0|0|0|0|0|0|0|0|0|0|0|0|0|0|0|0|0|0|0|0|0|0|0|0|0|0|0|0|0|0|0|0|0|0|0|0|0|0|1|0|0|0|0|0|0|0|0|0|0|0|0|0|0|1|0|0|0|0|0|0|0|1|0|0|0|0|0|0|0|0|0|0|0|0|0|1|0|0|0|0|0|0|0|0|0|0|0|0|0|0|
2014-04-13|3|1_CTs|ct22||7|4|2|3|4|7|4|5|17|6|1|3|5|3|1|1|3|4|3|2|5|1|2|2|3|2|2|0|1|0|6|3|5|1|5|2|6|5|18|3|2|9|6|4|2|3|3|6|19|5|3|10|7|4|6|6|5|6|6|9|6|13|10|14|8|4|8|5|10|10|9|8|3|3|13|7|7|6|4|8|8|9|2|7|6|5|4|3|4|6|3|2|4|6|1|2|
2014-04-13|3|1_CTs|CT23||132|102|84|86|99|87|85|61|53|61|40|44|56|36|42|24|33|42|22|25|19|13|20|20|29|21|15|17|23|34|31|49|42|41|36|55|50|82|96|88|90|80|90|87|115|83|136|118|141|144|164|150|166|165|170|109|138|119|143|162|117|137|166|167|203|152|134|156|186|185|128|133|134|136|179|124|145|184|140|156|155|154|143|120|127|105|105|75|100|106|81|68|62|70|65|84|
2014-04-13|3|1_CTs|ct24||338|274|267|182|224|182|172|132|133|99|95|66|69|68|69|52|54|52|60|54|50|49|69|85|71|73|101|137|135|138|197|207|138|152|201|250|236|275|306|353|351|353|378|413|408|425|469|451|451|447|454|498|473|512|523|460|455|505|522|562|553|653|627|636|620|632|628|637|670|589|639|600|601|641|566|588|613|666|617|630|592|548|497|444|441|387|356|376|333|332|330|295|298|254|254|222|
