2012-05-01|7|1_CTs|CT1||39|34|27|28|33|21|27|11|14|11|16|19|15|12|10|7|8|12|7|4|14|10|11|15|7|8|11|17|13|17|19|30|30|28|26|26|30|32|46|51|39|64|50|42|55|51|56|85|83|75|68|71|86|82|80|64|69|95|108|116|112|119|117|123|99|122|106|99|85|103|93|102|95|88|86|100|80|84|101|92|93|73|64|73|60|61|49|44|48|38|40|38|28|34|28|17|
2012-05-01|7|1_CTs|CT2||47|47|36|46|31|21|20|28|35|25|27|24|16|15|18|12|14|12|15|13|14|23|15|23|16|16|21|20|20|26|28|52|26|35|51|34|43|73|51|69|68|83|17|2|2|1|549|744|116|115|121|124|102|113|120|99|114|131|143|127|151|195|154|161|181|172|183|141|184|156|137|179|130|128|152|132|133|73|56|47|55|76|58|39|49|75|47|31|26|24|36|32|22|23|23|26|
2012-05-01|7|1_CTs|CT4||42|34|25|37|29|31|26|16|25|13|16|31|11|15|14|14|7|7|4|7|8|6|8|11|6|5|4|3|1|0|0|0|0|1|1|5|3|1|0|2|3|6|4|5|2|13|3|11|7|5|8|5|8|5|26|13|7|18|25|33|59|62|43|32|35|39|54|34|30|30|20|28|32|38|39|27|35|25|22|25|30|20|9|11|16|20|21|12|10|11|10|15|16|34|17|29|
2012-05-01|7|1_CTs|CT6||49|48|51|36|64|38|39|48|30|24|28|26|24|22|15|20|14|30|23|19|13|12|12|14|8|10|12|22|14|21|18|25|23|26|25|38|40|39|42|64|60|53|101|139|86|117|95|60|77|80|89|95|73|109|106|84|87|93|121|178|204|249|270|244|262|279|271|242|220|227|198|171|150|156|170|178|126|137|118|109|112|99|89|90|88|83|47|71|63|45|40|61|52|38|44|50|
2012-05-01|7|1_CTs|CT7||56|48|43|23|32|28|27|17|15|11|20|15|20|11|17|12|15|8|13|10|15|11|14|7|8|11|13|12|19|11|26|21|23|28|18|34|26|38|43|44|39|28|4|0|6|2|53|60|56|62|71|65|75|75|66|69|67|75|86|102|148|165|160|185|204|196|185|181|180|178|171|93|103|122|103|98|106|92|84|86|76|81|69|63|60|53|46|35|37|40|50|53|40|48|47|27|
2012-05-01|7|1_CTs|CT8||111|136|106|111|73|61|46|42|59|50|40|50|48|46|40|37|36|43|48|55|72|98|111|114|85|93|103|93|116|113|139|158|129|134|112|128|136|114|118|140|152|200|172|202|224|252|198|225|220|216|201|200|202|198|197|236|257|267|319|307|313|306|292|266|236|259|260|253|245|238|228|247|248|232|245|221|240|237|200|205|228|164|213|187|188|164|155|156|157|170|158|154|122|104|104|117|
2012-05-01|7|1_CTs|CT9||94|91|73|65|57|50|47|41|55|35|36|35|30|31|30|23|24|24|34|37|44|60|58|67|49|56|47|61|56|47|84|81|65|77|64|74|71|69|71|73|104|86|106|65|79|43|116|140|149|130|140|127|137|128|143|158|143|176|196|190|205|173|172|145|120|136|136|133|119|111|111|111|128|135|139|134|175|163|142|127|137|118|151|127|123|91|98|95|98|89|110|105|69|75|82|61|
2012-05-01|7|1_CTs|CT10||116|120|129|112|97|89|87|93|95|80|80|96|84|72|50|77|69|54|77|68|77|57|64|64|54|49|48|80|57|57|42|68|82|88|76|96|88|100|132|109|105|129|11|1|0|74|150|140|154|167|162|140|175|156|132|138|159|136|154|112|65|41|25|6|4|0|1|6|4|8|9|6|0|102|1|155|165|167|160|157|166|194|128|136|156|107|110|122|110|110|106|130|109|126|98|103|
2012-05-01|7|1_CTs|CT11||115|111|97|106|94|84|76|87|76|68|77|86|78|67|47|60|64|43|51|65|65|61|65|58|56|53|49|62|55|48|61|68|69|80|82|91|102|99|107|112|114|124|28|1|2|39|141|128|125|163|190|155|217|186|156|132|165|165|168|133|140|103|77|66|51|60|66|61|60|69|57|98|87|136|111|201|186|181|171|162|161|176|148|146|139|122|109|107|114|105|107|126|106|110|92|100|
2012-05-01|7|1_CTs|CT12||78|70|72|47|56|39|51|48|42|36|26|42|49|28|20|34|36|31|30|31|19|27|20|17|14|20|19|24|22|36|25|23|35|30|33|60|57|65|76|66|75|66|16|5|2|5|82|93|107|126|130|144|155|152|128|100|109|123|123|164|158|198|203|168|222|206|198|179|177|187|188|182|246|210|219|205|227|182|160|157|129|131|146|131|108|112|106|106|76|71|66|94|87|54|60|46|
2012-05-01|7|1_CTs|CT13||21|21|16|11|10|6|8|10|3|4|10|3|6|8|4|8|7|2|3|6|5|7|5|4|3|3|3|3|5|3|12|12|7|9|7|5|7|14|12|21|13|9|18|11|15|22|25|24|30|34|49|58|37|30|36|38|38|48|53|47|56|62|43|71|66|71|47|62|47|57|55|48|36|45|45|61|42|45|43|42|42|54|38|40|37|27|26|20|17|24|31|19|21|23|29|10|
2012-05-01|7|1_CTs|CT14||159|125|131|110|111|85|79|84|100|68|76|69|79|67|65|58|56|52|67|63|74|70|89|69|54|66|87|76|72|72|70|96|105|113|104|132|118|126|153|149|153|133|161|139|132|147|258|199|190|234|225|223|223|204|197|180|195|227|215|220|188|241|204|214|207|201|199|229|228|231|242|260|330|309|277|309|299|258|264|230|249|245|210|184|190|167|138|120|132|126|148|145|140|129|134|112|
2012-05-01|7|1_CTs|CT15||13|22|16|22|20|20|12|14|12|12|9|17|10|10|6|12|6|10|9|9|6|8|5|7|3|8|9|6|11|6|6|7|12|16|18|15|21|20|21|27|31|23|47|62|47|38|40|30|36|44|26|44|36|60|42|28|27|40|35|89|109|104|124|114|122|133|134|108|85|92|79|96|70|74|102|76|47|43|37|41|42|29|35|33|41|46|26|30|29|36|22|31|37|22|16|23|
