2013-04-05|7|1_CTs|CT1||36|30|28|21|13|10|14|8|9|7|8|4|5|6|2|3|2|5|5|3|3|5|9|15|18|18|16|21|27|43|103|140|190|218|201|208|216|211|200|202|170|152|153|127|157|120|137|139|125|137|114|117|127|121|135|127|124|141|142|143|150|143|162|157|146|135|161|161|160|154|166|182|186|167|165|182|162|141|127|133|124|119|113|101|97|89|82|64|73|56|46|54|40|50|41|38|
2013-04-05|7|1_CTs|CT2||52|45|35|32|19|34|16|28|26|10|6|12|8|10|4|10|10|8|0|20|11|20|6|16|18|20|42|35|60|64|106|182|218|344|256|306|238|267|234|237|224|214|189|176|169|206|253|246|238|206|159|228|260|247|200|201|219|226|201|230|220|207|182|179|132|272|216|211|202|254|194|221|294|148|341|317|244|240|220|145|168|188|154|144|112|124|135|92|116|135|96|113|108|112|70|62|
2013-04-05|7|1_CTs|CT4||22|22|24|27|23|22|17|19|17|20|15|23|14|5|15|6|6|7|7|7|9|5|3|4|10|11|1|12|3|5|1|9|15|13|13|12|16|21|19|14|17|19|11|13|18|8|12|16|24|28|26|19|27|24|30|29|32|15|25|14|25|23|28|25|45|31|39|47|67|62|74|49|53|69|59|61|35|44|49|50|56|44|47|42|34|17|38|27|28|31|25|32|44|18|41|38|
2013-04-05|7|1_CTs|CT6||42|28|32|40|25|28|13|22|17|10|13|16|17|12|10|12|13|12|7|5|10|6|9|12|8|11|14|17|23|31|47|99|155|161|145|155|159|163|128|122|141|154|122|105|153|147|151|134|155|149|135|161|165|147|125|125|143|148|144|159|178|172|154|166|175|203|218|223|257|243|238|282|254|285|216|212|210|198|210|173|170|180|118|158|116|90|81|93|103|95|49|90|53|57|67|64|
2013-04-05|7|1_CTs|CT7||44|47|28|28|28|14|16|13|13|5|7|9|10|7|7|10|9|6|12|12|9|10|12|13|13|19|18|37|31|56|61|84|100|98|122|94|100|113|111|124|126|117|111|110|116|96|106|119|119|101|130|102|123|109|113|106|114|103|137|124|142|119|116|110|121|148|155|139|163|169|158|173|174|182|164|193|154|150|159|130|108|127|105|89|78|85|67|57|71|43|44|48|48|47|35|53|
2013-04-05|7|1_CTs|CT8||108|118|66|69|55|52|37|27|43|26|44|31|21|35|29|25|30|31|52|61|62|56|78|93|78|109|129|142|183|251|291|378|436|469|395|420|456|418|419|391|326|379|382|383|325|328|355|336|354|322|357|293|332|326|351|282|326|332|386|364|413|356|348|337|361|361|393|371|347|383|331|418|377|416|379|406|313|355|324|281|321|321|277|293|228|213|232|203|189|176|190|175|185|158|151|138|
2013-04-05|7|1_CTs|CT12||71|56|50|48|27|37|31|27|19|15|24|17|21|12|20|17|24|17|8|17|10|11|15|20|20|20|26|25|26|51|67|134|197|209|218|224|232|207|203|187|193|216|197|191|204|190|188|199|183|230|202|207|207|208|195|179|189|235|170|199|225|219|173|231|248|224|289|253|279|331|319|331|330|316|301|335|301|284|282|264|247|253|197|190|178|149|138|147|120|140|92|115|82|97|114|86|
2013-04-05|7|1_CTs|CT13||28|36|12|8|17|7|9|1|3|2|4|5|1|1|3|5|2|1|5|4|1|4|3|4|5|7|7|9|13|24|25|31|45|36|53|56|55|65|60|69|69|54|45|58|56|47|33|52|57|45|65|50|56|48|52|39|47|52|76|65|63|57|35|48|56|65|67|71|62|83|84|108|97|105|91|74|92|61|61|61|59|68|50|50|51|50|31|38|34|32|16|30|22|18|9|21|
2013-04-05|7|1_CTs|CT14||139|158|91|92|86|76|44|67|56|37|32|35|37|31|35|99|187|376|494|501|485|469|451|473|358|403|389|213|499|530|523|586|181|184|222|444|584|634|432|341|298|328|300|317|329|333|340|331|367|389|349|367|366|351|310|311|385|373|352|389|406|390|393|418|401|465|452|485|489|569|517|613|596|562|570|541|533|511|502|428|330|675|616|543|420|310|570|543|554|548|561|541|555|540|433|481|
2013-04-05|7|1_CTs|CT15||18|16|15|18|17|17|8|11|4|7|9|8|3|1|9|8|13|8|7|7|5|7|6|8|9|16|21|23|19|24|35|90|197|224|130|241|185|126|86|74|76|78|74|72|80|107|87|84|86|78|112|102|94|131|85|90|80|77|66|123|84|120|81|109|155|194|218|224|226|227|218|260|155|148|144|134|153|126|128|99|122|105|69|74|68|45|42|41|45|73|33|47|45|39|21|33|
