2011-10-30|3|1_CTs|ct1||116|89|86|49|36|34|31|29|24|25|16|16|25|9|11|20|6|12|8|11|9|6|5|14|7|12|21|20|15|24|30|22|32|23|41|36|42|45|76|72|68|84|76|82|82|92|83|78|98|98|104|102|109|98|88|95|102|111|103|118|125|126|128|121|134|138|144|122|116|109|105|108|111|118|112|104|118|115|101|100|85|87|76|81|63|76|64|73|64|77|66|57|57|47|36|38|
2011-10-30|3|1_CTs|ct3||357|289|273|174|126|117|113|95|67|70|56|46|42|48|39|48|28|31|33|30|39|42|38|56|40|62|60|48|51|70|77|73|79|68|116|116|97|135|159|172|155|216|188|192|155|202|195|204|218|231|217|236|249|225|280|233|206|280|274|308|298|303|341|296|348|321|350|300|281|283|225|267|250|320|292|246|239|250|248|250|229|219|234|219|169|194|183|185|145|171|170|148|139|135|120|107|
2011-10-30|3|1_CTs|ct5||208|192|149|154|122|120|115|90|62|86|51|141|76|63|97|94|68|68|59|60|68|48|52|46|56|34|66|61|68|46|82|72|66|78|81|84|77|107|119|118|132|167|181|133|143|148|195|204|187|237|193|212|207|171|182|219|181|184|220|227|249|237|239|272|251|273|308|272|213|222|331|279|279|359|340|323|308|270|294|231|222|240|143|177|191|155|173|178|146|154|173|185|171|169|158|115|
2011-10-30|3|1_CTs|ct6||203|116|104|94|84|85|77|58|66|57|63|57|73|68|45|40|41|45|35|29|29|27|28|16|23|20|14|45|28|37|41|45|45|56|65|56|70|71|80|64|85|78|78|95|81|87|99|95|117|119|110|118|126|117|95|96|91|106|109|109|122|107|110|120|139|150|139|152|134|146|124|130|123|149|147|159|131|164|139|123|102|113|77|88|69|61|102|79|70|80|80|79|81|70|67|80|
2011-10-30|3|1_CTs|ct7||231|152|131|124|84|96|102|87|74|82|92|103|94|82|64|52|60|51|54|37|42|32|46|34|31|32|33|39|41|26|37|45|43|31|43|41|55|55|48|61|69|73|57|96|88|75|102|89|117|98|106|104|116|105|109|96|89|107|114|120|118|117|111|120|140|165|152|157|152|168|129|158|155|162|166|183|122|171|151|124|114|133|95|103|85|74|98|85|77|84|95|92|82|84|73|89|
2011-10-30|3|1_CTs|ct9||112|120|124|108|91|85|76|96|78|73|105|72|87|72|55|67|63|53|49|43|40|38|42|27|32|32|24|35|33|35|47|42|39|57|59|35|74|75|71|71|62|68|81|79|77|89|92|84|76|88|104|89|100|85|81|84|97|93|109|89|96|103|105|89|81|96|97|90|81|94|87|84|113|106|111|126|101|117|103|88|89|85|80|67|80|54|67|99|78|90|80|76|76|67|66|68|
2011-10-30|3|1_CTs|ct10||96|85|62|94|97|87|102|78|77|74|80|92|97|84|100|86|63|70|67|56|77|69|60|54|65|60|33|33|30|26|27|18|35|29|19|28|42|37|30|57|50|56|57|52|54|72|56|85|77|68|70|82|75|70|63|60|57|59|55|69|85|86|93|82|85|102|106|115|89|89|125|109|101|123|120|112|93|71|87|85|76|84|67|76|80|43|72|57|54|60|75|64|53|51|52|57|
2011-10-30|3|1_CTs|CT11||38|40|36|30|31|30|29|24|35|23|25|26|33|22|24|22|12|31|33|17|20|17|25|17|14|15|23|18|18|18|22|19|18|23|29|20|25|31|21|17|27|32|27|23|32|27|32|29|40|36|36|37|43|33|23|35|36|33|33|34|35|36|42|32|44|39|35|26|29|32|35|33|39|42|46|36|42|46|30|32|23|37|30|21|29|26|26|22|29|26|32|30|18|29|23|23|
2011-10-30|3|1_CTs|CT12||36|40|21|36|39|36|48|43|44|41|33|42|64|39|47|49|35|33|33|28|40|39|38|30|36|32|25|19|22|23|16|11|18|16|16|19|21|17|13|19|20|25|22|24|14|21|15|19|19|15|18|18|18|18|18|11|21|17|14|20|24|16|18|16|20|21|28|18|25|23|24|22|27|26|27|29|29|22|39|27|29|24|24|28|29|19|19|19|32|26|21|30|21|21|25|32|
2011-10-30|3|1_CTs|CT16||27|32|25|29|19|23|18|21|18|15|24|16|20|19|13|6|13|14|15|15|17|12|11|5|11|6|4|3|8|3|9|10|9|14|10|6|12|7|11|7|6|10|5|12|11|14|15|14|16|14|16|19|17|15|15|16|18|14|10|14|19|14|15|24|27|23|25|21|15|19|27|20|31|20|27|23|28|18|18|14|19|11|15|11|9|16|14|22|14|28|14|16|13|13|9|13|
2011-10-30|3|1_CTs|ct17||143|96|110|103|93|99|87|82|74|68|75|77|53|79|70|57|55|62|66|48|59|78|55|48|60|26|32|18|19|27|35|33|43|37|36|42|54|59|136|83|83|103|95|118|114|135|131|153|151|155|148|145|176|151|129|116|123|119|120|150|127|171|189|179|173|188|229|197|175|169|209|183|208|193|191|181|140|154|137|150|132|165|108|119|93|76|92|73|71|82|78|68|73|63|49|54|
2011-10-30|3|1_CTs|ct18||147|130|98|142|119|107|120|105|109|95|106|110|121|103|119|109|85|80|81|69|87|87|75|64|83|61|44|40|46|41|43|35|44|45|29|38|54|53|55|72|73|77|79|97|82|99|102|104|108|101|123|121|111|111|108|75|96|96|91|102|134|118|126|154|128|135|153|153|129|155|187|159|167|170|182|169|135|122|122|126|113|124|102|113|102|73|93|79|82|86|99|83|81|86|74|72|
2011-10-30|3|1_CTs|ct19||4|1|0|0|2|1|0|0|0|0|0|0|0|0|0|0|0|0|1|0|0|0|0|2|0|2|0|1|3|0|4|2|2|3|5|3|5|3|6|4|5|1|7|5|2|4|3|4|4|5|5|0|4|6|5|6|3|3|5|3|3|4|6|2|5|4|3|4|2|4|7|3|9|3|6|6|7|4|7|2|7|4|4|3|2|0|5|4|3|2|0|0|4|8|5|0|
2011-10-30|3|1_CTs|ct20||108|93|93|92|43|67|46|53|30|44|38|26|22|22|13|21|15|24|26|13|13|17|7|13|8|18|23|18|19|26|27|19|27|21|20|30|34|39|56|60|55|75|73|67|73|81|75|70|91|62|93|99|103|77|83|85|85|77|79|101|113|125|105|137|101|108|139|118|114|115|117|113|147|135|111|109|101|93|84|91|70|83|73|59|62|60|53|64|50|50|56|55|54|36|38|33|
2011-10-30|3|1_CTs|ct22||11|10|10|13|4|5|5|5|2|2|2|6|3|1|4|2|2|3|4|3|2|1|3|1|5|2|0|3|0|0|3|5|4|4|2|5|4|4|2|6|1|5|4|7|4|5|4|6|8|9|9|2|7|7|4|5|9|10|10|10|5|13|6|14|12|4|11|7|5|5|9|13|2|10|10|14|6|7|4|16|5|9|2|5|3|5|0|5|14|6|4|2|2|3|3|9|
2011-10-30|3|1_CTs|CT23||135|96|87|61|52|36|22|37|27|36|29|23|34|25|25|21|28|26|19|31|16|7|8|16|16|23|27|16|22|29|37|34|46|39|46|57|47|52|87|74|88|79|94|108|123|110|109|105|147|117|123|132|125|139|108|113|109|114|108|113|119|116|112|135|138|133|119|117|125|155|139|124|149|146|163|146|142|123|122|121|112|104|83|94|98|93|71|50|81|90|95|51|79|68|72|54|
2011-10-30|3|1_CTs|ct24||338|279|261|208|127|122|115|116|117|84|66|71|64|61|51|68|50|44|46|57|43|55|54|49|70|88|98|125|123|150|207|210|163|168|185|222|190|244|305|359|334|362|388|405|359|375|394|445|411|394|435|537|478|418|441|456|407|485|509|582|568|629|628|683|585|620|667|611|601|634|666|662|674|731|656|648|567|537|472|472|394|397|332|332|286|293|267|272|299|298|306|245|249|245|194|150|
