2017-05-27|6|1_CTs|CT1||4|0|0|1|1|0|1|0|1|1|0|1|0|1|0|0|0|0|1|1|1|0|1|1|2|4|2|2|2|1|2|6|1|2|10|10|6|6|9|12|11|5|12|11|4|3|10|11|5|8|10|12|9|0|8|3|9|10|7|8|3|5|6|5|9|8|6|3|4|3|6|1|10|2|2|9|4|5|6|8|4|3|2|6|1|5|2|2|2|2|2|1|2|3|0|1|
2017-05-27|6|1_CTs|CT3||24|22|19|22|14|11|18|9|13|11|7|5|6|8|6|10|15|15|17|19|23|24|16|26|18|35|29|34|38|46|295|45|42|44|37|32|31|53|45|48|52|52|40|47|30|30|44|53|46|45|49|41|33|38|36|40|47|44|40|34|39|44|272|32|40|43|44|47|40|43|45|52|34|301|37|47|35|39|37|42|33|277|38|19|20|25|26|24|22|27|25|24|22|22|15|252|
2017-05-27|6|1_CTs|CT4||10|12|17|9|10|6|6|8|4|3|5|7|2|2|3|1|1|0|2|0|2|3|3|1|1|1|2|2|2|4|7|2|7|10|15|14|19|6|18|12|31|16|23|16|19|13|4|18|8|282|12|27|21|23|18|12|16|13|19|17|13|11|8|16|17|18|15|12|18|11|19|19|11|18|22|24|17|23|27|30|16|16|12|10|0|1|11|8|9|7|14|15|11|8|10|6|
2017-05-27|6|1_CTs|CT5||30|24|15|25|273|21|19|10|15|11|11|17|4|13|11|15|12|6|13|10|7|13|10|237|15|13|10|18|16|21|22|25|287|33|39|46|43|293|40|49|35|311|308|57|49|59|46|313|56|55|291|54|294|53|44|51|52|59|57|43|42|40|57|31|23|31|46|52|52|62|34|44|43|50|54|42|47|42|50|63|57|72|40|34|0|1|0|0|0|0|0|0|0|0|0|0|
2017-05-27|6|1_CTs|CT6||51|272|39|30|11|24|17|13|7|16|11|9|7|6|5|14|6|8|19|9|6|11|11|19|16|15|15|18|23|29|48|29|33|48|66|58|57|81|70|76|87|90|88|95|117|125|107|134|111|116|108|134|95|111|89|88|108|96|78|100|93|101|107|87|104|83|91|102|85|102|339|323|88|96|90|91|96|113|103|198|94|84|90|81|54|57|49|102|47|39|236|27|39|43|48|18|
2017-05-27|6|1_CTs|CT7||6|7|6|9|4|0|2|1|6|3|4|2|1|1|3|2|1|1|0|2|2|2|6|6|2|260|6|6|15|7|13|18|15|11|18|277|20|17|23|27|16|28|15|27|263|21|15|28|24|32|34|21|21|18|12|22|18|14|21|16|12|18|26|20|21|14|25|18|20|23|25|20|20|23|22|7|277|14|17|27|18|16|15|20|13|10|10|14|6|14|5|3|13|9|8|7|
2017-05-27|6|1_CTs|CT8||70|65|291|43|46|49|43|40|22|31|233|26|14|22|14|14|21|31|16|12|13|18|15|19|7|25|23|35|514|54|50|61|68|77|94|95|97|80|95|115|100|347|544|115|112|99|112|362|119|344|115|112|96|116|546|91|333|127|351|365|109|119|376|91|102|378|116|104|115|98|125|117|130|121|631|374|126|356|125|138|353|126|365|87|99|95|336|82|79|490|316|58|56|65|59|52|
2017-05-27|6|1_CTs|CT10||48|58|62|33|35|34|34|30|22|17|282|19|17|17|12|15|16|12|12|10|12|16|23|15|23|23|27|32|41|46|55|57|48|77|84|73|91|96|111|336|119|92|100|123|101|381|109|117|125|139|118|124|404|150|139|627|119|361|106|352|115|113|115|381|99|371|117|116|121|109|121|125|98|133|118|123|117|109|128|109|114|115|87|339|71|63|307|60|56|45|52|54|64|52|47|40|
2017-05-27|6|1_CTs|CT11||64|47|28|34|26|23|20|282|19|17|15|11|12|261|8|10|14|8|13|12|15|11|14|284|30|35|44|50|48|72|85|105|340|629|122|163|402|676|451|470|196|167|179|212|389|147|179|192|180|164|175|162|693|420|154|136|165|146|139|148|159|386|405|166|414|418|140|158|132|149|151|155|159|149|133|138|156|154|147|193|151|399|126|98|101|97|85|78|73|92|56|62|68|62|52|43|
2017-05-27|6|1_CTs|CT12||79|64|60|57|42|41|30|37|23|17|19|17|18|20|17|16|17|7|19|13|17|17|19|24|279|23|278|294|275|62|322|67|67|84|91|370|141|140|387|396|174|150|429|196|424|430|161|199|183|668|193|190|447|454|179|395|169|132|127|141|166|408|155|166|154|171|165|392|138|202|362|395|153|423|145|347|159|412|159|159|154|148|122|107|95|94|78|326|69|586|307|72|80|71|71|53|
2017-05-27|6|1_CTs|CT15||52|37|34|28|12|20|17|12|21|17|14|13|10|12|9|15|12|17|19|17|23|26|21|27|36|27|41|33|58|66|68|75|84|296|90|317|98|367|106|124|92|102|93|83|85|103|80|117|119|605|547|101|103|345|100|83|96|87|87|89|93|344|80|95|73|82|99|322|113|330|346|90|83|334|278|68|82|95|96|93|332|316|77|77|56|38|55|309|48|38|40|42|46|53|45|33|
2017-05-27|6|1_CTs|CT16||66|60|54|44|35|29|28|30|28|20|25|272|11|9|17|16|12|16|13|17|19|17|21|20|23|32|30|51|535|314|76|98|88|113|115|135|138|153|172|406|412|182|154|197|148|157|444|169|176|465|185|175|193|192|421|679|157|125|147|138|149|154|176|185|142|152|150|159|156|179|671|166|157|172|162|373|188|152|165|178|413|165|137|133|116|86|94|89|60|343|71|61|80|70|55|67|
2017-05-27|6|1_CTs|CT17||32|24|21|12|275|17|6|11|8|10|5|9|12|4|2|1|6|6|1|2|1|1|4|5|5|1|2|5|3|6|13|12|12|15|21|27|20|32|38|31|33|36|43|50|47|323|55|51|305|59|51|53|55|56|56|38|41|47|297|37|48|47|48|41|52|58|56|55|40|48|52|42|302|295|49|276|45|310|51|36|42|43|35|25|36|28|17|274|27|17|16|18|18|21|24|20|
2017-05-27|6|1_CTs|CT18||117|106|72|82|308|52|55|44|42|35|32|38|31|33|278|28|27|30|30|25|26|31|28|253|40|35|35|63|305|65|81|322|363|358|383|162|147|430|451|197|193|458|457|206|203|203|219|259|229|227|458|248|231|227|193|450|186|197|179|174|183|449|216|194|188|195|195|198|196|224|185|452|431|193|210|188|186|432|211|218|196|464|169|104|0|0|0|0|0|0|0|0|0|0|0|0|
2017-05-27|6|1_CTs|CT19||71|59|64|304|49|41|31|294|26|27|18|24|13|18|18|20|13|11|13|12|10|12|16|11|8|8|16|19|275|32|34|37|39|43|51|74|73|334|84|123|349|97|133|129|127|190|414|151|175|143|162|145|426|173|137|107|371|363|120|119|123|117|126|403|131|139|134|120|130|132|383|383|120|144|135|113|125|120|134|137|130|630|102|55|0|15|68|62|70|61|55|51|57|48|61|59|
2017-05-27|6|1_CTs|CT20||38|9|30|25|21|17|22|13|14|14|13|9|9|16|10|9|15|4|10|9|13|5|7|11|14|19|12|273|268|32|37|33|47|47|332|78|57|324|15|92|93|358|96|87|41|345|17|362|111|56|24|91|119|21|104|109|95|63|20|346|69|262|84|85|110|585|88|91|109|69|77|3|362|93|87|101|95|37|71|9|339|64|9|78|70|45|25|14|55|287|294|38|42|45|38|40|
2017-05-27|6|1_CTs|CT21||100|587|343|321|58|58|47|22|41|34|22|23|36|32|27|20|41|30|42|37|287|61|57|319|55|63|314|561|323|360|333|151|139|397|406|204|164|362|206|209|207|151|177|193|192|216|172|201|430|204|435|214|187|443|211|190|181|400|408|183|395|445|430|422|402|210|220|199|199|188|184|201|158|221|160|184|200|228|206|210|427|444|195|144|140|107|106|108|110|113|128|87|96|115|91|93|
2017-05-27|6|1_CTs|CT23||104|100|77|75|284|50|68|55|28|32|31|33|18|36|24|263|26|28|22|26|27|295|34|40|36|49|56|61|284|343|94|356|103|375|161|141|159|632|171|175|207|155|385|200|449|426|442|212|197|666|411|174|193|385|421|181|175|178|169|175|164|688|213|403|178|452|456|180|193|159|174|408|415|175|171|684|409|199|436|183|195|178|424|388|385|126|106|96|97|96|91|85|90|329|82|81|
2017-05-27|6|1_CTs|CT24||0|0|0|0|0|0|0|0|0|0|0|0|0|0|0|2|0|0|0|0|0|0|0|0|0|0|0|0|0|0|0|0|0|0|0|0|0|0|0|0|0|0|0|0|0|0|0|0|0|0|0|0|0|0|0|0|0|0|345|169|418|189|189|188|193|427|203|199|196|395|206|205|206|188|213|189|189|201|426|223|208|184|161|167|131|105|347|113|94|103|350|92|109|103|353|118|
