2016-03-25|7|1_CTs|CT1||298|30|34|31|24|30|21|23|22|276|21|20|9|27|11|10|272|280|15|16|9|15|24|11|20|278|26|537|20|32|291|33|36|29|293|39|37|38|50|317|53|55|70|69|71|60|55|51|50|75|69|62|56|68|71|324|70|66|332|326|66|77|84|75|72|78|75|87|343|349|82|70|251|401|314|56|52|63|62|67|60|64|55|66|55|34|33|35|27|11|9|28|39|52|44|42|
2016-03-25|7|1_CTs|CT2||0|0|0|0|0|0|0|0|0|0|0|0|0|0|0|0|0|0|0|0|0|0|0|0|0|0|0|0|0|0|0|0|0|0|0|0|0|0|0|0|0|0|0|0|0|0|0|0|0|0|0|0|0|0|0|0|0|91|0|0|0|0|0|0|0|0|0|0|0|0|0|0|0|0|0|0|0|0|0|0|0|0|0|0|0|0|0|0|0|0|0|0|0|0|0|0|
2016-03-25|7|1_CTs|CT4||42|36|37|31|45|30|31|37|12|29|14|18|12|11|11|10|14|6|9|12|3|8|3|9|1|4|1|0|2|1|2|4|1|5|2|7|4|4|5|5|7|4|6|7|3|12|4|5|4|11|14|14|20|19|12|24|12|1|18|17|24|14|13|29|16|23|32|36|20|22|14|269|20|21|12|12|21|28|19|15|18|15|14|11|15|21|11|22|14|18|22|17|36|25|24|23|
2016-03-25|7|1_CTs|CT6||28|39|28|22|32|19|291|15|14|14|5|10|4|10|10|6|6|12|7|16|8|9|13|9|2|12|10|10|11|9|13|25|18|15|17|15|26|28|31|22|274|51|61|57|43|62|312|52|43|59|54|47|51|60|49|46|34|293|49|56|53|67|69|53|74|58|53|330|69|81|68|60|64|77|70|54|317|58|55|325|321|47|39|39|296|34|36|39|38|25|40|298|35|22|26|24|
2016-03-25|7|1_CTs|CT7||40|39|22|12|17|11|12|10|12|16|15|9|9|10|9|7|10|4|11|3|12|8|6|11|11|15|22|14|16|26|25|21|27|33|23|17|39|20|58|31|47|53|46|73|49|48|57|63|72|37|79|63|53|53|51|301|53|42|290|295|314|49|58|56|76|70|303|72|77|61|322|66|61|66|77|66|80|70|48|64|57|47|50|52|39|33|32|37|29|21|26|53|27|35|27|32|
2016-03-25|7|1_CTs|CT8||99|628|89|72|72|49|39|292|36|31|32|38|23|279|38|38|40|50|298|50|75|79|83|94|346|109|99|108|125|139|132|131|112|397|153|104|130|121|138|148|157|154|167|187|183|416|212|201|183|206|455|190|169|199|202|441|197|432|489|498|226|515|238|220|462|223|260|230|221|235|215|211|247|474|746|234|201|208|205|196|202|435|192|175|144|130|113|120|101|135|118|128|140|105|120|96|
2016-03-25|7|1_CTs|CT12||47|60|36|51|31|25|29|22|289|27|17|12|19|14|12|19|17|14|14|21|10|19|23|15|8|270|16|18|15|18|18|285|30|34|35|37|54|312|57|65|73|63|95|104|110|85|348|265|203|101|93|352|109|107|81|65|335|79|100|84|91|124|82|92|109|115|109|114|371|119|135|114|124|379|360|137|99|113|97|109|102|81|76|74|67|52|66|51|58|46|43|74|38|90|327|44|
2016-03-25|7|1_CTs|CT13||16|15|12|4|5|5|4|4|5|7|4|4|4|1|2|4|2|1|4|1|3|1|1|4|4|6|5|5|4|7|8|8|8|7|12|6|13|20|18|15|14|10|18|29|23|26|28|21|24|12|23|29|21|19|24|12|17|14|276|19|25|16|24|18|34|23|21|29|33|25|31|27|29|32|299|29|51|42|26|39|30|26|32|25|20|8|273|272|15|16|13|20|5|10|13|16|
2016-03-25|7|1_CTs|CT14||141|389|106|110|91|79|75|62|75|78|76|50|54|51|61|319|64|306|57|56|106|329|93|82|93|79|355|84|89|348|103|128|153|126|142|154|390|149|445|192|474|207|225|254|276|247|274|243|287|237|776|498|237|252|464|223|195|460|471|504|216|231|253|241|260|250|529|272|291|282|523|276|282|510|520|272|245|243|253|227|225|460|437|181|157|125|134|112|114|371|134|159|126|148|392|129|
2016-03-25|7|1_CTs|CT15||29|31|38|33|36|20|32|23|21|6|3|13|3|7|5|8|10|11|11|14|4|9|10|11|5|12|8|268|19|15|18|7|10|22|9|14|281|16|24|30|23|30|44|49|36|288|40|45|37|36|51|294|50|50|42|41|38|42|28|58|36|72|53|38|60|44|35|48|60|67|39|40|34|53|37|35|43|47|47|47|43|32|32|33|31|27|26|35|43|27|40|39|29|36|20|20|
