2016-03-08|7|1_CTs|CT1||29|22|24|20|16|12|14|14|11|7|8|10|4|9|5|7|6|6|10|10|11|18|12|16|19|15|28|36|45|67|96|133|432|452|177|186|160|427|168|408|136|400|139|121|362|127|100|107|109|100|118|109|119|348|116|620|371|107|371|373|129|379|127|129|121|136|127|141|148|143|142|413|151|401|146|161|146|136|124|116|116|62|98|74|75|82|66|69|56|49|51|56|44|46|59|43|
2016-03-08|7|1_CTs|CT2||22|273|20|17|270|6|11|7|7|10|3|5|9|4|5|4|4|1|4|10|7|8|7|13|12|13|16|28|34|40|39|80|390|348|144|139|401|398|126|9|92|77|57|18|42|60|53|56|66|33|326|29|55|114|57|12|9|11|360|375|94|313|101|320|605|84|92|79|136|193|350|139|146|393|135|328|49|17|72|72|99|93|91|67|45|54|45|42|44|75|43|57|138|50|275|29|
2016-03-08|7|1_CTs|CT4||15|25|13|22|19|18|21|16|19|11|4|11|8|6|9|2|6|6|0|4|1|0|2|4|5|2|3|4|9|11|12|29|39|303|44|40|51|29|25|30|35|40|42|289|28|36|43|34|48|54|42|45|308|31|60|43|48|55|62|47|50|43|61|60|86|90|88|84|91|72|104|332|69|79|330|79|77|92|96|89|74|66|61|39|47|26|43|35|298|297|29|41|36|26|27|27|
2016-03-08|7|1_CTs|CT6||22|26|17|13|18|17|5|9|5|5|6|6|5|9|3|2|2|258|2|5|3|5|2|5|6|7|13|13|22|39|41|91|401|409|162|666|141|128|87|358|75|102|97|92|89|116|85|358|100|89|99|114|358|117|107|85|374|96|105|85|104|115|139|109|395|179|474|419|154|193|188|217|212|158|182|412|161|159|139|120|126|391|76|72|85|75|51|68|71|51|63|559|56|46|41|32|
2016-03-08|7|1_CTs|CT7||41|29|24|11|12|8|4|6|12|8|10|8|3|5|0|6|8|3|4|4|10|2|10|11|11|20|31|294|44|74|62|94|386|115|392|663|395|128|366|127|108|130|119|362|113|110|87|142|102|106|114|92|145|133|99|348|107|103|607|369|113|113|128|113|141|418|127|135|396|177|410|425|164|184|437|191|190|148|135|382|152|147|99|338|76|74|322|66|60|62|52|42|62|301|45|36|
2016-03-08|7|1_CTs|CT8||86|56|52|65|30|26|289|15|27|22|21|19|20|27|17|5|273|21|33|52|62|71|70|116|89|129|105|171|212|545|607|416|423|980|776|1001|671|766|1192|646|401|607|625|582|564|594|355|312|859|283|302|328|526|297|290|803|564|324|360|597|379|321|349|567|579|347|356|347|647|328|363|652|641|652|633|396|352|368|1114|358|328|542|218|482|182|686|181|147|150|147|152|131|133|115|114|103|
2016-03-08|7|1_CTs|CT12||37|37|26|18|22|21|12|10|11|7|7|10|9|10|4|6|4|2|9|10|5|5|6|8|264|12|17|32|48|58|83|152|240|202|206|466|506|471|159|165|180|176|161|177|423|171|177|440|204|200|180|190|165|186|168|143|171|433|442|445|178|186|224|196|242|230|728|316|528|298|557|550|297|313|305|275|277|539|518|194|223|483|195|135|357|354|120|407|117|120|131|100|102|372|88|79|
2016-03-08|7|1_CTs|CT13||12|14|4|4|3|1|0|3|2|1|4|2|0|2|1|0|1|1|1|1|2|1|3|259|0|3|12|21|18|27|24|53|58|51|68|53|44|59|50|58|68|59|53|50|310|75|44|50|58|53|56|62|54|48|304|299|46|56|301|50|42|46|59|46|64|54|63|79|71|76|88|57|60|94|89|81|88|54|44|59|95|110|100|79|71|74|64|63|59|55|55|48|51|19|19|15|
2016-03-08|7|1_CTs|CT14||121|109|324|78|68|50|44|23|45|33|31|36|23|31|24|28|24|18|31|34|53|59|349|70|75|93|83|376|141|437|235|313|682|665|460|490|720|653|653|378|283|332|329|325|843|355|327|641|651|690|407|415|685|368|352|597|361|354|383|366|394|381|409|400|964|449|756|781|580|605|579|596|653|595|825|502|790|457|414|374|420|406|575|261|254|208|234|245|501|239|223|764|251|490|213|189|
2016-03-08|7|1_CTs|CT15||17|32|19|19|8|2|9|7|4|5|12|0|4|2|6|1|2|1|7|3|3|6|9|6|7|11|11|11|20|278|56|101|195|198|205|400|160|167|106|349|70|90|74|87|56|346|87|62|96|86|106|112|76|65|91|96|81|64|81|67|72|100|131|133|400|202|204|195|191|234|224|200|171|395|182|107|151|105|111|339|95|101|57|42|49|50|42|47|43|35|44|305|52|41|32|22|
