2012-02-04|3|1_CTs|ct1||96|90|71|67|69|54|55|41|29|30|30|23|13|15|8|18|6|13|15|10|12|7|12|16|16|13|22|26|29|24|40|55|54|57|74|101|98|89|122|120|115|122|121|135|145|137|136|145|138|157|151|163|154|188|138|155|150|151|149|173|184|142|179|182|171|164|155|158|172|167|148|145|144|139|122|126|133|141|152|153|143|148|158|134|103|110|88|85|80|69|115|141|85|116|96|123|
2012-02-04|3|1_CTs|ct3||264|227|200|173|166|132|116|97|88|71|87|62|55|51|39|47|37|37|41|44|52|40|57|56|70|68|69|88|83|85|150|120|129|138|180|231|224|249|303|272|259|303|248|311|333|345|323|359|334|346|351|368|353|377|328|387|381|343|377|363|390|379|362|424|430|416|366|363|358|355|373|326|315|312|309|314|326|310|334|367|342|388|370|365|305|313|279|238|230|194|286|307|228|291|272|273|
2012-02-04|3|1_CTs|ct5||178|132|117|120|117|111|106|89|110|104|74|70|68|59|54|74|57|50|69|49|50|52|49|96|56|60|54|76|70|78|80|90|60|96|111|137|139|143|173|138|150|184|170|148|185|207|231|239|200|257|277|270|257|264|250|235|224|244|261|293|289|252|246|231|292|276|250|284|327|275|286|278|350|316|360|288|322|320|250|266|228|250|222|225|207|223|162|156|155|148|156|146|191|201|172|453|
2012-02-04|3|1_CTs|ct6||132|117|102|92|110|82|87|102|62|76|60|68|56|51|40|26|37|38|22|30|34|22|20|22|19|21|32|29|37|37|31|48|54|73|84|99|90|81|120|93|107|112|117|112|128|122|138|143|157|164|180|197|207|205|222|166|177|161|161|171|184|208|171|177|181|215|213|195|187|205|197|216|184|183|191|164|200|218|189|167|158|156|142|84|87|74|86|74|104|89|99|98|86|130|105|150|
2012-02-04|3|1_CTs|ct7||163|140|125|113|108|107|103|106|82|103|83|85|84|73|72|51|55|51|42|33|57|27|31|43|31|40|30|34|41|33|38|44|41|59|67|72|87|75|89|106|86|116|115|122|142|114|157|148|159|162|196|199|210|211|186|152|172|151|151|177|179|183|171|175|184|222|229|186|210|218|223|211|204|213|225|198|199|248|193|143|154|131|124|114|103|90|92|86|102|100|116|85|105|140|129|198|
2012-02-04|3|1_CTs|ct9||112|111|113|121|147|70|88|93|99|73|82|97|69|54|70|47|42|46|34|64|39|30|34|42|26|47|41|41|39|47|58|51|72|71|58|88|94|104|128|134|93|127|98|107|105|115|111|115|131|136|128|145|146|162|124|107|123|134|145|144|186|132|127|176|143|161|185|139|120|118|135|143|142|146|146|162|152|172|159|152|129|151|133|138|119|185|75|70|97|73|71|91|116|122|124|119|
2012-02-04|3|1_CTs|ct10||97|105|91|86|81|94|98|79|96|88|77|89|99|91|106|74|93|74|79|63|58|65|53|57|53|42|31|56|42|42|35|33|31|45|44|35|55|54|73|48|55|67|55|68|103|75|82|90|85|94|116|111|100|127|112|89|86|79|99|103|97|110|102|101|112|107|118|120|116|125|121|124|138|145|146|132|99|119|93|103|94|94|83|92|84|82|85|70|63|62|51|73|76|89|80|81|
2012-02-04|3|1_CTs|CT11||27|30|39|29|39|38|24|40|31|29|27|21|26|22|24|22|26|35|31|25|21|26|26|11|27|21|17|22|36|22|17|25|23|23|28|34|26|25|37|38|49|42|32|48|48|41|43|37|46|57|51|52|55|47|50|48|40|47|49|52|39|43|38|55|36|51|46|38|42|36|31|41|39|44|40|37|39|55|45|42|54|35|42|34|39|31|30|22|36|28|28|27|35|43|30|28|
2012-02-04|3|1_CTs|CT12||23|38|38|37|36|31|39|34|44|39|32|44|47|49|59|46|51|51|51|41|37|31|40|28|27|24|21|31|26|18|23|13|13|16|20|11|15|18|19|19|16|16|17|21|29|19|19|24|22|12|25|20|13|27|14|16|18|23|15|24|22|25|20|21|20|24|19|26|25|22|24|18|23|20|29|24|27|23|34|27|22|24|21|31|30|36|31|37|33|26|20|26|27|33|35|30|
2012-02-04|3|1_CTs|CT16||29|25|29|35|31|19|32|17|29|20|26|26|21|18|15|11|19|11|23|14|12|12|15|12|11|15|9|12|8|12|11|12|12|14|12|12|14|26|27|24|26|27|28|27|18|17|30|20|27|29|34|46|25|25|37|32|20|12|23|34|31|26|28|36|38|34|38|34|33|36|32|37|40|45|44|38|32|28|31|39|38|29|31|38|27|26|27|23|21|28|16|28|23|31|28|32|
2012-02-04|3|1_CTs|ct17||99|112|95|100|86|78|80|65|78|59|58|53|57|71|52|64|45|45|54|56|52|54|51|62|53|42|1|49|38|52|54|46|36|70|84|75|81|107|109|111|112|132|102|147|162|160|158|167|139|181|185|171|178|225|184|153|149|145|174|175|163|152|178|184|177|217|203|199|187|193|137|204|184|206|189|216|157|156|180|156|146|149|147|115|121|105|98|106|92|83|77|114|116|111|89|75|
2012-02-04|3|1_CTs|ct18||142|149|137|121|125|131|125|110|131|119|114|121|132|120|130|98|109|89|100|90|79|78|68|71|64|56|53|65|61|59|53|64|59|76|65|71|75|98|108|91|92|115|84|133|142|112|134|136|126|147|171|180|149|165|155|125|137|128|142|144|152|157|129|166|155|155|161|185|186|174|167|197|187|200|209|201|143|179|145|158|145|170|132|133|139|116|137|112|107|101|93|100|129|140|115|114|
2012-02-04|3|1_CTs|ct19||1|1|0|2|0|1|2|1|0|0|0|0|1|1|0|0|0|0|0|0|0|0|3|2|0|3|6|2|3|4|0|5|3|4|4|8|6|5|5|4|5|3|4|5|5|3|4|5|4|8|5|6|3|9|3|4|3|2|5|5|0|4|8|5|3|6|5|3|4|3|4|2|4|4|3|4|8|4|3|5|9|2|6|4|3|3|5|3|2|1|3|2|3|3|2|0|
2012-02-04|3|1_CTs|ct20||133|107|106|98|96|74|82|54|79|51|47|34|59|42|41|29|25|30|26|40|18|19|28|38|30|30|42|39|39|46|58|72|80|86|93|112|114|149|166|155|151|140|153|198|198|173|183|169|181|200|208|195|195|191|200|184|206|198|182|179|177|203|178|205|184|220|215|190|198|218|198|192|193|199|206|171|190|183|183|199|184|176|179|179|163|150|117|113|93|122|105|115|130|126|107|115|
2012-02-04|3|1_CTs|ct22||6|4|4|4|6|5|5|8|6|2|5|2|1|1|2|5|5|2|6|4|2|3|4|2|1|1|2|0|2|2|2|5|4|4|6|5|10|5|6|8|11|12|12|19|12|21|19|16|16|16|11|18|19|9|12|7|11|14|9|15|3|11|20|14|12|10|18|12|12|10|17|12|18|16|10|17|11|5|12|8|16|11|23|14|7|7|10|8|6|4|7|8|4|18|3|9|
2012-02-04|3|1_CTs|CT23||172|119|79|82|78|61|56|59|37|52|39|36|33|25|12|31|17|20|21|19|14|23|9|22|13|25|21|30|22|38|55|66|70|68|53|87|85|68|102|102|98|121|145|122|174|144|134|186|202|177|197|204|220|276|217|180|182|196|147|205|189|186|206|199|206|213|210|175|214|243|206|199|196|228|202|211|245|236|210|185|198|184|154|105|116|90|105|64|94|84|120|139|125|125|102|119|
2012-02-04|3|1_CTs|ct24||252|239|204|193|153|139|135|115|111|75|76|72|74|76|46|51|44|40|64|53|47|60|79|104|98|110|154|172|175|264|357|387|302|374|531|584|549|631|739|732|661|618|679|628|685|630|658|645|628|629|631|655|626|600|658|681|690|607|665|728|702|759|617|612|574|811|694|693|646|712|745|703|720|690|705|672|717|737|719|704|638|678|645|526|471|454|388|342|296|340|325|382|334|340|325|288|
