2015-08-02|6|1_CTs|CT1||1|2|2|2|0|0|2|1|0|1|0|1|0|1|0|3|0|1|1|1|2|0|1|2|0|1|2|1|0|0|0|0|1|1|1|0|0|1|1|3|3|3|3|1|6|2|2|3|2|2|2|1|2|1|2|1|0|1|3|1|1|2|1|1|0|1|6|1|0|1|2|2|1|3|1|2|0|2|0|0|1|3|1|3|1|4|0|2|2|4|1|0|1|0|0|2|
2015-08-02|6|1_CTs|CT3||13|9|16|19|14|10|5|9|2|3|5|4|5|1|7|5|10|8|15|17|18|24|19|26|29|29|26|23|44|31|25|27|36|31|37|28|21|32|39|32|46|38|33|41|35|25|31|46|43|42|41|30|40|31|44|26|32|32|39|39|34|32|29|22|29|38|35|38|36|40|30|36|33|46|32|28|32|285|29|43|26|39|27|24|23|29|20|15|20|19|18|13|26|16|16|9|
2015-08-02|6|1_CTs|CT4||9|4|11|7|7|7|4|1|2|4|2|1|1|1|1|2|1|3|3|2|0|3|1|2|1|3|3|1|2|4|2|3|2|4|2|6|10|6|4|6|5|6|9|8|10|9|5|9|12|16|15|16|13|13|10|11|13|6|16|6|9|10|17|10|15|8|12|11|10|15|14|12|9|267|13|11|11|15|7|21|20|15|11|12|4|11|6|6|6|10|3|11|12|6|8|7|
2015-08-02|6|1_CTs|CT5||17|26|23|14|18|15|11|12|12|10|7|11|11|3|10|7|4|11|10|5|9|6|5|9|8|16|11|12|9|8|12|14|8|8|13|16|14|19|19|17|18|30|19|19|23|21|29|28|34|26|33|34|32|21|23|26|31|30|18|25|33|29|31|29|31|32|26|42|35|32|27|31|30|33|33|32|38|39|28|33|33|42|37|26|20|37|22|35|30|24|20|23|14|19|17|17|
2015-08-02|6|1_CTs|CT6||32|26|22|22|4|13|17|12|12|1|4|5|5|1|7|10|5|8|8|5|10|10|10|12|4|10|12|10|9|16|13|14|16|13|18|21|30|23|33|36|24|34|38|45|47|49|41|65|55|50|68|53|51|49|62|41|56|50|44|41|54|44|53|47|57|46|55|49|46|64|48|56|65|52|52|57|55|53|58|60|54|50|54|56|43|40|42|55|32|29|29|29|38|19|21|25|
2015-08-02|6|1_CTs|CT7||6|6|5|1|3|4|2|3|3|3|3|2|2|1|3|1|2|2|5|6|1|1|2|4|3|5|2|4|6|5|4|3|5|2|10|6|6|9|10|8|9|21|12|12|7|7|10|11|12|13|8|9|7|13|6|11|11|13|11|12|10|18|10|18|6|12|11|13|19|11|8|15|18|22|17|19|17|18|12|13|17|20|17|14|13|13|11|11|12|10|12|7|11|9|7|10|
2015-08-02|6|1_CTs|CT8||57|52|57|27|38|32|32|25|38|23|19|16|275|20|15|12|34|20|15|14|9|7|14|15|258|10|20|21|21|27|33|41|38|37|34|44|36|53|72|62|68|46|61|54|83|71|61|82|80|78|66|90|71|63|66|323|63|93|64|77|76|82|91|81|76|69|308|81|76|79|74|94|103|86|86|91|97|93|98|324|99|90|92|95|77|65|77|77|52|76|72|64|62|76|60|35|
2015-08-02|6|1_CTs|CT9||58|66|44|48|28|28|26|17|23|22|12|9|16|12|7|17|11|23|18|17|22|10|22|26|20|29|26|31|35|29|49|43|46|30|43|51|51|54|54|52|64|336|70|90|91|333|100|102|103|92|69|360|88|83|88|79|87|81|95|96|85|97|94|82|76|323|80|83|72|100|87|91|89|78|94|83|94|109|92|97|85|91|99|340|326|74|84|66|92|86|53|53|78|66|45|49|
2015-08-02|6|1_CTs|CT10||30|23|27|25|24|13|18|13|12|12|14|6|9|6|7|5|6|4|12|11|10|8|12|11|13|14|18|19|20|19|22|26|23|32|37|46|25|35|43|43|39|47|50|48|44|45|67|53|63|60|60|63|91|70|55|58|57|58|45|47|55|58|65|59|57|63|82|77|67|67|71|70|80|64|70|82|73|66|69|320|86|115|84|68|52|47|53|37|44|36|31|39|47|39|32|40|
2015-08-02|6|1_CTs|CT11||49|42|33|33|16|22|23|8|13|16|21|13|7|10|6|12|6|7|6|5|12|8|11|23|9|24|26|20|20|30|39|37|31|39|51|43|51|34|50|63|48|57|75|71|64|55|71|67|95|84|77|83|85|42|73|69|74|63|84|67|66|64|78|83|334|54|101|84|78|72|82|70|81|92|99|96|78|93|84|344|103|88|93|81|77|68|61|62|79|64|66|67|71|65|44|45|
2015-08-02|6|1_CTs|CT12||63|36|32|28|21|18|30|17|11|20|15|7|11|17|6|4|8|5|7|10|12|14|12|19|17|28|26|21|29|33|32|38|33|33|38|54|39|41|47|68|49|50|69|66|62|60|68|75|78|71|81|87|88|70|69|68|71|72|71|73|59|63|78|75|71|71|97|97|76|69|85|86|88|71|308|90|85|81|95|87|99|101|79|67|71|59|59|57|52|50|46|46|56|45|47|41|
2015-08-02|6|1_CTs|CT15||34|43|27|22|10|28|19|19|18|20|9|9|8|11|12|18|9|18|16|17|21|20|31|29|30|259|42|28|29|41|40|43|29|28|38|45|37|57|50|54|65|66|67|71|58|70|68|67|64|66|67|68|63|73|60|53|54|58|64|51|58|66|57|65|58|48|60|74|65|71|70|65|70|72|74|66|78|77|80|80|67|69|66|323|54|71|62|53|59|55|36|47|39|45|43|40|
2015-08-02|6|1_CTs|CT16||46|35|32|25|21|25|22|13|16|16|274|17|7|11|13|17|9|10|15|12|12|8|6|17|12|20|21|18|21|25|27|23|26|39|51|43|44|51|49|58|49|82|71|76|59|61|75|66|85|75|93|87|110|80|68|80|76|64|79|58|74|93|71|89|75|74|83|99|98|92|94|94|100|104|128|93|91|92|94|85|110|133|110|106|90|75|77|62|80|61|81|54|73|68|45|46|
2015-08-02|6|1_CTs|CT17||47|290|38|35|29|10|27|15|17|14|5|13|13|27|15|7|12|10|11|11|16|14|7|10|254|14|12|11|9|14|29|26|22|18|31|35|32|18|20|37|30|37|27|30|37|35|31|33|39|51|39|51|46|40|27|35|41|37|36|48|42|48|31|21|32|24|41|39|22|36|27|56|28|23|37|30|41|290|43|27|55|38|46|36|27|32|30|44|21|30|37|26|24|39|33|37|
2015-08-02|6|1_CTs|CT18||71|58|61|42|44|47|293|36|34|25|27|24|24|18|24|20|22|22|19|17|18|14|14|22|29|31|30|41|28|33|44|34|34|41|43|46|53|52|62|67|71|93|86|98|85|79|83|93|96|105|106|118|116|95|102|89|86|100|92|85|92|95|98|368|100|115|90|121|106|99|96|126|114|116|135|119|114|131|144|110|118|126|146|121|348|111|107|103|88|80|85|77|85|80|79|60|
2015-08-02|6|1_CTs|CT19||49|38|32|39|23|18|22|25|22|15|8|17|12|19|10|8|10|10|13|8|7|13|8|14|11|11|12|5|13|17|23|20|19|20|23|30|26|31|30|44|46|291|46|56|50|47|61|71|74|69|76|76|76|77|332|67|60|59|55|326|65|62|73|52|66|54|68|61|70|68|71|89|68|322|70|76|81|69|74|74|82|74|59|57|59|59|62|70|46|59|38|36|45|35|35|40|
2015-08-02|6|1_CTs|CT20||37|20|22|17|11|19|11|12|10|14|5|6|3|8|6|3|3|7|5|10|7|8|7|12|13|12|20|19|16|17|16|31|17|25|29|36|42|31|34|47|48|55|61|62|53|69|71|84|68|76|81|79|71|56|73|52|59|4|58|64|65|61|48|45|46|53|48|60|74|70|66|71|62|60|65|61|73|42|18|71|23|29|30|69|11|44|50|41|30|39|38|27|5|29|26|14|
2015-08-02|6|1_CTs|CT21||89|77|81|78|58|58|41|34|35|37|32|19|20|19|18|22|36|31|39|35|35|44|31|38|55|53|56|53|62|86|72|78|64|74|84|71|67|89|114|117|123|106|103|116|121|99|114|130|135|128|157|151|150|136|120|116|146|129|146|146|160|146|194|146|153|391|124|159|164|166|391|161|181|189|161|164|153|441|177|187|180|185|185|173|392|168|129|117|139|145|143|124|151|142|119|108|
2015-08-02|6|1_CTs|CT22||107|95|92|88|76|70|305|49|53|55|283|38|39|37|47|36|43|37|52|44|64|56|57|71|77|75|75|73|58|75|75|86|97|95|104|103|124|117|134|151|161|400|145|170|147|176|175|170|180|200|185|184|180|140|128|134|141|139|129|154|153|170|172|195|155|158|161|131|197|177|186|174|157|171|170|148|151|438|183|159|159|131|152|147|132|136|148|108|119|115|119|107|108|110|92|95|
2015-08-02|6|1_CTs|CT23||67|76|70|50|46|39|38|39|50|39|254|17|24|23|21|8|37|28|22|18|25|21|20|23|41|27|38|39|45|53|68|72|70|69|65|70|68|82|83|89|110|345|102|101|120|113|314|130|142|139|131|149|139|119|131|92|98|130|118|114|130|128|128|131|122|118|131|113|126|103|124|137|128|143|127|142|130|135|115|153|139|141|133|148|91|125|116|95|99|313|122|71|102|105|93|55|
2015-08-02|6|1_CTs|CT24||95|92|102|70|53|59|52|44|44|35|42|36|30|33|23|36|24|25|32|23|38|25|33|36|38|36|40|38|50|67|44|56|56|60|70|59|71|89|80|92|97|101|84|91|84|108|143|128|158|141|135|146|140|132|100|105|83|348|118|104|102|126|109|131|149|147|143|131|140|136|156|152|158|131|115|163|142|142|164|392|152|125|108|122|105|118|125|125|110|95|96|93|115|91|84|73|
