2015-08-20|2|1_CTs|ct1||340|62|61|311|31|31|18|29|19|25|21|15|276|15|15|15|6|21|14|22|19|23|34|28|47|42|45|68|81|113|388|158|139|170|146|170|198|430|436|712|439|181|445|450|187|190|410|455|454|178|447|181|185|429|171|177|180|177|180|390|157|172|168|650|0|176|427|173|481|604|162|179|443|199|456|196|165|445|433|693|409|667|193|171|703|163|142|415|112|357|366|108|115|113|105|83|
2015-08-20|2|1_CTs|ct2||59|56|45|302|39|29|28|276|17|280|15|19|551|40|8|13|5|35|15|13|12|10|17|20|20|21|272|22|36|31|50|55|45|60|319|70|82|77|348|594|105|359|87|101|100|112|356|111|354|92|359|89|338|335|88|89|89|90|104|98|100|98|83|96|77|114|96|87|158|269|142|272|78|113|352|87|352|76|92|96|79|89|98|98|85|95|69|341|57|65|62|64|62|74|67|78|
2015-08-20|2|1_CTs|ct3||124|128|360|94|309|49|54|794|61|301|41|28|43|31|282|23|23|30|21|32|35|40|46|46|50|44|44|65|71|100|108|137|123|144|133|158|159|166|184|195|210|192|210|214|221|200|238|228|492|202|228|437|458|194|674|192|190|443|206|407|187|432|191|439|416|202|223|195|428|430|485|379|204|202|455|224|200|683|205|204|441|164|698|173|437|693|148|435|151|130|405|143|391|116|142|126|
2015-08-20|2|1_CTs|ct4||334|75|83|55|63|39|37|30|37|34|22|23|23|24|21|25|12|27|29|12|19|29|25|26|22|26|32|294|41|47|306|61|74|108|118|99|372|385|141|157|381|153|121|147|111|108|130|125|181|340|133|130|126|376|148|117|120|378|135|378|105|104|113|366|156|116|148|121|259|232|124|126|135|142|103|113|124|359|129|121|128|367|91|370|115|348|331|105|98|73|89|114|88|83|366|124|
2015-08-20|2|1_CTs|ct5||106|130|380|113|99|61|56|301|54|44|42|44|28|44|28|29|21|32|33|277|31|36|32|26|289|33|34|51|46|56|78|106|102|130|164|133|167|423|736|219|207|201|207|470|452|463|708|214|488|481|216|213|421|447|216|427|708|492|212|484|454|198|227|227|206|475|225|197|203|986|535|645|211|234|207|209|475|710|708|210|449|188|437|430|174|177|131|410|174|156|169|175|674|140|419|435|
2015-08-20|2|1_CTs|ct6||634|335|190|0|643|40|144|321|891|341|387|285|773|130|696|198|28|66|10|50|45|59|20|9|0|3|8|276|15|31|13|3|0|1|0|139|640|68|26|48|60|48|58|53|55|57|63|54|560|58|50|326|43|40|56|63|58|50|317|319|61|56|55|63|55|313|318|60|63|59|283|36|64|52|312|51|70|314|61|65|315|52|51|50|49|52|52|40|47|41|57|53|51|59|308|303|
2015-08-20|2|1_CTs|ct17||135|132|119|129|121|81|70|59|74|73|78|31|53|54|290|34|32|47|30|46|44|46|312|53|64|52|49|316|78|106|133|151|152|169|174|179|180|207|694|489|235|247|251|750|536|509|504|737|304|470|227|473|496|724|216|216|749|470|226|251|236|713|224|499|237|232|732|251|345|596|213|235|249|275|245|234|506|507|239|486|208|202|204|219|217|463|162|181|186|409|165|410|418|151|396|163|
2015-08-20|2|1_CTs|CT19||46|48|40|278|42|26|25|20|15|262|20|12|7|13|17|7|7|11|14|5|13|13|11|10|11|18|19|24|33|51|316|77|71|88|82|82|359|323|339|88|107|112|120|113|124|137|610|109|371|142|597|379|130|614|370|122|368|362|368|364|601|361|100|111|127|116|600|142|115|364|510|220|129|400|131|125|144|359|636|374|346|346|576|102|99|94|326|67|68|299|66|67|63|60|71|52|
2015-08-20|2|1_CTs|CT20||39|298|61|48|288|35|40|280|36|32|24|23|21|19|9|15|7|13|263|7|265|256|10|12|9|10|20|23|23|30|32|43|51|324|322|321|593|82|316|576|342|71|85|73|77|62|63|79|82|76|78|62|66|63|66|562|330|81|82|80|71|85|312|322|69|63|73|340|97|601|163|252|73|86|83|320|599|85|338|83|70|604|60|70|565|66|64|53|309|309|61|57|321|77|316|565|
2015-08-20|2|1_CTs|CT21||23|33|28|283|261|13|17|13|12|5|6|7|11|13|7|6|5|6|2|5|2|7|4|6|3|4|8|10|11|17|16|21|30|39|41|40|304|47|51|51|47|300|51|47|72|42|58|68|59|42|515|51|44|44|43|51|301|59|55|48|295|72|48|48|41|292|48|60|315|48|48|46|60|302|43|302|309|303|45|67|52|61|293|305|48|302|271|47|31|41|29|35|42|43|291|35|
