2017-02-04|7|1_CTs|CT1||60|310|296|46|37|29|29|33|22|28|24|22|19|22|29|22|20|27|21|15|21|16|22|279|21|12|29|24|28|41|53|307|39|44|61|325|62|75|338|97|76|82|345|77|101|365|93|103|121|83|109|104|102|89|101|91|348|348|93|101|100|108|114|94|94|105|96|100|98|98|101|98|91|352|85|84|96|357|361|94|105|97|87|325|314|53|58|49|51|49|52|64|57|64|57|58|
2017-02-04|7|1_CTs|CT2||103|104|102|110|112|72|74|64|74|48|66|38|26|32|44|40|26|36|26|36|38|38|30|56|36|68|44|62|58|90|112|100|116|124|138|196|206|484|466|546|281|267|288|270|330|216|262|253|333|669|296|331|314|289|298|280|280|234|191|779|267|301|530|301|266|0|0|0|0|100|231|111|349|651|143|157|107|496|197|535|547|554|89|177|160|310|81|67|42|307|294|50|115|87|86|57|
2017-02-04|7|1_CTs|CT4||44|45|31|36|39|21|18|25|21|30|10|14|29|16|11|21|15|6|10|11|11|11|7|10|9|7|5|269|11|12|22|54|4|15|2|9|9|13|25|20|40|43|272|32|90|117|22|32|37|26|289|33|287|23|46|47|26|35|60|36|21|21|6|18|14|17|14|22|22|29|27|21|281|14|29|18|18|23|271|29|28|42|296|46|35|278|21|13|273|22|31|31|32|27|24|53|
2017-02-04|7|1_CTs|CT6||62|47|41|37|43|229|31|16|38|277|14|13|28|19|10|14|10|13|10|5|8|3|263|14|10|8|13|18|21|16|16|22|26|291|66|63|62|40|77|102|104|111|110|115|115|371|146|141|395|146|383|133|129|142|149|107|108|78|351|248|192|103|112|123|137|125|132|129|125|122|116|120|109|119|105|124|113|123|113|370|352|109|98|332|75|52|47|297|44|40|64|43|50|55|52|27|
2017-02-04|7|1_CTs|CT7||39|41|41|29|20|29|18|17|20|15|22|254|18|11|14|7|13|22|9|6|17|17|7|14|266|15|21|16|22|31|35|40|26|45|57|58|58|69|316|322|69|83|84|93|68|104|100|93|375|372|107|133|143|380|130|106|93|80|102|76|95|108|111|92|123|78|90|349|95|88|89|109|90|94|93|346|111|109|112|97|105|93|323|56|75|54|47|34|38|45|27|46|48|37|38|34|
2017-02-04|7|1_CTs|CT8||692|112|115|85|90|57|66|49|56|300|37|42|43|59|41|42|42|312|41|46|57|62|62|77|88|94|367|127|120|435|220|699|172|173|230|211|247|492|280|266|257|258|539|282|278|576|306|308|301|290|303|530|297|276|292|283|233|501|512|786|258|544|534|554|531|293|275|785|265|269|262|245|482|513|257|500|340|263|324|299|302|828|252|469|170|154|392|126|117|134|136|145|159|157|148|122|
2017-02-04|7|1_CTs|CT12||329|82|318|62|68|48|50|283|35|33|36|25|19|21|18|25|16|21|19|14|11|10|14|10|12|16|10|28|24|31|19|36|44|30|62|68|80|84|121|133|166|135|167|173|157|154|182|196|198|718|193|206|196|168|716|180|423|132|164|432|151|140|160|149|172|161|176|175|151|181|174|159|157|458|146|181|169|179|438|185|178|142|121|91|352|94|65|61|58|55|343|78|81|91|79|66|
2017-02-04|7|1_CTs|CT13||15|12|18|10|11|13|8|5|9|5|7|4|5|5|4|5|4|9|2|3|6|6|3|3|5|3|5|9|8|9|9|11|9|18|16|21|18|293|27|291|25|36|33|31|77|61|34|49|73|329|41|62|49|67|60|54|42|36|47|37|40|51|75|52|61|39|57|42|53|47|45|53|48|50|39|53|50|42|58|40|48|51|29|29|31|25|23|14|279|284|276|22|28|21|26|23|
2017-02-04|7|1_CTs|CT14||453|450|154|140|129|101|111|102|109|97|76|332|70|70|71|62|67|53|67|68|62|54|71|344|334|72|92|106|123|109|141|131|146|404|454|208|220|472|476|249|263|273|295|272|281|542|326|340|352|349|335|604|336|624|321|557|555|276|319|539|321|280|574|824|601|333|340|566|322|358|305|322|596|587|281|283|838|311|320|282|294|533|491|185|179|129|157|117|130|135|191|160|178|199|146|185|
2017-02-04|7|1_CTs|CT15||13|20|12|16|11|5|12|5|8|260|7|4|7|8|3|8|6|4|6|6|3|4|2|2|3|5|6|5|4|3|6|9|13|14|21|22|17|11|21|23|29|34|24|37|41|27|26|38|28|282|36|47|56|38|34|306|43|33|23|34|30|34|42|26|33|32|34|29|30|14|35|29|36|38|27|35|42|35|29|45|292|293|39|23|21|17|274|14|17|17|25|17|34|19|14|14|
