2017-11-12|3|1_CTs|ct1||216|440|144|159|382|122|100|360|82|82|78|69|60|68|49|52|43|45|42|40|49|36|33|43|43|45|48|326|322|68|321|82|331|84|335|116|105|379|390|679|395|149|165|424|182|166|429|985|206|202|971|743|209|490|234|211|747|238|458|275|254|257|263|244|778|265|267|269|294|268|244|535|235|274|293|277|482|213|737|229|186|205|424|195|163|399|159|139|395|372|137|111|118|108|117|108|
2017-11-12|3|1_CTs|ct3||342|310|763|255|464|201|420|178|403|145|387|123|121|111|84|108|603|81|82|336|88|71|75|67|74|78|93|109|100|115|364|123|388|395|193|192|153|190|213|515|236|502|232|259|288|255|270|580|680|591|362|628|695|368|357|303|300|607|1088|396|388|658|517|490|385|640|897|642|652|327|400|901|480|532|397|389|341|345|835|342|327|301|553|293|242|471|243|219|225|688|215|175|188|178|199|207|
2017-11-12|3|1_CTs|ct5||204|154|143|184|489|175|122|392|89|89|81|335|75|316|67|51|302|44|30|41|28|35|27|27|32|37|288|49|35|41|55|50|62|71|338|105|350|112|104|111|358|128|151|380|397|121|406|160|415|433|191|450|446|197|167|155|137|159|1414|177|438|185|198|705|205|991|316|946|507|484|504|230|247|249|201|220|221|163|419|175|181|400|132|117|363|105|114|101|109|331|371|98|360|127|350|102|
2017-11-12|3|1_CTs|ct6||14|13|7|8|263|6|9|8|5|6|5|4|1|3|2|2|8|4|6|2|4|4|2|0|8|3|5|9|6|6|5|9|12|7|10|20|13|14|13|17|19|16|18|9|20|13|18|17|23|27|17|35|32|29|27|29|277|28|264|38|31|36|146|414|28|28|37|34|34|292|39|38|36|294|39|17|37|29|24|20|19|22|21|19|30|20|21|16|10|14|7|11|8|13|11|14|
2017-11-12|3|1_CTs|ct7||132|127|381|134|136|116|97|353|350|87|77|84|68|61|301|314|56|48|87|292|54|60|58|48|50|36|41|43|50|40|311|37|40|61|55|62|94|65|57|79|69|103|107|72|85|85|100|342|111|100|104|121|344|113|116|114|134|356|135|138|129|138|145|151|150|172|167|431|120|107|117|105|155|167|146|170|135|128|128|129|358|116|99|88|73|89|336|326|80|67|95|67|84|340|67|76|
2017-11-12|3|1_CTs|ct8||89|63|66|105|107|73|59|62|314|38|36|33|39|55|35|19|29|28|33|17|27|32|32|19|19|21|15|18|20|21|24|22|17|25|36|33|49|33|40|50|54|53|307|44|51|46|60|58|57|66|60|65|82|68|75|74|77|63|75|86|99|341|96|86|88|118|122|856|111|118|113|358|94|110|94|96|84|85|69|92|561|76|61|58|50|56|560|300|58|45|56|44|38|302|305|27|
2017-11-12|3|1_CTs|ct9||118|137|112|124|137|114|99|117|127|89|79|61|83|66|67|581|592|313|66|39|33|294|45|40|35|61|30|39|39|37|57|39|50|54|78|72|83|76|91|343|354|395|101|138|115|117|101|139|122|156|640|408|127|162|377|630|122|130|402|143|126|358|140|184|429|152|421|166|395|152|147|408|138|111|141|136|149|125|396|354|134|125|119|101|109|100|86|114|81|91|84|335|73|85|57|85|
2017-11-12|3|1_CTs|ct10||98|103|110|122|93|127|101|110|97|91|99|92|104|118|112|93|78|86|85|68|93|65|68|43|51|57|71|51|55|42|35|39|40|31|33|36|37|38|51|64|66|79|68|62|72|108|75|95|87|78|106|101|101|109|121|101|77|101|93|101|82|112|142|102|140|142|143|141|118|143|154|130|152|124|138|125|104|118|99|119|111|91|110|92|89|79|72|90|70|63|94|58|71|68|65|53|
2017-11-12|3|1_CTs|ct13||872|442|459|273|392|1213|236|454|468|505|789|2063|1036|475|415|751|442|705|802|746|417|620|1216|1783|653|375|395|225|398|135|749|595|622|356|734|431|386|150|411|146|1086|186|174|419|174|230|206|194|471|597|250|519|825|573|358|737|249|610|785|238|1382|1667|738|314|825|537|571|580|321|481|1682|813|458|339|264|450|406|340|210|1103|568|236|204|900|328|1543|1651|644|581|733|928|598|348|154|411|142|
2017-11-12|3|1_CTs|CT16||157|145|393|126|385|117|139|125|90|102|109|91|91|97|70|142|75|334|332|326|49|43|43|57|43|49|91|71|51|73|42|54|32|49|70|40|325|88|604|74|78|94|77|105|85|96|78|90|100|97|125|112|365|101|365|105|114|375|343|114|369|94|150|152|138|134|411|153|168|151|168|180|158|412|157|142|382|130|155|380|162|390|102|103|125|120|78|102|102|605|61|83|89|76|343|82|
2017-11-12|3|1_CTs|ct18||140|136|139|159|110|165|118|130|111|108|109|127|103|133|117|106|99|104|91|81|102|81|83|57|64|64|80|67|77|53|44|56|47|42|42|53|47|72|73|90|88|96|92|89|99|135|103|120|119|106|149|128|139|159|153|121|108|133|127|148|136|157|177|148|179|174|182|168|164|184|223|196|199|173|183|158|137|148|140|156|147|132|135|130|109|107|108|117|89|86|109|73|86|88|80|78|
2017-11-12|3|1_CTs|ct19||1|1|0|0|0|1|5|0|1|0|1|1|0|0|0|0|0|0|0|0|0|0|2|2|0|1|0|1|1|1|5|0|1|1|1|1|4|1|2|4|2|2|1|2|1|2|1|1|4|0|3|1|4|3|5|2|5|2|1|3|2|3|3|4|1|3|2|3|3|3|5|0|1|1|5|1|3|2|2|1|0|1|2|6|1|2|1|0|6|2|0|1|0|3|0|1|
2017-11-12|3|1_CTs|ct22||18|12|10|266|7|7|6|4|4|5|0|258|5|2|1|2|1|2|7|1|3|2|5|2|1|0|3|2|3|1|3|3|7|2|3|5|2|6|7|8|7|7|15|10|12|4|11|5|9|19|8|10|6|8|10|5|7|6|7|6|251|8|7|8|3|6|7|10|11|8|10|24|12|7|14|8|14|8|9|14|13|10|14|17|29|12|3|9|2|2|7|4|7|1|6|40|
2017-11-12|3|1_CTs|CT23||360|105|85|111|367|85|79|77|68|61|67|54|44|59|34|48|43|295|44|37|35|40|306|40|42|42|313|34|56|45|71|52|57|53|560|86|79|76|79|92|339|100|99|98|78|105|116|357|380|139|389|123|138|370|148|385|129|118|360|145|175|147|278|304|707|647|423|170|191|176|195|433|339|528|188|151|171|170|392|131|116|118|358|102|95|349|350|101|77|583|92|83|76|339|68|68|
2017-11-12|3|1_CTs|ct24||390|126|114|107|81|74|76|65|49|35|32|32|24|287|30|16|27|31|19|24|21|31|33|29|44|47|62|93|56|84|662|123|85|95|114|134|117|396|434|463|207|449|220|457|208|329|665|464|506|289|304|843|553|310|801|277|525|315|850|333|1114|889|663|622|653|652|858|405|620|407|649|921|587|675|418|619|818|586|826|247|783|238|463|160|171|173|188|151|155|404|389|117|109|105|333|313|
