2015-09-18|3|1_CTs|ct1||330|311|44|40|30|289|14|25|26|13|16|9|7|9|5|7|11|8|8|5|265|11|19|16|17|21|285|50|57|84|393|178|219|244|484|254|210|484|233|210|155|166|183|164|170|204|167|165|179|692|196|192|449|679|411|670|174|450|186|202|222|216|188|715|191|188|206|220|220|478|215|211|459|460|206|473|206|455|205|732|202|205|204|455|175|142|107|134|343|329|94|101|88|83|75|611|
2015-09-18|3|1_CTs|ct3||342|346|342|55|62|49|29|45|293|29|285|24|16|19|18|13|21|16|32|28|275|21|36|39|40|43|54|75|74|98|164|193|466|225|245|498|243|238|244|466|246|234|213|241|983|706|504|228|236|753|501|503|238|491|228|236|229|500|240|233|252|251|489|475|224|475|209|192|716|187|475|196|181|194|438|205|226|460|471|739|739|469|229|494|467|460|442|179|166|421|153|168|144|151|414|1149|
2015-09-18|3|1_CTs|ct5||604|364|352|96|73|308|299|56|53|41|275|37|264|23|25|25|29|20|21|23|26|12|17|25|23|25|547|304|49|313|108|145|173|211|226|263|487|211|208|453|464|191|431|196|975|700|484|221|739|475|487|246|218|491|224|445|215|249|241|497|476|474|261|522|281|773|267|309|312|532|571|317|556|536|291|533|543|520|280|256|777|261|251|216|208|424|394|373|393|142|138|147|148|134|145|639|
2015-09-18|3|1_CTs|ct6||6|13|6|6|8|6|4|3|1|3|3|0|3|2|3|3|0|2|4|2|1|2|4|6|6|5|264|20|21|21|46|48|50|76|77|84|67|324|57|63|313|54|48|61|73|64|65|44|303|58|512|44|44|46|47|41|52|299|67|69|314|338|70|574|66|69|302|65|65|70|69|65|49|89|72|68|65|71|332|296|51|41|53|40|29|31|21|22|25|22|24|14|30|27|14|15|
2015-09-18|3|1_CTs|ct7||119|368|108|99|84|71|312|64|74|69|55|59|39|34|300|35|40|287|34|40|301|35|290|211|153|45|308|311|55|48|74|89|114|115|120|168|392|405|414|144|142|139|167|155|426|166|688|181|431|695|188|119|151|164|153|149|187|186|203|187|450|185|94|148|376|73|79|95|65|55|70|40|49|53|60|67|128|163|164|417|427|431|164|149|168|121|355|377|130|382|645|142|144|400|391|146|
2015-09-18|3|1_CTs|ct8||78|316|60|49|46|38|49|41|43|30|277|29|20|16|280|20|19|21|15|21|273|22|15|30|29|23|282|287|35|292|277|52|72|58|70|96|91|350|104|349|108|107|116|113|110|111|369|116|367|381|134|130|145|115|106|116|140|392|122|374|150|154|143|155|143|177|164|147|639|137|146|122|119|406|141|361|139|126|113|602|625|353|111|98|104|336|58|122|352|94|348|96|97|102|348|90|
2015-09-18|3|1_CTs|ct9||352|111|77|107|317|77|528|67|62|62|60|61|321|47|33|49|293|37|27|20|25|31|36|34|27|298|46|294|326|93|642|169|466|233|520|276|586|536|380|681|320|461|239|204|213|214|446|459|475|438|178|185|432|145|161|174|156|209|448|463|237|227|187|457|184|448|485|448|205|124|56|375|179|154|457|214|191|212|465|218|189|202|181|380|141|521|275|125|91|381|99|107|98|115|353|388|
2015-09-18|3|1_CTs|ct10||99|102|87|72|78|73|53|55|62|56|62|45|50|43|43|31|32|52|40|36|37|37|42|36|30|30|45|44|56|50|68|111|122|128|158|143|163|157|142|138|119|139|105|130|127|139|126|151|149|129|138|142|121|129|113|109|133|149|141|148|135|149|164|141|138|144|142|143|156|139|157|158|153|140|153|135|119|151|144|141|156|119|142|111|122|129|115|100|106|114|100|103|97|123|125|96|
2015-09-18|3|1_CTs|ct13||0|0|0|0|0|0|0|0|0|0|0|0|0|0|0|0|0|0|0|0|0|0|0|0|0|0|0|0|0|0|0|0|0|0|0|0|0|0|0|0|0|0|0|153|257|495|210|246|762|550|262|229|260|407|498|269|266|305|276|494|306|463|230|255|233|724|252|177|278|310|248|251|240|480|232|208|203|200|581|931|509|229|239|253|264|432|375|433|477|768|230|238|264|249|237|252|
2015-09-18|3|1_CTs|ct14||48|45|302|31|25|21|16|4|12|14|18|12|10|7|267|13|260|6|6|7|15|11|273|514|26|43|62|913|184|761|262|507|533|513|267|510|238|467|82|502|236|476|196|463|468|445|433|435|437|442|458|715|178|676|166|176|459|190|208|506|207|175|214|222|200|432|196|231|218|507|216|486|475|252|245|752|748|509|234|230|212|203|200|165|140|370|123|570|88|562|86|342|319|348|330|60|
2015-09-18|3|1_CTs|CT16||604|99|350|82|42|324|48|54|50|48|279|297|42|27|38|32|31|265|278|12|21|14|29|39|33|31|280|44|46|61|343|101|144|428|154|441|685|443|161|175|175|163|142|398|169|403|174|159|165|188|418|191|153|162|408|137|129|146|140|179|425|160|167|479|178|435|438|473|478|221|193|207|244|497|274|249|483|695|481|432|413|175|181|160|381|119|147|145|610|82|89|91|114|74|336|359|
2015-09-18|3|1_CTs|ct18||129|139|102|102|89|84|68|68|75|59|68|51|58|51|44|36|42|57|39|36|38|41|53|43|45|42|60|68|91|92|111|180|197|228|242|273|208|230|221|181|193|187|186|175|183|193|176|201|194|152|172|182|174|176|179|159|172|184|149|217|196|162|198|167|154|188|194|191|212|173|203|218|173|227|183|223|184|213|174|208|193|146|205|172|145|187|0|125|158|152|133|133|130|137|163|135|
2015-09-18|3|1_CTs|ct19||1|1|4|2|0|1|0|0|0|0|0|0|0|1|0|0|0|0|0|0|0|2|3|1|3|3|9|6|7|5|6|11|6|6|9|6|11|7|6|9|4|6|4|8|4|4|3|6|5|7|9|9|7|4|7|3|3|1|3|0|0|0|3|6|0|2|4|5|4|6|7|6|5|8|8|5|9|1|9|3|2|8|5|10|11|5|4|3|1|4|2|0|2|2|0|3|
2015-09-18|3|1_CTs|ct22||26|6|7|4|3|4|3|7|241|0|2|257|1|10|1|3|0|8|1|1|1|3|3|0|3|3|2|4|3|6|7|16|16|20|15|21|12|22|13|18|13|21|24|12|22|23|12|19|25|20|278|33|31|296|23|16|17|13|279|28|28|25|33|36|295|35|38|43|49|44|42|54|61|56|33|42|39|283|27|39|33|21|9|14|16|265|9|6|8|9|8|7|6|12|4|23|
2015-09-18|3|1_CTs|CT23||175|126|101|343|62|57|33|39|33|23|30|27|30|22|12|25|14|14|15|6|12|24|25|12|31|273|31|300|71|107|478|266|317|362|654|386|641|575|288|548|254|289|263|290|292|549|286|783|1119|587|922|351|619|346|327|797|289|367|594|318|937|644|656|419|403|679|763|495|1060|1102|1060|567|1083|1139|581|1098|514|747|481|463|668|610|573|261|670|662|482|781|1010|516|586|387|318|311|828|1220|
2015-09-18|3|1_CTs|ct24||406|140|613|621|86|65|48|282|43|47|280|38|30|27|39|23|18|287|30|40|49|289|68|597|109|361|725|665|711|568|1061|509|517|820|864|503|810|977|765|845|563|553|830|592|1295|779|559|806|792|537|564|536|788|1022|496|797|923|1304|1107|1209|794|1084|850|1098|1311|1271|1093|1129|880|1158|1106|796|1063|890|1137|1068|871|1052|782|805|523|770|480|736|661|1005|485|802|287|496|279|280|503|780|945|459|
