2011-09-21|3|1_CTs|ct1||63|68|44|37|38|12|21|15|11|12|9|9|10|6|4|4|7|5|5|12|7|7|17|18|23|20|34|53|68|93|170|203|243|250|246|254|223|220|206|217|234|220|201|231|208|228|178|171|179|182|190|224|223|179|160|187|202|214|215|215|210|201|199|206|210|229|211|226|221|225|194|228|205|206|218|220|222|228|204|220|214|216|212|155|143|145|137|105|135|101|88|102|92|95|74|75|
2011-09-21|3|1_CTs|ct3||152|187|121|90|88|61|52|54|46|46|26|42|30|15|18|18|22|29|22|35|41|33|47|84|78|62|95|171|165|173|368|439|541|539|524|517|501|440|473|499|550|483|486|462|492|461|494|438|456|452|418|486|544|431|401|399|468|466|488|459|461|460|421|451|415|441|433|439|423|348|396|410|385|324|308|395|372|402|380|396|416|442|425|397|330|334|251|279|259|266|232|230|227|218|225|186|
2011-09-21|3|1_CTs|ct5||130|139|107|107|79|64|83|75|54|60|54|34|53|40|16|10|35|31|30|26|16|18|31|37|74|79|98|122|151|189|234|326|405|419|458|241|364|204|413|369|423|468|309|380|338|305|379|388|351|363|310|336|358|329|318|284|337|372|421|399|289|267|323|299|285|272|313|307|315|400|374|328|338|391|307|588|363|383|331|435|330|362|393|259|237|219|237|216|179|174|189|187|234|266|142|212|
2011-09-21|3|1_CTs|ct6||101|105|99|73|49|48|35|49|39|35|26|28|18|21|18|23|19|17|21|18|13|10|20|13|26|23|16|44|41|54|93|120|155|197|191|224|197|218|203|184|159|155|179|172|220|195|198|198|223|219|240|223|204|203|168|162|179|187|218|222|205|216|239|216|259|256|252|247|265|300|289|286|266|298|271|259|262|269|283|267|273|237|201|174|153|175|145|127|165|131|138|137|119|130|125|147|
2011-09-21|3|1_CTs|ct7||121|141|107|77|67|58|67|63|53|41|51|45|27|23|38|22|27|17|21|14|30|21|29|27|23|37|46|32|50|56|81|120|162|183|190|195|193|204|160|154|166|157|199|185|204|220|190|206|240|214|211|230|179|167|166|197|168|195|206|222|200|221|202|236|227|246|236|227|199|163|170|166|159|160|148|186|199|167|189|207|199|190|160|140|145|136|128|103|141|114|126|120|147|134|164|216|
2011-09-21|3|1_CTs|ct9||98|105|121|79|102|76|59|61|62|56|53|29|38|34|45|23|35|41|31|19|24|42|41|37|27|42|47|65|64|81|114|157|175|218|223|240|215|222|176|199|188|171|172|172|168|161|154|188|166|160|147|155|149|131|137|125|170|176|175|189|163|137|158|160|178|184|201|198|195|170|175|145|137|101|160|228|217|135|207|194|211|179|166|109|134|112|100|125|106|110|110|97|111|111|112|101|
2011-09-21|3|1_CTs|ct10||70|76|69|64|39|37|48|41|45|33|41|34|31|25|30|16|23|21|20|16|21|16|23|18|26|17|26|33|31|47|80|84|120|135|140|134|144|160|145|137|127|118|122|133|140|127|135|121|133|123|120|121|125|126|127|127|126|132|125|142|140|139|135|113|132|145|142|142|132|157|150|148|148|158|146|145|140|133|145|126|147|126|119|94|125|95|97|79|78|77|95|80|86|89|86|88|
2011-09-21|3|1_CTs|CT11||30|28|27|23|16|23|10|18|12|11|14|11|16|11|20|20|26|22|18|12|11|13|15|12|16|14|21|24|37|38|55|30|53|54|57|52|57|54|63|61|60|55|53|53|56|47|59|55|59|51|49|72|54|54|50|40|60|38|59|47|53|44|45|58|72|59|45|55|55|55|47|47|50|59|55|52|63|53|69|54|51|58|54|50|46|45|48|40|54|35|40|34|35|41|33|28|
2011-09-21|3|1_CTs|CT12||25|29|23|20|22|20|19|18|27|13|19|22|18|18|21|10|12|13|12|6|19|13|22|13|17|12|21|14|18|21|28|18|15|19|19|21|39|45|38|50|35|29|38|39|43|37|51|35|48|38|43|32|45|39|40|45|37|46|36|43|39|50|53|26|44|37|35|52|18|55|41|34|46|44|50|36|42|38|31|42|30|40|31|38|43|44|30|37|31|31|33|289|31|24|38|27|
2011-09-21|3|1_CTs|ct14||0|0|0|0|0|0|0|0|0|0|0|0|0|0|0|0|0|0|0|0|0|0|0|0|0|0|0|0|0|0|0|0|0|0|0|0|0|0|0|0|0|0|0|0|0|0|0|0|0|0|0|0|0|0|0|0|0|0|0|0|0|1|0|0|0|0|0|0|0|0|0|0|0|0|0|0|0|0|0|0|0|0|0|0|0|0|0|0|0|0|0|0|0|0|0|0|
2011-09-21|3|1_CTs|CT16||12|28|16|19|13|15|15|8|17|11|7|14|7|6|7|11|8|5|7|1|2|4|4|3|3|7|9|11|7|17|11|27|25|37|33|51|44|36|47|50|27|42|27|37|25|45|37|32|43|33|33|31|38|36|28|28|20|36|39|30|41|35|48|41|41|52|31|49|46|48|45|50|57|60|61|54|46|64|58|43|46|40|23|31|27|20|24|26|29|15|24|28|21|23|20|23|
2011-09-21|3|1_CTs|ct17||80|87|97|54|48|42|36|39|44|28|30|28|19|19|23|16|8|22|13|18|18|17|19|27|24|19|36|54|61|125|175|285|300|336|257|315|344|356|277|286|338|254|269|285|232|243|226|247|252|222|257|267|260|243|229|237|255|252|243|253|262|276|252|241|259|236|245|291|264|285|279|210|282|289|282|237|253|246|251|241|241|221|182|161|174|134|133|152|155|107|128|123|130|117|118|99|
2011-09-21|3|1_CTs|ct18||92|112|97|98|48|56|59|49|55|36|51|43|36|35|38|29|26|29|22|17|33|19|31|27|36|28|44|47|66|78|125|160|214|215|240|220|235|218|211|193|230|205|180|192|217|160|201|178|190|166|181|149|179|191|190|160|162|187|171|196|205|210|191|169|181|192|171|174|173|189|183|176|178|201|211|151|199|189|188|167|189|193|156|160|158|115|135|139|120|107|144|127|126|129|119|134|
2011-09-21|3|1_CTs|ct19||2|0|0|1|1|1|0|0|0|0|0|0|0|0|0|0|0|0|0|0|1|2|3|1|3|10|11|6|13|8|6|7|6|13|8|10|10|5|12|17|5|10|8|9|1|9|7|6|4|6|3|13|6|10|4|8|4|3|9|11|9|2|8|11|4|5|10|5|8|5|8|3|11|6|6|15|6|10|5|6|10|8|7|2|7|5|4|7|4|2|2|2|2|2|3|4|
2011-09-21|3|1_CTs|ct20||55|44|33|34|20|20|25|15|14|6|18|15|3|6|6|3|9|8|9|12|14|6|12|18|20|30|44|60|80|100|142|164|189|170|178|192|160|156|176|155|156|187|163|155|160|153|155|165|157|154|137|191|152|154|138|136|143|162|189|190|155|173|160|142|143|164|167|167|172|173|128|184|155|165|163|143|188|175|131|157|143|151|138|126|117|101|95|99|75|88|75|77|89|69|43|63|
2011-09-21|3|1_CTs|ct22||4|2|4|1|5|1|2|3|1|1|2|1|0|0|3|3|2|1|2|1|2|1|2|5|5|2|2|3|5|4|11|16|19|10|24|28|24|17|26|18|27|18|32|24|18|17|25|22|24|21|26|28|18|14|24|27|22|24|30|18|31|32|34|39|23|34|42|32|53|52|35|51|46|54|45|32|39|45|33|43|28|30|7|19|20|13|15|11|9|10|3|4|7|7|5|13|
2011-09-21|3|1_CTs|CT23||88|95|69|54|46|28|33|29|14|16|17|12|22|19|11|17|12|4|16|18|19|8|13|9|12|22|21|30|56|69|135|192|216|262|311|281|277|239|222|169|197|169|205|230|196|195|191|232|239|221|260|271|301|202|233|236|234|263|220|235|274|271|211|246|269|288|313|309|355|348|329|369|399|385|384|389|352|389|366|376|361|305|293|271|217|190|183|172|191|147|118|137|128|132|107|96|
2011-09-21|3|1_CTs|ct24||197|204|153|119|94|77|80|51|60|35|45|40|40|27|21|23|25|50|39|43|42|53|78|101|143|213|346|482|661|736|813|852|872|831|942|885|791|660|649|866|938|918|868|914|818|771|826|827|787|832|813|860|822|746|712|824|800|864|906|915|809|834|828|812|757|751|849|827|774|883|906|947|920|902|862|955|952|857|802|781|666|698|622|578|500|425|393|382|346|358|354|318|334|290|247|250|
