2014-11-30|6|1_CTs|CT1||1|1|0|3|0|0|0|0|1|1|2|0|0|0|0|0|1|0|1|0|1|2|1|0|0|1|2|0|0|0|0|0|0|3|0|1|0|257|3|0|3|5|1|4|1|5|2|7|3|3|2|3|4|5|3|3|2|2|1|2|3|2|2|6|2|2|4|2|2|4|1|3|1|3|3|1|5|3|3|3|2|4|3|2|2|0|1|4|0|2|1|0|2|1|2|2|
2014-11-30|6|1_CTs|CT3||7|10|11|17|7|7|3|1|6|4|5|7|4|7|11|8|6|10|13|14|10|18|16|14|18|21|19|13|15|16|30|34|23|43|35|21|29|25|30|25|28|31|24|27|29|29|34|36|47|48|28|33|41|39|37|36|23|40|27|31|39|34|24|38|37|39|29|36|25|37|46|40|42|47|31|43|33|36|41|35|26|21|13|15|11|21|9|16|13|13|14|16|13|23|19|19|
2014-11-30|6|1_CTs|CT4||9|7|8|7|8|6|1|3|2|5|4|3|0|3|0|1|1|2|2|2|1|2|1|2|4|1|2|2|1|1|3|6|6|9|5|8|5|4|11|7|13|13|7|8|16|13|10|19|15|13|11|11|19|14|15|10|13|22|16|23|14|22|15|16|10|15|20|22|28|15|26|19|23|22|27|20|24|18|16|11|19|15|7|20|21|13|16|8|18|11|13|7|4|8|10|11|
2014-11-30|6|1_CTs|CT5||27|30|30|19|18|16|12|21|18|14|12|10|6|9|8|7|13|14|10|7|4|8|9|2|5|8|5|6|7|3|8|16|5|10|9|7|6|12|9|15|24|19|21|23|25|13|24|31|27|35|34|36|28|18|29|30|30|40|44|32|40|45|42|37|46|38|47|50|47|56|63|41|46|50|43|39|34|38|53|32|22|27|36|33|32|37|25|33|34|22|25|28|19|28|11|10|
2014-11-30|6|1_CTs|CT6||28|39|23|20|12|17|17|11|8|16|13|11|17|8|8|5|8|5|8|15|4|9|12|8|14|10|12|13|12|9|25|17|18|16|17|20|20|23|35|42|40|41|60|40|52|59|50|58|92|86|77|83|84|92|77|77|76|87|76|67|86|77|96|78|71|74|77|96|79|92|86|80|84|79|68|78|69|87|66|63|61|56|72|52|57|44|43|47|54|30|40|28|31|51|19|21|
2014-11-30|6|1_CTs|CT7||7|12|10|1|8|4|2|4|4|3|3|3|3|3|2|1|1|1|2|1|2|0|2|6|3|1|4|0|4|2|2|6|6|12|3|12|3|8|8|7|15|10|9|14|11|9|15|15|25|19|22|25|22|21|20|17|16|17|24|10|20|16|10|15|17|17|17|15|23|21|30|18|29|21|14|24|26|22|20|22|22|15|16|12|6|12|10|12|10|10|7|7|5|9|5|6|
2014-11-30|6|1_CTs|CT8||63|69|65|105|123|76|49|45|30|29|16|20|27|21|15|14|11|20|14|14|13|10|9|10|19|18|15|20|17|20|34|28|18|33|41|42|45|47|54|54|55|71|65|69|60|79|83|91|82|92|101|95|94|97|109|94|119|110|110|125|103|130|134|148|112|102|122|109|111|134|119|96|119|124|140|105|105|104|94|105|119|109|89|64|77|71|72|63|65|64|58|49|69|28|46|38|
2014-11-30|6|1_CTs|CT9||75|59|57|44|47|38|33|24|29|35|29|31|25|21|30|24|18|24|18|19|17|17|23|22|15|14|17|23|29|28|40|32|45|38|44|47|57|321|60|71|73|79|69|103|100|120|125|116|94|126|121|129|103|144|109|135|106|123|123|139|159|170|148|135|129|127|140|151|155|141|148|120|143|135|140|133|201|279|318|305|322|297|107|85|80|75|74|67|93|54|62|59|41|51|52|44|
2014-11-30|6|1_CTs|CT10||34|64|36|42|31|19|22|31|24|19|25|14|14|15|14|12|8|11|10|15|12|8|12|16|19|13|26|15|15|25|22|26|27|36|34|35|39|289|37|53|56|51|61|74|77|85|71|82|80|83|107|105|103|125|91|76|101|89|87|72|90|84|94|102|99|105|120|111|101|99|136|116|120|96|98|139|106|103|101|87|83|86|124|65|56|67|58|43|42|47|29|34|28|30|27|33|
2014-11-30|6|1_CTs|CT11||55|52|37|20|31|30|26|16|16|20|11|13|11|9|19|12|9|11|13|8|10|9|10|15|16|11|19|24|25|30|49|35|31|39|59|59|52|49|54|68|70|97|104|126|80|93|93|102|94|136|121|116|114|140|91|105|99|83|104|113|118|128|109|129|131|115|128|147|127|147|128|140|93|136|120|119|179|132|155|137|123|137|89|68|58|68|69|78|62|49|47|50|38|47|33|39|
2014-11-30|6|1_CTs|CT12||52|60|49|42|37|37|32|22|24|24|25|20|11|14|12|19|12|13|11|14|12|10|11|18|22|13|19|26|16|39|31|35|42|37|52|48|44|52|48|74|84|94|88|107|96|112|81|100|91|97|124|129|127|126|99|103|98|98|113|104|103|100|125|102|127|117|123|142|132|141|140|153|128|133|123|144|119|109|122|106|113|98|115|73|58|80|69|65|59|46|51|39|31|36|35|36|
2014-11-30|6|1_CTs|CT15||37|48|39|28|32|19|15|10|11|12|12|19|15|11|13|10|8|14|12|12|12|13|21|25|19|17|23|19|20|29|31|27|36|46|38|44|41|43|46|51|67|67|54|81|65|68|53|79|68|87|83|98|81|77|68|77|68|79|83|70|75|87|78|84|80|73|73|78|94|80|100|111|92|85|91|103|127|179|241|210|196|167|67|49|49|49|50|41|59|46|39|32|34|42|35|29|
2014-11-30|6|1_CTs|CT16||54|70|49|36|43|30|21|31|26|22|21|16|16|22|17|12|8|12|16|13|11|11|12|18|14|11|23|22|21|23|24|33|30|50|40|56|43|41|54|54|71|76|92|110|102|98|93|113|128|127|158|148|140|171|125|127|119|126|126|102|135|133|123|147|148|150|141|158|163|145|162|153|158|128|133|144|150|129|123|124|99|124|149|106|60|81|75|87|72|55|43|49|48|59|38|47|
2014-11-30|6|1_CTs|CT17||34|31|43|30|26|20|26|17|29|19|19|20|12|12|11|18|13|11|9|7|3|13|9|8|6|6|9|7|9|8|7|22|18|14|16|15|12|19|32|24|41|31|35|43|39|56|58|44|53|64|49|80|63|75|64|74|65|55|50|66|68|106|61|71|62|60|72|80|79|58|72|64|80|76|94|79|62|76|88|76|54|72|73|64|36|51|65|55|71|43|43|34|32|34|40|31|
2014-11-30|6|1_CTs|CT18||87|99|76|72|65|61|39|46|44|40|31|40|38|28|30|21|31|26|28|25|19|21|26|25|19|19|25|26|29|25|40|40|39|47|47|55|53|44|75|66|89|92|99|135|137|98|124|140|132|158|155|182|157|168|155|174|147|168|160|141|161|196|175|176|198|169|180|202|215|191|234|190|187|162|177|167|167|173|160|116|142|156|149|115|107|103|101|103|108|85|81|79|73|91|55|62|
2014-11-30|6|1_CTs|CT19||58|60|55|42|40|39|31|32|38|40|22|33|19|18|20|14|16|17|9|15|7|15|18|9|18|4|10|6|13|16|20|15|19|17|29|28|25|286|39|46|54|58|47|55|93|84|88|87|97|109|91|115|94|121|103|89|81|101|91|95|109|134|112|106|90|121|123|129|120|125|162|117|146|112|127|105|102|127|95|93|82|88|74|68|54|69|55|54|56|44|44|35|36|41|51|40|
2014-11-30|6|1_CTs|CT20||45|34|34|34|32|27|12|15|15|15|15|9|17|8|15|14|11|9|11|10|9|13|12|9|11|6|8|13|12|14|18|23|15|27|29|36|45|39|40|56|37|58|76|73|66|76|33|55|64|100|10|102|100|16|9|92|43|50|91|97|88|96|98|101|99|68|118|85|109|89|115|102|87|101|86|50|67|70|76|85|74|64|76|49|49|62|41|34|40|42|28|27|18|20|16|12|
2014-11-30|6|1_CTs|CT21||82|71|69|79|67|72|46|40|32|31|27|30|21|29|25|23|26|31|24|26|24|39|33|34|36|40|36|44|45|40|66|68|63|68|73|60|72|76|81|103|100|96|84|120|124|126|116|146|127|144|171|168|194|182|159|139|174|174|184|189|174|197|209|196|214|227|191|214|205|198|210|265|210|200|195|195|217|229|278|259|245|230|166|120|125|136|116|114|113|112|98|113|92|133|96|77|
2014-11-30|6|1_CTs|CT22||115|99|98|78|105|85|68|75|66|52|57|67|48|55|55|41|45|43|61|65|58|67|60|55|55|46|58|49|55|62|72|60|81|93|89|97|83|95|106|109|141|115|136|135|151|170|158|181|182|208|216|205|217|171|199|186|164|166|166|168|193|215|246|243|212|241|237|218|226|223|250|267|238|218|214|210|195|173|170|165|150|171|135|115|135|103|119|111|117|85|84|104|105|88|103|88|
2014-11-30|6|1_CTs|CT23||90|75|69|114|139|88|67|76|43|37|27|33|29|37|23|20|18|19|27|19|25|22|31|20|34|27|23|45|27|32|56|61|51|69|71|80|60|75|92|92|106|109|116|114|109|126|133|149|137|162|175|157|176|161|158|128|157|159|151|196|191|181|191|221|206|159|175|179|156|206|176|160|157|199|180|173|180|191|210|205|211|201|138|90|103|106|102|80|86|79|88|76|87|64|69|62|
2014-11-30|6|1_CTs|CT24||113|118|101|84|73|66|55|55|59|46|41|41|42|39|32|31|25|36|33|50|30|27|38|30|36|25|30|45|42|48|50|57|58|65|57|74|65|71|85|103|107|114|116|111|104|134|147|141|143|180|182|177|151|155|153|128|101|145|127|130|167|166|199|170|155|198|199|192|189|181|225|226|210|193|200|165|164|191|179|147|165|142|151|109|120|111|101|122|104|91|88|83|76|85|82|94|
