2016-04-16|2|1_CTs|ct1||117|111|112|78|306|63|75|58|45|43|50|42|28|41|32|281|21|16|19|23|33|34|33|36|291|56|55|57|58|73|76|88|88|343|122|132|121|125|160|419|153|158|429|663|184|170|423|174|192|191|427|171|422|432|676|184|197|415|200|195|188|172|692|166|178|168|150|163|367|127|132|182|400|175|152|172|192|191|186|202|451|186|200|457|197|666|180|130|150|126|101|130|391|392|143|558|
2016-04-16|2|1_CTs|ct2||58|59|70|41|55|46|59|42|33|43|37|28|23|31|27|23|22|18|13|20|24|26|23|16|22|39|36|30|16|28|23|39|34|28|42|46|292|55|320|82|310|77|347|73|87|81|329|89|303|324|325|76|83|319|85|90|86|78|105|89|64|82|75|83|88|603|103|86|86|81|102|352|323|93|347|87|629|96|94|83|119|111|124|155|395|369|368|75|93|76|327|66|334|61|86|299|
2016-04-16|2|1_CTs|ct3||146|119|162|587|365|81|359|76|62|85|68|46|49|52|44|41|36|28|31|38|42|38|52|299|42|310|57|70|298|307|335|85|73|88|585|364|122|375|155|154|145|178|671|425|184|180|178|196|184|191|214|193|186|425|181|214|416|180|179|178|195|175|203|462|179|179|427|454|454|197|426|204|442|483|175|470|464|190|479|178|206|460|443|430|214|445|212|148|435|165|401|419|143|150|167|161|
2016-04-16|2|1_CTs|ct4||76|89|80|593|76|59|79|59|59|59|47|52|44|55|40|40|34|35|32|28|32|35|32|30|41|33|36|33|292|296|47|303|54|54|46|66|59|66|86|110|392|137|126|106|134|140|162|129|150|388|154|152|168|161|135|144|152|121|142|134|164|407|167|396|152|179|166|396|202|191|144|399|425|149|397|118|129|137|133|124|376|108|129|88|363|354|111|96|359|346|335|95|108|97|97|96|
2016-04-16|2|1_CTs|ct5||148|156|138|387|144|101|125|100|104|88|76|72|68|71|51|309|58|44|42|41|39|52|44|35|52|46|43|47|52|46|72|61|307|82|72|95|358|113|411|409|163|444|185|704|489|198|470|431|212|703|205|193|492|486|486|230|175|222|235|192|247|206|227|476|232|236|256|231|261|513|473|230|261|249|494|236|233|209|258|228|473|223|190|410|674|167|168|157|140|427|145|155|432|160|412|155|
2016-04-16|2|1_CTs|ct6||121|175|143|377|114|98|132|315|91|70|323|64|314|65|45|48|44|35|42|39|38|293|33|34|299|32|37|35|37|44|61|54|49|50|570|68|69|325|85|343|354|96|615|102|130|373|385|373|389|382|124|117|404|149|369|154|132|126|139|129|141|659|149|137|168|177|228|435|207|192|429|425|175|202|459|182|178|418|198|682|198|158|140|135|382|129|128|369|389|124|123|124|156|158|203|150|
2016-04-16|2|1_CTs|ct17||160|161|185|386|153|111|405|112|98|109|99|65|63|69|71|56|45|43|40|43|55|320|54|54|48|62|61|98|333|70|87|99|339|95|350|893|129|148|174|198|466|495|223|189|775|517|240|753|218|517|515|524|281|501|522|278|225|237|252|223|260|247|756|257|232|509|520|263|256|231|237|699|256|244|216|261|245|247|258|232|254|495|495|215|478|753|502|165|448|198|164|180|179|417|206|358|
2016-04-16|2|1_CTs|CT19||60|80|56|52|55|43|38|40|293|33|37|23|21|25|13|499|6|252|7|4|9|17|17|12|15|23|262|31|20|26|34|33|35|47|51|71|310|586|100|348|105|597|373|25|126|114|584|1154|392|140|147|129|380|624|604|138|113|113|116|449|303|354|352|642|419|401|364|636|402|881|365|359|654|118|128|121|370|645|354|113|119|374|348|96|88|554|93|64|315|340|306|80|323|327|92|86|
2016-04-16|2|1_CTs|CT20||69|71|61|67|48|72|55|57|543|50|57|42|43|45|38|36|34|547|16|20|22|17|11|270|16|21|16|20|25|27|31|25|28|301|278|308|48|48|41|53|307|55|54|291|56|47|61|287|43|54|57|43|57|66|305|52|52|287|56|57|60|57|63|317|46|277|308|51|62|69|301|311|317|353|84|92|81|91|585|102|89|90|80|81|91|305|75|57|66|327|61|340|65|84|81|76|
2016-04-16|2|1_CTs|CT21||53|49|37|293|34|29|21|284|26|32|26|22|21|15|13|20|17|17|5|7|11|3|7|9|7|9|9|7|13|13|24|251|9|31|21|284|18|30|38|48|41|45|307|56|50|38|50|37|284|295|54|52|48|308|46|57|43|45|45|49|296|60|47|56|38|47|295|49|58|538|42|269|57|46|285|54|62|52|560|64|806|553|292|277|307|256|291|47|296|37|26|311|40|47|55|42|
