2016-01-02|7|1_CTs|CT1||53|60|40|37|285|27|17|20|16|20|10|15|14|8|12|14|14|16|13|14|14|17|22|24|20|26|32|37|17|22|23|30|27|29|287|296|290|35|297|45|56|60|49|57|83|68|77|69|89|77|77|81|79|68|94|69|81|339|94|97|98|93|98|360|96|87|347|85|83|81|94|103|351|91|97|84|102|79|79|92|87|70|80|68|57|53|53|58|49|47|35|56|78|88|70|77|
2016-01-02|7|1_CTs|CT2||30|42|38|28|20|28|22|16|14|18|20|16|4|22|20|8|6|14|0|14|20|14|16|24|14|14|20|26|26|32|40|40|28|44|54|56|88|63|87|74|89|88|336|79|119|111|105|117|121|108|393|136|116|360|98|98|113|106|370|364|110|144|408|365|86|604|404|96|74|131|329|187|85|48|128|121|152|431|155|88|63|116|94|106|85|99|88|67|65|58|52|86|67|85|76|74|
2016-01-02|7|1_CTs|CT4||32|23|18|8|21|20|17|15|17|7|12|15|9|11|22|8|10|4|4|3|4|257|7|5|4|4|3|3|2|4|2|1|2|0|7|1|0|5|2|4|2|6|4|2|3|7|4|10|3|7|8|4|5|10|4|5|11|9|15|25|15|16|18|23|20|20|275|23|20|15|17|24|26|20|33|16|19|32|32|28|25|41|26|19|15|27|23|12|19|265|26|26|27|45|38|44|
2016-01-02|7|1_CTs|CT6||25|25|22|19|8|10|16|12|13|11|4|5|4|5|7|6|2|3|10|1|6|7|3|3|5|5|6|15|9|11|13|14|15|17|17|282|29|31|33|38|47|40|43|314|60|58|77|88|593|91|73|83|98|88|67|80|83|80|338|85|336|87|115|637|117|109|114|117|102|130|132|860|90|98|91|93|85|88|96|80|76|80|61|48|55|43|54|49|41|42|288|57|50|52|63|60|
2016-01-02|7|1_CTs|CT7||31|23|14|18|12|10|9|3|12|14|3|4|7|11|5|6|3|2|8|5|7|13|5|11|9|9|11|13|10|12|12|9|24|17|21|38|20|45|38|44|50|61|31|307|54|39|68|79|321|82|65|88|72|84|62|70|68|65|63|97|84|65|66|314|75|79|78|356|337|83|102|91|100|82|70|78|69|74|63|63|78|67|57|42|49|52|44|27|31|33|24|26|52|49|44|61|
2016-01-02|7|1_CTs|CT8||511|423|961|340|848|234|330|299|484|262|400|192|218|414|154|134|168|428|131|468|231|527|262|250|273|276|241|198|460|286|540|267|281|261|280|257|339|366|278|379|361|390|698|415|381|319|282|317|256|276|279|318|773|278|281|537|322|327|545|363|356|876|599|642|404|461|966|449|371|427|459|442|751|437|530|542|543|557|557|572|636|756|511|726|516|498|426|474|488|460|781|554|464|701|351|384|
2016-01-02|7|1_CTs|CT12||50|40|279|25|16|18|12|13|13|16|6|9|5|8|5|12|2|6|5|7|6|6|7|9|5|8|5|11|14|14|17|23|22|20|31|38|298|38|53|62|66|62|69|96|351|80|345|133|105|113|363|110|372|388|112|375|108|97|104|103|121|128|400|126|122|392|397|144|150|153|608|222|411|143|161|129|151|146|153|126|378|112|91|91|82|70|62|331|315|309|52|354|86|78|84|74|
2016-01-02|7|1_CTs|CT13||16|9|6|10|5|8|5|1|4|3|4|2|4|3|0|1|0|0|4|2|3|1|1|5|4|3|8|3|1|5|3|5|7|7|8|11|12|14|12|11|16|23|15|31|25|13|20|23|29|29|278|38|35|29|25|37|33|34|44|44|40|25|25|27|30|289|25|32|45|36|49|47|28|33|294|40|25|290|20|30|37|33|26|25|27|19|22|23|14|12|12|14|28|23|20|31|
2016-01-02|7|1_CTs|CT14||367|93|332|73|58|75|44|37|59|38|35|38|31|36|24|30|38|34|55|51|79|310|84|53|67|80|75|72|76|82|553|145|97|361|109|380|366|120|419|157|147|173|174|488|189|217|216|223|222|241|264|257|267|255|240|241|227|217|234|258|802|246|273|260|305|296|546|288|830|303|338|340|582|329|284|289|265|235|258|227|232|243|186|169|152|159|397|144|153|129|403|144|220|196|443|178|
2016-01-02|7|1_CTs|CT15||18|17|9|17|15|12|13|9|8|4|8|1|5|3|1|5|1|2|2|3|1|266|2|4|4|4|9|13|4|9|11|13|13|11|21|9|15|22|15|29|23|24|25|24|25|31|28|32|61|53|51|31|57|27|39|39|52|48|44|37|45|56|34|46|52|51|41|308|48|53|38|295|299|51|44|33|43|46|51|49|28|47|37|42|34|40|28|27|18|41|25|42|29|32|40|35|
