2015-04-08|3|1_CTs|ct1||305|47|32|286|23|17|269|10|12|6|2|4|11|9|4|8|7|2|5|5|6|10|8|10|18|14|29|46|51|78|145|172|221|500|241|223|245|242|227|207|204|183|419|430|415|169|189|402|165|170|430|179|189|174|434|150|454|706|220|442|188|181|453|443|186|189|435|188|196|202|226|223|689|490|233|455|445|449|461|467|444|458|163|394|126|95|91|90|363|376|359|90|584|282|323|54|
2015-04-08|3|1_CTs|ct3||295|61|49|41|32|16|26|22|267|14|10|264|7|10|12|14|11|10|15|14|16|20|21|23|25|291|50|76|68|96|162|187|469|257|512|244|248|478|252|508|242|227|491|508|485|479|235|489|707|208|234|486|225|715|477|195|223|257|256|252|249|469|239|769|231|226|214|211|387|437|410|173|413|194|144|175|678|159|158|166|186|176|431|693|158|503|732|85|1103|365|121|96|86|78|87|334|
2015-04-08|3|1_CTs|ct5||103|99|75|62|53|308|42|49|278|29|27|24|19|15|15|15|12|17|10|16|14|9|23|12|20|26|34|21|304|59|105|138|192|1002|704|251|214|754|214|210|182|423|190|170|439|207|442|456|214|223|229|480|212|468|442|185|444|460|945|224|491|457|504|450|284|772|254|290|495|550|1061|1059|813|287|555|527|257|266|285|491|278|542|219|734|165|407|153|115|403|157|405|121|146|675|154|384|
2015-04-08|3|1_CTs|ct6||10|7|5|8|3|5|3|4|2|3|3|1|3|2|3|1|1|1|0|1|4|3|3|6|6|7|15|15|273|43|27|44|47|82|72|74|321|75|67|68|297|57|67|48|307|56|301|285|35|34|49|41|60|48|49|49|54|68|73|69|331|794|76|64|61|310|37|46|46|52|69|333|74|60|70|70|69|305|68|335|45|52|41|42|29|30|29|22|25|22|8|275|22|256|17|14|
2015-04-08|3|1_CTs|ct7||78|81|596|73|76|64|50|47|50|40|28|40|26|20|25|19|20|17|19|22|20|25|25|37|296|286|37|44|48|51|56|336|112|629|128|368|406|651|150|138|132|168|399|412|176|158|156|170|166|155|158|160|183|164|152|135|147|169|443|178|176|173|203|188|121|348|315|60|46|10|55|303|48|43|50|59|61|62|0|1|1|0|0|0|0|0|0|0|14|111|108|95|122|347|108|81|
2015-04-08|3|1_CTs|ct8||44|46|297|39|44|27|24|26|22|19|19|22|17|15|22|9|10|11|14|10|14|8|14|24|31|16|23|27|28|27|33|55|51|311|77|318|89|594|92|89|90|105|354|109|115|112|352|120|117|108|101|108|116|117|106|92|101|106|375|385|380|118|144|148|122|135|144|139|116|139|143|127|377|123|349|92|85|347|127|114|333|83|83|65|64|68|321|45|56|73|71|62|82|56|64|53|
2015-04-08|3|1_CTs|ct9||85|120|396|67|48|136|65|42|291|34|43|36|33|26|40|279|26|13|10|19|32|28|21|286|35|273|40|51|73|89|108|188|621|263|621|287|308|777|561|253|220|427|445|437|416|522|185|465|155|421|175|217|181|186|162|424|171|702|208|190|202|163|206|193|190|176|468|185|206|121|426|957|567|806|179|497|223|188|443|218|448|417|145|107|114|130|85|345|364|313|362|614|347|352|94|98|
2015-04-08|3|1_CTs|ct10||82|89|47|48|59|39|34|45|36|31|23|21|19|13|17|17|10|15|16|16|9|16|24|18|16|20|24|29|29|47|82|94|130|156|169|159|171|186|185|149|163|117|141|145|125|133|169|148|145|146|133|134|123|147|136|129|135|140|137|174|128|138|141|149|158|155|155|154|145|158|176|163|161|156|150|129|140|159|154|132|148|133|141|108|106|94|98|111|93|100|90|92|93|101|87|82|
2015-04-08|3|1_CTs|ct13||1467|819|991|545|2111|442|373|378|117|105|1332|144|68|1419|509|834|182|696|755|199|54|42|2540|408|1401|2|28|2147|2109|1660|403|760|702|882|412|237|499|481|251|233|241|762|280|253|228|611|385|798|246|528|287|246|473|321|360|357|553|0|0|0|0|0|0|0|0|0|0|0|0|0|0|0|0|0|0|0|0|0|0|0|0|0|0|0|247|509|242|483|452|462|214|252|228|486|454|186|
2015-04-08|3|1_CTs|ct14||48|258|19|28|20|17|15|15|4|7|12|9|6|6|4|7|7|6|6|13|8|11|11|21|31|53|61|383|464|295|542|268|792|252|259|230|248|273|279|258|783|249|237|206|427|230|218|198|167|421|193|189|451|188|191|214|188|470|460|221|460|684|192|503|169|445|185|185|213|205|739|215|217|488|235|230|741|221|493|481|992|179|402|399|373|334|344|82|369|834|337|324|57|63|312|44|
2015-04-08|3|1_CTs|CT16||73|85|72|52|50|38|37|47|34|34|41|34|12|16|24|23|12|14|9|23|13|16|14|34|22|22|19|30|537|58|75|121|133|408|169|174|167|180|170|171|437|146|398|160|148|162|119|150|138|182|138|144|400|186|161|119|427|371|663|162|172|158|429|436|671|410|215|192|186|251|210|425|501|215|248|535|211|219|206|463|467|234|153|395|130|97|95|102|113|100|83|112|353|348|602|101|
2015-04-08|3|1_CTs|ct18||104|103|81|57|76|51|42|44|44|43|27|31|21|21|23|18|11|21|21|19|16|22|29|33|19|35|40|50|56|88|132|181|209|246|250|256|252|277|249|266|201|206|229|196|179|180|208|202|203|183|162|172|182|176|191|156|197|193|219|193|184|183|170|218|187|149|194|203|150|183|190|182|206|224|189|182|193|203|161|181|184|178|157|147|159|121|132|134|124|139|131|124|123|133|116|108|
2015-04-08|3|1_CTs|ct19||0|3|1|2|0|0|0|0|0|0|0|1|0|0|0|0|0|0|0|0|0|2|0|3|2|6|6|8|6|8|3|7|6|8|4|7|8|10|6|5|8|10|4|9|7|5|4|5|11|8|9|4|9|3|7|6|5|12|6|9|11|5|8|5|10|8|5|4|6|7|6|12|6|8|7|12|3|13|8|10|4|11|6|3|4|6|1|3|0|1|2|2|0|4|1|1|
2015-04-08|3|1_CTs|ct22||7|1|3|0|1|4|5|1|1|0|1|1|1|1|1|2|1|0|2|1|1|1|1|1|1|1|2|3|259|4|5|14|6|19|13|12|10|11|22|17|23|25|21|24|33|283|25|279|32|28|24|33|27|22|29|18|285|277|525|277|31|285|28|20|32|32|300|36|48|318|56|48|305|75|319|56|55|303|275|24|34|26|20|266|17|8|10|13|11|9|9|1|8|9|9|4|
2015-04-08|3|1_CTs|CT23||166|101|90|311|56|43|39|21|31|16|19|23|35|22|16|8|16|7|14|276|11|15|12|24|24|18|44|54|75|82|422|265|312|605|900|430|381|378|340|315|253|280|563|232|220|247|273|527|343|823|609|321|338|360|325|294|334|303|338|583|594|1344|605|615|396|891|403|724|525|467|800|849|783|1142|842|837|776|792|557|781|511|473|652|347|549|510|486|213|527|279|269|221|215|181|160|116|
2015-04-08|3|1_CTs|ct24||421|403|604|103|329|59|307|44|25|27|36|28|23|25|25|20|29|31|35|42|52|55|61|100|110|173|301|744|916|933|1197|866|867|857|1386|1071|769|993|804|1028|1135|894|1125|1200|1048|1057|799|1552|745|1066|767|864|1108|1061|963|778|809|803|934|875|1033|1500|663|804|959|830|770|794|968|1334|1057|1310|1077|1109|1038|858|1081|810|827|1269|1251|893|783|993|440|604|1092|806|829|559|335|762|725|491|222|414|
