2014-07-04|2|1_CTs|ct1||73|72|61|70|61|38|43|40|18|21|22|17|19|11|12|11|12|18|19|23|22|17|26|32|42|58|69|69|75|106|128|172|152|164|164|177|181|194|200|195|214|218|198|218|187|200|200|204|213|195|201|214|208|183|189|189|191|198|203|190|197|215|197|214|206|181|192|204|173|192|200|186|172|191|171|188|173|184|190|204|193|188|194|200|198|172|162|132|120|118|127|97|101|140|140|148|
2014-07-04|2|1_CTs|ct2||58|43|47|38|35|24|33|30|16|15|22|11|11|14|12|6|10|17|9|17|14|18|19|21|19|25|31|25|26|31|41|39|49|51|57|75|84|85|92|92|82|113|102|115|77|114|94|107|108|85|92|104|94|87|72|99|83|89|104|99|108|95|75|86|97|81|97|76|79|77|91|90|81|103|74|92|83|61|82|108|112|88|116|98|97|108|77|66|59|55|71|57|54|80|93|70|
2014-07-04|2|1_CTs|ct3||96|106|80|89|67|59|69|54|32|31|31|36|28|24|23|9|19|37|28|31|15|24|35|33|45|50|69|58|76|98|101|127|135|150|133|146|168|182|186|175|191|207|193|231|203|213|209|211|212|208|188|228|201|189|150|204|189|175|214|186|212|212|203|194|197|188|200|172|204|204|204|203|184|212|182|181|184|180|196|194|227|210|194|202|182|200|166|160|140|127|133|120|111|162|183|158|
2014-07-04|2|1_CTs|ct4||84|47|90|84|45|36|53|45|32|36|31|14|22|21|19|14|21|14|23|12|22|18|34|33|29|25|30|38|36|41|58|76|78|123|131|130|135|122|133|128|111|108|123|132|132|128|139|131|146|114|150|145|136|126|99|111|94|98|114|89|121|117|123|130|105|98|119|118|103|110|116|88|103|93|76|93|105|96|83|72|104|65|80|80|76|89|87|87|71|97|78|66|109|99|112|102|
2014-07-04|2|1_CTs|ct5||140|106|142|115|83|68|77|66|55|60|52|28|25|31|25|24|28|24|35|28|25|26|35|37|26|30|32|50|41|52|71|105|114|192|131|152|211|211|207|196|181|191|196|184|209|223|200|211|233|217|207|217|184|189|173|183|174|194|185|162|188|198|219|203|201|181|184|220|192|201|188|176|187|176|171|185|195|173|184|165|185|145|143|157|116|147|124|141|131|131|121|116|149|173|165|167|
2014-07-04|2|1_CTs|ct6||54|34|42|40|18|26|23|19|17|12|12|11|11|7|11|12|11|6|9|12|9|8|10|15|13|13|9|14|8|10|17|23|22|27|29|37|41|36|44|41|39|33|50|43|54|57|42|55|55|60|53|63|49|48|52|55|34|53|51|57|56|48|51|54|60|59|65|55|54|70|47|57|54|48|51|60|52|49|55|50|67|49|51|45|44|43|46|45|38|42|41|33|56|77|57|45|
2014-07-04|2|1_CTs|ct17||117|123|115|123|89|84|98|73|52|58|44|52|44|36|29|16|20|35|40|37|26|30|41|32|37|61|68|67|80|101|129|170|192|189|164|162|211|257|236|247|228|257|241|274|219|243|249|235|279|252|235|258|224|201|185|214|223|191|239|241|238|225|231|207|197|202|247|216|241|244|247|243|245|250|253|240|232|225|261|265|230|230|256|250|226|219|221|215|198|177|177|165|134|183|192|188|
2014-07-04|2|1_CTs|CT19||35|43|50|36|31|22|32|26|21|17|7|6|7|9|13|5|4|5|10|9|11|8|11|10|11|14|25|21|36|44|60|87|87|86|92|73|91|117|115|133|116|130|129|120|107|130|120|123|99|102|127|118|101|78|89|106|116|67|93|83|73|103|91|105|114|131|113|147|144|147|148|115|148|152|141|130|127|143|132|142|114|109|102|114|78|95|78|71|75|71|67|52|62|73|62|69|
2014-07-04|2|1_CTs|CT20||72|63|69|57|45|45|41|45|34|41|31|19|26|8|14|4|12|15|9|8|15|12|11|6|14|16|19|25|25|25|33|62|60|85|85|77|87|112|94|85|87|89|88|87|81|91|85|86|64|73|77|66|75|80|76|75|71|79|78|75|73|76|94|98|70|80|103|97|86|62|79|94|78|71|85|98|91|77|75|90|112|87|89|111|93|85|69|63|63|55|58|62|68|79|65|68|
2014-07-04|2|1_CTs|CT21||51|40|45|36|27|23|21|21|16|14|13|9|15|16|11|3|6|6|5|1|5|6|6|3|6|11|8|18|14|16|19|35|30|52|59|71|56|67|64|57|48|46|65|66|56|59|67|49|55|62|46|51|55|45|55|54|46|47|62|47|60|57|52|72|48|63|55|58|65|61|53|59|54|60|49|49|77|42|47|51|59|64|57|61|52|38|36|35|38|27|31|39|41|39|36|49|
