2012-03-08|7|1_CTs|CT1||33|24|20|17|16|12|8|13|11|4|7|2|5|4|3|3|6|4|5|4|5|6|7|10|16|15|18|28|42|50|103|138|215|213|209|216|225|244|199|203|146|139|150|147|133|113|156|145|134|143|138|148|135|133|128|116|132|149|154|165|167|154|162|171|136|168|164|178|155|180|155|189|175|207|205|182|160|154|109|110|123|143|126|122|86|88|59|65|36|50|45|46|40|46|41|37|
2012-03-08|7|1_CTs|CT2||93|80|60|54|50|38|46|31|22|24|24|14|10|14|10|12|12|20|18|10|30|35|30|34|36|54|73|69|76|127|222|296|406|429|428|451|432|459|454|360|385|288|216|260|339|353|298|297|316|236|272|321|306|255|341|300|322|310|334|352|320|350|291|388|350|310|347|373|425|355|426|374|507|426|482|429|361|370|312|312|325|295|249|226|186|192|175|160|134|102|144|136|146|136|106|110|
2012-03-08|7|1_CTs|CT4||14|39|33|23|22|21|30|19|13|11|20|12|9|5|5|15|7|6|4|1|4|3|2|3|1|5|6|3|2|0|0|17|14|9|18|21|8|9|12|13|16|14|28|19|35|12|27|26|17|27|21|27|23|19|30|24|18|24|34|18|22|37|43|39|59|38|43|77|71|64|106|73|52|49|55|56|66|50|46|42|46|33|26|41|39|30|24|14|15|3|8|5|26|21|23|27|
2012-03-08|7|1_CTs|CT6||52|48|40|29|11|25|23|15|18|11|10|9|4|10|9|8|7|9|3|8|7|9|9|16|13|5|16|22|35|30|56|90|158|206|182|159|159|162|155|133|139|119|125|143|148|123|153|132|139|169|176|149|141|157|129|137|166|150|148|162|190|173|149|179|147|223|252|235|266|221|286|249|220|217|176|232|208|177|159|136|204|160|148|101|91|103|104|99|86|65|65|60|92|56|50|43|
2012-03-08|7|1_CTs|CT7||11|10|16|11|5|10|7|7|5|4|6|1|5|0|3|2|3|3|3|6|5|10|1|6|7|9|15|14|17|25|35|31|34|50|68|44|50|43|45|46|38|46|56|39|44|36|50|43|46|49|46|48|54|42|32|45|51|49|38|43|42|24|32|47|43|51|38|59|56|62|50|62|61|58|56|63|57|63|41|47|46|37|40|28|36|31|29|24|32|26|22|23|22|17|15|13|
2012-03-08|7|1_CTs|CT8||104|77|60|62|54|36|36|31|15|25|18|21|12|25|14|13|20|24|30|40|50|57|47|95|91|102|143|149|189|244|304|407|401|379|381|435|454|437|375|406|329|329|355|341|342|311|333|313|350|301|288|317|279|284|279|334|310|325|375|365|326|334|349|355|375|347|359|398|397|361|391|424|459|428|439|399|343|304|281|252|309|279|219|250|196|211|195|164|162|150|178|136|115|127|124|92|
2012-03-08|7|1_CTs|CT9||57|56|52|39|32|28|26|27|27|13|17|16|10|13|15|11|15|15|14|21|23|33|29|48|50|54|76|83|109|159|193|248|253|283|250|262|283|284|283|243|221|241|217|234|220|209|235|209|201|248|183|189|205|201|186|200|228|221|217|243|219|233|207|228|214|221|231|242|232|256|245|260|277|270|273|252|228|193|200|158|205|182|173|184|139|127|126|117|123|92|105|87|72|72|78|63|
2012-03-08|7|1_CTs|CT10||96|100|70|77|61|57|72|45|37|36|29|34|36|25|21|32|28|31|32|32|39|32|35|41|44|52|63|57|76|100|131|147|229|265|254|264|239|222|242|254|205|260|215|255|256|243|247|262|264|273|272|260|242|249|226|244|237|276|264|213|261|302|299|280|323|302|327|336|309|300|335|298|325|324|288|274|318|290|258|246|233|254|238|191|195|186|138|157|169|170|181|145|136|149|131|115|
2012-03-08|7|1_CTs|CT11||84|100|62|67|65|59|61|42|35|34|26|28|24|36|18|30|25|29|33|25|41|36|41|45|54|59|63|66|84|132|127|165|214|262|250|273|214|240|247|241|263|234|228|234|275|287|236|245|260|252|259|277|299|399|340|251|271|311|287|301|332|329|325|280|410|319|277|228|233|292|296|279|268|267|256|250|286|270|258|237|251|241|167|183|175|186|134|171|151|175|148|148|137|118|141|96|
2012-03-08|7|1_CTs|CT12||63|50|52|39|31|30|19|23|24|16|15|7|8|12|8|14|5|4|13|7|8|11|12|18|15|10|24|28|40|47|84|121|196|210|237|236|222|202|210|177|175|167|176|185|196|190|173|187|221|207|226|188|221|214|213|183|182|175|187|188|224|239|225|221|232|295|301|292|326|288|330|341|286|325|306|290|319|305|225|209|242|242|207|157|167|132|129|127|115|91|81|100|103|110|85|66|
2012-03-08|7|1_CTs|CT13||11|6|13|5|5|6|8|2|2|1|5|0|2|1|1|2|1|1|3|2|5|2|2|7|6|8|10|12|13|19|32|48|41|72|62|54|55|49|71|63|51|63|56|43|54|50|41|52|48|58|55|46|58|69|50|52|58|51|65|52|50|45|55|47|52|76|49|52|72|69|61|65|71|81|57|65|71|77|61|47|68|48|39|48|33|27|19|26|18|19|20|20|22|12|18|18|
2012-03-08|7|1_CTs|CT14||94|93|72|75|68|63|35|33|38|31|27|20|23|25|21|26|18|21|26|26|40|37|51|61|61|100|86|101|116|182|188|286|336|385|407|450|409|386|353|330|339|332|301|316|347|324|339|365|400|382|379|385|345|337|328|312|336|335|358|386|338|413|373|391|405|459|470|477|571|560|509|538|591|530|498|474|450|432|430|385|360|386|302|266|277|237|183|195|188|211|183|210|176|169|175|122|
2012-03-08|7|1_CTs|CT15||19|23|21|8|11|10|6|10|6|5|10|6|6|9|6|5|2|3|3|6|5|3|4|10|7|9|14|17|16|29|31|60|101|146|103|132|98|117|86|64|63|60|50|43|43|46|45|43|46|53|44|41|41|53|50|58|62|51|56|48|53|49|57|69|90|114|136|97|118|141|148|101|91|90|81|88|84|67|53|61|70|62|47|40|33|33|41|32|39|32|31|20|36|22|26|21|
