2014-07-17|3|1_CTs|ct1||62|48|36|43|22|30|12|12|6|13|6|5|5|5|9|5|8|6|3|5|3|7|9|15|18|20|33|35|58|74|106|153|161|201|225|232|239|229|197|171|156|146|202|164|166|189|167|169|183|199|180|191|183|184|157|159|145|193|187|182|187|169|190|189|187|154|176|182|188|205|197|209|201|216|210|217|223|230|212|221|199|204|184|172|163|109|102|96|91|99|74|79|76|62|78|57|
2014-07-17|3|1_CTs|ct3||123|112|93|87|65|90|47|43|34|27|34|22|14|27|26|23|16|23|18|18|23|21|23|35|35|37|59|69|81|101|145|207|186|222|249|237|265|254|261|238|229|216|247|255|250|234|259|240|219|254|232|234|251|245|201|208|239|240|255|243|238|244|249|236|247|220|221|222|209|207|198|224|224|196|206|188|230|213|203|205|241|230|226|212|236|165|165|137|194|213|180|181|176|135|153|126|
2014-07-17|3|1_CTs|ct5||228|216|178|130|90|115|92|61|66|58|47|43|25|27|26|30|23|35|17|27|25|17|18|18|17|18|29|40|40|65|98|141|139|197|211|234|244|241|197|207|201|192|211|230|192|231|203|228|205|200|238|256|246|238|181|193|219|221|223|238|238|243|248|256|267|292|275|287|276|293|317|297|287|329|333|318|247|271|307|273|289|288|257|198|197|167|144|180|249|272|227|208|189|235|255|187|
2014-07-17|3|1_CTs|ct6||12|12|9|7|5|3|3|4|1|3|1|0|1|1|0|1|0|0|0|1|1|4|6|2|6|2|14|8|26|23|49|36|32|55|47|59|54|63|44|52|38|50|56|60|49|41|55|32|46|52|42|40|38|38|30|43|50|61|68|74|67|64|63|73|60|58|41|66|57|55|49|42|58|43|69|48|53|42|46|61|42|50|26|35|38|20|25|17|20|26|22|23|19|25|16|16|
2014-07-17|3|1_CTs|ct7||144|137|126|125|96|64|68|65|70|76|72|51|40|42|41|27|48|27|27|25|31|28|33|28|29|46|56|79|59|71|74|116|101|122|128|156|146|149|145|159|188|153|194|188|154|172|184|184|171|175|191|202|192|170|144|152|166|193|204|187|193|206|205|191|187|129|172|208|224|104|60|41|0|0|60|131|164|189|168|165|182|158|159|158|160|132|164|148|142|157|135|133|143|190|168|145|
2014-07-17|3|1_CTs|ct8||78|66|69|73|49|26|41|39|31|34|25|17|17|23|24|12|21|13|14|10|7|22|22|15|11|26|22|25|25|32|39|63|51|52|65|84|79|86|75|84|98|101|117|113|98|91|110|105|102|110|112|102|110|100|91|98|107|123|125|120|110|126|139|121|124|142|125|120|116|143|134|149|143|125|113|125|102|100|112|119|95|86|91|113|103|101|93|83|90|82|82|85|78|97|94|77|
2014-07-17|3|1_CTs|ct9||113|96|105|88|55|85|66|61|42|40|40|38|30|36|22|26|32|31|16|24|22|29|23|22|43|30|40|60|54|64|122|150|154|206|236|250|242|211|220|219|195|183|183|173|167|168|182|143|151|155|182|198|185|145|151|167|176|162|169|176|162|169|187|188|178|193|185|192|186|210|195|179|190|215|244|202|180|197|204|208|175|163|141|147|106|108|98|112|87|96|94|72|97|107|98|92|
2014-07-17|3|1_CTs|ct10||97|114|94|81|71|55|48|60|50|55|34|39|32|23|33|24|27|30|19|26|24|24|27|28|28|22|34|36|38|46|55|73|83|96|130|135|124|147|113|122|113|110|116|105|125|114|109|126|124|126|153|132|137|117|107|122|95|139|122|139|122|129|124|150|124|121|132|112|150|123|131|149|143|159|127|116|125|138|110|130|124|122|100|93|118|114|99|72|66|76|83|90|93|101|78|107|
2014-07-17|3|1_CTs|ct13||222|204|224|157|150|122|131|108|102|146|94|94|68|65|92|78|81|85|54|75|62|60|74|74|78|62|104|137|107|133|163|194|205|255|241|266|233|627|211|264|234|247|226|252|263|249|282|233|252|251|273|312|411|279|476|324|751|293|260|236|268|265|292|267|280|293|280|259|241|297|374|869|583|682|341|245|406|529|255|229|243|249|274|295|257|288|274|259|225|245|216|244|219|247|235|243|
2014-07-17|3|1_CTs|ct14||48|52|33|33|27|14|31|7|11|4|11|4|9|4|11|5|6|3|7|11|9|12|13|18|22|49|63|118|161|214|288|267|266|257|277|270|281|274|256|246|248|241|238|204|192|190|159|196|148|186|166|204|165|134|156|171|186|174|209|206|201|192|207|165|168|162|175|179|184|213|220|218|247|233|232|241|229|203|241|235|199|181|165|139|134|117|105|88|85|73|93|85|71|74|62|71|
2014-07-17|3|1_CTs|CT16||86|85|91|93|59|67|77|46|49|45|45|49|38|27|23|24|14|25|24|15|12|27|17|21|29|21|36|50|41|68|98|125|122|155|149|159|158|164|151|123|148|151|152|128|181|180|196|182|155|181|180|150|156|154|115|152|154|181|136|160|136|188|151|197|172|186|166|179|204|225|207|219|223|234|216|225|196|204|214|226|162|158|159|145|92|89|118|105|90|115|93|105|89|100|119|100|
2014-07-17|3|1_CTs|ct18||112|120|126|78|82|66|69|75|49|53|45|53|42|33|36|20|31|34|29|26|30|28|38|34|37|35|42|60|63|78|114|133|150|184|225|212|220|217|164|199|210|172|173|169|160|155|165|202|170|163|152|179|149|154|181|119|145|165|174|169|156|169|176|153|145|150|150|167|185|162|184|175|192|179|144|162|172|180|189|171|164|164|154|137|134|136|130|114|102|129|109|128|113|127|112|116|
2014-07-17|3|1_CTs|ct19||5|1|0|2|1|2|0|1|0|0|0|0|1|0|0|0|0|0|0|0|0|2|1|1|1|4|5|9|6|3|6|6|11|6|3|7|3|4|5|2|5|5|6|3|4|6|3|5|5|9|4|3|7|6|4|7|6|3|5|3|7|5|3|4|10|4|9|3|5|2|2|4|7|10|4|6|3|5|3|7|11|7|5|2|11|4|2|3|1|1|0|1|3|1|3|2|
2014-07-17|3|1_CTs|ct20||0|0|0|0|0|0|0|0|0|0|0|0|0|0|0|0|0|0|0|0|0|0|0|0|0|0|0|0|0|0|0|0|1|0|0|0|0|0|0|0|0|0|0|0|0|0|0|0|0|0|0|0|0|0|0|0|0|0|0|0|0|0|0|0|0|0|0|0|0|0|0|0|0|0|0|0|0|0|0|0|0|0|0|0|0|0|0|0|0|0|0|0|0|0|0|0|
2014-07-17|3|1_CTs|ct22||10|4|6|2|0|3|4|1|1|1|0|1|0|1|1|0|1|4|2|0|1|2|5|4|0|2|3|0|4|5|9|9|11|17|15|18|18|22|23|28|13|14|17|17|19|17|18|13|28|24|23|30|18|22|15|21|23|22|31|20|20|20|22|31|18|18|36|16|48|34|34|42|49|48|53|51|42|34|33|37|31|30|29|24|18|7|12|8|7|4|5|6|19|7|7|6|
2014-07-17|3|1_CTs|CT23||131|329|380|453|492|495|498|342|175|116|64|0|0|0|0|0|0|0|0|0|0|5|7|7|5|7|11|18|36|31|46|62|78|79|112|117|103|113|93|380|196|172|213|186|197|222|171|233|224|255|292|298|301|243|248|226|182|243|226|217|264|231|245|235|278|295|306|266|364|381|406|372|419|501|420|436|428|383|433|384|387|348|607|553|424|234|76|67|3|1|0|57|79|366|270|0|
2014-07-17|3|1_CTs|ct24||234|227|165|149|114|87|91|76|65|39|51|36|38|34|47|28|31|33|35|43|44|51|78|99|120|181|294|423|599|818|1004|914|835|865|843|902|811|835|892|911|865|881|898|814|808|784|782|779|715|806|817|857|794|714|721|727|727|824|829|891|809|822|795|736|711|742|787|787|757|885|883|884|927|920|905|922|901|820|852|850|789|719|693|661|549|465|408|373|353|356|336|340|302|320|287|268|
