2016-04-17|2|1_CTs|ct1||453|139|120|107|103|60|280|68|43|46|63|44|34|33|302|39|32|27|24|276|26|26|22|24|37|291|33|43|39|45|38|58|313|62|65|100|83|95|351|118|88|107|121|139|360|392|141|158|157|150|144|151|154|155|178|148|143|179|182|448|168|189|473|195|202|697|193|133|1|0|0|150|159|421|169|143|153|149|370|122|121|110|361|104|86|82|99|345|88|76|75|53|68|58|68|306|
2016-04-17|2|1_CTs|ct2||326|63|70|64|55|41|276|58|38|291|45|32|32|24|291|35|28|23|30|17|29|24|15|17|21|22|18|18|14|273|19|29|285|25|31|41|39|43|34|53|47|303|44|58|313|46|60|53|311|294|44|56|61|67|331|53|53|62|66|77|77|78|364|578|92|354|85|360|845|78|67|59|53|58|70|54|327|57|69|58|66|55|47|312|54|42|56|44|51|42|41|37|51|39|38|34|
2016-04-17|2|1_CTs|ct3||131|161|412|143|409|91|101|101|81|88|340|55|58|46|318|57|63|34|45|33|38|41|23|25|41|311|37|39|38|42|41|54|59|52|71|604|334|87|94|384|102|122|123|162|380|138|419|174|165|162|162|413|162|407|183|662|392|410|430|199|450|190|185|180|187|198|450|435|437|192|424|687|170|178|179|663|505|565|616|142|138|365|121|122|113|90|349|357|354|83|344|67|96|85|71|58|
2016-04-17|2|1_CTs|ct4||105|102|347|88|356|81|82|70|62|51|56|289|55|43|36|43|28|34|32|39|31|26|30|41|30|33|25|32|36|297|31|35|31|30|38|42|44|49|59|85|75|91|101|71|355|77|361|100|125|107|115|384|146|389|123|117|99|400|112|123|387|152|125|152|153|160|151|383|670|409|414|137|144|153|151|132|106|389|329|339|105|80|76|76|63|47|71|76|73|62|81|78|58|61|67|319|
2016-04-17|2|1_CTs|ct5||417|181|412|155|140|117|363|118|104|353|334|78|85|91|290|73|54|50|56|61|40|39|38|42|43|298|31|45|39|42|44|309|51|61|62|59|74|79|341|118|128|122|152|149|418|372|677|149|175|152|920|445|162|195|426|198|162|198|398|693|195|221|197|464|247|223|480|466|217|219|752|211|209|209|259|196|432|456|154|160|424|400|131|128|115|91|100|99|414|291|361|116|100|114|108|74|
2016-04-17|2|1_CTs|ct6||391|180|420|130|133|128|363|111|106|81|314|53|73|60|321|60|47|45|53|49|27|38|34|36|303|39|39|38|48|38|43|50|43|38|45|311|319|57|316|72|67|72|70|81|340|75|105|88|114|87|117|114|353|118|88|119|94|368|105|107|134|134|388|138|145|153|181|412|408|425|156|162|154|399|175|153|436|154|135|145|422|133|121|101|338|77|81|605|92|329|76|80|82|95|88|68|
2016-04-17|2|1_CTs|ct17||476|202|446|195|185|138|390|135|109|111|112|74|75|64|79|77|96|54|46|48|50|43|42|50|49|55|50|48|36|47|50|65|73|76|75|105|94|107|121|170|142|162|170|223|683|191|197|231|471|222|216|204|195|230|234|471|184|484|460|498|237|490|222|250|252|489|250|760|746|241|516|486|249|236|273|212|200|372|528|172|171|404|140|148|125|94|116|369|106|96|95|99|479|234|336|336|
2016-04-17|2|1_CTs|CT19||61|348|325|74|67|37|45|41|38|274|36|266|27|33|21|282|24|16|12|13|19|10|11|12|265|14|23|16|16|276|21|23|21|34|29|281|38|294|288|304|73|553|592|329|88|344|81|357|91|344|363|354|108|329|601|102|322|354|366|108|394|364|320|331|365|607|106|575|823|137|820|135|377|629|375|119|322|373|313|85|83|150|318|216|52|40|43|54|298|551|44|39|36|43|36|39|
2016-04-17|2|1_CTs|CT20||586|81|325|325|93|78|322|80|552|73|301|82|320|49|54|555|49|39|34|26|266|25|278|28|15|15|20|23|21|12|16|21|22|17|17|19|28|19|288|34|35|48|46|532|49|292|305|46|49|312|52|251|354|318|52|48|39|55|44|294|51|67|43|315|319|53|68|66|289|51|58|47|59|53|54|63|70|82|535|74|584|69|321|50|55|305|300|66|38|313|61|42|62|330|40|58|
2016-04-17|2|1_CTs|CT21||288|40|34|36|57|277|538|38|283|40|239|41|25|22|21|21|27|273|15|9|8|16|12|10|11|5|6|12|11|6|9|14|17|6|11|265|19|18|33|31|36|46|38|285|52|242|42|289|42|52|51|41|45|551|55|42|31|45|272|46|301|62|283|43|287|536|52|294|277|305|303|302|57|50|44|314|51|66|44|56|46|518|42|29|28|23|25|271|22|25|29|18|31|35|24|37|
