2016-07-08|3|1_CTs|ct3||102|346|102|86|48|50|47|39|552|33|21|34|22|37|29|286|29|27|31|29|30|35|44|60|41|56|57|106|81|389|154|192|489|205|463|455|1001|217|252|215|227|186|478|205|201|204|253|211|951|218|482|207|230|196|229|178|726|483|484|471|499|443|993|463|205|230|193|720|174|198|454|174|471|176|179|206|465|210|431|163|181|211|222|478|477|225|249|221|456|197|156|155|170|155|184|160|
2016-07-08|3|1_CTs|ct5||394|137|103|122|89|91|75|59|65|43|57|45|297|56|301|38|38|43|43|37|30|23|27|31|29|34|46|70|48|75|102|130|157|215|231|248|536|241|526|211|227|206|728|497|469|221|231|261|242|251|275|274|523|249|263|239|222|233|502|508|256|276|809|534|798|552|347|329|345|344|843|367|333|336|336|320|552|303|1024|229|266|257|207|259|203|464|190|196|396|161|137|184|146|172|287|341|
2016-07-08|3|1_CTs|ct6||9|15|6|7|8|7|2|4|4|2|3|3|1|1|1|7|2|1|5|3|3|4|4|8|11|4|11|21|24|18|32|40|42|54|73|70|333|57|56|66|46|40|43|69|38|46|47|45|35|45|44|37|56|45|37|37|40|54|65|46|56|319|57|51|45|53|39|44|52|39|48|307|55|46|42|54|44|44|41|44|36|34|39|39|37|39|24|23|25|19|26|15|34|17|14|21|
2016-07-08|3|1_CTs|ct7||123|116|100|107|96|90|85|323|336|538|71|64|64|344|64|52|322|65|62|36|50|38|42|47|53|52|43|50|59|60|73|333|102|377|140|134|137|379|399|147|106|153|412|414|411|434|926|175|168|194|412|157|175|173|389|182|164|440|165|170|427|166|191|440|192|210|161|383|160|81|64|132|687|143|646|147|633|150|158|157|159|125|391|139|129|125|388|398|405|394|411|886|666|941|168|400|
2016-07-08|3|1_CTs|ct8||65|67|65|317|62|50|54|291|39|28|37|31|35|30|29|25|278|26|28|28|25|22|22|29|25|28|27|31|35|33|48|316|59|326|77|93|84|591|335|88|68|95|352|109|598|125|362|114|113|132|351|115|120|123|333|105|334|355|109|116|621|120|127|363|140|147|140|142|143|387|126|104|366|122|585|96|91|101|84|102|106|79|90|101|90|77|356|357|354|89|349|602|350|619|106|100|
2016-07-08|3|1_CTs|ct9||107|648|106|92|97|101|75|79|59|68|54|45|58|46|45|58|49|59|46|38|36|41|50|58|42|52|354|89|86|97|137|248|227|297|346|319|1042|314|989|411|788|289|217|217|228|303|189|199|456|263|194|205|232|477|187|459|731|215|204|472|256|478|234|234|228|218|253|471|236|495|366|158|486|281|949|721|304|461|1040|220|253|290|657|1029|377|85|161|135|365|111|126|116|121|127|485|303|
2016-07-08|3|1_CTs|ct10||119|92|90|86|94|91|72|73|63|83|77|64|59|65|43|57|49|46|52|44|38|40|34|48|37|26|40|31|40|53|59|83|107|138|153|167|144|151|152|144|112|95|125|136|123|116|123|138|137|145|127|112|114|124|124|110|114|119|133|136|140|143|143|147|141|141|135|153|149|146|152|133|136|128|132|152|118|130|150|155|145|141|128|132|123|133|116|103|109|124|113|121|109|136|132|106|
2016-07-08|3|1_CTs|ct13||207|185|179|135|180|150|152|135|118|124|148|125|132|119|360|376|124|92|119|82|114|84|62|384|104|80|369|118|119|131|432|421|162|117|376|137|141|177|142|139|71|124|183|201|193|211|160|94|123|462|244|204|159|220|208|423|480|228|374|201|141|459|246|189|230|198|482|210|232|514|744|251|204|215|176|152|242|215|246|224|250|251|259|248|251|222|227|225|255|225|235|240|220|256|228|225|
2016-07-08|3|1_CTs|ct14||452|489|497|496|498|624|185|279|552|157|350|234|511|511|345|235|652|132|408|491|508|1068|347|348|321|85|78|12|424|605|872|361|176|234|565|82|312|7|151|311|199|180|445|199|173|158|154|91|381|160|158|169|145|190|136|434|147|164|181|457|181|431|436|154|160|142|399|653|173|392|148|412|191|212|181|173|175|426|194|136|173|155|22|14|86|503|498|487|498|487|435|487|197|109|243|741|
2016-07-08|3|1_CTs|CT16||99|117|78|360|92|82|56|58|49|314|55|46|61|55|50|57|45|49|55|44|39|321|37|54|32|26|52|46|317|77|86|162|160|181|182|216|227|182|440|198|185|153|167|185|184|190|180|181|420|231|206|162|163|192|415|427|163|163|160|450|179|172|189|470|457|204|230|769|241|259|272|237|274|241|230|241|250|212|209|160|203|160|198|413|425|152|161|135|119|112|107|128|358|129|370|146|
2016-07-08|3|1_CTs|ct19||0|0|0|0|0|0|0|0|0|0|0|0|0|0|0|0|0|0|0|0|0|0|0|0|0|0|0|0|0|0|0|0|0|0|0|0|0|0|0|0|0|1|0|0|0|0|0|0|0|0|0|0|0|0|0|0|0|0|0|0|0|0|0|0|0|0|0|0|0|0|0|0|0|0|0|0|0|0|0|0|0|0|0|0|0|0|0|0|0|0|0|0|0|0|0|0|
2016-07-08|3|1_CTs|ct20||0|0|0|0|0|0|0|0|0|0|0|0|0|0|0|0|0|0|0|0|0|0|0|0|0|0|0|0|0|0|0|0|0|0|0|0|0|0|0|0|0|1|0|0|0|0|0|0|0|0|0|0|0|0|0|0|0|0|0|0|0|0|0|0|0|0|0|0|0|0|0|0|0|0|0|0|0|0|0|0|0|0|0|0|0|0|0|0|0|0|0|0|0|0|0|0|
2016-07-08|3|1_CTs|ct22||7|6|3|3|1|3|1|2|5|3|1|1|1|2|2|2|0|1|4|2|2|1|2|1|0|3|4|1|3|5|5|3|17|12|8|19|16|8|12|21|13|18|18|17|19|25|20|11|254|16|22|27|13|10|258|14|10|17|21|22|18|277|22|20|15|28|288|28|31|40|36|30|20|38|35|25|17|23|13|12|11|12|4|14|11|7|4|6|5|5|5|4|7|5|4|6|
2016-07-08|3|1_CTs|CT23||310|557|373|44|38|277|25|21|16|20|24|24|26|21|21|19|17|12|17|10|23|13|11|17|14|269|25|30|40|48|77|354|154|163|415|161|403|139|136|249|364|210|195|481|229|215|255|497|767|806|317|327|320|328|267|231|535|323|323|313|295|573|314|323|323|375|423|638|446|488|705|749|484|477|485|640|450|693|374|354|286|556|639|759|415|164|385|118|128|122|103|98|119|368|111|346|
2016-07-08|3|1_CTs|ct24||367|74|354|84|73|74|51|49|39|61|48|64|63|67|76|53|58|43|52|54|48|65|42|65|75|110|468|300|1119|874|401|989|567|813|550|557|533|623|850|590|569|506|544|508|550|971|967|1255|1608|1126|586|729|709|825|805|1088|1092|876|1141|853|1091|764|1127|1086|1003|781|1040|1025|784|1280|810|921|930|1156|876|876|847|1128|1012|719|1240|939|720|1135|367|302|276|485|459|199|182|170|180|665|434|185|
