2011-08-05|7|1_CTs|CT1||26|26|19|15|16|15|10|18|10|10|9|3|8|7|3|3|4|5|4|3|6|5|6|4|8|15|9|14|33|44|64|83|94|107|120|139|147|148|144|156|125|123|113|114|106|119|124|109|104|90|112|85|93|85|91|81|108|97|131|110|109|101|101|101|115|116|107|127|101|110|121|97|109|112|124|98|103|117|84|73|103|82|69|55|66|53|48|59|43|46|45|43|46|31|38|33|
2011-08-05|7|1_CTs|CT2||34|34|27|30|25|21|19|16|14|14|12|6|6|5|4|3|3|2|5|6|4|8|16|8|16|19|23|24|33|35|53|75|81|106|140|65|83|64|77|99|92|98|110|62|63|62|59|46|102|75|58|75|82|72|81|72|80|76|74|96|83|96|63|64|59|117|96|93|97|102|92|61|49|98|94|79|84|108|92|117|93|76|76|61|74|66|66|53|73|44|64|57|59|45|48|30|
2011-08-05|7|1_CTs|CT4||61|70|68|60|49|56|40|53|36|20|16|79|52|41|20|33|22|17|25|13|62|12|13|17|13|13|12|6|6|7|6|6|16|16|14|24|20|24|19|7|24|19|21|22|29|26|46|17|19|31|55|36|22|35|28|29|25|30|51|43|45|36|39|20|49|38|30|53|69|64|53|55|63|39|55|49|50|34|46|17|33|25|27|27|42|25|29|39|32|48|48|80|50|60|72|82|
2011-08-05|7|1_CTs|CT6||32|42|27|34|25|15|22|29|19|19|15|14|19|11|6|13|9|7|6|7|8|9|10|9|11|11|22|10|26|41|34|54|68|81|73|97|112|83|96|110|114|112|111|94|100|94|124|112|130|107|109|96|106|113|78|92|83|112|103|112|114|149|93|108|114|118|120|128|154|112|132|122|144|138|141|135|127|125|103|108|105|94|98|72|69|45|48|58|62|45|42|44|43|48|39|41|
2011-08-05|7|1_CTs|CT7||41|48|25|27|23|27|34|37|18|17|15|11|16|14|6|7|6|13|7|12|11|4|18|10|17|12|24|38|31|46|79|71|70|81|85|89|118|105|94|137|110|105|122|77|117|100|118|107|100|92|95|111|90|126|76|101|115|109|111|124|97|117|96|99|103|117|118|114|107|129|131|130|143|148|123|140|114|137|107|98|86|82|71|76|69|64|63|60|49|58|40|41|60|30|39|44|
2011-08-05|7|1_CTs|CT8||110|112|75|63|52|48|46|38|41|34|33|30|29|23|21|20|24|26|35|50|57|60|68|72|99|117|107|154|170|188|267|342|322|349|352|392|344|337|351|306|304|289|313|288|298|340|293|338|266|283|277|287|264|247|254|257|247|267|316|303|290|336|310|282|304|317|334|310|324|320|321|328|315|370|289|283|278|284|255|277|269|241|216|196|171|204|189|171|153|147|156|155|156|147|139|120|
2011-08-05|7|1_CTs|CT9||64|69|50|27|43|32|32|30|32|21|19|27|13|13|13|6|16|17|17|19|23|29|30|43|54|64|53|81|85|129|151|210|173|202|198|219|219|213|192|203|197|191|197|172|200|185|196|205|177|187|180|195|167|155|152|123|174|168|193|198|215|195|196|168|178|182|189|195|188|192|212|192|181|237|171|168|173|177|191|159|167|136|159|152|129|130|128|104|104|109|94|86|74|72|78|80|
2011-08-05|7|1_CTs|CT10||112|104|98|78|84|77|62|48|49|56|54|44|46|35|32|23|22|19|36|29|39|30|42|49|55|41|67|55|60|100|93|140|142|179|191|187|236|204|211|218|235|203|252|218|205|237|238|232|245|225|246|231|253|205|211|192|229|238|236|250|270|253|251|285|257|319|302|316|302|286|288|306|327|300|319|260|251|287|270|251|228|222|198|195|164|146|173|124|148|156|136|157|141|178|144|130|
2011-08-05|7|1_CTs|CT11||113|91|96|79|70|75|48|40|36|36|44|48|26|33|34|25|19|19|38|32|40|34|51|48|71|47|75|70|86|126|99|141|163|168|191|191|199|195|219|201|227|224|231|229|223|239|247|255|255|233|307|230|256|218|222|197|226|218|267|299|264|245|250|286|254|296|279|289|287|288|288|259|269|300|266|256|251|267|244|201|219|221|182|179|160|165|181|136|158|137|147|136|130|160|124|102|
2011-08-05|7|1_CTs|CT12||50|69|30|41|39|29|45|31|24|19|22|19|18|12|11|12|15|9|7|11|5|15|15|10|19|16|31|17|25|47|41|74|82|99|109|142|141|133|156|179|142|148|146|173|144|159|153|183|195|185|182|158|163|153|144|122|146|149|160|165|176|202|137|184|178|185|194|202|225|186|203|213|267|237|205|180|185|198|188|191|161|171|130|135|113|91|93|82|103|92|81|67|87|84|75|78|
2011-08-05|7|1_CTs|CT13||22|17|9|10|9|14|23|15|7|6|3|5|3|2|2|2|2|4|3|5|3|1|8|4|6|4|9|11|17|22|26|28|27|35|41|44|53|43|52|54|57|66|51|35|46|35|43|48|40|43|40|46|42|53|41|36|29|41|49|59|37|43|46|48|41|39|49|40|38|52|48|59|50|62|54|55|46|66|52|51|48|41|41|69|69|40|27|25|30|30|18|22|24|20|13|27|
2011-08-05|7|1_CTs|CT14||144|136|94|74|75|69|79|61|63|62|55|42|42|34|39|25|25|43|36|39|46|39|57|76|70|69|107|120|140|148|194|219|233|225|289|312|284|328|324|323|298|345|313|298|291|312|328|336|312|311|335|275|333|293|265|244|297|317|359|359|332|351|340|361|357|392|424|395|423|440|516|486|547|488|482|426|455|450|408|339|363|332|306|267|220|199|192|164|165|172|171|166|187|184|174|146|
2011-08-05|7|1_CTs|CT15||11|28|12|16|11|7|7|9|5|8|5|1|6|4|0|2|7|1|3|5|3|5|4|7|5|5|13|11|5|11|13|16|23|30|26|49|53|37|46|39|59|60|52|47|39|35|44|39|28|41|35|34|45|38|45|39|32|46|35|52|44|47|30|45|39|47|43|41|51|37|43|45|62|72|49|51|51|75|44|49|40|40|35|22|25|19|26|19|22|18|13|22|30|19|19|11|
