2012-12-20|2|1_CTs|ct1||76|88|74|49|35|25|22|13|13|16|14|7|8|12|7|7|7|8|9|15|14|14|17|31|20|22|43|53|74|107|119|138|152|161|168|177|150|148|166|166|157|167|175|174|175|194|192|193|190|193|192|177|202|171|181|165|170|193|175|176|191|193|180|192|175|167|176|171|173|183|168|168|127|137|162|159|159|159|173|199|187|184|203|204|188|183|150|169|138|131|128|124|122|121|121|135|
2012-12-20|2|1_CTs|ct2||50|50|42|39|26|32|17|15|18|16|17|15|17|13|11|9|14|14|12|6|14|23|17|21|25|20|36|40|71|51|99|88|112|91|104|110|110|108|123|127|144|125|119|105|109|113|105|102|92|113|112|115|135|116|102|92|111|104|83|87|122|96|102|97|88|98|85|121|110|59|87|125|73|94|98|84|70|92|91|93|152|173|138|124|104|116|73|86|68|65|62|71|48|59|58|64|
2012-12-20|2|1_CTs|ct3||100|111|105|78|67|58|46|23|28|36|22|26|24|28|19|11|13|13|26|22|27|25|32|45|37|46|71|84|124|114|169|176|192|187|196|214|196|194|219|229|213|214|212|201|168|200|219|203|208|195|192|203|214|212|200|198|169|180|184|189|196|226|225|208|221|217|233|231|231|186|196|225|225|212|213|233|206|224|214|219|198|239|247|248|202|219|191|209|172|172|152|154|132|153|145|155|
2012-12-20|2|1_CTs|ct4||56|61|66|44|35|36|35|33|24|20|21|17|9|18|26|18|11|11|21|14|18|12|29|21|36|36|38|36|57|69|71|130|147|159|161|161|155|149|167|159|133|155|141|122|141|126|130|150|133|136|153|151|123|119|121|115|119|113|132|139|145|148|138|149|103|159|134|146|108|115|110|99|111|109|133|111|123|112|107|105|117|105|112|109|111|80|111|107|78|84|74|87|94|100|97|89|
2012-12-20|2|1_CTs|ct5||98|108|97|75|51|65|38|42|43|32|29|27|22|24|25|26|19|15|22|21|24|21|28|30|26|38|56|50|71|84|113|174|197|210|220|212|227|232|192|219|212|218|224|168|192|204|199|205|204|188|217|203|176|171|159|177|178|190|180|208|191|203|178|196|181|214|198|189|190|161|175|158|163|184|193|165|206|202|162|158|178|179|182|150|179|148|150|151|149|135|129|143|153|152|146|129|
2012-12-20|2|1_CTs|ct6||126|99|113|95|61|44|44|50|32|25|29|26|18|14|29|21|15|10|24|16|20|18|26|28|26|31|42|53|76|64|101|162|166|183|188|209|189|194|210|197|179|162|195|159|164|174|172|182|181|195|217|183|180|157|144|174|151|192|192|198|196|165|151|162|194|183|176|194|189|139|153|184|143|130|116|148|162|170|161|145|160|145|137|136|138|115|146|132|123|131|123|131|155|143|184|158|
2012-12-20|2|1_CTs|ct17||126|104|79|90|79|66|43|23|32|31|27|29|21|27|14|14|12|12|15|19|16|20|25|35|32|31|47|65|92|91|106|159|172|192|163|188|181|173|190|193|196|190|203|199|179|217|198|202|213|146|167|206|185|198|184|204|182|175|170|186|188|225|234|200|229|222|228|220|247|183|191|220|228|225|209|242|235|235|208|221|229|260|235|245|237|216|199|224|200|189|138|159|144|181|178|170|
2012-12-20|2|1_CTs|CT19||59|54|59|38|26|21|24|14|7|15|14|2|1|10|4|4|6|9|4|8|8|8|6|11|11|15|21|28|39|49|39|84|89|94|102|103|99|112|121|114|100|122|111|107|112|122|135|152|124|116|133|138|105|106|125|118|107|113|117|111|109|129|137|142|139|142|142|133|131|131|135|165|139|126|127|148|141|138|128|132|167|150|150|122|106|93|99|111|93|81|66|86|66|103|95|93|
2012-12-20|2|1_CTs|CT20||49|66|61|46|42|38|33|28|24|26|30|23|27|17|10|12|11|13|14|11|9|11|7|13|15|26|23|24|29|35|42|52|56|92|84|91|89|86|90|91|91|84|91|79|85|77|85|77|65|82|71|66|79|66|59|68|77|69|75|64|81|76|77|86|69|86|84|94|77|82|84|81|77|92|81|76|92|96|65|87|84|86|92|74|79|66|73|58|56|62|70|36|54|55|63|58|
2012-12-20|2|1_CTs|CT21||26|22|26|18|27|19|19|6|11|9|9|10|6|6|4|7|5|2|6|5|4|1|2|5|9|9|8|7|11|16|23|27|35|51|53|54|47|57|40|46|44|39|52|46|45|32|41|43|43|37|36|31|50|36|32|31|48|36|46|41|41|47|43|40|34|41|54|45|56|41|38|53|52|45|54|45|43|38|56|36|54|44|49|55|29|34|40|38|26|39|33|25|29|29|40|33|
