2013-03-13|3|1_CTs|ct1||50|28|21|21|22|14|9|13|4|12|4|6|9|2|5|5|2|4|8|6|4|8|4|10|26|20|26|36|64|68|127|192|198|256|237|234|232|219|234|163|168|171|160|160|162|161|134|134|155|181|187|191|167|151|150|166|173|170|196|178|178|164|151|176|185|202|191|176|199|200|211|205|210|223|219|229|212|203|204|227|190|177|154|127|113|98|90|118|98|87|84|78|61|63|45|46|
2013-03-13|3|1_CTs|ct3||51|56|40|26|26|38|30|30|12|19|18|17|11|7|10|12|11|16|25|16|12|21|19|37|35|53|56|57|78|70|141|173|219|245|279|291|280|438|265|242|214|230|243|220|222|254|225|210|222|229|250|233|264|214|211|204|224|254|260|224|241|261|250|238|267|259|312|226|203|277|239|233|329|242|376|263|341|208|290|221|240|246|251|251|252|161|183|153|130|115|125|103|77|118|92|87|
2013-03-13|3|1_CTs|ct5||119|96|68|61|47|33|43|35|24|20|29|23|15|16|12|13|16|15|14|11|14|10|12|10|14|24|20|37|50|69|102|150|148|195|215|218|189|229|203|186|175|161|171|172|173|189|160|204|201|218|188|231|217|188|186|188|187|196|232|233|211|204|202|244|217|264|268|258|258|254|264|279|298|296|273|292|286|279|265|281|256|267|206|166|153|166|154|153|162|129|139|129|126|145|118|137|
2013-03-13|3|1_CTs|ct6||11|7|5|3|2|2|1|0|2|2|2|2|1|0|2|3|0|1|1|3|2|1|2|4|5|9|19|13|21|27|35|56|72|68|92|79|66|83|61|91|52|52|48|42|44|42|43|47|46|48|41|53|54|50|41|62|54|63|72|43|40|39|65|67|50|49|56|54|58|66|76|65|74|67|84|55|52|59|46|46|47|41|40|30|24|25|18|19|28|14|20|18|19|15|12|16|
2013-03-13|3|1_CTs|ct7||92|112|67|69|62|57|60|45|38|28|22|26|33|26|22|32|14|15|26|86|61|20|88|30|33|43|36|61|37|49|75|100|100|136|157|160|143|149|156|161|134|129|152|160|178|149|166|186|201|187|191|172|163|151|145|143|138|154|185|176|175|156|176|188|170|174|172|183|198|160|176|172|182|159|177|167|159|167|176|152|155|146|130|127|130|116|102|90|103|106|119|103|107|119|96|114|
2013-03-13|3|1_CTs|ct9||83|78|78|65|38|58|61|43|22|28|47|30|25|20|7|22|23|29|19|17|13|23|19|23|22|20|30|50|55|78|119|156|176|248|231|224|180|236|201|183|163|152|163|151|165|149|138|157|152|164|155|151|173|161|170|157|153|184|181|186|180|163|191|161|159|193|193|210|185|163|196|217|210|199|216|184|217|189|201|188|170|153|139|128|100|128|118|108|88|103|113|87|92|78|86|87|
2013-03-13|3|1_CTs|ct10||72|72|49|40|36|31|32|23|40|30|25|18|17|11|9|12|14|12|16|14|12|12|15|12|18|28|25|34|32|46|67|97|122|145|150|156|159|132|173|163|152|130|124|128|117|100|126|123|139|112|159|144|136|148|130|120|130|168|131|147|135|137|132|153|140|144|152|162|179|160|163|141|166|157|139|152|139|161|125|137|137|118|130|108|97|91|96|98|92|73|87|74|75|81|82|69|
2013-03-13|3|1_CTs|CT11||25|4|1|4|437|2496|879|3598|3786|3609|1534|6272|892|516|3229|630|656|1530|4045|7978|2683|2324|731|3752|135|333|133|225|353|399|323|297|251|278|460|492|672|608|631|525|481|533|885|831|758|732|1164|528|787|531|580|504|678|523|525|477|676|851|446|607|1236|743|894|511|752|662|627|515|567|611|625|593|498|641|534|579|544|613|542|1049|3757|2841|5658|3736|5113|3341|320|409|994|837|348|396|463|1268|1828|1510|
2013-03-13|3|1_CTs|CT12||56|40|28|30|29|23|28|28|13|16|14|15|12|9|8|11|8|7|8|8|6|7|8|7|8|27|13|16|13|23|20|32|41|47|79|67|57|79|108|83|100|89|94|103|119|79|120|93|127|114|76|104|84|78|77|67|73|95|132|124|89|92|75|109|119|129|83|147|114|115|117|111|151|134|113|130|133|123|131|96|91|88|62|71|47|46|49|42|51|40|44|35|39|55|51|54|
2013-03-13|3|1_CTs|ct13||158|177|139|94|90|108|81|59|85|56|56|68|38|48|53|34|54|38|48|54|46|54|70|64|87|90|77|112|112|148|147|210|244|216|224|222|214|224|215|242|187|221|584|980|751|789|247|361|638|384|259|632|651|441|271|862|873|705|349|1073|403|970|1382|527|582|248|672|874|286|218|365|421|221|193|292|675|628|463|201|576|522|447|322|388|219|264|254|242|258|305|491|396|220|207|213|278|
2013-03-13|3|1_CTs|ct14||32|27|16|15|19|14|13|8|6|6|4|4|6|7|8|4|5|6|2|9|6|14|14|17|22|31|64|115|175|262|271|291|304|287|280|303|303|305|297|287|274|222|221|198|182|173|167|167|155|168|198|153|175|151|166|172|158|218|186|205|192|164|184|151|143|168|152|164|170|224|197|238|232|246|259|244|212|212|212|225|180|144|119|106|79|74|74|73|91|78|74|74|50|49|58|48|
2013-03-13|3|1_CTs|CT16||93|66|32|68|53|48|24|25|30|41|26|19|23|11|8|24|26|18|12|8|15|8|18|14|19|18|24|35|35|64|79|138|120|143|175|156|136|165|177|133|165|129|164|138|131|150|167|124|151|132|134|137|168|142|146|152|132|150|148|171|174|156|160|178|168|209|172|240|191|217|206|203|190|205|182|172|179|164|177|164|148|140|137|128|81|72|90|116|75|82|105|98|85|72|62|70|
2013-03-13|3|1_CTs|ct17||85|62|42|56|38|31|19|14|19|19|21|11|10|8|12|10|8|11|14|9|8|7|18|18|23|26|28|55|49|76|111|248|264|313|278|196|245|198|309|307|239|222|205|202|180|204|215|181|201|182|207|209|211|221|180|177|193|213|249|215|211|213|191|210|217|217|248|247|258|225|239|242|214|255|205|192|217|203|196|187|163|166|160|132|114|106|105|127|106|112|93|71|81|81|73|72|
2013-03-13|3|1_CTs|ct18||104|93|62|65|53|45|32|26|43|36|35|22|20|13|16|15|22|18|22|19|20|18|21|19|26|41|44|55|53|89|128|221|241|247|283|221|243|192|252|236|209|198|198|157|167|178|179|165|165|170|187|182|188|171|176|189|149|185|187|238|201|185|197|210|189|182|207|177|192|199|212|202|197|193|172|200|191|191|167|165|173|150|191|160|121|118|142|142|124|116|122|103|114|102|108|102|
2013-03-13|3|1_CTs|ct19||1|2|0|1|0|1|0|7|0|0|0|0|0|0|0|0|0|0|1|0|0|0|2|3|2|8|9|8|4|9|9|3|7|8|9|6|2|6|12|6|7|13|5|4|4|5|6|6|6|6|13|7|11|11|4|4|11|8|7|7|11|11|8|11|2|10|4|10|4|11|5|8|7|7|14|12|7|8|5|13|7|9|3|6|4|5|4|3|0|1|3|3|2|3|0|0|
2013-03-13|3|1_CTs|ct22||5|5|2|3|4|2|1|2|0|1|4|1|0|0|1|0|2|2|4|2|1|0|3|2|6|3|2|3|4|11|10|19|22|18|24|11|19|24|29|25|18|17|22|30|28|22|18|35|22|19|31|24|24|16|19|17|23|27|30|27|35|25|35|36|25|42|32|37|44|34|51|50|54|58|59|54|54|44|38|44|30|37|23|20|19|5|6|10|8|8|7|9|5|5|5|4|
2013-03-13|3|1_CTs|CT23||96|61|46|42|28|21|25|25|17|19|15|10|23|5|15|1|8|11|12|5|11|8|4|8|25|13|20|28|60|56|142|226|220|267|276|310|284|268|250|233|207|194|210|174|218|198|185|232|226|223|276|256|304|207|223|242|227|220|269|232|244|280|236|230|284|324|294|312|369|393|356|377|435|462|449|443|448|421|433|431|422|338|294|249|235|193|210|233|236|202|154|183|159|121|104|95|
2013-03-13|3|1_CTs|ct24||172|118|103|68|76|60|52|37|36|26|12|19|27|26|36|15|30|27|25|32|45|51|88|103|127|165|286|494|680|886|1035|929|970|932|909|916|801|866|844|934|959|910|827|823|771|789|681|732|719|772|775|827|757|737|707|748|786|922|925|801|785|743|785|756|705|729|743|710|776|760|841|930|896|937|952|893|757|717|761|807|670|637|538|474|385|350|321|366|349|333|281|277|249|249|202|198|
