2014-07-19|3|1_CTs|ct1||62|68|52|43|41|42|26|23|24|23|20|14|19|12|10|9|9|16|6|10|8|7|7|9|11|17|20|26|34|39|45|50|42|60|57|64|62|73|71|80|101|107|113|115|132|112|131|142|133|142|116|124|151|128|126|123|114|102|116|127|131|132|130|111|142|138|139|124|132|128|116|103|106|128|101|98|104|126|119|117|130|104|124|137|99|109|90|80|80|76|77|75|78|74|80|59|
2014-07-19|3|1_CTs|ct3||150|141|116|103|108|98|95|62|65|62|55|52|44|45|39|42|42|54|36|30|33|40|27|35|23|56|50|39|52|64|67|100|66|88|100|110|96|116|131|165|137|142|199|212|206|222|200|194|227|233|186|182|194|165|185|182|176|174|175|202|184|186|219|211|215|189|202|224|235|175|202|190|176|185|173|168|183|215|210|197|206|222|211|235|208|218|189|155|151|152|145|144|137|168|162|136|
2014-07-19|3|1_CTs|ct5||230|213|163|169|154|122|102|83|67|83|66|0|0|7|49|52|36|36|30|29|26|21|24|27|24|27|28|18|33|26|44|59|67|91|84|108|105|95|102|101|147|135|138|150|156|147|158|164|191|148|196|215|188|182|157|143|136|155|177|171|187|185|191|194|213|190|227|196|207|215|199|166|174|183|208|181|174|193|166|198|188|146|146|163|149|113|114|132|111|112|103|131|124|134|148|153|
2014-07-19|3|1_CTs|ct6||12|11|11|10|6|8|3|6|1|4|2|0|0|1|2|3|3|0|1|3|0|3|8|1|4|8|9|6|3|8|13|14|10|15|14|13|11|15|20|22|18|28|20|28|35|29|30|33|41|22|27|25|24|29|14|17|27|28|26|28|28|33|28|35|19|22|19|22|26|37|23|22|35|19|25|27|33|28|33|18|29|23|30|19|22|23|22|10|14|14|9|17|23|14|19|17|
2014-07-19|3|1_CTs|ct7||156|132|144|168|109|102|102|90|94|100|103|58|84|74|77|73|62|60|60|39|64|43|49|52|41|55|53|46|44|44|59|48|56|64|62|61|71|91|90|87|109|95|123|120|139|116|144|139|148|149|137|162|129|146|152|123|122|121|134|151|149|130|164|148|174|168|153|180|157|167|164|173|153|166|164|179|140|165|161|150|177|181|159|147|142|130|141|142|147|116|109|142|141|147|151|168|
2014-07-19|3|1_CTs|ct8||80|85|76|93|52|63|51|45|46|52|44|26|30|31|30|32|27|19|29|14|24|11|29|26|16|35|27|28|26|23|28|24|26|28|34|28|44|46|56|57|68|56|75|59|66|68|68|81|74|88|72|87|53|75|74|71|60|75|85|74|74|88|78|77|99|92|78|98|94|92|99|97|84|82|100|108|84|109|89|84|128|107|104|90|95|78|76|84|90|71|63|83|84|79|96|85|
2014-07-19|3|1_CTs|ct9||106|116|101|101|95|105|83|88|71|60|75|53|96|67|72|45|59|39|42|35|35|40|54|45|30|37|34|32|41|45|44|57|69|70|53|82|86|109|98|98|117|109|122|126|114|106|120|126|130|128|128|144|126|142|112|99|134|135|108|128|130|144|114|135|128|113|116|134|125|111|100|96|124|123|132|93|114|125|139|113|119|141|106|108|100|94|81|76|75|73|89|76|90|97|104|113|
2014-07-19|3|1_CTs|ct10||98|110|109|73|98|82|65|81|62|63|73|72|68|78|73|47|50|67|54|46|31|40|35|35|37|36|32|35|47|32|30|32|35|51|32|51|51|41|52|58|72|73|89|94|70|97|87|89|96|90|93|91|82|94|77|80|79|76|74|93|104|92|113|106|87|98|97|91|109|110|77|112|101|101|103|102|95|108|119|96|98|87|96|84|105|70|72|78|73|61|67|71|80|85|93|86|
2014-07-19|3|1_CTs|ct13||254|227|204|214|188|188|157|151|174|163|153|144|126|147|132|140|144|118|130|116|72|85|93|127|101|99|80|164|122|129|124|113|125|169|165|148|168|176|201|174|209|222|2076|239|158|145|198|275|307|246|258|234|243|260|229|223|223|200|213|229|225|234|259|236|266|231|272|231|262|303|251|255|262|249|283|349|273|244|255|255|246|232|226|247|218|225|204|227|192|202|212|195|219|218|1221|1158|
2014-07-19|3|1_CTs|ct14||80|62|51|34|48|35|32|28|23|21|17|25|15|16|11|15|16|7|8|18|14|16|23|25|26|23|32|40|29|59|101|120|76|81|92|110|118|122|118|144|136|118|127|133|106|96|129|121|108|134|115|140|126|136|97|105|106|118|105|127|115|103|138|112|107|116|105|138|131|105|108|126|104|106|136|130|111|140|131|141|128|139|118|118|100|80|91|90|78|83|81|69|60|51|59|73|
2014-07-19|3|1_CTs|CT16||114|114|133|101|108|96|69|78|65|73|55|45|63|54|76|46|51|45|25|36|37|26|35|40|36|28|32|40|38|32|42|42|50|38|39|40|55|67|76|70|68|75|86|87|110|126|101|107|87|114|105|141|118|109|98|99|76|90|113|131|114|96|107|145|109|111|109|123|129|127|91|141|142|126|152|129|152|148|145|131|129|139|129|93|113|114|76|88|84|89|111|78|77|107|90|89|
2014-07-19|3|1_CTs|ct18||131|131|122|96|122|90|81|104|75|84|81|86|73|86|78|59|65|77|66|50|42|55|48|40|45|49|37|56|63|44|44|51|56|66|57|68|65|68|90|90|94|123|124|124|107|125|121|104|133|142|143|129|133|120|127|132|98|113|115|143|152|128|151|120|134|140|135|143|162|149|108|151|162|142|150|143|146|145|147|145|146|122|132|136|147|106|101|117|104|97|127|106|90|116|127|113|
2014-07-19|3|1_CTs|ct19||0|0|3|1|0|2|0|0|1|0|1|0|0|2|0|0|0|0|0|0|0|3|0|2|1|1|13|4|2|1|5|3|2|2|3|1|5|1|4|4|0|4|2|5|3|3|2|0|2|3|5|4|3|3|1|5|1|1|0|4|1|1|3|1|3|2|1|4|0|2|5|1|1|0|3|3|1|2|1|6|3|1|2|2|1|3|2|1|0|1|0|1|0|0|0|2|
2014-07-19|3|1_CTs|ct20||0|0|0|0|0|0|0|0|0|0|0|0|0|0|0|0|0|0|0|0|0|0|0|8|1|0|0|0|0|0|0|0|0|0|0|0|0|0|8|0|0|0|0|0|0|0|0|0|0|0|0|0|0|0|0|0|0|0|0|0|0|0|0|0|0|0|0|0|0|0|0|0|0|0|0|0|0|0|0|0|0|0|0|0|0|0|0|0|0|0|0|0|0|0|0|0|
2014-07-19|3|1_CTs|ct22||7|7|6|5|6|3|8|0|2|3|4|3|2|3|6|0|3|1|0|1|0|0|1|0|1|3|1|0|4|2|3|1|5|2|4|6|5|12|5|4|10|10|8|12|8|9|15|9|11|11|15|7|17|5|11|12|13|5|15|9|7|6|16|8|10|12|4|13|7|10|7|9|5|10|9|4|15|6|10|6|10|5|5|3|8|11|4|13|8|2|2|11|5|1|5|5|
2014-07-19|3|1_CTs|CT23||0|0|0|0|0|0|0|0|0|0|122|190|134|380|415|396|2|0|0|0|0|0|4|6|17|12|3|12|13|12|17|17|34|35|30|42|37|32|264|362|524|563|342|140|123|153|176|159|189|225|200|207|229|226|206|188|156|174|163|174|166|197|200|156|182|200|209|168|165|223|191|166|177|221|158|202|164|170|156|183|191|142|159|136|148|430|548|554|482|413|398|302|163|337|230|481|
2014-07-19|3|1_CTs|ct24||283|249|213|171|191|149|136|113|89|91|79|99|75|61|47|62|49|41|65|72|58|85|92|123|104|143|162|169|170|254|408|420|321|360|412|455|477|498|551|610|543|526|590|601|591|627|623|618|587|603|591|620|599|614|519|506|540|556|566|628|572|610|631|571|567|600|608|686|673|600|589|588|554|576|601|576|563|665|656|622|684|667|607|654|566|467|474|402|349|374|351|321|345|342|320|340|
