2015-01-01|2|1_CTs|ct1||100|350|134|138|146|649|126|114|117|107|95|107|93|115|119|339|108|87|80|71|70|338|66|321|66|58|60|48|58|46|317|61|44|38|38|47|300|43|42|295|57|52|74|79|95|72|97|118|106|373|369|133|133|133|124|123|143|141|151|411|419|173|170|665|161|425|397|153|155|391|129|136|143|410|136|115|389|170|393|169|138|139|397|119|365|357|98|361|80|73|562|69|62|51|68|62|
2015-01-01|2|1_CTs|ct2||60|61|344|353|96|341|67|65|68|67|83|50|41|54|68|358|106|91|91|69|62|589|319|316|49|48|42|47|56|52|305|38|26|20|19|25|22|29|22|15|26|24|296|34|36|27|39|41|46|55|296|60|40|45|43|39|49|51|59|66|52|44|60|87|68|86|70|80|312|75|310|96|77|91|72|90|59|92|60|77|76|56|67|63|56|43|43|33|35|45|49|47|45|295|43|40|
2015-01-01|2|1_CTs|ct3||12|15|5|10|6|12|12|32|36|30|9|10|15|14|13|23|29|26|47|61|49|70|58|54|65|56|65|77|77|42|317|65|57|51|45|54|50|44|44|45|63|47|74|91|109|94|124|124|104|139|383|150|142|122|129|129|129|137|146|161|171|133|185|195|177|421|185|187|450|715|176|210|194|456|181|182|192|196|164|166|197|140|662|136|380|124|123|374|359|91|337|74|80|76|335|74|
2015-01-01|2|1_CTs|ct4||14|13|20|7|24|21|21|29|42|38|23|291|39|320|568|317|44|54|63|50|36|37|49|34|30|43|36|54|55|39|37|46|52|41|40|290|30|25|23|287|34|281|45|56|554|53|62|67|55|83|66|88|85|69|61|338|82|74|92|80|85|92|84|79|82|342|109|90|371|107|129|118|155|211|180|195|168|423|168|151|138|367|361|106|352|79|355|87|56|53|324|61|53|78|75|57|
2015-01-01|2|1_CTs|ct5||319|320|319|69|98|106|104|115|144|95|337|77|82|119|118|141|93|97|118|112|84|73|124|76|75|87|84|345|86|320|60|60|57|63|51|45|35|44|37|35|50|56|56|95|332|91|100|109|99|116|380|144|645|126|358|128|130|118|144|145|402|397|152|163|425|165|176|183|177|198|234|223|239|274|262|255|468|242|231|474|197|164|158|908|643|389|142|381|366|125|127|111|95|110|121|338|
2015-01-01|2|1_CTs|ct6||29|49|52|305|54|335|78|63|346|74|41|35|33|41|45|67|80|71|61|52|47|41|70|36|33|39|50|42|39|27|25|30|281|14|272|275|10|16|11|11|16|16|17|24|17|32|27|33|22|283|21|36|26|19|18|22|39|22|30|39|27|29|29|30|29|42|308|39|30|53|306|69|60|55|51|53|56|46|45|60|50|44|301|40|42|40|36|43|33|33|36|34|33|32|31|22|
2015-01-01|2|1_CTs|ct17||2|2|270|12|4|3|5|8|12|13|10|16|8|11|8|265|12|22|296|67|55|74|50|61|49|45|58|348|91|53|67|71|75|82|326|66|56|44|61|49|78|67|83|597|116|364|124|136|354|136|144|415|129|268|250|152|395|130|151|176|184|425|195|702|448|202|167|196|450|179|184|174|200|203|211|456|469|192|182|185|187|169|413|166|391|136|133|121|120|87|103|74|89|72|343|74|
2015-01-01|2|1_CTs|CT19||12|4|14|270|10|15|7|13|23|13|14|19|17|20|15|13|318|74|75|300|16|269|25|17|18|281|17|26|20|16|16|16|28|24|22|18|15|22|17|18|32|262|33|281|41|47|286|56|298|67|323|58|336|504|119|68|57|57|326|74|79|73|104|846|351|348|333|103|349|352|866|624|108|130|123|109|376|362|98|353|100|86|75|338|67|69|85|65|57|44|66|39|37|282|34|30|
2015-01-01|2|1_CTs|CT20||43|33|45|57|333|54|71|595|66|75|75|332|329|71|76|58|66|33|40|37|32|29|269|21|282|21|32|279|25|24|286|23|327|227|16|25|24|15|25|275|18|27|23|30|294|39|45|45|550|46|51|315|50|47|309|313|53|45|312|70|66|59|75|317|73|78|66|71|60|75|76|334|86|82|599|74|71|51|71|75|571|64|67|311|49|46|33|34|39|47|40|47|42|296|287|39|
2015-01-01|2|1_CTs|CT21||263|27|27|549|36|29|41|38|39|34|294|311|27|26|15|17|23|13|17|18|17|16|16|252|15|9|15|15|270|14|266|13|18|7|11|8|250|6|17|16|15|21|243|279|26|29|37|285|39|296|46|46|41|27|41|33|290|37|38|45|52|39|36|46|310|57|57|54|306|39|59|43|57|309|57|24|38|27|283|555|30|43|33|36|265|20|12|15|23|30|18|18|22|22|17|19|
