2017-02-14|2|1_CTs|ct1||55|48|40|35|25|17|27|18|13|16|8|10|13|14|10|6|7|269|15|11|18|26|31|31|46|48|55|96|100|123|142|159|421|903|398|403|163|149|413|151|174|183|182|221|189|420|697|210|191|1|136|189|214|458|190|177|185|172|452|201|207|700|197|203|422|174|429|141|411|166|144|381|398|135|411|168|154|450|443|452|461|275|871|198|191|182|175|132|143|371|137|368|358|361|101|102|
2017-02-14|2|1_CTs|ct2||30|31|23|18|15|22|15|9|10|7|6|8|11|9|6|2|4|7|7|3|8|9|17|17|24|21|21|38|282|38|41|55|64|308|51|320|71|316|322|69|94|92|89|103|95|108|348|90|107|606|115|96|99|82|92|338|362|92|356|84|361|364|111|137|104|101|96|95|350|85|90|73|830|321|598|72|68|343|91|81|99|608|109|103|98|94|86|149|257|325|78|59|87|326|329|297|
2017-02-14|2|1_CTs|ct3||47|28|29|27|17|10|15|21|10|14|6|8|8|10|11|6|4|8|8|6|10|16|25|262|29|24|34|62|67|80|87|86|370|350|94|89|107|101|96|83|108|131|119|140|143|154|392|407|168|130|398|145|135|134|131|378|366|117|134|380|389|149|136|138|131|119|142|104|110|625|132|105|343|107|347|115|126|366|135|119|123|394|121|505|480|373|111|361|333|75|88|72|329|62|70|69|
2017-02-14|2|1_CTs|ct4||26|17|10|12|9|7|256|16|8|10|10|5|7|7|5|7|6|3|7|264|8|3|8|11|4|7|8|26|268|23|28|14|57|42|44|53|61|40|308|46|48|12|74|62|72|79|71|76|73|70|89|57|76|316|68|82|79|58|65|334|45|72|83|56|68|68|84|329|335|76|94|326|68|65|45|51|57|43|47|62|40|51|41|309|51|31|35|40|38|45|46|47|37|66|44|46|
2017-02-14|2|1_CTs|ct5||86|71|59|40|35|25|34|34|36|24|17|13|16|20|23|16|16|11|15|12|18|11|29|20|21|38|32|300|301|69|358|116|405|146|177|195|169|177|163|172|187|207|171|172|192|198|189|490|239|464|208|198|213|423|188|192|195|466|220|194|223|523|235|226|433|477|247|206|489|696|447|172|160|667|365|156|178|394|146|146|160|231|307|150|148|150|155|150|134|129|394|135|395|176|399|396|
2017-02-14|2|1_CTs|ct6||302|51|63|31|31|29|36|38|26|19|15|14|18|14|18|12|8|11|11|15|18|13|21|277|21|26|42|40|311|46|77|339|85|119|353|116|116|115|364|116|120|123|137|146|148|389|156|170|421|140|180|426|415|399|136|140|159|173|169|176|440|193|186|452|458|197|468|435|176|429|178|145|141|136|211|302|133|365|115|383|137|356|143|120|109|127|135|137|375|143|138|665|394|415|389|651|
2017-02-14|2|1_CTs|ct17||80|328|58|61|315|37|57|52|507|37|281|23|23|28|24|21|13|19|17|273|17|47|48|32|40|44|61|85|84|114|392|156|405|180|430|191|693|203|200|699|191|238|234|249|484|254|242|491|519|490|224|495|240|468|224|244|475|231|223|733|502|276|238|232|255|283|252|236|242|464|235|214|442|460|230|459|218|495|213|401|287|472|193|231|173|176|150|159|175|156|385|668|130|131|130|376|
2017-02-14|2|1_CTs|CT19||30|25|21|19|20|10|21|17|14|15|9|2|8|9|5|4|4|4|6|9|9|12|13|9|9|12|26|33|47|44|67|73|79|850|81|338|75|50|42|310|82|139|623|607|103|123|349|595|132|137|122|116|104|821|157|113|123|370|116|114|138|383|644|366|153|366|122|355|137|369|121|397|607|146|205|552|126|134|342|107|105|113|601|328|79|86|73|563|63|60|321|57|307|57|46|61|
2017-02-14|2|1_CTs|CT20||45|45|28|29|21|27|275|17|23|20|274|7|10|8|12|13|4|3|8|11|13|9|9|11|267|10|19|25|32|34|43|63|76|78|593|861|588|80|350|332|75|70|77|74|81|82|85|292|79|85|322|84|328|289|118|72|78|75|79|79|78|96|332|93|87|337|87|76|82|73|80|74|82|85|348|83|106|93|341|91|78|81|79|70|69|53|310|289|315|53|58|317|63|65|311|316|
2017-02-14|2|1_CTs|CT21||16|26|11|7|5|12|7|10|14|11|9|3|2|4|5|3|2|2|3|7|5|5|7|5|7|8|9|9|22|16|276|304|46|58|44|58|52|45|50|40|40|33|37|38|49|36|274|44|42|284|39|311|43|47|40|271|40|45|46|45|46|56|65|50|49|532|300|303|46|46|48|49|39|42|307|60|57|291|305|158|172|274|309|42|29|28|21|35|21|26|287|35|34|44|38|33|
