2016-03-19|3|1_CTs|ct1||85|66|66|49|49|48|21|23|29|34|31|20|15|15|18|13|7|8|7|12|11|13|15|17|17|18|24|292|32|39|44|56|64|60|84|98|85|355|360|135|135|119|137|385|114|110|145|147|127|441|167|176|186|198|184|180|168|131|675|158|148|167|170|160|191|175|164|146|168|174|155|155|164|171|144|397|131|139|396|142|388|143|424|179|202|195|129|340|71|325|83|74|333|63|90|340|
2016-03-19|3|1_CTs|ct3||138|357|123|77|89|572|70|38|40|62|50|35|28|32|40|32|29|26|281|33|33|27|26|33|304|46|307|64|304|68|104|91|83|336|368|118|124|140|398|180|702|143|196|442|171|174|211|478|955|177|208|477|211|713|205|246|207|455|230|430|182|197|224|450|722|493|232|215|209|207|215|190|473|191|186|172|186|725|223|204|209|745|482|265|255|241|216|165|107|142|111|126|155|382|132|409|
2016-03-19|3|1_CTs|ct5||181|190|218|489|211|134|352|99|80|80|65|61|51|51|295|291|44|28|36|26|28|270|23|33|26|33|27|46|46|51|52|318|72|76|350|126|128|379|139|143|394|141|158|168|165|425|438|420|471|454|207|183|234|265|267|222|180|181|178|197|183|220|483|204|231|758|263|269|197|453|264|248|261|507|777|492|236|503|249|254|213|175|174|168|147|134|422|142|120|136|134|144|163|178|166|150|
2016-03-19|3|1_CTs|ct6||21|9|14|8|4|9|10|12|3|4|6|6|1|2|4|2|4|1|5|4|3|1|3|2|6|7|8|3|6|12|11|23|5|10|13|21|18|23|21|19|30|26|30|32|23|31|25|287|31|30|43|33|36|55|48|43|22|36|29|33|36|41|40|50|40|32|38|42|42|46|39|41|50|48|41|284|30|38|42|291|36|34|30|284|30|22|282|26|20|18|18|24|25|18|21|23|
2016-03-19|3|1_CTs|ct7||128|176|165|1150|387|133|367|110|100|99|84|80|78|323|59|68|316|62|79|42|46|40|32|304|47|53|35|302|46|44|308|53|63|315|59|69|86|85|333|101|115|124|106|356|112|129|114|129|145|131|134|138|362|156|391|138|122|139|411|129|625|126|134|161|167|191|178|187|353|70|331|91|345|115|137|164|666|125|156|173|163|133|381|144|133|137|145|411|131|127|123|130|154|158|130|131|
2016-03-19|3|1_CTs|ct8||82|110|406|361|110|67|571|67|54|60|49|40|42|34|30|38|29|31|32|33|22|16|17|36|23|27|17|28|29|28|23|36|38|294|34|550|60|52|59|72|75|82|60|85|76|79|71|79|350|322|86|91|311|293|127|86|84|91|360|80|73|83|82|84|114|124|127|128|106|111|372|158|394|120|118|128|633|122|352|114|115|346|96|93|93|91|96|374|106|89|87|94|95|91|77|78|
2016-03-19|3|1_CTs|ct9||91|128|102|386|96|352|61|150|273|96|88|84|73|74|572|71|42|320|320|43|62|37|29|24|31|50|57|45|56|59|103|443|1407|236|423|737|356|428|1128|511|1035|381|638|1135|141|1224|1022|659|686|280|2111|250|286|304|217|1517|1575|3421|1531|2244|2799|1407|2460|2040|1964|560|632|633|288|225|708|468|379|251|771|498|157|435|691|203|694|423|164|138|109|154|389|563|245|363|117|111|121|139|147|127|
2016-03-19|3|1_CTs|ct10||107|101|118|113|120|124|115|120|89|98|97|78|93|84|92|70|89|60|79|79|56|50|57|59|39|60|48|45|42|43|42|45|45|52|63|64|70|66|73|77|77|82|97|104|96|119|107|135|125|114|122|138|142|176|119|123|124|116|111|114|107|126|151|118|119|127|120|145|157|158|154|162|162|158|158|133|127|123|117|135|130|127|145|101|103|99|103|97|81|107|118|118|90|103|89|109|
2016-03-19|3|1_CTs|ct13||210|209|256|284|251|747|180|190|202|180|443|137|189|158|390|154|146|120|168|147|113|114|390|126|100|375|418|1270|112|155|382|126|379|144|669|177|193|192|424|190|418|242|196|212|214|215|450|512|549|248|245|509|285|430|1397|512|550|333|649|526|290|731|693|550|369|691|490|744|603|844|429|531|721|516|1469|794|1402|1025|714|1159|1355|1442|2166|1913|354|352|228|357|696|474|259|248|239|287|348|493|
2016-03-19|3|1_CTs|ct14||59|45|56|42|49|291|30|116|187|14|20|14|11|19|16|7|12|13|12|8|11|13|16|17|21|19|32|313|316|73|102|356|80|97|129|159|168|165|170|202|408|426|146|170|146|139|161|177|163|184|178|222|190|177|429|165|138|669|172|174|154|171|198|681|448|190|210|208|718|224|220|199|182|171|448|199|163|174|431|466|190|205|166|408|133|359|102|92|98|84|92|78|93|106|109|85|
2016-03-19|3|1_CTs|CT16||116|99|112|136|84|386|96|87|93|87|313|55|66|75|77|58|46|51|308|46|36|38|296|27|49|65|57|56|66|52|47|53|73|61|77|81|127|123|365|371|126|111|348|128|110|158|398|385|386|143|159|156|147|152|167|154|116|394|130|145|110|120|427|430|425|452|172|678|446|185|701|192|461|198|204|168|165|162|191|424|152|150|126|97|107|104|107|101|127|115|118|97|143|109|140|111|
2016-03-19|3|1_CTs|ct18||140|115|164|137|137|158|139|129|113|122|124|96|117|111|122|85|92|75|94|91|68|60|63|71|62|79|65|71|58|65|71|71|70|70|101|101|115|105|115|115|130|124|151|146|145|172|166|152|170|172|202|203|201|205|216|160|162|163|157|180|171|167|222|177|194|174|210|215|192|208|223|206|209|249|222|180|194|175|177|190|183|181|195|151|166|154|134|128|127|159|162|152|125|146|130|129|
2016-03-19|3|1_CTs|ct19||1|2|0|0|0|1|3|0|0|0|0|1|0|0|0|1|0|0|2|1|0|0|2|3|3|1|4|3|6|3|2|10|3|5|4|5|5|3|4|3|2|6|4|2|6|2|3|5|0|9|3|5|2|6|4|4|1|5|3|3|3|6|0|4|2|8|5|6|8|3|4|3|4|5|2|5|8|3|7|5|14|1|4|6|3|1|1|2|1|0|2|0|0|0|1|3|
2016-03-19|3|1_CTs|ct20||0|0|0|0|0|0|0|0|0|0|0|0|0|0|0|0|0|0|0|0|0|0|0|0|0|0|0|0|0|0|0|0|0|0|0|0|0|0|0|0|0|0|0|0|0|0|0|0|0|0|0|0|0|0|0|0|0|0|0|0|0|0|0|0|0|0|0|0|0|0|0|0|0|0|0|0|0|0|0|0|0|0|0|0|0|0|0|0|0|0|0|0|1|0|0|0|
2016-03-19|3|1_CTs|ct22||6|8|1|3|8|5|1|0|1|2|3|2|1|4|0|4|2|3|2|3|0|5|1|1|3|1|1|2|4|2|5|2|2|3|4|6|6|6|9|8|5|12|10|10|13|19|11|24|17|18|19|14|15|15|12|10|16|12|9|12|14|18|18|17|19|16|12|17|8|13|8|10|8|20|13|7|13|8|6|12|11|11|9|10|14|7|8|11|13|13|6|6|7|19|22|9|
2016-03-19|3|1_CTs|CT23||462|166|87|87|138|358|73|41|62|49|56|41|37|35|26|38|33|286|21|27|22|14|31|22|23|24|41|34|43|66|65|86|87|84|373|164|96|146|398|185|214|199|220|201|203|459|201|532|277|550|338|615|345|908|343|290|263|263|229|269|217|551|261|307|330|305|259|523|341|351|289|313|320|351|299|297|266|276|235|261|245|198|202|244|282|221|430|171|156|137|423|430|403|155|233|197|
2016-03-19|3|1_CTs|ct24||270|226|213|451|169|147|141|110|355|79|330|60|70|69|60|301|40|311|314|56|57|84|316|316|120|130|404|242|227|587|428|927|387|481|829|1469|670|750|806|1097|991|790|1000|1022|768|1005|1056|1026|785|790|830|1137|886|1343|824|1033|899|758|999|981|748|832|783|853|1327|1367|868|1111|797|852|1077|852|795|827|809|744|748|743|1072|1075|829|1037|1037|686|576|494|445|381|386|347|335|584|627|656|381|347|
