2012-09-08|2|1_CTs|ct1||94|74|75|58|55|44|39|24|27|26|21|24|23|14|14|13|24|18|15|14|17|6|29|25|19|21|20|29|22|36|50|46|57|52|46|56|59|67|67|71|78|81|78|102|85|104|86|110|102|114|98|86|90|82|83|79|52|86|82|71|64|96|91|71|78|84|99|78|82|76|92|74|84|85|96|82|93|95|82|91|104|113|116|107|112|108|78|85|88|79|81|89|89|73|92|90|
2012-09-08|2|1_CTs|ct2||33|28|31|22|23|17|19|13|18|18|10|10|18|11|14|13|7|12|9|8|7|17|11|11|13|13|7|9|7|10|17|20|11|21|19|22|31|30|32|38|30|36|33|41|33|36|44|50|38|32|34|32|31|45|33|48|44|45|41|23|24|29|31|43|35|40|27|30|42|32|25|37|21|27|27|26|25|25|31|44|30|47|37|41|48|45|23|35|30|31|38|32|26|28|45|29|
2012-09-08|2|1_CTs|ct3||158|146|147|128|92|115|103|60|67|79|66|45|74|50|51|54|48|50|42|27|39|41|53|56|44|48|47|52|48|49|66|76|76|88|80|92|115|122|112|134|128|141|141|156|158|154|177|178|163|184|169|129|162|167|128|166|128|148|145|115|185|170|171|173|165|180|185|160|155|149|156|135|149|166|174|178|147|176|184|199|162|188|150|171|178|167|137|140|162|153|150|151|175|136|185|156|
2012-09-08|2|1_CTs|ct4||83|73|77|65|89|71|50|64|47|40|56|43|34|50|42|42|32|24|37|30|29|21|36|44|24|35|31|38|40|36|34|40|36|54|41|42|52|68|64|91|75|78|79|102|96|96|98|101|122|119|82|114|115|110|78|59|89|81|78|79|79|100|90|100|97|89|85|90|91|112|84|85|90|82|76|86|97|72|66|109|76|66|88|90|81|81|82|75|80|66|82|77|85|89|85|88|
2012-09-08|2|1_CTs|ct5||142|131|114|106|129|112|94|92|77|57|73|68|58|67|66|62|46|43|48|49|40|33|39|45|27|46|41|46|44|46|50|54|48|70|67|65|81|94|109|140|129|111|117|157|161|128|151|153|166|165|155|173|189|156|147|141|129|133|147|132|134|125|154|184|132|170|127|137|156|154|162|138|136|150|141|131|133|140|151|153|151|129|119|153|129|110|137|120|140|132|129|129|149|134|160|144|
2012-09-08|2|1_CTs|ct6||165|126|125|107|130|115|102|100|91|62|63|82|62|71|65|64|39|43|59|40|44|31|30|29|30|33|41|36|33|37|40|37|38|55|18|5|8|8|15|5|7|7|13|6|12|10|13|12|8|21|8|3|18|12|13|8|4|14|15|6|9|12|10|25|21|12|22|9|23|14|24|42|71|12|14|11|45|15|18|133|184|169|139|167|152|112|149|146|138|157|179|153|210|172|181|204|
2012-09-08|2|1_CTs|ct17||151|147|156|133|104|105|114|71|64|87|68|44|60|54|50|58|53|44|42|31|32|28|37|52|36|45|34|56|41|55|54|72|67|73|73|85|100|103|108|129|111|122|151|142|138|138|164|178|164|194|172|163|179|194|153|136|113|133|133|144|159|180|177|192|192|198|189|165|171|155|181|145|149|153|195|166|186|196|235|197|161|153|151|178|154|162|132|129|147|148|138|139|163|130|167|168|
2012-09-08|2|1_CTs|CT19||69|58|56|60|38|38|35|35|32|32|31|26|28|29|19|25|32|12|11|15|18|13|12|19|15|19|12|25|19|25|28|42|37|35|41|48|51|50|59|75|45|70|87|80|73|90|91|95|104|104|91|86|95|83|70|59|60|72|69|74|86|74|105|86|102|87|114|105|82|86|103|88|86|84|105|112|98|104|111|111|82|90|72|81|74|67|86|62|66|73|71|69|84|59|61|89|
2012-09-08|2|1_CTs|CT20||58|71|74|65|58|54|58|50|50|43|38|56|43|51|44|46|32|28|24|24|24|22|22|12|22|17|20|15|24|13|26|29|26|21|36|38|39|48|41|58|66|61|58|61|65|60|74|73|69|69|65|70|64|74|65|64|61|57|69|65|58|63|61|55|70|76|48|60|53|66|71|67|64|88|70|73|61|88|63|80|78|62|78|59|74|68|68|61|57|56|69|40|61|68|71|49|
2012-09-08|2|1_CTs|CT21||29|41|40|26|33|41|30|29|24|33|12|29|14|17|14|20|18|5|10|11|10|6|10|3|8|6|6|7|10|9|10|10|14|12|20|32|24|30|29|42|33|55|45|35|38|55|53|61|45|49|43|58|52|45|33|49|35|28|62|47|35|46|38|42|42|49|27|40|48|44|43|38|47|50|39|44|32|36|46|51|60|46|41|43|36|40|41|30|32|38|41|26|41|39|43|33|
