2011-03-10|13|1_CTs|CT1||24|23|16|7|11|13|3|3|6|11|7|9|13|5|11|1|8|6|6|4|4|2|9|8|9|10|12|13|25|25|54|51|60|81|66|83|80|70|79|66|53|52|67|52|65|53|61|61|59|43|79|68|62|43|62|50|63|78|80|67|73|75|78|60|75|60|81|89|113|102|119|93|123|123|119|113|94|81|101|92|92|69|46|51|47|44|40|26|61|38|39|52|43|34|28|36|
2011-03-10|13|1_CTs|CT2||37|30|35|26|16|15|20|12|10|4|12|5|4|6|3|6|2|5|4|8|16|24|36|41|25|33|56|68|75|102|118|134|142|164|194|201|221|224|185|181|168|192|162|167|141|145|150|136|138|146|124|158|168|179|170|166|177|193|178|186|164|167|191|186|150|150|166|166|171|177|202|187|186|208|160|130|142|129|118|124|145|117|101|93|86|82|71|79|86|84|75|89|103|69|62|50|
2011-03-10|13|1_CTs|CT4||14|12|3|7|1|1|4|3|2|3|2|3|0|1|1|1|0|2|5|8|5|6|10|21|15|11|30|43|40|40|47|69|60|81|77|102|81|102|94|93|70|70|66|46|45|47|56|42|40|56|55|56|73|54|63|55|66|55|60|69|59|59|77|48|50|71|71|71|69|76|76|94|73|92|78|69|50|60|52|53|55|37|40|35|30|37|20|23|29|30|37|29|20|14|18|11|
2011-03-10|13|1_CTs|CT5||55|51|46|44|32|23|20|24|10|15|23|20|16|10|21|19|9|19|18|30|36|27|48|65|71|78|160|220|334|571|824|859|818|798|769|674|605|676|603|521|443|453|346|350|326|303|296|294|288|276|257|251|244|255|278|296|287|323|340|343|325|285|311|285|277|295|274|359|328|359|351|339|376|437|391|355|353|306|300|287|223|201|169|160|133|122|88|97|135|152|132|117|117|97|90|70|
2011-03-10|13|1_CTs|CT6||121|96|78|45|55|41|36|23|27|33|17|25|32|21|30|24|19|21|18|23|30|27|33|27|40|47|54|79|113|167|189|208|256|331|319|323|301|285|235|247|216|196|191|219|215|219|234|242|221|219|228|248|238|215|221|236|268|254|267|266|289|263|287|301|304|380|392|422|541|538|591|553|613|602|563|633|569|526|532|433|416|383|281|263|237|182|203|179|221|217|219|237|235|193|159|132|
2011-03-10|13|1_CTs|CT7||63|49|35|17|16|31|13|8|13|13|10|7|37|3|9|3|5|2|2|2|8|6|7|8|16|11|16|39|31|49|68|64|66|99|90|90|69|69|86|54|58|70|57|56|64|60|42|54|72|51|82|69|78|59|71|52|64|72|74|60|62|115|94|97|115|92|125|123|144|161|172|183|209|232|212|188|193|199|149|130|151|96|91|97|82|79|66|46|67|87|70|69|66|51|49|40|
2011-03-10|13|1_CTs|CT8||0|0|1|0|0|0|1|0|0|0|0|0|0|0|0|0|0|0|1|0|0|0|0|0|0|0|0|1|0|0|1|2|0|0|0|0|1|0|0|0|0|0|1|2|0|0|1|0|1|0|1|0|0|0|0|1|1|0|0|2|0|0|0|1|0|1|0|0|2|0|0|0|0|1|1|1|0|0|0|0|0|0|1|0|0|2|0|0|1|0|0|1|0|0|0|0|
2011-03-10|13|1_CTs|CT10||34|22|22|14|9|10|8|12|14|8|7|3|5|15|11|10|12|21|24|20|13|21|36|50|35|45|80|122|134|181|259|277|257|251|247|262|232|252|257|275|217|173|187|170|146|159|145|123|134|160|152|139|139|135|158|148|154|167|166|171|185|158|165|139|165|167|172|176|163|193|189|207|198|196|195|155|167|136|143|124|127|96|82|86|59|86|79|69|69|77|93|89|49|45|39|30|
2011-03-10|13|1_CTs|CT11||57|40|32|25|20|16|17|4|8|10|11|6|4|7|9|6|10|6|3|6|12|6|14|19|23|29|37|57|54|111|131|172|232|302|299|302|301|264|223|221|166|188|151|166|153|172|138|174|165|164|195|181|198|163|172|180|173|177|188|169|159|178|172|158|184|206|199|196|195|251|225|234|242|265|255|238|170|201|169|163|187|136|115|107|105|78|89|76|83|102|107|88|72|88|51|44|
2011-03-10|13|1_CTs|CT12||34|27|37|23|17|17|12|8|10|7|4|7|5|2|4|4|11|6|8|8|8|14|13|18|25|31|42|48|98|143|174|258|302|326|316|248|238|238|190|197|178|174|184|181|155|135|145|167|165|133|151|142|135|150|171|189|170|163|199|153|167|176|163|148|176|166|168|217|209|225|182|169|186|167|167|146|155|160|143|106|132|116|87|104|79|63|66|61|87|56|49|47|69|58|54|42|
2011-03-10|13|1_CTs|CT13||50|44|37|35|24|21|11|19|11|14|14|3|13|7|4|9|9|15|21|14|25|30|45|48|52|70|109|129|168|236|314|342|345|353|299|300|290|286|273|269|241|233|280|270|229|246|235|244|253|230|241|232|273|236|217|228|223|231|256|275|279|254|253|236|260|270|288|254|301|272|280|257|281|274|276|258|228|230|215|179|201|143|129|118|126|123|158|74|121|127|124|105|92|73|76|57|
