2013-10-17|3|1_CTs|ct1||49|38|34|21|27|18|7|10|11|5|5|1|5|6|4|3|2|1|9|9|4|5|12|18|12|26|34|28|54|52|139|180|209|228|241|234|225|246|217|199|202|160|194|166|142|136|156|151|171|159|171|171|178|150|159|158|162|168|185|177|199|198|183|195|203|198|190|180|222|210|213|226|208|211|219|215|207|189|174|185|197|198|171|208|142|107|116|112|89|105|66|86|86|85|66|72|
2013-10-17|3|1_CTs|ct3||106|42|154|241|471|472|378|485|260|334|353|495|393|332|421|488|502|489|484|403|469|390|263|312|390|123|22|33|29|35|61|81|87|82|176|433|429|441|381|413|116|426|563|437|294|229|210|264|269|240|234|243|247|223|239|231|238|257|257|238|285|272|243|283|262|255|222|247|193|192|232|223|203|224|220|238|142|124|97|106|112|142|522|473|469|537|557|529|356|134|175|406|354|325|455|433|
2013-10-17|3|1_CTs|ct5||181|162|121|135|71|71|38|48|38|50|29|15|14|19|15|18|11|16|13|12|23|11|18|17|25|20|30|38|43|65|109|169|182|233|207|242|224|229|215|183|178|187|175|173|188|182|186|195|199|219|203|227|225|221|204|175|165|198|219|211|212|212|241|250|241|271|241|271|270|308|276|297|291|317|276|278|286|266|268|253|282|263|248|189|184|180|157|173|165|156|147|147|150|164|129|146|
2013-10-17|3|1_CTs|ct6||4|10|5|4|1|2|4|2|3|2|0|2|0|1|0|1|3|0|0|0|3|6|5|4|5|6|9|19|24|37|27|52|82|69|76|73|68|81|69|69|63|48|40|49|48|49|57|50|56|43|39|54|78|62|42|47|38|59|76|55|50|41|46|42|44|67|51|53|49|50|66|72|67|67|74|89|79|58|59|57|58|31|42|41|33|20|23|21|19|21|25|22|26|13|21|13|
2013-10-17|3|1_CTs|ct7||172|164|143|121|93|65|61|65|55|53|48|27|40|63|29|25|22|26|24|42|26|27|23|58|40|36|44|49|50|65|81|94|104|127|126|141|142|136|143|138|148|150|158|173|187|177|152|150|195|188|175|172|175|148|164|147|143|168|170|173|174|187|168|178|181|174|184|184|179|170|178|159|169|138|105|144|167|163|159|173|173|157|150|137|128|131|130|111|120|124|128|142|137|139|119|116|
2013-10-17|3|1_CTs|ct8||96|104|75|55|56|43|49|26|25|27|26|19|25|16|19|13|14|21|22|16|16|18|18|26|22|28|25|39|37|32|44|44|51|69|62|84|87|80|93|80|101|97|99|130|126|114|99|99|136|106|109|110|109|89|107|95|89|100|110|129|105|108|101|122|108|110|93|125|111|107|114|100|121|128|131|112|112|103|114|116|104|99|88|95|92|78|73|75|65|74|80|87|93|85|78|63|
2013-10-17|3|1_CTs|ct9||76|91|91|63|69|59|52|39|46|37|33|26|37|41|23|34|27|34|21|16|20|17|28|23|29|25|44|40|53|84|112|164|202|222|246|245|255|232|176|232|174|169|167|147|149|165|190|134|148|147|130|136|147|138|152|152|149|182|163|162|170|179|164|158|171|158|158|190|211|200|181|192|197|211|215|204|203|200|190|195|221|174|152|128|131|125|119|105|97|103|115|76|93|91|82|104|
2013-10-17|3|1_CTs|ct10||81|65|69|58|54|49|45|36|36|33|26|18|26|17|23|22|32|19|17|17|18|25|19|25|22|21|23|31|38|51|72|97|137|139|176|160|151|164|159|148|133|121|125|128|124|114|128|126|132|121|135|128|138|123|125|128|120|139|147|139|142|140|152|128|152|153|132|164|159|159|163|157|156|167|156|152|166|149|156|161|129|121|133|107|124|108|93|110|95|108|95|93|90|109|117|99|
2013-10-17|3|1_CTs|ct13||218|194|167|131|144|124|97|107|64|95|84|43|67|64|77|52|68|71|62|43|56|51|71|80|104|91|106|122|113|116|140|193|182|225|234|222|221|1238|390|606|366|340|360|214|162|329|595|429|222|800|216|280|238|274|219|271|263|273|256|250|257|272|237|242|274|221|217|232|237|232|191|243|234|228|186|200|212|177|202|204|227|222|211|228|216|253|229|239|238|264|212|208|240|249|227|221|
2013-10-17|3|1_CTs|ct14||47|36|34|20|15|16|9|12|5|10|8|6|5|8|3|3|4|5|8|8|10|12|18|24|20|38|60|103|175|256|310|291|295|299|307|305|297|302|292|277|246|215|207|213|211|167|173|188|155|155|158|174|173|150|167|185|190|212|209|193|180|171|167|166|137|180|179|161|169|245|218|257|233|247|271|254|261|237|242|164|194|184|145|121|109|99|103|86|89|95|85|83|66|59|54|43|
2013-10-17|3|1_CTs|CT16||91|74|67|48|71|55|51|27|24|20|33|27|51|40|25|29|55|29|19|38|41|31|52|18|31|24|32|30|57|65|90|116|169|183|147|178|171|153|173|162|157|164|140|150|165|158|161|130|121|181|154|163|136|143|110|122|115|131|156|148|139|156|161|152|196|154|160|166|194|176|180|203|262|214|163|221|219|226|195|172|167|157|129|120|133|108|114|109|101|103|125|98|75|121|138|106|
2013-10-17|3|1_CTs|ct17||78|50|48|37|45|43|31|25|20|21|22|15|16|18|20|15|10|17|11|19|11|18|23|23|25|28|37|47|54|69|135|212|285|297|351|346|326|341|284|264|230|222|189|194|188|180|206|187|201|212|212|210|209|199|188|193|194|238|219|228|212|206|209|212|227|205|248|233|220|258|215|231|206|232|222|235|243|217|227|181|183|188|152|164|131|139|129|104|129|106|95|94|90|114|110|93|
2013-10-17|3|1_CTs|ct18||103|78|84|70|61|60|52|45|39|33|36|28|37|26|27|32|33|29|18|22|23|33|27|31|36|33|42|30|62|85|127|174|243|235|250|256|249|217|232|233|204|200|172|178|187|156|215|170|174|150|162|171|165|177|191|174|164|169|179|173|192|171|170|209|183|191|181|151|187|209|196|168|214|197|198|199|233|227|210|177|179|177|186|148|161|150|129|129|128|148|121|127|113|129|133|120|
2013-10-17|3|1_CTs|ct19||1|2|0|0|1|3|2|0|0|0|0|0|0|0|0|0|0|0|1|0|0|2|2|1|5|5|6|9|10|10|10|4|6|11|6|6|8|6|10|6|8|9|9|5|3|5|8|7|5|9|11|5|7|6|7|7|8|5|8|6|5|6|8|5|4|7|6|12|9|5|12|6|6|12|5|9|5|9|6|13|7|7|8|2|6|5|5|4|1|2|2|1|1|1|0|2|
2013-10-17|3|1_CTs|ct22||6|6|4|1|0|1|0|1|1|1|0|3|1|2|3|1|2|0|4|1|1|1|0|1|4|2|1|2|4|4|14|16|14|13|24|22|18|21|19|27|28|24|23|27|21|25|25|23|12|24|29|25|11|23|22|22|20|23|25|27|22|23|26|25|18|24|37|37|50|53|49|44|62|57|67|52|57|44|38|31|25|18|17|16|12|9|15|8|6|4|9|6|11|4|15|21|
2013-10-17|3|1_CTs|CT23||118|110|77|80|60|30|27|31|21|15|8|18|8|11|8|7|11|5|8|9|4|5|13|14|26|16|26|39|60|69|157|221|243|281|325|322|279|278|235|259|195|206|214|198|191|165|188|189|262|240|254|282|275|242|179|228|211|241|207|248|267|240|229|257|261|307|320|334|367|435|420|404|430|442|431|424|372|313|300|313|325|287|318|303|248|188|203|174|210|197|153|161|121|146|118|147|
2013-10-17|3|1_CTs|ct24||177|134|148|85|69|60|43|48|28|35|48|27|25|37|20|28|25|32|34|46|56|60|87|112|133|186|290|464|687|895|980|937|922|927|955|954|813|845|904|1011|929|870|801|799|835|767|796|771|747|755|806|830|813|759|701|702|783|848|833|840|777|750|796|786|710|749|773|774|756|849|837|962|921|966|973|931|933|843|821|739|785|712|618|586|450|406|403|357|365|346|315|303|293|292|252|219|
