2014-09-28|2|1_CTs|ct1||118|134|107|98|92|99|71|69|53|54|67|38|44|41|35|28|29|32|24|20|32|20|21|18|29|27|29|43|36|35|50|56|60|61|66|6|3|1|3|2|74|121|101|131|135|130|122|136|133|140|147|141|128|133|162|126|113|132|144|141|144|179|174|154|158|196|174|183|167|157|167|128|171|141|141|130|151|134|155|141|114|124|128|103|98|86|101|98|93|76|88|91|60|55|69|67|
2014-09-28|2|1_CTs|ct2||63|61|64|65|43|59|54|43|36|34|37|21|25|19|23|25|28|22|26|16|26|19|17|15|18|16|21|23|19|15|19|28|35|28|31|4|3|1|2|0|49|54|37|53|54|54|60|43|57|39|49|52|56|46|57|67|49|53|56|67|71|66|79|57|65|72|77|60|49|70|67|47|83|42|68|44|56|52|70|65|68|58|74|52|59|48|43|48|51|47|53|61|51|38|52|49|
2014-09-28|2|1_CTs|ct3||163|157|157|144|127|124|88|98|75|88|94|71|59|53|45|40|46|43|55|28|45|34|35|31|31|26|27|49|37|34|45|47|57|63|68|28|30|30|43|34|62|140|114|124|115|141|121|126|153|144|153|114|149|110|147|145|120|138|152|145|151|169|190|161|144|170|178|186|171|156|160|133|140|142|136|152|161|136|134|139|132|137|125|105|108|102|80|108|87|86|87|101|76|52|90|78|
2014-09-28|2|1_CTs|ct4||78|98|92|63|87|84|63|58|63|59|37|46|53|50|50|54|41|46|46|49|35|25|37|32|36|26|29|43|35|29|26|25|39|28|40|44|42|50|41|76|41|92|99|97|89|102|105|128|116|110|122|106|129|119|114|107|119|119|131|122|120|137|139|121|171|139|141|124|120|128|134|143|113|126|104|94|103|98|94|95|94|83|62|90|78|61|59|74|57|53|67|67|84|57|61|62|
2014-09-28|2|1_CTs|ct5||144|230|172|175|165|163|133|124|137|108|78|87|92|85|70|95|84|71|82|67|66|55|68|54|39|52|38|54|56|37|43|45|50|41|60|57|61|66|61|102|93|122|147|143|135|144|155|185|189|153|181|160|192|162|182|151|178|180|197|195|201|185|226|186|206|210|228|211|174|217|201|187|169|180|166|162|150|170|171|151|157|155|118|132|125|119|113|117|109|100|87|110|127|85|107|91|
2014-09-28|2|1_CTs|ct6||35|56|71|56|46|46|42|39|41|30|31|31|24|28|27|34|31|35|33|24|31|24|23|17|19|19|17|14|16|13|16|15|17|12|18|16|16|13|14|18|18|33|35|33|25|27|37|33|33|30|35|33|29|34|39|29|44|35|32|40|38|38|46|40|33|45|43|46|44|42|40|38|37|44|42|42|34|41|41|39|34|32|31|42|41|34|42|40|43|30|34|27|31|31|25|30|
2014-09-28|2|1_CTs|ct17||174|5|0|0|2|0|5|1|4|4|0|4|0|1|2|0|0|0|1|2|0|0|1|30|38|41|42|43|42|42|50|60|62|65|82|59|47|55|61|74|55|184|151|157|163|157|195|176|203|190|195|177|181|162|202|176|167|185|194|214|195|209|241|214|214|218|235|237|212|209|195|183|175|231|166|182|186|174|141|185|147|170|156|137|107|124|101|116|99|103|86|95|91|68|90|84|
2014-09-28|2|1_CTs|CT19||74|35|25|25|26|22|25|13|16|20|20|19|30|22|13|19|4|13|5|12|10|9|7|12|8|13|13|19|13|16|16|18|29|20|21|24|18|27|48|44|26|106|80|73|59|73|68|80|88|93|98|83|93|75|87|90|70|88|85|95|92|125|112|121|133|104|131|149|127|116|111|93|97|108|83|88|92|96|80|84|68|74|59|55|37|51|47|57|63|21|43|42|37|26|43|32|
2014-09-28|2|1_CTs|CT20||68|84|68|102|95|104|69|83|76|75|68|36|61|60|59|66|38|32|39|38|25|21|21|20|16|12|12|14|14|14|5|11|19|30|23|24|29|29|18|34|43|48|35|43|38|44|52|49|42|49|43|42|44|56|38|50|45|51|60|48|44|56|56|47|61|60|55|53|46|45|45|53|55|46|70|69|69|73|64|74|66|60|58|56|48|46|38|41|42|41|49|36|53|45|35|37|
2014-09-28|2|1_CTs|CT21||42|35|38|41|32|46|31|23|29|25|16|16|15|14|13|11|10|9|12|11|12|6|13|9|9|12|7|6|3|9|0|7|7|18|12|14|20|14|22|37|32|39|38|41|32|46|41|36|39|38|44|43|39|47|39|40|42|60|39|30|41|49|39|48|43|52|52|41|44|28|45|45|61|32|40|37|41|40|31|39|36|32|35|28|28|21|18|19|23|21|30|16|18|20|21|18|
