2012-01-19|6|1_CTs|CT1||0|1|0|1|1|0|0|1|2|0|0|1|0|1|0|1|1|3|1|1|2|2|5|8|5|13|6|6|7|7|7|12|32|15|10|8|13|6|9|7|5|6|6|7|11|2|7|5|4|7|8|6|8|10|2|10|6|6|4|5|7|10|3|6|7|7|8|10|7|6|8|6|3|7|4|7|8|7|3|6|5|3|3|2|3|1|2|1|1|3|8|32|13|4|2|2|
2012-01-19|6|1_CTs|CT3||20|7|6|8|1|0|6|1|0|3|2|0|2|2|2|4|4|5|2|11|16|13|21|25|22|40|40|33|44|61|45|69|84|99|125|118|82|56|74|69|20|55|70|67|57|44|30|38|37|47|39|43|43|58|46|53|52|44|62|60|53|55|46|53|58|74|55|74|74|53|62|52|59|70|83|69|64|76|49|28|19|26|22|32|30|29|27|16|29|14|27|14|18|14|11|17|
2012-01-19|6|1_CTs|CT4||3|7|12|5|3|2|5|6|3|2|1|2|1|2|1|2|0|1|0|1|0|1|1|2|2|2|4|4|5|12|15|3|48|42|22|22|23|34|30|30|13|29|30|25|24|32|30|33|24|24|31|22|35|45|33|32|39|25|26|35|39|32|35|31|39|27|48|39|51|47|62|48|45|47|58|48|53|37|40|33|29|26|24|20|26|21|22|18|21|6|15|17|11|10|14|6|
2012-01-19|6|1_CTs|CT5||20|24|17|12|18|10|5|5|17|5|5|6|7|6|3|5|3|2|7|3|6|6|6|10|9|13|16|15|22|22|38|42|45|60|66|76|72|77|61|66|25|86|69|64|64|59|52|55|65|75|75|64|53|62|64|71|58|63|82|71|88|84|67|78|81|73|65|58|73|62|55|57|82|74|81|63|66|54|47|60|44|59|43|43|31|35|33|34|31|39|30|27|27|22|30|30|
2012-01-19|6|1_CTs|CT6||18|17|13|14|18|11|10|3|5|7|6|6|3|4|6|4|5|6|3|4|6|14|7|12|17|21|14|16|36|44|72|110|147|163|180|191|179|156|123|123|27|117|91|124|94|99|102|97|96|100|102|86|95|100|107|99|136|127|133|101|116|101|99|114|129|121|113|127|143|154|118|111|133|121|134|118|135|119|126|88|103|116|100|73|81|76|73|46|71|76|65|65|58|45|45|34|
2012-01-19|6|1_CTs|CT7||6|7|2|6|0|1|1|1|2|0|0|1|1|1|0|0|0|1|0|0|0|0|1|4|3|2|6|5|4|9|12|19|39|37|29|41|30|27|38|24|12|24|29|21|27|22|16|25|23|14|24|21|26|26|20|27|24|23|23|28|33|24|22|24|21|25|24|23|30|42|29|41|35|36|39|28|19|8|22|18|17|18|18|11|16|11|9|9|4|12|13|4|10|8|2|8|
2012-01-19|6|1_CTs|CT8||49|36|22|23|13|18|16|10|17|10|12|11|21|8|4|8|4|1|9|9|5|14|16|25|28|32|43|55|76|118|137|216|219|222|240|226|210|211|217|176|67|160|154|137|143|131|139|126|139|148|155|154|157|155|148|168|149|179|170|172|146|165|147|130|155|160|169|174|141|176|168|171|188|207|212|195|182|185|172|159|132|112|101|120|116|92|94|76|86|80|73|69|62|53|38|37|
2012-01-19|6|1_CTs|CT9||52|41|32|37|25|23|15|9|9|19|9|7|13|9|2|5|4|10|8|19|14|20|21|34|36|35|48|60|85|118|193|249|296|306|337|373|360|373|282|255|91|272|370|361|337|247|196|192|203|216|222|183|183|222|200|224|215|227|231|232|211|221|252|225|215|254|220|254|276|327|299|309|293|339|360|399|351|378|361|318|225|175|152|135|123|114|126|87|121|117|128|83|76|82|78|47|
2012-01-19|6|1_CTs|CT10||34|25|37|19|14|9|13|15|7|6|12|6|10|6|7|5|4|5|1|3|9|9|12|24|28|35|29|37|58|60|93|171|183|179|181|223|223|214|231|228|99|204|161|132|139|153|157|157|168|131|177|133|131|148|137|143|147|167|171|158|168|168|160|161|180|190|201|183|193|196|220|198|237|258|251|246|230|211|231|195|173|160|110|104|93|96|82|76|69|103|87|71|53|55|35|37|
2012-01-19|6|1_CTs|CT11||33|28|18|11|14|12|5|5|13|13|6|4|9|5|4|4|7|10|7|14|20|20|20|40|35|39|63|79|95|131|225|340|349|349|329|290|308|313|277|240|95|270|250|247|235|199|200|196|201|189|209|216|192|195|188|196|195|189|210|203|215|201|192|188|193|210|204|222|229|264|233|215|191|227|216|220|206|149|181|216|164|138|115|109|107|85|86|61|68|101|95|60|59|48|42|34|
2012-01-19|6|1_CTs|CT12||32|37|29|14|14|10|13|15|6|13|10|5|9|8|7|5|6|7|4|3|10|15|12|26|24|41|34|50|67|76|120|204|264|273|257|273|305|263|280|268|89|221|194|150|172|188|162|172|167|161|187|155|154|188|151|182|181|181|178|182|202|195|193|173|211|226|218|262|250|257|274|295|255|326|343|309|277|247|301|222|189|194|126|120|105|105|98|81|68|88|89|72|64|55|47|35|
2012-01-19|6|1_CTs|CT13||39|34|19|25|15|15|11|8|5|9|4|6|4|7|3|6|2|4|2|8|8|15|17|31|31|33|40|69|61|105|132|188|226|253|250|315|316|232|223|190|66|170|265|237|263|186|147|158|143|154|162|145|148|173|132|188|183|200|159|166|175|170|187|179|171|183|172|193|204|245|237|246|204|296|316|326|284|339|327|181|138|125|115|99|99|71|76|53|57|89|88|67|55|59|45|37|
2012-01-19|6|1_CTs|CT14||25|18|28|12|11|6|8|6|10|4|6|2|7|4|6|9|5|4|4|2|6|10|11|16|20|23|24|25|37|30|41|67|102|99|92|115|142|120|114|123|50|106|115|93|73|109|89|99|98|108|104|96|91|96|84|104|101|96|125|102|100|129|123|121|142|152|117|144|151|156|138|179|161|181|183|172|176|165|174|147|117|115|82|68|58|53|69|58|32|76|91|62|57|26|33|24|
2012-01-19|6|1_CTs|CT15||22|14|10|6|3|4|6|4|3|5|1|1|5|2|5|1|3|3|3|2|6|6|6|15|23|21|23|36|40|65|89|126|195|174|210|221|175|137|124|106|29|96|154|134|134|77|68|73|74|95|76|96|80|75|63|67|80|58|89|68|85|72|62|80|79|83|80|95|90|115|100|101|83|147|171|212|179|174|153|69|64|54|51|43|31|28|31|36|17|29|30|19|19|14|17|15|
2012-01-19|6|1_CTs|CT16||45|34|38|22|21|12|9|9|12|4|11|11|7|7|4|4|2|12|1|1|15|12|9|33|28|29|43|55|75|88|142|235|302|289|246|257|245|259|237|239|86|213|197|167|191|175|180|217|184|154|207|181|187|190|162|195|157|167|189|193|189|185|176|178|183|198|209|215|217|221|229|231|204|243|240|228|178|165|175|157|153|169|135|109|108|106|87|78|73|116|100|72|59|61|41|50|
2012-01-19|6|1_CTs|CT17||16|19|17|15|13|5|8|8|1|8|1|4|5|4|0|3|2|3|5|6|4|0|5|3|5|7|9|6|15|15|17|48|52|59|55|48|55|45|48|49|9|26|53|28|33|53|46|45|59|55|63|49|56|61|53|66|69|58|78|48|52|50|58|45|64|67|56|70|91|84|82|91|85|92|80|95|104|110|117|87|96|83|66|63|50|58|57|43|40|33|40|35|38|29|33|24|
2012-01-19|6|1_CTs|CT18||57|51|49|52|43|23|16|16|26|17|17|11|19|17|7|14|5|12|13|5|12|18|18|26|29|40|54|63|87|104|153|215|284|318|291|314|284|283|289|281|93|254|221|226|236|250|235|223|224|223|253|256|210|239|212|220|201|254|261|267|254|262|257|248|283|288|262|279|312|316|299|300|289|299|332|311|264|270|244|229|203|208|152|157|148|117|119|110|116|134|120|93|97|95|75|83|
2012-01-19|6|1_CTs|CT19||42|28|32|22|23|18|18|11|10|15|6|5|7|6|3|7|3|6|5|10|7|4|9|4|10|16|8|18|24|28|43|122|185|153|142|149|186|151|140|142|39|130|121|113|126|138|131|131|135|156|122|123|147|140|129|140|134|159|123|143|139|140|175|154|156|176|201|177|191|181|192|202|220|231|209|206|223|221|174|158|171|158|124|95|84|78|88|69|58|65|71|46|67|49|49|50|
2012-01-19|6|1_CTs|CT20||30|28|21|11|11|7|5|8|3|1|4|6|7|5|3|4|4|4|1|1|4|8|8|17|16|14|15|35|26|52|63|93|126|136|158|155|150|122|117|127|47|97|102|116|131|36|52|101|93|20|12|99|117|123|76|100|104|106|130|130|5|111|82|136|131|118|144|123|81|75|127|89|171|150|133|145|12|9|143|93|60|88|69|63|46|9|55|51|14|59|64|31|47|41|42|35|
2012-01-19|6|1_CTs|CT21||63|60|41|35|32|20|27|16|11|15|11|9|7|8|7|7|10|17|17|20|26|23|39|40|46|57|82|89|125|197|233|311|327|354|349|355|362|329|289|273|83|267|257|258|259|213|224|197|233|219|241|216|212|176|221|191|220|267|252|239|262|206|245|224|244|266|247|259|244|251|254|255|271|273|310|271|295|323|291|192|184|167|152|143|135|124|119|108|105|104|104|89|92|66|72|67|
2012-01-19|6|1_CTs|CT22||90|74|60|41|39|46|33|29|30|24|26|20|26|17|20|15|23|15|26|34|17|33|52|52|61|80|88|79|96|127|158|188|221|234|297|291|270|273|272|241|88|212|223|225|227|261|242|259|270|267|249|288|260|234|232|223|238|282|246|271|270|275|275|293|288|315|340|355|333|399|332|356|360|356|368|340|313|329|293|298|271|268|183|194|192|180|150|127|156|163|141|133|118|106|113|97|
2012-01-19|6|1_CTs|CT23||47|25|22|30|9|15|11|7|15|10|15|7|15|8|7|7|7|4|5|7|7|14|16|22|21|31|36|56|61|99|113|181|203|254|265|268|224|203|196|186|65|126|132|139|143|144|137|127|132|145|159|147|163|147|154|149|163|169|176|165|153|155|150|157|138|181|194|164|164|196|199|206|221|255|243|236|220|240|210|186|151|138|100|106|102|97|84|64|82|78|81|57|54|58|40|47|
2012-01-19|6|1_CTs|CT24||78|61|51|27|24|20|19|19|17|19|15|25|7|14|8|10|12|23|16|12|15|26|20|27|36|57|56|68|110|125|170|211|243|330|312|314|326|307|306|253|234|253|250|240|240|262|230|280|229|267|248|265|252|253|238|246|279|263|275|279|287|302|266|304|277|316|298|319|356|330|344|356|366|339|403|361|393|351|321|327|315|291|226|204|168|149|131|109|115|138|134|120|119|87|92|82|
