2011-05-28|6|1_CTs|CT1||1|1|1|2|0|1|1|1|0|2|0|1|0|5|0|1|0|0|2|2|4|1|2|8|7|4|3|2|2|2|4|4|5|4|2|5|6|5|2|4|8|7|2|6|5|4|7|6|4|2|1|4|7|7|3|2|1|4|2|7|3|1|3|8|7|9|5|0|8|4|5|2|0|3|3|1|4|3|4|5|1|2|2|1|1|0|4|3|3|3|2|23|11|1|2|2|
2011-05-28|6|1_CTs|CT3||38|27|17|8|12|19|7|7|6|7|7|8|2|9|4|5|4|8|10|16|15|16|18|31|35|48|46|53|43|45|49|56|46|64|47|52|44|38|63|46|48|44|36|36|33|45|39|50|46|56|42|32|44|27|38|30|41|39|33|40|43|36|40|53|41|35|49|38|55|32|48|44|44|25|35|40|30|35|43|29|29|34|21|25|18|17|29|33|34|34|27|21|18|17|34|17|
2011-05-28|6|1_CTs|CT4||9|15|12|11|7|11|4|9|5|6|6|0|3|5|4|2|4|2|0|7|1|3|1|2|4|1|3|4|3|6|7|3|10|11|19|13|18|12|22|26|21|22|18|19|13|21|18|18|21|23|25|11|29|20|23|27|24|11|26|20|16|16|15|23|23|23|18|18|12|22|23|17|0|12|22|18|17|25|20|27|24|17|16|13|15|8|6|8|4|9|15|7|15|12|9|16|
2011-05-28|6|1_CTs|CT5||42|34|34|25|28|25|15|18|22|18|17|10|6|13|11|9|15|11|17|16|13|8|14|11|17|9|20|14|17|17|20|29|24|39|41|46|49|41|39|61|41|42|34|31|52|46|56|62|36|60|49|46|56|41|55|49|57|39|56|52|49|69|52|64|49|61|43|50|54|75|46|57|52|40|35|37|47|43|59|44|45|51|35|31|32|38|28|30|31|31|38|31|29|36|45|30|
2011-05-28|6|1_CTs|CT6||51|33|31|26|20|24|16|12|13|14|10|14|9|10|14|11|8|14|12|10|15|12|7|17|18|15|19|18|15|24|34|33|42|59|70|81|83|71|88|90|80|82|96|105|88|94|111|123|119|124|113|143|108|130|140|121|92|80|90|80|78|94|37|73|92|64|66|53|65|68|87|78|78|70|66|95|69|62|68|66|81|57|61|47|36|49|41|45|51|38|41|41|45|29|44|26|
2011-05-28|6|1_CTs|CT7||7|8|3|5|2|5|3|4|3|3|2|0|0|4|1|5|2|0|3|2|3|1|3|4|3|2|4|4|6|4|9|13|9|23|21|22|20|12|20|11|13|17|17|16|20|18|22|20|21|26|22|10|20|25|22|13|17|8|11|11|14|15|12|13|20|14|11|16|12|17|10|8|7|21|16|20|12|16|10|16|16|14|12|10|10|12|14|8|8|11|10|10|7|4|7|6|
2011-05-28|6|1_CTs|CT8||91|73|64|63|63|50|38|35|28|29|23|27|25|17|20|18|22|23|18|16|18|7|22|23|22|23|34|39|43|68|71|66|69|91|121|118|99|104|114|101|95|101|116|100|114|109|98|112|84|107|97|121|125|116|101|107|99|88|127|112|125|118|99|115|108|86|105|96|101|116|110|96|113|128|118|139|113|110|128|107|85|92|88|80|75|75|82|85|86|92|72|73|62|74|61|62|
2011-05-28|6|1_CTs|CT9||98|73|63|74|42|41|37|34|26|30|26|20|20|22|18|27|19|23|18|23|19|17|32|26|38|40|48|44|60|62|70|109|117|99|121|138|149|164|159|174|133|149|152|185|167|175|173|169|179|193|167|164|206|178|153|144|133|157|136|133|176|182|177|186|186|160|130|161|139|127|148|143|134|139|145|122|145|146|131|114|122|111|94|97|80|69|77|98|84|87|69|63|75|73|72|63|
2011-05-28|6|1_CTs|CT10||59|52|40|39|42|21|27|20|22|30|24|24|19|21|18|13|14|9|14|12|21|15|20|21|28|32|35|33|41|44|60|70|70|70|83|105|104|106|112|117|111|116|120|112|153|138|126|136|133|126|147|128|129|123|127|133|105|111|96|101|110|113|98|123|126|97|142|114|128|115|136|111|109|142|109|110|123|105|122|137|101|109|73|71|65|53|57|58|47|42|54|47|49|55|54|51|
2011-05-28|6|1_CTs|CT11||51|41|44|35|29|25|24|17|12|19|18|23|13|18|15|11|13|10|10|16|16|14|30|30|31|37|39|57|48|67|106|119|111|131|147|185|174|144|160|172|141|166|162|154|180|135|142|153|175|139|159|171|125|121|119|113|104|120|100|149|104|136|102|102|112|146|134|117|105|104|121|111|96|119|119|112|109|113|114|112|119|104|94|79|67|68|60|71|68|87|50|61|65|51|57|40|
2011-05-28|6|1_CTs|CT12||64|52|46|37|39|26|30|22|21|25|21|31|20|26|15|11|12|15|16|18|11|14|27|31|33|22|32|37|48|49|68|70|80|95|100|125|128|113|110|143|124|124|149|136|163|155|126|127|157|156|156|145|149|135|151|102|118|108|83|115|129|106|101|116|109|131|132|129|130|141|126|107|140|142|102|119|117|120|113|117|113|101|82|72|64|58|64|67|55|66|44|54|58|50|57|54|
2011-05-28|6|1_CTs|CT13||209|19|12|16|202|338|156|177|190|327|410|94|510|213|3|54|5|3|10|5|4|6|11|10|15|8|14|16|24|22|21|31|26|29|29|27|37|28|45|42|29|25|34|37|38|126|114|110|104|142|98|97|146|97|81|137|405|222|28|44|33|23|23|29|24|31|31|30|27|31|18|29|30|25|24|29|24|29|25|23|25|20|19|19|17|16|16|27|14|16|20|11|18|14|13|17|
2011-05-28|6|1_CTs|CT14||54|36|44|37|29|17|19|17|15|15|19|20|16|9|11|8|10|6|8|5|9|16|11|20|16|17|26|33|32|20|44|35|44|46|47|35|58|59|65|60|71|81|94|81|92|100|83|84|99|95|84|72|103|71|97|81|76|70|60|83|75|72|80|72|78|100|104|99|83|75|89|68|80|97|67|76|74|85|77|62|69|52|60|57|39|47|54|52|33|47|41|48|48|36|38|42|
2011-05-28|6|1_CTs|CT15||20|20|17|23|14|16|10|11|10|9|10|6|3|9|3|12|8|9|8|8|11|12|13|18|20|8|29|27|27|36|45|52|47|40|55|76|62|62|79|62|63|51|56|79|65|68|79|65|61|56|62|59|61|53|47|41|47|37|51|50|54|34|58|56|49|51|50|37|39|46|55|59|42|45|55|50|45|53|35|52|44|25|28|55|20|27|25|29|31|21|23|27|16|23|30|26|
2011-05-28|6|1_CTs|CT16||53|57|41|39|39|30|33|19|23|20|24|23|19|14|22|18|16|9|12|14|21|17|22|24|26|33|42|46|42|50|80|90|95|112|132|137|134|133|166|124|141|169|156|126|163|172|152|195|160|165|174|170|167|154|129|154|118|131|112|147|137|137|118|134|123|132|132|119|143|130|132|122|117|133|149|145|127|138|117|135|126|129|103|98|81|80|65|79|72|66|72|67|63|50|57|52|
2011-05-28|6|1_CTs|CT17||10|3|17|9|7|7|4|7|7|6|3|7|4|3|5|6|4|4|5|3|1|4|2|3|8|4|7|12|5|10|3|12|16|10|13|25|17|31|14|24|21|16|17|24|31|35|13|27|44|31|28|23|38|20|38|20|15|27|14|28|37|29|25|22|30|21|24|45|27|23|16|18|26|23|35|19|26|26|30|22|22|16|16|29|10|4|6|5|10|5|8|7|7|8|13|8|
2011-05-28|6|1_CTs|CT18||115|107|96|67|61|60|49|51|52|43|44|33|27|31|37|27|25|33|37|30|28|25|31|35|44|38|49|53|44|51|90|74|90|141|138|156|148|141|174|194|172|210|209|204|191|222|211|224|201|236|204|216|218|203|185|175|190|155|188|200|194|201|174|193|163|190|166|160|169|194|176|195|178|190|195|197|168|173|181|168|154|153|122|127|109|136|112|107|123|116|131|91|110|92|116|97|
2011-05-28|6|1_CTs|CT19||63|57|57|43|46|38|27|29|24|23|32|28|24|12|21|23|17|20|23|20|12|14|16|15|19|17|19|22|21|19|28|49|46|29|64|84|91|92|73|87|99|115|106|121|136|129|125|127|140|155|163|138|166|115|146|95|98|85|89|108|122|104|97|136|105|111|90|101|107|117|114|108|138|109|100|101|121|141|117|114|97|62|82|69|39|62|63|63|65|59|62|47|54|46|48|53|
2011-05-28|6|1_CTs|CT20||66|59|34|30|17|18|18|18|10|22|6|14|14|10|10|14|10|11|7|6|14|10|13|19|15|15|16|24|35|24|43|40|38|59|77|74|84|91|90|36|21|56|104|122|114|102|137|91|96|23|20|55|70|107|17|103|74|59|44|98|28|8|20|85|52|53|31|76|53|22|71|31|50|87|98|88|8|3|73|76|55|38|24|68|7|47|31|18|39|22|44|52|50|44|44|36|
2011-05-28|6|1_CTs|CT21||123|112|122|65|66|53|36|25|41|30|28|29|20|20|17|32|27|21|28|27|33|41|32|46|65|69|80|64|70|102|140|131|121|151|183|193|171|189|196|212|188|200|220|186|178|196|163|202|204|183|196|169|191|166|170|163|131|180|191|207|170|177|172|165|177|169|185|193|176|177|186|174|162|151|178|178|176|168|172|179|129|173|162|142|113|102|107|124|138|130|99|90|92|105|101|82|
2011-05-28|6|1_CTs|CT22||158|141|132|100|92|78|68|65|45|75|40|32|48|34|36|42|30|39|53|49|53|47|65|67|72|84|99|100|88|114|147|121|157|151|170|165|163|214|198|224|219|237|233|242|236|225|275|237|266|229|256|273|239|254|233|222|223|233|215|241|229|224|205|235|230|246|250|236|257|260|229|222|187|216|215|198|223|214|195|190|168|160|163|142|137|144|135|134|120|116|118|109|118|125|110|107|
2011-05-28|6|1_CTs|CT23||154|115|108|78|84|71|54|50|35|35|34|32|26|25|23|22|25|23|23|28|30|20|29|35|36|61|62|69|69|103|116|101|128|128|200|196|177|160|213|183|175|181|213|192|170|189|182|204|186|186|170|199|210|188|162|171|161|166|181|185|202|181|165|194|176|174|157|167|185|186|185|169|196|181|183|181|163|188|189|179|122|158|134|135|107|96|133|139|135|135|134|109|89|101|92|90|
2011-05-28|6|1_CTs|CT24||142|128|90|69|72|62|48|44|45|46|31|36|42|38|34|29|37|38|26|37|35|26|39|43|59|45|55|64|54|93|90|108|103|107|130|123|142|147|156|137|147|174|170|181|155|204|200|193|207|169|181|200|218|215|178|184|166|144|167|176|170|186|145|176|192|228|206|203|176|225|214|210|202|249|191|195|195|200|214|206|155|157|148|143|153|128|104|96|114|86|94|95|101|88|88|108|
