2013-06-21|3|1_CTs|ct1||88|57|50|47|36|36|28|15|13|10|18|12|16|6|8|3|8|10|3|8|5|12|16|17|17|24|30|48|55|64|115|154|172|237|229|239|235|234|210|211|218|193|166|189|177|198|183|172|169|170|202|182|187|182|189|157|174|197|208|195|195|197|204|177|172|173|189|192|189|208|194|196|194|204|215|214|229|208|204|195|205|199|206|212|186|212|169|160|135|109|98|99|108|70|83|94|
2013-06-21|3|1_CTs|ct3||168|126|167|103|129|62|185|52|78|216|126|138|247|209|145|101|32|27|35|171|216|210|55|73|57|77|136|104|88|151|221|226|231|252|372|291|289|297|266|284|252|262|258|263|334|232|253|223|257|222|258|264|267|217|231|213|236|264|258|279|350|323|313|306|253|265|291|231|241|259|310|255|216|237|255|259|283|267|281|255|288|280|289|254|263|325|309|268|248|401|357|180|319|156|268|356|
2013-06-21|3|1_CTs|ct5||157|123|111|73|81|65|57|40|40|42|46|23|32|27|27|34|28|30|18|21|14|21|10|27|29|21|27|31|39|49|96|141|170|202|209|220|212|221|212|196|177|204|176|202|179|180|226|205|228|228|229|233|226|240|199|189|221|183|234|218|250|235|261|221|258|239|258|297|267|247|290|275|289|284|290|258|277|251|289|258|275|270|246|194|179|186|129|158|178|180|188|225|203|201|193|246|
2013-06-21|3|1_CTs|ct6||18|7|7|10|3|5|2|1|1|1|1|0|0|1|0|1|2|2|3|3|6|2|4|4|2|9|17|14|15|24|31|46|47|55|73|87|79|82|70|50|51|40|56|36|37|44|41|41|48|46|51|56|53|57|56|51|55|60|53|66|53|56|53|45|61|55|71|62|62|60|68|63|82|69|56|63|84|81|55|74|46|47|29|23|53|61|51|40|40|24|19|17|25|19|34|20|
2013-06-21|3|1_CTs|ct7||149|126|108|98|94|64|63|63|54|62|59|40|37|36|34|24|35|22|25|26|24|24|22|34|27|33|38|37|47|60|77|102|108|143|160|156|148|150|167|160|163|176|165|171|165|196|173|203|199|204|191|181|190|174|174|170|161|194|198|199|194|231|148|177|191|208|115|94|75|79|80|76|65|74|99|147|165|200|158|156|154|168|152|116|142|146|131|131|144|159|204|223|187|194|192|211|
2013-06-21|3|1_CTs|ct9||107|93|102|70|82|70|56|46|33|80|44|49|38|47|39|27|24|35|50|17|24|28|27|22|32|26|25|45|50|66|106|116|157|213|209|222|242|195|208|187|199|166|189|155|165|162|196|179|187|163|160|161|162|132|139|147|137|148|149|150|178|153|161|146|178|158|183|200|157|180|139|166|123|145|159|186|210|189|193|191|199|152|183|151|147|138|156|137|110|134|137|117|107|115|114|110|
2013-06-21|3|1_CTs|ct10||96|98|78|94|73|67|61|56|42|66|50|45|31|23|38|35|40|33|37|38|29|33|19|32|26|33|29|40|33|43|63|76|110|119|155|165|156|155|155|128|142|114|128|132|123|143|124|126|126|141|147|144|133|123|156|132|125|141|137|175|139|137|141|154|164|162|145|167|134|171|151|161|144|146|170|126|165|139|150|145|147|121|132|140|123|97|101|105|111|121|119|128|141|138|132|123|
2013-06-21|3|1_CTs|ct13||0|0|120|703|486|251|453|624|2390|279|270|403|924|358|523|204|147|276|588|1098|222|158|63|127|92|348|535|114|136|108|284|447|515|942|270|338|286|244|386|671|236|218|2269|270|224|672|296|297|437|387|208|174|257|844|301|380|469|628|454|183|130|252|534|552|185|662|279|591|209|183|160|155|298|249|380|420|319|318|189|218|253|990|1742|664|2338|1018|1367|2599|2257|2630|1226|764|1472|801|1332|683|
2013-06-21|3|1_CTs|ct14||48|39|42|38|21|16|7|15|15|7|14|5|10|13|7|7|8|6|11|11|11|16|13|17|28|39|64|100|166|225|272|284|248|283|302|282|303|290|289|288|266|226|215|204|179|186|178|181|175|177|187|194|195|152|142|173|181|180|195|221|198|193|188|182|183|188|175|164|203|211|255|228|220|243|229|243|233|217|208|204|194|175|180|203|185|190|145|107|97|101|80|76|76|74|82|91|
2013-06-21|3|1_CTs|CT16||68|89|88|59|66|62|60|44|36|77|29|50|26|24|21|21|19|15|41|13|15|18|25|30|20|20|17|31|48|59|75|99|103|135|170|178|140|121|127|135|167|151|147|140|164|126|146|135|183|169|145|131|145|157|142|121|149|139|143|136|175|161|148|135|193|194|187|206|155|230|204|242|282|287|232|217|266|228|182|161|182|131|144|128|132|127|132|149|133|94|152|129|108|123|142|101|
2013-06-21|3|1_CTs|ct17||110|100|81|58|62|47|49|32|35|23|31|31|24|20|19|19|25|18|29|24|20|28|26|25|32|36|31|40|46|61|120|171|229|268|287|303|284|317|310|252|223|238|204|223|193|211|168|189|196|203|218|206|208|175|193|205|203|198|208|210|199|226|213|245|244|212|224|203|220|244|229|225|245|239|222|222|219|211|193|222|205|203|199|205|174|159|156|162|155|122|140|142|178|140|148|145|
2013-06-21|3|1_CTs|ct18||116|134|118|110|93|74|83|67|60|79|67|56|34|29|46|43|48|38|39|46|31|13|30|38|39|45|44|56|69|78|116|154|215|202|247|271|288|255|261|205|213|194|178|192|201|199|163|176|176|173|181|178|172|177|205|179|150|182|189|218|170|194|193|188|216|164|199|160|187|198|182|207|196|212|192|204|214|208|176|208|214|193|184|185|186|159|153|187|196|145|173|174|196|182|189|170|
2013-06-21|3|1_CTs|ct19||1|1|1|1|2|2|0|0|0|0|0|0|0|0|0|0|0|1|0|1|0|1|2|3|2|10|6|7|8|7|7|10|10|6|7|10|6|11|10|6|6|5|8|4|9|5|6|4|5|6|6|4|6|12|6|5|9|9|8|10|8|7|9|9|4|10|7|12|4|14|7|8|6|9|6|13|3|9|5|3|6|8|6|7|5|2|3|2|0|2|2|1|1|1|0|0|
2013-06-21|3|1_CTs|ct20||72|55|34|39|26|25|24|31|20|12|23|12|10|7|9|7|7|9|6|15|14|14|11|17|34|24|33|66|70|116|113|159|157|191|198|194|110|30|145|145|123|93|88|159|153|179|131|164|154|137|89|153|149|149|171|102|76|140|136|167|146|169|178|176|173|164|144|174|161|165|119|98|124|94|152|114|107|135|156|106|120|77|51|63|66|69|58|58|61|95|84|102|102|104|109|101|
2013-06-21|3|1_CTs|ct22||9|8|2|5|4|2|4|2|4|2|0|2|2|1|1|5|3|1|1|1|2|4|2|4|5|0|3|6|1|11|5|9|20|24|13|23|18|20|24|22|20|23|32|25|25|21|15|27|20|27|32|29|34|22|19|22|20|21|29|27|33|27|28|41|34|40|31|49|53|55|52|50|56|41|56|42|42|44|36|27|28|27|15|11|14|6|10|8|9|12|7|4|11|12|3|6|
2013-06-21|3|1_CTs|CT23||129|82|95|74|53|42|30|28|43|28|23|14|27|7|9|18|14|7|18|12|14|16|23|17|20|18|39|43|58|64|132|178|226|257|280|304|229|282|249|222|252|204|208|177|164|230|250|187|235|226|225|280|296|300|285|193|223|262|265|240|238|255|284|258|249|302|342|338|357|423|382|402|410|461|451|429|398|400|385|351|316|316|307|240|227|220|199|147|168|211|176|148|160|134|139|179|
2013-06-21|3|1_CTs|ct24||201|191|142|140|86|90|68|87|47|39|49|40|39|39|32|33|32|45|37|49|60|72|81|115|126|169|273|471|604|823|978|933|830|925|998|929|859|832|940|901|908|912|893|847|856|768|816|811|724|762|799|834|791|761|763|746|734|852|899|868|869|829|848|785|802|799|786|792|812|918|877|883|946|920|976|964|897|845|879|852|817|862|801|809|722|677|636|522|420|395|369|377|327|356|359|302|
