2012-08-18|22|1_CTs|CT1||13|11|9|14|8|4|17|7|7|5|4|5|4|5|10|3|8|9|3|7|14|12|12|17|9|16|17|12|14|22|26|27|29|19|24|40|39|40|36|32|29|42|46|48|44|58|49|52|42|44|29|36|44|52|34|25|32|31|39|27|31|30|41|30|50|46|39|33|45|44|61|46|64|73|47|58|49|59|56|54|47|34|38|44|35|24|24|23|25|30|22|22|16|13|19|17|
2012-08-18|22|1_CTs|CT2||47|28|20|13|14|15|19|11|12|12|7|7|7|4|4|7|11|6|6|10|8|17|15|24|23|22|35|27|30|42|44|47|54|42|50|53|56|49|66|58|83|71|77|65|77|88|93|67|85|65|81|63|81|71|65|48|63|59|55|66|63|77|68|48|72|79|70|53|77|65|79|92|73|82|78|62|73|77|70|56|69|56|42|49|41|43|41|51|38|54|57|52|40|53|44|34|
2012-08-18|22|1_CTs|CT3||62|47|39|27|21|21|30|17|23|16|22|7|12|10|7|6|10|12|14|13|16|20|17|25|28|31|37|33|39|52|58|51|71|55|61|74|99|59|83|78|93|98|104|91|112|110|116|91|114|105|103|90|110|97|106|77|85|89|88|84|91|108|90|74|98|109|100|82|100|105|95|126|89|118|120|99|119|104|89|99|94|66|67|58|72|72|63|78|58|62|58|60|56|50|53|43|
2012-08-18|22|1_CTs|CT4||30|21|17|15|11|6|12|11|11|12|10|6|8|9|12|8|4|5|8|8|11|11|13|19|23|20|19|22|24|22|49|27|40|36|48|57|54|73|62|71|69|82|81|74|84|67|81|67|79|91|71|65|60|54|62|62|68|59|56|51|59|76|67|63|68|76|68|78|72|56|86|88|50|78|74|55|66|55|71|68|68|57|53|41|61|47|34|34|29|45|71|85|80|79|49|28|
2012-08-18|22|1_CTs|CT5||30|39|21|17|12|13|14|10|15|9|7|6|9|11|4|12|9|7|7|11|7|15|22|18|20|25|27|26|27|38|38|39|42|44|42|71|65|69|62|80|77|65|99|78|87|93|72|91|96|74|94|80|66|61|68|63|76|67|71|69|71|80|76|49|69|83|62|78|83|62|87|87|64|61|74|65|67|78|71|83|73|65|59|44|51|38|34|38|32|43|63|73|69|76|54|41|
2012-08-18|22|1_CTs|CT6||37|34|20|13|12|8|9|6|9|7|11|5|6|6|4|6|3|3|4|6|8|9|18|19|18|14|23|15|14|26|27|22|28|31|22|37|33|34|39|45|45|46|47|59|66|56|64|53|63|67|57|73|68|42|54|52|38|53|41|55|42|55|39|37|43|57|58|54|55|53|59|74|52|41|62|46|47|54|47|55|54|43|43|27|35|31|26|22|29|31|42|60|65|61|49|29|
2012-08-18|22|1_CTs|CT7||5|5|3|1|2|2|1|2|1|3|1|4|1|1|2|3|1|1|1|2|1|2|2|6|1|4|6|3|6|8|8|11|9|8|10|9|4|9|11|9|13|8|11|8|6|15|13|8|13|13|10|12|9|17|14|8|11|12|5|7|11|15|13|6|6|10|9|12|15|8|5|10|18|7|13|7|6|6|8|5|9|8|5|15|5|7|5|7|5|11|4|4|5|11|7|5|
2012-08-18|22|1_CTs|CT8||18|20|13|12|7|14|9|5|10|4|7|8|7|4|3|2|7|2|8|8|4|6|8|4|5|7|11|7|10|10|11|14|15|16|12|18|24|23|17|25|24|33|21|28|46|39|40|34|46|48|54|54|50|45|42|41|32|30|32|50|24|44|25|15|20|16|16|23|18|17|17|24|18|10|21|15|22|13|19|21|13|13|5|10|8|9|8|10|5|7|4|10|8|12|5|7|
2012-08-18|22|1_CTs|CT9||30|33|21|17|18|20|8|11|8|5|11|4|8|7|6|7|9|8|8|11|8|18|13|27|32|26|29|40|31|50|43|49|61|63|66|88|85|75|83|95|68|66|125|92|91|80|84|95|82|79|93|75|68|68|69|84|77|67|75|66|81|76|75|67|79|71|59|63|82|81|70|75|70|69|76|70|62|64|78|69|68|70|57|46|49|46|38|46|33|40|65|56|38|36|44|36|
2012-08-18|22|1_CTs|CT10||2|1|1|1|1|1|0|1|0|0|0|1|0|0|0|2|0|0|1|3|0|0|2|0|3|2|5|1|0|3|0|0|0|0|1|1|2|0|2|2|0|0|1|2|2|0|0|2|1|1|0|4|1|2|2|0|2|2|2|2|1|0|2|2|0|2|1|1|2|2|1|2|0|1|4|0|0|0|0|1|0|1|1|1|0|0|1|1|0|1|8|20|7|1|2|1|
