2012-03-10|2|1_CTs|ct1||102|94|82|53|64|52|48|29|30|33|16|25|14|7|15|11|9|13|18|21|13|23|23|29|23|46|38|36|39|32|46|50|54|72|65|75|82|97|117|114|102|124|111|119|129|128|126|128|120|125|113|126|96|125|125|127|129|118|123|141|113|132|113|127|145|93|109|115|79|139|122|134|120|126|149|139|120|124|109|132|124|130|135|128|135|129|117|111|91|81|99|86|94|115|120|110|
2012-03-10|2|1_CTs|ct2||40|36|31|23|23|17|24|24|16|12|18|15|14|10|9|10|13|16|12|12|5|14|13|9|14|17|11|18|13|7|18|17|24|25|24|29|31|33|53|48|42|36|32|37|39|46|43|34|43|33|37|31|29|46|39|37|54|32|29|24|46|31|43|43|36|44|48|27|34|31|31|30|30|31|35|37|37|45|42|33|43|46|39|46|43|46|37|38|33|11|21|25|35|32|25|28|
2012-03-10|2|1_CTs|ct3||163|186|150|112|129|111|108|78|66|83|68|61|55|44|47|55|55|40|49|54|34|50|54|51|51|66|67|62|62|51|75|74|78|108|104|96|126|133|141|224|134|167|180|172|170|159|194|182|180|165|166|175|148|178|188|196|200|162|171|188|180|167|165|223|149|163|172|169|121|214|217|193|202|180|218|215|206|205|174|194|176|204|200|202|186|199|191|191|145|153|159|146|169|198|179|182|
2012-03-10|2|1_CTs|ct4||82|57|60|68|78|53|63|46|66|35|4|6|6|30|41|35|26|30|34|29|25|26|32|36|32|36|35|29|37|36|28|44|47|51|51|60|75|57|82|75|86|119|94|111|100|94|99|111|115|87|108|114|127|100|86|127|83|102|94|116|102|100|118|98|93|118|107|129|125|115|118|119|124|143|132|115|96|105|116|107|85|92|90|81|86|82|95|82|54|71|82|91|122|112|75|85|
2012-03-10|2|1_CTs|ct5||137|92|106|118|118|110|84|62|80|54|24|17|22|56|67|54|47|42|47|52|39|43|44|45|42|45|44|45|53|52|43|60|61|77|74|93|108|88|122|108|107|139|127|147|144|125|155|170|173|171|110|169|163|161|153|158|167|165|172|170|177|145|139|193|171|114|184|131|154|186|175|195|194|222|190|166|168|200|189|163|160|168|132|132|133|135|120|138|87|106|129|138|164|150|123|161|
2012-03-10|2|1_CTs|ct6||105|83|92|99|106|85|81|70|75|53|40|49|44|51|57|53|46|33|43|33|28|25|29|30|37|34|35|29|37|32|32|39|40|49|46|33|50|50|56|71|63|78|76|82|97|74|107|94|100|95|98|128|99|123|104|106|76|98|110|115|93|91|109|113|131|96|132|119|119|145|137|127|134|136|135|135|109|153|126|112|102|98|69|93|77|90|84|74|47|95|80|80|119|133|79|152|
2012-03-10|2|1_CTs|ct8||0|0|0|0|0|0|0|0|0|0|0|2|0|0|0|0|0|0|0|0|0|0|0|0|0|0|0|0|0|0|0|0|0|0|0|0|0|0|0|0|0|0|0|0|0|0|0|0|0|0|0|0|0|0|0|0|0|0|0|0|0|0|0|0|0|0|0|0|0|0|0|0|0|0|0|0|0|0|0|0|0|0|0|0|0|0|0|0|0|0|0|0|0|0|0|0|
2012-03-10|2|1_CTs|ct17||182|187|158|118|124|120|116|71|52|73|8|20|19|58|50|54|50|38|47|52|26|43|46|50|43|48|52|44|52|50|68|57|68|92|90|94|127|99|148|189|137|147|191|166|169|151|200|176|170|150|178|177|161|171|197|164|203|178|165|181|189|177|196|176|196|137|217|129|134|197|190|186|197|205|208|183|193|208|171|181|196|199|189|199|162|209|199|192|159|159|163|169|168|201|199|194|
2012-03-10|2|1_CTs|CT19||89|61|62|62|52|48|43|27|38|31|17|33|38|34|37|20|19|7|18|14|8|22|17|18|24|18|23|25|18|24|35|30|44|55|43|54|80|59|73|83|70|87|96|85|92|82|112|98|99|83|98|93|103|122|93|110|95|104|86|107|104|98|92|105|114|87|121|62|105|93|123|101|120|127|104|108|112|112|94|106|96|124|102|97|79|97|110|111|80|70|81|70|125|102|98|89|
2012-03-10|2|1_CTs|CT20||63|64|62|60|68|59|41|55|68|45|37|47|59|54|45|62|40|35|24|20|13|20|15|25|25|19|24|18|21|20|30|25|28|37|27|42|37|50|52|57|47|69|73|71|72|81|70|64|74|65|74|61|87|73|75|107|50|59|74|78|63|63|50|76|67|67|67|86|74|68|92|86|85|96|78|85|84|83|79|69|83|75|66|79|62|64|62|48|32|55|64|54|62|67|68|71|
2012-03-10|2|1_CTs|CT21||35|30|34|28|30|31|22|27|33|17|14|22|21|14|12|19|20|13|11|10|6|7|6|7|13|9|8|6|3|10|13|19|21|17|21|24|28|22|23|29|25|53|44|42|47|54|52|40|50|43|45|43|59|56|48|44|46|36|46|61|49|42|40|41|48|39|49|44|48|49|54|62|69|56|60|51|43|40|51|48|47|43|37|46|47|37|42|24|12|31|44|33|38|47|42|41|
