2011-06-17|2|1_CTs|ct1||0|0|1|0|0|0|0|1|0|0|0|0|0|0|0|0|0|0|0|0|5|2|0|0|0|0|0|0|0|0|0|0|0|0|0|0|0|0|0|0|0|0|0|0|0|0|0|0|0|0|0|0|0|0|0|0|0|0|0|0|0|0|0|0|0|0|0|0|0|0|0|0|0|0|0|0|0|0|0|0|0|0|0|0|0|0|0|0|0|0|0|7|15|0|0|0|
2011-06-17|2|1_CTs|ct2||0|0|0|0|0|0|0|0|0|0|0|0|0|0|0|0|0|0|0|0|1|1|0|0|0|0|0|0|0|0|0|0|0|0|0|0|0|0|0|0|0|0|0|0|0|0|0|0|0|0|0|0|0|0|0|0|0|0|0|0|0|0|0|0|0|0|0|0|0|0|0|0|0|0|0|0|0|0|0|0|0|0|0|0|0|0|0|0|0|0|0|0|4|0|0|0|
2011-06-17|2|1_CTs|ct3||111|120|146|126|91|84|71|82|86|87|76|60|54|42|54|25|35|28|35|25|36|47|54|64|35|54|56|57|77|74|90|80|76|114|103|106|96|94|114|111|104|102|103|128|109|121|101|109|102|134|133|130|123|121|114|91|96|92|123|96|105|122|113|113|89|114|107|106|90|96|88|99|104|87|99|116|90|99|101|101|115|106|101|104|96|96|69|81|89|105|113|118|109|85|106|107|
2011-06-17|2|1_CTs|ct4||61|48|36|33|37|34|24|18|25|17|13|13|11|17|18|10|9|22|14|7|16|9|24|25|27|29|34|36|49|48|51|51|63|74|82|81|87|83|82|82|85|101|102|91|75|107|111|87|101|84|105|87|100|76|73|85|68|96|79|90|96|100|95|85|85|95|86|77|72|88|70|82|71|67|76|83|79|69|75|80|66|76|57|78|71|73|73|54|52|51|71|66|54|44|55|48|
2011-06-17|2|1_CTs|ct5||102|105|95|87|74|77|71|60|63|63|48|51|38|40|38|30|30|29|34|25|33|27|39|54|30|40|44|45|57|65|77|76|114|111|128|122|128|118|135|125|151|153|138|132|144|186|160|165|163|138|157|151|152|134|116|119|113|127|147|144|142|175|172|138|162|157|124|148|132|120|116|128|114|122|140|146|161|138|139|127|123|121|112|124|130|116|108|82|102|120|122|119|113|104|130|126|
2011-06-17|2|1_CTs|ct6||1|1|0|1|0|0|2|1|0|2|1|0|27|0|0|1|0|1|0|1|11|0|0|0|0|2|0|2|2|17|10|11|10|11|14|17|14|13|7|10|12|3|4|1|4|3|0|2|1|0|2|0|0|2|1|2|2|4|1|2|1|5|47|2|4|1|3|2|2|0|1|1|4|1|0|0|1|0|2|2|0|0|0|1|0|3|2|1|20|2|2|0|0|3|1|2|
2011-06-17|2|1_CTs|ct17||129|103|148|120|71|67|60|57|68|49|47|37|31|31|30|19|21|22|17|14|24|22|36|42|27|33|47|46|58|65|72|81|84|124|124|126|130|115|140|133|129|124|122|150|143|139|161|131|165|186|163|161|191|162|159|112|119|131|140|126|140|129|156|119|141|158|110|117|128|112|121|114|127|142|122|145|158|148|125|143|149|148|139|131|113|115|100|90|107|122|113|124|127|114|125|111|
2011-06-17|2|1_CTs|CT19||58|53|71|52|40|42|37|34|33|26|33|17|16|20|7|16|7|7|12|8|8|11|16|15|10|10|22|30|33|28|34|46|51|60|67|75|77|66|92|77|74|89|74|68|7|90|109|84|101|115|98|106|98|77|80|85|84|68|84|81|85|108|91|90|80|93|86|82|90|99|82|95|97|97|95|117|99|100|90|90|96|82|75|68|63|53|55|65|52|56|75|65|61|63|55|63|
2011-06-17|2|1_CTs|CT20||66|40|43|53|51|54|44|43|35|41|24|44|27|25|20|17|17|19|17|10|13|9|11|11|13|20|14|28|29|37|39|58|76|73|103|88|99|107|99|95|79|87|84|89|65|68|73|75|74|69|68|77|70|71|77|62|60|83|86|87|75|86|81|88|78|81|89|77|84|97|86|89|99|108|84|89|88|87|91|83|93|95|79|92|78|78|80|64|72|74|67|52|73|68|58|71|
2011-06-17|2|1_CTs|CT21||48|21|24|22|39|28|29|23|18|8|6|19|8|9|5|7|7|6|5|6|9|2|2|3|6|7|5|12|12|21|26|42|41|49|57|63|64|53|56|52|44|50|58|55|49|35|45|37|39|45|33|32|41|39|46|39|38|46|37|48|35|53|41|45|35|46|46|40|49|56|46|51|51|42|47|46|48|50|50|39|54|42|57|50|40|48|47|40|49|29|36|34|41|38|32|51|
