2016-01-11|6|1_CTs|CT1||3|3|0|1|0|1|0|1|0|0|0|0|1|0|0|1|0|2|1|1|2|2|0|3|2|2|2|1|1|3|22|46|131|373|285|35|49|47|50|64|11|7|12|15|5|8|7|8|6|4|7|9|9|5|15|5|9|7|7|11|10|8|15|5|8|13|13|6|16|10|12|9|4|10|9|5|6|4|2|3|7|7|5|4|3|0|0|6|2|1|0|2|1|2|1|3|
2016-01-11|6|1_CTs|CT3||5|12|16|12|1|4|1|1|1|1|1|4|2|2|1|4|2|6|7|7|16|16|22|283|30|23|16|28|31|50|56|286|343|117|104|90|160|218|84|56|43|40|62|35|42|43|39|41|295|37|43|37|37|43|30|37|38|39|27|50|36|44|34|32|30|34|47|53|285|42|51|54|60|44|50|48|31|45|27|27|34|29|26|27|260|9|24|14|17|10|20|3|11|14|13|20|
2016-01-11|6|1_CTs|CT4||5|2|6|2|3|6|244|4|0|0|3|1|0|0|0|1|0|0|0|1|1|3|1|0|3|1|1|1|5|7|5|11|56|52|25|4|37|26|24|32|26|24|18|20|18|16|15|20|26|25|29|34|42|36|28|20|293|10|28|28|29|32|23|34|39|27|34|45|45|52|66|315|2|46|55|51|7|24|40|308|32|30|27|20|24|14|16|18|12|9|8|8|7|12|10|5|
2016-01-11|6|1_CTs|CT5||9|7|10|7|6|2|3|4|3|5|0|4|3|3|5|2|4|4|5|1|257|3|4|3|10|7|12|14|20|24|35|51|53|76|63|77|91|86|79|75|326|53|72|57|57|64|63|319|51|49|56|66|69|67|74|326|66|69|70|60|322|76|67|83|71|64|70|342|76|75|75|84|73|74|70|329|64|78|58|66|59|51|294|43|30|39|32|26|25|28|26|20|14|15|12|20|
2016-01-11|6|1_CTs|CT7||5|7|2|3|3|4|2|0|0|1|0|1|2|3|1|1|0|0|0|0|5|1|2|3|2|5|11|7|11|20|21|35|281|35|52|48|59|38|37|43|29|30|20|33|31|246|280|16|282|18|31|27|26|39|278|23|26|27|25|288|27|20|27|32|30|16|28|34|27|25|29|26|38|32|36|285|24|21|19|36|19|19|10|17|10|20|9|13|10|9|11|6|3|9|4|7|
2016-01-11|6|1_CTs|CT8||28|22|13|17|18|10|11|10|7|4|7|7|15|8|8|7|7|5|9|6|4|18|20|24|20|22|37|294|84|320|146|440|233|204|195|157|161|416|183|179|166|153|149|138|129|133|131|111|134|145|140|396|344|363|118|134|352|181|408|143|153|149|141|149|137|407|170|176|422|177|180|400|183|456|178|83|92|316|95|314|119|157|87|79|77|89|71|63|57|58|73|319|50|49|59|47|
2016-01-11|6|1_CTs|CT9||35|34|29|24|15|14|11|11|11|9|4|6|6|6|5|5|262|5|3|7|251|253|22|31|45|36|49|64|75|116|196|289|325|386|381|650|647|608|293|271|204|415|671|197|412|194|439|376|236|686|150|437|436|449|169|181|217|471|188|210|431|203|215|469|229|482|251|506|259|318|577|314|252|526|289|273|231|460|192|432|184|399|153|117|126|114|371|102|85|322|91|344|578|63|47|57|
2016-01-11|6|1_CTs|CT10||24|28|16|19|15|11|7|9|5|5|1|1|4|2|2|2|5|1|2|4|7|6|13|17|18|19|511|42|49|313|612|143|156|182|181|200|207|168|190|144|382|130|120|129|126|137|142|135|138|400|181|130|150|150|132|163|139|157|162|160|647|399|172|434|153|199|177|440|202|234|230|208|204|227|208|483|179|449|151|158|143|121|108|357|93|76|58|299|49|50|47|41|38|38|32|30|
2016-01-11|6|1_CTs|CT11||24|19|20|10|11|5|6|7|7|6|6|1|7|3|3|6|1|5|3|8|10|16|256|27|28|36|50|70|94|147|236|301|232|190|305|301|531|272|166|195|209|189|215|440|151|165|167|372|216|184|170|181|211|158|448|173|453|228|186|178|434|183|214|456|444|466|478|235|489|232|222|219|193|210|206|429|166|671|118|139|149|125|142|99|94|341|65|66|61|54|44|53|37|48|29|37|
2016-01-11|6|1_CTs|CT12||31|27|14|17|19|7|6|263|18|3|4|1|5|5|2|4|4|4|3|9|8|13|9|21|22|25|24|305|59|343|137|214|268|330|547|316|311|269|245|237|458|412|422|135|166|176|685|166|180|182|474|194|423|485|455|197|169|220|444|450|181|445|219|742|220|487|242|276|286|547|284|291|259|233|216|255|286|268|193|200|446|919|145|135|100|98|74|80|67|65|47|50|44|45|32|48|
2016-01-11|6|1_CTs|CT15||22|22|26|15|11|269|13|3|8|5|2|3|7|7|7|3|4|6|13|11|22|16|531|28|38|38|44|57|62|106|111|173|250|242|469|234|494|211|168|145|125|115|118|380|131|118|354|101|382|355|99|120|107|129|310|107|345|113|377|120|347|124|89|134|364|124|111|118|154|178|170|167|157|159|176|144|386|352|95|102|96|80|69|59|52|272|53|42|34|45|41|39|21|35|29|34|
2016-01-11|6|1_CTs|CT16||25|30|23|27|15|16|11|5|5|5|4|4|12|3|4|7|4|1|0|2|10|8|13|21|20|25|39|315|76|112|187|245|286|307|296|284|313|291|260|280|473|203|189|190|177|152|435|172|160|429|199|448|206|157|168|170|182|205|203|459|180|187|204|204|192|199|235|236|247|460|234|239|210|234|250|237|208|427|400|171|171|158|131|125|107|100|57|69|70|70|58|59|46|54|37|41|
2016-01-11|6|1_CTs|CT17||22|13|12|16|17|6|5|12|11|3|2|3|3|5|4|5|3|4|3|2|3|6|2|7|13|5|14|18|26|47|54|85|142|182|116|158|435|406|130|116|103|108|107|97|96|352|121|115|380|373|123|124|628|144|111|124|398|128|400|378|120|147|421|419|157|176|167|170|172|458|435|187|169|172|424|430|197|176|149|139|124|350|103|91|82|74|85|71|54|59|46|72|53|39|37|45|
2016-01-11|6|1_CTs|CT18||32|37|37|30|14|13|7|12|11|12|6|14|15|11|13|4|8|7|7|8|263|17|12|20|31|28|41|61|79|379|177|231|298|325|305|314|322|797|288|267|278|249|248|228|220|218|206|206|439|433|200|220|218|484|477|212|706|225|245|249|250|247|231|236|248|255|250|544|244|574|280|542|261|272|273|784|494|494|239|485|499|204|152|150|135|148|119|108|331|97|310|73|70|67|54|63|
2016-01-11|6|1_CTs|CT19||21|18|25|17|21|11|6|10|9|4|7|8|6|10|3|5|5|5|5|3|4|4|2|4|12|6|18|14|29|38|68|104|205|179|417|451|440|175|168|158|363|105|116|108|141|159|401|129|417|154|142|126|409|401|124|376|136|661|397|172|134|133|166|157|177|430|408|199|442|455|220|473|235|209|205|173|230|210|165|408|143|401|100|98|351|75|95|62|55|60|54|64|48|30|296|37|
2016-01-11|6|1_CTs|CT20||9|6|13|6|2|3|4|7|5|5|2|4|4|3|2|0|2|7|6|2|4|7|7|11|14|16|18|22|29|37|309|75|122|139|144|92|60|92|111|113|113|16|22|75|341|36|601|31|78|109|107|344|71|112|78|80|382|80|47|8|116|111|98|120|118|383|52|90|151|127|146|648|73|78|112|131|130|359|114|101|116|337|79|53|63|49|54|50|52|39|42|38|276|41|21|28|
2016-01-11|6|1_CTs|CT21||53|71|51|45|25|23|18|10|9|7|12|12|13|16|13|12|11|12|28|25|29|302|47|52|63|59|267|104|124|223|260|520|368|376|605|323|348|336|338|267|520|232|469|219|234|232|444|210|178|201|411|203|178|426|434|445|226|489|213|245|214|207|237|203|485|440|188|210|233|508|218|484|256|735|267|448|454|451|200|399|155|171|131|125|126|105|136|78|90|83|76|58|62|80|68|71|
2016-01-11|6|1_CTs|CT22||65|42|73|29|45|29|28|12|20|13|21|15|19|7|20|20|21|24|19|25|50|42|60|60|261|43|522|296|87|123|146|175|216|258|336|295|346|649|247|253|189|227|418|246|401|255|491|248|478|225|264|213|442|207|219|218|240|226|204|229|226|262|242|270|268|299|320|305|323|369|608|595|366|376|309|337|332|310|273|480|248|230|416|200|153|150|160|134|133|114|101|92|91|87|325|70|
2016-01-11|6|1_CTs|CT23||32|44|31|287|23|16|19|11|7|11|10|15|15|12|10|9|8|11|15|9|9|27|29|43|42|43|45|82|98|360|494|530|334|320|359|360|281|476|321|264|510|227|485|216|221|213|209|197|272|348|449|458|218|437|187|217|722|257|481|506|227|234|242|459|243|229|522|504|305|574|303|307|287|296|262|470|216|221|227|261|522|585|156|159|119|121|122|93|99|95|344|77|302|62|68|66|
2016-01-11|6|1_CTs|CT24||0|0|0|0|0|0|0|0|0|0|0|0|0|0|0|0|0|0|0|0|0|0|0|0|0|0|0|0|0|0|0|0|0|0|0|0|0|0|0|0|0|0|0|0|0|0|0|0|0|0|0|0|0|0|0|0|0|0|0|0|0|0|0|0|0|0|0|0|0|0|0|0|0|0|0|0|0|0|0|0|0|0|0|0|0|0|0|0|0|0|0|0|1|0|0|0|
