2012-04-15|3|1_CTs|ct1||122|94|90|73|65|69|61|49|43|41|34|41|33|21|14|12|12|12|13|12|13|12|19|10|16|16|21|18|19|15|27|28|25|20|24|33|40|36|70|61|59|81|62|48|76|78|62|76|90|107|92|101|120|108|115|104|100|107|107|149|153|140|146|150|137|140|134|111|132|120|126|140|114|119|117|129|128|120|100|106|89|103|107|96|100|78|59|68|81|67|53|63|55|54|49|61|
2012-04-15|3|1_CTs|ct3||292|260|244|240|193|169|138|133|111|112|86|113|88|57|48|50|35|49|37|49|31|31|31|34|36|63|64|58|47|66|68|81|68|69|78|91|99|109|131|137|135|162|162|136|198|130|157|188|200|218|244|231|302|279|254|266|258|239|237|317|322|311|325|337|318|355|360|328|332|289|284|362|268|270|271|314|299|289|230|263|227|290|223|245|220|208|170|178|169|142|150|128|140|157|117|159|
2012-04-15|3|1_CTs|ct5||195|119|152|162|126|130|139|124|130|90|81|96|106|86|77|80|80|77|68|61|40|44|55|61|40|39|47|52|42|55|51|48|48|43|54|69|48|92|70|85|87|89|84|121|111|155|136|157|137|179|163|168|189|162|172|188|173|162|214|241|223|211|234|274|272|249|283|258|228|274|254|285|279|244|255|246|250|219|205|186|192|190|179|185|165|196|150|118|112|186|145|122|190|123|109|123|
2012-04-15|3|1_CTs|ct6||228|221|159|126|111|102|95|97|94|86|69|66|62|63|65|66|66|38|62|52|46|31|24|29|26|22|21|28|27|32|33|26|55|47|55|59|64|46|69|51|59|57|81|73|72|86|76|92|96|70|148|117|120|122|102|107|74|105|88|86|128|139|128|135|155|176|137|144|117|121|147|147|131|93|117|146|129|144|123|121|125|103|97|112|119|102|65|75|79|65|92|92|74|66|78|70|
2012-04-15|3|1_CTs|ct7||276|283|187|176|153|133|127|131|143|136|109|91|86|88|103|101|75|69|73|104|64|58|34|44|35|37|36|37|30|43|33|30|47|43|38|39|53|41|48|55|62|59|68|64|68|62|79|96|95|104|122|115|93|104|94|99|94|96|96|109|115|135|137|137|192|190|158|170|152|134|152|167|161|145|174|141|149|156|167|145|137|127|125|117|129|97|100|84|84|94|102|95|82|101|86|87|
2012-04-15|3|1_CTs|ct9||129|125|112|132|127|119|99|89|72|93|79|72|96|77|74|65|64|72|75|61|40|48|38|35|33|37|33|25|31|23|30|36|38|32|46|47|30|37|55|69|70|60|73|71|59|90|73|94|88|91|102|79|104|94|82|94|96|89|102|121|120|136|142|111|89|105|96|108|93|101|102|84|101|100|107|89|103|101|106|79|113|91|101|62|92|71|64|74|93|69|77|82|64|72|57|67|
2012-04-15|3|1_CTs|ct10||89|92|84|85|87|102|94|107|117|106|90|100|110|114|96|120|105|110|95|102|84|60|76|72|66|45|59|67|48|34|36|44|31|30|22|31|29|26|35|36|39|28|45|54|46|58|57|39|46|72|60|64|52|65|64|69|60|56|76|79|65|58|102|90|95|96|99|95|92|106|98|116|100|114|99|103|101|92|92|82|89|85|87|76|78|46|71|48|59|62|65|58|79|53|57|53|
2012-04-15|3|1_CTs|CT11||34|30|35|31|25|29|31|44|35|20|25|28|36|34|27|22|34|28|39|36|18|17|20|21|18|20|23|20|21|21|18|22|27|19|25|22|23|20|27|28|17|29|38|29|29|32|34|30|28|28|36|30|36|41|32|44|26|36|41|45|40|37|37|49|36|24|34|30|20|26|40|37|43|40|46|45|42|39|24|32|35|29|28|37|36|23|23|31|29|22|28|26|22|24|27|18|
2012-04-15|3|1_CTs|CT12||27|30|29|35|34|35|31|40|48|55|38|48|45|54|47|60|57|58|51|50|48|43|55|36|44|27|41|33|22|23|26|26|19|25|18|20|20|18|20|19|19|8|22|21|16|22|17|13|17|16|21|27|15|22|21|22|14|13|12|16|12|20|15|18|19|26|17|22|21|25|24|23|23|24|25|20|19|24|19|32|30|27|30|30|32|16|18|22|20|19|31|23|27|20|20|16|
2012-04-15|3|1_CTs|ct14||0|0|0|0|0|0|0|0|0|0|0|0|0|0|0|0|0|0|0|0|0|0|0|0|0|0|0|0|0|0|0|0|0|0|0|0|0|0|0|0|0|0|0|0|0|0|0|0|0|0|0|0|0|0|0|0|0|0|0|0|0|0|0|0|0|0|0|0|0|1|0|0|0|0|0|0|0|0|0|0|0|0|0|0|0|0|0|0|0|0|0|0|0|0|0|0|
2012-04-15|3|1_CTs|CT16||85|61|69|53|66|65|48|54|54|35|56|42|62|46|30|38|45|61|50|31|30|35|31|25|22|18|23|36|28|24|24|44|27|21|22|24|16|28|25|41|32|23|25|34|26|27|31|42|31|39|45|42|55|38|46|47|38|47|49|59|64|68|42|57|63|52|60|79|44|68|58|80|83|62|73|56|78|74|68|72|80|44|65|43|47|52|47|41|49|43|34|31|31|31|43|42|
2012-04-15|3|1_CTs|ct17||99|116|104|113|105|92|89|86|67|71|79|53|63|55|67|69|52|81|64|58|58|55|55|51|55|26|25|37|44|28|32|35|31|40|36|39|43|46|65|72|51|58|73|86|75|79|94|93|101|118|122|128|123|146|136|118|137|108|124|143|143|135|141|147|171|163|172|159|163|148|157|192|183|184|181|189|178|165|140|142|139|139|140|119|116|107|85|67|68|79|64|72|71|54|59|84|
2012-04-15|3|1_CTs|ct18||137|151|130|136|130|146|135|150|147|136|119|146|134|128|135|151|123|161|129|119|104|88|98|87|76|61|83|72|65|45|49|63|35|46|40|48|43|51|54|59|57|47|67|67|75|85|84|73|79|114|104|108|98|116|106|119|96|106|99|124|111|114|133|138|136|137|147|148|157|169|150|181|163|182|174|155|164|138|146|131|147|135|138|127|124|97|90|65|84|90|95|81|98|70|82|91|
2012-04-15|3|1_CTs|ct19||0|2|0|1|0|1|0|0|1|0|0|3|0|0|0|2|1|2|0|2|0|1|0|1|0|2|0|3|2|3|2|2|1|1|2|2|0|3|3|1|4|1|3|3|1|1|2|3|1|3|3|1|5|2|1|3|0|1|5|2|1|3|4|2|1|3|3|5|2|3|4|3|2|4|3|2|2|6|3|0|5|1|4|4|0|5|3|0|2|0|0|0|0|1|0|1|
2012-04-15|3|1_CTs|ct20||131|128|126|123|90|101|102|82|77|69|56|49|63|58|47|54|46|31|27|41|40|32|28|29|20|25|26|35|32|28|42|32|38|44|40|42|36|63|65|78|66|92|76|93|99|104|123|116|119|148|144|139|160|142|134|141|137|144|133|159|137|154|184|175|189|183|194|186|189|160|143|148|156|167|168|175|150|150|152|140|127|134|149|106|103|110|76|102|74|94|74|69|73|56|62|59|
2012-04-15|3|1_CTs|ct22||5|5|5|2|6|6|7|10|1|4|6|3|6|4|1|1|0|2|1|3|0|1|0|4|2|2|0|0|0|4|4|2|3|1|2|3|3|4|0|5|3|3|4|3|5|6|7|8|2|6|7|4|7|3|6|7|4|11|6|2|7|5|7|7|14|9|7|7|5|9|9|8|7|6|10|10|2|6|3|5|9|5|5|8|5|5|11|0|8|0|3|4|5|1|8|7|
2012-04-15|3|1_CTs|CT23||130|126|91|71|79|75|61|68|60|70|30|40|46|31|33|29|25|33|28|24|21|18|19|17|36|13|28|38|17|26|35|29|41|45|22|51|55|56|49|95|71|67|69|70|95|94|92|115|76|145|142|151|154|153|112|139|112|118|115|110|153|141|138|166|170|124|179|145|131|151|164|151|124|167|158|142|164|154|125|162|127|147|121|113|105|83|83|97|106|61|78|74|68|78|75|81|
2012-04-15|3|1_CTs|ct24||304|277|273|274|219|225|185|176|170|107|126|97|96|90|73|74|60|47|40|66|57|67|63|59|71|69|91|109|99|139|205|206|139|130|149|198|152|233|298|334|265|333|344|356|336|415|444|411|378|440|464|478|517|497|469|460|425|517|527|626|665|621|648|654|623|611|555|600|617|603|602|618|606|638|621|637|590|595|510|551|513|476|448|430|390|350|322|330|337|290|287|265|229|231|179|204|
