2017-01-11|3|1_CTs|ct1||0|0|0|0|0|0|0|0|0|0|0|0|0|0|0|0|0|0|0|0|0|0|0|0|0|0|0|0|0|0|0|0|0|0|0|0|0|0|0|0|0|0|0|0|0|0|0|0|0|0|0|0|0|0|0|0|0|0|0|0|0|0|0|0|0|0|0|0|0|0|0|0|0|0|0|0|0|0|0|1|3|4|1|1|0|0|0|0|0|0|0|0|0|0|0|0|
2017-01-11|3|1_CTs|ct3||303|66|55|23|20|11|14|14|21|11|5|15|16|9|22|15|23|12|13|7|22|12|31|31|34|34|57|75|348|364|143|181|226|206|209|211|178|205|465|194|439|210|207|745|198|465|203|219|215|228|455|201|725|198|174|474|450|195|198|489|226|172|208|229|222|446|177|162|182|188|406|666|389|662|178|177|138|402|153|658|406|398|129|109|367|113|93|107|346|89|337|75|79|70|63|63|
2017-01-11|3|1_CTs|ct5||142|107|81|67|60|38|24|44|27|25|20|281|12|14|22|266|17|15|13|11|10|7|13|26|274|23|16|305|316|71|136|181|197|255|486|786|287|788|204|261|189|451|182|449|438|189|203|744|234|496|263|531|254|252|198|231|465|233|256|488|267|489|517|527|297|296|301|311|577|331|576|593|329|602|330|281|294|269|293|825|286|294|264|484|172|410|168|166|162|156|137|427|136|415|412|144|
2017-01-11|3|1_CTs|ct6||12|6|6|5|1|4|2|1|0|1|0|2|2|1|2|0|1|0|1|1|1|1|3|5|7|7|10|28|23|38|288|60|50|62|65|95|82|65|68|63|45|41|50|49|53|306|304|302|56|49|256|43|58|55|54|51|57|52|68|57|67|67|66|52|57|64|47|45|53|52|64|61|53|68|62|58|52|73|63|38|40|515|34|34|27|270|28|272|19|13|18|18|14|19|9|18|
2017-01-11|3|1_CTs|ct7||104|339|57|48|50|48|49|56|30|286|34|278|23|22|28|31|15|18|23|19|17|11|20|21|42|34|44|52|57|51|70|587|351|138|126|144|137|140|135|145|144|141|382|155|151|378|177|396|396|187|661|558|517|160|136|411|645|382|157|176|171|422|399|174|183|635|321|332|382|327|62|74|48|46|360|368|379|141|373|371|157|139|112|630|127|120|608|94|350|101|369|109|97|347|107|90|
2017-01-11|3|1_CTs|ct8||47|47|35|33|36|27|20|16|20|17|10|268|15|14|11|8|10|5|14|7|8|8|11|12|18|21|270|25|39|35|37|293|302|88|82|333|90|330|92|105|82|98|105|109|103|331|127|112|124|131|619|510|241|118|104|368|350|340|104|138|127|377|352|127|127|385|147|146|370|643|134|121|386|400|359|362|349|353|115|84|94|89|331|577|75|61|575|48|304|71|315|67|44|555|38|50|
2017-01-11|3|1_CTs|ct9||83|96|83|78|58|56|47|46|41|37|33|24|297|19|39|274|25|30|17|277|28|28|28|26|35|24|49|91|73|106|510|426|533|934|2860|381|641|331|304|305|209|204|189|219|226|349|539|220|482|725|195|200|238|446|183|610|232|199|1480|778|153|288|191|480|474|153|91|95|144|388|916|533|1278|1147|519|243|201|214|524|211|473|746|538|454|140|367|106|388|105|133|133|791|1206|280|337|258|
2017-01-11|3|1_CTs|ct10||53|71|42|46|39|28|35|32|30|25|16|18|18|15|16|12|10|13|17|16|14|18|21|17|22|22|23|20|30|56|79|101|145|152|150|160|169|143|151|154|126|139|131|136|134|127|140|131|149|135|131|133|126|132|133|125|142|128|146|147|150|146|142|134|141|133|154|151|166|174|172|182|150|147|169|141|160|157|126|141|124|151|111|104|125|93|83|74|82|88|90|97|89|102|89|81|
2017-01-11|3|1_CTs|ct13||154|430|142|102|117|88|88|84|62|61|48|48|46|52|70|54|39|36|111|80|54|683|90|1121|94|78|100|88|953|706|182|818|245|272|246|520|493|239|267|249|516|394|314|216|1497|951|532|1510|1039|248|492|859|309|438|776|483|256|247|278|786|663|249|350|460|622|192|185|280|300|212|255|645|204|240|201|50|217|138|213|271|245|299|275|277|251|483|197|182|480|197|210|477|249|324|269|828|
2017-01-11|3|1_CTs|CT16||350|95|67|85|74|39|44|33|25|36|29|35|32|15|282|34|21|19|2|28|29|35|12|21|22|27|39|52|54|95|99|137|170|177|204|224|224|200|233|207|201|180|186|180|674|457|505|746|413|204|208|235|713|188|202|194|750|291|226|180|215|465|210|470|226|209|228|207|229|756|316|257|326|557|520|261|264|221|215|210|227|462|150|630|169|398|398|385|132|119|119|125|361|407|356|92|
2017-01-11|3|1_CTs|ct22||12|5|3|6|7|2|1|5|1|4|4|2|1|4|6|3|3|1|1|1|2|1|5|0|1|4|3|9|2|6|14|11|15|14|15|19|20|17|18|25|29|17|24|19|278|28|24|25|32|27|251|25|15|19|22|276|17|4|0|21|290|20|29|8|29|28|39|36|49|307|32|32|31|25|39|32|32|23|21|22|25|28|20|18|6|6|16|10|11|8|10|6|6|5|4|3|
2017-01-11|3|1_CTs|CT23||551|632|868|1261|822|1128|1309|1882|725|638|980|685|521|619|673|353|462|603|627|882|1224|412|742|524|1562|439|1752|705|1049|631|461|991|409|529|998|1068|1045|158|251|151|587|488|447|466|1223|980|1722|755|1566|415|404|403|435|175|680|3147|989|139|177|176|203|176|254|490|494|199|244|286|280|323|196|382|238|633|807|1078|735|662|582|719|644|736|4095|2119|542|302|401|991|922|233|715|622|960|269|690|445|
2017-01-11|3|1_CTs|ct24||54|313|43|33|16|20|13|16|13|15|9|6|7|6|15|14|7|6|17|17|18|35|33|49|57|113|722|859|491|844|570|602|552|540|1005|791|575|583|553|598|974|422|492|548|530|535|720|753|675|664|520|518|987|431|378|919|463|750|541|491|747|506|743|732|729|459|471|654|455|452|486|716|796|699|554|752|466|504|429|634|812|258|274|238|183|162|163|393|133|148|172|125|121|361|99|82|
