2013-03-22|2|1_CTs|ct1||85|61|81|50|32|33|25|18|25|21|17|17|15|28|16|16|14|19|16|17|17|16|17|27|28|39|32|54|80|100|113|142|151|156|192|198|194|200|185|199|189|200|191|181|189|184|163|178|200|224|222|210|190|167|150|172|158|166|170|177|190|204|170|197|197|189|189|194|175|179|156|178|185|188|186|190|164|204|176|182|187|215|190|190|195|176|175|155|149|150|132|119|131|108|157|130|
2013-03-22|2|1_CTs|ct2||68|51|38|41|27|28|19|21|25|16|12|14|13|18|21|16|17|20|12|21|15|17|18|24|24|26|24|34|40|43|66|73|75|83|100|96|96|123|107|130|117|136|133|146|124|97|89|106|113|118|133|122|133|120|92|112|107|100|107|100|134|137|100|129|140|114|123|124|146|154|136|96|99|96|88|99|105|112|127|126|142|149|125|109|151|119|101|112|86|101|95|74|93|82|84|94|
2013-03-22|2|1_CTs|ct3||92|93|93|64|50|42|48|37|31|38|21|25|26|39|29|24|19|35|23|28|30|32|35|33|47|61|41|65|67|92|111|136|132|144|173|171|170|166|188|204|195|203|185|177|188|171|171|166|186|182|195|194|188|166|157|159|188|157|148|184|207|187|126|209|191|203|183|200|202|177|203|171|193|187|188|158|179|179|199|150|173|203|179|166|167|202|188|160|157|156|151|127|140|132|132|148|
2013-03-22|2|1_CTs|ct4||66|36|57|56|29|22|25|23|20|21|16|15|16|12|18|10|6|11|11|9|10|14|19|29|23|28|25|31|35|37|49|76|89|106|122|134|127|110|112|135|146|125|114|126|92|124|97|127|106|109|132|127|111|101|103|101|97|100|135|130|119|98|119|118|107|118|121|137|116|88|104|125|100|106|96|120|117|117|105|108|93|108|94|103|110|81|89|97|72|81|95|81|49|77|75|84|
2013-03-22|2|1_CTs|ct5||98|59|85|75|48|54|35|37|53|40|20|35|21|29|20|21|15|20|21|16|24|18|19|30|29|31|24|44|28|51|99|94|122|145|169|170|190|192|182|177|175|193|160|165|172|188|171|201|183|191|191|182|185|148|144|142|154|188|190|171|198|255|203|207|200|211|186|195|187|182|183|189|190|194|201|209|195|180|172|157|172|177|171|137|168|140|128|152|109|112|139|148|116|124|122|121|
2013-03-22|2|1_CTs|ct6||102|72|92|60|36|30|24|27|31|22|26|18|20|13|23|29|20|15|16|10|19|15|12|23|25|30|25|27|27|29|51|66|80|84|82|99|87|95|107|117|94|108|104|107|121|121|113|114|110|126|139|134|108|100|108|98|99|135|143|126|129|157|147|175|130|139|142|132|126|124|110|145|136|107|144|143|107|130|110|98|102|128|108|102|102|94|93|84|96|82|90|97|77|83|101|109|
2013-03-22|2|1_CTs|ct17||77|92|81|59|48|32|37|29|27|29|18|21|23|35|16|14|8|15|15|8|29|24|24|23|29|34|29|49|53|80|91|117|125|138|169|156|172|174|185|199|190|210|172|177|125|145|161|155|198|168|185|196|185|156|153|173|183|153|163|183|173|100|18|191|211|232|171|197|229|200|167|203|205|209|187|189|198|187|195|175|187|197|169|171|168|181|189|163|162|143|151|134|132|114|127|149|
2013-03-22|2|1_CTs|CT19||44|44|39|19|18|10|15|15|13|15|11|6|11|11|7|9|2|6|6|6|12|9|6|5|10|17|21|26|35|39|54|59|76|73|107|94|116|106|113|130|111|120|110|123|109|112|103|99|120|119|131|105|99|114|88|98|89|93|92|109|96|64|44|107|114|129|135|119|129|112|122|148|130|131|136|134|116|133|115|114|112|102|100|82|95|102|93|85|71|73|75|70|55|67|75|60|
2013-03-22|2|1_CTs|CT20||54|57|36|45|23|29|17|25|23|26|22|17|10|10|13|6|12|9|13|7|4|9|8|6|10|16|25|23|26|25|34|52|58|77|74|78|91|94|91|76|78|68|52|62|62|74|64|75|84|75|62|57|79|64|63|60|49|67|61|78|73|83|73|84|79|84|88|61|93|78|73|82|107|73|60|44|76|65|82|73|84|94|77|68|82|67|59|38|60|57|71|64|51|67|61|75|
2013-03-22|2|1_CTs|CT21||30|27|21|24|9|24|7|14|7|10|11|7|2|4|3|3|6|2|6|1|2|1|2|3|5|8|6|10|10|15|17|28|32|40|50|55|57|66|57|58|45|41|51|40|44|34|47|52|58|53|37|35|45|28|29|39|31|39|37|51|36|42|49|38|48|43|56|57|48|49|54|46|53|48|44|18|37|38|46|45|49|49|37|35|49|30|33|31|31|33|39|36|28|40|31|35|
