2011-03-13|22|1_CTs|CT1||15|14|13|12|14|17|10|5|6|7|1|7|5|7|5|7|9|5|8|8|5|7|18|13|11|13|13|14|17|14|22|27|15|14|23|19|25|37|35|32|37|38|43|40|30|41|39|50|50|48|43|42|42|46|42|38|46|40|62|53|43|47|53|50|44|46|61|80|54|69|64|77|62|85|65|61|70|57|58|72|55|43|44|26|29|36|27|30|25|32|13|26|29|19|21|18|
2011-03-13|22|1_CTs|CT2||27|22|23|26|19|18|23|9|17|12|13|11|11|10|12|8|17|5|12|11|10|2|8|19|18|12|26|25|24|24|27|37|18|23|34|32|36|38|42|59|48|47|59|62|52|59|65|59|66|79|71|80|76|66|68|81|69|73|72|102|64|93|84|75|83|85|74|90|78|113|93|97|97|94|106|82|116|97|76|81|90|64|62|41|38|55|37|51|40|45|41|41|48|32|35|31|
2011-03-13|22|1_CTs|CT3||54|46|46|54|31|33|46|21|32|21|24|26|33|25|18|15|20|21|22|20|20|12|14|32|20|31|33|34|39|44|50|49|38|32|54|59|53|64|65|89|65|71|88|89|85|94|95|102|114|105|113|122|124|120|135|116|101|134|116|152|119|149|151|145|151|152|132|146|164|154|157|169|149|144|174|161|155|164|115|118|126|92|81|92|68|86|82|84|68|70|73|77|53|58|58|43|
2011-03-13|22|1_CTs|CT4||40|50|38|35|25|22|40|15|15|17|25|18|11|21|16|13|7|15|10|15|7|10|9|13|8|20|28|21|27|22|27|41|30|37|28|39|37|49|43|69|56|59|65|56|70|85|115|89|84|80|97|94|77|114|95|80|91|91|81|86|90|109|111|124|108|125|129|91|135|112|105|108|109|106|106|145|105|119|103|99|83|84|133|69|62|40|61|65|54|75|91|72|40|47|38|38|
2011-03-13|22|1_CTs|CT5||33|44|35|33|29|27|43|8|18|30|22|16|27|17|14|10|12|17|11|8|11|12|11|14|15|29|26|20|20|25|28|44|29|41|30|44|36|58|52|73|74|70|86|92|78|82|115|95|100|103|101|123|100|112|89|92|98|86|86|87|112|105|104|114|100|135|123|102|132|131|103|118|111|108|113|128|121|119|98|108|106|95|112|76|63|55|48|55|55|65|68|75|36|35|27|49|
2011-03-13|22|1_CTs|CT6||24|30|27|20|26|14|27|15|13|10|9|10|19|11|7|7|8|14|10|7|3|9|9|15|8|18|19|12|5|13|16|25|28|29|23|15|20|36|33|39|38|28|42|71|41|34|64|56|73|57|62|83|68|76|67|63|49|60|47|71|69|75|68|71|77|78|75|70|78|100|77|66|72|79|78|88|77|71|56|65|63|58|54|47|49|51|41|33|46|40|56|50|30|32|30|35|
2011-03-13|22|1_CTs|CT7||5|5|3|3|3|5|5|0|2|3|2|5|0|3|3|1|3|1|4|2|3|0|0|6|3|0|3|2|4|2|3|3|1|2|3|7|8|4|10|3|5|9|21|11|11|7|16|14|14|24|15|13|12|16|8|11|17|19|12|20|8|19|19|20|18|17|12|17|17|26|20|20|22|18|19|15|27|15|10|18|20|12|11|9|13|10|10|6|7|14|11|10|12|6|8|12|
2011-03-13|22|1_CTs|CT8||18|29|7|15|6|14|17|3|5|5|7|7|6|7|2|3|5|3|2|5|3|2|4|2|3|11|4|5|4|4|8|6|4|8|10|4|9|18|5|8|9|20|31|41|38|34|59|45|40|37|42|47|45|61|64|37|41|47|53|43|63|46|52|61|68|51|67|56|76|58|60|65|72|60|64|67|54|58|34|51|52|33|33|32|51|36|32|32|27|41|28|21|14|21|21|25|
2011-03-13|22|1_CTs|CT9||49|36|28|30|24|18|19|15|21|21|17|19|20|10|15|11|10|6|8|8|11|6|10|7|15|27|31|26|27|39|49|35|26|35|46|46|35|50|66|72|66|83|82|86|82|80|58|76|81|103|100|120|102|101|90|97|85|97|84|115|124|114|108|103|106|109|107|118|97|99|120|102|118|107|92|104|98|86|97|120|91|86|75|62|56|64|54|52|42|43|56|53|47|38|37|34|
2011-03-13|22|1_CTs|CT10||1|3|0|0|1|0|0|0|2|0|1|0|2|0|1|1|0|0|1|0|2|0|1|1|2|3|3|3|3|1|1|2|1|1|2|3|2|1|2|1|3|3|2|3|1|5|2|5|1|0|5|6|3|2|2|0|3|2|2|6|5|1|2|3|3|1|2|1|0|4|2|3|3|1|1|2|3|2|2|4|1|2|2|2|1|2|0|1|0|1|2|1|1|2|1|1|
