2012-03-20|3|1_CTs|ct1||39|24|27|21|19|12|12|10|7|6|0|6|3|6|5|2|6|4|7|10|5|8|13|22|11|21|37|45|64|85|146|178|227|246|243|243|238|229|218|218|206|196|190|185|170|183|151|178|185|189|192|222|204|199|194|202|190|202|195|203|174|164|180|210|213|203|228|181|189|215|209|199|191|177|243|213|225|216|233|203|239|171|165|129|102|97|104|93|93|71|63|97|103|103|77|75|
2012-03-20|3|1_CTs|ct3||150|117|108|93|77|46|53|55|34|55|33|31|31|31|24|25|28|38|32|48|58|49|71|79|72|75|118|139|146|205|320|392|465|485|475|495|508|521|470|489|492|448|478|489|419|445|424|401|475|437|430|452|491|438|364|456|445|465|453|495|429|324|395|427|437|439|439|415|349|388|332|266|213|241|412|431|392|361|338|331|406|371|308|283|217|227|223|209|237|263|273|398|398|375|274|256|
2012-03-20|3|1_CTs|ct5||88|73|85|40|38|31|32|29|25|25|14|16|13|11|16|13|12|29|24|30|26|23|27|48|41|73|88|97|128|168|217|269|277|321|436|367|383|348|350|300|331|295|288|320|309|297|278|303|290|313|292|263|294|259|271|243|285|308|332|300|309|177|201|229|302|276|306|276|270|302|315|334|264|263|337|317|318|327|319|288|297|279|209|240|166|186|176|143|134|105|145|202|198|163|153|126|
2012-03-20|3|1_CTs|ct6||0|0|0|0|0|0|0|0|0|0|0|0|0|0|0|0|0|0|0|0|0|0|2|3|9|8|14|30|43|59|90|131|155|210|214|237|203|200|212|168|174|154|139|167|180|197|158|200|193|199|219|216|215|216|185|150|169|215|190|209|203|170|235|217|233|222|266|290|272|302|282|285|261|307|305|264|312|290|303|302|263|257|203|164|138|132|121|126|139|0|0|0|0|0|0|0|
2012-03-20|3|1_CTs|ct7||86|63|64|57|56|41|26|33|23|25|32|25|20|11|8|11|10|7|16|10|9|17|13|35|21|31|32|33|67|66|89|98|162|185|190|193|208|193|206|191|162|175|169|197|188|224|189|182|211|189|224|215|219|182|172|179|173|204|216|200|232|234|212|165|212|205|224|209|207|192|189|191|173|131|149|168|169|182|182|178|207|176|162|152|114|94|96|96|101|82|94|116|97|117|120|111|
2012-03-20|3|1_CTs|ct9||129|96|111|82|39|70|55|36|41|43|43|40|27|50|25|14|26|20|15|21|19|17|19|18|30|29|44|54|56|80|105|135|181|212|202|230|234|227|203|277|206|215|150|177|191|163|179|202|184|176|170|154|222|192|159|233|178|260|215|206|235|264|295|186|171|178|221|168|208|216|198|208|215|204|227|161|218|223|203|206|165|168|161|110|109|98|73|84|79|87|73|96|145|103|144|133|
2012-03-20|3|1_CTs|ct10||30|35|38|30|29|30|20|26|18|12|15|17|14|9|8|14|10|14|5|11|7|9|11|13|20|21|28|23|30|40|68|88|111|149|154|134|167|137|126|158|137|126|113|127|120|125|116|104|122|125|150|133|123|141|110|132|109|128|131|136|130|116|1|85|112|112|140|165|151|149|140|145|145|151|128|134|157|142|120|126|111|144|128|96|87|73|63|76|75|59|62|85|83|62|65|61|
2012-03-20|3|1_CTs|CT11||24|24|16|23|12|12|11|8|7|13|13|14|6|11|3|10|17|13|10|11|10|7|7|14|9|11|15|21|28|31|46|28|35|51|60|68|70|49|67|43|42|62|54|47|48|60|42|61|48|53|52|49|74|49|57|41|56|59|52|55|56|49|52|51|46|53|41|58|60|45|45|52|52|59|64|52|60|44|49|57|56|51|49|44|43|31|39|29|45|35|39|36|45|29|39|28|
2012-03-20|3|1_CTs|CT12||14|16|14|19|13|14|9|10|12|6|12|7|10|6|5|8|9|10|3|5|6|9|7|8|14|13|19|9|16|18|15|28|20|23|27|26|25|30|30|37|41|50|44|36|42|46|36|46|33|43|50|41|40|47|44|37|33|46|37|44|36|38|11|30|30|36|46|43|38|40|32|35|42|31|31|36|48|39|45|44|34|50|34|33|32|29|29|35|30|23|22|21|29|28|20|26|
2012-03-20|3|1_CTs|ct14||0|0|0|0|0|0|0|0|0|0|0|0|0|0|0|0|0|0|0|1|0|0|0|0|0|0|0|0|0|0|0|0|0|0|0|0|0|0|0|0|0|0|0|0|0|0|0|0|0|0|0|0|0|0|0|0|0|0|0|0|0|0|0|0|0|0|0|0|0|0|0|0|0|0|0|0|0|0|0|0|0|0|0|0|0|0|0|0|0|0|0|0|0|0|0|0|
2012-03-20|3|1_CTs|CT16||35|35|27|25|16|20|18|14|7|11|7|13|5|8|9|4|9|9|7|3|10|2|6|3|10|9|8|24|11|19|27|39|48|71|70|68|60|70|61|78|81|77|67|71|63|64|64|58|55|69|72|64|60|68|57|50|62|59|56|83|61|65|77|81|70|80|87|80|82|76|83|85|92|86|83|76|80|93|64|69|72|56|50|51|39|40|35|34|28|29|32|42|33|40|39|31|
2012-03-20|3|1_CTs|ct17||58|62|49|22|23|18|20|18|24|8|14|13|15|15|9|13|11|15|4|10|9|20|17|23|32|24|41|45|56|72|144|234|281|344|289|313|348|308|347|335|294|258|247|229|200|207|223|201|205|200|223|240|225|244|199|190|223|221|237|241|227|259|257|198|209|250|251|188|269|293|170|204|249|258|205|226|235|208|196|201|184|189|162|154|127|94|110|93|78|91|85|139|114|91|92|74|
2012-03-20|3|1_CTs|ct18||55|67|57|46|37|40|35|31|27|16|19|17|18|13|11|17|18|18|9|13|12|17|22|26|33|38|51|42|61|84|113|159|206|268|241|252|269|224|201|231|190|189|193|179|188|177|169|165|177|180|163|184|147|205|167|160|149|169|203|188|191|187|167|117|167|180|192|216|182|171|187|207|206|150|183|196|200|196|167|196|192|175|161|135|134|116|114|110|100|95|105|122|124|99|121|93|
2012-03-20|3|1_CTs|ct19||0|0|0|0|0|1|0|0|0|0|0|0|0|0|0|0|0|0|0|1|0|0|2|3|2|8|6|3|8|16|4|11|10|6|6|12|7|9|9|8|6|8|2|4|8|3|2|10|10|8|11|1|6|7|8|11|6|13|3|7|6|6|5|9|5|8|3|16|10|8|12|10|6|7|8|11|12|7|9|9|5|8|4|6|8|4|5|5|0|2|0|3|1|3|0|2|
2012-03-20|3|1_CTs|ct20||76|56|33|40|25|14|14|23|19|14|14|14|10|13|6|8|8|7|9|20|14|4|14|20|23|36|46|73|84|121|173|209|205|247|216|204|209|226|219|177|130|205|137|213|170|197|187|189|211|165|185|211|221|203|181|179|203|230|211|223|207|218|202|70|15|127|226|235|204|219|99|208|204|215|183|199|188|215|208|201|233|182|182|158|121|107|100|92|80|81|82|116|103|102|82|77|
2012-03-20|3|1_CTs|ct22||6|6|7|2|1|4|3|0|0|2|1|2|0|0|1|1|3|1|3|0|2|0|2|2|2|1|1|4|4|8|6|11|17|12|21|21|25|27|31|26|26|19|23|27|30|22|20|33|24|29|26|26|34|30|22|30|28|24|24|28|26|26|36|30|33|35|49|50|38|45|49|54|56|57|56|45|41|59|32|33|37|29|24|19|11|10|6|5|11|4|3|10|5|3|2|3|
2012-03-20|3|1_CTs|CT23||0|0|0|0|0|0|0|0|0|0|0|0|0|0|0|0|0|0|0|0|0|0|6|17|10|13|29|39|45|72|132|173|238|261|301|312|259|241|249|187|215|178|182|205|200|178|188|207|226|215|239|235|264|228|205|222|213|234|262|266|242|192|239|254|284|271|301|319|331|375|326|316|279|337|503|395|416|412|431|397|379|374|275|234|187|193|172|154|82|0|0|2|1|0|0|0|
2012-03-20|3|1_CTs|ct24||129|146|98|55|59|40|47|45|33|31|21|28|24|35|27|21|28|34|46|34|44|57|98|112|111|203|322|495|694|891|1019|920|906|965|897|907|950|970|918|907|899|893|896|840|781|776|746|795|733|782|748|855|824|744|719|759|754|796|856|858|750|791|755|739|745|759|747|754|793|872|838|892|916|923|956|918|853|933|788|733|646|647|557|457|352|349|290|287|261|232|241|340|353|299|221|198|
