2014-06-24|3|1_CTs|ct1||42|33|27|28|26|9|9|5|8|6|4|8|4|5|4|4|5|2|7|9|6|9|6|14|11|23|34|42|60|70|144|159|207|211|238|234|260|226|221|191|193|150|159|153|146|140|158|149|170|169|181|171|172|166|163|134|158|192|189|199|186|178|172|173|178|181|181|197|213|216|206|223|221|201|222|235|223|217|194|166|187|169|160|129|128|92|86|83|84|77|79|57|70|50|60|50|
2014-06-24|3|1_CTs|ct3||78|56|57|37|40|29|13|14|18|13|9|14|5|5|10|7|11|13|17|20|14|21|32|39|31|33|61|70|92|95|161|155|200|249|243|275|232|245|259|250|245|237|233|222|232|234|217|231|216|230|226|226|211|233|232|208|210|236|238|266|251|221|246|211|232|226|208|211|184|216|213|196|209|184|195|194|166|193|223|190|175|209|158|181|141|121|96|116|83|98|98|82|95|88|83|53|
2014-06-24|3|1_CTs|ct5||114|83|67|38|47|47|38|35|26|31|22|15|16|9|17|14|15|7|10|10|10|8|8|19|15|28|21|39|47|69|116|125|144|199|223|208|239|205|243|209|188|197|194|177|236|207|213|210|204|233|243|230|222|208|211|202|204|211|218|234|208|225|237|248|277|258|262|301|288|342|328|296|322|315|288|308|311|285|296|278|292|238|224|214|188|143|140|124|160|140|148|132|131|139|138|138|
2014-06-24|3|1_CTs|ct6||12|8|4|2|8|5|4|2|3|2|2|1|0|0|2|0|1|2|0|1|1|3|5|4|1|7|9|15|20|29|43|47|58|68|63|82|68|73|62|55|51|46|56|84|64|38|56|43|46|45|40|47|40|32|47|41|46|66|62|81|61|41|49|32|55|53|48|35|50|50|59|57|69|60|66|58|61|47|44|41|32|35|34|24|30|26|23|17|18|16|24|16|16|21|16|13|
2014-06-24|3|1_CTs|ct7||88|75|66|81|53|49|42|62|41|47|48|40|18|9|22|29|15|17|19|17|29|18|28|35|36|50|27|32|47|52|64|91|105|128|143|137|143|153|174|154|146|153|183|153|150|195|159|186|173|193|188|169|159|171|155|174|162|171|178|171|181|222|185|176|196|194|173|172|169|131|127|172|173|141|152|161|175|153|155|152|192|150|149|152|163|119|121|116|100|104|112|110|120|134|125|114|
2014-06-24|3|1_CTs|ct8||44|39|38|19|29|35|21|23|20|14|15|10|15|4|17|8|6|24|19|13|9|16|10|14|15|18|16|19|33|36|38|63|64|78|80|81|81|85|98|107|87|93|114|104|88|133|90|128|110|110|99|111|88|94|104|99|89|99|107|99|107|127|110|115|135|138|126|99|124|135|130|121|99|117|110|102|103|88|91|90|107|87|82|93|84|72|72|64|53|53|71|49|62|77|69|47|
2014-06-24|3|1_CTs|ct9||78|92|92|75|61|48|36|35|48|37|40|20|65|28|24|24|30|19|28|18|22|14|21|30|23|31|28|48|56|75|99|120|195|206|209|259|232|233|233|195|181|195|176|179|214|180|145|161|168|149|171|168|160|170|149|163|142|139|197|192|206|170|194|174|185|169|184|196|216|201|223|163|194|172|196|197|170|195|151|184|168|150|161|105|123|90|99|80|99|110|73|82|77|78|84|97|
2014-06-24|3|1_CTs|ct10||58|46|53|44|42|44|24|31|24|25|15|25|13|14|17|9|9|13|15|18|14|11|17|15|13|24|21|25|34|38|45|70|119|108|140|136|131|148|136|129|111|116|104|112|109|121|137|110|124|117|112|119|112|123|116|109|121|118|120|131|157|130|115|134|104|134|155|135|135|146|138|142|143|137|161|138|143|128|137|138|118|132|120|106|93|77|80|91|78|77|67|68|89|89|73|107|
2014-06-24|3|1_CTs|ct13||175|176|148|116|104|120|109|92|76|66|46|60|49|39|46|28|40|32|61|52|44|42|64|60|58|108|76|96|100|117|140|186|220|253|229|234|190|260|292|221|236|274|284|250|243|276|271|276|255|287|268|295|268|313|260|255|660|671|326|360|286|217|478|343|575|792|423|326|1142|575|331|554|254|262|277|179|231|231|259|292|236|308|240|281|263|246|225|227|214|208|204|227|230|236|192|250|
2014-06-24|3|1_CTs|ct14||41|44|27|28|18|10|5|16|12|8|5|7|4|3|4|5|6|3|2|14|11|10|13|12|32|36|66|125|172|254|285|279|268|264|251|269|263|244|255|268|263|252|236|198|220|196|192|183|178|173|184|189|164|174|164|162|188|202|235|231|193|204|212|185|179|177|194|197|152|227|235|213|213|226|227|256|214|232|195|201|162|156|115|141|88|92|86|87|73|95|76|60|68|65|58|67|
2014-06-24|3|1_CTs|CT16||93|51|100|85|47|38|25|26|32|96|25|6|20|13|19|21|26|16|40|70|18|19|7|31|17|39|67|66|45|108|128|140|165|167|262|268|167|206|251|202|194|237|192|240|220|196|170|205|171|180|233|156|163|165|148|149|152|188|183|156|199|170|191|167|163|179|214|240|198|225|215|247|269|240|285|248|214|212|189|245|194|167|208|154|115|123|115|76|172|105|108|107|157|99|114|129|
2014-06-24|3|1_CTs|ct18||70|63|49|56|44|48|27|33|33|26|24|19|20|18|16|11|15|19|23|20|18|18|18|24|22|39|27|48|65|73|108|153|179|170|228|202|244|229|230|204|161|205|178|187|176|158|205|154|158|152|148|160|160|176|146|154|150|121|169|160|182|165|183|171|139|179|179|152|178|179|141|161|195|154|202|198|171|149|187|151|148|169|133|130|107|101|96|101|116|126|76|96|115|122|103|125|
2014-06-24|3|1_CTs|ct19||2|3|1|0|0|0|0|0|1|0|0|0|0|0|0|0|0|0|0|0|0|2|2|2|1|5|4|6|1|8|5|5|2|6|5|4|2|8|8|5|10|4|7|10|4|2|6|4|4|4|4|4|5|7|6|12|3|5|2|3|5|5|6|4|6|5|2|4|5|3|6|7|5|4|3|2|4|4|5|3|5|4|5|6|4|4|6|3|3|0|1|1|0|0|2|0|
2014-06-24|3|1_CTs|ct20||0|0|0|0|0|0|0|0|0|0|0|0|0|0|0|0|0|0|0|0|0|0|0|0|0|0|0|0|0|0|0|0|0|0|0|0|0|0|0|1|0|0|0|0|0|0|0|0|0|0|0|0|0|0|0|0|0|0|0|0|0|0|0|0|0|0|0|0|0|0|0|0|0|0|0|0|0|0|0|0|0|0|0|0|0|0|0|0|0|0|0|0|0|0|0|0|
2014-06-24|3|1_CTs|ct22||6|3|3|1|0|0|2|0|3|1|1|0|0|1|1|1|1|2|0|1|0|0|3|1|2|1|4|2|3|4|7|11|12|11|23|15|22|18|22|15|25|27|22|18|18|16|21|13|25|28|33|29|18|25|29|15|17|19|24|22|23|28|23|21|25|33|30|37|44|50|39|54|61|55|57|45|55|34|39|26|34|27|16|15|8|13|7|6|6|7|9|4|5|4|9|6|
2014-06-24|3|1_CTs|CT23||84|76|50|41|32|154|260|206|264|267|215|195|17|16|12|11|13|9|8|19|271|7|7|16|76|255|289|360|400|309|344|414|255|363|386|318|309|307|273|231|210|167|210|205|182|216|215|216|241|258|268|253|264|242|230|215|218|256|259|233|259|240|286|271|290|297|321|322|434|428|387|410|486|476|496|450|462|477|445|368|402|350|313|267|259|218|158|171|209|164|154|103|148|125|115|100|
2014-06-24|3|1_CTs|ct24||168|151|112|100|72|54|51|51|36|38|21|31|19|32|16|30|25|27|32|45|53|60|72|94|127|188|299|470|676|925|941|938|872|871|833|883|896|848|867|938|897|890|881|839|846|777|804|754|785|821|813|877|771|780|737|798|787|836|896|887|816|789|845|783|710|760|769|763|737|850|845|848|915|743|964|935|874|867|764|765|626|643|513|534|398|416|351|316|303|311|307|266|313|291|252|237|
