2015-12-08|7|1_CTs|CT1||46|50|310|275|39|33|32|24|272|21|20|21|21|13|13|12|17|16|21|13|14|18|17|19|21|22|23|28|30|33|29|36|31|38|45|48|42|51|62|69|74|88|324|82|86|89|83|347|88|82|68|75|74|85|79|85|608|105|96|110|98|105|113|86|105|118|105|101|85|365|82|360|96|100|95|99|99|93|68|46|79|333|48|45|49|296|51|45|53|40|298|35|45|30|42|34|
2015-12-08|7|1_CTs|CT2||70|70|69|48|54|68|34|40|42|33|282|18|24|18|8|28|18|18|14|18|20|16|24|30|14|33|34|280|28|28|42|26|52|11|8|7|44|102|38|7|5|10|69|16|7|24|10|45|314|61|378|86|50|12|36|4|20|61|374|89|103|77|141|171|36|161|112|3|39|103|40|46|66|36|46|51|426|138|122|130|102|81|105|63|69|79|68|70|62|57|351|63|46|63|50|40|
2015-12-08|7|1_CTs|CT4||51|274|42|57|40|35|31|28|17|22|21|34|21|20|18|22|11|27|24|14|13|13|18|7|5|12|7|3|5|3|1|4|3|3|3|2|5|5|10|2|12|7|12|7|15|4|13|5|13|15|11|19|27|25|30|18|24|41|33|34|63|33|46|53|33|64|38|36|76|45|33|26|48|31|62|46|52|60|35|24|24|31|29|22|22|27|27|25|27|37|39|36|47|40|52|35|
2015-12-08|7|1_CTs|CT6||42|52|43|31|35|39|30|23|21|25|25|16|15|21|12|14|13|11|12|6|14|4|4|11|11|2|12|7|12|18|26|25|29|21|21|38|291|37|36|311|63|76|71|61|91|117|105|88|121|110|89|92|90|101|339|87|91|120|109|350|377|113|141|138|123|156|133|146|144|372|144|150|134|129|381|114|131|374|342|82|83|57|47|74|306|38|46|59|35|49|60|36|32|33|54|35|
2015-12-08|7|1_CTs|CT7||38|290|46|20|20|24|18|20|12|17|10|18|12|10|3|9|8|4|13|9|8|11|13|17|11|16|19|14|20|12|21|36|18|33|47|40|33|37|43|51|48|58|59|64|73|47|63|67|77|72|79|72|317|79|86|336|339|70|54|64|73|87|94|90|97|106|100|346|111|106|103|339|94|85|89|81|343|98|80|79|330|64|40|47|55|38|37|33|47|42|44|32|40|34|24|18|
2015-12-08|7|1_CTs|CT8||125|100|112|88|73|331|58|42|34|30|33|24|32|34|35|28|23|45|47|70|58|374|104|104|90|338|108|616|119|156|146|155|123|381|153|402|157|399|159|185|178|183|205|221|225|214|233|747|222|229|485|242|218|248|239|233|228|237|272|551|226|303|286|303|327|259|287|539|527|322|270|771|568|270|518|249|231|238|473|254|182|181|158|155|126|128|121|162|136|134|151|144|127|369|123|87|
2015-12-08|7|1_CTs|CT12||320|64|70|43|44|48|27|37|24|28|284|24|21|21|16|16|17|19|16|11|12|11|11|16|13|11|15|17|18|22|36|23|38|37|29|51|56|311|64|77|85|111|103|87|116|135|618|416|131|148|129|688|157|177|152|117|126|392|398|387|158|145|159|187|161|171|172|717|439|162|179|445|437|199|143|179|185|408|135|139|118|96|101|84|79|76|57|70|62|59|46|53|45|52|49|46|
2015-12-08|7|1_CTs|CT13||19|11|14|10|6|9|8|9|4|5|5|5|6|0|2|2|5|2|4|3|4|2|4|5|2|4|8|6|2|7|7|15|8|10|12|12|16|9|18|16|17|15|21|25|23|20|24|287|286|32|29|31|33|41|31|35|38|31|27|38|46|41|40|42|41|50|48|48|40|41|300|304|37|37|42|296|46|38|25|35|27|36|28|29|24|17|23|16|25|21|12|16|22|11|11|6|
2015-12-08|7|1_CTs|CT14||185|159|136|140|100|107|98|81|83|71|85|61|55|314|44|55|50|60|67|75|93|74|350|82|70|316|89|84|110|94|91|131|86|371|107|170|159|157|169|197|208|222|768|192|248|247|458|321|524|279|292|280|272|272|517|224|484|755|492|512|276|535|518|304|565|338|356|593|622|373|611|360|875|352|341|587|339|340|275|259|268|222|179|217|149|167|158|166|184|184|165|175|174|664|142|129|
2015-12-08|7|1_CTs|CT15||18|282|15|29|20|23|17|25|11|9|7|12|11|10|8|16|11|0|10|8|7|2|4|12|8|10|5|7|13|10|23|16|11|18|15|18|11|24|28|39|37|45|30|33|37|37|51|36|59|61|50|74|36|46|49|41|56|54|57|43|60|310|35|49|45|73|38|65|56|56|315|320|70|58|318|59|310|49|42|66|40|32|21|29|35|15|25|39|31|60|42|44|20|26|30|23|
