2013-07-17|2|1_CTs|ct1||85|70|60|33|39|42|19|20|18|18|23|11|7|4|5|8|5|9|10|16|7|13|15|28|22|24|27|43|67|98|98|113|129|134|144|163|142|142|141|150|149|159|175|192|188|184|183|176|199|191|185|190|154|144|155|145|171|155|185|185|188|172|194|193|180|190|195|175|180|187|141|152|155|145|162|151|188|183|177|199|181|170|181|175|150|151|119|117|117|130|107|97|93|115|96|95|
2013-07-17|2|1_CTs|ct2||60|46|31|36|29|25|14|18|16|15|19|11|14|9|5|14|7|11|10|13|12|15|22|15|18|27|28|23|29|41|47|72|68|67|84|82|88|90|110|106|114|122|131|126|111|120|103|113|117|99|112|119|107|96|95|83|91|95|95|123|112|118|117|102|106|105|105|113|119|92|86|79|108|95|113|119|139|136|128|130|128|134|115|132|102|85|77|79|68|88|88|69|63|88|65|67|
2013-07-17|2|1_CTs|ct3||75|71|58|54|44|47|30|25|24|32|17|17|14|17|8|12|9|14|7|18|18|20|27|30|31|44|36|41|61|84|86|101|101|99|105|105|110|112|117|122|141|142|155|165|146|163|138|141|167|150|141|143|120|125|135|125|149|133|134|156|163|163|157|131|144|151|147|124|132|146|108|111|134|132|122|100|129|144|134|137|146|155|137|138|159|138|137|112|108|125|112|102|96|86|112|104|
2013-07-17|2|1_CTs|ct4||41|49|57|48|36|27|24|20|25|14|22|14|12|11|17|7|7|13|11|17|8|17|22|17|20|21|17|21|34|37|49|61|64|85|98|123|120|112|111|109|112|107|135|124|80|101|96|122|102|107|108|86|91|92|80|96|90|97|110|116|109|115|96|98|102|108|97|97|98|112|90|102|93|81|82|76|97|89|102|103|87|92|73|90|79|79|74|74|67|74|73|62|72|64|67|70|
2013-07-17|2|1_CTs|ct5||90|88|86|77|48|51|42|41|31|21|26|21|15|17|19|15|10|16|19|23|15|16|36|32|26|29|33|32|43|56|69|92|99|123|170|171|173|155|168|158|195|173|207|174|183|174|173|182|197|187|194|181|167|135|142|150|148|163|168|210|195|189|173|208|200|196|172|186|203|178|174|186|182|161|180|169|166|161|185|187|170|148|140|159|151|129|145|113|97|129|127|131|122|120|117|112|
2013-07-17|2|1_CTs|ct6||79|98|77|68|54|48|36|27|29|22|34|15|24|20|19|14|12|9|19|22|21|17|21|18|30|28|27|18|32|44|48|57|79|90|99|97|117|95|94|111|134|108|140|136|129|143|149|128|148|150|172|159|123|122|112|114|126|141|138|154|160|167|148|165|169|150|162|168|179|181|133|151|148|140|149|129|160|150|153|151|151|132|141|129|132|110|125|104|121|108|115|123|102|110|109|107|
2013-07-17|2|1_CTs|ct17||71|58|53|53|34|34|29|22|18|22|12|13|9|11|8|12|8|10|4|12|11|11|17|19|13|22|30|29|53|48|66|83|79|89|110|93|110|107|134|94|110|116|104|109|78|125|133|66|121|88|112|109|94|129|101|107|130|95|119|98|128|132|98|83|101|101|106|73|70|100|84|79|102|114|128|94|113|101|109|119|113|116|129|106|141|116|160|106|96|118|114|108|81|83|100|90|
2013-07-17|2|1_CTs|CT19||0|0|0|0|0|0|0|0|3|0|0|0|0|0|0|0|0|0|0|0|0|0|0|0|2|0|2|0|0|2|2|0|0|4|0|3|2|0|0|1|1|0|2|2|0|0|3|2|0|2|2|0|0|0|4|0|1|0|0|0|2|1|3|0|0|0|5|2|1|0|0|0|0|1|1|0|0|1|1|0|1|0|3|0|0|0|0|0|0|0|0|0|0|1|0|0|
2013-07-17|2|1_CTs|CT20||70|55|82|62|43|49|37|34|30|34|26|22|19|17|13|14|8|12|9|14|15|15|14|18|18|18|40|45|58|63|79|83|89|95|100|93|84|106|91|97|79|77|77|85|89|80|76|63|72|83|83|71|83|82|86|96|88|79|61|80|81|84|73|71|63|99|86|77|95|87|78|95|92|73|49|60|62|57|36|62|84|90|86|103|98|90|110|110|81|99|100|81|85|82|96|85|
2013-07-17|2|1_CTs|CT21||33|20|20|14|15|18|16|10|10|5|6|7|3|3|3|7|4|2|3|4|2|2|5|5|5|8|10|15|17|15|26|36|38|42|54|51|45|44|48|38|55|39|41|40|48|53|36|46|48|38|48|34|27|33|30|37|42|37|37|45|45|43|43|36|40|43|45|49|38|50|44|44|50|49|37|39|33|27|19|34|44|38|42|53|32|36|33|46|27|30|35|35|26|33|17|35|
