2017-11-19|2|1_CTs|ct1||900|189|158|124|575|75|68|68|62|54|63|49|46|36|33|36|39|31|265|32|25|30|29|38|44|29|43|50|50|61|69|56|59|70|317|77|83|95|120|100|104|127|126|137|130|117|131|126|421|158|163|163|335|174|158|151|159|170|191|167|169|424|195|136|130|119|116|54|0|0|372|403|149|154|161|876|166|409|150|144|116|115|92|111|95|75|94|359|75|96|87|73|91|334|64|59|
2017-11-19|2|1_CTs|ct2||63|9|0|54|553|38|51|55|32|33|36|32|21|21|25|26|24|17|17|17|21|22|18|23|22|20|26|18|20|19|36|24|32|36|272|287|48|54|57|44|51|61|41|46|60|52|56|47|338|56|77|69|285|80|83|60|67|80|74|79|79|82|99|94|87|66|362|101|63|87|72|68|75|77|69|774|75|331|55|76|55|51|58|61|39|43|43|53|298|44|51|45|50|36|38|47|
2017-11-19|2|1_CTs|ct3||90|99|103|97|573|69|56|45|49|37|40|36|36|26|30|36|24|19|20|25|15|22|19|22|26|16|22|29|284|37|28|32|40|44|288|43|52|314|61|64|80|81|92|93|106|90|83|314|105|103|116|110|850|110|359|101|106|102|352|122|106|98|126|112|91|104|567|78|122|86|68|100|99|127|121|352|106|100|100|99|336|81|60|67|84|68|73|51|55|69|64|53|66|46|44|31|
2017-11-19|2|1_CTs|ct4||73|57|58|33|308|48|40|33|32|30|16|27|22|25|25|23|19|30|18|24|26|16|19|18|22|18|17|15|10|16|15|19|24|25|25|20|36|25|284|33|39|53|49|52|61|37|64|46|57|55|81|59|322|47|65|53|66|75|49|75|56|50|70|71|74|46|325|79|61|69|77|93|87|76|56|66|332|65|49|48|75|41|40|35|29|39|43|42|33|37|32|43|39|47|33|32|
2017-11-19|2|1_CTs|ct5||353|55|53|47|47|37|40|32|34|27|27|30|18|21|20|18|13|28|15|17|15|17|15|9|13|11|21|9|8|268|13|21|282|23|30|282|34|33|29|33|47|47|57|51|65|66|56|306|57|60|57|65|69|77|313|62|53|71|59|71|58|46|77|78|82|77|577|74|70|100|351|101|102|75|77|75|328|56|65|65|330|47|37|43|36|43|45|47|301|39|32|44|311|61|33|31|
2017-11-19|2|1_CTs|ct6||962|241|206|134|118|107|106|85|93|92|69|71|69|71|65|47|38|54|49|48|52|35|44|50|47|45|38|39|38|32|43|47|51|543|61|314|78|63|64|77|77|83|85|99|97|86|133|88|103|109|107|122|631|110|96|114|124|129|374|130|373|137|143|162|168|697|450|176|175|431|695|731|207|185|160|165|149|149|137|132|395|111|109|94|92|94|107|87|92|96|92|89|100|100|97|80|
2017-11-19|2|1_CTs|ct17||201|191|163|176|138|388|114|90|85|100|92|99|68|68|60|82|56|51|47|49|41|48|50|43|43|38|52|59|51|63|45|52|319|75|344|84|350|107|107|110|153|131|148|172|181|155|152|397|161|168|200|196|407|162|153|180|162|161|189|162|172|154|153|138|157|150|675|176|176|624|103|138|206|198|198|661|669|439|163|178|148|143|128|153|120|113|96|94|113|114|97|112|108|92|86|74|
2017-11-19|2|1_CTs|CT19||327|331|50|56|561|62|306|48|30|37|354|231|17|42|23|31|15|267|16|14|12|16|15|15|26|13|16|22|18|26|23|17|286|293|45|287|35|552|44|45|56|56|65|68|330|62|78|309|65|69|75|829|832|325|70|76|78|84|89|334|81|80|71|89|97|345|855|107|86|77|344|369|109|122|100|99|352|103|73|73|69|67|67|62|61|44|303|48|550|49|49|44|299|40|32|35|
2017-11-19|2|1_CTs|CT20||585|343|77|68|316|53|66|72|64|50|316|575|55|54|60|34|49|37|28|27|29|22|19|29|17|17|23|21|21|19|269|23|17|546|536|29|537|32|41|51|58|48|67|60|66|66|42|73|74|74|73|318|585|330|331|64|63|67|73|55|64|330|65|84|71|851|599|86|69|73|86|72|77|79|73|62|583|322|64|67|73|72|68|61|61|49|305|54|41|45|45|52|318|51|46|34|
2017-11-19|2|1_CTs|CT21||43|50|41|31|27|26|32|34|18|24|21|23|284|15|21|15|16|14|19|9|14|5|9|8|6|6|8|5|9|7|10|8|9|256|10|12|13|21|21|31|28|35|50|46|45|35|37|48|51|53|37|287|37|41|51|30|41|43|41|294|271|52|32|58|39|42|47|50|42|40|50|38|51|51|36|47|42|545|38|40|553|41|23|27|35|22|60|230|23|28|19|19|28|29|16|28|
