2016-04-16|7|1_CTs|CT1||50|55|36|33|33|32|291|30|288|27|24|17|25|28|23|23|16|22|14|22|17|20|19|20|278|18|20|24|22|35|41|50|54|47|61|329|82|321|74|96|92|96|351|97|106|87|357|108|92|122|110|112|353|91|115|99|100|94|104|105|357|115|374|107|116|80|353|110|366|100|101|104|602|95|96|109|362|89|91|94|91|99|84|90|89|66|65|64|55|60|310|52|68|68|55|52|
2016-04-16|7|1_CTs|CT2||58|60|44|56|31|41|39|26|294|26|33|15|21|23|18|13|17|16|11|19|25|20|21|271|20|16|29|32|34|37|44|57|54|74|90|91|353|109|128|410|118|151|405|150|144|149|157|164|153|408|147|156|420|143|160|164|131|115|133|132|672|159|156|145|136|147|146|131|148|149|163|120|458|267|326|308|246|502|306|275|287|526|229|213|209|166|175|136|134|132|100|114|116|128|106|118|
2016-04-16|7|1_CTs|CT4||73|59|63|108|47|40|55|42|33|285|15|114|186|9|19|10|9|13|13|6|8|5|8|6|8|7|11|3|2|2|1|7|4|4|9|16|15|14|27|26|26|42|89|72|34|30|47|36|51|48|36|39|53|31|42|22|38|32|303|50|57|62|48|66|49|55|43|47|47|59|40|33|31|52|28|59|56|46|29|307|49|38|311|62|48|59|38|36|25|38|56|52|72|60|319|59|
2016-04-16|7|1_CTs|CT6||37|48|41|36|40|29|37|40|29|29|31|21|21|267|16|10|10|8|13|20|8|11|9|8|7|8|5|10|14|15|13|20|16|42|323|68|62|41|58|336|81|95|92|100|77|108|99|112|114|142|111|123|128|101|365|83|82|82|83|96|347|91|115|123|124|103|128|91|109|372|124|125|118|100|108|622|114|369|115|81|78|92|85|65|60|58|68|56|53|38|51|57|53|68|58|69|
2016-04-16|7|1_CTs|CT7||41|299|297|19|24|22|18|22|21|17|9|17|12|15|4|13|12|13|9|17|11|17|15|12|14|26|16|25|24|21|294|39|49|34|49|68|70|78|65|64|83|103|78|92|350|84|99|342|110|606|90|116|355|88|101|113|100|104|93|114|355|347|102|114|370|91|92|344|100|86|114|74|324|110|93|84|353|106|109|106|100|85|82|82|59|55|52|64|46|43|292|55|47|49|305|40|
2016-04-16|7|1_CTs|CT8||399|117|88|98|77|78|80|66|46|55|48|310|298|31|303|41|59|323|43|66|73|71|74|100|73|89|90|114|133|174|474|188|713|216|234|497|244|516|565|278|260|289|307|290|534|595|338|272|301|307|278|297|274|516|263|265|249|273|516|342|293|305|596|263|289|296|559|289|286|546|565|550|535|274|265|262|769|305|295|302|500|293|239|479|205|426|154|147|163|141|138|405|400|403|137|155|
2016-04-16|7|1_CTs|CT12||73|81|60|61|48|292|40|29|41|31|49|21|29|22|25|18|17|13|17|20|17|20|18|11|15|13|11|14|22|27|33|22|32|44|87|84|95|89|104|143|138|133|164|189|146|175|177|190|425|502|197|184|209|180|452|410|155|134|125|152|441|193|703|182|176|174|189|151|420|175|179|172|177|166|185|184|183|182|198|425|185|173|142|116|622|102|96|94|67|69|67|89|67|78|333|51|
2016-04-16|7|1_CTs|CT13||17|282|4|13|5|11|5|8|5|6|5|8|4|5|2|3|2|5|4|260|2|7|4|4|5|3|7|5|4|6|14|12|30|11|15|32|25|23|14|22|24|37|44|50|47|35|33|39|39|31|30|48|48|42|302|55|49|44|43|52|44|42|43|56|55|50|292|51|54|292|48|35|53|316|58|46|296|45|51|43|42|44|36|34|26|27|22|28|19|26|19|25|9|23|545|21|
2016-04-16|7|1_CTs|CT14||441|415|151|152|129|120|107|101|94|104|85|68|67|59|68|51|74|72|66|60|80|82|87|594|75|80|73|114|123|99|127|392|413|161|168|201|219|481|239|262|293|276|266|260|285|327|313|334|346|332|348|349|381|353|580|300|294|822|302|604|578|294|586|590|632|310|343|843|353|379|375|579|405|632|362|606|359|336|356|372|328|287|235|298|198|183|177|160|180|152|180|168|172|192|430|198|
2016-04-16|7|1_CTs|CT15||56|56|45|32|28|35|25|24|33|27|37|19|16|15|22|10|5|7|2|22|13|11|5|11|14|7|13|11|16|16|14|19|21|27|275|296|60|45|55|54|58|66|61|80|71|81|77|83|89|84|70|82|105|347|83|54|45|43|62|76|73|78|90|612|66|62|103|75|81|60|57|92|121|89|74|342|117|96|107|84|89|342|99|56|78|324|38|63|76|72|58|50|44|40|50|51|
