2014-10-06|6|1_CTs|CT1||0|0|1|3|0|1|0|3|0|0|0|2|0|0|0|1|0|2|1|0|2|2|3|3|2|2|1|3|2|10|8|74|158|126|76|89|93|63|44|7|8|10|6|5|2|5|8|8|7|2|6|4|4|7|7|0|2|3|5|12|6|4|11|7|6|4|8|7|4|14|8|12|1|9|8|16|3|4|4|6|6|3|2|2|3|2|1|2|2|2|0|1|2|0|0|0|
2014-10-06|6|1_CTs|CT3||8|12|5|9|5|2|3|1|5|3|2|1|1|6|5|2|8|10|12|21|24|31|30|36|39|35|44|38|54|68|87|97|85|109|102|122|106|101|94|77|61|67|62|54|60|54|64|63|56|57|55|61|53|49|54|59|60|57|56|47|57|55|43|55|53|39|50|61|60|72|50|72|44|61|76|59|57|33|45|46|35|32|32|17|26|21|12|21|17|10|17|19|31|23|11|10|
2014-10-06|6|1_CTs|CT4||5|4|4|4|4|1|3|1|0|0|0|2|0|0|2|3|0|0|1|2|0|4|0|0|1|1|1|1|4|11|12|23|50|49|26|27|26|21|2|19|25|29|21|26|14|9|21|16|5|18|8|13|39|37|32|32|11|18|36|22|29|33|33|33|33|20|32|46|29|28|49|46|48|55|45|55|46|35|30|45|48|24|23|31|10|16|27|7|7|15|5|10|6|7|11|9|
2014-10-06|6|1_CTs|CT5||15|19|12|9|12|10|7|2|4|1|8|3|6|5|4|3|4|4|4|5|4|2|8|7|10|12|21|16|14|24|51|48|67|82|65|85|86|113|103|72|64|73|57|75|65|62|67|66|80|68|68|68|60|76|60|71|81|85|83|81|77|69|74|71|55|68|74|78|63|88|68|81|81|89|83|89|80|63|55|57|54|40|68|34|37|40|40|28|24|28|16|15|22|19|18|15|
2014-10-06|6|1_CTs|CT6||15|15|3|3|6|3|9|8|3|3|1|1|3|1|3|3|2|4|6|4|8|10|14|12|21|18|11|29|30|44|63|107|154|200|193|208|179|171|135|129|100|93|77|86|96|91|89|102|85|83|104|96|99|115|95|98|108|111|96|103|96|90|103|86|119|103|108|103|163|145|132|111|158|115|124|124|119|81|109|105|120|105|83|71|73|61|68|62|57|54|50|34|28|57|40|16|
2014-10-06|6|1_CTs|CT7||4|6|4|3|2|1|2|1|2|3|1|0|2|1|0|0|0|5|2|1|2|1|0|2|4|2|2|13|10|13|21|24|40|39|43|39|37|36|38|32|24|19|19|27|27|27|10|25|26|21|33|19|48|17|18|24|27|26|24|27|21|25|18|21|28|25|35|22|23|31|24|29|43|37|36|35|18|26|31|29|20|25|21|9|15|17|7|9|15|8|9|5|7|9|5|6|
2014-10-06|6|1_CTs|CT8||32|36|22|22|19|25|10|11|9|12|7|7|27|10|7|4|9|8|7|7|5|12|18|19|28|30|52|57|62|115|172|212|249|226|200|182|160|203|186|173|166|139|158|146|145|134|147|138|131|144|136|157|141|146|132|149|152|163|139|152|128|148|133|138|144|149|170|171|171|209|199|181|179|222|202|195|164|170|163|144|141|147|117|112|84|96|79|83|63|67|63|78|69|53|64|45|
2014-10-06|6|1_CTs|CT9||27|39|25|19|13|8|17|15|5|5|6|8|6|5|6|6|5|5|5|9|9|19|23|25|33|38|47|67|79|132|213|335|360|393|414|395|406|331|290|276|222|173|210|202|183|176|214|181|204|181|189|188|205|213|196|203|218|229|221|189|206|199|222|210|231|209|221|236|230|264|302|351|290|339|318|259|257|228|205|194|171|156|145|142|114|126|112|111|69|76|78|71|61|56|63|47|
2014-10-06|6|1_CTs|CT10||24|20|9|6|15|3|6|4|2|3|6|2|5|4|2|6|1|2|1|9|5|13|10|19|23|23|26|38|49|73|121|148|152|209|201|185|215|178|185|167|153|133|128|140|144|142|134|147|129|146|147|156|159|148|119|138|149|135|128|137|133|137|159|169|200|201|207|254|236|238|229|219|213|213|238|206|212|174|197|164|165|150|124|96|100|74|85|62|55|51|68|48|33|40|42|32|
2014-10-06|6|1_CTs|CT11||23|20|12|15|7|7|5|4|5|4|3|5|9|4|4|5|5|5|3|4|5|15|19|20|35|43|46|63|94|146|228|331|200|200|274|217|154|189|220|256|198|209|200|208|169|161|183|180|178|185|177|175|218|185|161|171|189|203|196|176|183|186|179|189|195|183|207|218|245|231|236|239|207|227|219|187|180|171|166|167|140|152|115|99|81|88|81|87|56|51|33|61|55|32|31|41|
2014-10-06|6|1_CTs|CT12||33|28|11|11|18|6|9|4|4|5|6|5|2|5|2|2|1|1|8|5|9|13|17|21|22|26|28|51|49|78|141|218|289|329|312|277|298|275|279|239|182|161|144|176|183|167|154|186|192|178|188|180|204|203|147|172|171|216|180|206|177|192|192|206|225|241|267|280|331|325|309|317|324|262|242|275|322|250|240|232|194|203|160|108|112|98|94|72|62|58|68|56|40|40|48|43|
2014-10-06|6|1_CTs|CT15||31|23|14|10|6|7|12|7|3|7|3|6|3|6|4|4|3|11|14|14|20|29|20|37|27|42|43|62|69|94|139|189|229|235|242|215|223|207|178|169|112|113|103|131|116|126|105|114|111|105|126|119|127|122|98|91|124|135|108|121|118|111|92|101|113|112|118|130|132|148|147|178|156|184|182|156|114|108|103|91|91|105|75|56|57|69|45|56|36|36|43|22|39|47|30|26|
2014-10-06|6|1_CTs|CT16||25|30|12|17|10|5|9|2|7|5|6|7|10|4|1|8|3|6|4|3|10|12|8|16|29|33|34|57|66|105|163|290|326|282|313|278|294|281|276|242|213|193|195|203|161|180|159|183|185|147|197|163|204|200|140|172|166|191|183|196|170|158|154|200|211|195|205|211|233|252|221|241|225|228|243|239|199|197|186|182|161|160|164|99|106|105|86|88|77|48|71|54|48|45|35|45|
2014-10-06|6|1_CTs|CT17||14|9|7|5|7|1|4|4|4|2|1|4|0|2|1|2|1|1|3|0|1|2|6|3|5|3|7|15|8|16|24|47|87|82|44|53|42|40|45|41|40|30|33|32|48|33|36|34|38|26|45|46|31|48|36|22|38|42|27|31|30|35|20|36|31|32|29|30|40|49|55|60|45|47|61|68|57|44|37|39|51|40|35|24|29|21|16|25|12|14|13|9|9|12|14|12|
2014-10-06|6|1_CTs|CT18||40|54|37|20|22|19|16|9|12|2|12|8|11|10|8|9|8|15|8|11|16|18|22|24|35|38|46|50|74|126|181|265|326|329|307|324|296|232|243|276|265|244|236|244|223|224|211|221|250|208|221|237|216|259|228|244|221|254|253|254|235|224|226|222|231|245|254|279|274|302|292|283|272|283|277|290|263|235|223|202|192|188|205|140|143|143|119|115|92|90|89|92|85|67|66|58|
2014-10-06|6|1_CTs|CT19||24|21|10|20|16|10|12|7|8|2|1|8|2|4|2|5|0|3|4|6|3|8|10|7|4|7|9|19|21|32|62|96|183|158|133|182|179|149|152|151|109|104|120|120|121|133|148|147|163|125|136|144|148|157|120|125|143|108|160|141|141|133|144|154|150|166|186|190|205|201|243|218|240|233|239|214|212|220|188|153|167|136|109|92|106|75|75|64|53|55|60|42|38|47|38|39|
2014-10-06|6|1_CTs|CT20||22|13|12|3|6|4|5|5|4|3|3|3|5|1|2|2|5|3|4|7|8|16|10|16|11|19|20|26|26|39|55|94|145|142|149|152|159|144|128|102|60|94|81|105|112|130|113|97|117|88|105|93|62|54|98|116|122|119|105|104|115|46|88|112|115|131|117|117|135|157|21|127|133|140|139|127|147|128|105|62|92|80|91|64|62|70|64|45|43|50|50|41|28|34|29|12|
2014-10-06|6|1_CTs|CT21||76|59|46|25|26|18|16|15|19|11|10|11|10|11|7|9|18|24|27|33|41|51|64|67|61|61|82|102|154|204|273|316|370|382|370|339|344|348|308|314|226|216|247|256|213|216|239|230|196|208|210|232|214|206|203|204|234|289|225|206|225|237|239|189|225|220|196|206|243|267|232|228|238|253|253|227|233|193|210|206|183|162|136|107|120|124|86|95|87|102|83|84|109|85|68|79|
2014-10-06|6|1_CTs|CT22||68|57|56|37|35|30|22|19|20|21|13|9|13|13|16|12|19|24|45|46|55|56|70|94|61|69|62|98|106|146|199|190|200|284|293|296|270|306|268|270|233|255|238|245|211|232|278|249|269|277|278|254|235|246|235|237|238|203|265|238|284|263|262|293|336|333|309|316|383|412|416|409|383|389|390|345|354|371|303|288|242|239|192|194|143|155|145|128|128|146|122|99|115|107|96|95|
2014-10-06|6|1_CTs|CT23||43|48|35|28|26|25|23|8|16|12|12|9|22|14|10|7|12|15|14|14|15|25|36|45|46|46|72|87|110|155|263|336|348|352|370|366|361|348|332|335|268|208|252|232|215|223|225|220|227|199|232|250|233|229|211|227|258|218|240|273|210|259|213|243|232|226|257|284|285|325|299|329|303|328|334|326|292|295|252|247|225|206|204|172|117|155|111|122|101|95|84|87|98|80|81|64|
2014-10-06|6|1_CTs|CT24||48|43|51|25|30|13|18|17|12|10|9|9|6|13|4|11|12|16|20|20|19|17|31|34|44|44|52|88|98|154|180|256|280|348|333|379|371|349|322|313|267|247|267|239|228|271|251|224|236|261|296|268|274|261|221|234|251|256|259|270|282|259|266|304|290|380|354|351|377|391|390|419|427|433|385|382|433|395|354|283|303|259|204|187|176|143|140|127|106|107|125|92|93|95|73|88|
