2011-04-19|22|1_CTs|CT1||8|18|8|11|4|4|9|5|1|2|9|3|4|3|5|7|4|4|0|6|6|10|14|20|23|16|29|31|39|62|95|105|111|114|146|141|141|122|120|97|94|90|81|93|66|82|65|71|69|76|84|86|74|64|61|82|70|72|81|65|81|84|68|64|66|82|74|73|92|64|94|84|77|70|90|80|79|57|62|50|47|60|41|39|39|36|33|27|29|26|29|25|20|26|17|11|
2011-04-19|22|1_CTs|CT2||26|25|13|22|12|13|6|4|7|6|11|4|5|7|6|9|4|3|2|7|11|13|14|33|26|30|30|53|62|86|109|148|164|175|185|201|191|195|191|174|129|159|150|140|131|169|143|159|159|138|137|140|131|155|150|157|151|156|144|150|149|156|165|169|136|144|164|162|194|193|163|197|180|194|164|172|175|146|127|118|134|121|98|106|95|73|67|63|69|78|53|44|40|52|47|40|
2011-04-19|22|1_CTs|CT3||43|39|20|28|16|17|6|9|10|12|10|11|10|10|7|8|8|6|4|9|12|17|11|45|32|42|47|61|97|147|154|236|225|260|264|281|249|252|234|235|180|190|192|197|163|220|219|209|189|198|200|195|173|211|187|183|203|213|172|219|208|211|226|240|200|209|221|206|261|253|241|234|266|245|213|220|208|218|201|183|175|143|147|131|119|130|98|97|95|102|81|74|84|82|67|56|
2011-04-19|22|1_CTs|CT4||31|20|15|14|19|14|5|10|12|5|4|8|7|6|3|3|0|3|5|3|6|9|9|22|26|34|35|44|66|89|84|118|128|139|171|171|154|184|170|172|142|183|169|145|162|170|146|153|144|146|156|128|155|155|136|123|136|157|168|189|203|201|225|163|153|165|171|174|172|193|175|190|158|209|200|194|182|156|155|148|143|130|100|114|93|87|72|60|66|71|70|62|59|37|33|47|
2011-04-19|22|1_CTs|CT5||28|20|15|18|20|13|7|11|14|11|2|11|6|6|6|5|2|3|2|5|12|13|12|25|23|35|33|58|62|83|107|141|153|165|182|217|201|181|210|206|164|168|192|138|168|188|177|177|176|159|184|168|166|187|153|147|148|177|159|172|196|198|193|185|168|180|203|189|206|236|219|205|180|234|226|222|232|189|181|178|174|149|141|147|113|87|90|78|78|81|58|63|54|49|46|55|
2011-04-19|22|1_CTs|CT6||19|11|11|12|16|8|3|14|6|5|4|5|0|4|5|4|0|0|0|6|3|8|12|8|19|22|15|33|30|50|46|55|74|75|72|106|103|97|100|95|83|95|108|89|95|117|101|109|90|110|87|90|101|109|89|87|94|109|122|110|133|177|158|101|110|120|109|121|158|186|168|134|109|144|142|127|154|146|107|115|116|101|85|91|70|53|49|54|60|67|52|53|52|55|32|33|
2011-04-19|22|1_CTs|CT7||2|4|1|3|6|2|1|0|0|0|5|2|0|1|2|1|0|1|1|2|0|0|3|3|2|1|4|9|9|9|16|18|19|33|32|27|33|37|35|35|16|23|29|17|27|27|24|34|32|24|26|20|26|25|31|28|27|26|30|26|26|18|25|25|24|20|27|34|27|35|25|31|34|21|25|25|22|16|16|14|22|24|16|22|9|8|12|7|12|14|18|6|5|14|9|4|
2011-04-19|22|1_CTs|CT8||2|3|2|1|5|1|0|1|2|3|2|2|0|0|0|1|1|2|2|2|2|1|2|2|3|4|2|2|5|17|8|22|27|21|19|31|49|34|21|30|31|19|27|27|30|39|27|30|40|30|44|26|32|31|27|37|26|32|36|31|39|37|42|37|33|42|36|38|57|79|90|115|116|115|113|65|58|58|53|41|48|23|24|29|22|22|20|18|31|44|40|35|21|42|23|13|
2011-04-19|22|1_CTs|CT9||30|19|21|10|21|8|6|6|5|12|5|6|10|7|7|4|3|6|5|10|15|15|17|36|35|45|54|99|102|155|209|273|247|271|246|271|240|250|252|200|185|197|185|169|151|171|183|184|155|164|159|181|176|161|159|164|170|174|144|163|151|156|159|186|156|181|162|122|175|165|168|151|158|159|165|181|147|116|128|133|99|92|91|97|77|96|86|71|66|70|34|35|39|42|48|42|
2011-04-19|22|1_CTs|CT10||1|1|0|0|2|0|2|2|0|1|0|1|1|0|3|1|0|1|1|2|2|2|4|6|5|10|8|8|8|7|8|8|10|8|7|7|4|8|8|14|5|4|4|11|5|3|3|4|5|1|4|3|4|13|2|9|7|3|2|5|2|2|9|1|7|11|5|6|9|6|11|6|4|7|5|5|5|2|5|1|2|5|1|4|1|5|1|3|0|2|8|24|15|19|1|1|
