2015-12-19|6|1_CTs|CT1||4|1|2|2|0|1|1|1|2|0|1|0|1|1|1|2|0|1|0|0|2|1|0|1|2|0|7|2|1|1|1|3|1|2|4|5|9|9|5|13|3|6|7|7|9|14|5|7|0|4|6|3|4|6|2|7|5|10|8|7|7|4|4|0|3|4|8|7|7|3|3|11|6|3|3|8|4|4|2|5|4|4|3|4|4|0|3|5|2|0|1|2|3|2|0|1|
2015-12-19|6|1_CTs|CT3||15|9|13|12|12|7|6|7|3|3|3|2|7|4|5|7|8|8|251|11|16|15|25|30|34|28|25|22|19|34|37|29|36|39|35|42|35|29|33|30|33|40|42|238|32|41|35|28|30|30|41|31|35|279|33|23|35|34|31|43|35|38|35|46|43|40|272|30|36|41|255|38|28|33|28|28|32|27|27|30|29|29|30|11|19|23|8|10|13|13|14|13|18|265|10|14|
2015-12-19|6|1_CTs|CT4||9|11|12|11|12|11|8|12|9|8|2|10|2|8|8|2|1|5|4|3|2|5|0|5|2|0|2|4|5|6|6|5|6|10|10|10|12|11|11|13|22|17|22|17|26|24|2|17|27|18|24|21|19|23|32|2|18|17|15|13|11|18|28|24|21|22|10|2|21|15|9|15|23|29|28|21|29|22|17|33|27|16|16|1|8|262|5|4|10|5|5|3|8|6|2|4|
2015-12-19|6|1_CTs|CT5||46|44|26|34|21|28|22|21|27|15|14|20|13|10|21|18|10|8|10|13|12|11|7|8|15|12|18|10|20|18|17|28|23|33|30|32|32|41|286|59|54|66|65|69|57|54|60|328|60|316|50|64|53|54|285|31|38|34|318|57|72|63|51|69|69|64|61|338|320|83|344|75|56|315|308|324|46|64|57|301|56|56|45|33|46|37|24|33|30|31|24|19|18|22|33|277|
2015-12-19|6|1_CTs|CT7||8|17|8|8|7|5|5|8|3|5|1|5|2|4|4|1|3|4|2|4|7|1|1|6|2|11|6|12|5|15|9|11|16|9|276|278|17|15|22|16|28|15|20|34|22|26|23|39|37|35|30|22|30|29|28|24|15|28|24|35|23|27|25|35|28|26|29|21|26|24|31|31|20|22|27|21|22|13|16|15|20|25|25|11|13|16|13|14|9|11|266|6|14|10|6|6|
2015-12-19|6|1_CTs|CT8||98|77|72|71|60|288|64|46|40|39|34|35|37|54|294|36|46|41|33|283|17|12|13|23|22|30|22|32|40|46|53|67|51|61|89|343|83|350|132|126|85|128|131|357|109|141|128|345|130|131|123|132|329|123|388|135|114|352|142|128|158|148|137|130|360|153|152|148|143|152|148|148|140|376|115|140|138|129|154|125|118|115|107|341|83|569|296|324|71|58|533|53|291|68|67|60|
2015-12-19|6|1_CTs|CT9||124|128|78|77|66|59|61|39|39|34|26|31|23|25|21|26|18|26|30|21|27|25|28|36|43|30|41|47|45|51|61|91|83|72|101|155|149|139|156|419|152|159|162|427|191|187|171|451|187|448|182|199|206|480|202|165|155|191|419|198|683|190|188|244|244|223|273|527|217|226|206|197|172|160|164|156|159|147|409|142|151|169|143|132|104|90|82|88|63|71|94|83|74|81|54|78|
2015-12-19|6|1_CTs|CT10||45|65|311|48|36|32|31|30|26|21|278|16|21|23|18|12|13|15|19|273|14|19|17|28|25|19|28|24|32|34|41|43|303|314|62|83|96|97|97|118|121|126|382|635|395|382|149|152|149|153|135|164|151|178|130|136|125|118|599|120|127|369|174|150|397|145|407|425|161|147|157|144|390|1136|392|134|135|119|136|383|380|112|107|92|86|284|84|62|55|44|36|37|57|60|58|73|
2015-12-19|6|1_CTs|CT11||73|63|43|36|37|28|285|19|21|20|17|22|10|15|12|10|13|11|10|13|10|17|13|30|29|29|44|41|44|55|66|109|91|99|138|416|148|171|172|185|164|179|182|205|174|181|178|188|173|696|204|207|187|168|431|137|140|411|180|176|415|155|174|201|200|207|220|430|185|184|414|145|144|154|387|133|122|149|401|401|136|128|123|113|105|78|92|63|58|48|53|305|43|302|45|59|
2015-12-19|6|1_CTs|CT12||85|77|70|65|53|30|40|34|30|25|27|23|19|24|21|23|15|26|23|275|14|16|17|34|27|29|27|25|36|40|50|62|68|74|333|96|96|128|137|145|161|158|150|175|170|181|442|227|181|194|220|215|219|727|421|156|152|144|153|168|429|183|435|197|452|180|196|457|206|197|447|166|420|441|164|157|144|153|146|410|164|119|120|113|101|342|93|90|60|62|312|53|75|64|64|84|
2015-12-19|6|1_CTs|CT15||46|52|35|33|33|31|25|15|13|18|16|17|11|12|9|11|19|13|20|18|35|21|27|284|40|50|46|62|40|58|48|81|302|69|85|127|98|358|97|102|99|101|367|356|107|374|337|122|108|100|131|112|358|359|102|88|83|123|93|115|91|93|109|138|113|115|158|114|103|99|363|109|104|98|356|97|92|76|77|305|77|77|79|52|60|57|50|42|306|34|52|32|48|303|40|37|
2015-12-19|6|1_CTs|CT16||69|78|66|50|39|45|34|33|32|263|24|25|14|18|22|13|19|15|12|19|19|22|13|27|23|32|43|44|40|61|51|91|68|94|138|157|154|140|174|181|172|177|174|452|447|193|195|192|221|215|217|219|451|468|214|165|157|180|178|191|191|186|186|231|206|214|216|206|198|199|459|193|150|171|161|176|157|160|165|400|168|142|161|133|123|84|115|80|82|59|51|59|69|67|54|322|
2015-12-19|6|1_CTs|CT17||92|83|72|83|49|54|40|49|29|27|39|31|25|19|27|26|21|27|24|18|9|19|11|16|12|12|14|10|27|17|25|40|35|42|44|589|63|349|86|92|92|119|112|389|139|151|126|157|128|152|173|392|423|186|387|124|123|135|128|132|140|408|130|135|422|399|155|165|160|156|185|129|148|403|146|125|155|130|130|131|139|111|97|94|356|80|76|91|66|51|322|77|70|56|57|84|
2015-12-19|6|1_CTs|CT18||136|144|93|87|78|67|56|60|60|39|44|54|34|36|48|38|28|32|26|35|33|25|25|34|39|48|56|56|56|65|62|99|317|100|307|242|146|163|181|207|205|243|511|248|254|258|227|518|249|764|251|536|221|257|549|207|230|227|242|235|264|241|259|540|292|270|285|533|484|283|546|268|222|750|216|245|192|477|467|450|197|205|171|128|160|144|122|103|355|100|95|93|86|87|329|335|
2015-12-19|6|1_CTs|CT19||69|70|69|330|301|310|37|48|28|25|34|23|23|29|30|283|274|20|20|13|16|14|10|15|16|15|16|14|15|15|35|46|41|291|309|322|65|84|98|121|99|109|132|141|145|145|190|158|136|168|176|169|442|185|165|149|136|122|126|140|152|412|138|397|168|160|182|191|170|178|204|135|423|172|177|138|157|155|130|139|175|130|104|114|108|93|86|77|80|65|66|76|90|61|75|64|
2015-12-19|6|1_CTs|CT20||69|55|41|29|28|32|28|20|24|11|16|277|10|9|11|6|11|13|14|16|10|14|12|14|20|22|21|21|20|21|30|43|45|49|63|72|75|107|78|90|59|22|120|639|134|380|121|367|123|13|111|126|133|145|106|31|384|129|115|365|126|134|144|146|139|126|95|75|365|126|32|94|114|647|100|36|18|373|18|78|19|12|75|84|52|26|71|304|53|62|56|40|46|41|54|35|
2015-12-19|6|1_CTs|CT21||120|130|91|90|287|290|68|54|43|48|30|36|27|24|33|33|20|36|38|33|35|50|55|72|60|272|65|82|76|97|134|122|115|123|175|177|191|188|197|197|211|233|221|467|206|216|212|200|220|412|224|231|222|469|448|177|218|462|457|202|430|222|260|489|250|244|267|474|218|221|232|255|426|223|445|192|186|244|712|230|414|165|212|136|148|134|122|133|105|88|596|95|134|98|98|107|
2015-12-19|6|1_CTs|CT22||186|155|169|402|138|125|100|77|72|323|283|58|68|63|63|60|45|52|56|67|80|69|86|89|101|67|76|90|84|341|143|366|140|112|141|152|418|898|191|188|227|203|444|453|228|236|466|246|244|499|251|238|267|274|260|247|235|465|217|264|273|493|259|249|272|302|224|532|301|287|527|276|497|264|265|274|272|269|224|233|255|237|228|161|180|176|130|169|147|135|114|419|422|156|126|144|
2015-12-19|6|1_CTs|CT23||117|114|97|100|88|66|84|68|48|43|36|52|44|58|66|50|47|46|35|266|28|26|37|38|37|288|41|54|61|71|100|105|80|343|147|411|383|146|191|178|173|205|187|423|208|231|196|198|224|192|228|434|644|713|180|199|174|180|475|223|202|234|206|224|502|214|234|498|241|211|493|196|187|209|412|184|185|173|203|461|193|187|158|375|137|372|125|114|115|76|101|340|95|99|89|100|
