2011-03-09|7|1_CTs|CT1||25|17|18|10|14|8|7|8|8|5|6|5|3|3|3|6|5|3|10|6|7|5|3|10|16|21|21|22|45|66|96|124|154|141|179|194|207|190|183|186|157|180|149|149|131|196|135|157|135|135|127|129|130|143|113|132|158|148|176|182|176|150|170|153|150|147|146|144|146|174|150|143|154|157|164|180|148|133|117|129|100|101|80|80|73|64|51|52|51|63|42|35|49|53|38|34|
2011-03-09|7|1_CTs|CT2||58|46|45|40|32|34|14|27|29|13|8|16|8|13|16|12|12|7|6|10|8|20|19|34|27|32|50|70|69|95|148|200|205|339|375|413|310|160|342|139|167|269|288|253|205|212|264|223|220|236|210|279|147|149|150|229|257|294|254|287|280|247|298|212|251|289|269|254|302|351|253|293|336|378|279|265|278|258|207|220|245|185|162|165|123|141|127|128|111|142|84|116|98|80|81|78|
2011-03-09|7|1_CTs|CT4||32|21|25|28|32|22|18|23|24|23|11|4|28|15|11|7|12|7|9|6|8|11|16|9|7|20|16|13|6|6|12|20|27|31|27|27|35|51|40|23|31|35|25|21|49|46|38|33|33|56|40|47|38|39|48|39|35|32|58|34|45|64|55|65|58|71|61|94|101|79|80|87|85|95|102|103|86|94|78|70|89|69|60|40|57|43|51|55|60|67|59|65|58|50|70|84|
2011-03-09|7|1_CTs|CT6||25|28|12|26|15|11|21|12|17|8|7|5|5|5|3|4|13|5|1|5|8|11|4|17|14|16|12|21|36|50|46|63|104|95|121|130|127|118|113|115|109|123|115|133|135|118|120|168|153|124|109|141|137|121|94|138|111|154|148|162|139|166|143|159|157|146|172|156|178|167|203|187|218|179|192|171|186|177|140|173|139|125|93|68|65|66|74|65|51|38|61|40|46|34|37|52|
2011-03-09|7|1_CTs|CT7||35|25|22|24|22|11|11|22|22|12|10|10|2|8|4|6|12|3|7|7|9|10|9|14|22|24|27|41|55|66|77|96|101|83|96|102|87|83|83|131|127|127|141|149|153|126|156|157|144|135|125|120|132|120|131|117|117|122|128|132|149|142|148|150|150|143|146|152|145|165|196|177|192|171|183|172|145|170|158|167|173|112|130|82|85|66|67|67|72|55|50|61|63|40|42|64|
2011-03-09|7|1_CTs|CT8||82|111|67|48|48|40|35|39|30|24|29|23|33|24|22|15|11|26|36|44|43|53|52|91|97|106|159|177|206|241|322|360|354|377|426|381|371|378|411|385|405|390|337|375|340|368|362|333|335|342|303|337|334|329|298|295|299|395|393|369|384|404|363|336|354|410|316|372|363|388|359|364|348|423|385|317|346|320|348|286|300|258|245|245|208|197|187|216|165|182|201|133|139|134|117|125|
2011-03-09|7|1_CTs|CT9||40|53|52|17|24|15|14|30|27|19|30|9|15|14|11|11|13|9|21|20|20|29|27|34|61|61|72|97|107|127|196|185|192|242|246|231|216|242|227|222|217|222|235|195|208|196|214|192|206|208|179|169|162|158|160|196|158|201|249|206|200|207|194|203|221|195|182|198|186|190|194|204|218|213|214|174|153|161|153|144|140|140|117|113|109|116|94|108|93|94|107|69|66|76|57|78|
2011-03-09|7|1_CTs|CT10||76|77|48|62|44|49|46|39|32|34|29|23|29|35|23|18|20|25|28|25|29|27|31|42|47|54|46|62|82|91|110|137|185|209|243|229|233|222|214|198|230|246|239|244|242|254|266|281|268|270|265|269|262|243|227|233|254|231|277|292|272|298|310|301|298|320|282|339|283|307|361|336|274|322|288|281|324|299|305|253|256|252|210|186|151|173|156|144|146|136|140|151|111|133|121|106|
2011-03-09|7|1_CTs|CT11||59|68|64|49|40|46|34|43|30|32|23|28|20|23|23|21|19|19|31|28|31|31|39|43|55|66|58|75|86|118|115|153|157|188|209|222|215|209|214|181|225|236|235|246|207|264|258|244|282|251|257|258|236|248|218|214|242|239|224|292|236|291|278|290|267|247|285|286|259|269|288|265|252|252|265|266|253|246|250|214|216|232|180|183|151|147|133|139|143|117|123|123|113|108|113|86|
2011-03-09|7|1_CTs|CT12||140|275|179|227|189|137|84|75|76|78|142|118|38|41|26|34|37|61|50|22|31|57|89|52|70|91|128|87|103|71|122|140|169|189|293|222|203|281|228|216|229|220|281|211|208|253|235|266|267|253|242|248|266|274|192|214|219|282|282|282|336|284|267|242|238|276|262|368|316|234|357|337|436|481|1285|1009|446|407|337|320|300|254|198|179|167|161|152|140|146|115|98|124|122|104|96|97|
2011-03-09|7|1_CTs|CT13||16|15|10|7|8|3|2|4|6|4|5|3|1|1|1|1|0|1|1|5|4|3|5|6|7|7|7|19|19|28|31|54|52|62|63|61|67|54|68|72|93|54|67|70|64|56|83|96|126|76|55|70|83|51|57|44|44|62|64|52|67|67|76|66|73|63|57|76|64|74|78|66|67|81|78|84|72|79|60|66|65|56|51|29|39|32|36|38|41|25|36|32|35|20|35|27|
2011-03-09|7|1_CTs|CT14||526|541|455|470|485|442|455|386|443|434|405|423|376|376|371|396|394|366|437|430|399|419|536|669|768|822|925|1083|1132|1137|1023|1139|911|998|813|1295|2697|2055|1528|1685|1443|1287|723|692|770|1063|1094|940|819|929|1233|1042|1125|1288|1988|2263|2124|1766|1930|2171|1711|2179|2612|2567|2823|3277|3237|2858|1547|481|439|420|422|435|453|452|411|460|578|656|511|477|1214|1068|644|714|507|469|536|808|639|550|405|494|620|688|
2011-03-09|7|1_CTs|CT15||9|10|6|11|4|4|9|3|5|0|4|4|1|3|1|5|4|2|1|4|2|4|1|5|3|5|4|9|12|10|12|13|16|33|31|36|42|44|38|43|35|46|35|42|43|34|30|34|39|33|29|32|34|27|20|35|23|37|31|34|36|41|40|31|40|39|22|40|30|50|59|46|54|48|57|59|48|51|42|50|45|39|29|19|10|24|19|20|10|17|14|18|9|10|16|14|
