2012-09-16|22|1_CTs|CT1||29|16|14|18|13|10|13|10|3|9|8|4|3|6|2|7|8|13|7|11|11|16|15|14|14|16|16|15|15|29|16|32|20|24|29|27|21|29|32|26|35|51|57|48|44|42|36|52|46|40|55|37|48|46|40|33|37|39|41|37|38|50|50|67|52|51|52|59|59|47|58|51|49|45|62|67|64|79|55|79|76|62|50|52|43|41|39|20|36|30|34|32|27|24|22|19|
2012-09-16|22|1_CTs|CT2||102|122|98|142|119|102|126|129|125|72|124|106|110|105|85|118|77|160|154|76|140|122|167|109|207|92|53|107|96|138|133|86|91|101|178|138|60|98|100|127|124|186|227|233|111|112|192|75|142|120|212|167|162|145|139|112|193|190|130|88|86|214|222|149|129|70|99|143|152|109|164|179|127|124|125|127|170|135|119|91|96|116|182|128|99|90|91|154|149|169|180|129|209|106|87|110|
2012-09-16|22|1_CTs|CT3||68|62|51|66|32|37|38|30|23|29|37|20|30|18|12|19|16|11|13|18|15|16|25|25|22|37|26|31|42|35|39|53|38|49|50|63|60|63|66|63|72|86|90|99|104|98|119|95|99|130|120|105|94|115|105|84|89|107|98|123|117|113|133|119|100|121|123|124|113|118|139|115|125|140|122|141|136|144|162|135|152|155|125|118|93|104|117|94|107|95|85|81|61|55|52|48|
2012-09-16|22|1_CTs|CT4||34|48|39|19|25|12|25|13|13|17|18|20|18|6|8|8|13|11|13|6|12|14|10|6|19|14|16|7|22|44|28|33|30|24|24|51|15|45|35|61|69|71|83|75|79|98|74|60|29|80|86|75|114|89|64|66|81|75|76|69|83|84|112|102|81|119|85|83|99|101|109|105|91|105|122|144|129|115|94|84|93|135|102|75|73|66|68|53|58|56|41|45|40|30|43|28|
2012-09-16|22|1_CTs|CT5||47|48|31|29|29|21|27|19|21|16|17|17|15|6|9|17|15|12|18|7|15|17|17|10|25|23|11|19|18|21|34|39|48|32|44|50|65|69|69|89|90|84|88|85|89|100|89|103|84|103|106|91|105|88|80|76|86|75|99|100|91|97|107|120|84|114|112|85|112|104|121|89|105|106|104|151|131|120|104|101|103|124|101|82|77|77|71|64|67|60|50|44|45|50|34|26|
2012-09-16|22|1_CTs|CT6||31|24|27|25|33|19|24|9|16|12|9|13|9|4|8|8|8|4|10|3|6|10|10|7|17|15|14|9|13|19|18|16|22|15|21|29|35|39|29|41|31|47|29|47|52|45|51|62|54|69|60|65|44|69|40|50|63|58|57|61|52|65|53|60|64|53|58|52|59|59|74|50|75|61|88|84|71|81|77|66|71|61|75|62|55|50|57|50|55|47|44|37|37|40|33|25|
2012-09-16|22|1_CTs|CT7||7|8|5|3|7|3|5|3|0|1|3|4|1|0|2|2|4|1|1|1|0|0|1|2|3|3|2|1|1|4|5|5|9|5|8|4|2|6|9|8|7|13|13|14|10|12|11|21|16|8|16|15|12|14|15|9|8|9|10|6|14|13|14|11|12|10|17|12|15|18|21|10|16|15|17|24|23|22|14|19|16|25|19|14|10|6|12|9|8|8|8|16|11|2|4|8|
2012-09-16|22|1_CTs|CT8||27|28|19|29|14|14|13|13|14|12|15|12|10|8|7|10|9|5|11|8|7|8|3|4|6|7|9|6|12|7|11|14|13|10|11|17|20|17|18|26|25|19|24|29|36|41|44|35|40|64|40|50|37|60|27|41|37|26|35|49|44|40|48|45|43|50|50|51|37|55|45|64|57|49|59|72|56|65|78|39|62|51|60|52|35|38|54|42|51|38|31|26|31|34|23|18|
2012-09-16|22|1_CTs|CT9||39|35|32|32|27|27|21|22|17|13|17|16|16|11|7|19|8|12|9|10|11|9|15|14|15|25|21|21|23|22|30|45|36|29|51|49|43|60|79|97|85|90|98|96|95|87|114|89|97|84|101|104|97|82|106|73|75|76|94|105|97|101|86|114|91|124|121|103|123|102|101|89|107|123|104|125|137|120|129|107|133|111|74|71|68|84|67|73|68|77|69|62|43|37|41|39|
2012-09-16|22|1_CTs|CT10||1|1|0|2|0|0|0|3|0|0|0|1|0|0|0|1|1|1|0|1|0|0|4|1|2|0|1|0|1|0|0|0|1|1|0|0|1|0|2|0|2|0|1|2|0|1|5|5|3|1|1|3|0|0|2|0|1|3|1|2|2|3|1|0|0|4|4|0|2|0|1|2|4|4|1|1|3|0|3|0|0|1|2|3|2|1|0|2|0|1|4|3|2|0|1|1|
