2017-01-31|7|1_CTs|CT1||25|23|279|28|16|16|13|18|12|9|5|9|9|8|5|6|9|5|7|7|9|8|12|12|282|19|34|47|47|78|570|147|414|160|421|161|171|403|159|149|153|136|145|103|112|121|363|101|102|112|93|89|105|360|379|371|369|107|119|120|113|125|107|130|126|117|371|118|113|147|119|394|130|137|133|125|100|93|107|92|76|86|71|69|59|75|61|313|66|55|304|41|278|41|36|295|
2017-01-31|7|1_CTs|CT2||29|27|31|25|20|13|18|10|10|9|9|8|11|243|6|6|6|6|10|5|11|14|11|15|18|279|28|45|57|72|540|366|918|2056|1521|906|180|400|159|226|403|179|146|423|125|400|141|154|138|432|149|115|150|642|643|1898|677|146|79|70|100|329|82|193|171|31|0|1790|2153|1872|319|1187|1789|258|233|255|582|648|368|299|556|243|232|209|179|187|160|154|153|396|146|351|110|88|98|95|
2017-01-31|7|1_CTs|CT4||39|36|34|31|21|12|18|19|17|18|25|17|9|13|11|4|5|4|5|2|5|7|1|4|4|3|1|5|264|275|21|25|81|291|304|56|46|45|37|44|44|37|40|41|43|30|42|294|56|54|53|29|31|43|60|50|61|25|61|71|53|75|85|86|63|63|105|331|110|128|356|78|94|95|86|92|327|101|83|64|84|59|52|51|46|44|44|55|52|26|34|25|32|36|26|286|
2017-01-31|7|1_CTs|CT6||32|34|25|22|14|19|18|4|9|14|11|4|3|6|3|3|262|10|3|8|3|2|4|10|11|7|8|18|23|41|278|64|673|172|150|162|157|139|369|84|113|102|91|82|103|103|105|362|377|134|646|113|367|128|114|125|132|114|125|378|166|315|150|127|141|198|484|196|164|221|468|477|197|193|218|469|220|178|144|168|144|102|94|329|82|87|70|60|58|33|65|54|305|36|45|31|
2017-01-31|7|1_CTs|CT7||29|34|20|21|22|9|9|7|14|2|7|6|10|8|1|5|7|4|10|4|7|4|8|13|9|15|22|28|38|47|67|96|290|201|137|392|120|383|84|96|93|111|107|117|115|367|117|138|104|119|98|122|106|120|132|118|101|101|114|134|115|109|342|105|135|129|134|140|162|179|409|430|172|166|206|430|193|153|138|145|120|118|106|66|77|53|63|37|50|44|47|32|43|43|48|45|
2017-01-31|7|1_CTs|CT8||73|67|53|45|33|32|287|274|34|13|18|12|25|22|16|16|14|34|34|34|38|58|69|80|85|103|123|175|257|508|354|411|395|746|960|689|504|462|715|406|650|378|601|299|308|342|304|888|336|354|560|313|831|289|319|609|323|321|313|606|353|329|345|605|319|621|573|635|368|433|592|421|396|419|395|385|592|590|321|320|539|269|235|222|188|205|177|180|138|128|151|120|125|110|368|356|
2017-01-31|7|1_CTs|CT12||42|34|32|28|15|15|21|16|7|10|15|7|7|8|8|5|7|6|5|9|3|6|4|263|272|11|17|287|54|310|80|137|380|298|718|521|220|448|171|169|152|432|151|400|149|172|181|175|458|207|461|184|205|190|184|169|185|202|177|180|177|207|187|205|233|537|528|256|280|320|805|261|326|598|296|311|305|564|278|264|227|187|133|138|131|115|94|92|87|321|338|316|71|51|58|43|
2017-01-31|7|1_CTs|CT13||16|12|3|9|6|1|4|2|261|0|4|3|4|1|0|258|2|1|1|1|1|0|2|5|2|4|8|269|12|16|34|36|285|43|44|40|301|38|55|45|47|47|41|49|51|56|49|51|42|40|50|56|55|41|48|295|37|33|44|52|90|230|51|48|48|42|312|66|71|338|55|74|89|329|68|86|91|65|52|56|48|62|55|35|47|28|27|13|18|15|269|15|24|18|18|16|
2017-01-31|7|1_CTs|CT14||126|119|84|72|67|50|43|44|44|27|36|39|40|34|38|29|25|28|284|36|50|36|64|72|77|72|101|130|163|179|457|320|409|971|1233|518|990|650|393|349|629|319|300|572|336|353|597|616|349|377|621|393|393|586|358|579|354|342|626|382|404|443|614|394|465|743|504|528|519|601|580|608|868|633|582|534|530|791|469|455|467|396|307|560|258|214|484|189|216|430|443|148|429|154|143|155|
2017-01-31|7|1_CTs|CT15||31|16|17|17|17|13|10|9|14|7|10|8|5|0|1|5|1|7|2|4|1|4|5|10|14|12|6|15|23|31|69|83|212|225|488|179|176|139|105|82|91|83|84|75|91|78|80|338|68|83|581|113|100|108|83|101|98|93|70|90|103|100|141|115|175|470|465|168|162|232|244|499|185|449|178|172|176|122|123|147|136|101|93|317|73|75|50|57|40|28|305|66|282|27|40|29|
