2011-05-14|6|1_CTs|CT1||0|1|3|2|2|3|6|2|1|3|2|1|0|1|0|0|1|2|1|2|2|2|4|10|9|5|3|2|1|3|3|1|5|6|4|5|4|9|7|6|10|9|14|18|21|15|10|12|5|3|4|6|16|19|65|9|3|1|1|3|4|0|5|1|3|3|4|1|3|2|4|3|3|6|3|6|2|4|4|3|1|2|3|2|3|2|1|3|0|2|7|36|13|1|1|4|
2011-05-14|6|1_CTs|CT3||16|15|11|14|9|25|8|8|6|5|5|4|4|7|7|3|11|5|8|12|19|16|19|30|49|40|44|49|39|46|36|48|42|49|58|44|37|42|40|53|54|42|46|32|43|40|41|43|52|56|41|44|38|44|33|40|44|45|45|44|46|38|42|40|28|36|40|34|42|40|36|46|39|30|22|33|28|43|32|28|44|27|33|18|21|17|37|28|35|23|21|26|28|22|15|14|
2011-05-14|6|1_CTs|CT4||15|10|11|7|7|9|10|8|7|4|4|3|7|6|3|4|4|2|5|2|2|4|2|4|1|3|3|3|5|9|5|6|7|9|14|18|14|1|12|24|27|17|19|24|21|31|24|26|3|13|20|37|18|21|6|13|19|18|18|20|25|30|23|28|22|27|28|24|19|28|23|18|21|19|31|26|23|25|19|14|22|17|22|17|16|21|10|9|14|13|11|12|9|15|11|11|
2011-05-14|6|1_CTs|CT5||30|34|20|16|22|19|25|25|26|15|21|15|15|13|7|14|12|10|13|17|12|13|8|12|22|11|20|20|19|32|22|25|17|33|33|43|38|44|63|66|54|59|68|67|67|57|70|52|55|54|46|50|43|55|57|56|72|64|46|48|58|56|48|57|54|50|39|44|37|39|47|43|36|38|39|45|48|52|32|45|57|43|31|28|35|39|28|34|23|24|36|42|25|36|28|27|
2011-05-14|6|1_CTs|CT6||43|27|32|22|22|22|35|20|9|11|18|13|9|6|12|9|17|8|13|10|8|14|15|18|19|21|14|19|26|26|26|39|44|56|67|55|74|59|79|105|95|95|101|119|110|99|95|113|120|127|123|133|106|114|118|101|85|101|97|95|84|84|83|90|79|95|87|81|69|81|82|70|89|113|73|91|94|127|98|99|109|89|91|55|68|60|63|54|49|45|54|40|53|48|48|42|
2011-05-14|6|1_CTs|CT7||5|8|9|3|4|7|2|3|3|3|1|1|2|0|2|1|1|1|2|3|2|3|1|1|2|1|6|6|4|4|8|10|11|13|7|23|20|20|21|29|24|24|25|27|35|25|27|31|22|9|32|16|14|14|14|19|15|11|13|22|16|18|18|16|17|17|9|19|15|16|15|12|16|17|19|22|11|21|20|10|17|12|9|10|9|6|15|12|7|11|6|9|7|6|8|11|
2011-05-14|6|1_CTs|CT8||94|80|62|39|57|34|36|34|23|33|19|25|22|17|20|19|28|22|13|16|12|19|28|21|16|25|30|42|45|53|73|65|77|88|115|122|121|111|120|127|105|135|115|143|110|110|115|121|86|113|113|100|93|112|102|89|88|101|98|111|112|97|111|103|109|128|117|101|108|119|123|94|128|100|132|116|131|134|148|135|122|101|116|95|90|71|81|69|67|83|91|97|73|77|60|70|
2011-05-14|6|1_CTs|CT9||95|74|61|47|43|41|36|37|26|27|21|21|22|18|28|18|14|20|26|26|16|27|33|38|45|41|37|53|55|66|92|91|103|121|148|176|184|213|188|184|218|221|221|237|233|236|202|230|177|185|163|196|181|163|167|248|158|157|157|148|149|181|176|167|158|128|138|172|143|183|152|144|157|156|165|139|155|155|154|162|117|135|133|101|121|113|100|87|69|88|81|89|96|71|75|64|
2011-05-14|6|1_CTs|CT10||57|33|36|24|41|28|30|22|21|15|16|14|24|17|24|18|14|12|15|20|12|16|23|26|25|30|38|37|42|42|48|59|32|58|63|78|86|71|102|103|77|81|109|115|98|91|126|101|110|104|111|99|125|119|124|106|82|89|78|82|122|109|105|127|105|128|158|152|169|178|162|104|105|114|128|110|116|114|93|111|128|123|98|86|79|71|62|51|34|84|90|75|54|59|57|53|
2011-05-14|6|1_CTs|CT11||50|62|38|41|28|27|20|23|15|20|16|15|15|9|12|12|8|15|12|21|28|27|25|38|40|33|50|58|48|74|77|109|114|138|170|193|174|207|245|243|271|260|242|297|284|219|205|215|165|178|157|196|174|204|168|174|131|117|127|124|138|134|128|117|89|104|96|95|94|105|138|132|140|123|114|131|128|110|113|137|106|105|110|83|91|82|79|72|46|92|88|86|64|46|70|60|
2011-05-14|6|1_CTs|CT12||58|54|42|32|41|22|18|26|25|21|13|18|21|21|13|16|20|17|15|22|16|22|26|27|38|32|41|38|42|49|52|53|50|65|85|98|107|100|128|140|158|160|142|180|201|169|167|140|142|140|125|127|169|224|229|176|120|113|98|92|123|121|119|111|101|141|152|155|160|182|172|133|129|124|122|143|131|128|127|117|131|118|100|86|79|64|69|55|49|91|73|64|68|46|55|63|
2011-05-14|6|1_CTs|CT13||47|51|37|20|29|30|20|20|23|17|11|11|9|20|11|4|10|7|11|17|8|25|22|30|36|32|27|45|49|47|64|69|60|58|91|112|127|142|118|126|146|156|154|160|160|152|132|124|127|110|114|110|128|139|180|167|94|110|88|97|100|124|103|109|101|88|92|126|102|116|102|97|105|102|116|102|84|110|106|84|84|72|67|62|67|67|62|60|50|58|49|54|49|46|41|47|
2011-05-14|6|1_CTs|CT14||60|39|42|26|29|18|26|21|9|13|14|12|12|8|12|10|7|12|7|19|13|17|20|13|24|20|26|31|35|27|38|36|25|42|44|47|56|50|52|78|61|69|65|88|85|77|81|88|88|82|106|84|115|150|185|176|100|69|82|68|75|81|85|73|75|83|103|112|125|148|118|100|76|85|74|82|90|81|72|79|76|80|49|51|54|50|51|39|36|63|60|55|40|40|40|30|
2011-05-14|6|1_CTs|CT15||23|27|20|10|13|13|11|6|12|9|8|9|5|4|4|6|7|7|8|12|17|18|14|18|23|19|23|21|28|35|39|45|55|54|49|81|83|85|72|87|91|91|91|103|91|88|64|70|67|69|60|63|47|67|55|56|50|41|42|55|49|55|59|51|61|55|42|62|46|62|56|48|50|59|50|48|43|60|52|70|42|45|39|27|33|29|27|26|23|27|34|34|21|30|19|23|
2011-05-14|6|1_CTs|CT16||47|53|44|39|44|38|34|25|23|16|19|11|15|10|22|13|11|15|14|18|23|22|22|27|27|26|45|48|43|46|61|97|96|110|116|152|144|152|202|204|184|201|197|238|239|204|205|205|189|168|177|174|177|162|191|193|132|122|135|112|144|138|133|137|110|118|123|118|120|135|146|138|133|122|131|138|109|131|135|134|144|136|119|97|100|89|90|87|56|93|99|80|60|59|78|70|
2011-05-14|6|1_CTs|CT17||8|12|5|6|4|4|10|7|5|1|4|1|1|3|4|5|5|5|6|6|3|3|1|2|2|4|4|3|5|9|9|6|12|9|13|21|14|5|23|28|22|22|23|23|25|25|28|38|18|34|37|24|32|28|36|28|20|13|22|22|23|13|23|21|17|14|33|23|18|19|22|19|17|14|30|16|24|24|20|21|26|15|20|24|18|15|13|8|18|7|19|5|9|6|9|10|
2011-05-14|6|1_CTs|CT18||82|83|54|58|56|51|57|52|48|28|37|27|32|28|29|26|27|26|29|32|32|33|27|40|49|37|51|50|56|66|68|87|76|111|115|153|148|161|184|190|171|191|181|220|214|206|222|224|182|236|200|183|208|218|253|214|184|186|174|171|196|181|183|188|184|169|180|188|177|162|173|198|174|189|169|155|180|189|162|172|195|174|153|146|132|127|95|109|100|97|134|123|92|122|116|97|
2011-05-14|6|1_CTs|CT19||50|49|42|43|37|30|42|15|39|24|16|21|25|24|12|16|27|22|20|12|8|12|15|10|15|20|17|14|17|23|28|56|44|51|45|84|101|107|100|115|127|106|151|133|143|149|138|152|148|157|145|142|142|135|149|139|131|87|103|103|96|93|85|110|89|91|87|104|110|114|115|109|115|108|117|116|110|105|107|96|115|99|99|82|61|76|65|59|71|73|59|58|60|55|56|58|
2011-05-14|6|1_CTs|CT20||29|32|19|19|10|20|16|13|18|8|7|10|11|8|7|10|11|13|3|11|21|11|17|19|16|14|29|18|33|35|43|40|38|43|62|73|81|77|89|112|88|119|12|128|125|118|87|42|121|9|53|62|139|109|112|115|112|93|82|84|92|84|34|70|83|72|26|56|36|80|50|48|51|45|18|58|104|102|93|91|16|42|70|73|64|58|64|28|16|17|24|50|39|43|40|42|
2011-05-14|6|1_CTs|CT21||86|89|67|59|61|48|39|34|36|32|25|19|24|13|17|18|17|19|21|34|26|25|29|46|67|61|67|86|78|87|125|132|141|154|152|196|183|211|209|243|208|213|242|205|215|205|199|191|208|210|187|190|172|194|201|188|176|171|215|203|200|204|194|173|169|144|157|154|165|164|168|179|161|162|168|157|176|183|183|185|175|182|157|147|130|141|105|119|124|144|135|121|102|119|110|93|
2011-05-14|6|1_CTs|CT22||112|123|118|79|72|68|72|59|57|58|50|51|43|34|39|35|39|36|35|58|50|61|64|67|82|96|99|110|104|120|132|131|123|151|154|164|189|176|183|210|224|231|230|224|245|276|237|264|267|259|262|256|332|258|285|261|260|221|223|203|204|205|207|219|249|253|233|252|254|268|283|234|221|270|222|227|226|221|196|216|199|198|179|156|144|152|129|136|122|141|128|131|155|123|131|126|
2011-05-14|6|1_CTs|CT23||112|105|73|77|88|51|52|60|34|43|35|23|28|28|28|24|32|32|26|31|26|22|39|48|42|47|74|82|94|83|105|115|128|156|185|181|206|198|221|207|173|213|207|216|216|193|197|208|177|193|200|167|175|180|171|171|156|159|190|204|230|181|186|167|186|180|179|163|160|202|188|165|223|183|162|185|189|226|216|208|177|158|168|146|147|117|104|114|120|132|142|117|135|119|95|97|
2011-05-14|6|1_CTs|CT24||123|98|86|73|63|65|70|44|52|49|51|32|45|39|38|37|42|27|35|32|35|43|45|47|49|52|55|66|72|79|102|89|99|112|120|113|138|146|149|159|175|171|173|156|196|171|169|228|226|222|215|205|259|242|275|228|219|181|187|179|167|165|162|167|185|225|204|263|246|274|246|182|199|214|194|203|207|216|240|209|202|201|165|136|146|121|109|110|114|147|140|121|123|126|120|119|
