2014-09-08|6|1_CTs|CT1||0|1|0|1|0|0|0|1|0|0|0|3|0|0|0|1|0|2|1|0|2|2|0|4|3|2|2|3|1|5|2|6|7|13|11|17|36|28|13|7|8|3|4|19|7|6|1|5|4|3|3|3|2|5|2|2|3|8|10|3|5|7|2|4|7|5|5|8|4|2|7|1|2|7|2|6|3|7|6|4|2|1|4|4|0|3|2|2|2|1|0|0|0|1|0|1|
2014-09-08|6|1_CTs|CT3||18|15|16|9|2|7|7|8|4|8|3|2|2|4|5|4|4|4|13|20|15|24|28|35|43|40|28|32|51|63|70|86|75|96|75|99|89|60|80|67|71|53|49|55|49|53|62|62|49|52|64|59|58|53|45|50|53|43|53|62|51|54|54|55|50|55|47|57|65|57|50|45|60|47|67|90|77|51|37|37|38|33|35|26|32|21|25|21|18|17|21|12|18|25|19|13|
2014-09-08|6|1_CTs|CT4||3|6|5|2|0|4|2|3|0|1|1|2|0|1|1|0|0|0|0|2|3|1|0|1|1|0|1|3|4|8|7|10|14|14|19|22|22|3|31|8|19|27|21|20|25|23|20|22|26|21|38|36|33|26|24|24|26|31|24|28|32|25|23|25|36|37|30|37|22|25|25|35|35|43|46|41|36|41|39|34|40|34|21|28|23|11|15|6|12|7|13|3|13|6|6|8|
2014-09-08|6|1_CTs|CT5||13|14|9|10|11|9|6|8|4|10|5|3|4|6|5|5|5|4|2|3|4|2|3|8|9|14|9|13|17|21|29|32|55|51|41|67|63|76|80|78|56|70|73|54|81|65|59|65|74|64|65|78|67|74|51|51|58|56|62|67|78|83|69|63|68|83|61|75|89|81|77|82|62|75|64|62|60|51|46|49|55|57|55|41|39|31|42|31|20|28|22|22|26|17|16|17|
2014-09-08|6|1_CTs|CT6||21|20|14|11|9|8|5|5|2|4|2|0|0|3|3|2|6|4|4|9|8|11|10|15|16|17|21|16|22|33|45|67|93|120|125|135|126|107|125|104|90|104|118|90|80|99|85|83|99|93|86|91|99|88|91|89|96|105|113|95|101|84|82|107|89|126|116|108|102|116|88|120|117|103|107|98|105|98|98|87|79|93|77|66|51|68|56|52|49|62|38|38|33|37|29|26|
2014-09-08|6|1_CTs|CT7||5|5|1|8|6|4|4|1|5|1|1|0|1|1|2|1|2|1|1|1|0|3|5|3|4|4|3|3|12|13|22|16|30|37|44|33|39|43|42|31|21|17|24|24|34|21|29|22|21|24|29|25|19|29|24|21|26|24|21|23|27|20|27|32|17|27|27|33|27|25|30|30|35|35|28|33|33|30|23|26|20|11|20|18|9|17|12|7|8|11|7|8|8|6|6|9|
2014-09-08|6|1_CTs|CT8||33|35|25|23|24|12|16|12|10|12|15|6|5|16|14|7|7|8|7|6|10|12|17|29|25|27|36|47|81|108|134|177|212|227|238|216|197|216|217|207|173|177|161|132|153|153|124|140|128|141|166|144|144|135|134|139|144|167|159|164|157|166|157|156|159|136|141|156|169|167|188|161|209|213|194|203|188|174|180|152|143|122|96|98|92|67|65|67|77|68|54|49|58|53|51|41|
2014-09-08|6|1_CTs|CT9||56|42|28|25|15|9|18|13|12|15|9|6|6|4|9|3|6|10|5|10|13|16|22|35|43|37|42|57|83|97|146|210|210|263|292|331|286|284|259|222|216|194|214|188|199|201|183|197|203|194|188|202|206|198|172|181|214|204|208|224|211|208|208|219|212|204|195|205|235|223|240|270|232|289|280|366|339|333|230|228|162|147|142|115|111|95|92|86|82|78|61|69|71|52|63|50|
2014-09-08|6|1_CTs|CT10||31|27|24|13|10|8|3|9|9|3|8|5|4|4|5|1|3|4|5|2|5|14|9|24|26|26|33|30|35|54|76|103|98|118|143|178|147|162|183|162|160|140|131|142|149|163|143|131|143|145|149|141|155|133|125|134|125|132|131|136|153|151|161|158|161|160|171|181|171|201|198|209|218|223|193|202|194|176|172|158|120|113|104|92|68|64|56|59|48|57|44|41|42|47|36|36|
2014-09-08|6|1_CTs|CT11||37|30|20|20|12|17|10|7|8|8|6|5|3|1|5|4|2|7|4|9|13|14|11|28|26|29|44|54|67|116|182|240|243|291|270|312|260|293|270|260|229|197|189|181|192|187|167|167|170|166|159|192|204|175|144|178|179|167|197|199|168|204|171|174|164|174|171|192|186|174|201|180|173|177|206|143|150|140|135|162|138|144|113|70|90|91|85|87|62|65|58|47|56|43|27|33|
2014-09-08|6|1_CTs|CT12||38|28|21|21|21|11|12|10|10|7|6|4|2|4|3|3|5|7|3|6|8|25|11|21|22|27|31|38|43|60|84|122|139|177|211|234|259|221|242|196|208|157|167|179|189|204|195|180|163|167|158|178|182|195|137|168|166|190|198|182|161|178|190|199|178|220|204|235|230|264|266|262|281|297|275|276|249|256|234|187|173|173|115|114|86|91|92|79|71|63|59|61|57|59|55|44|
2014-09-08|6|1_CTs|CT15||35|22|13|20|20|12|13|11|12|12|7|1|10|4|9|7|6|13|8|15|20|16|28|42|38|42|37|62|71|85|95|131|156|152|164|168|187|152|151|141|134|107|127|120|99|115|106|117|126|125|107|122|96|130|97|98|114|117|136|102|132|107|105|125|100|101|116|102|114|136|146|131|126|139|205|251|221|194|136|106|95|81|73|70|59|60|49|39|42|34|38|42|31|40|29|34|
2014-09-08|6|1_CTs|CT16||31|32|29|29|13|17|12|5|10|5|7|7|7|4|8|5|5|5|4|7|6|10|15|23|25|24|39|38|53|89|133|180|189|230|230|261|262|290|244|227|219|189|184|176|192|171|178|160|174|176|176|182|177|187|138|186|176|169|179|186|184|213|186|194|167|174|175|191|176|182|196|211|199|211|196|204|176|169|151|161|138|132|152|111|83|106|80|75|53|63|66|54|54|43|34|42|
2014-09-08|6|1_CTs|CT17||7|5|0|7|1|1|3|1|0|0|1|0|0|0|0|1|0|0|1|1|1|1|3|1|0|1|2|3|0|7|8|12|14|17|23|21|19|34|26|19|21|22|24|17|20|15|21|18|26|28|34|25|19|30|32|22|23|23|27|30|37|28|26|29|41|34|33|32|33|43|32|40|28|48|42|47|36|35|34|32|28|23|18|15|16|10|10|9|14|4|11|6|13|9|10|10|
2014-09-08|6|1_CTs|CT18||48|49|40|35|27|26|17|20|9|18|14|11|10|12|13|8|11|13|9|14|13|13|24|26|34|47|38|57|88|87|139|207|227|239|243|303|296|306|266|290|233|241|238|203|241|221|211|217|224|204|217|238|239|219|186|220|232|230|261|249|239|258|204|235|218|238|221|239|255|242|268|284|229|249|239|286|248|208|218|208|184|182|176|146|129|134|128|111|75|99|82|73|83|64|67|76|
2014-09-08|6|1_CTs|CT19||27|26|21|19|15|12|13|12|5|15|5|2|3|7|4|3|4|3|5|5|3|11|5|10|10|11|10|14|16|30|42|62|70|93|106|125|155|155|124|136|138|105|136|101|130|107|135|119|155|140|121|133|122|111|113|101|131|139|132|127|132|140|138|138|161|148|140|162|177|187|189|185|152|227|219|181|203|186|157|143|135|114|115|81|87|62|59|54|50|40|58|50|52|36|53|32|
2014-09-08|6|1_CTs|CT20||20|7|10|9|6|7|7|8|5|3|2|7|3|7|4|2|4|4|4|6|6|12|10|15|18|23|16|27|24|32|51|69|91|86|117|119|96|147|99|25|112|98|116|100|128|119|112|117|113|30|84|118|46|77|88|90|112|87|135|16|117|103|112|26|118|120|110|119|118|130|111|30|122|134|132|142|149|105|104|94|81|54|53|65|76|54|65|44|56|52|37|45|40|35|31|40|
2014-09-08|6|1_CTs|CT21||78|73|59|51|43|31|29|27|23|18|13|14|17|16|15|13|18|20|33|31|37|39|40|61|73|53|74|135|146|181|207|325|307|376|346|331|344|320|301|289|274|264|251|230|201|212|238|255|219|199|232|218|208|201|219|230|234|235|265|250|244|242|225|245|237|227|253|226|229|225|218|225|228|291|217|282|285|223|224|184|199|172|154|158|140|126|119|95|110|109|97|108|80|102|84|64|
2014-09-08|6|1_CTs|CT22||82|82|81|55|41|37|45|44|33|32|21|14|20|23|23|27|25|27|43|31|51|60|71|63|69|74|81|109|112|137|172|227|203|230|240|279|293|259|244|244|242|236|264|228|250|243|267|260|273|283|261|253|241|224|232|249|206|232|258|245|246|288|293|291|295|331|343|323|334|406|396|367|386|395|386|373|324|330|316|277|251|254|183|197|176|166|136|128|149|134|118|119|110|119|114|109|
2014-09-08|6|1_CTs|CT23||49|59|41|29|28|18|11|22|16|14|13|14|7|19|18|9|6|16|19|20|20|26|34|40|46|36|62|82|105|143|214|282|295|315|340|323|347|328|362|288|284|253|251|222|230|238|212|208|215|212|267|230|244|209|226|209|237|266|243|253|224|243|251|237|234|237|229|255|297|293|281|306|313|305|335|356|328|341|295|232|201|194|166|150|137|111|99|115|100|95|89|85|89|90|73|62|
2014-09-08|6|1_CTs|CT24||87|65|57|39|43|28|31|18|22|17|20|13|8|16|9|19|15|14|19|13|27|22|30|35|44|46|64|59|84|115|139|175|221|274|308|323|344|353|302|303|231|262|260|226|232|263|255|287|299|275|268|248|253|238|220|258|229|246|259|251|245|264|274|294|281|304|335|334|328|367|391|334|384|418|420|380|368|337|327|288|256|240|226|162|183|140|145|124|121|116|107|93|91|82|85|79|
