2012-04-14|22|1_CTs|CT1||19|21|11|10|9|11|9|12|5|8|5|10|7|4|4|10|4|7|9|11|12|13|21|22|19|13|12|20|19|26|24|30|31|34|47|62|49|54|74|92|90|66|58|91|71|69|76|70|64|65|77|70|58|67|64|56|41|40|53|47|67|61|64|51|47|51|54|51|60|53|48|43|50|40|46|62|44|43|48|33|56|39|62|34|26|27|18|16|21|10|30|24|18|27|21|24|
2012-04-14|22|1_CTs|CT2||27|40|16|25|17|17|15|21|11|10|3|8|11|9|7|7|3|10|8|9|11|11|6|14|12|10|11|13|21|23|24|24|31|30|43|49|45|60|66|78|84|76|64|100|78|83|77|87|89|91|91|101|96|91|97|64|72|53|72|62|76|83|82|80|68|80|68|75|68|72|68|54|77|78|49|71|66|66|67|68|68|59|64|44|42|36|25|25|33|28|26|34|26|25|28|24|
2012-04-14|22|1_CTs|CT3||71|85|46|64|46|40|32|32|30|27|25|19|19|27|19|15|18|33|14|20|20|24|18|34|32|37|32|40|49|49|84|63|69|82|107|137|125|127|131|162|157|154|126|165|168|152|159|179|169|177|155|184|191|169|181|131|148|163|147|151|160|200|163|180|169|156|144|164|133|144|169|143|140|143|135|199|168|221|231|203|149|141|140|94|113|77|62|75|74|73|48|67|86|85|71|55|
2012-04-14|22|1_CTs|CT4||44|39|31|23|33|29|15|23|12|17|15|15|18|18|14|13|9|8|11|8|12|13|23|21|23|30|26|28|27|37|34|38|58|72|72|84|82|93|117|125|140|90|121|132|121|121|145|128|159|130|133|142|134|138|120|119|110|107|84|129|138|119|116|124|115|109|118|102|135|135|128|121|120|124|108|107|123|99|116|134|93|112|106|90|73|65|53|46|36|41|32|36|51|58|32|50|
2012-04-14|22|1_CTs|CT5||41|52|39|29|27|37|19|28|11|19|18|15|18|16|11|12|9|13|11|10|16|16|23|22|28|24|27|30|36|41|42|47|48|74|61|107|94|94|123|158|152|137|152|173|152|169|138|160|171|165|170|172|161|165|145|137|125|111|113|125|123|136|129|132|129|122|131|122|133|145|135|110|132|130|105|144|117|120|120|139|123|118|111|84|72|78|57|59|32|41|42|46|52|42|42|53|
2012-04-14|22|1_CTs|CT6||23|40|29|35|26|29|18|11|8|15|12|9|11|5|10|11|8|8|6|4|13|12|17|14|13|9|23|15|22|26|19|19|37|31|25|46|42|52|66|55|61|85|81|65|75|90|93|90|97|94|108|122|116|121|81|76|101|63|70|77|77|91|65|88|79|78|82|85|73|93|97|82|75|70|79|74|94|78|70|96|56|72|54|58|47|39|33|33|31|30|38|41|36|33|38|33|
2012-04-14|22|1_CTs|CT7||6|8|2|0|4|3|5|2|0|2|1|5|4|1|5|2|3|1|2|1|1|3|1|3|3|2|2|5|5|6|4|6|10|3|18|14|7|15|16|20|19|18|16|33|11|19|20|21|24|24|23|14|14|20|28|20|15|9|17|16|17|18|29|19|18|13|14|17|16|17|15|14|21|15|15|23|15|16|9|15|21|13|19|12|9|6|8|11|6|4|13|9|9|4|3|7|
2012-04-14|22|1_CTs|CT8||31|42|20|27|22|18|16|7|10|17|14|16|6|12|7|8|6|17|5|10|4|10|12|1|7|6|1|3|11|11|7|20|7|20|18|46|40|30|50|59|38|63|52|70|78|81|70|94|82|90|70|86|92|94|82|65|61|73|57|53|67|96|64|72|64|73|50|65|68|67|66|74|53|73|71|64|58|70|79|70|67|65|51|36|55|36|37|39|28|20|25|21|30|16|15|11|
2012-04-14|22|1_CTs|CT9||47|32|34|31|25|17|19|12|11|12|20|12|14|7|11|10|8|14|11|17|12|21|24|28|30|28|43|46|35|62|68|84|74|113|118|158|115|128|142|184|168|147|149|175|157|144|145|157|136|157|158|158|167|145|142|118|129|117|144|146|139|127|143|145|131|127|113|114|113|129|109|108|107|104|120|203|136|196|167|188|162|113|121|82|82|69|50|56|43|40|41|41|32|63|54|39|
2012-04-14|22|1_CTs|CT10||0|1|0|1|0|1|1|1|0|0|2|1|0|0|0|1|0|0|2|1|0|0|1|3|3|6|11|1|0|1|3|4|1|1|2|3|1|5|1|0|2|1|3|6|10|2|1|5|1|3|1|0|2|2|3|2|2|4|4|3|2|1|2|0|3|1|0|0|1|2|0|0|3|3|5|2|0|5|5|2|2|1|1|1|1|1|2|0|0|2|5|1|11|1|1|1|
