2012-09-13|3|1_CTs|ct1||66|59|34|34|12|14|20|24|19|13|12|6|12|6|6|7|6|3|14|11|7|7|8|19|18|22|31|28|37|60|98|164|163|154|166|133|147|159|123|154|144|138|145|142|132|129|144|132|149|118|143|147|129|131|146|141|103|162|149|123|162|162|137|166|183|166|139|103|145|139|184|140|178|177|177|178|173|167|188|154|153|151|154|152|153|137|149|135|127|130|138|93|87|98|90|87|
2012-09-13|3|1_CTs|ct3||168|142|98|94|87|58|43|66|49|46|26|21|28|26|34|26|38|26|26|39|48|44|49|70|65|56|88|105|99|159|234|264|235|179|218|154|174|189|148|226|191|179|188|193|165|185|156|181|170|157|175|179|201|193|157|164|155|267|192|193|262|204|233|205|246|170|137|102|168|168|201|132|193|212|203|212|200|191|247|242|236|221|224|493|229|269|223|196|185|179|261|237|220|227|206|225|
2012-09-13|3|1_CTs|ct5||109|77|90|64|54|65|52|50|40|32|26|27|25|36|37|32|24|20|27|32|30|35|37|38|52|50|90|66|93|116|145|180|200|148|85|250|115|89|106|100|99|71|87|92|94|122|93|88|112|91|109|80|118|113|146|173|164|179|124|92|105|108|80|92|83|48|40|47|55|84|88|99|95|140|96|110|85|107|92|80|101|103|100|89|88|91|83|74|84|80|159|169|157|157|146|122|
2012-09-13|3|1_CTs|ct6||121|96|83|78|53|58|48|63|62|40|24|25|24|13|6|12|17|18|18|14|13|8|19|18|15|18|22|27|37|63|81|116|119|149|147|163|138|154|111|133|128|112|122|121|109|158|117|146|136|172|168|168|157|154|111|125|141|137|150|139|147|164|163|166|125|137|179|172|351|195|194|191|194|202|209|165|177|192|175|175|154|182|167|140|133|136|109|111|123|131|125|117|114|110|163|168|
2012-09-13|3|1_CTs|ct7||118|114|123|107|93|80|78|85|74|64|46|38|28|21|26|27|28|33|23|27|34|26|31|37|37|51|36|38|58|58|92|115|121|177|141|134|137|111|124|59|0|0|0|0|0|0|0|0|0|0|0|0|0|0|0|0|0|0|0|0|0|0|0|0|0|0|0|0|0|0|0|0|0|0|0|0|0|0|0|0|0|0|0|0|0|0|0|0|0|0|0|0|0|0|0|0|
2012-09-13|3|1_CTs|ct8||0|0|0|0|0|0|0|0|0|0|0|0|0|0|0|0|0|0|0|0|0|0|0|0|0|0|0|0|0|0|0|0|0|0|0|0|0|0|0|1|0|0|0|0|0|0|0|0|0|0|0|0|0|0|0|0|0|0|0|0|0|0|0|0|0|0|0|0|0|0|0|0|0|0|0|0|0|0|0|0|0|0|0|0|0|0|0|0|0|0|0|0|0|0|0|0|
2012-09-13|3|1_CTs|ct9||91|76|64|84|62|69|65|56|49|41|36|45|30|25|49|32|36|19|29|27|24|24|17|17|30|27|40|34|50|72|103|153|148|203|232|207|205|199|186|168|175|187|190|175|186|143|183|147|158|140|146|145|161|143|175|117|172|173|202|166|160|179|147|126|187|181|155|201|193|112|182|187|212|215|213|204|196|206|168|178|240|217|190|168|168|122|133|114|104|117|125|120|101|96|118|113|
2012-09-13|3|1_CTs|ct10||80|75|65|73|71|46|55|41|49|47|38|30|41|32|44|38|36|39|29|27|30|23|23|23|33|23|28|21|31|34|56|76|89|111|133|136|120|134|144|117|129|118|104|117|110|122|115|136|131|124|132|128|138|117|121|94|123|123|124|125|129|133|122|122|121|118|121|88|76|103|86|117|122|86|74|85|84|82|98|117|112|121|96|93|79|87|101|91|88|104|89|110|108|98|88|95|
2012-09-13|3|1_CTs|CT11||30|28|26|25|19|21|23|15|13|10|13|17|9|13|11|16|10|18|17|14|14|14|12|15|19|15|22|20|27|42|48|49|40|55|45|54|55|56|64|53|53|62|64|48|38|47|48|44|51|49|53|41|70|45|41|56|54|51|54|55|59|57|55|47|68|44|55|51|265|51|56|52|44|44|54|50|55|49|56|67|60|49|55|55|51|55|37|38|39|39|29|42|38|32|56|36|
2012-09-13|3|1_CTs|ct14||1|0|0|0|0|0|0|0|0|0|0|0|0|0|0|0|0|0|0|0|0|0|0|0|0|0|0|0|0|0|0|1|0|0|0|0|1|0|0|0|0|0|0|0|0|0|0|0|0|0|0|0|0|0|0|0|0|0|0|0|0|0|0|0|0|0|0|0|0|0|0|0|0|0|0|0|0|0|0|0|0|0|0|0|0|0|1|0|0|1|0|0|0|0|0|0|
2012-09-13|3|1_CTs|ct15||1|1|0|0|1|0|1|0|0|0|1|0|1|0|0|0|0|0|0|0|1|0|0|0|0|0|2|0|0|0|2|3|2|0|1|0|1|3|4|0|0|1|2|0|3|0|2|0|0|3|1|0|1|0|2|0|1|1|1|0|2|4|1|0|0|0|0|0|1|0|0|2|2|0|0|0|0|1|0|2|0|0|1|0|1|1|2|0|0|1|0|1|1|1|0|0|
2012-09-13|3|1_CTs|CT16||69|78|69|57|45|58|44|26|25|54|23|27|15|19|30|20|16|24|25|16|14|19|10|7|19|17|25|24|37|49|43|59|78|113|111|109|135|113|139|143|113|128|124|96|108|128|113|100|118|137|120|113|99|107|96|107|101|111|83|98|121|130|140|129|146|138|150|136|166|124|159|166|146|179|169|145|174|129|132|137|129|126|94|98|87|67|71|89|91|93|75|95|77|95|87|78|
2012-09-13|3|1_CTs|ct17||84|90|65|66|45|61|48|39|38|30|32|22|29|19|26|35|38|29|30|34|20|22|24|25|36|30|45|35|45|75|128|190|236|304|319|350|319|299|273|275|263|184|209|232|201|231|190|188|208|200|216|220|201|186|185|179|198|206|209|219|206|241|207|228|232|201|239|242|248|263|247|247|243|228|237|222|248|226|204|216|186|182|164|149|169|170|133|138|134|116|139|127|118|119|107|103|
2012-09-13|3|1_CTs|ct18||115|115|97|107|94|78|73|53|64|64|49|35|47|42|54|39|47|51|38|39|36|25|30|30|45|45|41|47|49|84|90|155|185|220|265|236|245|243|232|211|200|188|167|190|199|206|183|167|170|196|169|172|186|160|163|121|167|174|186|193|168|200|171|148|177|173|159|163|131|148|158|185|175|158|159|180|183|177|175|189|197|156|163|163|160|179|183|182|183|183|165|154|176|130|128|138|
2012-09-13|3|1_CTs|ct19||1|0|0|0|0|2|1|0|0|0|0|1|0|0|0|0|0|0|0|0|1|1|6|3|6|11|4|8|6|6|10|7|12|10|4|6|11|8|6|5|7|8|5|9|4|4|6|4|11|5|7|7|9|4|8|8|7|5|5|4|10|5|9|7|4|8|3|8|6|6|10|7|10|3|8|8|7|6|8|5|2|6|10|2|7|4|3|7|7|0|5|2|3|2|0|2|
2012-09-13|3|1_CTs|ct22||9|4|5|0|3|3|1|1|1|2|0|0|0|1|0|5|0|5|0|4|0|1|2|2|4|1|0|6|3|7|6|17|13|20|19|17|18|25|22|23|19|26|14|21|21|20|17|21|30|27|39|33|24|26|19|20|24|30|35|29|32|24|26|30|19|18|27|40|38|52|43|30|49|47|45|32|46|36|30|37|17|14|17|27|22|15|9|11|9|5|15|9|13|10|13|13|
2012-09-13|3|1_CTs|CT23||95|87|58|46|29|33|23|26|30|24|21|9|16|15|12|8|5|11|25|21|13|10|4|13|16|13|24|29|47|62|122|201|169|192|223|186|196|187|142|181|152|158|145|134|144|164|151|204|162|162|211|209|181|188|166|176|159|220|158|181|182|185|236|219|251|269|245|200|280|226|311|249|336|332|332|307|281|289|295|251|221|198|210|200|137|157|148|128|136|174|160|156|112|122|134|125|
