2015-10-19|2|1_CTs|ct1||43|43|19|25|18|18|21|13|11|13|3|9|15|8|9|18|6|14|10|15|13|17|286|273|33|277|51|81|88|95|130|115|130|643|175|401|148|175|184|200|200|432|441|191|193|186|199|187|176|173|179|449|431|160|408|667|410|176|196|196|199|202|437|176|176|165|183|152|380|154|158|154|410|134|396|151|150|429|127|403|158|134|585|381|96|369|80|78|331|62|81|324|61|66|63|57|
2015-10-19|2|1_CTs|ct2||26|27|14|16|10|19|20|16|10|15|5|6|7|8|5|11|7|3|5|7|13|11|20|258|273|256|28|21|27|38|51|40|52|297|62|301|52|82|77|333|347|104|81|365|95|345|98|92|335|82|76|350|88|74|74|568|314|82|89|81|101|115|337|82|348|85|97|109|341|351|105|90|351|84|347|92|99|332|61|95|99|77|314|338|55|68|57|315|309|47|48|303|556|49|39|48|
2015-10-19|2|1_CTs|ct3||312|314|23|41|24|21|24|18|14|15|9|10|18|15|8|17|18|6|13|13|12|25|286|40|35|41|48|67|72|350|113|97|119|132|150|159|416|151|186|414|216|180|463|457|217|216|220|177|200|180|154|210|204|186|677|412|184|195|196|458|468|468|452|457|187|204|198|433|178|184|172|181|200|416|423|177|435|205|395|433|449|400|371|139|112|364|367|85|352|89|88|90|87|89|71|76|
2015-10-19|2|1_CTs|ct4||40|32|39|36|281|24|15|19|16|12|11|7|9|15|7|11|4|11|15|7|15|10|15|23|15|34|25|34|63|45|571|73|337|106|123|133|127|124|150|124|136|354|143|406|145|370|145|149|148|386|115|125|116|131|623|119|358|120|223|288|107|154|155|384|136|138|133|367|111|106|115|116|115|103|368|111|109|81|374|84|102|338|88|331|77|70|332|61|68|68|69|50|66|76|301|45|
2015-10-19|2|1_CTs|ct5||72|315|54|310|36|36|31|25|30|22|17|14|11|16|14|12|17|20|15|16|16|20|275|18|21|29|291|42|58|48|344|363|123|159|155|197|192|691|200|185|186|180|207|219|236|212|215|210|496|206|201|204|744|208|444|190|218|214|192|215|212|230|235|242|727|254|477|213|727|192|427|182|464|188|182|451|429|168|171|410|159|154|122|110|124|109|376|101|112|123|97|96|106|103|113|78|
2015-10-19|2|1_CTs|ct6||73|56|313|45|32|288|30|16|27|22|17|15|14|269|13|16|13|10|19|14|20|13|18|24|282|23|34|288|52|46|66|73|98|111|102|123|123|139|385|381|119|395|143|639|669|154|413|665|151|146|154|169|123|145|129|126|146|147|126|183|149|167|439|171|163|433|433|433|412|164|128|150|145|653|160|130|145|391|153|134|134|355|107|91|114|99|111|86|86|100|99|79|81|93|349|324|
2015-10-19|2|1_CTs|ct17||62|87|31|316|37|28|31|24|19|19|16|11|19|27|13|20|20|19|16|20|18|27|32|50|37|32|59|69|74|89|138|122|145|154|178|954|207|697|245|486|241|220|223|235|242|260|506|215|267|197|460|490|259|483|191|191|489|227|275|234|495|254|265|517|605|323|580|299|290|243|482|475|202|174|433|426|164|486|464|718|216|440|401|158|129|118|119|370|108|102|97|620|112|109|347|91|
2015-10-19|2|1_CTs|CT19||24|34|14|269|8|266|7|7|6|6|5|3|3|262|4|7|4|6|6|7|9|5|14|12|11|10|21|31|43|45|57|61|337|85|93|104|100|93|356|100|108|110|101|59|137|649|127|116|383|353|90|106|855|141|356|71|100|109|113|380|117|372|120|129|398|111|393|121|121|294|178|371|125|130|123|128|109|131|384|342|113|343|61|64|57|49|306|44|283|48|40|304|43|50|40|32|
2015-10-19|2|1_CTs|CT20||24|30|33|29|14|23|14|17|11|19|12|7|263|7|4|4|10|8|6|7|4|7|10|9|5|10|22|34|26|288|48|64|320|326|86|344|91|89|341|323|77|328|87|70|74|83|76|312|76|74|327|68|320|583|328|321|56|60|41|330|53|63|337|77|81|339|74|327|71|77|334|73|82|57|309|320|46|47|84|70|69|78|321|52|315|40|51|60|291|42|46|56|70|307|49|33|
2015-10-19|2|1_CTs|CT21||19|16|12|17|9|11|11|6|259|10|6|3|0|3|0|3|258|5|3|2|2|1|5|3|1|6|12|15|12|19|23|32|38|39|45|50|44|292|48|50|44|30|59|53|46|47|46|303|53|50|45|38|289|45|46|47|43|45|298|303|299|50|53|264|62|50|60|52|46|294|270|42|46|53|299|276|42|47|304|43|42|310|40|28|38|34|27|38|19|279|276|19|45|284|27|12|
