2011-07-02|6|1_CTs|CT1||0|0|1|0|1|1|1|5|2|2|0|0|1|0|0|1|2|0|1|1|3|2|1|4|4|4|8|2|4|3|6|4|2|4|2|5|6|3|5|3|4|1|3|5|3|4|2|4|8|3|10|9|7|12|6|2|5|2|2|4|7|6|5|5|4|4|3|6|5|2|1|1|4|1|1|5|4|1|6|3|3|3|2|2|1|1|3|15|1|3|8|15|11|1|1|2|
2011-07-02|6|1_CTs|CT3||16|16|13|14|15|9|8|7|6|9|5|7|8|6|9|4|7|9|7|12|17|16|20|25|34|57|51|55|48|36|72|60|34|46|46|43|48|38|44|44|54|53|54|51|38|52|53|45|57|45|36|49|37|44|40|33|37|42|37|35|40|32|35|36|34|36|37|48|42|31|42|40|30|50|36|30|29|31|29|33|38|36|40|20|21|24|17|26|24|33|26|19|22|11|12|11|
2011-07-02|6|1_CTs|CT4||15|7|10|11|8|3|4|6|4|3|3|3|1|8|2|4|5|5|4|2|3|2|4|2|4|5|1|5|4|6|5|7|7|9|7|10|12|7|14|21|20|15|19|21|15|15|33|21|17|25|24|20|15|19|15|20|17|17|17|13|16|15|14|9|19|16|15|11|15|19|22|15|16|14|23|22|15|17|21|20|23|21|15|13|9|11|16|14|11|8|16|12|5|12|11|18|
2011-07-02|6|1_CTs|CT5||31|35|25|30|22|24|17|16|18|18|15|14|11|12|13|12|11|10|8|11|14|13|14|9|21|12|14|21|17|18|23|20|30|26|40|32|43|47|45|38|44|62|53|51|65|49|54|52|42|39|43|38|46|61|45|52|32|53|47|59|48|57|50|47|46|54|35|24|36|42|40|31|40|29|43|40|38|40|35|30|45|42|35|26|37|30|37|28|28|17|16|22|34|27|28|34|
2011-07-02|6|1_CTs|CT6||48|29|42|28|22|26|18|23|18|12|12|6|9|3|16|6|13|13|11|13|8|17|19|18|14|18|22|31|23|33|32|38|33|40|45|45|48|54|63|83|68|78|87|87|79|94|80|86|104|104|106|110|88|103|85|84|60|84|64|78|61|75|72|78|82|66|64|75|72|54|69|66|79|73|76|69|78|80|88|79|93|75|76|75|80|66|49|34|50|44|44|37|46|34|40|42|
2011-07-02|6|1_CTs|CT7||9|8|6|11|7|9|3|5|1|5|5|3|1|0|5|2|1|2|4|2|2|3|4|4|4|3|6|4|6|6|14|14|12|11|10|14|18|8|11|17|22|15|16|27|22|18|14|31|20|14|17|17|21|13|11|12|15|11|14|9|14|20|7|16|6|12|14|11|12|11|13|20|12|19|21|9|16|11|16|15|11|21|13|18|11|7|12|11|7|16|9|8|6|7|1|7|
2011-07-02|6|1_CTs|CT8||104|93|92|72|41|51|48|34|34|34|27|17|30|22|10|19|32|22|15|13|12|19|19|21|17|25|35|34|50|44|69|78|70|81|83|98|96|87|111|90|92|96|100|112|110|86|129|98|97|106|99|101|98|92|90|80|87|83|97|98|102|106|93|101|92|85|79|107|105|88|102|110|96|115|126|142|124|108|111|107|104|123|121|120|92|93|96|84|90|86|77|51|72|86|79|74|
2011-07-02|6|1_CTs|CT9||98|70|73|55|53|42|42|33|36|37|21|19|18|22|34|22|20|16|22|18|16|22|24|42|43|42|42|51|42|63|86|98|91|89|128|144|130|125|155|151|136|147|131|147|130|144|145|142|161|137|140|180|156|155|150|138|135|123|143|137|150|127|136|171|160|144|131|146|119|118|143|136|127|129|119|120|128|124|117|108|131|126|114|87|111|112|80|84|97|82|72|68|91|66|74|61|
2011-07-02|6|1_CTs|CT10||56|65|45|41|36|36|26|19|26|16|18|24|10|12|5|11|17|11|13|14|17|12|14|27|34|28|42|34|37|44|44|70|53|65|80|91|64|95|74|103|117|94|122|134|119|121|128|129|124|127|185|213|204|190|155|98|105|99|79|90|105|95|99|98|92|98|107|109|109|93|88|107|102|116|105|97|107|116|109|91|121|94|79|76|86|75|77|61|48|47|39|48|54|53|41|38|
2011-07-02|6|1_CTs|CT11||64|51|44|32|35|21|15|22|25|24|17|10|18|17|14|8|20|11|14|21|20|23|22|33|38|29|49|60|60|67|79|101|91|94|126|154|133|136|122|152|159|166|130|142|139|148|101|132|166|183|210|213|182|134|133|122|102|90|119|115|111|115|81|144|128|115|80|108|95|110|122|77|113|114|112|95|99|94|96|109|121|103|99|81|101|90|62|70|66|59|16|44|54|57|49|48|
2011-07-02|6|1_CTs|CT12||69|52|48|44|34|36|28|23|26|22|10|18|21|12|18|10|17|12|12|20|19|15|17|21|34|27|34|33|42|49|51|62|64|77|69|109|83|94|88|116|134|125|135|130|122|136|130|142|160|189|230|252|239|226|183|92|93|103|93|114|114|107|118|108|98|123|102|99|105|110|113|111|128|123|114|112|106|124|101|118|106|100|100|78|78|86|63|66|60|54|45|43|51|60|46|46|
2011-07-02|6|1_CTs|CT13||59|46|41|48|36|33|28|28|11|18|15|14|11|13|31|12|15|9|8|10|14|17|18|30|42|31|29|35|35|59|55|85|65|68|52|57|58|59|62|70|89|85|87|107|194|154|125|189|115|182|128|160|168|121|97|93|94|91|94|98|170|260|265|384|323|267|367|359|247|126|248|455|415|307|272|350|452|441|186|363|411|478|315|436|471|479|398|375|234|234|306|367|115|212|404|372|
2011-07-02|6|1_CTs|CT14||45|38|23|25|24|20|20|22|15|16|8|11|19|8|41|18|5|7|4|11|9|12|12|16|15|15|23|21|32|31|40|25|40|40|39|51|53|53|52|62|68|68|90|72|91|80|81|81|97|174|226|246|210|185|150|75|62|80|64|64|75|76|76|90|67|87|75|74|81|72|83|88|86|73|66|69|82|85|74|72|74|77|61|53|46|63|59|55|34|44|36|48|45|48|30|38|
2011-07-02|6|1_CTs|CT15||22|23|20|24|20|19|13|17|8|13|8|8|6|3|12|9|6|5|4|6|14|15|13|25|28|31|30|35|21|39|36|49|41|39|61|54|66|69|56|77|66|49|71|85|71|68|58|79|67|67|54|46|46|42|38|51|58|35|51|48|49|64|39|42|43|51|53|51|52|41|49|60|37|59|60|46|48|48|46|52|38|46|59|49|43|36|36|41|29|42|27|24|33|27|21|27|
2011-07-02|6|1_CTs|CT16||61|68|45|43|42|30|23|26|25|23|26|21|15|16|18|12|21|14|16|20|17|20|24|32|34|29|52|42|54|47|63|99|80|79|116|110|113|147|114|128|165|143|146|175|140|159|136|173|151|136|143|170|160|120|129|118|130|117|131|96|114|130|92|114|119|95|121|127|112|117|112|108|107|128|124|116|133|113|113|111|127|130|106|93|124|84|91|78|70|74|56|60|67|64|41|57|
2011-07-02|6|1_CTs|CT17||11|12|8|9|7|4|9|4|6|5|2|4|4|4|6|3|2|1|4|1|1|2|0|2|3|7|3|4|2|10|13|9|11|13|12|7|21|19|7|18|24|14|27|17|24|23|35|35|20|29|19|30|27|23|25|28|18|17|19|19|20|20|13|21|20|12|18|12|14|16|21|28|16|13|22|28|21|17|18|21|19|27|16|11|29|13|16|13|13|11|8|6|7|10|11|14|
2011-07-02|6|1_CTs|CT18||105|94|81|91|66|68|43|42|51|51|38|23|31|32|32|27|20|25|26|27|34|27|41|33|53|37|56|66|53|64|76|88|98|99|135|120|137|130|155|164|155|169|171|196|202|175|168|212|204|211|199|213|199|171|180|169|139|158|167|163|177|167|150|172|156|170|157|156|179|147|162|175|155|160|157|162|184|137|134|129|163|166|158|126|150|138|114|100|94|93|88|76|109|83|84|87|
2011-07-02|6|1_CTs|CT19||68|52|51|36|50|24|32|33|35|26|23|25|27|22|19|23|25|16|23|18|3|19|16|10|18|18|16|19|22|23|29|31|45|33|52|65|69|69|77|91|84|93|113|105|123|113|112|132|124|141|140|147|145|127|85|100|93|88|92|106|104|95|92|88|98|104|97|90|90|101|118|99|101|90|101|103|100|96|96|101|99|90|90|85|86|63|62|48|52|61|58|47|50|62|53|63|
2011-07-02|6|1_CTs|CT20||49|34|35|49|23|18|16|15|7|14|10|7|7|7|31|7|10|6|7|7|8|15|21|16|29|17|18|34|29|36|39|45|49|62|66|46|81|78|98|95|93|92|115|120|112|72|111|58|67|84|86|53|46|96|28|81|85|76|52|48|98|93|73|71|7|74|31|76|67|4|96|52|26|90|89|79|77|38|34|29|35|31|38|44|30|48|51|46|51|2|34|6|1|19|39|47|
2011-07-02|6|1_CTs|CT21||101|112|80|87|68|52|52|42|33|34|30|24|28|19|21|15|25|22|19|23|36|26|32|40|54|71|67|83|92|97|124|130|118|153|149|173|161|175|191|183|187|174|200|189|192|166|177|171|167|175|148|163|141|150|147|154|156|150|176|161|171|186|189|176|189|167|174|183|184|153|143|188|180|159|171|177|164|157|179|182|185|164|165|157|149|136|109|105|117|104|101|114|104|127|117|90|
2011-07-02|6|1_CTs|CT22||110|136|99|86|95|72|83|64|45|66|60|56|39|43|43|35|36|45|57|40|43|41|64|74|89|84|102|107|105|123|118|112|123|131|142|168|188|181|191|176|224|231|232|208|252|250|199|230|252|261|263|249|270|248|245|214|200|194|192|201|229|232|201|236|230|234|228|225|263|238|208|235|218|194|214|211|199|221|200|211|200|211|188|139|157|148|154|138|124|131|114|121|120|122|110|98|
2011-07-02|6|1_CTs|CT23||122|105|115|90|65|66|57|50|46|51|39|34|41|31|25|22|37|28|26|22|23|27|27|40|34|56|68|80|89|77|123|116|115|144|145|159|166|164|177|171|172|170|181|194|189|157|186|213|189|190|179|182|169|159|163|154|154|154|155|166|175|165|161|181|144|142|142|162|168|153|153|189|177|157|173|173|163|147|183|179|181|173|185|152|136|147|131|123|121|124|103|94|113|111|102|96|
2011-07-02|6|1_CTs|CT24||128|106|104|78|61|63|46|68|50|51|45|51|28|37|40|41|35|27|33|43|33|31|38|48|52|53|61|73|82|66|96|73|81|102|89|122|149|128|138|142|144|170|164|166|153|188|201|197|210|216|209|247|249|214|204|163|148|182|146|177|157|157|164|200|183|187|168|180|158|174|187|157|191|206|189|176|183|193|157|187|171|181|162|145|157|126|108|117|124|104|108|123|90|88|76|91|
