2011-03-28|22|1_CTs|CT1||13|13|17|9|9|7|4|3|3|1|4|2|5|5|2|1|3|3|1|6|7|7|10|18|14|26|20|37|60|84|115|147|205|208|250|247|237|214|217|194|172|117|103|92|81|69|68|72|79|64|88|93|80|74|77|86|79|94|88|75|72|88|64|89|86|95|104|87|116|121|153|144|164|138|153|145|149|150|138|129|119|143|48|40|48|40|28|26|25|20|21|10|20|26|25|14|
2011-03-28|22|1_CTs|CT2||22|26|23|15|11|9|3|7|8|3|4|3|4|6|8|2|3|1|4|3|5|12|9|22|19|32|25|56|57|91|117|195|200|223|311|256|265|225|229|259|249|182|145|110|112|102|106|130|111|108|112|129|111|111|123|133|113|116|145|118|106|134|106|144|143|128|140|148|149|149|162|186|197|168|146|161|155|178|162|182|185|189|78|88|50|56|59|59|53|56|40|32|32|33|34|20|
2011-03-28|22|1_CTs|CT3||33|49|42|20|17|13|14|10|10|11|11|3|5|9|14|4|4|4|8|6|16|16|20|40|31|47|46|71|79|169|224|318|345|389|447|453|413|373|386|394|368|304|247|207|173|195|164|234|233|206|187|194|215|221|218|247|219|218|248|223|259|280|226|235|262|252|270|322|308|332|345|363|372|349|346|330|324|332|321|357|305|308|267|221|128|119|117|107|111|92|93|69|76|76|66|44|
2011-03-28|22|1_CTs|CT4||31|28|11|19|8|9|13|7|10|7|12|5|4|1|5|2|3|3|8|2|7|9|10|22|25|30|30|52|57|80|114|166|179|197|234|215|223|212|212|196|140|165|172|201|192|168|180|154|166|145|160|161|167|158|167|143|139|172|164|192|178|177|193|157|177|198|172|199|215|220|212|237|259|255|260|249|214|198|199|182|194|197|144|145|104|75|76|83|79|62|80|67|56|33|40|30|
2011-03-28|22|1_CTs|CT5||25|28|15|22|15|14|10|9|8|9|9|4|6|5|4|7|4|5|2|7|7|12|17|21|27|26|36|52|74|84|136|171|242|268|232|270|249|238|239|229|183|166|170|196|181|165|170|170|193|197|148|196|177|203|179|166|153|187|201|196|209|218|207|198|219|248|255|261|254|249|298|285|328|292|300|289|286|252|234|219|239|235|183|143|128|82|74|88|70|63|83|62|56|48|38|34|
2011-03-28|22|1_CTs|CT6||17|18|18|7|15|13|9|6|5|7|6|5|5|7|4|5|1|4|2|4|3|9|15|8|20|21|27|34|35|51|61|87|84|126|104|119|93|105|109|104|113|87|96|117|132|107|108|95|103|125|91|97|94|86|124|85|84|116|105|113|95|139|109|119|111|144|124|141|161|170|162|184|181|192|195|171|151|140|164|143|130|134|112|113|82|61|51|54|57|52|70|65|49|40|29|27|
2011-03-28|22|1_CTs|CT7||6|5|3|3|3|1|1|0|2|2|1|2|2|0|2|0|0|1|2|0|1|0|2|0|0|3|6|12|14|7|20|28|35|33|33|27|29|30|34|32|25|30|24|25|21|20|23|30|21|28|20|40|29|29|21|32|27|23|29|16|27|29|25|14|35|28|29|26|21|25|22|27|28|22|23|20|24|17|22|22|19|25|9|17|11|13|14|13|11|7|8|6|7|7|8|5|
2011-03-28|22|1_CTs|CT8||4|5|6|2|3|2|2|1|0|2|9|4|11|4|3|2|0|0|1|2|0|1|3|0|0|2|2|7|2|13|15|24|35|46|25|58|44|29|34|41|39|25|27|23|33|29|32|30|45|35|30|37|41|42|32|26|27|37|41|34|22|33|31|41|40|40|37|47|52|65|44|73|39|38|40|57|54|55|42|54|47|56|35|33|22|34|123|91|76|9|12|7|8|7|13|14|
2011-03-28|22|1_CTs|CT9||22|29|24|15|20|12|7|13|6|4|4|3|1|5|3|5|2|6|4|8|18|16|16|44|31|40|66|86|110|152|274|355|360|372|335|308|263|225|293|301|239|230|184|177|155|178|155|195|184|160|167|192|195|202|196|202|171|208|204|240|250|228|174|192|191|206|216|221|198|234|215|204|198|201|196|176|170|135|141|156|145|134|191|132|95|90|55|80|56|64|58|41|59|50|45|33|
2011-03-28|22|1_CTs|CT10||0|2|0|1|0|0|0|1|0|0|0|1|0|0|0|1|0|2|1|2|2|2|3|6|2|7|8|4|6|7|8|15|62|20|10|15|11|15|13|11|6|8|4|9|4|5|6|6|4|3|6|6|12|12|8|9|8|8|10|7|7|7|10|12|5|10|10|14|8|14|10|8|13|6|5|8|4|4|5|5|11|4|5|3|2|3|1|5|0|2|7|14|11|2|0|3|
