2016-09-29|2|1_CTs|ct1||69|55|64|64|38|41|33|24|20|13|12|20|15|16|19|11|22|12|19|22|20|28|30|39|47|47|56|83|124|124|156|150|151|149|178|182|162|166|179|201|203|187|202|198|214|189|154|455|198|211|196|190|191|173|178|433|179|195|211|203|215|201|179|199|190|174|196|153|178|167|184|161|161|146|175|188|216|206|224|206|223|220|415|131|153|170|137|107|123|124|117|98|114|104|112|110|
2016-09-29|2|1_CTs|ct2||45|38|51|47|31|28|21|22|16|9|9|14|10|11|8|14|11|5|7|14|14|10|18|18|24|15|31|39|35|40|52|53|60|53|59|69|71|80|83|77|112|112|115|94|118|120|117|365|107|106|84|88|102|82|326|99|96|92|127|102|120|103|96|90|97|108|119|97|95|100|100|80|70|84|87|110|104|103|127|119|138|156|143|136|390|115|64|317|79|80|81|314|77|72|74|60|
2016-09-29|2|1_CTs|ct3||7051|7059|7039|7053|7055|7045|7050|7040|7049|7063|7079|7016|7062|7062|7079|7041|7055|7033|7063|7071|7060|7090|7028|7011|7055|7048|7056|7057|7057|7057|7079|7065|7057|7042|7054|7078|7280|7034|7051|7070|7054|7062|7058|7076|7047|7075|7064|7077|7091|7086|7052|7084|7078|7084|7067|7095|7051|7070|7098|7079|7080|7073|7059|7081|7111|7076|7079|7060|7084|7070|7071|7089|7054|7074|7077|7249|7097|7064|7067|6867|0|0|0|0|0|0|0|0|0|0|0|0|0|0|0|0|
2016-09-29|2|1_CTs|ct4||38|24|33|21|18|15|12|17|3|7|10|262|5|5|12|7|4|4|13|13|4|7|16|8|9|15|10|22|28|26|33|37|31|8|41|45|300|54|36|291|44|37|19|35|56|31|57|27|42|59|60|74|71|72|74|68|59|83|58|315|49|64|60|70|61|84|85|72|75|62|57|53|63|66|41|61|54|63|2|50|315|62|64|49|60|46|50|50|36|62|60|31|80|70|79|46|
2016-09-29|2|1_CTs|ct5||117|102|131|99|85|63|45|47|24|30|25|22|20|34|27|18|20|15|23|24|20|19|27|32|38|28|38|60|52|68|101|359|144|155|172|167|431|186|178|164|180|190|171|219|239|181|179|168|219|181|202|236|209|200|202|210|189|191|211|206|234|461|229|240|233|227|247|211|489|218|182|189|203|203|154|421|123|106|16|143|431|180|431|173|159|176|173|172|189|190|173|143|182|173|173|164|
2016-09-29|2|1_CTs|ct6||140|132|217|97|81|55|40|42|24|25|21|23|21|30|26|20|15|14|19|20|14|16|27|30|37|30|25|56|48|65|73|94|91|103|113|118|127|113|117|371|127|129|130|168|168|150|155|164|188|151|182|190|175|187|157|171|137|168|158|423|182|175|179|182|192|195|187|434|185|176|142|162|174|156|138|161|133|378|73|140|386|154|150|391|161|142|137|151|122|160|148|123|143|144|424|134|
2016-09-29|2|1_CTs|ct17||111|93|101|93|67|57|55|57|296|35|25|35|26|31|44|19|27|19|16|41|32|50|40|42|48|40|61|79|96|122|153|151|145|149|194|183|430|192|198|206|232|208|217|245|206|207|471|236|195|238|226|210|225|434|213|475|262|225|250|260|256|492|503|245|248|214|236|157|167|192|213|220|222|220|222|492|244|465|243|237|228|219|227|209|202|274|196|174|165|172|187|135|170|152|467|140|
2016-09-29|2|1_CTs|CT19||43|37|26|284|20|15|16|15|10|12|11|10|6|8|9|4|4|6|4|11|5|12|6|6|11|22|14|30|55|41|59|61|65|51|89|66|72|83|81|76|76|80|90|83|91|104|366|119|111|116|631|364|357|87|83|91|111|592|85|104|111|127|111|98|94|67|117|88|106|369|106|116|118|106|98|350|100|104|129|110|347|89|84|101|86|80|70|75|44|73|57|36|79|56|62|60|
2016-09-29|2|1_CTs|CT20||317|54|58|40|39|26|44|21|39|31|17|17|14|17|27|11|15|9|16|7|9|12|16|15|14|18|27|27|30|45|57|82|97|104|103|83|93|84|88|56|59|72|61|90|86|80|80|326|330|41|60|75|76|79|84|62|65|309|93|73|85|66|79|92|76|79|87|52|57|574|61|57|81|87|80|70|61|84|78|80|86|74|72|78|73|67|75|67|313|58|58|327|81|93|75|75|
2016-09-29|2|1_CTs|CT21||32|26|285|28|20|17|19|15|11|11|5|9|8|6|11|5|6|4|7|3|4|1|5|4|4|10|12|276|12|19|290|58|57|60|70|53|54|53|42|35|32|50|45|57|60|65|47|68|48|27|37|47|45|53|47|46|301|47|47|53|50|46|45|46|53|44|40|41|35|35|43|32|43|38|55|46|41|65|55|53|45|52|55|57|50|31|47|25|30|33|33|39|48|78|51|37|
