2017-05-16|3|1_CTs|ct1||32|289|20|20|14|13|8|6|6|4|6|2|6|6|4|1|2|3|2|2|5|3|5|267|13|20|24|45|51|82|122|435|195|202|457|192|429|179|165|154|409|143|416|396|391|149|137|138|140|158|159|159|146|138|125|107|144|131|146|160|150|135|171|144|672|166|169|165|184|178|174|960|958|196|186|151|402|428|154|147|161|155|125|101|102|82|70|68|65|314|56|302|53|50|67|40|
2017-05-16|3|1_CTs|ct3||75|83|60|43|304|42|29|25|26|21|27|17|285|36|15|22|19|17|17|15|13|25|37|40|51|52|87|110|129|167|200|238|749|266|290|749|275|258|256|226|431|188|465|213|224|226|172|248|235|228|269|245|256|226|220|205|271|515|235|746|209|192|227|393|287|371|508|207|226|462|207|227|214|227|217|192|201|241|494|494|247|237|429|426|170|149|161|702|131|137|153|105|139|127|175|106|
2017-05-16|3|1_CTs|ct5||163|119|103|76|72|59|48|33|38|32|23|279|27|18|20|27|17|253|17|10|9|19|24|16|26|30|39|51|65|603|399|189|216|257|286|295|273|287|529|209|226|190|200|218|483|217|211|510|272|243|272|271|526|232|233|199|731|239|247|974|228|495|263|266|286|286|552|326|586|327|579|582|591|599|322|323|590|557|303|300|291|812|265|718|190|200|151|157|406|641|414|149|182|191|250|183|
2017-05-16|3|1_CTs|ct6||6|11|9|9|3|2|3|3|0|3|2|12|0|3|0|4|0|262|2|2|4|1|4|5|5|15|18|29|36|43|41|71|67|81|87|79|346|78|87|79|332|67|75|65|53|54|40|55|314|31|47|52|45|311|61|53|46|317|65|64|64|52|57|51|60|55|47|45|44|76|59|44|49|73|61|315|53|56|69|51|42|58|33|30|33|25|28|21|22|14|15|20|14|13|20|12|
2017-05-16|3|1_CTs|ct7||113|102|88|84|76|52|58|48|51|296|29|52|38|27|21|25|21|20|15|10|24|22|45|29|36|43|42|56|55|70|83|109|109|627|403|151|158|409|139|142|402|158|416|171|427|391|179|172|174|197|157|433|165|139|634|160|167|152|429|191|112|328|303|45|0|63|59|0|0|0|0|1|0|0|25|76|151|153|641|404|412|139|120|132|128|121|118|115|112|365|131|123|378|390|166|118|
2017-05-16|3|1_CTs|ct8||64|52|40|42|40|38|31|24|14|14|11|14|10|9|9|7|9|7|6|3|11|6|12|17|18|23|22|27|29|53|52|62|59|571|338|86|91|109|88|85|373|109|116|108|110|128|125|125|128|140|372|136|365|91|109|108|126|112|378|125|345|185|398|161|149|155|168|136|380|144|95|358|86|363|127|139|124|123|358|356|111|80|94|85|89|89|76|73|80|329|75|99|65|330|96|73|
2017-05-16|3|1_CTs|ct9||84|102|90|76|102|321|36|59|39|31|48|46|32|27|26|140|52|27|33|18|26|39|43|49|38|687|1527|294|950|1453|1658|1917|696|305|633|435|612|252|303|293|398|252|507|382|809|1517|793|627|1808|1392|875|1109|1658|594|887|3124|3478|3250|2630|1272|452|625|298|716|1302|142|159|177|609|278|417|461|176|344|108|435|398|2611|1378|370|280|424|1086|1728|2009|281|138|1348|136|385|223|114|100|112|122|358|
2017-05-16|3|1_CTs|ct10||79|67|58|55|44|36|40|45|38|25|29|20|27|22|24|18|26|22|23|8|13|19|13|26|21|24|29|34|41|59|76|118|151|178|185|202|172|175|175|145|158|149|148|127|158|150|143|135|132|153|141|149|163|144|144|139|146|159|149|154|145|148|147|137|155|142|157|163|147|158|160|162|160|173|173|155|145|168|155|128|127|141|112|124|132|118|107|106|107|105|106|114|111|112|110|106|
2017-05-16|3|1_CTs|ct13||429|162|118|110|118|112|78|84|92|67|61|72|72|54|60|571|60|71|196|357|199|56|50|62|75|62|95|128|114|157|204|461|249|256|540|275|250|250|252|213|519|240|267|220|993|524|258|217|265|266|235|308|230|219|486|218|531|260|290|236|253|223|790|243|775|271|246|0|0|0|0|4|0|148|195|494|228|793|274|547|294|309|741|286|282|248|223|500|286|561|476|284|315|580|379|866|
2017-05-16|3|1_CTs|CT16||58|95|57|61|55|41|32|29|33|38|37|40|17|268|15|25|27|27|10|13|24|17|22|282|26|38|291|60|69|81|135|165|177|184|187|225|471|190|202|203|422|186|187|168|198|156|166|192|177|166|188|147|186|188|162|414|182|169|172|429|206|231|460|203|454|233|210|519|211|163|276|254|238|248|262|213|235|234|271|209|204|223|197|154|152|362|109|122|109|107|137|148|123|124|131|609|
2017-05-16|3|1_CTs|ct22||2|4|3|4|2|1|2|1|1|2|0|2|0|1|2|0|1|1|2|0|3|0|1|2|2|4|9|9|3|10|15|12|23|13|22|272|24|17|21|19|26|19|24|284|22|32|29|21|23|31|14|18|19|19|28|26|27|19|21|35|23|30|22|15|19|23|29|33|45|28|38|297|297|45|36|33|25|32|16|17|20|21|12|17|13|13|1|5|4|7|6|8|8|7|10|5|
2017-05-16|3|1_CTs|CT23||61|53|34|41|30|15|16|18|12|10|10|8|14|11|8|4|5|4|8|7|6|7|5|6|13|13|18|24|31|47|113|140|194|208|466|243|444|196|432|144|118|120|138|121|372|407|155|408|420|182|469|921|197|166|156|147|422|413|441|677|163|424|437|706|223|753|233|515|560|576|324|322|392|346|334|570|315|566|299|251|497|219|205|185|153|145|188|580|120|367|358|319|100|353|121|323|
2017-05-16|3|1_CTs|ct24||65|46|305|37|18|21|20|13|18|21|10|11|6|11|11|10|11|8|19|15|30|34|40|45|71|389|551|687|722|883|805|599|561|587|805|538|565|834|818|605|563|548|793|510|1009|487|491|498|437|447|949|455|667|406|445|429|481|487|556|501|775|717|705|450|432|444|510|515|764|727|493|543|784|778|509|517|763|1030|798|472|349|557|296|276|254|208|183|160|155|147|127|162|110|114|112|81|
