2017-02-17|6|1_CTs|CT1||0|1|0|2|1|0|0|0|0|0|0|1|0|0|0|2|0|1|2|0|4|2|2|2|1|2|6|2|4|4|17|66|157|75|89|81|34|26|23|44|11|15|7|9|12|12|10|11|14|14|14|10|18|12|14|11|8|5|9|8|9|11|10|271|13|15|18|13|19|8|16|10|9|12|12|15|10|8|6|7|10|8|12|3|3|3|3|2|3|4|4|6|4|0|3|1|
2017-02-17|6|1_CTs|CT3||17|9|8|6|4|4|1|0|4|1|0|0|4|10|3|4|7|9|14|12|14|21|28|19|24|26|30|264|35|47|280|70|88|388|103|86|79|70|68|60|50|58|57|52|283|48|52|45|40|52|63|49|43|262|52|42|52|53|301|42|278|51|35|39|68|64|61|64|55|54|68|67|67|63|65|53|51|53|46|46|33|39|33|25|26|27|21|254|23|20|22|23|31|16|27|23|
2017-02-17|6|1_CTs|CT4||8|6|5|263|4|3|2|2|2|2|0|3|1|0|1|2|0|2|1|4|0|2|6|1|2|2|1|5|8|10|251|20|69|53|27|42|29|19|286|25|13|26|18|22|23|29|33|29|38|34|42|34|44|38|24|30|22|30|20|23|33|27|28|33|34|34|44|48|31|38|543|53|49|10|0|0|0|0|0|7|45|30|35|22|262|20|17|15|17|11|21|20|17|13|10|14|
2017-02-17|6|1_CTs|CT5||21|15|10|9|13|10|10|5|11|14|9|5|8|2|4|2|7|5|3|5|9|5|8|5|11|14|14|20|20|38|39|53|79|95|114|116|99|93|63|318|65|100|312|61|64|75|54|321|77|75|76|58|56|547|75|66|70|57|50|64|293|83|65|63|70|77|70|57|86|85|94|102|86|10|0|0|0|0|0|12|60|74|61|52|4|54|32|29|29|33|15|29|20|37|19|16|
2017-02-17|6|1_CTs|CT7||7|5|4|3|0|2|3|0|0|0|1|1|0|3|1|1|0|3|1|2|4|2|7|4|3|7|10|11|8|25|19|274|44|41|39|44|45|47|40|36|29|33|27|26|35|281|31|27|16|33|20|295|25|34|21|28|31|29|32|288|26|22|28|275|25|28|26|34|35|30|28|21|24|22|30|33|34|27|20|23|20|27|19|20|21|20|12|267|9|9|11|2|8|9|4|13|
2017-02-17|6|1_CTs|CT8||0|0|0|0|0|0|0|0|0|0|0|0|0|0|0|0|0|0|0|0|0|0|0|0|0|0|0|0|0|0|0|0|0|0|0|0|0|0|0|0|0|0|0|0|0|0|0|0|0|0|0|0|0|0|0|0|0|0|0|0|0|0|0|0|0|0|4|167|156|198|446|199|164|18|0|0|0|0|0|0|0|0|0|0|0|0|0|0|0|0|0|0|0|0|0|0|
2017-02-17|6|1_CTs|CT10||298|35|25|25|15|10|10|11|6|9|15|267|8|8|4|7|2|7|4|9|10|9|14|17|28|18|30|42|54|73|116|170|170|414|187|210|205|197|704|193|166|142|410|151|128|165|140|153|160|187|167|166|158|899|176|153|418|158|164|154|146|678|183|180|210|208|202|222|202|226|238|213|232|238|227|227|251|226|787|531|997|207|161|121|98|343|78|81|62|62|52|56|56|55|41|42|
2017-02-17|6|1_CTs|CT11||27|36|23|16|275|259|6|269|6|8|4|8|4|6|0|7|0|6|5|13|13|16|23|25|32|39|57|86|91|159|246|314|231|272|261|182|228|504|227|487|497|222|173|188|201|93|442|187|196|449|202|465|217|447|178|204|191|202|205|195|201|201|167|413|165|201|235|210|219|226|446|212|190|208|185|470|166|169|150|180|178|170|444|151|120|99|82|335|75|57|322|57|76|63|61|46|
2017-02-17|6|1_CTs|CT12||56|43|37|31|27|19|12|16|11|7|8|7|8|7|4|4|5|10|7|5|13|12|21|28|33|33|40|56|56|92|391|473|275|340|318|311|318|288|972|485|221|187|456|173|680|190|186|200|420|228|204|468|209|447|214|188|469|453|203|208|220|217|202|205|272|275|274|290|292|283|270|232|240|248|249|220|259|320|300|563|276|270|216|166|139|119|104|100|107|84|80|70|73|76|70|75|
2017-02-17|6|1_CTs|CT15||40|25|23|15|10|14|9|6|8|7|11|6|16|9|7|11|7|14|9|13|18|15|31|33|38|45|54|312|67|357|138|212|502|508|265|231|192|174|370|152|391|389|363|110|119|133|108|361|127|358|127|623|137|296|355|110|340|102|123|114|102|115|133|87|106|206|482|215|209|243|215|203|198|205|182|396|134|127|372|104|572|118|87|84|74|76|57|46|53|40|49|38|47|37|36|54|
2017-02-17|6|1_CTs|CT16||39|294|28|23|11|10|8|252|4|9|14|13|5|7|4|8|0|5|8|14|10|10|26|12|25|30|47|75|86|124|197|522|322|300|307|251|531|307|504|278|482|237|439|196|194|208|192|212|186|230|201|225|205|710|196|199|198|224|471|472|453|194|200|187|165|187|484|234|496|231|216|210|187|222|231|489|216|219|212|226|727|214|182|158|136|116|340|350|80|65|73|66|81|80|56|58|
2017-02-17|6|1_CTs|CT17||45|30|26|33|23|20|13|11|11|8|4|15|4|7|8|3|6|1|4|3|16|6|9|9|18|10|14|265|32|55|76|93|179|204|154|211|202|173|158|140|134|135|132|118|394|104|151|178|132|153|175|126|70|119|269|130|143|159|403|144|164|397|140|150|192|180|421|199|227|208|237|245|192|37|0|0|0|0|0|39|158|168|113|96|111|96|326|328|84|69|61|57|63|69|51|44|
2017-02-17|6|1_CTs|CT18||302|69|52|42|33|33|24|22|29|25|24|254|17|18|15|11|11|12|8|23|19|15|27|23|30|36|297|323|93|138|436|496|354|365|326|296|260|287|254|265|500|282|229|224|223|506|200|487|255|260|524|223|218|485|232|466|209|239|209|279|228|264|249|223|245|251|267|288|316|283|298|331|281|45|0|0|0|0|0|46|503|742|497|202|173|152|115|133|119|366|347|112|104|119|91|78|
2017-02-17|6|1_CTs|CT19||40|33|22|36|22|16|18|248|17|15|4|14|4|9|3|3|4|3|6|2|13|4|3|10|10|10|16|22|28|48|308|340|200|186|169|200|215|171|146|143|406|154|136|108|141|120|151|147|145|158|415|150|147|399|129|132|141|139|141|168|169|150|157|147|171|177|179|216|206|214|225|259|209|37|0|0|0|0|0|36|403|180|127|110|103|107|79|75|89|46|328|75|52|70|62|53|
2017-02-17|6|1_CTs|CT20||42|21|282|15|15|8|7|4|8|3|13|6|6|6|3|8|4|3|3|6|7|11|12|11|23|18|22|27|292|46|297|334|143|144|167|146|73|122|124|367|114|123|57|124|374|15|99|132|369|335|55|119|77|93|299|20|354|136|622|107|38|377|104|127|128|137|124|134|155|160|152|147|127|24|0|0|0|0|0|18|123|108|109|19|78|78|302|43|51|301|54|39|46|61|53|40|
2017-02-17|6|1_CTs|CT21||63|44|45|26|268|34|16|21|10|15|15|221|11|12|18|17|19|41|20|44|39|57|280|68|50|74|87|131|168|197|272|353|359|609|554|337|278|506|536|249|501|238|221|245|457|717|236|211|235|226|234|244|229|179|212|231|216|460|459|254|483|218|474|462|223|245|237|267|285|290|509|268|274|280|286|497|262|220|230|213|218|190|412|186|169|165|130|125|118|112|121|104|106|334|106|122|
2017-02-17|6|1_CTs|CT23||49|278|46|40|36|23|26|13|22|21|20|30|14|24|10|12|7|14|18|11|10|24|31|63|36|48|68|97|121|158|254|585|361|313|306|266|250|236|224|235|257|211|234|214|198|218|218|194|237|489|471|228|226|470|217|232|247|244|239|225|225|506|219|234|236|294|292|289|563|297|303|295|302|292|319|529|264|282|292|477|491|238|218|189|421|157|381|614|142|110|95|103|86|341|95|99|
