2011-10-08|6|1_CTs|CT1||1|2|0|0|0|0|0|2|1|0|1|1|2|0|0|0|1|2|0|3|4|2|2|5|2|1|11|2|3|1|4|2|2|5|1|6|3|3|5|2|4|3|1|2|3|4|5|4|3|2|5|4|6|16|5|3|4|4|2|4|6|4|5|2|3|4|9|3|3|3|2|2|2|5|3|2|5|3|3|1|4|2|1|1|6|7|20|1|2|2|0|14|30|1|0|3|
2011-10-08|6|1_CTs|CT3||16|15|8|22|20|10|8|8|4|5|5|10|2|6|6|5|9|14|9|21|11|16|19|24|40|39|45|60|50|46|44|60|48|52|51|61|50|33|53|56|46|39|26|37|49|54|19|49|52|57|35|33|43|30|33|35|38|41|25|23|33|37|24|32|33|49|35|27|45|39|50|37|40|30|28|43|47|33|42|28|37|26|27|22|10|28|22|23|25|26|19|14|12|16|17|10|
2011-10-08|6|1_CTs|CT4||12|10|8|12|8|8|5|7|7|5|1|1|3|2|2|6|1|3|3|6|3|3|1|3|2|4|2|2|8|5|7|5|8|11|11|10|12|11|10|16|25|6|10|21|23|24|24|27|21|26|24|28|30|18|23|28|26|18|18|21|17|22|28|21|23|16|20|22|17|23|17|17|4|2|4|6|12|20|14|20|25|24|16|21|15|21|15|10|9|9|11|13|14|13|6|10|
2011-10-08|6|1_CTs|CT5||27|27|35|19|22|27|23|25|19|27|16|25|19|16|16|13|17|13|12|13|16|17|11|16|16|15|15|18|24|13|12|16|22|36|33|18|27|19|33|35|45|47|63|50|62|49|38|54|52|55|42|42|58|61|46|30|26|44|52|37|34|32|42|38|47|48|43|40|48|30|38|47|42|46|49|38|32|45|53|54|52|49|39|51|29|42|34|40|26|24|30|38|28|38|26|30|
2011-10-08|6|1_CTs|CT6||40|29|16|16|14|11|19|13|7|9|14|14|14|14|21|13|12|4|9|11|6|10|12|13|19|23|12|25|19|24|30|32|41|34|46|64|49|53|59|77|74|80|113|98|111|85|90|101|117|125|109|114|117|106|80|95|76|68|69|68|82|81|98|81|66|69|82|72|68|58|73|63|80|73|78|81|81|93|83|72|62|72|64|57|60|56|45|40|37|44|30|31|35|38|35|30|
2011-10-08|6|1_CTs|CT7||11|8|4|3|4|4|2|3|0|3|3|0|3|6|0|1|2|3|1|0|1|2|3|4|2|3|2|4|6|6|8|5|14|10|12|17|15|14|21|19|11|15|13|17|17|19|21|16|21|22|14|21|23|10|22|9|9|14|15|13|18|16|9|16|13|13|13|14|15|19|18|19|22|19|7|19|12|7|20|19|14|14|18|10|11|14|11|8|7|7|8|9|8|8|3|16|
2011-10-08|6|1_CTs|CT8||74|54|53|48|37|36|19|31|27|25|28|24|22|19|17|20|21|16|10|13|13|15|18|19|22|28|30|32|31|51|59|69|69|64|86|98|95|109|97|95|94|107|92|108|115|105|92|114|99|111|129|104|88|118|80|106|74|113|96|111|90|108|89|106|104|98|90|95|112|94|101|96|92|105|104|99|120|113|119|112|121|118|106|101|89|74|78|52|72|74|80|76|54|71|69|68|
2011-10-08|6|1_CTs|CT9||74|69|66|58|39|40|34|39|44|35|29|45|28|21|32|29|26|20|21|27|21|23|25|26|35|32|38|44|49|52|67|78|79|94|123|131|133|129|135|124|119|120|151|150|156|168|165|150|148|143|168|177|182|185|149|143|128|157|128|155|171|147|162|144|139|136|147|127|153|128|132|136|143|141|147|156|140|154|140|152|142|113|112|100|102|88|92|94|93|75|67|74|94|78|66|57|
2011-10-08|6|1_CTs|CT10||39|48|37|23|25|28|19|20|20|24|19|22|15|15|15|13|13|11|12|16|19|13|15|27|37|19|34|28|43|32|38|49|53|56|83|88|70|94|98|91|97|95|121|141|130|120|94|127|101|121|138|113|108|125|103|92|112|77|91|92|95|113|117|97|98|110|91|111|104|105|107|106|107|119|102|92|103|51|0|68|116|71|86|90|72|51|64|53|60|50|65|56|36|56|49|44|
2011-10-08|6|1_CTs|CT11||48|38|31|29|25|17|19|26|15|13|21|23|17|11|14|8|13|10|16|14|14|20|20|25|28|29|43|60|40|49|80|104|94|90|142|167|127|135|140|160|140|150|173|160|155|153|129|152|115|141|130|131|139|127|99|115|110|114|107|123|126|108|114|111|111|119|127|105|116|102|95|95|102|113|116|98|103|127|100|127|123|126|96|85|54|31|72|55|44|51|44|49|69|47|49|42|
2011-10-08|6|1_CTs|CT12||50|41|29|31|27|28|18|19|20|31|16|28|23|17|14|13|12|14|19|15|18|16|21|31|35|22|33|41|46|32|47|56|63|64|71|105|87|102|112|121|118|122|148|157|149|132|124|152|135|147|128|148|152|144|133|120|112|99|109|103|108|123|113|118|129|115|123|88|107|115|125|118|116|122|118|116|121|110|103|126|116|109|83|71|63|71|69|64|54|54|56|53|52|60|44|43|
2011-10-08|6|1_CTs|CT13||441|429|481|440|317|321|305|249|293|433|147|113|325|313|399|241|434|234|437|203|264|282|449|313|426|501|245|235|373|651|289|480|251|241|204|195|93|96|199|200|148|583|140|583|161|119|176|78|111|101|112|151|82|95|60|66|58|82|89|84|133|118|91|92|77|88|79|87|95|91|106|100|119|112|104|102|96|84|103|99|72|88|78|66|51|74|60|81|61|54|50|52|45|51|45|64|
2011-10-08|6|1_CTs|CT14||33|36|31|22|18|19|20|13|8|17|12|13|7|12|35|7|4|9|9|9|10|9|15|10|15|13|16|21|25|24|19|25|39|34|45|51|54|47|64|52|55|71|73|69|92|86|87|92|93|98|94|94|118|109|97|78|67|64|79|78|72|82|78|70|85|76|87|75|78|80|77|73|71|77|85|70|80|87|65|60|72|51|34|63|33|46|52|40|45|50|53|44|37|39|38|33|
2011-10-08|6|1_CTs|CT15||31|16|12|13|10|15|9|8|5|11|5|10|9|8|2|6|6|4|8|6|14|10|12|18|21|23|19|31|26|34|32|30|37|41|45|67|59|53|74|55|67|54|63|62|71|61|53|86|58|72|61|68|64|49|57|45|49|38|38|42|46|46|47|61|42|51|48|56|52|57|65|55|59|51|62|55|57|49|54|70|47|59|50|41|32|35|41|43|25|26|28|28|29|23|20|19|
2011-10-08|6|1_CTs|CT16||56|57|37|37|31|35|22|28|22|20|23|24|19|21|15|14|22|14|7|12|20|14|19|27|23|20|36|54|43|44|67|90|89|85|126|143|114|110|141|144|130|130|157|141|184|156|137|171|146|165|170|149|145|151|123|123|119|118|108|122|133|136|117|105|110|131|116|144|128|128|115|121|127|142|121|103|118|117|107|142|137|119|128|105|106|80|91|65|67|67|73|64|57|53|58|58|
2011-10-08|6|1_CTs|CT17||10|10|7|6|6|5|6|6|8|8|5|6|8|2|7|4|6|3|3|4|3|2|6|2|1|5|2|4|7|6|8|8|5|12|11|17|12|13|18|16|12|14|22|18|24|18|34|32|30|28|26|20|45|40|19|21|17|20|13|22|11|19|18|14|17|17|19|15|18|15|16|10|19|17|17|20|13|22|19|31|16|21|12|16|16|5|10|10|10|9|1|7|13|10|3|20|
2011-10-08|6|1_CTs|CT18||82|88|75|63|71|66|50|51|52|48|39|53|50|39|33|36|43|24|26|27|26|42|33|37|39|42|46|56|55|65|61|81|72|109|122|132|125|138|141|150|166|163|210|187|226|212|186|213|193|230|233|192|209|205|178|146|151|164|160|161|164|179|198|150|173|150|157|155|160|155|159|178|181|180|193|181|163|190|161|168|185|165|151|141|128|127|121|136|86|91|115|94|84|108|103|97|
2011-10-08|6|1_CTs|CT19||62|52|39|41|41|35|49|40|45|46|31|38|32|30|25|22|35|24|20|13|23|21|12|19|10|12|19|12|21|22|22|27|29|31|53|52|64|84|77|105|102|124|142|120|136|105|132|137|134|141|151|143|168|145|129|104|106|85|89|87|103|101|103|103|98|87|120|93|92|113|106|95|138|122|147|126|140|102|114|120|104|108|79|88|63|72|75|71|60|55|51|44|65|47|49|56|
2011-10-08|6|1_CTs|CT20||29|43|32|28|15|17|17|19|9|15|10|10|8|11|22|13|8|7|15|7|9|13|18|8|19|12|24|28|30|30|27|34|45|47|50|65|60|75|84|86|78|118|23|86|131|112|120|130|118|141|141|113|8|94|109|79|82|90|88|86|78|85|90|74|92|55|26|73|47|81|8|63|17|82|81|59|114|18|49|76|14|60|56|62|56|53|47|61|32|39|37|39|41|45|31|34|
2011-10-08|6|1_CTs|CT21||82|83|59|43|47|54|41|33|24|28|31|23|20|20|14|20|21|23|34|25|24|37|39|47|58|63|73|69|62|99|106|127|120|121|174|184|137|152|176|176|179|174|180|168|192|185|155|170|176|185|182|156|176|172|138|168|160|160|191|184|174|208|174|190|171|196|153|171|159|164|168|157|172|167|195|194|204|175|186|206|196|170|166|167|113|146|134|122|125|110|114|112|94|95|92|99|
2011-10-08|6|1_CTs|CT22||138|103|88|87|77|73|74|62|59|62|66|59|54|63|43|46|37|39|32|55|65|46|65|72|63|82|91|79|102|118|116|134|144|125|153|172|164|164|196|155|196|194|239|234|216|204|230|232|294|246|232|237|269|262|221|215|201|205|197|201|209|220|209|213|231|224|254|232|238|215|213|207|224|232|218|206|177|216|213|219|211|188|185|140|136|125|131|106|127|116|120|112|120|104|126|120|
2011-10-08|6|1_CTs|CT24||102|95|68|46|63|63|65|42|46|50|37|31|41|39|35|33|50|26|38|29|27|28|34|38|48|33|53|60|67|62|90|97|104|83|100|122|111|142|135|153|163|159|190|167|175|153|186|190|219|212|197|182|221|199|190|167|159|143|127|155|165|160|164|176|167|172|171|183|170|172|171|181|160|180|175|187|180|188|204|177|175|164|141|127|128|106|101|93|95|105|96|84|85|108|107|103|
