2015-04-06|3|1_CTs|ct1||297|43|32|21|251|14|13|13|8|9|4|5|8|3|3|5|4|1|5|4|14|14|13|16|13|28|31|40|48|57|110|401|185|201|464|226|498|211|188|182|155|671|165|658|396|141|147|162|369|148|152|163|686|430|376|412|426|177|155|433|423|197|166|206|172|161|677|209|204|195|466|215|215|232|219|487|211|202|201|147|167|142|635|117|104|94|88|63|336|71|72|54|84|60|53|36|
2015-04-06|3|1_CTs|ct3||86|43|285|28|23|32|19|18|15|16|15|14|19|18|8|10|14|10|25|23|27|30|18|32|22|45|313|81|62|71|647|435|199|228|469|732|524|261|487|514|203|742|208|225|445|213|481|706|432|452|458|470|468|208|213|206|231|238|464|252|514|214|228|481|221|231|231|457|172|700|194|171|181|153|134|410|157|158|399|154|379|379|411|642|379|118|106|83|92|75|326|53|76|87|62|43|
2015-04-06|3|1_CTs|ct5||94|88|319|297|46|51|32|27|27|19|536|21|9|12|17|255|8|9|11|12|261|10|21|21|26|18|37|315|57|79|99|368|172|217|204|239|250|223|458|192|190|213|171|199|207|212|692|200|195|475|219|239|492|450|186|188|454|205|209|434|229|201|253|235|534|537|540|302|289|303|785|293|289|323|260|291|263|505|295|247|503|265|242|181|716|414|376|129|395|582|140|124|119|625|98|350|
2015-04-06|3|1_CTs|ct6||8|8|2|4|3|2|1|0|1|2|1|1|3|1|1|2|0|3|2|3|2|2|4|7|4|7|9|16|12|28|30|49|43|38|14|12|12|10|10|289|49|272|298|313|52|34|20|248|14|9|7|24|11|282|9|9|19|54|322|59|572|41|50|68|33|301|52|35|29|36|51|49|57|57|50|289|39|48|40|40|37|39|285|31|26|20|19|15|13|16|18|16|19|12|12|8|
2015-04-06|3|1_CTs|ct7||345|98|70|51|58|54|40|33|50|41|32|30|21|23|22|28|19|40|289|27|34|24|283|35|292|35|50|64|60|58|74|565|104|118|143|375|402|153|137|134|145|134|144|175|429|187|423|165|177|416|672|171|157|153|139|148|141|151|136|173|175|172|167|176|696|209|139|78|48|52|47|55|50|56|318|59|65|65|101|143|136|122|125|126|112|353|106|351|95|72|359|82|96|109|328|358|
2015-04-06|3|1_CTs|ct8||51|44|33|24|27|24|22|18|33|19|14|11|14|11|14|7|7|6|22|14|22|8|13|27|9|22|23|30|28|26|37|46|54|62|82|328|339|77|73|92|340|89|87|111|355|113|111|111|111|107|343|128|110|91|83|84|80|100|106|115|122|606|358|102|379|143|146|645|135|131|146|107|119|118|123|127|113|361|117|97|88|69|68|71|66|67|66|317|68|40|323|48|62|71|53|297|
2015-04-06|3|1_CTs|ct9||53|38|45|61|46|36|37|289|30|15|279|25|13|16|276|10|18|12|14|14|19|32|20|28|27|280|37|47|60|67|87|121|428|190|196|464|483|195|471|432|185|156|420|679|149|176|151|419|166|392|161|409|372|99|121|369|396|180|167|420|163|169|159|156|445|163|675|167|453|168|171|182|195|194|156|485|206|204|437|188|148|155|131|414|131|112|88|97|83|324|82|328|96|340|336|71|
2015-04-06|3|1_CTs|ct10||52|54|50|43|43|34|30|29|22|30|14|17|15|10|8|11|8|10|13|12|17|23|21|28|15|21|17|31|40|55|54|85|110|109|125|153|153|124|145|125|131|127|119|113|128|129|117|108|141|137|122|104|125|118|107|114|109|145|120|128|141|131|145|141|138|156|134|158|143|142|156|144|131|144|138|133|150|134|128|108|115|128|110|97|107|111|81|77|68|80|78|72|65|76|64|67|
2015-04-06|3|1_CTs|ct13||1622|790|488|96|192|412|568|227|73|304|32|368|38|1231|28|273|576|1443|1886|84|118|496|1203|2537|262|389|88|112|974|1804|776|250|920|431|265|1302|812|550|289|519|760|244|702|1122|595|456|1588|946|497|367|949|268|394|737|524|576|564|304|477|278|262|240|410|349|1527|700|789|1220|1813|309|809|469|455|336|386|199|304|701|1128|930|1492|699|766|445|475|281|224|189|232|189|187|157|185|211|132|390|
2015-04-06|3|1_CTs|ct14||54|38|31|29|27|15|21|11|9|12|14|2|4|11|4|5|4|7|3|5|5|11|15|269|24|52|69|623|469|536|302|538|259|777|267|754|764|281|266|247|534|235|238|225|213|183|439|418|686|412|433|438|165|139|129|422|179|187|207|487|213|458|458|193|414|686|139|200|223|483|199|199|214|424|197|735|225|491|465|182|163|407|387|394|374|90|346|92|618|339|338|78|310|324|304|53|
2015-04-06|3|1_CTs|CT16||45|58|298|48|33|35|26|29|16|25|18|16|10|17|4|16|12|4|269|9|16|12|9|25|31|17|27|37|55|71|601|100|103|157|416|121|150|165|167|177|151|137|136|123|372|157|181|418|178|390|645|139|402|360|115|103|102|127|134|141|425|408|377|171|655|148|176|171|204|206|457|205|457|221|202|209|200|197|173|437|169|150|627|120|344|103|108|69|73|69|74|96|91|76|123|59|
2015-04-06|3|1_CTs|ct18||64|67|63|59|48|41|32|37|23|31|16|22|17|13|12|15|13|15|19|16|19|30|27|34|27|31|32|47|71|86|103|151|181|207|230|202|238|227|204|205|203|185|165|154|184|197|162|146|165|185|174|139|173|174|153|160|126|160|203|111|190|177|187|183|167|184|177|185|161|193|165|183|153|182|200|201|203|177|152|139|170|129|157|140|126|128|122|107|102|102|115|102|117|98|100|85|
2015-04-06|3|1_CTs|ct19||0|2|0|1|0|0|0|0|0|0|0|0|0|0|0|0|0|0|0|0|0|1|2|1|2|5|4|11|11|5|13|7|18|10|9|9|8|9|10|6|5|11|9|4|7|5|3|6|6|4|4|5|8|7|4|8|16|8|4|10|6|5|9|6|8|12|6|3|18|4|7|8|13|5|6|2|6|6|6|4|5|6|8|4|8|5|3|5|0|2|1|0|0|3|0|1|
2015-04-06|3|1_CTs|ct22||3|2|1|4|0|1|3|0|258|2|0|1|1|0|2|0|0|1|0|0|3|0|1|0|1|1|0|0|3|3|4|10|12|12|20|13|20|21|17|21|532|23|21|18|16|13|276|28|19|29|23|22|277|17|18|28|24|24|22|18|31|18|24|27|33|30|33|33|34|53|53|56|56|55|309|42|44|41|34|30|290|21|11|14|11|5|246|11|4|1|9|7|20|6|3|2|
2015-04-06|3|1_CTs|CT23||103|89|59|46|283|33|37|24|20|22|277|6|25|11|11|11|3|6|244|10|15|21|17|19|16|39|11|35|60|80|174|142|259|304|378|610|351|344|809|752|238|507|186|253|496|260|284|241|286|311|823|326|886|343|234|526|275|570|558|281|637|758|351|314|360|360|658|506|496|517|1003|581|824|632|634|1352|610|568|592|479|742|430|640|544|264|256|512|210|219|189|150|402|221|379|115|365|
2015-04-06|3|1_CTs|ct24||212|156|124|128|92|331|65|38|44|53|49|29|287|37|39|241|284|40|28|35|51|303|81|117|395|194|327|1040|702|1224|1001|1319|814|1131|1076|1268|670|752|1069|1326|1372|1351|909|1088|822|708|1209|961|1006|701|758|1257|904|615|584|1206|1061|1109|1115|1158|885|964|1084|1019|718|732|706|755|987|799|828|839|1154|855|850|862|840|1074|1289|631|1060|577|821|699|473|395|598|606|324|553|539|524|503|508|702|408|
