2015-02-10|6|1_CTs|CT1||1|2|0|0|1|0|0|1|0|0|0|0|0|0|1|0|0|1|0|1|1|1|2|1|2|1|4|2|4|4|14|49|131|134|92|37|61|26|23|16|12|13|11|10|4|10|6|3|3|10|8|7|5|3|4|8|8|14|9|7|7|6|14|15|7|9|13|21|14|12|19|6|10|7|10|6|6|4|5|15|7|8|1|0|6|2|1|2|1|0|2|0|1|0|0|1|
2015-02-10|6|1_CTs|CT3||5|11|11|7|3|5|3|2|2|2|0|0|6|4|3|3|0|2|4|11|10|13|18|17|18|28|27|34|36|38|51|75|83|102|345|86|58|62|57|49|39|44|46|44|41|285|46|34|45|40|38|46|52|39|38|40|42|41|53|67|46|40|43|45|33|45|34|35|39|53|279|43|263|49|40|58|37|50|299|28|33|25|26|20|16|17|16|14|16|11|8|7|21|15|18|6|
2015-02-10|6|1_CTs|CT4||7|9|2|5|2|2|0|2|1|0|1|1|1|0|0|1|0|0|0|1|0|3|0|1|2|1|1|2|4|10|8|20|67|53|20|28|545|27|37|34|283|31|28|18|21|25|27|32|278|40|35|36|43|21|33|29|30|31|34|26|39|30|29|29|43|41|34|40|50|62|78|81|88|75|77|88|87|56|33|287|32|17|274|23|18|17|12|5|10|12|11|7|9|12|13|8|
2015-02-10|6|1_CTs|CT5||11|7|14|14|8|8|4|3|6|3|1|4|5|8|1|3|3|5|2|3|6|3|6|9|11|8|15|18|15|30|31|43|313|59|89|120|101|83|69|321|76|82|70|55|72|79|324|66|72|62|299|68|62|62|74|317|320|57|70|65|63|70|79|61|73|68|62|54|324|98|333|92|78|81|69|68|324|327|64|51|60|62|49|40|34|34|26|31|34|29|28|14|15|14|18|13|
2015-02-10|6|1_CTs|CT6||17|30|19|9|4|5|4|2|2|4|4|1|0|3|3|1|0|2|3|4|7|6|11|10|18|8|17|21|21|287|64|87|136|206|193|438|177|139|109|121|103|95|102|89|77|104|108|94|109|81|104|79|89|102|101|104|124|119|117|113|82|350|105|96|336|111|121|101|115|371|371|126|369|131|131|351|110|127|365|348|98|94|76|68|66|64|48|275|55|286|40|42|42|305|287|35|
2015-02-10|6|1_CTs|CT7||2|3|3|2|3|2|0|1|0|0|1|2|1|3|0|0|0|2|2|2|2|3|2|4|4|3|0|8|12|265|26|40|36|36|51|40|43|42|40|48|25|28|26|24|30|279|16|21|289|26|28|27|29|36|24|24|21|261|31|30|284|275|274|22|25|30|29|21|30|34|25|30|33|36|39|29|28|276|16|16|24|274|18|18|9|13|11|5|7|3|8|9|4|5|9|2|
2015-02-10|6|1_CTs|CT8||31|21|17|15|12|252|15|6|7|12|8|6|13|14|9|7|11|6|8|7|8|16|23|20|20|22|45|59|71|355|175|426|231|231|424|425|424|415|221|425|149|150|163|157|349|625|378|140|106|141|138|362|162|121|371|370|166|184|382|145|144|656|367|140|138|169|158|144|380|430|179|391|182|186|176|442|203|414|656|163|144|141|359|104|574|82|80|67|55|72|62|57|52|53|44|44|
2015-02-10|6|1_CTs|CT9||49|266|26|17|9|7|13|6|12|10|6|8|4|8|6|10|6|3|5|10|13|23|31|32|39|40|36|57|74|120|185|310|331|630|647|591|575|319|245|251|233|183|176|238|389|475|199|185|180|191|174|166|176|201|191|495|234|817|567|311|210|470|215|481|197|242|235|247|225|565|547|574|309|300|306|314|282|244|508|188|172|168|141|110|110|95|86|95|80|69|65|69|57|53|51|45|
2015-02-10|6|1_CTs|CT10||16|18|29|17|9|11|7|1|7|6|5|4|8|5|3|3|3|2|2|5|7|9|9|21|269|21|31|37|48|62|87|404|180|155|173|196|201|174|444|158|129|139|131|156|122|409|153|134|156|138|413|158|173|139|399|648|149|138|373|157|159|154|162|179|439|199|185|419|212|214|220|461|217|257|239|475|210|220|736|162|160|127|127|107|93|84|87|65|310|41|62|51|27|27|286|36|
2015-02-10|6|1_CTs|CT11||28|14|15|7|5|5|6|10|2|3|3|3|4|4|3|3|3|4|3|9|11|15|20|26|32|34|55|53|84|138|263|320|224|200|232|532|321|478|280|237|204|212|231|194|183|427|455|426|150|175|431|443|187|188|181|467|218|518|196|197|196|180|685|199|709|190|487|231|226|242|206|455|189|193|189|194|162|158|400|396|432|123|88|91|79|80|310|50|58|61|48|286|48|296|31|28|
2015-02-10|6|1_CTs|CT12||29|20|26|12|11|9|9|8|3|4|2|6|5|6|2|2|5|2|7|6|6|12|15|20|27|19|35|38|59|84|127|186|509|342|290|323|319|284|215|237|165|193|173|167|167|159|708|437|173|204|415|183|235|194|164|698|186|441|691|207|191|707|434|200|247|265|237|259|334|291|302|302|310|279|246|480|240|993|749|991|199|158|401|122|356|348|75|79|76|56|72|54|51|45|288|39|
2015-02-10|6|1_CTs|CT15||19|19|10|15|10|11|4|3|3|7|3|9|9|10|6|5|4|8|7|11|17|16|22|29|33|36|300|303|62|75|127|176|216|213|198|191|195|181|161|381|141|134|93|120|102|614|115|620|121|104|103|383|375|124|114|125|115|397|201|141|364|119|371|106|110|104|113|127|370|132|136|181|439|211|157|214|159|139|125|98|343|81|63|65|59|55|312|45|35|28|34|26|26|27|29|15|
2015-02-10|6|1_CTs|CT16||23|18|22|15|12|13|7|6|6|5|7|4|9|7|3|4|3|8|3|10|267|12|15|20|26|26|53|49|59|96|182|796|287|309|566|529|799|288|757|280|463|181|208|213|174|168|451|408|198|172|190|202|193|195|201|164|439|192|437|467|222|203|191|219|449|203|213|244|237|465|469|222|195|261|229|460|208|185|163|163|168|141|121|121|82|85|92|319|321|55|66|69|286|37|47|37|
2015-02-10|6|1_CTs|CT17||19|20|21|10|12|10|11|9|8|6|7|5|4|6|3|4|4|3|5|2|6|11|10|2|15|9|9|20|30|24|51|56|93|113|61|66|328|60|52|345|75|87|324|84|71|84|99|125|124|155|140|99|386|141|129|133|149|142|156|153|136|419|158|179|194|199|423|199|226|261|207|461|257|184|205|209|199|193|155|153|116|151|380|84|329|59|65|340|59|66|56|45|44|44|36|36|
2015-02-10|6|1_CTs|CT18||41|282|289|27|18|19|13|9|10|6|5|11|12|13|3|5|7|8|7|8|15|13|24|25|29|28|45|71|71|131|146|491|286|361|239|245|263|231|241|259|233|247|267|482|236|249|476|207|217|211|455|247|209|218|226|706|485|478|223|260|235|240|506|206|505|270|259|237|301|560|289|297|281|321|319|303|270|512|208|209|198|468|158|152|114|136|100|107|102|346|85|87|71|56|67|61|
2015-02-10|6|1_CTs|CT19||23|26|16|18|13|11|10|11|16|8|3|2|6|4|6|8|1|4|6|3|1|5|6|5|5|10|11|15|23|33|47|94|425|180|135|189|701|163|396|128|125|122|120|139|155|123|123|134|127|392|128|372|179|131|117|120|131|403|140|136|134|416|175|165|174|147|158|200|205|513|1005|233|265|269|289|269|225|230|168|150|114|147|135|90|82|77|69|67|44|48|43|37|29|44|291|32|
2015-02-10|6|1_CTs|CT20||28|13|11|16|2|4|14|1|2|1|3|3|8|5|2|1|4|2|3|2|6|10|14|6|16|20|13|288|287|35|58|80|129|46|69|52|148|157|645|107|118|124|114|93|113|135|88|78|132|119|117|113|20|66|62|117|117|388|7|127|118|126|369|142|120|115|379|132|138|375|388|113|120|130|131|385|111|72|88|44|42|96|317|326|64|44|54|50|46|51|49|47|31|27|26|21|
2015-02-10|6|1_CTs|CT21||37|58|38|27|23|22|15|11|10|8|236|13|268|240|12|8|8|20|11|21|21|30|44|48|60|56|282|92|132|179|244|353|337|382|367|324|541|314|755|283|237|209|228|278|422|217|238|195|216|199|200|235|199|188|179|187|207|229|273|279|435|226|226|239|195|206|229|214|705|210|246|484|236|262|274|267|439|225|203|179|160|402|136|104|111|97|109|83|90|80|78|69|75|78|273|51|
2015-02-10|6|1_CTs|CT22||58|56|51|37|26|22|22|28|20|19|15|9|13|15|272|22|10|14|19|27|35|40|44|55|52|51|70|99|77|117|152|428|216|258|280|500|254|256|232|243|228|209|221|209|223|704|235|231|311|524|461|251|483|233|250|241|225|249|216|243|244|257|490|274|256|269|529|295|300|358|342|353|351|344|345|324|562|358|276|522|237|456|211|173|399|135|115|143|339|131|100|83|92|298|332|78|
2015-02-10|6|1_CTs|CT23||36|46|32|16|22|18|19|7|16|13|6|11|17|18|12|6|10|6|10|10|11|17|22|38|36|39|69|87|116|131|232|311|316|370|379|602|314|306|575|263|250|236|229|237|215|667|204|193|201|211|228|217|488|216|228|473|277|780|267|256|218|477|444|222|221|256|259|247|281|553|539|281|559|315|320|324|298|267|532|463|212|436|180|152|144|113|367|110|89|109|80|87|322|86|65|59|
2015-02-10|6|1_CTs|CT24||40|287|49|38|20|17|19|12|19|10|10|8|8|7|11|11|5|17|13|15|15|19|16|25|39|32|50|60|100|131|198|259|257|312|312|360|376|499|600|296|290|244|254|738|457|701|522|232|301|498|263|270|235|256|403|464|252|262|273|268|271|468|500|289|292|327|560|262|284|513|314|790|300|346|330|853|306|390|883|525|288|243|197|196|163|146|121|120|102|114|122|105|74|68|310|66|
