2017-02-08|2|1_CTs|ct1||53|44|32|29|29|12|273|20|9|21|13|7|6|15|15|10|11|16|12|270|13|21|28|30|36|267|62|87|109|121|143|397|648|158|439|430|175|434|204|190|195|448|378|234|228|705|470|429|192|187|463|665|206|172|181|173|206|212|457|203|218|194|191|188|195|419|661|477|357|394|673|164|409|169|394|154|673|407|145|398|141|407|149|132|380|104|340|81|88|104|85|326|323|85|73|59|
2017-02-08|2|1_CTs|ct2||24|24|15|11|16|7|13|12|7|10|7|6|6|7|2|3|5|4|6|264|4|11|11|12|12|246|29|22|26|40|49|45|58|63|55|323|88|333|96|102|93|350|105|124|112|104|97|89|340|80|84|330|365|80|86|84|94|84|87|351|98|111|598|339|83|86|329|630|292|579|97|96|102|352|330|78|354|113|82|89|584|330|75|74|63|44|44|47|52|64|52|42|296|45|34|40|
2017-02-08|2|1_CTs|ct3||288|32|26|16|16|13|9|13|10|12|9|3|8|5|7|5|7|7|7|8|7|16|17|20|22|23|31|54|65|76|93|93|354|100|113|113|92|124|129|114|105|135|114|133|154|141|619|144|390|369|363|385|378|117|113|135|113|115|128|135|129|142|619|114|140|126|123|383|109|97|351|128|133|859|112|135|130|375|369|98|98|108|111|86|87|316|58|53|58|77|66|36|58|47|306|34|
2017-02-08|2|1_CTs|ct4||28|21|19|14|6|10|6|8|9|13|5|6|5|4|5|3|8|4|4|8|2|3|6|7|11|15|267|25|281|29|30|42|62|69|63|313|77|65|75|68|71|64|55|305|51|70|327|54|337|333|71|76|72|56|309|73|47|57|79|80|45|65|74|71|65|79|64|76|75|323|571|65|315|56|60|57|63|307|56|58|53|310|55|46|44|33|22|33|33|40|38|48|32|43|35|32|
2017-02-08|2|1_CTs|ct5||80|62|53|47|27|283|23|284|27|29|20|16|17|19|13|18|17|15|11|21|6|17|29|20|21|28|30|297|70|65|112|131|150|167|198|968|187|183|175|446|455|430|209|468|467|210|193|184|205|445|187|192|178|181|448|167|163|182|447|192|231|451|450|199|212|456|476|447|201|190|164|199|206|201|682|188|173|385|694|405|160|661|121|129|388|119|79|357|127|120|131|119|122|124|102|96|
2017-02-08|2|1_CTs|ct6||63|46|50|41|34|24|29|21|281|29|20|9|11|16|18|7|13|10|13|17|6|14|20|20|20|27|32|33|53|286|73|71|93|101|114|387|126|127|121|116|145|117|318|195|146|409|410|156|159|160|156|397|154|150|405|152|128|158|169|159|198|419|182|168|422|440|420|179|178|421|98|124|150|384|413|648|406|138|656|144|140|115|108|124|99|357|86|93|106|101|97|110|73|110|103|93|
2017-02-08|2|1_CTs|ct17||78|75|48|40|34|36|30|41|32|27|25|18|18|15|14|20|9|12|16|18|14|25|43|29|41|494|47|89|91|346|139|153|163|154|194|458|189|206|307|224|199|749|333|361|250|237|503|489|235|201|480|703|718|495|448|201|213|209|188|229|243|460|494|247|504|238|507|476|224|214|469|242|248|216|466|495|502|482|458|439|446|464|183|165|173|128|115|111|132|141|150|353|97|106|108|89|
2017-02-08|2|1_CTs|CT19||33|27|21|19|15|8|8|7|12|10|10|9|4|5|6|6|5|2|8|10|3|13|9|3|14|12|23|295|298|43|69|73|77|90|74|83|78|338|109|108|358|352|104|112|376|348|20|360|363|117|116|352|110|99|97|113|112|63|369|330|104|105|364|132|641|356|133|414|579|626|108|90|401|638|320|370|622|127|354|112|348|99|81|86|325|55|46|50|52|63|42|39|44|50|48|33|
2017-02-08|2|1_CTs|CT20||561|30|43|277|24|18|13|12|28|278|10|12|6|9|7|4|8|8|9|263|9|4|13|10|10|11|17|25|39|31|40|57|88|96|82|361|342|86|71|85|329|598|79|90|71|84|335|85|340|70|72|64|97|70|325|317|57|66|71|71|345|294|329|80|333|83|77|564|338|86|73|87|345|333|835|82|61|83|336|82|77|70|318|64|576|63|44|293|58|55|36|49|65|49|38|48|
2017-02-08|2|1_CTs|CT21||20|281|25|12|11|7|6|6|8|8|3|4|3|6|4|1|3|2|2|8|1|1|8|4|6|6|7|13|20|10|280|41|46|59|47|52|60|48|52|51|52|55|300|52|43|54|49|49|265|46|49|36|51|39|35|45|42|301|42|312|50|305|296|59|41|45|43|578|262|305|37|55|52|55|55|51|38|45|43|309|44|294|43|34|33|28|29|25|33|31|26|287|244|32|27|27|
