2011-11-15|4|1_CTs|CT1||0|0|0|0|0|0|0|0|0|0|0|0|0|0|0|0|0|0|0|0|0|0|0|0|0|0|0|0|0|0|0|0|0|0|0|0|0|0|0|0|0|27|0|0|20|0|0|0|0|0|0|0|0|0|0|0|0|0|0|0|1|0|0|0|0|0|0|0|0|0|0|0|0|0|0|0|0|0|0|0|0|0|0|0|0|0|0|0|0|0|0|0|0|0|0|0|
2011-11-15|4|1_CTs|CT2||19|31|30|13|22|17|14|19|9|11|9|5|6|7|7|4|8|5|6|10|5|6|13|12|22|20|20|33|45|51|56|90|89|91|88|125|115|120|114|132|119|165|95|97|45|83|87|85|92|91|104|45|0|0|0|0|0|0|0|98|77|68|83|69|36|0|0|0|0|0|0|0|0|0|0|0|0|0|0|0|0|0|0|0|0|0|0|0|0|0|0|0|0|0|0|0|
2011-11-15|4|1_CTs|CT3||179|165|112|100|77|68|45|56|51|52|34|39|30|26|28|28|23|26|32|28|34|31|43|52|71|57|65|95|151|175|224|343|436|469|479|469|446|435|376|368|336|232|345|433|314|470|397|435|445|455|468|267|0|0|0|0|0|0|0|396|465|328|397|349|200|0|0|0|0|0|0|0|0|0|0|0|0|0|0|0|0|0|0|0|0|0|0|0|0|0|0|0|0|0|0|0|
2011-11-15|4|1_CTs|CT4||16|12|20|9|10|6|6|1|3|7|8|4|7|3|3|2|3|3|8|6|3|9|10|8|14|24|16|19|23|28|30|29|35|45|39|47|50|60|45|51|48|782|48|43|39|53|48|55|66|72|67|24|0|0|0|0|0|0|0|58|44|32|39|42|30|0|0|0|0|0|0|0|0|0|0|0|0|0|0|0|0|0|0|0|0|0|0|0|0|0|0|0|0|0|0|0|
2011-11-15|4|1_CTs|CT5||0|0|0|0|0|0|0|0|0|0|0|0|0|0|0|0|0|0|0|0|0|0|0|0|0|0|0|0|0|0|0|0|0|0|0|0|0|0|0|0|0|110|0|0|0|0|0|0|0|0|0|0|0|0|0|0|0|0|0|0|0|0|0|0|0|0|0|0|0|0|0|0|0|0|0|0|0|0|0|0|0|0|0|0|0|0|0|0|0|0|0|0|0|0|0|0|
2011-11-15|4|1_CTs|CT6||33|22|23|29|15|10|10|11|9|4|7|4|3|5|5|0|2|1|3|6|9|10|12|16|24|17|16|19|34|49|57|100|160|142|173|133|145|163|138|134|128|114|113|133|112|129|97|109|103|126|125|127|121|112|95|109|119|136|101|53|119|122|86|127|94|108|145|150|175|132|138|139|161|129|164|152|166|130|121|127|136|114|107|90|63|52|53|48|43|32|31|54|55|46|46|36|
2011-11-15|4|1_CTs|CT7||0|0|0|0|0|0|0|0|0|0|0|0|0|0|0|0|0|0|0|0|0|0|0|0|0|0|0|0|0|0|0|0|0|0|0|0|0|0|0|0|0|110|0|0|0|0|0|0|0|0|0|0|0|0|0|0|0|0|0|0|0|0|0|0|0|0|0|0|0|0|0|0|0|0|0|0|0|0|0|0|0|0|0|0|0|0|0|0|0|0|0|0|0|0|0|0|
2011-11-15|4|1_CTs|CT9||0|0|0|0|0|0|0|0|0|0|0|0|0|0|0|0|0|0|0|0|0|0|0|0|0|0|0|0|0|0|0|0|0|0|0|0|0|0|0|0|0|28|0|0|0|0|0|0|0|0|0|0|0|0|0|0|0|0|0|0|0|0|0|0|0|0|0|0|0|0|0|0|0|0|0|0|0|0|0|0|0|0|0|0|0|0|0|0|0|0|0|0|0|0|0|0|
2011-11-15|4|1_CTs|CT10||0|0|0|0|0|0|0|0|0|0|0|0|0|0|0|0|0|0|0|0|0|0|0|0|0|0|0|0|0|0|0|0|0|0|0|0|0|0|0|0|0|112|0|0|0|0|0|0|0|0|0|0|0|0|0|0|0|0|0|0|0|0|0|0|0|0|0|0|0|0|0|0|0|0|0|0|0|0|0|0|0|0|0|0|0|0|0|0|0|0|0|0|0|0|0|0|
2011-11-15|4|1_CTs|CT11||0|0|0|0|0|0|0|0|0|0|0|0|0|0|0|0|0|0|0|0|0|0|0|0|0|0|0|0|0|0|0|0|0|0|0|0|0|0|0|0|0|61|0|0|0|0|0|0|0|0|0|0|0|0|0|0|0|0|0|0|0|0|0|0|0|0|0|0|0|0|0|0|0|0|0|0|0|0|0|0|0|0|0|0|0|0|0|0|0|0|0|0|0|0|0|0|
2011-11-15|4|1_CTs|CT12||0|0|0|0|0|0|0|0|0|0|0|0|0|0|0|0|0|0|0|0|0|0|0|0|0|0|0|0|0|0|0|0|0|0|0|0|0|0|0|0|0|760|0|0|0|0|0|0|0|0|0|0|0|0|0|0|0|0|0|0|0|0|0|0|0|0|0|0|0|0|0|0|0|0|0|0|0|0|0|0|0|0|0|0|0|0|0|0|0|0|0|0|0|0|0|0|
2011-11-15|4|1_CTs|CT13||0|0|0|0|0|0|0|0|0|0|0|0|0|0|0|0|0|0|0|0|0|0|0|0|0|0|0|0|0|0|0|0|0|0|0|0|0|0|0|0|0|112|0|0|0|0|0|0|0|0|0|0|0|0|0|0|0|0|0|0|0|0|0|0|0|0|0|0|0|0|0|0|0|0|0|0|0|0|0|0|0|0|0|0|0|0|0|0|0|0|0|0|0|0|0|0|
