2016-02-01|7|1_CTs|CT1||22|20|29|269|8|13|18|5|10|9|8|7|6|9|9|3|6|6|6|7|10|13|16|13|16|18|18|35|40|60|113|121|416|690|416|173|193|178|413|153|135|114|136|121|126|81|115|375|371|97|107|109|357|114|106|101|109|118|130|124|635|373|123|116|139|124|379|135|151|411|145|387|130|398|148|136|134|129|100|93|98|344|69|81|67|321|54|53|54|44|52|45|45|309|297|39|
2016-02-01|7|1_CTs|CT2||33|30|44|20|14|24|8|14|15|16|10|8|16|6|2|12|10|2|8|22|14|20|12|22|30|29|36|59|83|98|126|104|244|601|343|322|288|281|481|141|183|159|33|125|120|149|173|181|175|163|127|129|146|369|148|196|427|386|199|206|140|50|26|685|151|100|206|212|159|146|492|211|511|452|375|457|394|75|50|18|133|128|124|104|105|110|70|316|76|68|66|59|60|47|48|50|
2016-02-01|7|1_CTs|CT4||292|37|31|25|35|16|278|17|13|15|15|10|10|13|10|3|4|4|4|11|3|3|4|5|257|2|3|1|10|13|13|16|41|24|33|32|29|25|19|25|14|28|35|41|29|44|32|303|43|34|46|37|50|39|42|32|33|38|59|40|37|52|64|305|72|45|68|330|74|328|564|60|350|97|90|82|62|329|51|61|84|85|62|59|32|53|42|63|42|305|30|44|50|44|43|23|
2016-02-01|7|1_CTs|CT6||24|15|10|11|15|17|264|16|6|7|6|6|4|2|1|11|2|3|2|5|3|3|1|10|5|6|9|20|35|287|31|98|139|162|416|143|147|112|99|103|80|347|110|136|129|376|100|104|95|115|110|113|384|599|84|365|380|134|116|119|384|88|115|122|114|458|189|180|427|186|215|447|190|171|158|161|440|150|133|370|124|356|97|70|80|66|71|316|56|38|32|284|41|32|31|27|
2016-02-01|7|1_CTs|CT7||21|14|12|9|15|10|5|6|8|6|1|3|3|6|5|3|6|4|5|3|11|3|7|11|18|21|24|30|36|51|305|97|102|384|145|379|607|126|115|368|116|109|125|358|393|127|111|100|113|97|104|110|129|357|115|366|113|112|120|127|111|128|109|127|128|153|109|142|130|137|414|201|217|205|169|430|177|390|137|136|120|343|91|88|56|57|51|53|43|36|38|42|43|39|34|23|
2016-02-01|7|1_CTs|CT8||86|79|74|45|34|38|28|276|25|25|20|16|16|281|20|22|12|34|35|46|62|67|87|101|105|122|135|159|207|257|328|685|700|454|461|453|520|459|399|442|378|356|390|332|299|587|334|583|345|336|331|335|327|311|297|305|366|401|351|354|580|631|341|344|351|339|334|390|378|872|367|347|432|396|636|883|336|319|317|303|265|252|223|204|155|676|167|127|121|133|372|99|100|109|113|77|
2016-02-01|7|1_CTs|CT12||33|29|27|14|20|19|10|13|14|12|8|3|5|7|6|15|6|6|1|15|3|8|2|14|13|13|21|34|316|46|85|129|198|205|218|240|733|175|165|149|135|144|155|433|165|173|164|179|197|178|188|188|458|182|172|688|181|459|197|196|215|164|190|479|204|264|252|515|260|787|304|569|306|303|533|534|569|516|248|200|476|184|151|133|126|363|115|97|71|56|67|323|55|57|42|42|
2016-02-01|7|1_CTs|CT13||9|7|5|6|1|4|0|258|4|2|1|2|0|1|2|1|0|1|2|2|4|1|1|4|5|6|6|11|12|19|23|46|43|47|54|36|43|58|50|47|48|45|47|63|50|54|40|43|56|39|305|43|71|299|65|46|55|38|47|58|316|66|55|51|62|67|64|325|53|63|65|64|63|332|88|103|75|52|304|66|186|175|47|29|26|28|32|32|24|20|16|28|18|15|11|5|
2016-02-01|7|1_CTs|CT14||106|101|76|59|58|61|33|36|37|36|33|20|23|26|19|289|31|32|36|49|48|52|90|80|349|80|80|119|125|182|223|556|606|423|692|461|438|419|432|606|340|328|590|841|336|612|361|320|600|653|611|348|597|361|326|340|332|316|368|350|361|355|421|381|417|457|710|750|771|845|596|864|641|1126|880|548|500|504|470|433|390|592|296|280|457|239|201|193|452|144|154|397|390|133|122|99|
2016-02-01|7|1_CTs|CT15||20|15|5|6|6|8|6|6|6|3|10|7|6|1|1|8|3|2|3|7|2|4|6|11|11|9|9|12|28|23|45|97|450|463|205|397|175|154|96|71|78|314|63|66|71|324|68|56|67|75|69|88|75|59|52|73|74|350|73|68|69|77|96|119|128|232|189|163|167|193|213|152|147|96|392|402|114|101|86|99|329|71|34|306|39|41|64|58|36|42|25|21|28|291|20|16|
