2018-01-11|3|1_CTs|ct1||31|24|18|10|11|17|13|262|9|5|11|5|8|2|4|4|4|2|5|4|3|8|8|8|12|21|34|293|39|74|397|428|197|211|196|183|195|435|143|144|152|139|124|136|110|128|131|635|121|111|146|899|422|135|106|112|650|99|367|190|416|406|406|153|383|128|384|425|379|447|187|189|180|447|444|430|145|391|173|170|406|164|373|107|89|75|68|326|63|79|317|261|59|57|49|53|
2018-01-11|3|1_CTs|ct3||224|186|140|96|102|117|327|48|55|42|56|43|306|30|287|34|274|37|25|37|46|44|55|53|334|94|128|383|167|735|617|732|768|574|555|806|534|1054|741|456|444|1005|685|483|662|689|664|433|472|438|493|786|1050|477|417|433|291|215|264|453|759|690|581|481|488|732|539|542|584|852|578|575|548|608|563|842|536|777|557|829|1075|810|755|458|617|360|315|601|272|340|269|277|285|267|231|288|
2018-01-11|3|1_CTs|ct5||160|105|83|92|70|51|39|41|40|267|13|34|19|17|12|23|14|10|12|273|17|13|17|16|20|17|40|307|63|65|115|701|214|516|280|246|256|531|234|223|203|239|193|210|225|483|444|234|252|490|735|779|494|244|485|462|198|258|226|248|513|554|261|312|544|295|277|568|325|868|377|596|319|354|583|553|307|524|272|268|549|306|530|450|464|153|157|404|181|167|122|165|154|138|398|172|
2018-01-11|3|1_CTs|ct6||6|5|5|6|0|4|7|3|1|4|0|1|0|1|1|0|1|1|2|3|1|2|0|7|4|8|10|33|23|289|46|55|67|63|326|334|69|65|83|66|577|44|52|52|60|39|47|295|40|49|305|45|310|47|43|44|302|311|60|84|81|68|36|47|58|49|305|286|56|305|55|49|59|60|68|66|53|55|55|48|51|39|39|298|24|27|24|25|25|17|24|13|18|11|6|15|
2018-01-11|3|1_CTs|ct7||91|316|68|49|817|55|38|42|37|37|17|28|16|14|245|18|10|19|20|19|23|28|22|279|30|29|40|50|60|61|69|350|96|133|138|129|635|144|146|381|138|141|144|145|159|152|175|165|399|154|176|160|408|406|127|137|149|150|150|157|137|151|156|145|86|344|59|315|55|87|62|84|1140|110|62|131|360|399|121|128|137|388|128|124|116|93|92|109|96|613|101|334|108|362|108|97|
2018-01-11|3|1_CTs|ct8||44|39|33|18|281|22|15|12|18|17|15|12|268|7|13|8|5|7|12|7|13|13|14|269|18|10|18|21|31|29|36|304|55|87|79|73|846|98|88|588|108|96|104|112|120|112|119|131|356|111|118|105|106|106|98|104|371|359|373|121|352|117|115|132|134|123|141|143|134|150|126|121|642|117|114|116|83|101|87|83|88|357|86|81|64|50|62|72|58|316|58|56|63|301|79|60|
2018-01-11|3|1_CTs|ct9||897|133|132|260|74|338|108|356|129|557|60|590|349|50|64|49|63|567|41|64|299|93|49|356|200|578|42|95|62|353|1123|423|1142|772|563|1546|803|2142|1506|1923|3026|2346|2444|3015|2476|2765|887|1111|2537|1807|835|1349|1432|717|1008|279|342|632|462|286|842|477|235|267|2077|214|266|129|388|155|140|157|834|1622|1498|833|530|432|1015|971|1266|287|645|610|2094|2738|1881|355|368|733|693|392|165|1292|376|153|
2018-01-11|3|1_CTs|ct10||75|72|52|51|49|31|35|42|42|37|36|33|37|27|19|15|19|19|14|16|22|17|20|21|22|31|28|51|39|57|74|92|157|171|180|200|158|182|148|159|137|143|168|132|155|118|159|131|126|164|141|126|133|150|142|134|134|158|147|170|133|148|158|158|149|146|179|166|155|180|160|180|168|164|161|164|157|150|145|154|143|142|127|127|110|101|85|105|97|105|93|110|108|126|101|90|
2018-01-11|3|1_CTs|ct13||184|182|137|126|108|370|91|90|84|60|83|76|336|46|74|40|50|41|49|79|48|46|55|67|84|79|356|106|90|140|177|222|750|250|269|614|327|307|1203|404|195|1233|317|703|597|855|279|227|274|543|257|771|518|266|225|930|443|331|231|409|515|556|338|587|327|239|247|496|288|763|236|270|298|230|507|256|267|233|214|283|259|219|264|497|244|217|193|196|239|232|169|204|251|236|210|179|
2018-01-11|3|1_CTs|CT16||83|100|82|55|71|69|42|44|39|37|25|27|14|284|27|12|25|25|17|21|8|29|25|16|27|28|23|308|74|83|98|146|173|706|455|158|202|742|447|173|170|194|186|182|188|453|488|481|217|190|440|722|448|444|167|175|406|175|692|197|438|438|205|212|233|455|470|479|259|447|200|261|250|522|220|291|243|466|233|230|708|177|140|138|143|146|116|142|110|114|122|88|116|116|135|132|
2018-01-11|3|1_CTs|ct18||91|100|77|57|63|51|47|48|48|50|44|40|40|24|23|22|25|26|20|24|24|27|28|32|41|45|42|69|79|103|132|152|250|250|243|314|231|262|218|225|182|186|228|182|205|183|228|179|181|188|186|188|174|185|189|151|174|201|227|193|168|221|193|226|187|184|203|212|195|197|210|194|218|183|171|228|171|202|193|208|173|163|172|132|133|133|116|131|116|126|123|124|140|155|126|114|
2018-01-11|3|1_CTs|ct19||1|1|0|4|1|1|0|0|0|0|0|1|1|0|0|0|0|0|0|0|0|1|1|2|1|7|7|0|11|4|7|6|7|8|10|5|10|8|6|10|10|17|6|5|5|6|5|4|3|6|3|5|7|4|9|4|6|9|6|3|6|6|3|4|8|6|9|2|9|7|4|7|1|8|7|3|16|8|6|7|9|7|7|8|5|4|3|2|1|3|1|0|2|2|1|3|
2018-01-11|3|1_CTs|ct22||10|5|2|4|9|4|2|3|3|1|1|1|1|1|1|0|1|1|1|9|1|3|2|2|0|5|8|4|3|7|15|10|18|16|19|275|283|16|21|26|25|17|19|30|20|31|31|22|26|21|35|289|25|23|19|261|20|31|27|26|32|24|21|19|36|30|38|24|37|44|40|36|300|25|37|19|30|33|286|17|24|287|20|21|23|15|7|8|8|12|15|13|5|11|10|280|
2018-01-11|3|1_CTs|CT23||78|70|57|43|44|28|285|297|30|22|20|27|13|15|260|12|15|21|12|17|23|21|27|34|28|45|72|353|138|690|207|196|223|216|240|503|482|232|474|490|206|203|707|466|188|191|445|208|177|194|176|441|165|172|165|189|449|218|195|201|197|197|432|192|184|182|174|423|145|159|137|161|421|154|411|125|153|157|157|154|409|173|413|160|124|136|108|100|110|121|351|114|117|122|122|88|
2018-01-11|3|1_CTs|ct24||88|48|310|28|31|26|23|22|17|8|9|20|263|14|18|8|10|10|13|16|22|35|43|74|85|140|482|691|540|1390|602|1127|602|849|572|733|799|747|556|599|560|562|516|786|765|716|691|482|418|779|734|499|707|513|904|978|1153|750|533|752|733|437|441|431|383|413|672|434|667|1129|496|747|965|492|464|462|504|688|388|367|851|375|798|246|169|184|394|392|129|141|369|129|105|110|113|80|
