2012-04-11|7|1_CTs|CT1||25|24|19|28|13|14|6|6|9|4|13|4|6|6|2|2|5|1|4|5|7|4|10|16|11|17|13|28|31|62|87|130|182|214|203|221|215|211|201|193|173|152|137|146|129|133|134|115|116|125|126|131|127|133|133|131|139|145|172|174|152|150|143|151|147|145|152|165|173|183|181|174|177|171|161|182|178|151|153|130|105|116|99|97|94|59|66|50|55|40|38|38|50|41|33|25|
2012-04-11|7|1_CTs|CT2||112|59|78|74|26|58|24|34|28|18|24|20|16|20|20|8|8|24|20|18|26|16|24|42|42|52|62|96|90|126|242|283|267|433|471|510|473|428|360|388|322|294|308|306|284|254|220|300|284|264|262|328|302|282|275|276|312|339|217|341|319|294|330|317|327|394|330|351|358|359|304|405|406|352|408|373|372|289|318|243|260|270|236|145|172|152|168|133|135|134|140|122|121|108|104|62|
2012-04-11|7|1_CTs|CT4||21|25|21|25|24|37|25|24|271|16|24|16|11|7|9|8|11|1|5|2|4|4|3|3|6|8|11|11|2|0|1|5|10|14|16|12|7|17|17|5|15|13|16|12|15|10|10|19|17|29|24|25|18|23|23|24|23|9|20|17|15|14|22|15|32|29|31|73|67|47|72|56|61|58|57|56|68|51|54|62|73|61|39|26|21|70|37|31|29|46|27|25|29|40|30|29|
2012-04-11|7|1_CTs|CT6||44|32|37|29|30|24|25|16|17|15|14|13|9|5|5|12|6|7|4|4|5|4|10|13|9|7|17|23|21|36|52|99|163|206|125|162|155|165|131|141|124|107|140|118|154|143|137|153|130|105|161|126|131|142|149|140|129|151|160|163|171|193|175|171|146|170|213|178|186|218|199|212|221|199|189|216|213|156|143|148|145|143|114|105|95|102|70|71|73|56|73|52|64|65|39|41|
2012-04-11|7|1_CTs|CT7||50|30|20|27|16|22|14|14|12|4|11|11|19|9|8|6|7|5|11|6|14|5|9|18|14|22|35|31|39|51|82|83|103|101|158|103|108|93|108|114|116|124|108|83|104|98|112|109|101|98|114|112|106|120|103|99|117|115|139|112|127|110|109|127|138|120|147|127|148|143|153|179|143|176|183|179|153|151|133|149|102|109|101|86|59|66|74|54|55|44|28|40|48|41|35|32|
2012-04-11|7|1_CTs|CT8||120|79|78|61|51|45|36|27|21|20|24|22|11|26|15|16|24|24|44|39|47|56|87|100|95|99|133|155|179|260|290|362|420|436|452|396|367|414|418|373|366|342|314|337|343|336|300|265|278|343|307|342|307|264|339|311|299|319|361|354|350|336|342|342|315|338|366|336|352|373|370|388|369|368|389|333|353|326|353|263|245|242|241|204|200|172|179|162|162|164|149|141|128|122|114|97|
2012-04-11|7|1_CTs|CT9||80|51|52|42|35|38|28|22|19|13|16|9|16|8|13|9|14|13|17|17|33|27|37|61|51|55|73|87|94|148|191|243|263|277|280|248|253|262|276|264|248|250|212|238|241|236|216|229|197|219|218|194|189|193|207|195|189|219|238|240|233|211|217|220|215|213|203|210|241|240|236|238|219|287|235|236|203|201|197|178|160|159|177|148|127|135|111|103|83|96|80|92|95|90|84|62|
2012-04-11|7|1_CTs|CT10||102|98|78|67|62|66|54|42|34|33|44|21|25|26|25|19|19|20|25|34|32|37|32|38|44|47|48|62|70|97|108|168|205|249|247|254|225|253|244|223|230|239|249|258|252|244|247|294|266|256|238|250|256|242|229|218|212|253|269|263|256|279|298|299|325|309|306|302|307|349|315|291|360|290|287|297|282|303|289|251|261|274|191|182|194|165|138|154|185|143|92|110|145|157|108|121|
2012-04-11|7|1_CTs|CT11||157|100|91|141|151|193|90|102|52|71|77|108|42|37|105|41|28|26|27|34|32|45|58|69|69|72|63|96|99|129|161|161|278|285|337|220|243|243|307|468|395|436|689|423|461|536|418|432|400|357|380|504|320|827|787|628|657|897|472|522|357|454|684|972|592|286|329|280|423|372|234|283|311|242|318|368|291|287|276|236|228|259|190|183|194|159|171|155|165|140|120|118|134|170|113|162|
2012-04-11|7|1_CTs|CT12||67|48|48|47|32|31|24|22|25|19|16|15|10|5|9|13|9|11|6|10|6|7|10|10|20|17|14|34|36|46|82|140|190|231|186|235|199|225|207|210|171|165|188|180|196|177|181|190|194|181|205|206|210|204|218|193|185|209|175|202|229|212|227|235|244|268|289|266|289|297|305|282|301|305|314|300|266|296|225|251|211|230|185|163|143|149|104|109|124|92|78|83|113|82|63|58|
2012-04-11|7|1_CTs|CT13||21|20|14|18|9|13|5|6|2|2|3|1|6|2|6|4|3|3|2|4|4|1|2|3|5|5|11|14|12|22|33|39|48|45|57|42|48|72|50|48|61|38|43|44|38|36|46|42|34|49|32|61|54|62|36|43|55|58|67|56|59|38|48|54|46|39|68|52|72|59|83|105|66|80|86|76|68|58|60|69|47|54|53|32|26|28|29|27|22|22|8|18|30|22|17|19|
2012-04-11|7|1_CTs|CT14||133|110|94|68|54|57|48|39|42|41|23|27|20|27|20|26|19|23|34|41|39|47|54|57|71|71|87|99|120|153|191|210|330|388|397|393|376|357|352|352|308|319|279|314|312|333|339|335|357|347|325|308|336|316|316|300|315|337|377|371|363|389|363|370|375|426|455|501|522|484|482|539|549|572|526|459|476|498|448|413|403|361|287|264|231|221|192|182|223|175|153|121|157|154|149|122|
2012-04-11|7|1_CTs|CT15||18|10|21|9|9|12|10|12|9|7|9|6|4|1|2|2|2|3|4|4|3|1|5|6|5|7|13|21|12|27|28|59|125|125|96|121|123|82|77|68|64|49|45|70|49|48|39|49|43|38|61|39|56|85|96|51|63|83|60|59|51|51|61|45|70|84|105|107|116|111|124|103|96|102|107|82|102|65|60|56|66|59|53|41|32|40|23|21|32|26|29|26|34|33|14|19|
