2014-04-12|3|1_CTs|ct1||79|89|82|72|60|50|45|32|23|23|19|20|27|20|15|10|13|13|12|10|15|21|4|14|11|23|16|19|28|26|51|53|39|51|77|90|88|100|89|130|119|108|115|146|141|128|147|147|142|145|151|148|140|131|179|137|160|139|155|154|161|155|179|162|159|155|134|113|142|130|130|202|280|184|119|117|138|131|139|156|171|142|137|141|130|128|93|96|91|125|150|134|112|104|93|84|
2014-04-12|3|1_CTs|ct3||136|227|123|121|92|92|109|181|76|58|48|39|40|45|49|111|76|63|73|40|40|43|30|35|33|66|55|58|57|126|97|90|69|79|150|182|133|134|141|221|181|175|150|211|190|192|217|222|215|202|230|207|187|204|222|235|191|214|201|226|191|202|212|191|202|182|198|140|127|125|95|189|168|233|199|188|188|221|209|221|229|209|240|228|213|226|184|183|139|182|203|221|190|199|162|173|
2014-04-12|3|1_CTs|ct5||182|157|137|139|195|141|113|112|98|96|68|72|49|75|61|47|34|64|39|25|42|22|25|16|19|26|33|29|35|38|63|75|68|78|94|104|116|114|137|137|143|160|136|147|152|173|188|172|206|188|206|198|247|232|219|192|191|211|194|174|201|220|243|229|254|243|258|174|199|105|208|217|299|233|249|227|226|242|238|202|218|216|187|190|142|118|107|93|92|128|137|145|134|148|173|189|
2014-04-12|3|1_CTs|ct6||17|19|11|11|4|8|6|3|6|5|3|0|4|2|5|4|1|3|3|3|2|2|2|6|3|4|4|3|13|8|16|11|18|15|27|30|27|27|29|26|36|32|34|45|34|37|43|33|41|60|39|36|27|36|27|33|31|35|36|17|27|23|33|33|44|48|42|40|28|41|26|52|45|29|37|23|43|34|35|36|45|30|31|27|36|16|21|19|17|27|13|16|16|13|17|10|
2014-04-12|3|1_CTs|ct7||156|152|156|161|191|145|141|138|130|131|118|93|93|115|90|86|78|94|65|60|58|53|46|49|54|65|58|48|62|48|59|55|52|62|64|70|93|83|104|114|106|109|103|122|141|139|132|159|161|165|161|174|170|155|146|133|140|156|145|110|116|156|167|170|131|127|135|123|118|120|145|174|161|172|193|207|191|179|190|189|191|172|184|155|141|128|156|142|118|140|134|118|140|162|152|174|
2014-04-12|3|1_CTs|ct8||98|72|97|92|115|90|74|98|56|55|78|50|43|50|44|40|37|42|32|35|33|33|18|29|28|33|24|25|27|28|31|23|27|33|25|39|53|50|51|67|56|67|66|69|89|69|71|98|99|103|91|95|108|86|82|85|87|85|73|70|45|87|98|104|77|74|79|64|60|69|70|104|106|91|115|103|107|101|107|111|100|97|110|92|89|90|101|96|73|76|85|64|89|105|93|106|
2014-04-12|3|1_CTs|ct9||100|112|98|108|75|98|78|70|76|99|71|90|71|81|54|60|52|49|42|50|36|30|33|35|22|35|44|32|31|35|63|61|69|66|75|107|95|100|120|101|145|110|109|116|124|120|110|119|133|141|123|135|138|148|145|130|107|155|115|146|137|182|158|152|157|158|168|146|145|163|132|160|183|162|156|162|137|131|140|145|129|206|161|293|219|134|184|131|115|113|91|85|81|90|93|116|
2014-04-12|3|1_CTs|ct10||106|111|88|96|85|94|83|78|107|98|89|84|66|76|69|78|63|82|44|41|53|56|44|31|38|32|37|29|31|25|33|39|45|39|46|57|59|59|49|61|61|66|74|67|70|85|80|103|82|84|85|117|98|81|107|110|70|87|93|83|98|104|95|112|108|104|101|98|97|111|77|104|97|123|122|136|119|130|124|139|95|120|111|88|109|83|92|79|88|71|77|81|74|76|92|84|
2014-04-12|3|1_CTs|ct13||394|706|916|900|354|3512|1995|936|517|1106|1176|1185|1416|4719|6167|5385|5464|2059|1069|3848|1515|2644|2836|2371|4759|2858|1374|144|1053|1861|1602|1156|2227|2380|1483|490|220|585|218|280|182|216|329|291|304|2529|932|485|461|528|332|252|419|328|303|1729|1979|3033|3454|678|297|218|259|261|578|522|254|325|168|200|1028|358|208|947|377|457|282|316|283|431|793|1581|652|1509|996|667|359|258|309|657|666|1038|245|399|1131|1305|
2014-04-12|3|1_CTs|ct14||62|56|63|46|34|33|30|20|22|29|19|11|13|12|10|9|4|4|5|19|10|19|18|13|23|26|27|37|49|63|112|109|91|121|147|137|135|139|141|197|151|145|139|147|151|129|133|123|133|148|136|146|156|146|128|106|119|121|132|178|126|200|174|207|174|156|152|145|132|171|183|127|151|154|187|157|169|174|179|171|194|178|148|140|107|103|110|83|77|93|88|76|90|77|74|68|
2014-04-12|3|1_CTs|CT16||123|142|125|127|103|110|84|122|88|113|70|126|85|79|74|78|49|50|106|34|44|37|23|47|46|43|43|41|54|88|115|85|70|66|72|88|85|85|146|98|135|147|94|99|103|125|126|117|139|151|125|147|138|150|134|98|146|145|113|143|137|146|128|169|135|161|177|161|165|161|131|140|188|200|171|163|143|169|169|140|173|201|191|163|131|102|97|114|105|108|116|146|107|103|118|105|
2014-04-12|3|1_CTs|ct17||0|0|0|0|0|0|0|0|0|0|0|0|0|0|0|0|0|0|0|0|0|0|0|0|0|0|0|0|0|0|0|0|0|0|0|0|0|0|0|0|0|0|0|0|0|0|0|0|0|0|0|0|0|0|0|0|0|0|0|0|0|0|0|0|0|0|0|0|0|0|0|0|0|0|0|0|0|0|9|0|0|0|0|0|0|0|0|0|0|0|0|0|0|0|0|0|
2014-04-12|3|1_CTs|ct18||120|136|108|107|107|107|99|91|108|115|90|90|84|92|79|83|71|103|56|56|69|65|50|48|35|41|44|46|44|44|51|71|53|60|73|72|92|94|100|98|113|103|100|107|99|107|124|141|125|131|129|153|146|129|140|134|128|125|147|124|163|143|129|166|163|162|169|166|129|190|138|113|153|172|167|157|175|185|162|172|159|187|172|169|161|140|115|127|119|118|93|99|95|109|109|128|
2014-04-12|3|1_CTs|ct19||4|1|0|1|0|0|2|1|0|2|0|0|0|0|0|2|0|0|0|0|2|1|0|2|1|2|3|5|1|5|3|3|0|7|4|1|13|4|1|5|2|1|5|1|3|3|3|4|1|3|3|4|2|2|2|2|4|2|0|3|1|2|4|6|2|2|2|2|2|2|3|3|6|2|1|6|2|1|3|6|1|2|0|2|3|1|3|1|1|0|1|0|1|0|2|0|
2014-04-12|3|1_CTs|ct20||0|0|1730|1145|2229|2363|171|118|8|1439|2566|2375|2295|2632|2353|2362|2338|2302|2503|2886|2897|2382|2375|2306|2402|2368|2271|1005|0|0|0|452|3475|2876|3941|2548|3294|2429|636|19|5|0|0|0|0|0|0|0|0|0|0|0|0|1|0|0|1|0|1|0|0|0|0|1|0|0|1|0|0|0|0|0|0|0|0|0|1|0|0|0|1|0|0|0|0|0|0|0|0|0|0|0|0|0|0|0|
2014-04-12|3|1_CTs|ct22||7|10|11|2|2|4|3|2|4|5|3|0|2|3|5|3|1|3|2|2|3|4|1|3|0|2|1|1|2|0|4|3|7|13|8|7|16|15|6|13|16|17|18|22|11|18|13|17|26|27|10|16|18|17|14|22|16|12|14|15|23|18|13|16|24|18|19|12|9|15|18|21|19|9|18|18|14|14|12|10|5|8|19|20|20|15|10|12|5|5|11|8|16|23|10|8|
2014-04-12|3|1_CTs|CT23||159|142|103|73|81|73|44|63|43|29|35|41|52|29|33|21|28|19|14|20|27|20|11|13|26|23|21|26|24|53|50|69|59|75|96|109|117|106|116|121|147|130|159|160|145|180|185|170|210|213|225|231|242|254|251|204|196|185|203|214|209|222|214|183|207|189|198|121|60|230|189|251|209|244|190|193|227|240|218|184|256|183|189|192|123|123|121|92|111|135|149|153|114|111|141|144|
2014-04-12|3|1_CTs|ct24||263|250|263|180|176|153|130|123|86|89|85|71|58|54|65|52|48|43|47|84|45|65|64|105|103|129|166|196|207|306|412|408|386|449|510|627|597|656|691|775|657|629|638|685|677|694|679|669|611|684|653|703|672|669|647|641|622|609|701|748|704|770|721|771|695|703|675|722|712|743|740|668|730|730|738|706|775|784|801|787|783|784|780|744|612|566|462|422|396|379|386|385|376|350|353|311|
