2012-01-22|7|1_CTs|CT1||46|41|40|29|24|20|18|11|28|16|5|13|15|5|14|14|12|17|11|5|14|10|3|9|12|9|13|12|13|19|19|19|17|10|14|25|25|28|25|26|42|26|32|47|43|66|53|66|51|54|96|72|72|71|69|65|59|83|75|80|71|77|102|81|82|95|78|83|89|100|104|102|95|98|100|99|100|93|62|81|67|78|61|52|36|47|38|41|28|41|36|40|37|30|31|30|
2012-01-22|7|1_CTs|CT2||86|91|100|110|76|88|62|64|86|62|58|50|42|36|38|38|28|56|32|44|48|26|26|32|36|22|26|40|48|52|46|52|46|32|62|48|82|80|82|121|100|147|128|147|151|123|165|213|247|212|211|170|216|214|136|161|176|208|200|218|254|220|240|200|249|218|229|205|219|220|160|276|252|258|246|247|188|166|242|206|178|175|150|140|102|128|144|116|99|108|119|99|74|78|98|70|
2012-01-22|7|1_CTs|CT4||35|20|24|33|16|23|21|32|20|24|17|16|15|19|11|12|21|15|11|13|11|7|8|6|6|9|8|3|4|6|2|1|0|0|0|2|1|0|2|1|2|2|1|1|6|4|0|0|3|7|3|5|6|4|9|5|5|0|1|3|9|4|6|5|13|15|9|12|15|12|11|10|10|14|11|17|24|16|19|27|18|15|18|7|7|10|10|1|9|4|8|6|16|7|17|23|
2012-01-22|7|1_CTs|CT6||48|62|58|54|45|32|42|39|33|31|42|24|27|27|23|20|20|15|23|21|18|9|14|12|7|11|12|7|18|9|18|18|19|14|17|26|41|33|36|45|43|52|38|49|65|68|62|75|76|92|54|80|77|66|78|74|68|86|64|87|81|84|104|86|105|97|121|90|95|113|97|103|116|97|114|92|93|83|59|81|80|68|61|49|62|103|96|38|24|26|47|50|39|25|29|25|
2012-01-22|7|1_CTs|CT7||45|50|33|18|34|20|19|25|21|23|24|18|17|15|13|6|18|9|9|12|16|7|11|13|6|8|10|13|15|15|17|17|15|14|18|24|22|24|18|41|43|39|37|36|39|53|44|62|61|80|54|74|67|65|63|64|45|42|47|60|52|49|62|66|77|64|73|82|82|70|90|66|90|75|91|76|60|78|67|51|66|50|54|40|56|41|36|26|43|43|42|35|35|17|17|10|
2012-01-22|7|1_CTs|CT8||116|109|107|88|58|63|56|58|52|53|54|48|28|42|36|30|32|36|46|44|54|53|45|67|76|66|72|74|73|88|85|112|70|68|76|103|108|105|101|126|108|108|126|149|146|189|152|167|181|223|180|237|193|231|193|194|180|205|249|246|249|243|228|241|246|254|286|251|265|278|278|305|316|315|290|319|279|235|262|267|202|170|193|162|160|166|161|185|120|172|151|160|113|127|109|104|
2012-01-22|7|1_CTs|CT9||67|88|81|54|55|39|53|42|55|41|32|39|25|26|24|17|26|23|30|31|34|31|29|33|41|46|35|40|43|43|60|65|35|32|41|48|54|65|59|75|77|68|71|81|87|99|102|95|101|120|109|143|116|111|117|124|127|111|133|169|163|142|163|156|160|180|167|166|174|163|188|171|173|173|186|172|162|124|184|153|140|108|103|105|107|108|100|88|92|112|105|102|72|88|59|66|
2012-01-22|7|1_CTs|CT10||112|117|94|126|105|88|106|81|92|75|82|74|79|70|61|80|67|48|61|71|47|48|66|50|45|46|44|64|51|55|60|68|59|59|58|81|97|83|77|87|90|87|87|107|104|107|108|139|148|133|149|174|128|170|125|124|149|122|126|149|146|160|163|183|179|218|206|197|190|187|206|192|209|161|205|170|177|186|181|164|181|140|125|138|128|118|103|103|105|104|98|101|99|92|93|75|
2012-01-22|7|1_CTs|CT11||121|124|135|135|119|115|94|81|105|88|104|86|89|59|64|89|64|58|68|74|66|58|61|64|64|56|60|75|74|86|78|90|90|83|73|107|118|130|117|122|122|139|130|121|108|107|118|136|154|141|143|179|143|146|133|150|142|181|159|182|280|199|218|306|880|353|247|197|191|171|200|210|223|167|186|182|154|184|236|186|218|154|128|119|115|138|97|98|101|129|113|108|110|100|108|89|
2012-01-22|7|1_CTs|CT12||71|63|80|80|50|40|33|46|42|40|48|28|40|22|27|21|23|31|29|31|28|17|13|12|15|8|14|14|27|9|24|18|22|22|31|28|51|43|56|49|55|65|59|68|73|70|84|111|106|117|111|128|113|118|119|114|99|107|103|116|119|150|131|124|145|131|178|142|139|158|131|154|146|139|150|140|140|130|132|114|137|105|85|91|109|69|75|59|69|65|82|62|62|50|38|45|
2012-01-22|7|1_CTs|CT13||17|18|15|13|5|6|11|10|8|8|9|9|8|9|11|2|6|3|4|5|7|1|3|5|4|2|6|5|5|4|9|5|6|6|7|9|7|7|6|13|17|10|12|16|20|16|25|29|30|32|21|37|38|37|37|39|20|27|31|27|27|20|37|43|34|37|31|53|48|49|48|39|58|39|51|34|24|34|31|35|25|25|33|26|32|30|15|20|27|35|31|23|32|12|16|8|
2012-01-22|7|1_CTs|CT14||129|134|123|109|99|91|89|83|99|86|83|86|70|49|66|56|53|42|56|58|57|57|66|63|65|66|73|70|66|82|81|76|72|89|93|94|113|124|124|136|121|153|159|163|168|176|171|198|250|232|220|265|222|213|196|190|191|182|191|202|228|229|223|257|263|228|259|301|277|256|265|262|291|228|269|260|220|221|228|201|234|193|170|155|163|141|127|122|113|150|126|129|118|116|130|85|
2012-01-22|7|1_CTs|CT15||14|18|14|21|20|19|11|16|10|12|8|13|13|6|5|6|8|6|9|7|5|4|3|4|6|8|9|5|4|8|6|6|9|3|11|9|21|19|16|30|15|24|22|25|23|29|29|32|27|38|27|26|38|29|25|30|28|41|33|27|39|29|39|47|37|26|30|30|35|20|34|31|34|33|47|38|40|22|22|31|25|39|22|26|23|18|24|21|22|21|24|17|9|12|13|11|
