2013-06-23|2|1_CTs|ct1||163|133|146|143|106|88|79|63|65|46|45|55|46|48|46|25|23|15|24|24|17|22|23|19|21|20|28|27|21|21|33|47|28|51|51|61|69|71|71|78|93|82|37|59|49|42|32|56|108|123|103|119|106|120|94|118|97|104|120|92|129|150|157|133|132|135|128|132|126|128|128|130|141|146|150|150|131|137|143|156|142|167|139|152|143|123|124|124|88|99|101|93|89|80|104|94|
2013-06-23|2|1_CTs|ct2||128|97|106|82|84|57|75|54|54|40|44|40|32|47|45|41|33|29|19|25|36|30|18|25|33|30|29|29|20|16|36|33|36|44|40|41|73|59|47|51|66|68|48|57|49|44|38|45|76|63|54|71|63|64|65|68|61|56|59|70|75|74|91|62|57|84|64|71|54|70|77|81|78|79|104|84|90|82|110|119|102|109|118|100|97|95|97|95|77|69|89|99|75|90|78|73|
2013-06-23|2|1_CTs|ct3||201|184|161|144|137|114|123|98|89|64|72|82|63|55|57|72|43|42|36|40|41|42|24|36|44|44|45|45|26|33|45|45|56|63|81|62|97|94|90|102|103|118|28|1|4|6|1|2|90|118|122|135|122|120|120|113|105|118|126|122|135|146|147|142|101|158|147|152|142|142|131|154|155|146|170|181|165|155|167|177|194|183|159|153|130|128|138|134|107|99|100|147|126|115|99|128|
2013-06-23|2|1_CTs|ct4||93|69|94|82|71|77|62|55|81|57|53|51|49|41|43|37|38|29|46|35|29|24|19|34|35|29|30|36|27|20|18|33|24|28|33|36|31|46|45|51|70|59|55|48|42|4|6|61|64|89|66|73|77|81|81|78|75|64|76|54|78|82|89|84|96|60|88|93|68|86|88|101|85|99|112|85|88|115|101|69|95|97|84|98|66|86|76|88|65|70|92|79|93|73|93|73|
2013-06-23|2|1_CTs|ct5||177|153|160|157|146|111|115|103|113|93|77|71|81|58|54|54|45|47|55|52|42|37|25|52|43|46|47|36|32|38|27|39|43|57|50|57|60|64|78|89|77|94|28|5|3|1|10|4|82|145|115|104|111|106|124|140|131|120|107|117|111|143|123|141|139|108|140|162|129|141|139|149|144|150|168|146|150|182|189|159|158|168|167|143|131|132|110|122|105|101|147|111|155|121|144|121|
2013-06-23|2|1_CTs|ct6||145|130|135|149|128|113|98|92|92|76|69|75|81|48|59|48|38|44|54|42|35|29|29|30|38|30|31|38|28|30|31|38|32|40|37|44|45|39|45|50|53|58|70|78|84|94|84|66|83|88|93|84|83|82|78|85|93|80|81|79|77|97|100|96|109|80|101|108|95|96|101|112|112|116|120|102|101|118|118|121|110|126|120|125|105|110|113|103|91|98|119|88|137|102|135|119|
2013-06-23|2|1_CTs|ct17||173|175|149|175|167|130|113|99|85|75|66|73|61|49|52|60|32|33|37|29|28|28|20|25|32|26|36|28|18|22|32|37|44|53|58|69|87|74|80|75|114|110|33|11|10|19|14|0|79|118|111|128|126|107|117|102|94|122|110|108|130|128|135|155|103|136|139|129|145|148|107|147|145|130|161|150|155|148|153|156|182|177|151|140|123|124|129|115|89|89|84|123|90|106|79|109|
2013-06-23|2|1_CTs|CT19||86|75|77|76|69|59|49|49|47|33|30|30|30|30|31|26|18|18|17|10|11|10|13|7|10|8|14|15|6|13|12|19|21|20|28|20|26|27|28|30|56|55|23|17|19|18|15|4|43|70|55|60|58|54|64|68|28|54|53|58|68|65|78|76|57|61|63|68|78|78|64|80|82|70|80|75|69|77|100|87|84|94|87|68|63|67|76|65|55|54|43|62|57|44|38|54|
2013-06-23|2|1_CTs|CT20||62|68|84|67|72|66|65|51|47|49|56|49|53|56|48|41|40|43|32|26|20|18|13|19|13|26|16|13|11|14|11|15|23|14|14|30|26|35|35|43|30|41|59|91|84|20|39|39|93|69|49|49|55|46|72|52|44|48|64|52|60|66|56|45|61|52|67|64|67|61|72|70|53|66|74|79|77|81|84|93|76|72|78|55|58|66|56|53|55|47|68|56|69|48|67|49|
2013-06-23|2|1_CTs|CT21||44|41|58|31|42|51|37|28|27|19|24|19|25|27|18|18|12|18|23|11|6|7|7|6|8|9|12|7|7|9|6|11|13|11|15|17|19|17|28|26|23|30|32|34|39|39|37|35|31|53|34|27|42|31|46|33|27|34|42|35|37|52|39|37|44|42|44|34|60|38|48|40|37|49|49|45|42|62|54|48|35|50|50|36|37|38|31|44|31|35|43|41|30|30|40|25|
