2014-04-03|2|1_CTs|ct1||74|48|45|49|43|17|27|21|26|20|17|12|10|13|6|12|15|21|16|14|22|20|23|35|47|51|53|67|74|90|131|130|135|153|164|174|190|162|184|187|166|201|208|192|214|194|197|203|209|211|233|196|202|180|158|177|168|189|209|214|180|180|168|174|188|158|166|183|193|109|138|129|192|197|159|177|164|178|195|195|191|173|167|185|145|123|101|86|96|99|104|110|89|77|83|95|
2014-04-03|2|1_CTs|ct2||34|28|27|33|34|16|17|16|21|18|17|10|9|15|5|11|10|9|12|7|15|14|12|18|25|27|28|35|17|25|41|43|47|48|69|60|70|72|71|87|86|93|82|106|102|80|118|92|79|83|66|84|73|73|73|76|72|82|96|102|122|96|127|133|115|101|85|78|99|61|77|85|89|77|76|88|86|75|88|90|80|89|77|83|77|80|49|50|48|44|49|52|61|50|54|52|
2014-04-03|2|1_CTs|ct3||75|57|53|67|60|33|38|50|38|38|37|11|11|23|10|14|21|13|19|11|24|29|29|42|51|41|61|62|52|79|106|103|106|141|125|148|153|155|152|176|141|201|173|197|188|179|217|176|178|182|216|199|176|163|159|177|162|168|198|200|176|202|221|208|240|232|205|195|181|132|151|165|193|205|188|186|182|188|180|212|179|170|145|177|136|123|102|115|103|92|102|117|112|100|102|108|
2014-04-03|2|1_CTs|ct4||39|39|42|38|44|23|24|23|15|18|24|11|12|14|14|11|7|13|14|12|13|18|21|22|25|25|28|26|41|34|59|72|94|103|131|114|138|119|122|120|148|123|108|134|95|104|144|139|134|129|139|143|103|109|111|109|106|106|118|143|127|126|135|135|125|104|115|121|130|102|118|107|109|119|118|113|109|93|114|106|109|93|92|110|76|62|69|68|50|57|59|72|72|75|72|65|
2014-04-03|2|1_CTs|ct5||72|66|66|50|51|43|38|34|31|31|32|24|21|14|17|19|10|14|18|20|14|20|28|23|25|29|25|47|35|48|72|102|129|162|162|186|194|186|177|177|173|190|149|191|176|140|221|199|215|215|223|193|176|192|156|160|175|192|205|187|201|214|206|202|249|221|216|183|179|185|201|169|179|219|158|190|193|167|186|160|145|154|146|140|131|109|108|106|105|114|112|123|114|127|106|108|
2014-04-03|2|1_CTs|ct6||19|9|19|25|18|11|12|10|10|9|15|10|5|5|7|11|6|5|3|2|8|9|9|10|9|17|12|12|15|15|24|19|18|30|23|32|41|41|39|42|38|36|38|50|45|36|51|50|48|50|49|66|38|190|473|492|526|544|545|543|544|555|558|529|474|457|361|181|150|176|176|292|354|549|405|54|50|45|53|48|54|35|50|45|35|35|26|36|28|26|38|33|33|39|38|30|
2014-04-03|2|1_CTs|ct17||89|79|89|79|69|62|41|58|49|47|54|21|24|30|8|9|23|17|22|22|36|41|35|55|61|42|54|64|54|96|98|115|146|175|159|165|191|202|200|231|207|250|221|232|238|185|230|223|235|222|203|218|222|192|168|182|202|195|228|224|228|244|244|242|272|286|213|209|233|188|191|216|234|259|230|218|240|177|238|229|231|220|162|192|152|153|123|121|124|121|115|108|121|121|120|122|
2014-04-03|2|1_CTs|CT19||31|28|30|28|25|22|13|21|16|20|14|7|5|8|3|5|5|2|8|8|10|9|10|12|13|8|20|19|34|34|50|61|72|90|89|96|86|113|97|100|87|119|104|96|104|86|130|115|101|126|120|119|122|96|82|88|93|110|109|110|99|132|106|102|112|119|116|133|127|128|93|103|132|140|120|80|49|47|150|121|73|116|88|105|78|72|69|57|55|55|54|51|64|53|52|62|
2014-04-03|2|1_CTs|CT20||37|48|32|36|28|17|20|19|24|15|26|12|11|9|8|4|3|6|5|7|7|5|6|11|10|8|13|24|23|22|38|57|57|79|90|75|80|83|81|53|83|81|64|70|62|73|79|60|80|76|66|72|67|68|71|64|72|84|67|71|67|83|70|56|60|82|74|85|88|81|81|88|86|100|77|64|62|75|87|92|83|86|62|88|54|68|48|53|55|55|45|53|59|56|59|39|
2014-04-03|2|1_CTs|CT21||19|19|16|11|15|6|15|4|9|4|6|6|1|2|4|1|3|5|1|4|3|0|3|4|8|10|6|8|7|12|25|36|37|44|47|49|49|44|51|39|38|39|48|50|44|47|48|40|43|45|38|37|35|48|37|42|35|40|39|33|52|45|48|29|39|47|53|44|65|44|45|50|61|42|49|45|53|46|37|44|39|33|34|44|27|34|28|25|22|31|26|29|34|38|32|20|
