2013-01-25|2|1_CTs|ct1||61|55|49|34|41|19|26|15|8|7|15|8|14|12|10|9|8|5|5|18|15|15|15|23|19|38|43|38|70|71|91|121|97|123|126|133|148|145|155|173|165|154|169|166|165|173|191|161|139|159|151|174|160|145|151|131|141|159|171|177|181|198|169|173|161|138|141|136|149|135|149|115|123|132|119|133|134|145|165|155|172|195|196|194|156|161|160|130|106|102|90|115|104|112|94|118|
2013-01-25|2|1_CTs|ct2||79|70|44|35|20|22|56|34|17|31|14|2|30|22|25|21|14|42|55|43|8|13|22|30|44|21|50|32|25|54|43|48|46|56|57|86|81|66|84|103|113|107|97|95|87|93|89|108|93|72|94|91|100|83|80|87|89|90|113|107|98|105|108|118|84|108|107|72|106|113|68|80|74|143|76|77|92|96|99|89|118|154|139|183|195|184|117|108|76|60|71|102|78|87|68|76|
2013-01-25|2|1_CTs|ct3||94|120|69|65|69|48|45|45|31|27|32|13|36|29|23|17|19|16|18|23|20|25|31|36|33|57|58|69|78|90|96|108|106|135|123|133|164|152|162|162|170|180|188|174|168|186|194|168|168|171|171|173|161|169|178|128|159|175|210|177|196|213|194|188|196|147|185|173|168|165|174|161|155|173|134|174|166|155|155|157|174|180|182|207|205|243|228|150|156|118|135|136|132|153|121|158|
2013-01-25|2|1_CTs|ct4||62|49|49|32|32|31|26|23|33|16|17|11|17|19|16|8|13|22|16|12|19|18|18|24|28|35|31|33|34|38|47|71|75|108|108|119|117|145|130|125|116|123|110|135|105|126|109|127|89|140|126|107|114|82|99|92|99|117|106|139|111|104|107|113|112|123|113|106|117|105|92|103|100|109|98|77|88|104|103|71|84|116|98|94|103|116|76|60|74|65|58|71|70|66|69|78|
2013-01-25|2|1_CTs|ct5||101|93|66|61|50|49|37|33|41|28|30|12|23|26|19|13|16|24|16|20|26|23|19|25|31|36|39|43|50|36|71|98|121|141|150|176|162|189|175|186|153|165|167|171|153|172|143|194|172|187|162|166|151|151|145|168|151|194|164|198|179|189|179|171|181|174|186|179|156|155|160|168|130|169|154|142|143|146|158|134|135|190|157|171|157|153|142|104|100|109|120|114|117|113|142|172|
2013-01-25|2|1_CTs|ct6||220|172|73|59|58|63|48|26|37|30|25|15|18|19|18|15|15|22|18|12|24|24|23|25|28|33|30|34|46|36|65|89|115|132|134|146|147|151|175|155|148|159|188|164|143|164|154|158|177|191|168|170|154|151|123|133|152|180|179|197|154|203|194|193|193|152|171|164|165|172|154|155|154|133|157|132|142|119|135|123|133|149|110|131|184|170|154|77|102|107|107|99|99|98|133|154|
2013-01-25|2|1_CTs|ct17||91|106|70|64|65|38|34|43|23|30|37|17|22|28|25|13|10|10|14|11|18|21|22|22|31|32|39|52|55|78|79|110|109|127|131|150|172|151|159|177|188|170|178|193|173|174|196|179|164|160|174|183|165|112|169|126|145|156|202|181|193|195|196|167|208|180|203|177|163|187|191|165|149|199|163|198|154|170|182|168|166|170|184|183|175|236|206|146|147|126|139|128|131|154|135|145|
2013-01-25|2|1_CTs|CT19||51|61|29|27|24|22|17|16|14|10|16|9|8|10|3|10|11|6|6|9|7|8|6|6|9|14|15|30|28|45|41|66|65|78|75|79|116|104|109|111|115|101|100|106|98|107|124|124|101|116|121|111|109|85|101|73|95|96|121|106|101|117|119|102|116|111|124|122|108|133|141|118|113|151|115|122|94|103|130|105|113|110|93|107|97|118|125|70|81|67|66|67|60|74|63|57|
2013-01-25|2|1_CTs|CT20||49|44|42|39|37|32|25|18|24|24|28|13|19|11|12|13|10|12|9|11|9|9|7|19|11|18|23|31|33|32|42|72|52|90|79|91|90|94|78|97|71|85|77|81|64|72|58|76|74|84|71|68|76|53|61|67|66|78|57|73|84|70|77|79|83|80|79|86|81|91|87|82|90|81|83|95|90|91|91|76|72|65|60|58|76|83|65|49|51|50|51|55|44|51|63|62|
2013-01-25|2|1_CTs|CT21||25|16|26|13|17|14|14|14|15|9|9|6|1|7|8|3|5|1|2|2|2|1|3|6|8|8|10|12|12|12|21|38|34|47|56|59|44|53|49|47|37|56|36|50|38|45|37|44|42|52|36|45|43|35|33|33|32|36|32|52|35|30|52|44|53|37|34|58|40|55|44|48|56|44|43|39|43|45|37|41|36|43|35|44|39|38|39|19|16|19|28|31|32|18|32|44|
