2015-11-03|3|1_CTs|ct1||34|37|19|278|21|15|15|9|6|10|6|2|5|4|2|5|7|5|3|3|6|8|13|19|12|24|28|41|70|91|413|454|235|218|483|686|479|449|175|198|165|440|202|443|436|179|190|204|436|165|424|446|186|183|423|114|197|177|697|688|185|175|196|472|189|442|935|456|205|218|209|455|207|463|202|452|199|462|446|675|172|139|377|120|360|82|85|308|103|343|60|328|341|63|57|41|
2015-11-03|3|1_CTs|ct3||41|48|33|30|32|294|22|21|14|19|14|7|12|11|13|13|13|16|10|14|15|280|26|35|31|40|59|329|83|634|426|435|474|224|745|494|252|474|245|219|478|467|234|217|232|735|214|245|472|204|459|514|487|222|460|206|487|230|225|496|215|464|229|228|462|468|447|450|711|177|172|406|664|683|654|196|157|198|441|949|209|421|149|398|369|339|364|100|667|141|367|349|116|336|48|73|
2015-11-03|3|1_CTs|ct5||77|76|331|56|43|287|282|25|27|27|23|247|16|11|7|16|16|24|10|18|9|217|21|22|17|20|286|35|53|74|365|161|452|975|516|221|490|454|474|183|422|171|420|616|451|192|199|452|208|465|751|465|951|221|475|192|208|214|196|467|747|225|268|250|513|267|774|283|311|571|309|527|1037|547|309|282|304|763|492|251|519|746|470|170|141|385|395|153|163|176|392|404|841|458|381|531|
2015-11-03|3|1_CTs|ct6||10|5|2|4|5|4|5|2|3|1|0|7|1|1|1|3|3|2|3|1|3|1|5|7|9|7|15|23|27|32|288|44|323|314|75|314|78|297|574|76|304|80|73|321|63|81|343|57|54|44|54|60|553|69|82|64|79|87|79|98|88|79|83|70|51|315|48|54|56|69|72|62|310|835|317|329|66|64|67|1012|44|313|33|287|26|23|25|18|17|19|24|21|16|25|16|14|
2015-11-03|3|1_CTs|ct7||329|83|56|74|55|42|42|37|34|34|34|22|275|34|276|24|20|23|17|21|23|25|26|267|44|299|35|49|47|301|67|335|122|122|140|133|133|135|172|148|399|138|150|407|730|359|153|168|171|188|425|195|414|129|389|131|145|428|181|193|414|439|178|705|452|429|366|584|71|55|289|53|0|0|0|21|101|116|148|125|127|134|139|629|111|93|93|98|97|121|110|126|108|113|346|119|
2015-11-03|3|1_CTs|ct8||288|44|33|33|283|19|21|20|15|16|18|15|13|12|273|11|7|7|9|8|8|10|13|14|16|270|14|28|31|276|37|62|73|333|84|75|101|83|112|101|348|92|114|367|157|316|372|107|119|129|629|136|112|91|97|362|92|111|108|150|127|374|117|1135|145|123|126|148|139|393|366|137|152|123|135|347|344|62|84|78|88|74|83|74|331|69|62|48|57|63|54|327|68|60|62|61|
2015-11-03|3|1_CTs|ct9||88|82|71|62|49|41|30|307|289|21|25|27|29|25|20|25|30|21|14|15|20|23|28|25|273|33|44|50|62|98|388|446|236|502|528|763|237|237|221|735|433|400|457|204|423|437|182|164|420|176|402|155|418|154|404|134|174|184|175|201|460|161|195|199|453|191|183|216|213|473|182|474|487|221|737|477|198|960|422|917|417|145|124|361|327|106|358|100|367|105|344|329|320|111|71|83|
2015-11-03|3|1_CTs|ct10||55|44|42|33|32|27|31|16|21|21|27|23|17|6|9|3|9|9|12|13|11|11|21|20|23|22|26|29|30|47|112|108|136|154|168|169|138|164|150|140|126|118|123|127|135|133|137|120|150|147|140|138|135|143|117|117|130|131|119|139|134|133|129|136|126|144|144|130|164|141|173|143|131|132|140|125|165|136|137|130|119|121|103|77|113|89|74|75|85|97|79|84|91|91|78|72|
2015-11-03|3|1_CTs|ct13||125|111|111|75|84|84|327|60|51|316|320|303|46|48|44|40|32|301|44|62|44|41|70|74|317|84|333|349|124|139|428|195|236|276|546|497|539|257|502|718|487|706|250|521|282|263|463|254|255|497|579|268|261|551|507|256|282|516|294|519|779|560|305|260|277|262|262|516|252|273|222|280|497|505|703|232|483|398|566|977|287|297|284|482|991|702|272|273|295|255|228|234|239|232|780|751|
2015-11-03|3|1_CTs|ct14||35|32|21|18|12|19|11|7|2|5|12|5|6|10|7|14|7|4|6|14|7|5|10|25|28|51|75|156|248|304|530|274|1033|263|786|1026|276|505|258|506|498|228|197|228|182|193|457|447|309|530|213|202|892|182|172|173|448|477|210|727|447|196|446|161|137|180|453|199|737|228|750|723|481|980|714|609|611|757|495|1005|172|405|382|584|344|320|351|334|375|355|340|79|536|124|499|56|
2015-11-03|3|1_CTs|CT16||89|110|285|556|53|40|34|31|21|29|38|28|45|31|23|53|12|13|15|50|9|266|30|139|23|317|299|296|103|144|370|434|442|429|478|482|192|677|209|173|412|425|162|178|152|422|149|149|195|202|440|164|161|629|393|138|168|152|431|159|151|436|166|183|406|405|428|213|185|484|219|488|773|1020|811|509|202|211|429|910|117|405|144|367|353|83|78|96|90|117|111|86|93|105|72|79|
2015-11-03|3|1_CTs|ct18||71|62|54|45|39|37|41|21|21|23|30|23|21|5|15|8|13|12|15|16|17|22|31|27|41|36|36|54|65|96|165|178|191|227|221|274|224|203|258|201|205|197|184|208|192|155|207|172|206|201|193|201|151|149|153|177|194|184|193|174|180|186|209|174|165|188|199|176|201|180|211|181|180|187|189|196|188|183|194|157|141|166|130|106|149|130|105|95|117|132|106|104|129|126|104|96|
2015-11-03|3|1_CTs|ct19||0|0|0|0|0|0|0|0|0|0|0|0|0|0|0|0|0|0|0|0|0|0|4|3|0|4|10|4|10|9|8|5|4|6|12|9|12|13|6|11|3|7|6|6|7|8|4|4|7|6|3|6|9|6|4|4|4|5|3|6|4|5|4|9|13|3|4|6|6|7|10|8|9|3|5|7|5|6|4|7|11|6|10|4|8|6|4|2|3|0|0|2|1|2|0|1|
2015-11-03|3|1_CTs|ct20||0|0|0|0|0|0|0|0|0|0|0|0|0|0|0|0|0|0|0|0|0|0|0|0|0|0|0|0|0|0|0|0|0|0|0|0|0|0|0|0|0|0|0|0|0|0|0|0|0|0|0|0|0|0|0|0|0|0|0|0|0|0|0|0|0|0|0|0|0|0|1|0|0|0|0|0|0|0|0|0|0|0|0|0|0|0|0|0|0|0|0|0|0|0|0|0|
2015-11-03|3|1_CTs|ct22||0|2|0|1|0|2|0|2|1|0|0|0|1|0|0|2|0|0|1|0|0|1|2|0|0|3|1|4|3|9|12|14|18|20|23|17|13|272|15|21|26|272|40|14|25|23|20|24|24|23|35|28|762|15|17|266|30|32|24|23|29|24|33|34|30|37|41|44|66|61|316|62|67|70|64|58|40|46|31|21|21|16|17|12|4|5|5|8|6|11|3|8|4|2|4|2|
2015-11-03|3|1_CTs|CT23||89|90|47|51|35|35|36|266|22|17|14|10|16|8|10|10|273|18|14|3|3|14|17|13|12|23|25|37|74|127|205|825|626|638|385|884|374|353|762|285|250|709|498|756|494|236|730|247|310|324|565|363|832|886|775|268|552|596|353|600|322|340|361|625|625|619|399|492|1267|577|1089|825|1419|886|1384|665|1022|831|592|890|677|896|334|541|501|738|222|732|536|250|725|186|226|173|135|616|
2015-11-03|3|1_CTs|ct24||120|353|85|328|59|70|305|270|23|31|32|262|286|288|285|34|24|263|32|47|45|302|88|116|395|431|853|1051|854|995|1504|858|1352|1350|1162|1336|1117|821|1363|914|1400|1149|892|943|1055|1309|1398|1165|725|824|1310|1149|1544|799|1215|767|829|913|940|1635|1060|1126|838|816|983|755|836|1343|1634|1120|1373|1135|871|1271|1033|1152|1158|1366|1171|1668|614|789|497|906|819|1093|541|781|604|325|1048|767|724|264|199|199|
