2016-02-25|6|1_CTs|CT1||0|2|2|0|2|0|0|0|1|0|0|0|0|0|0|1|1|1|0|0|1|1|1|2|3|2|4|3|5|4|13|71|126|55|39|45|311|31|30|17|13|7|8|8|4|13|12|7|9|5|8|9|14|7|6|7|12|5|5|3|6|7|8|6|10|8|10|12|7|8|13|275|9|9|11|11|6|3|9|5|6|5|6|4|4|2|2|2|3|0|0|2|4|1|2|1|
2016-02-25|6|1_CTs|CT3||10|6|4|245|0|2|5|0|3|1|2|1|4|6|5|3|5|5|7|9|11|13|20|18|22|22|15|24|28|48|46|56|77|90|113|366|320|68|299|52|51|49|35|36|46|36|27|43|45|39|51|43|35|42|40|42|40|52|44|26|42|30|35|251|36|36|45|39|31|61|45|54|58|40|290|55|37|47|44|39|42|35|18|19|21|17|232|20|15|14|12|20|19|23|25|21|
2016-02-25|6|1_CTs|CT4||8|7|4|4|1|3|3|3|0|0|2|2|1|1|5|2|1|1|2|2|0|1|0|0|2|0|2|2|7|7|11|24|64|64|20|283|25|44|269|36|18|28|19|19|24|19|2|26|32|24|19|26|44|39|26|27|30|30|25|264|290|30|35|32|40|32|36|40|22|30|34|46|37|43|44|47|42|37|298|45|38|32|282|26|17|23|17|14|15|5|11|14|12|13|11|10|
2016-02-25|6|1_CTs|CT5||20|16|17|18|15|9|6|9|10|2|3|7|3|4|4|1|6|7|5|5|7|4|9|12|13|12|12|19|31|36|37|62|68|80|65|315|54|73|52|53|62|57|53|313|80|67|57|71|64|80|69|73|82|43|36|32|55|61|59|318|70|82|80|66|79|95|94|353|65|68|81|563|89|75|337|335|86|75|61|333|52|59|44|303|35|40|41|22|28|38|29|26|27|27|27|22|
2016-02-25|6|1_CTs|CT6||24|45|22|10|10|7|10|7|9|8|4|4|2|4|6|3|5|7|5|10|5|14|18|10|16|19|16|21|274|45|79|98|174|197|176|418|216|171|152|389|106|106|122|112|108|95|329|120|102|108|110|77|95|121|99|117|129|127|133|144|105|125|114|120|131|133|126|126|160|377|134|356|136|369|374|107|137|122|148|99|118|101|89|92|90|100|52|58|86|301|56|54|47|57|64|41|
2016-02-25|6|1_CTs|CT7||4|1|1|5|3|1|0|2|4|2|1|1|0|0|1|0|1|0|3|2|4|3|2|5|4|2|3|8|256|17|22|35|45|43|38|57|41|50|43|39|254|28|27|23|21|23|29|22|23|23|21|27|25|27|28|21|34|27|24|29|35|32|30|28|37|20|24|30|31|48|41|37|26|35|42|19|19|26|28|33|30|15|14|20|12|12|20|7|8|14|4|16|11|6|5|8|
2016-02-25|6|1_CTs|CT8||45|442|27|247|17|16|15|29|7|7|6|13|13|15|6|7|9|7|4|7|14|15|23|29|156|90|43|58|63|126|155|209|222|214|389|163|182|150|181|151|636|158|146|136|145|135|126|369|136|135|178|145|158|623|132|319|395|168|174|158|369|149|149|414|163|139|159|145|624|194|183|444|414|404|405|616|157|185|687|157|397|147|116|96|88|81|78|74|82|63|70|71|56|62|279|47|
2016-02-25|6|1_CTs|CT9||305|47|33|21|24|277|17|9|10|21|7|9|8|8|8|7|5|6|9|9|10|20|23|35|37|45|43|65|352|139|227|314|350|351|382|624|332|313|278|254|230|452|454|187|163|178|461|468|185|190|204|189|194|500|206|189|173|204|238|739|206|195|195|207|208|242|225|230|293|544|258|332|316|280|825|253|240|210|224|181|188|152|139|388|129|115|101|86|95|94|99|77|66|81|60|64|
2016-02-25|6|1_CTs|CT10||261|11|14|23|7|9|9|3|9|7|9|3|4|3|6|2|7|5|4|6|10|10|12|20|21|20|34|34|51|68|114|138|166|446|430|173|186|197|188|193|184|156|398|147|157|151|145|653|128|152|140|142|159|408|127|121|139|156|130|143|436|136|393|142|168|179|206|230|508|230|225|205|501|236|728|217|184|212|190|195|388|283|262|101|70|105|347|71|334|71|306|71|307|57|44|42|
2016-02-25|6|1_CTs|CT11||287|280|27|268|13|9|7|12|6|7|2|7|7|3|5|4|3|6|2|7|9|17|11|33|32|29|52|90|104|152|255|326|259|308|551|302|508|288|763|494|228|186|458|185|172|200|189|469|192|159|223|211|216|174|180|193|189|186|200|707|171|174|433|450|215|208|177|447|225|482|207|444|428|199|203|176|148|167|113|112|152|128|390|112|93|115|75|64|58|64|48|40|46|48|57|42|
2016-02-25|6|1_CTs|CT12||36|34|28|24|17|12|14|6|8|9|8|5|3|2|8|3|5|7|4|5|5|17|12|17|23|25|32|41|296|84|149|447|271|337|316|310|307|320|272|244|191|190|181|133|152|180|665|135|375|389|188|169|180|445|148|158|184|142|171|184|675|177|387|150|196|230|225|783|267|520|237|206|240|204|218|223|243|254|494|232|215|191|895|335|118|113|611|79|86|75|73|74|316|52|46|46|
2016-02-25|6|1_CTs|CT15||28|18|15|250|13|8|8|264|5|8|6|9|6|6|5|6|7|5|14|9|24|26|25|34|26|37|31|51|83|95|154|200|247|209|485|230|454|169|182|371|412|124|120|114|106|108|371|115|115|374|134|111|116|331|101|383|128|122|134|617|109|115|104|127|111|108|108|117|136|191|199|221|182|171|362|149|123|130|119|117|99|80|83|63|68|60|54|45|53|47|31|49|44|40|28|41|
2016-02-25|6|1_CTs|CT16||25|26|25|17|15|9|267|265|12|6|6|4|5|5|6|2|4|3|7|7|16|13|10|25|23|18|36|59|85|106|179|509|313|318|536|295|282|551|287|260|218|193|200|179|186|207|207|186|195|179|184|219|204|453|389|167|201|199|183|445|188|182|430|193|220|191|196|205|212|241|227|214|237|245|252|492|206|195|186|199|434|167|398|153|107|115|367|90|335|95|68|77|71|67|65|61|
2016-02-25|6|1_CTs|CT17||29|49|27|22|16|16|17|10|12|13|8|7|6|3|7|3|2|7|3|3|1|8|5|5|12|12|16|18|31|53|54|78|152|207|394|152|182|139|153|146|137|117|406|101|110|131|176|379|144|117|144|116|135|438|112|133|395|144|169|153|159|138|134|407|172|199|177|201|470|198|200|382|416|195|193|160|192|193|179|154|151|143|377|367|114|96|73|80|68|78|63|74|60|64|36|63|
2016-02-25|6|1_CTs|CT18||60|52|52|41|33|24|13|19|24|12|11|13|11|10|13|4|9|13|8|19|16|17|22|286|33|25|33|74|345|132|177|264|299|342|299|584|573|319|557|299|503|219|490|230|233|238|227|486|222|493|240|251|458|706|437|234|248|521|229|250|230|242|249|236|274|261|294|527|275|277|290|275|278|515|300|566|281|266|237|518|230|213|410|433|126|393|124|106|125|384|95|110|96|357|112|72|
2016-02-25|6|1_CTs|CT19||29|309|40|27|15|20|12|14|15|17|11|8|7|3|7|3|6|5|2|5|2|8|6|5|9|12|14|17|23|38|57|105|181|180|398|181|180|165|395|166|129|140|135|136|137|142|144|148|142|148|134|145|133|373|106|358|133|138|153|410|386|162|169|162|164|202|180|435|449|244|740|483|245|484|215|437|214|222|176|674|170|155|112|110|106|70|90|76|68|92|54|56|54|53|36|49|
2016-02-25|6|1_CTs|CT20||26|20|22|6|6|6|6|4|3|9|4|1|4|3|3|5|2|3|5|6|5|6|9|11|15|11|16|17|31|47|56|80|137|122|20|165|121|134|73|31|81|83|306|112|109|129|126|107|116|31|111|12|80|75|37|25|116|76|54|7|38|107|92|78|114|91|107|18|104|113|100|75|143|90|137|82|39|63|60|360|107|94|93|95|68|81|54|47|58|48|57|58|52|32|36|23|
2016-02-25|6|1_CTs|CT21||69|296|32|31|14|19|17|17|15|11|13|10|12|11|8|12|17|14|20|36|42|38|42|58|61|67|69|104|132|206|472|552|320|393|593|372|821|278|503|285|208|247|242|206|230|200|181|434|244|219|216|222|438|416|212|221|221|210|241|206|226|214|483|461|191|222|225|408|209|259|267|282|273|225|265|251|216|251|206|199|187|313|265|143|122|122|102|119|338|105|536|292|100|100|97|85|
2016-02-25|6|1_CTs|CT22||80|62|56|42|31|22|24|262|27|24|18|13|13|14|19|22|25|30|28|29|46|240|60|41|53|275|92|83|83|120|153|180|197|276|324|312|505|295|477|226|429|226|453|222|225|474|483|246|248|290|260|243|446|695|225|671|254|259|261|494|498|257|262|276|244|347|296|349|568|848|380|634|616|549|393|342|321|327|294|276|277|241|195|185|173|381|148|123|373|138|109|316|118|369|129|350|
2016-02-25|6|1_CTs|CT23||58|42|44|28|28|16|19|28|14|9|13|17|18|23|10|10|12|10|11|14|19|20|38|52|34|48|58|76|104|166|215|297|332|571|563|330|582|289|772|254|248|247|221|201|226|221|191|210|174|207|237|243|458|234|193|240|246|254|252|482|228|460|239|251|453|247|254|256|508|552|521|531|531|335|537|330|274|300|284|246|259|217|197|626|145|120|134|128|114|95|330|302|83|89|95|73|
2016-02-25|6|1_CTs|CT24||50|45|42|29|37|24|23|29|18|14|16|14|14|10|11|8|16|17|17|18|251|31|24|43|39|40|53|86|319|137|186|216|268|325|573|375|351|336|559|287|513|278|495|489|209|238|242|521|252|262|225|242|216|227|194|245|245|267|267|501|268|259|715|257|301|574|316|345|620|400|390|416|401|644|404|596|350|334|548|506|286|255|382|875|183|149|123|140|118|128|111|368|91|108|89|68|
