2015-12-14|6|1_CTs|CT1||4|2|3|1|0|0|2|1|1|1|0|1|0|1|0|1|0|4|0|0|2|1|0|4|2|0|2|0|11|13|19|57|72|54|51|54|320|104|85|16|30|32|22|31|70|18|14|16|15|9|11|3|5|9|8|9|10|11|6|10|7|7|6|5|7|6|5|6|11|16|12|289|7|10|6|2|8|4|4|6|3|1|5|3|3|2|3|0|1|3|1|2|2|1|1|1|
2015-12-14|6|1_CTs|CT3||8|13|16|6|5|4|3|1|2|1|1|3|1|2|3|4|2|5|6|8|12|16|25|42|38|21|38|25|28|38|53|60|85|83|104|77|81|88|122|310|79|78|60|511|243|90|48|51|48|53|44|44|42|288|289|43|33|46|36|43|43|35|38|43|42|44|47|35|293|308|51|46|30|52|61|34|54|269|37|26|24|24|17|17|14|16|14|12|12|11|12|11|16|12|10|17|
2015-12-14|6|1_CTs|CT4||7|4|3|2|5|2|1|2|1|1|3|0|0|0|1|0|0|1|1|0|0|2|0|0|2|0|0|4|6|12|20|23|62|52|7|23|14|37|13|276|21|32|282|33|17|21|21|20|28|26|27|24|36|43|31|23|24|30|30|25|27|22|26|32|44|40|25|304|296|44|293|60|48|39|51|47|38|34|37|34|32|29|32|25|10|16|0|11|5|12|11|10|9|9|267|11|
2015-12-14|6|1_CTs|CT5||13|6|6|11|6|2|6|2|5|3|0|3|2|1|4|5|3|3|2|3|6|7|6|7|11|10|7|14|11|28|25|47|48|320|48|78|63|88|327|64|54|72|53|318|63|557|68|71|77|56|68|78|65|50|317|71|335|83|316|86|72|77|74|74|79|81|85|85|90|95|92|577|78|83|62|90|70|64|55|327|310|51|48|42|29|38|29|27|30|29|21|27|23|28|21|23|
2015-12-14|6|1_CTs|CT7||5|3|5|5|4|1|0|1|1|1|1|1|1|1|3|2|0|4|2|0|3|4|1|3|8|7|9|3|11|19|20|29|41|46|37|38|40|42|41|36|50|40|25|19|35|34|276|41|25|21|20|32|38|28|32|27|39|29|30|21|25|29|30|20|29|21|27|31|31|27|27|29|32|34|30|32|23|26|23|18|14|271|14|15|15|10|23|15|7|13|7|8|6|7|9|9|
2015-12-14|6|1_CTs|CT8||70|332|37|21|18|17|19|9|9|248|6|7|7|10|9|9|11|5|6|4|11|12|29|18|20|30|40|59|81|332|161|171|426|411|127|129|140|159|149|373|197|181|158|136|142|117|145|119|136|139|153|133|143|131|142|364|386|175|170|151|144|157|131|142|137|163|163|176|682|180|180|185|207|186|196|404|166|431|148|147|396|132|117|308|293|69|87|59|60|67|57|58|72|62|50|60|
2015-12-14|6|1_CTs|CT9||48|25|31|282|12|19|17|13|11|9|6|6|6|8|11|10|4|5|5|9|7|12|19|34|43|39|43|61|71|120|196|309|608|357|372|368|310|432|404|382|325|285|510|206|200|192|205|205|216|185|208|452|180|203|448|219|464|230|237|689|209|218|197|449|232|194|207|243|531|280|504|292|239|281|303|511|485|198|190|206|192|166|143|379|116|370|96|354|338|77|86|72|75|56|71|61|
2015-12-14|6|1_CTs|CT10||35|27|18|17|13|6|6|8|4|3|4|5|5|4|6|4|4|4|7|2|4|8|14|20|26|23|27|42|56|71|159|197|227|199|438|185|166|195|200|237|245|468|201|451|401|490|212|145|186|151|410|156|147|381|143|375|171|148|144|135|157|435|170|171|185|198|210|224|460|249|231|464|233|219|215|220|445|192|180|169|405|147|396|365|85|78|85|58|319|55|53|52|41|45|32|287|
2015-12-14|6|1_CTs|CT11||29|28|16|12|10|11|16|12|8|6|6|4|4|3|5|5|2|7|1|10|10|14|16|27|22|35|37|67|102|169|237|300|525|292|230|226|107|128|162|471|224|259|253|205|147|147|205|202|165|188|442|209|199|190|441|190|184|248|197|193|199|193|178|432|205|212|210|232|234|220|203|222|468|197|222|161|418|125|156|433|170|128|382|94|88|96|75|75|59|53|50|51|54|49|40|42|
2015-12-14|6|1_CTs|CT12||37|28|22|17|11|10|10|11|5|262|5|6|2|3|4|6|6|5|7|4|10|14|12|23|28|27|28|46|63|386|450|279|350|347|265|243|265|339|351|542|314|538|258|218|262|235|245|207|219|195|436|431|225|198|447|431|437|225|215|465|189|221|219|208|219|239|522|269|823|296|465|253|262|223|458|242|270|751|226|218|492|183|145|120|365|106|92|333|320|87|328|51|54|75|57|47|
2015-12-14|6|1_CTs|CT15||31|29|29|16|14|11|7|7|6|5|11|4|8|7|10|5|7|12|7|10|20|16|27|47|54|49|52|63|60|92|116|175|223|470|474|216|139|174|487|469|212|179|148|368|127|123|96|112|122|115|110|112|129|105|107|132|137|122|121|98|112|106|119|107|115|87|136|133|152|130|158|370|147|424|172|136|136|118|105|356|602|83|57|66|68|290|308|51|296|42|33|280|37|33|34|34|
2015-12-14|6|1_CTs|CT16||39|28|23|22|20|11|14|268|12|5|6|264|5|4|8|6|1|7|8|3|11|11|11|28|277|30|39|280|78|585|408|458|529|257|731|225|170|254|249|217|229|505|482|474|222|701|469|215|196|189|192|209|455|195|465|185|442|207|176|188|190|223|204|197|217|231|228|470|244|211|465|753|242|238|498|231|200|417|174|423|177|154|401|127|92|100|359|77|90|61|54|66|56|40|37|40|
2015-12-14|6|1_CTs|CT17||38|21|29|29|11|20|12|10|12|12|4|3|1|4|6|7|1|0|4|5|5|9|5|7|13|7|15|20|35|46|65|125|404|454|212|184|201|262|202|181|140|108|161|97|146|388|169|148|190|186|419|440|152|201|151|173|422|194|197|436|207|211|191|193|214|235|218|225|515|201|243|250|218|225|221|448|429|428|150|144|146|166|132|110|104|74|102|78|68|73|62|62|54|42|63|60|
2015-12-14|6|1_CTs|CT18||40|289|34|30|22|275|24|16|14|14|6|7|11|15|11|8|6|12|7|11|18|24|14|27|43|51|41|64|82|115|162|232|296|294|268|251|254|323|277|267|256|256|240|260|218|470|212|508|233|214|229|263|215|454|468|222|243|246|273|517|213|260|239|240|247|255|535|269|300|295|294|1049|285|522|313|540|556|497|233|236|464|200|169|141|142|135|125|101|366|110|91|355|93|88|77|70|
2015-12-14|6|1_CTs|CT19||24|23|20|282|11|13|9|11|11|11|9|6|2|3|3|5|1|2|4|7|3|6|5|5|12|11|18|14|27|278|309|109|187|184|159|186|455|226|185|154|371|118|606|378|380|130|157|144|408|148|406|163|133|155|385|394|131|135|155|141|151|155|151|158|166|196|443|181|215|211|225|1002|244|482|225|206|179|195|162|400|416|140|120|89|104|83|98|67|53|58|49|52|47|276|62|42|
2015-12-14|6|1_CTs|CT20||15|12|8|7|5|5|0|4|5|1|1|4|0|1|4|3|2|3|3|3|8|7|5|19|20|17|16|17|29|37|41|72|102|364|366|126|71|128|352|117|111|289|86|109|44|313|314|110|356|69|90|55|16|46|114|358|351|60|44|46|83|137|84|61|80|136|152|386|145|148|93|12|371|129|90|68|105|30|90|113|362|93|74|57|79|62|52|52|315|51|41|48|36|47|35|21|
2015-12-14|6|1_CTs|CT21||77|89|63|49|28|24|14|12|12|13|10|14|17|11|15|7|4|18|25|20|35|244|44|51|296|65|89|101|128|644|238|329|544|320|536|535|257|261|280|267|264|278|275|709|217|427|200|208|214|219|445|222|177|193|163|197|196|220|234|219|224|452|217|196|171|438|207|452|419|232|439|489|391|511|303|454|217|234|207|176|664|159|540|120|123|120|106|104|95|336|78|87|86|86|79|281|
2015-12-14|6|1_CTs|CT22||76|294|60|64|45|44|276|16|23|27|15|13|15|15|29|21|27|27|19|36|46|50|71|77|57|66|59|79|96|116|143|179|200|268|530|313|269|341|510|267|260|226|384|211|206|233|249|250|266|263|234|231|212|481|235|476|220|219|263|242|248|232|260|271|281|552|315|335|329|363|385|625|363|584|380|341|339|529|307|276|251|204|438|351|160|374|130|135|140|113|92|91|113|101|331|91|
2015-12-14|6|1_CTs|CT23||101|94|61|290|23|19|20|12|241|19|6|16|6|14|12|9|10|7|11|11|18|23|46|44|40|56|57|77|115|391|456|285|568|320|314|304|313|322|291|604|604|308|264|693|206|219|222|421|492|209|247|221|221|229|455|476|729|257|257|216|226|477|230|229|456|248|273|728|744|301|562|527|520|294|325|298|252|521|240|233|472|215|167|148|360|108|116|345|82|330|78|83|103|95|74|80|
2015-12-14|6|1_CTs|CT24||67|71|39|237|19|18|19|19|16|11|15|11|4|9|10|9|12|20|12|9|17|32|34|23|41|44|54|79|98|378|435|265|545|393|339|344|365|378|597|362|262|281|253|240|232|535|81|0|0|0|0|0|0|0|0|0|0|0|0|0|0|0|0|0|0|0|0|0|0|0|0|0|0|0|0|0|0|0|0|0|0|0|0|0|0|0|0|0|0|0|0|0|0|0|0|0|
