2013-07-30|6|1_CTs|CT1||1|1|0|0|1|1|0|1|1|2|4|1|0|0|0|1|1|1|1|2|1|2|2|4|3|8|3|3|1|6|4|5|7|3|6|4|5|11|12|6|4|3|6|8|3|3|7|2|6|2|4|3|3|2|3|3|9|2|5|7|1|1|4|9|2|2|5|3|1|6|3|5|5|3|2|7|4|6|3|1|3|3|2|6|1|1|1|1|1|2|2|12|15|0|2|1|
2013-07-30|6|1_CTs|CT3||19|12|18|13|9|4|9|2|3|3|2|1|1|2|5|4|3|9|15|27|28|29|19|26|27|16|27|33|38|50|36|70|65|68|55|71|72|65|66|55|65|55|49|45|50|35|40|54|48|46|52|46|46|39|46|37|34|32|54|41|40|51|38|44|63|30|54|50|40|53|48|29|45|35|38|47|41|35|42|29|28|25|46|26|26|23|17|16|24|24|21|10|24|14|11|15|
2013-07-30|6|1_CTs|CT4||5|7|6|4|4|7|4|2|2|0|2|1|1|3|2|3|1|2|3|2|2|1|0|1|1|1|3|3|4|5|9|15|16|12|19|15|17|17|26|14|18|18|20|22|23|12|9|25|19|18|29|25|24|25|6|9|26|20|26|24|14|8|19|23|38|29|29|26|37|22|35|20|23|37|37|50|26|41|27|28|22|29|19|24|11|13|10|18|14|13|16|14|11|7|5|8|
2013-07-30|6|1_CTs|CT5||28|13|12|6|9|8|7|9|3|6|4|0|5|4|3|3|9|2|4|6|6|8|7|12|9|12|14|13|18|29|42|39|61|62|74|70|66|56|73|63|60|74|78|75|73|78|76|96|68|63|72|75|86|71|65|69|58|64|78|74|69|83|62|61|67|52|41|58|43|56|63|63|76|56|49|25|51|38|32|50|42|58|46|24|47|45|38|41|31|25|33|24|18|20|17|20|
2013-07-30|6|1_CTs|CT6||25|26|11|11|6|5|8|8|4|7|4|5|6|1|4|5|3|4|2|10|13|7|9|13|18|10|20|14|26|40|51|68|72|88|135|122|107|129|115|104|120|97|94|89|90|94|72|103|84|77|99|94|93|87|78|80|88|103|93|110|85|100|93|77|93|82|69|79|103|94|107|108|90|103|103|89|100|93|80|76|79|79|56|54|73|65|42|51|35|52|58|38|45|34|33|23|
2013-07-30|6|1_CTs|CT7||3|4|3|3|3|2|3|1|0|1|0|0|1|1|3|1|1|2|2|3|3|4|0|3|0|5|3|10|5|16|14|23|22|31|29|33|34|36|26|30|29|24|35|29|26|21|20|27|25|25|31|34|24|20|13|24|20|25|20|20|22|19|34|15|18|24|10|26|28|20|27|20|20|26|22|25|16|15|21|21|16|12|19|15|13|14|12|9|10|9|8|10|6|5|5|6|
2013-07-30|6|1_CTs|CT8||49|34|23|19|25|14|12|20|15|14|9|7|21|10|5|6|6|6|5|3|7|10|17|13|28|36|39|48|64|99|120|157|187|210|227|213|208|198|192|170|146|138|152|149|124|146|123|134|136|126|141|132|114|129|112|137|141|141|169|156|155|151|129|140|171|158|135|150|160|140|167|192|197|182|185|195|164|147|154|144|155|142|116|95|74|82|82|83|75|86|65|66|59|59|63|58|
2013-07-30|6|1_CTs|CT9||45|35|37|21|21|17|10|12|11|11|5|4|6|9|4|6|4|7|6|9|17|16|18|25|41|30|34|63|82|99|139|166|190|214|250|269|252|252|244|240|211|182|154|174|204|184|201|166|164|181|197|172|176|154|170|183|176|206|210|204|187|203|230|191|181|192|205|207|188|205|249|191|203|220|241|220|167|189|181|162|148|144|107|113|104|97|89|107|76|77|83|80|76|78|66|68|
2013-07-30|6|1_CTs|CT10||30|23|23|17|14|12|8|9|11|7|6|9|7|1|4|4|2|3|8|6|6|11|13|19|33|25|25|50|43|51|87|85|104|120|140|159|195|144|143|140|143|143|140|132|155|131|138|158|140|149|126|136|125|105|115|111|110|133|137|136|145|149|126|158|142|148|133|168|138|154|142|160|163|179|180|185|156|140|157|167|120|139|108|105|76|73|73|61|57|64|47|50|44|47|43|43|
2013-07-30|6|1_CTs|CT11||40|29|23|15|16|12|4|10|5|8|8|18|7|7|5|10|9|6|5|8|15|22|23|33|26|34|57|72|69|134|205|222|229|250|293|283|307|292|273|251|211|189|197|177|168|193|154|160|192|188|195|165|170|153|159|169|156|174|185|193|179|211|182|148|164|140|170|157|176|192|189|161|181|164|170|167|129|131|122|129|107|108|103|127|98|98|67|61|46|71|51|50|56|52|37|35|
2013-07-30|6|1_CTs|CT12||41|24|24|19|19|9|7|10|9|8|4|13|4|0|4|7|5|3|4|9|8|16|15|26|23|23|33|48|46|56|111|111|114|151|202|226|232|207|197|188|167|154|166|163|168|179|143|170|155|174|176|167|176|136|136|147|152|175|149|168|171|172|159|163|160|166|178|204|177|203|189|176|207|231|187|198|192|184|186|184|145|143|128|131|100|92|90|60|69|61|65|56|57|46|56|39|
2013-07-30|6|1_CTs|CT15||8|17|8|13|4|9|9|7|4|2|4|6|1|5|4|4|4|6|8|7|12|9|12|21|22|17|19|23|45|42|68|85|87|103|118|126|94|105|103|100|89|71|69|79|70|57|69|66|89|67|64|73|76|59|52|87|64|71|75|63|69|81|73|41|53|69|56|65|82|73|89|77|65|77|90|78|69|62|61|43|46|45|43|31|37|46|32|33|18|34|35|22|25|21|13|18|
2013-07-30|6|1_CTs|CT16||39|25|29|28|17|21|11|8|7|12|7|16|9|2|7|8|6|7|11|9|11|13|12|23|25|37|35|59|54|87|135|164|165|170|216|238|239|240|195|216|183|191|172|186|180|170|164|173|172|190|156|183|167|138|151|151|129|164|164|189|176|186|183|159|167|155|146|174|176|174|168|185|186|169|192|190|148|147|129|157|113|139|132|127|104|105|91|79|56|76|59|58|52|52|46|44|
2013-07-30|6|1_CTs|CT17||18|11|17|14|10|7|14|1|8|4|1|6|4|1|0|1|3|0|3|2|4|2|1|0|8|4|8|11|10|16|36|27|33|72|69|85|67|72|75|70|71|70|62|63|51|64|60|50|82|86|63|75|67|50|55|68|60|78|75|57|72|65|68|67|66|73|84|83|80|73|75|74|72|81|86|69|90|84|81|73|68|63|61|55|44|37|37|43|41|29|35|29|35|31|26|26|
2013-07-30|6|1_CTs|CT18||75|49|44|33|30|30|17|19|14|18|12|17|18|15|7|13|15|5|13|11|17|16|15|22|35|40|54|56|75|123|158|198|213|188|263|261|257|266|276|263|267|234|222|235|218|229|236|255|206|235|229|230|218|197|174|194|184|203|216|222|217|225|224|204|215|242|206|211|235|230|219|225|252|256|262|233|238|213|189|208|150|193|178|144|163|146|125|130|108|99|107|94|80|82|78|76|
2013-07-30|6|1_CTs|CT19||42|22|30|19|19|15|10|10|7|8|8|3|5|3|4|5|4|7|4|6|3|8|6|3|5|11|10|14|19|31|47|56|78|98|104|129|142|144|138|138|123|130|142|130|136|146|131|144|149|156|138|149|106|109|116|133|123|141|136|144|121|138|176|139|139|143|163|157|134|150|143|146|169|177|167|177|140|162|120|131|142|121|94|103|89|74|91|66|70|56|58|63|52|42|45|54|
2013-07-30|6|1_CTs|CT20||23|20|16|10|17|7|11|7|7|3|8|3|4|4|0|4|0|3|4|5|9|10|13|16|15|20|21|23|34|41|55|67|70|86|117|115|102|90|67|101|121|100|115|31|88|114|114|110|123|32|95|110|11|88|95|103|89|101|109|114|109|108|118|103|101|15|93|105|15|118|7|43|48|108|111|17|106|73|22|71|6|64|78|75|45|37|60|71|18|43|36|14|53|33|40|30|
2013-07-30|6|1_CTs|CT21||79|66|45|52|34|28|33|17|14|14|12|16|16|12|19|9|12|19|26|25|32|48|53|52|56|57|65|96|114|197|224|281|262|317|289|339|315|254|286|272|252|264|264|224|190|211|184|224|205|218|218|196|212|180|194|201|198|223|271|236|222|236|238|205|220|202|240|219|188|219|233|233|234|251|231|200|204|224|187|174|176|148|150|146|129|103|112|96|98|108|109|95|104|97|99|76|
2013-07-30|6|1_CTs|CT22||100|72|79|73|48|40|35|25|39|31|25|28|12|24|23|16|22|38|32|38|52|38|78|55|55|47|73|91|85|135|150|178|168|201|231|266|258|251|221|256|226|266|240|210|205|239|237|270|279|252|254|219|248|203|226|208|240|270|269|270|247|249|265|264|250|298|295|283|315|331|326|338|327|349|342|313|307|272|303|288|237|229|206|189|161|157|167|152|143|106|130|128|110|105|104|81|
2013-07-30|6|1_CTs|CT23||19|16|11|14|13|4|4|9|7|4|3|4|2|3|4|3|1|1|155|4|1|2|3|1|2|7|0|5|0|4|6|5|1|0|2|4|3|8|4|5|6|6|8|1|5|9|8|7|5|6|17|5|10|3|100|196|409|123|94|143|563|122|92|335|107|90|77|66|67|70|71|72|88|102|100|78|88|63|63|55|63|46|49|35|28|41|36|39|24|27|22|26|16|16|23|14|
2013-07-30|6|1_CTs|CT24||68|61|61|32|47|32|29|22|25|19|13|18|18|12|9|11|19|12|17|18|22|26|34|39|43|40|57|77|89|132|150|175|192|251|284|306|310|282|267|267|263|275|248|190|255|226|247|248|223|230|261|270|240|224|213|221|230|219|232|244|254|292|263|247|244|271|278|270|345|314|333|358|329|346|384|363|351|345|302|294|275|226|219|192|177|156|160|129|104|122|107|103|106|89|82|97|
