2017-09-06|2|1_CTs|ct1||78|71|308|41|32|30|36|25|21|22|21|14|12|16|8|8|6|7|17|271|19|30|28|26|54|45|334|72|356|122|145|174|163|426|208|423|448|199|196|217|194|214|219|193|209|205|173|468|420|204|196|461|443|202|173|202|189|200|404|442|413|202|191|218|178|173|440|443|162|169|433|192|187|413|187|192|428|164|186|182|416|409|172|158|160|131|123|124|109|112|97|105|102|322|93|86|
2017-09-06|2|1_CTs|ct2||40|57|39|28|17|17|24|22|7|10|12|10|10|6|8|2|3|3|17|9|9|16|7|13|28|25|35|270|291|48|44|53|79|335|75|322|344|93|119|140|363|109|118|127|122|107|103|144|136|116|110|373|352|108|85|89|94|122|316|98|92|103|93|116|357|96|597|104|105|73|337|108|97|91|122|98|351|88|360|610|351|99|345|81|96|80|68|82|577|58|298|72|66|60|303|55|
2017-09-06|2|1_CTs|ct3||59|35|40|284|18|23|27|19|12|15|19|10|9|8|7|8|3|4|16|11|8|21|15|18|37|34|289|52|64|82|86|105|92|117|131|120|372|388|362|133|121|130|142|133|147|147|121|139|413|404|134|133|132|361|381|117|112|134|121|378|384|138|377|137|129|370|400|135|366|106|122|165|333|117|627|126|135|114|117|370|118|103|122|95|120|84|109|83|90|88|344|91|60|309|61|59|
2017-09-06|2|1_CTs|ct4||39|278|27|274|18|15|25|13|17|9|11|8|6|2|1|5|32|4|7|1|5|1|0|2|2|264|3|40|9|0|0|0|0|21|51|6|89|88|96|83|76|77|70|349|88|78|329|338|86|102|99|354|341|344|60|71|78|73|83|83|74|81|316|67|100|99|361|91|95|88|84|88|103|94|93|82|72|58|67|79|322|314|71|61|55|49|36|49|42|51|45|28|42|55|44|55|
2017-09-06|2|1_CTs|ct5||41|26|20|23|24|10|17|12|10|8|10|8|5|4|4|3|2|2|2|3|7|1|0|0|1|4|0|8|5|0|2|0|0|25|63|15|351|86|358|100|83|106|599|349|94|591|91|108|110|100|85|364|865|84|85|84|106|93|363|105|93|109|115|112|117|120|83|84|103|94|86|331|87|103|100|74|75|73|63|78|64|67|75|66|64|58|52|304|312|60|317|59|51|32|50|52|
2017-09-06|2|1_CTs|ct6||113|328|330|79|55|54|41|39|47|36|32|23|28|20|27|17|10|15|15|19|20|277|25|28|30|22|291|296|49|56|78|345|97|362|125|416|424|131|161|150|138|152|146|393|387|183|160|432|182|188|172|173|421|185|164|164|166|311|1049|185|177|203|422|184|173|457|455|437|208|453|175|440|177|184|203|401|153|176|152|160|411|910|165|134|156|383|120|377|107|132|387|145|174|395|117|119|
2017-09-06|2|1_CTs|ct17||113|101|77|69|58|312|60|43|27|35|42|27|18|7|7|10|4|10|19|12|19|9|0|2|4|50|2|29|28|0|10|0|0|48|115|37|203|231|236|252|248|347|644|291|240|205|471|239|256|478|229|519|769|229|214|200|204|259|223|239|494|249|227|249|233|254|479|252|229|217|489|232|219|505|260|497|540|250|224|266|479|486|218|226|216|150|171|132|389|124|129|173|118|140|117|386|
2017-09-06|2|1_CTs|CT19||53|42|34|24|20|27|17|13|12|12|12|11|9|11|3|4|2|6|7|5|9|2|8|9|18|16|18|31|292|310|48|83|83|351|90|352|106|105|114|108|100|114|373|906|126|126|379|108|643|122|132|344|647|140|97|92|93|372|361|114|376|125|118|130|116|114|386|380|124|113|649|696|344|392|119|152|394|150|125|145|392|100|99|87|97|320|305|309|50|72|49|66|50|51|54|309|
2017-09-06|2|1_CTs|CT20||47|63|57|38|48|31|285|32|23|32|20|18|19|19|14|11|13|13|13|8|17|19|17|24|12|13|281|24|27|25|46|44|318|67|82|342|76|76|83|81|80|84|67|594|60|337|85|73|329|62|92|82|74|329|62|85|62|76|70|72|63|76|74|69|71|98|82|329|72|60|599|76|333|85|332|77|324|74|81|86|86|94|332|81|66|68|61|302|315|56|52|54|58|65|60|333|
2017-09-06|2|1_CTs|CT21||271|32|26|25|272|14|20|14|3|58|190|6|7|8|3|8|5|3|4|3|3|5|4|7|3|4|8|14|257|10|18|21|38|40|43|292|45|47|44|52|311|43|50|43|43|58|303|44|47|46|306|304|313|40|38|49|292|240|82|41|43|50|46|298|286|44|46|305|39|46|289|43|53|50|47|34|269|46|288|290|293|303|48|48|36|290|33|20|545|35|285|22|37|276|34|283|
