2011-10-09|3|1_CTs|ct1||115|103|82|89|79|67|54|51|40|47|38|22|39|21|33|19|14|19|13|20|13|7|13|16|16|22|23|26|17|26|33|28|36|21|26|38|37|53|60|72|63|62|62|82|51|63|64|126|80|105|124|108|99|109|88|77|95|101|96|129|115|146|124|135|128|128|143|131|112|107|109|120|124|144|122|125|139|132|123|108|128|98|101|99|86|96|90|102|73|63|56|73|60|54|61|41|
2011-10-09|3|1_CTs|ct3||354|308|269|269|205|181|196|149|138|120|89|67|83|59|77|60|52|52|39|51|36|33|38|45|45|55|62|64|57|59|83|87|79|72|91|114|119|123|134|144|154|119|4|147|151|167|177|253|195|230|247|241|251|257|212|219|240|225|269|295|319|341|316|306|282|297|365|367|307|257|306|300|310|348|300|308|324|325|315|289|291|269|225|236|245|233|221|201|205|171|163|170|130|143|164|134|
2011-10-09|3|1_CTs|ct5||255|199|215|182|159|139|149|167|135|165|147|123|106|92|122|108|70|88|82|69|80|49|62|70|84|46|83|93|49|79|63|77|47|106|68|54|65|94|81|88|109|91|2|424|232|151|139|156|183|173|203|214|208|146|172|178|201|177|180|242|198|243|298|215|258|207|270|204|215|216|209|212|243|281|274|285|297|281|290|291|233|235|207|216|212|166|192|198|193|164|141|157|215|150|131|148|
2011-10-09|3|1_CTs|ct6||149|166|140|123|103|104|114|91|102|86|96|90|74|72|76|70|48|51|64|76|33|41|26|29|33|23|34|36|40|38|35|43|47|71|61|62|67|41|68|87|81|84|17|90|87|93|85|104|102|94|130|137|122|115|111|97|105|121|112|101|132|115|132|124|135|149|129|131|127|116|116|133|128|156|157|154|153|163|162|140|143|107|120|92|101|94|79|115|88|89|75|96|101|112|80|81|
2011-10-09|3|1_CTs|ct7||207|225|194|142|134|146|141|119|135|126|107|135|92|99|104|104|79|71|62|75|43|50|47|41|38|39|46|42|43|44|39|32|39|45|44|45|54|43|57|61|70|56|64|61|81|84|69|97|97|97|107|136|118|109|80|95|103|105|111|98|126|109|126|132|121|154|154|153|123|145|125|109|155|139|177|157|171|181|162|182|125|125|130|102|92|78|113|111|99|94|86|110|150|132|126|102|
2011-10-09|3|1_CTs|ct9||141|141|167|152|132|107|118|110|128|80|107|127|91|89|106|75|92|85|79|69|55|41|51|44|41|37|47|47|50|43|31|49|47|44|55|56|58|58|68|83|58|77|95|100|100|88|108|109|82|87|97|91|95|90|78|81|96|105|99|84|111|112|88|128|141|115|109|89|111|104|118|108|89|121|125|115|118|125|129|115|114|121|94|102|99|136|102|87|83|88|114|79|89|78|80|62|
2011-10-09|3|1_CTs|ct10||84|72|93|86|96|86|84|91|107|98|104|98|96|93|104|92|96|87|81|93|75|58|69|61|69|42|59|63|45|50|31|43|27|35|31|32|40|31|35|36|39|39|19|61|68|53|49|53|54|83|64|82|67|74|60|56|73|48|67|69|64|81|79|77|75|84|109|82|81|92|86|97|101|84|103|93|134|104|104|110|93|96|84|89|72|59|74|75|65|68|67|65|68|46|55|58|
2011-10-09|3|1_CTs|CT11||26|33|27|29|28|31|31|42|31|24|36|25|29|38|26|38|26|25|29|24|9|19|23|17|21|17|29|18|20|18|24|19|14|22|22|24|21|19|25|31|30|27|26|31|32|36|30|36|28|35|30|37|27|37|38|23|45|28|25|35|36|36|27|28|31|34|39|29|35|26|44|25|25|33|28|28|34|32|50|42|32|29|29|38|38|27|29|33|38|19|28|30|27|27|26|23|
2011-10-09|3|1_CTs|CT12||35|25|29|34|41|33|32|32|52|48|42|38|51|52|45|49|41|44|47|44|33|33|41|35|39|28|37|25|28|24|25|28|20|17|22|20|28|13|13|19|18|18|5|20|27|16|16|19|25|23|19|17|16|28|17|17|20|17|15|20|16|21|17|22|21|24|28|18|27|28|24|20|23|15|25|25|23|23|25|28|34|32|26|26|31|26|28|25|24|27|29|28|21|21|20|24|
2011-10-09|3|1_CTs|CT16||26|37|25|19|22|18|22|16|21|19|20|21|29|11|15|13|16|23|20|23|15|13|13|16|9|13|9|10|8|10|9|5|5|6|5|9|10|8|11|7|10|6|17|24|7|15|9|11|10|14|15|10|11|17|16|9|18|15|12|11|17|15|10|20|23|24|20|20|16|13|19|23|16|24|21|18|26|28|27|31|29|21|20|19|20|21|13|20|16|20|20|18|15|10|15|18|
2011-10-09|3|1_CTs|ct17||124|110|119|123|107|110|102|113|122|106|88|91|86|88|77|74|69|77|63|88|69|61|71|45|49|69|46|62|39|52|49|42|34|40|38|51|55|59|55|79|64|85|80|90|112|114|116|99|146|153|138|190|112|163|126|144|136|118|142|137|124|128|178|173|176|151|152|160|161|147|166|193|177|194|190|208|234|192|232|196|196|139|162|149|149|96|120|112|94|106|112|91|89|76|76|70|
2011-10-09|3|1_CTs|ct18||131|120|139|128|132|122|144|135|169|133|144|135|147|127|130|113|130|114|117|111|94|78|91|83|73|63|77|81|57|67|45|54|47|45|48|39|69|53|61|59|58|72|36|87|106|79|73|72|94|114|93|112|72|104|89|100|104|82|90|105|103|112|115|131|131|125|175|133|115|126|144|134|149|150|149|144|196|146|158|152|166|141|133|129|112|104|95|112|98|100|97|99|97|75|84|86|
2011-10-09|3|1_CTs|ct19||0|2|3|0|0|0|1|0|0|2|0|1|1|0|0|0|0|0|0|0|0|2|0|3|0|2|0|2|6|0|4|2|5|5|4|4|3|8|2|3|4|3|2|5|5|5|1|6|4|4|3|3|4|2|5|5|3|2|3|3|2|6|5|4|3|5|6|2|5|5|6|6|7|2|12|8|1|13|2|7|2|4|3|3|4|4|0|1|3|1|0|4|0|3|0|4|
2011-10-09|3|1_CTs|ct20||121|115|114|101|80|55|92|57|50|51|40|52|39|29|19|47|22|25|26|25|15|11|15|19|12|19|19|21|18|20|32|22|24|31|21|33|39|40|56|50|45|72|106|120|76|80|78|84|70|96|89|79|108|94|91|95|67|83|93|112|110|127|125|128|95|134|126|119|105|93|126|127|137|133|139|134|135|147|137|123|137|112|105|103|68|87|95|80|73|82|81|61|74|64|60|34|
2011-10-09|3|1_CTs|ct22||7|6|8|4|10|8|3|3|7|5|7|3|3|1|2|1|5|1|6|3|5|2|3|3|3|0|6|4|1|4|0|2|4|5|2|4|3|1|4|3|3|6|1|1|9|3|4|7|8|4|4|6|4|6|6|4|5|7|4|9|4|2|6|6|9|7|13|5|6|6|8|8|12|7|9|6|7|6|7|6|9|5|2|2|3|0|5|7|8|6|7|0|4|4|1|6|
2011-10-09|3|1_CTs|CT23||109|101|76|72|66|84|58|51|43|75|62|42|79|69|20|47|22|37|28|35|31|34|21|31|17|26|27|29|10|23|33|34|39|39|30|60|49|70|103|75|85|74|192|97|69|103|93|145|118|137|155|157|147|130|102|112|131|125|146|115|121|143|134|108|136|144|114|96|133|104|147|100|135|142|119|132|147|124|154|117|137|128|98|89|93|96|90|98|64|92|72|95|100|56|73|77|
2011-10-09|3|1_CTs|ct24||344|315|316|292|225|194|211|176|151|147|128|121|97|83|84|85|57|78|57|57|53|58|62|62|61|79|119|139|109|129|187|191|125|166|177|195|166|218|232|297|272|322|312|373|341|369|390|366|402|424|426|460|489|455|429|443|393|443|488|548|590|606|646|617|548|585|629|583|640|591|668|651|714|704|675|720|687|732|723|634|640|569|520|467|363|407|405|400|395|349|348|277|311|272|241|172|
