2011-05-01|7|1_CTs|CT1||35|51|31|36|25|30|22|22|23|27|16|15|14|15|10|18|8|17|14|13|11|11|12|13|12|9|17|19|14|19|13|22|26|8|27|31|40|25|36|28|32|47|42|62|52|61|108|89|82|104|105|123|114|120|94|94|89|97|70|97|100|105|107|111|134|110|139|113|110|126|112|104|105|98|106|91|121|76|96|97|76|75|81|85|67|59|65|50|37|49|43|47|46|36|47|30|
2011-05-01|7|1_CTs|CT2||99|81|91|76|78|59|66|41|35|63|60|49|50|47|30|50|20|32|44|32|26|27|35|23|29|37|37|30|40|39|47|50|36|44|42|53|62|77|63|67|63|76|47|1|1|0|43|215|121|149|205|186|147|135|132|166|148|171|146|179|174|187|212|212|212|219|194|190|225|175|116|218|171|156|205|206|169|197|183|142|155|140|155|139|116|125|77|129|165|123|126|109|72|72|76|63|
2011-05-01|7|1_CTs|CT4||75|63|54|67|42|45|62|69|59|63|56|47|43|52|56|56|38|59|32|41|49|17|31|41|16|15|16|14|4|5|0|8|5|4|0|5|3|5|6|10|8|3|11|15|14|14|9|12|12|11|13|23|13|15|8|16|17|14|17|32|35|47|68|67|78|67|65|43|34|53|41|66|51|42|36|41|37|26|38|35|42|28|40|32|13|29|30|41|39|45|38|36|51|55|54|49|
2011-05-01|7|1_CTs|CT6||51|44|43|35|49|35|26|39|26|22|25|14|32|16|12|12|15|16|17|20|13|18|10|7|17|10|10|11|13|8|17|19|23|23|31|34|31|41|46|52|45|57|69|107|108|110|89|70|90|86|94|104|85|82|79|77|64|73|71|76|102|97|119|121|112|223|245|239|223|187|129|107|128|102|93|98|96|84|87|76|85|97|72|45|59|59|55|54|47|72|66|60|37|29|33|32|
2011-05-01|7|1_CTs|CT7||63|76|49|67|56|69|42|38|40|33|27|30|27|32|19|24|15|54|27|23|19|22|24|17|16|29|119|33|27|20|28|39|20|29|31|31|48|44|41|54|51|58|80|108|124|191|153|82|76|102|94|79|113|132|122|82|81|119|71|111|110|149|110|138|132|179|199|180|170|154|132|127|129|138|116|89|102|87|105|296|99|134|102|98|76|99|66|117|141|73|73|98|72|44|69|47|
2011-05-01|7|1_CTs|CT8||147|139|117|91|95|96|77|70|67|57|55|41|49|46|46|47|46|52|54|59|61|64|44|71|92|96|106|94|115|114|105|140|103|113|94|105|123|143|161|150|153|158|154|206|205|217|223|235|228|260|264|281|294|261|265|221|254|268|279|308|261|278|268|290|284|268|269|299|322|274|323|276|305|308|322|284|299|314|283|256|252|255|225|215|208|198|206|199|213|195|211|195|171|169|159|120|
2011-05-01|7|1_CTs|CT9||82|82|71|76|54|48|41|37|57|38|28|35|29|38|27|18|25|22|33|26|27|25|25|27|28|45|47|45|49|43|70|74|58|55|58|65|71|62|87|76|97|75|85|131|168|144|119|124|107|115|147|113|152|147|143|128|123|145|150|141|148|124|150|137|165|141|129|147|135|126|150|148|148|154|157|152|145|145|146|129|126|140|125|106|100|106|112|117|122|107|103|105|92|78|77|79|
2011-05-01|7|1_CTs|CT10||138|146|123|115|106|89|83|101|91|82|73|56|71|74|84|73|66|86|82|61|68|61|60|53|46|70|54|58|54|56|54|77|72|56|88|89|92|109|103|97|122|73|23|0|0|5|129|158|158|175|170|167|169|124|142|147|136|140|146|141|131|99|107|104|81|8|13|9|4|41|163|164|154|188|169|205|179|212|188|167|180|158|141|144|136|141|147|110|148|133|125|122|117|108|106|111|
2011-05-01|7|1_CTs|CT11||131|137|126|112|107|94|91|76|57|81|72|65|63|66|77|86|63|90|78|70|59|47|58|73|61|63|62|73|67|68|67|92|72|62|100|84|94|125|121|104|137|99|45|4|1|0|110|179|163|189|175|186|193|178|157|156|152|139|133|175|135|165|174|173|167|94|71|72|69|91|260|297|264|224|188|199|188|203|169|166|174|170|133|157|139|137|132|148|161|134|116|128|137|132|119|110|
2011-05-01|7|1_CTs|CT12||121|97|81|91|77|84|64|68|66|50|64|46|47|31|36|27|38|45|55|39|33|36|44|27|43|38|38|26|30|26|35|29|42|47|54|65|86|73|79|92|79|88|76|7|9|0|7|171|162|185|221|229|221|205|202|142|159|145|144|164|182|189|167|211|238|240|241|211|278|230|238|237|259|221|234|220|209|199|228|193|216|169|171|117|147|162|117|116|142|156|139|126|112|96|81|70|
2011-05-01|7|1_CTs|CT13||26|21|15|16|15|14|8|7|14|8|12|7|9|7|7|6|4|4|5|7|5|8|4|4|4|8|3|3|12|8|5|11|8|15|12|16|14|10|13|14|10|18|27|17|25|32|27|29|21|44|41|30|46|46|39|37|42|52|42|52|60|42|47|67|56|62|55|57|58|54|41|61|58|72|69|54|65|56|52|46|53|56|57|46|33|35|35|50|39|30|39|30|26|34|30|19|
2011-05-01|7|1_CTs|CT14||167|166|144|106|133|109|102|90|85|90|78|63|68|65|68|73|61|75|72|66|70|63|70|75|71|88|97|93|91|94|104|111|113|113|120|113|131|141|148|149|170|171|131|170|228|319|306|297|251|259|257|269|264|228|232|218|172|209|196|242|224|253|244|245|272|267|241|249|281|280|344|338|364|346|302|277|265|291|250|235|237|269|215|191|178|172|185|153|174|178|177|166|173|151|142|127|
2011-05-01|7|1_CTs|CT15||19|17|11|17|10|13|6|11|6|5|7|7|4|4|5|3|6|5|3|3|9|5|0|3|5|3|3|5|3|2|10|6|3|8|13|8|13|18|21|16|18|24|37|36|33|43|27|26|26|25|37|40|30|23|26|22|23|26|23|39|38|47|43|34|41|85|76|99|87|101|33|33|47|43|35|31|27|24|23|21|31|30|27|19|19|20|19|30|18|30|23|24|19|16|10|18|
