2018-01-16|6|1_CTs|CT1||1|1|0|1|0|0|0|1|0|0|1|0|0|0|0|1|0|1|0|1|1|2|0|2|2|2|1|1|5|7|30|85|392|100|51|25|51|59|22|15|16|8|16|13|7|36|10|5|15|7|7|7|9|11|7|13|11|13|9|10|6|10|12|21|7|12|24|11|10|9|12|9|12|7|3|7|9|7|266|4|3|8|3|5|3|1|4|2|1|1|1|1|2|1|0|3|
2018-01-16|6|1_CTs|CT3||7|5|8|5|2|7|8|2|4|1|4|2|4|5|6|2|3|4|2|11|15|10|208|20|24|19|212|31|42|49|57|63|101|81|85|83|76|69|52|57|35|39|39|38|38|32|218|48|42|39|272|39|36|42|34|36|42|39|45|37|31|49|36|44|35|57|49|51|43|39|36|42|32|50|47|43|38|36|33|32|35|36|22|9|33|18|17|13|8|10|16|17|17|10|10|13|
2018-01-16|6|1_CTs|CT6||16|27|18|5|5|4|11|5|5|7|3|1|3|4|2|0|3|4|5|7|5|8|15|16|30|13|248|25|19|43|88|125|126|198|152|153|151|125|112|101|101|339|104|333|325|97|92|108|116|332|327|93|92|90|127|312|554|111|118|131|118|103|117|102|107|107|117|108|135|119|137|119|146|110|121|127|122|108|107|98|78|295|102|97|93|286|61|60|281|45|290|46|41|38|44|43|
2018-01-16|6|1_CTs|CT7||2|2|4|3|2|3|3|0|3|0|0|1|0|1|1|1|1|3|2|2|5|5|3|4|4|4|6|14|9|21|19|35|36|42|42|33|44|42|42|39|25|26|29|27|19|26|33|17|27|22|31|280|25|25|24|32|24|37|28|29|30|31|289|287|23|22|35|37|283|30|31|283|32|30|24|31|27|32|23|27|19|21|17|17|11|12|14|11|8|7|8|10|8|5|8|6|
2018-01-16|6|1_CTs|CT8||30|31|21|22|13|12|13|13|6|4|5|16|14|10|4|5|5|11|7|6|10|14|30|27|25|29|41|55|75|351|635|664|202|176|170|644|165|156|150|162|130|139|144|351|120|363|135|127|130|146|137|136|136|369|151|129|138|160|156|131|121|368|140|835|142|149|394|140|164|409|157|164|360|195|414|194|173|161|171|154|149|363|119|97|80|69|62|64|68|69|528|63|56|44|217|38|
2018-01-16|6|1_CTs|CT11||26|19|12|9|12|7|10|4|6|8|4|1|4|5|5|3|3|1|9|5|6|16|9|28|25|28|40|318|90|380|172|184|150|147|201|458|191|417|462|181|165|165|415|424|148|132|150|149|162|147|187|155|162|166|164|154|671|152|157|151|412|139|403|424|166|431|474|414|173|161|411|404|142|159|161|125|137|123|138|377|135|623|109|96|78|320|329|55|40|303|263|42|291|41|31|40|
2018-01-16|6|1_CTs|CT12||40|40|23|16|15|18|9|10|9|6|9|6|6|13|266|6|4|3|5|5|7|13|25|27|31|22|39|309|64|366|155|485|294|305|303|303|284|279|253|190|207|197|152|425|171|182|169|158|194|198|214|184|189|211|186|433|436|200|204|187|454|194|218|203|227|512|269|276|513|232|489|228|721|724|499|224|262|265|513|476|213|695|173|127|114|110|103|331|59|59|64|60|321|55|56|40|
2018-01-16|6|1_CTs|CT15||23|252|27|13|9|14|253|6|4|6|4|4|5|11|15|7|9|5|7|19|24|19|22|33|34|42|44|79|317|100|134|235|287|267|272|268|211|446|167|432|148|367|128|118|92|114|132|100|131|136|139|118|116|140|363|119|375|127|375|126|376|123|138|136|121|648|396|162|425|170|142|158|139|409|154|163|149|152|383|135|96|587|76|85|68|53|57|45|40|36|41|34|35|26|29|35|
2018-01-16|6|1_CTs|CT16||296|20|23|16|19|15|16|6|13|6|7|3|6|6|6|7|7|5|10|9|12|15|16|29|23|282|40|66|344|127|170|262|517|275|522|504|268|524|250|250|203|212|205|462|451|178|191|184|209|175|220|212|174|173|427|187|180|202|442|201|180|175|195|480|205|195|476|749|459|235|235|490|451|224|213|226|198|191|191|428|692|145|137|143|110|89|105|101|70|73|52|64|313|51|40|32|
2018-01-16|6|1_CTs|CT22||0|0|0|0|0|0|0|0|0|0|0|0|0|0|0|0|0|0|0|0|0|0|0|0|0|0|0|0|0|0|0|0|0|0|0|0|0|0|0|0|0|0|0|0|0|0|0|0|0|0|0|0|0|0|0|0|0|0|0|0|0|0|0|0|0|0|0|0|0|0|0|0|0|0|0|0|0|0|0|0|0|0|0|0|8|0|0|0|0|0|0|0|0|0|0|0|
2018-01-16|6|1_CTs|CT23||51|38|29|28|21|215|18|16|15|9|7|19|16|19|6|6|11|11|16|16|12|19|26|41|40|38|60|101|342|142|474|279|532|286|539|472|252|441|252|239|189|192|453|394|424|211|164|187|199|197|190|212|211|209|217|427|457|227|235|205|217|202|215|223|216|493|496|262|706|276|503|242|272|280|266|266|263|256|260|643|215|202|180|141|127|109|95|85|98|100|326|74|74|65|285|56|
