2011-09-09|3|1_CTs|ct1||77|68|82|53|52|31|24|23|25|17|19|14|8|11|8|5|10|12|11|11|12|10|15|27|23|28|26|45|60|81|127|165|199|242|230|229|232|224|221|194|194|216|174|205|178|185|190|190|199|199|203|203|177|197|171|164|182|229|218|206|174|201|187|182|195|204|200|210|214|193|202|206|219|214|216|212|219|192|182|167|183|224|202|192|185|132|139|107|123|115|95|103|99|114|111|108|
2011-09-09|3|1_CTs|ct3||274|212|215|153|148|170|93|65|62|55|57|57|42|28|35|23|39|35|40|35|50|45|63|103|82|89|99|142|142|165|325|408|441|463|510|498|489|471|507|509|463|504|459|472|442|454|466|438|421|435|438|422|431|396|414|387|519|465|485|435|482|473|428|443|440|422|365|416|427|373|368|409|395|383|358|442|420|336|493|379|400|417|444|442|412|407|340|273|312|296|274|328|305|271|340|285|
2011-09-09|3|1_CTs|ct5||198|153|134|157|131|115|85|88|83|90|69|48|61|32|47|44|61|77|37|44|48|180|137|41|70|130|439|89|91|187|164|234|282|300|369|353|605|570|378|306|321|325|404|406|351|326|347|359|327|306|301|337|308|280|254|226|288|311|332|309|321|330|305|279|278|309|249|283|315|277|287|283|354|325|375|326|324|293|299|274|276|296|318|287|223|237|235|183|366|553|250|223|187|223|722|208|
2011-09-09|3|1_CTs|ct6||220|223|190|143|114|89|91|63|83|68|78|71|59|37|41|39|28|35|31|25|16|26|23|25|24|17|22|31|32|58|88|121|132|196|188|204|210|208|194|210|161|183|178|178|189|191|188|208|191|214|212|227|214|206|173|202|209|183|197|205|217|238|201|259|273|276|258|259|284|291|271|281|267|279|254|255|277|276|254|222|226|243|196|161|161|132|144|131|176|127|107|136|121|133|112|150|
2011-09-09|3|1_CTs|ct7||237|258|240|173|151|113|110|97|118|95|118|81|65|61|41|47|37|42|40|32|29|44|36|36|29|33|44|36|45|58|89|94|116|176|174|179|160|172|206|164|176|164|192|190|175|194|204|231|203|220|246|231|229|205|180|192|197|185|209|208|217|212|224|203|249|264|261|236|216|224|194|204|182|206|180|192|189|177|203|192|196|207|136|134|136|140|141|150|136|125|145|135|144|136|144|255|
2011-09-09|3|1_CTs|ct9||119|113|107|101|92|83|98|78|77|85|88|69|55|56|32|47|35|40|51|53|31|32|21|36|24|43|53|65|61|77|106|140|161|166|189|214|456|177|209|185|181|179|163|180|149|156|157|141|156|137|145|132|149|143|122|138|129|153|168|164|185|192|167|170|163|167|161|184|164|189|169|196|178|184|167|170|178|179|176|174|162|157|163|138|150|144|126|125|111|108|120|112|90|100|117|127|
2011-09-09|3|1_CTs|ct10||118|127|101|117|97|85|74|74|80|84|80|74|63|59|47|53|50|78|57|54|38|37|34|28|33|36|41|35|38|55|61|71|94|99|115|97|111|124|116|138|121|118|128|124|119|114|123|120|124|140|145|125|125|109|90|116|124|118|133|130|134|135|120|118|134|131|141|149|145|147|157|116|130|138|141|146|141|136|126|118|118|136|112|102|100|103|82|101|80|85|82|91|82|96|109|98|
2011-09-09|3|1_CTs|CT11||47|23|40|28|29|27|19|19|21|17|21|18|20|15|22|19|19|24|27|15|16|15|18|17|13|13|14|27|27|33|31|41|43|54|59|54|50|64|52|58|63|55|56|56|63|51|51|54|49|50|55|64|58|50|64|44|52|56|56|48|56|51|44|64|52|44|56|54|61|59|50|44|59|51|52|61|55|53|57|65|50|62|49|43|53|44|38|43|45|36|32|40|29|30|30|34|
2011-09-09|3|1_CTs|CT12||39|33|31|29|33|37|32|45|39|35|42|32|33|36|21|31|29|38|35|25|25|27|22|20|15|22|22|25|18|23|21|30|23|21|38|36|32|20|36|39|43|35|40|44|42|42|37|38|33|36|49|32|47|34|35|34|34|39|28|39|40|41|31|32|38|43|45|39|35|41|46|36|42|42|42|40|51|41|40|39|36|37|36|34|37|39|33|46|35|30|35|42|41|43|36|50|
2011-09-09|3|1_CTs|ct14||0|0|0|0|0|0|0|0|0|0|0|0|0|0|0|0|0|0|0|0|0|0|0|0|0|0|0|0|0|0|0|0|0|0|0|0|0|0|0|0|0|0|0|0|0|0|0|0|0|0|0|0|0|0|0|0|2|0|0|0|0|0|0|1|0|0|0|0|0|0|0|0|0|0|0|0|0|0|0|0|0|0|0|0|0|0|0|0|0|0|0|0|0|0|0|0|
2011-09-09|3|1_CTs|CT16||36|29|34|23|20|19|17|19|20|13|24|13|11|9|8|18|10|13|10|5|10|9|5|9|6|6|12|9|15|11|10|24|29|24|32|40|42|47|28|49|28|35|28|49|33|30|29|31|33|45|28|34|35|43|26|24|24|26|29|26|26|37|43|31|32|29|30|37|34|44|44|49|54|45|49|53|43|48|36|37|42|37|23|27|28|32|25|19|17|25|25|22|19|25|22|23|
2011-09-09|3|1_CTs|ct17||140|143|113|105|110|88|83|77|68|71|47|43|44|30|37|49|36|57|46|43|35|43|34|44|41|45|62|71|87|79|154|195|253|294|335|404|359|375|361|355|278|270|274|271|268|258|250|233|255|231|204|258|219|234|206|219|238|240|273|274|245|285|250|230|267|256|283|267|275|255|271|259|262|221|266|226|230|239|231|218|218|248|187|211|187|172|148|154|139|154|163|134|111|128|137|116|
2011-09-09|3|1_CTs|ct18||155|168|137|155|117|131|104|109|92|112|103|81|74|66|54|77|59|94|67|60|51|41|44|45|40|53|52|62|77|79|115|153|172|182|224|224|177|229|198|220|170|175|172|201|168|192|193|174|178|180|183|177|188|161|151|131|184|196|203|160|209|182|190|174|176|167|161|191|183|187|212|161|209|185|214|209|227|164|172|164|179|192|178|170|152|146|143|144|136|134|125|143|122|123|143|151|
2011-09-09|3|1_CTs|ct19||1|1|0|4|0|1|0|0|0|1|0|1|0|0|0|0|0|1|0|1|0|0|2|4|3|6|6|9|8|6|4|11|7|9|8|7|5|5|7|4|9|6|9|2|7|3|5|6|5|12|5|6|4|6|4|7|5|4|3|9|6|4|5|6|8|9|10|7|8|6|3|10|6|5|4|5|5|8|5|7|7|8|5|3|7|4|5|4|3|5|0|1|3|2|0|0|
2011-09-09|3|1_CTs|ct20||83|85|61|47|40|47|27|31|26|18|27|20|17|18|19|10|14|13|16|17|18|15|21|17|22|25|46|59|68|105|143|158|144|168|171|163|173|135|117|180|148|151|159|176|175|165|144|165|148|150|156|158|157|145|137|130|138|161|164|181|146|145|182|165|145|160|159|161|148|159|168|142|153|160|168|164|162|159|170|167|172|158|173|155|168|146|163|129|99|110|103|104|98|108|105|109|
2011-09-09|3|1_CTs|ct22||5|7|5|6|4|3|3|4|4|2|2|2|2|1|1|1|1|1|0|1|6|3|2|2|4|0|4|6|3|7|7|9|16|7|19|24|25|20|16|22|21|19|16|18|19|19|28|30|29|14|34|35|30|17|14|23|20|27|29|25|25|15|22|29|36|32|49|47|41|33|46|44|52|44|46|38|33|36|32|28|22|23|22|16|12|14|6|11|12|7|10|12|6|3|9|7|
2011-09-09|3|1_CTs|CT23||118|86|86|65|77|40|50|29|47|37|29|15|32|22|16|10|11|11|11|13|8|11|10|14|16|20|27|24|44|80|104|120|179|234|267|255|238|245|256|235|191|207|192|163|193|197|225|215|229|225|230|285|268|233|238|214|251|263|265|223|230|244|279|248|276|314|292|324|343|367|359|358|365|373|394|389|347|351|338|310|294|274|274|260|218|169|155|146|161|148|113|125|126|107|127|118|
2011-09-09|3|1_CTs|ct24||243|259|200|190|130|120|93|94|68|64|57|57|34|44|40|38|38|39|40|53|63|67|98|114|145|178|279|502|607|853|942|861|884|838|828|915|888|863|864|970|906|908|856|884|818|800|809|763|761|810|801|786|756|756|692|649|709|773|794|802|799|873|895|810|774|839|795|843|783|899|880|981|853|882|949|898|904|870|865|798|793|784|764|715|604|611|471|502|425|446|430|386|392|376|328|302|
