2015-03-04|6|1_CTs|CT1||0|4|1|2|0|0|0|2|0|0|0|0|0|0|2|1|0|2|1|1|2|2|1|4|2|11|2|2|4|4|12|61|152|130|90|123|75|41|38|12|10|6|7|6|13|8|6|7|15|5|11|12|10|20|7|10|10|4|11|3|19|8|10|9|6|7|12|8|8|11|8|5|5|7|11|3|5|9|6|5|5|10|4|0|1|0|3|1|2|1|1|4|2|1|0|4|
2015-03-04|6|1_CTs|CT3||7|4|11|2|5|0|4|0|3|1|2|1|1|2|3|1|8|7|7|11|13|13|24|33|31|29|23|33|43|40|41|56|83|88|108|149|119|85|53|53|55|61|46|39|36|48|49|278|53|54|266|42|48|34|41|46|254|45|34|52|40|50|46|35|36|40|55|56|45|57|60|52|50|287|54|48|56|44|54|35|34|32|13|23|22|24|19|24|10|13|12|483|18|231|3|6|
2015-03-04|6|1_CTs|CT4||9|7|12|3|2|4|3|0|0|3|1|0|1|0|1|2|0|0|0|3|2|2|0|0|3|0|0|2|3|7|16|21|66|44|27|27|32|28|21|8|24|26|19|20|19|23|25|20|26|26|268|27|46|42|278|5|257|32|21|28|29|26|35|19|35|36|36|35|32|44|35|532|47|43|49|53|59|25|9|37|39|29|281|18|23|12|16|15|15|266|6|10|14|15|14|12|
2015-03-04|6|1_CTs|CT5||13|13|10|8|12|4|6|3|3|7|10|4|6|5|6|5|2|5|3|1|3|7|3|7|5|3|17|17|14|27|47|43|58|57|87|136|119|140|102|76|334|84|78|69|80|61|84|71|63|311|331|69|62|52|73|60|87|75|76|54|68|62|61|88|82|76|81|72|88|84|69|77|64|66|83|82|76|59|327|327|45|50|52|55|50|47|36|38|19|36|34|26|24|24|17|23|
2015-03-04|6|1_CTs|CT6||10|26|269|14|9|236|3|4|259|4|3|4|5|2|0|3|4|4|6|2|264|11|265|13|15|14|16|18|31|37|74|92|136|199|196|459|436|167|143|113|622|312|332|97|92|97|106|93|112|96|75|84|105|102|109|105|106|108|128|132|102|103|111|310|114|99|105|126|373|168|131|859|125|124|128|107|109|88|123|88|95|106|88|86|54|61|59|51|304|48|46|57|54|54|33|21|
2015-03-04|6|1_CTs|CT7||7|4|5|3|2|4|1|1|1|3|1|0|2|3|0|1|0|2|2|3|3|1|2|4|5|5|6|11|12|19|13|35|43|44|32|47|48|43|44|30|36|15|23|31|20|274|21|22|294|285|28|25|37|26|262|20|24|33|29|24|286|287|27|23|30|26|28|38|24|32|38|42|38|30|34|44|21|23|28|15|26|17|16|29|13|13|15|12|10|9|3|5|8|5|2|5|
2015-03-04|6|1_CTs|CT8||41|33|34|18|21|18|11|14|9|9|5|10|27|239|12|5|9|5|7|11|8|15|18|29|18|26|290|56|83|111|153|212|243|204|167|167|139|157|177|381|173|166|151|148|130|141|160|129|398|128|152|139|158|324|355|363|158|347|624|379|424|379|155|149|389|162|163|409|164|451|192|223|192|207|463|199|183|159|867|406|147|143|150|339|107|89|87|85|329|77|59|69|77|274|51|48|
2015-03-04|6|1_CTs|CT9||47|45|25|26|23|20|13|15|10|11|7|13|8|9|3|7|6|4|6|14|14|23|23|31|38|40|312|71|340|361|187|325|572|387|403|446|394|466|385|227|496|445|456|191|304|334|167|201|446|217|441|430|187|213|457|201|181|251|501|223|495|476|204|235|231|719|484|250|526|272|249|332|323|349|372|287|491|223|718|458|431|164|139|142|125|118|112|371|95|88|76|88|74|66|48|61|
2015-03-04|6|1_CTs|CT10||34|20|16|12|9|9|12|6|13|5|6|9|5|6|6|1|6|5|2|5|9|8|15|17|25|21|24|38|51|68|100|127|161|179|163|164|162|176|194|167|157|151|373|120|142|134|141|145|408|391|167|154|138|409|387|163|135|163|411|155|138|158|159|413|182|195|190|447|445|181|222|462|694|221|233|241|214|198|459|170|165|140|161|92|360|80|64|310|63|52|64|305|35|46|36|31|
2015-03-04|6|1_CTs|CT11||33|27|20|12|18|9|9|8|3|8|4|7|7|4|6|261|4|4|5|15|12|17|13|25|28|46|54|79|100|399|231|337|234|196|252|186|476|276|493|268|234|195|704|172|188|198|175|417|448|185|191|237|67|146|181|186|193|473|204|441|486|170|193|200|205|210|467|487|488|203|222|491|447|227|213|213|172|180|150|398|167|139|112|94|103|103|335|334|60|66|74|52|48|42|41|294|
2015-03-04|6|1_CTs|CT12||52|30|23|15|16|11|11|8|13|3|4|8|2|6|5|3|9|5|6|8|10|14|14|21|24|25|45|47|51|61|133|194|537|307|288|290|322|283|250|215|472|169|139|163|437|169|689|169|188|179|178|179|194|221|196|454|170|746|195|420|212|182|201|189|482|501|229|289|550|283|290|789|769|223|513|292|244|270|235|467|210|172|168|114|379|100|92|81|75|66|72|72|57|54|557|40|
2015-03-04|6|1_CTs|CT15||28|23|25|15|12|19|2|11|8|14|6|4|9|5|4|8|7|8|7|12|15|14|24|32|50|38|51|63|66|89|112|189|483|229|497|259|222|218|166|144|387|124|374|131|382|131|105|89|353|114|360|129|118|110|135|371|117|119|111|362|132|378|100|103|119|100|347|140|134|142|151|705|218|222|206|141|113|144|357|108|107|82|71|78|70|77|52|48|58|55|35|43|294|34|28|24|
2015-03-04|6|1_CTs|CT16||34|27|24|16|15|14|10|12|5|16|11|6|8|9|10|5|4|7|2|12|10|6|12|20|30|33|26|61|77|116|161|525|328|574|297|561|320|453|382|281|497|180|419|194|195|426|187|423|430|453|214|465|245|462|193|184|706|203|466|187|209|196|207|193|199|225|228|233|219|218|224|495|207|235|249|260|200|155|212|167|175|155|153|376|104|103|91|78|72|71|75|52|59|54|40|39|
2015-03-04|6|1_CTs|CT17||38|282|31|18|17|18|9|11|11|9|4|264|2|6|2|4|6|3|2|10|5|6|5|8|8|11|17|24|24|24|54|72|123|122|63|329|322|307|49|66|94|71|319|27|38|31|37|39|281|43|280|29|35|289|23|27|269|17|26|22|27|27|23|28|31|20|280|37|35|36|80|350|55|63|50|56|54|60|53|62|52|48|31|36|37|38|36|38|20|20|18|32|17|18|17|13|
2015-03-04|6|1_CTs|CT18||52|49|52|34|28|23|17|16|10|24|24|11|18|9|16|9|12|11|10|12|11|20|17|22|20|34|42|49|88|144|158|250|543|606|217|451|199|166|232|259|484|255|477|500|229|206|232|228|215|478|230|491|222|207|242|222|259|237|251|236|232|248|257|489|242|262|242|248|532|272|260|540|268|288|568|553|276|220|249|723|204|188|175|180|152|141|121|110|87|377|107|83|81|88|320|339|
2015-03-04|6|1_CTs|CT19||31|38|27|23|20|15|12|10|13|9|3|8|2|8|8|4|6|3|6|7|3|4|10|5|4|9|14|14|20|40|55|89|210|163|162|178|183|153|170|145|128|128|107|136|160|131|375|146|624|143|115|131|142|150|645|157|117|146|399|367|143|155|165|667|173|191|184|695|453|213|226|503|199|206|202|464|199|213|207|696|408|134|107|82|82|349|93|81|54|49|43|56|47|61|302|46|
2015-03-04|6|1_CTs|CT20||18|19|20|9|15|8|3|10|6|4|5|3|3|2|3|2|3|5|2|5|4|11|8|12|15|27|7|21|34|43|52|73|126|146|127|65|157|135|104|338|126|112|122|75|179|241|35|126|33|79|33|100|120|112|118|118|109|89|112|117|392|134|131|15|133|135|370|350|81|285|121|130|110|36|8|381|4|30|103|323|45|25|88|28|43|29|20|319|316|64|59|41|47|283|32|38|
2015-03-04|6|1_CTs|CT21||71|49|35|32|241|22|17|15|23|17|13|12|12|16|224|12|14|14|263|28|36|34|281|52|55|70|76|105|126|193|505|598|610|589|381|314|282|568|271|261|243|246|218|476|196|221|470|442|470|210|434|219|220|192|221|199|424|724|199|469|241|725|455|499|206|237|229|717|246|228|229|504|445|491|265|241|466|229|224|191|151|167|143|335|108|106|111|326|368|89|104|92|319|294|275|56|
2015-03-04|6|1_CTs|CT22||80|74|54|45|37|30|25|29|287|26|23|14|16|22|18|17|27|21|24|24|45|35|67|59|300|45|71|74|83|124|146|440|199|245|315|508|285|244|253|443|238|228|192|242|224|278|241|264|517|249|500|227|502|223|510|238|471|481|263|275|225|540|258|274|290|292|281|795|348|390|328|353|395|564|379|346|365|353|312|310|271|242|189|403|145|159|133|132|153|135|114|124|122|109|108|85|
2015-03-04|6|1_CTs|CT23||62|37|49|32|32|267|18|17|15|9|9|17|25|19|15|9|11|9|10|18|16|21|25|283|46|41|66|90|116|165|218|300|342|347|331|345|318|314|326|252|499|230|215|237|193|445|454|220|192|200|218|223|252|224|469|231|719|492|498|253|462|509|473|229|228|731|254|743|298|777|307|325|562|353|338|312|297|268|241|271|226|214|191|162|638|114|129|115|384|116|95|105|320|347|302|68|
2015-03-04|6|1_CTs|CT24||70|63|45|29|41|285|31|287|256|14|13|13|13|9|19|12|8|14|277|8|23|19|27|28|38|35|57|84|87|119|180|216|744|345|360|366|365|345|345|318|528|502|233|240|227|259|480|269|972|255|257|241|496|262|457|222|235|285|729|296|279|316|278|269|270|324|312|818|357|363|367|392|428|425|628|1102|873|340|573|540|276|268|234|440|184|178|149|131|369|115|125|109|379|105|84|337|
