2016-10-13|7|1_CTs|CT1||39|299|39|27|23|21|269|15|20|13|19|12|7|9|6|11|5|5|6|9|13|266|14|17|17|25|30|27|49|61|371|127|169|190|175|171|176|154|159|164|149|400|138|128|123|118|115|366|118|369|117|128|98|362|123|111|124|374|130|127|625|113|132|119|129|134|112|137|142|129|394|390|125|409|151|661|152|395|107|639|121|370|108|83|79|77|332|69|68|57|62|329|68|310|44|50|
2016-10-13|7|1_CTs|CT2||134|103|208|221|673|168|38|27|34|42|22|12|12|24|32|18|14|27|261|34|20|32|40|46|36|38|61|93|362|448|224|337|417|392|322|393|307|631|396|210|497|309|262|265|570|308|240|174|197|426|244|276|315|251|163|191|340|339|522|341|636|296|309|620|223|528|644|284|312|490|486|369|374|637|300|570|333|351|643|356|339|309|222|242|251|159|115|77|134|161|128|359|94|123|142|92|
2016-10-13|7|1_CTs|CT4||46|43|31|47|31|30|30|29|26|22|16|9|14|2|10|7|12|3|1|4|15|9|4|3|3|1|1|6|22|16|277|45|107|358|59|69|314|58|58|41|52|46|48|54|83|51|39|56|55|57|83|70|55|56|73|58|38|60|67|60|84|49|74|90|102|71|360|110|382|390|137|117|110|106|138|113|124|605|93|103|86|73|81|61|69|38|26|40|58|58|48|62|43|293|43|58|
2016-10-13|7|1_CTs|CT6||46|303|33|29|24|15|18|20|13|267|17|8|13|4|2|5|4|3|8|9|5|11|5|6|11|8|17|15|30|39|294|112|177|192|159|444|183|373|108|116|101|104|102|115|607|378|127|411|126|126|124|124|107|120|392|367|113|128|110|140|127|126|133|157|388|206|463|181|456|261|232|187|244|226|251|478|179|437|180|420|144|149|345|117|103|80|82|315|68|335|71|71|67|75|271|60|
2016-10-13|7|1_CTs|CT7||26|29|18|284|16|12|9|11|8|10|15|15|11|4|2|5|4|8|8|6|8|12|11|9|12|17|23|34|35|53|64|80|104|131|142|133|131|375|93|375|372|84|367|118|114|106|121|347|121|108|127|99|113|124|122|127|133|105|105|124|116|352|110|616|398|127|408|397|415|150|171|432|416|172|158|175|180|184|156|144|387|383|109|94|89|62|535|70|62|294|62|51|298|55|312|37|
2016-10-13|7|1_CTs|CT8||126|108|77|60|53|47|38|289|25|37|288|11|16|27|25|26|37|38|301|65|76|61|94|350|116|112|139|186|234|319|362|415|493|459|498|816|481|445|442|645|621|623|612|341|341|591|326|537|294|320|343|346|327|551|583|617|343|638|398|357|638|360|383|593|370|370|373|634|633|452|656|654|384|679|388|623|361|384|298|350|569|764|258|257|229|447|729|182|412|204|409|422|175|172|124|115|
2016-10-13|7|1_CTs|CT12||64|559|44|40|286|28|284|20|13|17|15|9|10|10|8|12|6|5|11|12|8|8|11|8|10|9|28|23|304|64|354|169|240|239|476|230|236|204|192|169|159|172|182|188|178|186|179|454|224|467|223|202|166|456|191|196|177|477|205|198|961|202|219|242|511|296|536|286|568|590|328|575|318|570|319|543|295|561|277|262|218|486|434|156|163|123|122|103|95|94|97|84|99|91|66|70|
2016-10-13|7|1_CTs|CT13||0|0|0|0|0|0|0|0|0|0|0|0|0|0|0|0|0|0|0|0|0|0|0|0|0|0|0|0|0|0|0|0|0|0|0|0|0|0|23|56|41|50|50|57|40|39|44|49|60|52|64|46|50|320|60|60|55|51|68|58|58|41|60|45|48|297|60|316|321|65|72|330|82|73|76|81|90|8|0|0|0|0|0|0|0|0|0|0|0|0|0|0|0|0|0|0|
2016-10-13|7|1_CTs|CT14||142|118|109|84|344|73|317|37|311|307|37|296|37|33|289|32|33|47|43|47|326|70|82|348|91|88|371|409|408|448|277|334|423|511|485|758|447|460|447|395|320|358|351|605|618|393|420|874|400|410|451|390|414|373|354|383|367|645|398|417|430|429|462|439|483|750|546|608|612|600|872|638|676|870|637|1124|585|539|779|485|436|427|335|291|283|229|743|214|226|480|419|196|209|191|412|160|
2016-10-13|7|1_CTs|CT15||40|23|27|27|18|7|10|16|10|5|12|8|3|5|6|7|7|6|7|7|4|13|5|6|10|15|22|283|28|38|54|162|263|530|499|769|223|165|122|368|93|373|87|91|47|79|98|93|107|73|108|364|101|93|101|125|67|85|88|123|106|127|168|150|165|463|245|219|445|263|223|704|237|274|201|198|148|184|177|140|149|133|113|120|112|79|87|64|57|68|76|63|75|63|34|54|
