2017-10-20|3|1_CTs|ct1||34|36|45|34|14|15|9|9|11|11|5|3|5|7|5|1|1|3|1|3|8|9|8|17|17|22|25|295|304|339|116|438|179|428|189|423|194|412|407|400|131|139|140|127|126|387|113|142|139|427|165|417|137|386|126|132|132|395|415|167|140|407|651|159|404|132|176|153|426|192|157|421|163|177|188|432|698|423|168|425|1213|450|160|401|118|125|93|354|87|84|86|74|74|76|71|339|
2017-10-20|3|1_CTs|ct3||215|233|452|168|112|372|591|88|72|320|324|50|65|46|297|42|35|41|41|32|61|316|65|72|83|353|115|407|194|252|359|457|746|799|782|757|492|444|533|358|431|622|382|624|421|700|399|447|476|723|461|494|476|491|493|516|791|696|570|418|715|752|750|513|816|481|793|509|867|503|444|794|728|510|565|549|903|498|790|469|756|798|565|512|945|447|424|402|344|356|348|341|391|345|577|321|
2017-10-20|3|1_CTs|ct5||178|375|380|353|86|62|56|62|39|40|32|23|280|25|26|24|21|21|18|15|14|14|16|280|21|30|296|299|65|332|387|197|205|262|248|294|283|269|223|222|222|421|209|477|461|989|220|491|480|520|259|517|239|282|271|265|263|230|217|258|257|513|512|587|547|296|570|292|535|351|546|409|502|347|323|332|566|292|787|258|801|544|238|733|468|430|165|442|397|450|203|183|678|431|165|232|
2017-10-20|3|1_CTs|ct6||14|8|7|10|5|5|5|3|2|1|3|1|1|5|1|4|3|0|1|3|1|2|3|3|11|5|12|23|23|33|294|68|80|69|94|74|82|347|572|303|62|49|58|77|54|564|50|304|31|311|56|67|61|57|46|50|51|53|88|79|62|51|279|80|62|68|69|50|575|74|308|81|75|76|74|62|71|58|59|313|51|317|52|33|33|32|33|31|25|30|28|18|290|24|22|20|
2017-10-20|3|1_CTs|ct7||115|124|76|74|84|65|49|44|47|58|36|278|29|31|29|24|20|22|17|25|29|30|23|30|49|43|45|52|53|326|324|350|90|131|392|146|156|128|144|394|395|136|137|169|397|163|149|158|660|437|145|149|422|153|382|151|141|677|171|165|50|68|73|76|323|320|63|53|54|54|48|39|80|337|120|139|137|139|130|150|156|139|146|153|171|627|134|137|134|127|139|126|129|144|146|645|
2017-10-20|3|1_CTs|ct8||70|75|47|42|45|52|18|19|20|26|12|23|13|11|13|14|17|18|11|14|18|14|19|18|22|24|20|22|32|35|50|312|62|74|607|103|107|87|110|92|87|99|122|119|354|137|113|113|147|618|98|146|396|124|353|122|99|118|140|128|139|411|128|129|133|119|138|130|125|149|378|106|140|405|116|106|104|111|103|95|368|99|112|96|118|361|108|100|94|74|87|91|78|93|101|595|
2017-10-20|3|1_CTs|ct9||205|272|851|524|465|370|385|954|66|638|212|104|106|51|70|50|45|38|63|57|31|54|33|181|233|45|62|87|158|152|277|402|2702|864|555|1815|1305|558|854|1131|1027|456|352|1026|2209|3657|3565|3049|1939|3358|3529|2951|1715|3121|720|1232|1022|1059|1276|1166|1283|1475|1104|2648|257|396|518|1407|1417|1556|617|165|96|122|654|195|169|478|1719|569|2199|1862|791|635|610|747|1052|333|147|323|446|445|329|613|310|276|
2017-10-20|3|1_CTs|ct10||89|78|72|80|65|54|55|52|46|52|36|37|30|37|29|27|36|40|33|31|23|24|25|36|25|34|33|64|53|72|96|129|162|156|169|178|194|146|171|153|152|144|146|166|130|160|142|142|161|150|149|161|138|156|138|138|134|150|149|157|137|149|144|163|157|156|172|155|132|165|122|119|123|122|137|135|153|166|132|138|129|153|135|131|115|139|104|132|133|115|101|126|109|112|117|117|
2017-10-20|3|1_CTs|ct13||498|186|176|172|391|136|118|116|354|84|100|66|67|82|56|57|80|366|70|91|44|54|54|92|99|103|104|150|159|177|214|232|250|253|261|259|269|501|1282|244|270|261|223|278|274|487|283|259|304|489|241|275|1017|489|269|238|275|278|242|256|281|773|745|537|792|267|257|267|269|240|242|218|302|232|258|231|245|284|238|239|509|486|541|251|242|305|471|483|515|223|239|476|220|272|230|214|
2017-10-20|3|1_CTs|CT16||107|353|327|104|66|84|340|49|62|69|293|45|36|23|28|47|30|27|34|32|26|33|19|27|30|28|34|53|61|93|639|174|184|179|221|203|201|439|205|170|194|139|184|455|209|714|487|203|229|447|484|163|215|212|214|178|431|433|198|219|192|438|447|243|203|229|222|237|253|213|206|235|234|255|457|500|297|539|483|466|483|458|476|190|186|425|121|668|107|129|110|117|404|143|117|143|
2017-10-20|3|1_CTs|ct18||111|126|95|93|74|63|74|66|64|64|46|46|34|36|34|42|42|41|46|38|31|44|33|44|39|48|44|77|94|118|137|205|258|277|213|245|251|225|231|236|211|208|197|212|203|217|195|204|203|187|218|179|165|171|214|158|191|197|226|205|196|186|189|184|201|217|223|179|112|119|81|103|100|102|126|140|180|165|210|199|192|224|215|187|203|182|148|171|177|154|149|161|171|143|154|148|
2017-10-20|3|1_CTs|ct19||6|0|1|1|0|1|0|0|0|1|0|1|0|0|0|0|0|1|0|1|0|2|0|1|2|6|4|5|7|6|6|8|3|4|10|8|5|5|7|11|7|11|3|7|5|10|8|9|9|7|4|7|5|4|6|12|3|5|4|7|5|4|5|3|7|4|6|6|11|5|3|7|5|6|5|4|3|12|6|4|6|1|9|3|4|3|6|4|1|0|1|2|6|1|0|6|
2017-10-20|3|1_CTs|ct22||5|4|3|260|2|7|3|2|2|0|1|2|1|0|1|0|2|1|4|0|0|5|1|4|3|5|5|5|5|5|11|8|14|12|15|17|24|268|17|11|19|18|26|23|29|18|22|22|33|29|29|24|27|270|23|18|11|27|278|23|20|287|34|36|276|14|19|27|40|35|29|36|26|40|285|23|23|14|22|18|14|17|19|14|16|23|18|9|15|9|7|12|12|12|11|14|
2017-10-20|3|1_CTs|CT23||354|335|65|61|50|44|43|24|23|23|26|23|11|16|23|18|24|23|281|34|33|31|36|32|35|51|319|609|137|163|447|194|494|469|215|220|219|214|714|212|201|193|173|195|450|713|200|207|179|191|438|182|164|145|136|186|194|186|474|199|450|438|413|442|411|85|63|299|39|82|100|93|130|142|153|115|133|146|152|151|174|429|178|406|167|144|137|151|123|124|132|130|119|132|124|117|
2017-10-20|3|1_CTs|ct24||64|324|53|37|23|20|15|13|20|12|7|11|10|6|16|15|266|12|14|25|32|291|45|73|75|647|488|827|724|547|1078|1107|573|558|526|545|489|578|474|529|532|593|608|787|1019|548|534|1017|446|987|757|528|1022|722|764|529|732|507|505|764|501|963|1202|758|501|655|684|631|400|907|692|1233|717|458|448|499|974|459|714|508|733|668|635|866|300|505|225|689|449|170|695|696|405|161|156|124|
