2011-07-06|6|1_CTs|CT1||1|1|1|0|1|0|3|2|0|0|2|1|0|0|2|2|1|1|1|2|2|2|4|6|5|4|10|6|3|3|7|8|9|7|11|10|8|6|12|7|4|4|4|3|1|9|3|6|5|4|5|8|6|4|5|5|5|7|4|7|4|4|5|5|8|7|7|9|10|5|8|5|7|8|13|2|4|3|5|3|7|7|3|7|5|2|1|1|1|12|23|25|27|4|0|3|
2011-07-06|6|1_CTs|CT3||22|23|16|13|17|16|10|11|4|4|15|9|9|5|2|5|6|8|14|14|14|12|15|26|25|37|45|40|54|53|63|86|87|112|97|107|93|67|98|77|76|61|64|52|54|46|51|39|52|68|62|56|53|59|43|62|46|58|58|43|59|54|60|64|73|64|59|56|77|92|84|65|70|87|93|92|75|61|64|57|59|62|29|41|35|23|31|28|28|21|23|30|28|26|17|23|
2011-07-06|6|1_CTs|CT4||13|9|7|3|5|7|5|5|5|3|3|1|3|3|0|2|0|0|2|2|1|0|2|0|2|3|0|2|5|6|13|14|16|15|21|24|37|21|28|18|29|34|25|19|23|26|26|24|16|32|32|31|25|32|22|9|12|23|29|24|25|24|14|26|25|37|24|23|35|37|22|48|43|46|44|50|17|40|35|32|34|29|20|20|23|19|11|12|12|13|12|16|12|8|13|12|
2011-07-06|6|1_CTs|CT5||36|18|15|17|14|12|5|11|10|5|3|4|8|8|5|5|7|8|11|7|6|5|11|13|10|8|21|22|17|30|44|56|53|61|48|77|66|68|66|58|54|71|63|70|68|69|71|77|70|73|84|75|77|81|58|70|82|83|90|79|71|94|68|72|86|82|72|69|69|74|46|71|56|57|82|82|80|51|39|41|50|44|51|41|57|30|37|31|15|34|32|28|24|31|31|23|
2011-07-06|6|1_CTs|CT6||36|22|15|15|15|9|6|6|5|9|8|3|9|2|4|6|1|6|4|8|7|9|9|10|19|16|20|30|39|47|62|84|99|157|145|176|142|163|132|120|128|111|112|97|96|101|100|91|89|100|91|90|83|88|94|109|112|109|116|106|111|102|101|102|110|100|92|131|114|144|122|115|144|140|128|145|113|113|104|92|83|100|92|90|83|59|68|59|61|51|57|45|48|40|53|39|
2011-07-06|6|1_CTs|CT7||2|0|0|0|0|1|1|0|0|2|1|0|0|2|0|1|1|2|1|0|0|1|3|5|1|4|3|13|13|10|15|19|26|31|31|42|35|34|33|31|24|30|21|29|25|23|25|15|23|30|32|27|26|22|25|23|26|28|27|25|23|31|12|23|23|15|31|24|22|29|35|15|26|15|17|12|23|18|24|27|27|26|20|18|12|8|12|10|13|4|10|8|5|8|10|5|
2011-07-06|6|1_CTs|CT8||54|46|34|36|21|29|16|20|16|14|17|11|18|11|7|7|3|5|7|12|7|15|29|26|22|37|43|52|83|124|182|206|213|246|245|220|230|224|219|250|161|170|142|142|140|136|141|124|145|148|134|164|141|146|145|132|161|143|177|152|168|150|155|157|157|140|142|181|177|185|191|197|187|200|212|202|167|164|156|139|151|147|143|130|109|99|103|100|88|92|79|71|69|58|72|59|
2011-07-06|6|1_CTs|CT9||63|52|43|27|32|23|20|9|12|15|10|12|9|5|11|5|6|9|5|15|13|17|15|29|28|38|50|65|97|139|196|230|268|281|297|309|276|266|273|266|203|204|188|206|195|179|182|180|213|180|197|212|186|183|189|209|213|225|204|214|192|222|240|196|218|233|233|246|235|322|363|379|359|353|372|344|349|365|362|340|363|401|376|354|158|117|127|111|107|109|90|81|75|90|65|72|
2011-07-06|6|1_CTs|CT10||33|47|33|30|17|12|18|7|10|12|6|13|8|7|11|2|1|5|8|4|12|9|9|19|37|28|35|55|68|72|91|123|158|155|214|189|182|190|171|169|161|167|156|144|189|166|217|211|182|161|132|144|160|139|126|144|147|148|170|192|162|160|198|170|156|191|155|170|197|193|214|223|219|225|188|200|187|156|180|160|162|136|135|143|80|75|89|69|68|69|71|65|59|60|58|42|
2011-07-06|6|1_CTs|CT11||49|39|24|31|15|18|17|6|13|10|18|5|5|7|9|9|3|6|11|15|24|16|17|35|40|37|28|92|113|150|203|235|294|309|328|270|295|297|287|262|230|193|176|171|148|138|156|144|177|152|171|170|188|182|163|181|177|208|208|159|168|157|181|160|178|153|168|179|172|219|207|203|181|228|213|183|171|139|161|185|205|200|209|173|125|85|71|76|69|72|28|50|61|55|40|50|
2011-07-06|6|1_CTs|CT12||39|41|31|22|24|18|22|7|15|13|10|11|13|8|10|7|5|7|5|7|15|15|13|24|31|30|34|56|70|89|102|113|189|210|234|258|246|242|198|220|167|177|144|152|183|186|201|213|207|190|159|183|172|153|133|157|164|167|164|183|172|182|180|180|172|205|194|205|233|238|270|251|240|275|258|230|250|200|213|183|164|179|170|157|105|101|92|80|66|64|75|77|59|54|58|44|
2011-07-06|6|1_CTs|CT13||35|37|31|126|35|149|186|77|47|3|1|5|2|1|3|4|1|2|0|9|5|6|7|13|9|13|15|21|34|34|45|55|61|56|61|68|53|64|53|50|27|29|107|117|43|54|33|39|32|46|46|47|39|40|46|45|44|52|36|38|0|20|0|0|0|0|1|41|40|58|75|73|62|0|0|0|64|54|79|80|79|102|74|30|24|17|26|161|50|19|308|243|202|460|172|438|
2011-07-06|6|1_CTs|CT14||34|21|24|15|12|9|11|8|9|12|5|4|9|4|5|5|5|10|4|3|4|12|14|12|16|26|21|26|23|40|55|56|78|79|86|106|97|117|103|102|92|90|92|88|117|149|136|158|138|127|112|90|104|99|79|89|86|106|109|112|110|127|130|138|132|137|119|128|150|142|143|152|161|197|181|139|146|123|116|115|121|123|103|86|63|62|60|70|45|53|55|58|37|37|45|48|
2011-07-06|6|1_CTs|CT15||6|9|5|4|2|2|1|4|1|1|1|2|2|3|3|1|2|0|1|4|7|13|7|22|15|24|27|43|46|59|85|107|118|129|163|153|137|116|125|114|100|93|88|55|73|71|59|55|77|90|76|92|91|74|70|90|86|93|66|77|80|88|67|73|65|80|82|88|91|128|172|170|148|153|153|185|172|156|159|138|147|192|171|140|46|49|40|28|34|25|26|19|31|28|25|21|
2011-07-06|6|1_CTs|CT16||44|40|26|39|15|14|24|9|7|12|15|12|6|10|13|6|3|10|12|11|14|9|18|24|29|27|51|70|83|104|122|187|216|234|262|254|208|246|241|234|218|186|199|177|171|158|178|158|175|177|180|175|184|192|160|168|168|178|203|211|167|202|181|194|170|171|164|197|187|216|202|181|195|211|189|191|186|163|138|158|171|146|129|146|111|78|95|86|79|77|87|64|75|64|66|53|
2011-07-06|6|1_CTs|CT17||12|12|6|3|5|1|3|1|1|0|3|2|2|1|2|0|1|1|1|0|0|0|2|0|5|0|3|1|9|14|19|20|18|24|47|48|39|32|41|32|37|23|18|32|34|33|24|33|44|27|39|48|37|36|28|36|20|35|27|40|35|46|31|33|39|32|31|36|37|38|41|51|36|36|55|44|39|36|37|37|28|36|16|32|37|14|15|20|12|20|21|14|7|11|9|4|
2011-07-06|6|1_CTs|CT18||83|72|45|48|40|29|26|31|16|18|22|17|17|15|18|12|14|17|27|18|15|20|22|28|33|41|55|73|96|119|158|225|238|275|284|287|264|288|260|284|278|231|245|245|229|237|225|211|209|227|237|248|236|230|174|206|218|242|240|271|216|239|230|241|232|256|227|235|253|284|269|268|257|299|311|295|278|227|229|224|210|197|207|168|162|119|120|116|127|131|116|110|104|100|96|71|
2011-07-06|6|1_CTs|CT19||65|45|35|23|30|33|26|16|19|16|12|13|11|10|8|3|11|7|8|7|3|2|5|8|15|10|16|15|26|38|64|56|93|122|134|156|160|146|126|141|163|124|115|139|165|130|139|131|167|112|139|135|129|129|119|122|137|133|148|134|145|154|161|156|157|154|140|157|162|176|194|198|173|192|189|189|208|193|161|152|139|125|111|110|99|83|77|68|60|62|68|57|50|53|41|50|
2011-07-06|6|1_CTs|CT20||24|33|22|14|14|12|10|12|4|2|7|8|4|7|5|1|3|4|7|5|16|5|8|13|17|16|22|28|43|64|46|83|95|112|130|149|121|118|129|122|128|130|108|115|85|114|102|112|92|123|15|95|66|68|94|120|92|37|80|113|126|44|86|39|130|106|1|23|135|117|104|136|45|119|63|11|100|157|116|101|72|2|18|92|65|61|67|53|41|28|43|56|10|32|48|32|
2011-07-06|6|1_CTs|CT21||93|71|58|56|44|43|16|30|26|24|20|16|21|10|14|11|17|20|25|17|21|29|29|41|43|49|84|116|128|182|237|323|321|388|395|362|319|297|290|280|292|274|258|221|230|201|225|216|247|244|248|239|212|228|195|225|227|240|262|244|251|229|246|238|256|235|236|240|247|274|310|336|304|331|329|361|314|312|267|273|246|247|231|187|143|129|131|123|141|105|118|110|87|85|75|90|
2011-07-06|6|1_CTs|CT22||121|104|78|82|73|50|28|34|33|33|36|15|19|23|29|18|21|24|22|28|30|27|47|58|63|75|86|110|130|154|162|214|230|277|256|308|276|293|258|265|235|239|248|225|248|275|272|269|250|314|280|258|269|251|254|272|279|278|254|278|278|309|273|296|353|311|311|325|318|399|346|357|383|357|332|319|313|367|306|315|262|259|208|198|176|163|147|142|156|156|145|128|128|131|116|115|
2011-07-06|6|1_CTs|CT23||85|70|65|66|34|41|27|27|19|24|31|18|25|15|16|10|8|8|10|21|8|21|32|45|43|46|67|76|120|183|262|312|288|382|388|330|331|333|344|297|292|256|206|243|233|244|209|253|255|243|250|245|233|237|233|208|247|246|300|266|259|264|243|244|258|258|238|281|320|311|335|344|356|384|344|358|369|314|306|281|256|308|271|244|188|175|154|169|134|160|134|115|132|83|100|81|
2011-07-06|6|1_CTs|CT24||93|70|57|47|50|36|37|22|30|26|21|17|27|26|17|15|13|18|11|30|20|16|19|35|45|50|66|76|113|133|163|195|243|232|298|293|322|294|276|281|301|279|259|261|268|265|274|288|281|297|266|249|282|245|198|206|268|264|246|260|281|259|294|276|285|302|329|325|302|377|351|336|361|382|367|375|349|310|310|307|319|231|229|212|166|160|139|117|154|155|119|110|125|110|119|80|
