2012-03-04|6|1_CTs|CT1||0|1|0|1|1|2|1|2|3|1|2|1|1|1|0|2|1|3|0|1|0|0|2|2|0|2|2|1|3|0|1|0|2|0|0|0|2|2|0|1|1|0|2|0|0|1|2|0|4|1|3|3|1|2|1|4|0|2|3|0|1|2|0|2|1|5|3|4|0|1|3|3|0|1|4|1|3|1|2|2|0|1|0|4|2|3|0|0|0|1|0|0|0|0|0|3|
2012-03-04|6|1_CTs|CT3||15|8|7|9|7|1|2|3|10|1|5|2|4|6|4|5|4|8|7|10|14|21|19|25|30|26|29|38|30|27|37|46|42|35|27|30|23|37|22|29|35|34|24|31|29|43|30|41|36|44|39|34|28|32|46|43|22|38|41|28|28|43|35|39|37|47|49|75|47|62|66|67|79|62|43|54|29|38|32|33|45|17|24|28|26|39|29|13|13|19|25|26|21|13|23|11|
2012-03-04|6|1_CTs|CT4||8|4|9|9|4|2|6|6|9|4|2|8|5|3|0|2|2|4|2|0|4|0|2|3|6|0|3|5|2|6|2|2|4|4|4|7|7|7|3|9|11|13|8|15|9|15|14|14|14|22|15|22|28|27|24|18|18|21|19|20|17|25|12|19|20|27|23|26|16|22|27|19|28|21|27|18|19|27|28|21|19|24|23|20|10|9|9|13|13|9|20|13|9|8|6|10|
2012-03-04|6|1_CTs|CT5||24|30|21|24|16|15|22|20|8|24|16|14|13|15|9|12|18|11|9|6|12|8|12|9|5|13|7|10|9|14|11|7|10|10|16|13|20|17|14|14|22|32|23|41|33|31|24|24|22|32|33|35|38|33|30|38|44|38|32|27|29|35|43|48|38|52|46|37|41|53|57|51|52|45|54|50|50|54|58|46|44|40|51|41|37|28|33|21|28|24|34|27|24|27|18|20|
2012-03-04|6|1_CTs|CT6||19|27|26|18|9|16|21|15|20|14|13|9|7|10|6|12|12|10|7|7|7|4|14|15|11|13|10|18|13|9|23|20|14|18|20|15|25|34|35|37|43|44|35|62|60|52|60|61|67|73|79|80|93|80|76|79|79|89|79|80|82|77|85|68|74|89|86|70|78|68|85|104|76|82|86|78|82|81|73|63|76|72|57|53|55|41|39|34|60|39|31|34|23|29|21|19|
2012-03-04|6|1_CTs|CT7||3|5|3|7|2|3|3|0|3|4|0|1|1|2|0|0|3|2|3|2|0|2|1|4|0|2|1|2|4|2|3|7|5|2|8|8|5|6|6|9|8|14|9|10|10|21|15|13|13|13|15|15|18|15|9|14|10|9|9|12|15|18|15|15|13|11|18|20|17|23|19|26|23|22|22|31|25|19|22|19|18|11|11|15|10|11|8|8|6|9|12|7|8|8|5|11|
2012-03-04|6|1_CTs|CT8||61|64|34|41|40|37|31|27|28|26|27|22|17|10|16|10|14|19|12|12|15|7|9|8|17|12|15|15|20|24|27|26|35|25|30|40|44|46|43|51|48|51|64|67|60|76|66|71|80|84|93|78|89|93|75|107|82|93|84|97|103|96|109|93|97|100|113|95|93|127|112|131|132|131|138|152|130|98|137|120|98|84|81|79|75|79|70|58|57|52|58|56|52|48|50|45|
2012-03-04|6|1_CTs|CT9||68|69|53|37|29|38|29|29|25|20|23|21|25|26|15|18|15|7|20|10|18|22|20|17|21|26|37|30|24|31|46|47|42|42|54|60|63|61|63|78|70|86|74|99|68|99|84|103|117|116|107|103|133|134|89|149|114|100|127|124|118|139|140|162|148|192|226|360|356|370|416|400|236|334|287|147|144|125|114|120|119|137|111|93|96|80|81|52|88|62|70|67|56|50|43|41|
2012-03-04|6|1_CTs|CT10||44|40|30|26|21|24|23|20|32|18|10|17|16|10|14|16|11|5|13|4|11|12|16|3|13|17|14|22|25|16|24|28|31|34|29|34|45|42|55|72|59|72|45|35|65|47|44|73|81|73|109|118|120|88|85|79|78|86|84|86|106|90|105|104|87|96|115|122|103|118|62|118|23|110|109|149|118|101|105|99|101|127|95|75|62|51|60|56|5|40|41|33|42|34|28|34|
2012-03-04|6|1_CTs|CT11||40|43|36|33|24|19|22|11|12|18|20|13|16|13|10|8|23|17|12|13|8|10|12|12|18|17|27|20|21|25|35|52|35|35|37|54|50|62|75|81|85|71|100|89|59|85|84|88|84|105|98|116|123|92|89|113|77|100|103|113|106|125|104|124|113|187|179|186|184|173|189|173|137|167|125|121|109|104|109|84|107|109|89|72|57|64|53|53|44|59|56|47|49|36|29|40|
2012-03-04|6|1_CTs|CT12||53|31|38|34|32|20|13|20|24|18|16|14|20|13|16|14|13|17|17|8|12|13|18|12|21|21|20|28|24|21|33|44|30|40|33|42|51|61|57|83|70|84|87|77|72|92|104|87|103|87|106|122|127|94|84|96|94|96|96|98|110|102|102|124|98|114|122|132|109|137|135|133|116|134|118|144|110|124|125|110|95|119|95|81|60|58|54|63|54|48|49|32|43|38|29|31|
2012-03-04|6|1_CTs|CT13||41|45|28|29|21|23|20|20|12|9|11|13|14|20|9|8|8|8|18|8|13|11|8|19|20|25|34|33|22|35|38|45|35|25|57|51|54|47|49|73|58|76|63|80|52|163|79|123|178|110|121|113|141|121|100|125|111|97|102|112|110|96|117|150|106|130|176|296|323|340|372|375|200|270|274|137|101|100|91|99|86|92|89|77|69|60|55|46|58|47|52|38|54|35|35|35|
2012-03-04|6|1_CTs|CT14||27|25|26|21|22|15|11|11|11|9|10|16|13|18|12|12|10|19|7|3|10|13|9|8|10|19|7|17|21|13|24|20|23|24|19|29|26|30|37|31|44|46|40|43|37|57|58|48|55|54|77|75|82|53|55|63|69|54|76|65|70|68|72|80|64|78|77|83|43|70|79|80|65|73|78|97|67|73|69|77|65|64|70|56|52|41|45|44|36|30|32|26|28|27|20|24|
2012-03-04|6|1_CTs|CT15||14|13|11|9|10|7|8|6|6|7|10|9|3|4|4|6|8|5|10|9|6|10|14|13|13|17|12|12|11|17|24|31|20|17|21|24|29|27|32|43|43|51|39|49|50|41|40|61|39|30|41|38|59|45|47|61|40|44|29|51|42|57|46|45|42|53|76|140|179|174|198|192|115|158|140|94|58|61|46|51|60|47|40|46|33|38|30|30|25|21|33|19|26|16|16|18|
2012-03-04|6|1_CTs|CT16||40|54|34|37|23|30|30|18|27|17|13|16|14|16|8|12|23|10|10|10|13|10|11|9|12|15|16|21|22|28|24|35|30|27|32|48|36|48|59|75|84|68|79|77|63|96|112|91|89|94|140|121|132|109|115|105|82|107|94|110|126|127|115|119|95|101|111|134|130|132|135|141|115|118|142|163|157|128|120|104|135|122|107|88|70|58|67|83|46|59|59|55|49|46|34|52|
2012-03-04|6|1_CTs|CT17||18|10|11|12|15|12|8|16|8|10|3|6|7|6|8|10|5|3|12|5|4|8|7|6|8|6|8|8|14|16|12|9|7|9|13|18|25|14|15|20|17|18|19|27|24|39|39|33|33|42|29|33|39|30|22|32|38|31|27|30|44|49|46|45|33|37|30|31|40|44|29|23|20|35|29|31|28|27|23|26|13|29|18|25|23|14|28|20|25|18|18|15|19|25|16|20|
2012-03-04|6|1_CTs|CT18||79|71|55|68|45|44|57|35|26|40|37|37|27|33|23|29|33|33|24|17|21|23|26|25|17|32|26|37|37|33|43|51|34|56|43|59|53|72|66|104|86|88|93|117|102|103|146|169|120|128|156|177|155|162|131|160|149|162|144|161|168|194|174|189|172|182|173|175|181|166|187|196|195|171|190|193|177|180|158|155|143|151|156|113|120|93|112|107|89|79|89|86|74|84|58|63|
2012-03-04|6|1_CTs|CT19||58|37|39|24|24|28|26|30|36|22|17|20|22|19|9|21|11|9|17|14|16|19|11|9|10|12|10|14|17|15|14|10|14|26|12|31|41|28|40|45|46|44|41|47|50|76|75|104|87|73|79|103|115|96|92|73|89|57|68|67|75|94|97|97|73|102|90|95|86|113|126|112|103|103|118|114|135|112|90|105|109|88|69|72|64|53|48|54|53|39|53|41|39|45|30|27|
2012-03-04|6|1_CTs|CT20||27|18|20|17|8|13|14|12|7|6|14|5|12|6|10|15|6|8|4|5|8|16|9|11|15|11|13|14|13|12|21|19|26|17|21|27|29|31|34|52|54|59|49|77|59|61|87|77|70|83|96|87|84|70|79|23|68|93|77|74|83|85|72|85|70|89|73|89|15|74|102|103|102|84|95|58|78|90|61|69|61|56|38|25|55|40|37|39|39|29|29|24|41|18|18|15|
2012-03-04|6|1_CTs|CT21||75|73|50|48|50|48|26|31|23|26|27|20|14|22|22|19|17|17|18|18|24|21|27|25|35|27|41|49|39|46|64|74|61|54|78|62|67|101|89|110|87|122|121|118|114|119|135|135|127|141|146|179|178|148|144|151|148|175|161|179|202|201|181|203|207|200|204|252|282|287|322|315|302|277|268|243|226|255|213|231|196|157|157|131|153|150|133|128|109|127|121|113|120|97|93|70|
2012-03-04|6|1_CTs|CT22||89|100|93|85|60|65|58|51|57|55|58|43|47|52|34|38|35|46|42|37|47|42|58|51|61|72|56|61|70|71|89|84|79|74|93|77|101|92|107|124|126|135|135|165|159|161|143|163|190|170|208|188|180|208|188|168|157|188|180|188|187|213|210|192|237|208|196|248|225|196|209|201|212|233|223|247|203|196|165|188|197|170|152|119|118|128|139|123|115|117|107|100|113|85|90|79|
2012-03-04|6|1_CTs|CT23||56|48|35|41|34|31|25|26|37|39|26|23|15|15|16|13|19|20|21|16|13|13|17|14|26|17|24|25|25|24|32|37|36|36|44|42|47|56|63|51|61|56|67|78|78|79|79|86|84|99|96|96|93|101|93|107|80|89|102|111|101|109|108|108|105|99|114|136|135|148|162|159|142|175|131|141|134|104|81|122|97|84|75|74|70|60|75|60|62|54|67|48|53|39|37|36|
2012-03-04|6|1_CTs|CT24||79|83|76|70|47|55|46|53|43|38|35|47|36|39|37|26|31|27|41|26|34|25|39|41|32|44|40|47|52|40|56|66|50|58|63|40|70|79|78|80|78|88|82|103|101|100|129|118|131|145|146|169|165|137|128|127|127|150|115|152|166|131|166|164|180|164|202|229|164|160|189|192|186|172|180|188|170|171|180|176|182|128|110|101|108|96|96|105|106|96|100|76|70|73|72|66|
