2016-11-01|3|1_CTs|ct1||377|145|89|112|73|74|82|70|50|70|55|307|58|54|51|49|49|292|49|523|43|97|230|36|296|47|47|54|48|63|64|335|53|89|108|344|86|96|103|117|101|363|112|116|358|372|114|131|134|395|136|383|139|652|138|132|131|127|402|410|132|150|161|153|425|153|381|168|666|416|137|140|398|405|126|404|146|910|648|108|112|370|346|91|96|73|74|336|82|358|80|46|78|589|323|77|
2016-11-01|3|1_CTs|ct3||409|177|132|152|359|103|117|98|73|93|322|73|77|72|91|66|72|41|329|53|63|59|314|72|59|68|58|73|74|82|335|340|68|88|81|97|105|98|110|118|123|158|123|134|174|159|366|164|145|162|142|167|925|154|170|146|396|129|686|173|152|170|167|447|186|424|427|436|161|141|149|154|151|371|126|155|402|132|398|129|123|637|110|364|87|76|75|379|112|365|115|61|346|620|54|61|
2016-11-01|3|1_CTs|ct5||405|126|141|636|120|123|418|399|98|97|84|76|46|64|58|56|47|317|49|40|294|40|31|36|31|309|33|38|52|47|83|88|82|97|100|105|146|331|125|134|632|163|142|410|169|161|670|426|202|448|201|432|168|179|167|198|185|174|154|180|167|205|202|488|208|231|222|215|229|243|197|213|231|732|183|215|418|171|411|159|381|133|119|125|87|72|89|86|113|649|122|117|146|133|125|350|
2016-11-01|3|1_CTs|ct6||18|16|11|268|10|5|11|7|7|1|8|6|6|4|8|6|9|7|6|3|3|5|8|6|6|4|8|13|10|9|8|10|8|11|12|5|13|9|12|270|14|14|27|20|530|24|14|22|26|20|24|27|22|29|20|26|20|18|28|37|28|18|39|272|33|289|27|33|291|33|21|42|36|24|26|39|30|20|16|22|24|18|19|14|13|15|15|11|11|16|14|12|14|11|8|15|
2016-11-01|3|1_CTs|ct7||129|121|130|382|241|265|158|130|122|107|111|94|100|104|90|82|80|569|72|89|83|73|68|77|289|60|64|57|58|53|53|50|63|51|64|71|92|82|94|334|90|115|363|102|104|119|119|113|385|124|360|115|126|373|131|401|116|127|380|121|128|422|121|157|145|152|158|167|164|150|158|150|430|169|138|143|380|639|384|106|109|99|344|351|89|72|334|78|89|355|95|352|116|91|85|80|
2016-11-01|3|1_CTs|ct8||74|316|73|301|203|192|85|64|62|307|58|302|49|55|45|35|34|42|33|38|37|30|36|26|36|33|38|27|33|23|28|31|37|27|44|52|60|49|58|305|50|80|70|76|67|70|77|72|87|332|78|69|73|79|76|91|79|88|79|78|88|345|87|110|86|107|105|110|102|101|114|74|359|94|68|74|77|65|332|67|303|49|53|323|46|35|47|41|46|316|55|54|66|55|311|39|
2016-11-01|3|1_CTs|ct9||123|136|394|358|137|372|92|115|107|101|144|98|68|86|350|86|85|318|63|309|319|46|63|58|44|63|54|69|75|78|96|92|87|78|67|90|341|610|102|111|110|115|106|124|448|350|398|209|201|177|208|189|681|134|149|162|155|209|133|162|142|412|658|554|979|259|485|466|471|159|192|190|423|432|631|153|109|137|405|123|117|135|86|342|330|55|325|91|106|350|89|82|97|70|72|326|
2016-11-01|3|1_CTs|ct10||105|99|105|119|97|125|87|101|91|106|99|126|107|92|112|106|116|92|79|119|97|76|67|59|64|74|74|54|55|60|48|46|40|30|44|57|42|41|56|71|67|70|79|87|79|75|79|90|99|98|89|93|98|93|102|97|100|74|89|106|105|100|118|107|151|127|115|141|139|127|139|131|130|160|141|127|90|91|91|95|89|90|91|64|84|51|60|72|65|80|79|85|56|74|64|43|
2016-11-01|3|1_CTs|ct13||241|225|196|207|451|213|196|428|170|451|181|196|163|142|172|158|177|149|164|181|175|396|156|139|388|172|155|360|144|149|146|489|1371|145|164|160|436|424|408|323|752|180|188|518|508|659|700|500|290|487|222|451|490|546|457|230|239|219|462|502|206|222|202|285|263|272|240|285|332|276|518|295|277|507|510|254|228|426|453|184|437|417|464|400|156|401|211|161|179|665|284|195|202|182|182|120|
2016-11-01|3|1_CTs|CT16||149|113|165|126|142|85|109|109|118|92|390|341|97|99|98|87|68|88|69|64|62|324|100|72|59|84|65|101|82|61|76|66|99|90|70|347|77|78|109|364|411|370|131|161|146|119|463|396|181|189|169|152|425|119|184|418|141|138|401|180|421|220|215|186|187|197|416|483|216|202|208|489|249|242|168|149|137|175|128|139|149|147|108|85|124|62|74|110|101|405|95|308|503|102|101|73|
2016-11-01|3|1_CTs|ct19||0|0|0|1|0|0|0|0|0|0|0|0|0|0|0|0|0|0|0|0|0|0|0|0|0|0|0|0|0|0|0|0|0|0|0|0|0|0|0|0|0|0|0|0|0|0|0|0|0|0|0|0|0|0|0|0|0|0|0|0|0|0|0|0|0|0|0|0|0|0|0|0|0|0|0|0|0|0|1|0|0|0|0|0|0|0|0|0|0|0|0|0|0|0|0|0|
2016-11-01|3|1_CTs|ct20||0|0|0|1|0|0|0|0|0|0|0|0|0|0|0|0|0|0|0|0|0|0|0|0|0|0|0|0|0|0|0|0|0|0|0|0|0|0|0|0|0|0|0|0|0|0|0|0|0|0|0|0|0|0|0|0|0|0|0|0|0|0|0|0|0|0|0|0|0|0|0|0|0|0|0|0|0|0|1|0|0|0|0|0|0|0|0|0|0|0|0|0|0|0|0|0|
2016-11-01|3|1_CTs|ct22||5|4|6|3|9|259|1|7|4|261|2|6|5|1|3|0|1|4|2|2|2|2|2|2|1|3|0|1|1|0|3|2|3|6|3|6|4|7|4|6|7|6|6|6|12|6|7|6|5|264|11|6|6|7|7|9|7|4|8|9|7|4|9|13|10|10|7|12|11|11|9|10|9|9|12|11|8|7|7|263|11|5|5|10|20|16|0|5|10|5|6|7|9|24|9|9|
2016-11-01|3|1_CTs|CT23||472|485|128|544|292|582|695|1269|797|1024|823|231|185|838|1004|1286|1733|2555|1428|1909|1222|589|694|803|1362|3023|1186|1545|1663|4301|5289|602|4475|3238|798|51|42|41|56|52|48|64|581|1127|865|789|1059|1089|1777|1816|1172|230|1326|2148|2000|1885|2158|1545|2406|2412|1852|2393|1838|2417|1799|1997|2500|2508|2194|2232|733|187|375|294|258|179|214|887|797|472|236|244|1451|1499|1257|612|713|431|1154|258|1127|204|426|436|605|730|
2016-11-01|3|1_CTs|ct24||130|136|110|98|547|63|46|295|48|37|29|26|26|277|27|24|20|34|284|13|22|32|36|42|54|66|93|97|112|143|179|429|338|113|414|138|146|168|182|241|715|231|252|225|496|249|555|278|252|290|266|291|818|302|300|271|246|285|555|346|837|358|613|0|0|0|0|0|0|0|0|0|0|0|0|0|0|0|0|0|0|0|0|0|0|0|0|0|0|0|0|0|0|0|0|0|
