2015-10-06|3|1_CTs|ct1||33|28|30|34|17|12|11|7|7|3|4|2|9|260|0|3|4|5|5|3|260|10|16|14|269|20|279|296|311|82|392|187|136|135|162|231|244|241|227|476|204|708|465|421|179|148|175|403|185|177|173|440|456|418|164|138|169|206|196|489|223|460|189|195|171|471|182|204|227|221|480|212|473|221|217|213|186|445|173|685|407|171|385|145|364|92|84|340|340|83|329|72|57|312|44|56|
2015-10-06|3|1_CTs|ct3||50|35|50|41|282|13|23|25|18|17|3|5|12|10|4|5|255|22|7|8|20|24|282|27|42|35|60|92|330|373|410|948|415|155|204|254|767|248|259|246|226|751|769|498|482|226|232|234|482|220|225|208|236|228|203|203|994|507|482|267|493|238|234|225|221|234|972|200|179|431|205|438|176|426|188|189|398|660|431|194|424|194|144|190|153|370|349|103|95|98|102|602|64|318|75|79|
2015-10-06|3|1_CTs|ct5||70|334|56|64|35|41|25|32|279|16|268|18|12|10|16|9|268|23|19|10|8|9|16|14|26|32|26|34|55|78|114|163|185|465|232|519|752|725|239|227|435|452|331|559|172|201|198|218|484|217|492|991|212|492|455|196|187|214|247|213|221|485|244|1007|267|278|263|280|321|543|319|308|572|312|300|296|530|759|286|283|748|303|234|453|203|153|140|150|666|171|405|138|167|119|119|144|
2015-10-06|3|1_CTs|ct6||5|8|3|4|3|2|2|2|1|1|2|0|1|0|4|2|2|0|2|1|5|2|3|1|8|8|16|18|20|23|34|54|59|73|74|71|83|90|333|88|79|332|61|304|45|53|57|60|57|41|47|299|301|46|65|556|43|57|68|534|78|62|48|54|52|62|51|65|70|63|68|77|82|66|62|71|63|60|331|86|61|43|49|38|263|30|29|14|19|25|20|15|20|23|266|19|
2015-10-06|3|1_CTs|ct7||85|102|579|55|295|35|40|38|37|28|21|18|20|18|24|28|26|25|15|15|11|17|25|279|295|42|36|43|62|51|332|95|116|644|391|146|390|153|161|158|394|143|915|148|409|171|442|163|185|169|443|443|189|625|431|409|161|159|158|180|444|194|191|183|188|172|607|64|62|58|66|553|67|56|321|56|76|55|0|0|0|0|0|0|0|0|0|0|0|0|0|0|0|0|0|0|
2015-10-06|3|1_CTs|ct8||53|49|31|31|278|13|21|28|15|11|8|11|11|17|11|9|12|10|11|8|5|8|7|270|284|28|22|28|39|29|292|49|66|338|78|76|341|105|105|102|340|96|616|105|111|116|369|110|128|129|375|126|123|92|362|360|103|98|358|127|134|139|136|130|134|124|384|136|639|370|386|153|138|138|145|381|127|127|120|110|359|70|83|340|84|101|91|76|75|85|67|66|72|70|293|54|
2015-10-06|3|1_CTs|ct9||78|71|74|46|293|297|48|49|39|34|25|23|40|28|33|26|33|27|15|284|21|25|27|31|36|39|39|53|61|111|140|215|295|560|560|562|323|591|522|508|603|188|667|426|272|182|214|227|422|159|189|430|168|662|405|157|289|393|190|433|184|180|205|434|208|202|242|511|535|431|374|691|496|225|902|362|452|633|208|717|215|167|146|140|138|101|119|92|103|106|356|90|84|339|322|79|
2015-10-06|3|1_CTs|ct10||62|45|33|51|33|27|26|32|19|16|20|23|13|13|8|12|12|13|14|10|16|13|15|25|16|15|25|36|29|53|71|111|140|139|173|149|169|158|161|133|142|126|131|112|116|131|131|133|141|135|140|144|137|142|164|145|142|155|143|146|131|131|135|142|139|129|137|144|156|142|170|164|157|151|153|143|149|146|139|148|134|126|119|135|107|112|94|80|100|89|87|86|76|105|82|97|
2015-10-06|3|1_CTs|ct13||136|147|365|122|80|328|58|84|322|31|46|295|28|50|34|30|49|60|60|28|44|28|60|66|325|86|84|140|140|148|433|726|248|464|527|336|827|238|218|590|500|1028|219|762|261|552|283|448|298|468|409|492|1103|290|1042|1143|1801|553|542|790|549|795|329|439|204|752|509|260|964|440|256|762|515|229|190|203|271|475|508|310|1050|287|803|1540|822|244|236|627|2407|231|402|804|942|295|282|582|
2015-10-06|3|1_CTs|ct14||35|291|24|17|16|7|7|14|8|6|4|6|8|7|4|6|4|3|7|12|12|18|17|19|23|44|57|141|960|293|607|221|468|202|262|257|271|253|523|1044|498|732|482|964|446|445|172|433|429|701|442|426|437|180|158|188|227|201|214|196|178|458|174|463|176|456|173|180|162|215|774|491|772|233|460|744|183|717|202|720|692|419|131|139|118|108|95|343|89|81|87|77|321|64|60|49|
2015-10-06|3|1_CTs|CT16||59|72|60|35|42|304|30|17|33|27|27|25|23|24|14|18|25|12|9|18|9|17|15|28|26|27|33|38|309|70|359|412|128|140|188|209|427|187|206|193|170|145|179|405|432|432|118|180|199|151|187|167|154|151|149|153|237|351|135|150|150|205|173|183|187|170|207|492|476|246|1011|444|263|282|243|228|199|714|233|451|234|174|117|378|155|91|103|341|364|115|95|100|93|81|98|78|
2015-10-06|3|1_CTs|ct18||70|62|50|57|43|48|31|28|24|19|22|25|18|16|10|16|16|12|14|15|23|22|32|31|31|27|41|63|69|85|135|177|190|257|249|280|218|258|266|210|225|209|199|180|197|216|180|168|160|169|176|164|172|149|200|180|204|200|193|203|223|191|199|184|191|182|211|192|198|157|226|207|194|168|249|186|207|185|168|189|166|142|112|159|143|130|116|108|140|118|126|124|110|111|104|115|
2015-10-06|3|1_CTs|ct19||1|2|0|1|0|0|0|1|0|0|0|0|0|0|0|0|0|0|0|0|0|0|2|1|3|7|5|3|13|12|6|5|8|7|10|5|10|7|7|7|6|6|5|2|9|6|6|7|6|5|8|11|4|8|4|8|8|5|4|5|3|11|4|6|5|7|3|5|5|8|1|7|10|7|5|6|3|6|7|4|5|6|3|3|4|2|9|3|1|1|0|1|0|3|0|1|
2015-10-06|3|1_CTs|ct22||4|8|2|3|2|1|0|2|3|0|0|0|4|0|2|1|0|4|0|1|1|1|0|0|1|4|3|7|4|7|16|264|16|16|17|10|14|24|21|24|27|268|25|19|22|18|17|14|17|22|25|30|17|15|9|14|284|17|28|538|17|26|33|23|28|33|36|50|294|56|45|47|63|53|318|68|29|307|280|32|43|35|15|17|13|9|9|9|15|10|4|9|266|4|1|2|
2015-10-06|3|1_CTs|CT23||95|81|71|74|40|35|35|15|269|15|23|8|21|12|13|19|247|8|19|12|9|16|13|16|21|21|17|562|66|94|481|813|539|324|599|423|427|344|573|583|295|548|761|1031|491|482|259|292|579|576|368|351|618|553|296|298|807|335|341|336|320|348|391|334|317|434|415|475|529|818|815|837|1131|658|863|845|836|1571|521|523|917|477|601|348|290|501|455|729|492|205|436|174|198|144|627|376|
2015-10-06|3|1_CTs|ct24||652|466|249|66|67|295|34|50|27|25|27|20|22|32|27|20|28|32|38|52|48|84|93|111|123|201|321|556|922|710|746|1586|1555|861|1021|860|987|1003|941|991|928|1133|1403|1396|1134|1056|1099|810|1011|2118|1074|1353|1035|783|736|1070|1037|1145|871|1116|820|808|851|1093|804|837|1559|1304|853|859|1380|1213|874|840|1125|779|1032|1316|1072|997|958|638|571|488|416|434|628|609|572|306|590|269|520|298|232|745|
