2012-04-07|3|1_CTs|ct1||63|62|45|40|34|22|25|27|16|17|14|9|17|14|9|7|8|10|7|8|10|6|11|10|12|13|18|15|18|27|25|36|35|37|43|38|36|55|71|80|65|76|81|97|93|96|122|119|103|98|98|99|104|101|104|106|84|116|98|115|106|115|132|118|129|113|124|100|104|117|98|97|102|89|88|81|104|83|98|88|100|106|79|70|73|69|71|65|57|55|58|81|73|90|77|95|
2012-04-07|3|1_CTs|ct3||179|205|118|122|105|87|74|67|57|49|53|34|47|44|35|36|23|36|27|24|45|35|47|49|64|64|75|63|72|74|74|103|80|109|138|111|116|140|190|190|147|219|239|240|232|222|265|298|302|238|252|286|234|246|213|240|213|249|245|247|293|294|312|299|333|310|277|263|250|269|237|282|250|270|259|226|204|253|256|278|246|262|243|215|231|208|244|204|158|169|193|205|204|199|220|261|
2012-04-07|3|1_CTs|ct5||178|128|73|73|69|76|66|69|57|60|87|54|57|39|46|43|44|35|42|47|22|46|31|38|43|41|51|59|54|57|60|84|76|69|81|94|100|122|112|139|127|144|129|153|163|167|166|165|161|179|165|165|164|131|157|131|150|140|175|126|141|162|204|164|172|173|175|197|205|184|186|182|170|184|221|190|208|199|165|204|188|175|173|155|143|177|162|127|137|110|166|142|198|180|113|158|
2012-04-07|3|1_CTs|ct6||112|71|69|65|66|63|57|54|55|48|33|34|33|45|42|28|22|23|25|32|24|16|21|14|16|21|21|26|28|26|22|27|46|67|61|58|87|64|96|93|118|94|108|123|117|113|109|135|126|136|164|162|139|144|149|113|91|108|117|118|133|137|135|146|169|148|157|142|151|139|122|136|135|137|143|107|145|183|142|141|157|145|114|91|86|77|62|49|63|63|101|70|83|83|95|117|
2012-04-07|3|1_CTs|ct7||137|93|101|96|84|69|85|76|101|78|60|51|58|67|56|45|39|44|39|28|52|30|30|28|27|33|38|32|35|36|28|38|41|54|48|52|59|58|74|67|70|73|113|112|113|91|120|131|118|121|181|139|173|133|131|134|103|126|126|126|116|152|152|160|192|161|188|150|175|171|151|156|195|183|170|168|192|220|148|151|158|166|123|100|103|89|91|81|78|107|106|99|109|112|118|187|
2012-04-07|3|1_CTs|ct9||83|79|90|85|90|85|59|85|58|62|54|59|48|46|49|70|55|66|45|46|21|19|32|23|28|31|23|28|27|30|33|42|38|56|56|47|49|62|82|65|75|69|77|85|97|85|78|87|95|114|99|95|93|105|88|92|88|82|86|96|100|109|83|90|111|107|98|93|94|93|93|99|90|83|80|91|92|90|95|101|96|100|99|87|60|67|59|75|61|61|82|92|74|96|95|101|
2012-04-07|3|1_CTs|ct10||67|71|49|56|50|74|50|58|59|57|72|49|64|52|75|66|54|61|62|41|50|46|36|31|46|37|34|38|41|21|29|30|34|24|24|29|44|42|36|47|57|43|49|58|56|55|65|53|75|68|72|78|58|58|55|56|57|60|61|55|65|82|61|73|87|92|79|77|86|90|91|80|86|101|91|89|83|86|77|85|76|80|84|69|59|65|71|49|47|57|87|63|70|77|64|72|
2012-04-07|3|1_CTs|CT11||35|24|38|13|22|28|21|15|22|16|16|17|19|28|17|21|14|15|16|24|20|9|27|25|22|18|22|21|25|19|12|9|19|22|28|25|18|17|27|28|29|36|31|29|39|38|27|31|26|41|45|35|38|33|29|23|28|32|30|30|38|37|31|36|40|33|36|29|34|29|21|34|31|29|34|36|25|31|39|27|32|26|28|28|30|38|26|21|30|18|34|24|28|36|27|33|
2012-04-07|3|1_CTs|CT12||30|36|22|37|26|31|20|33|27|36|30|24|36|28|44|28|23|41|35|28|28|25|33|19|33|19|18|24|23|14|19|15|19|13|13|15|23|23|15|24|19|24|18|22|22|23|21|19|17|18|19|20|12|16|20|17|17|15|20|18|16|17|14|22|25|28|23|20|20|21|20|17|22|23|28|30|17|21|25|29|25|21|35|24|31|32|31|20|25|35|38|22|31|28|33|31|
2012-04-07|3|1_CTs|ct14||0|0|0|0|0|0|0|0|0|0|0|0|0|0|0|0|0|0|0|0|0|0|0|0|0|0|0|0|0|0|0|0|0|0|0|0|0|0|0|0|0|0|0|0|0|0|0|0|0|0|0|0|0|0|0|0|0|0|0|0|0|0|0|0|0|0|0|0|0|1|0|0|0|0|0|0|0|0|0|0|0|0|0|0|0|0|0|0|0|0|0|0|0|0|0|0|
2012-04-07|3|1_CTs|CT16||43|56|57|59|53|35|32|29|26|32|38|23|39|27|35|33|35|15|18|24|29|15|27|16|17|31|17|24|22|20|17|18|23|23|24|30|33|15|34|32|39|38|28|43|44|37|48|43|33|60|55|62|41|64|54|27|45|44|73|33|47|48|43|69|79|87|67|123|67|71|65|52|53|56|91|71|77|56|61|58|63|68|55|56|56|35|31|31|37|66|45|41|32|54|45|55|
2012-04-07|3|1_CTs|ct17||52|69|54|62|41|60|33|52|38|40|55|43|41|34|36|30|30|25|40|30|29|23|35|24|27|33|34|31|42|38|38|37|33|27|46|64|58|61|70|77|78|68|98|109|122|115|136|110|127|139|132|111|105|117|104|98|108|83|116|105|102|111|132|149|135|179|133|140|127|141|140|144|133|153|146|142|139|131|120|137|140|123|110|109|84|76|79|78|77|101|89|78|84|97|77|76|
2012-04-07|3|1_CTs|ct18||97|112|85|85|76|97|74|74|65|78|87|75|74|67|95|85|71|68|73|58|61|56|59|47|48|47|42|55|56|36|48|52|44|37|45|62|69|59|67|82|89|78|78|84|96|91|120|87|108|127|118|108|102|94|98|83|87|83|103|89|104|120|118|126|137|148|135|134|117|121|142|134|123|151|153|142|146|119|121|144|126|126|119|121|105|86|94|90|70|99|113|100|114|119|97|98|
2012-04-07|3|1_CTs|ct19||0|0|0|0|0|0|1|0|0|0|1|0|0|0|0|0|1|0|0|0|0|1|2|2|0|5|2|4|1|3|2|2|8|2|3|8|5|1|2|2|7|7|3|5|6|10|3|3|5|5|4|6|4|2|3|5|3|3|3|0|1|4|3|3|6|4|3|1|5|4|4|2|4|2|8|11|4|6|2|0|2|6|3|3|1|5|0|2|0|1|0|1|0|1|1|1|
2012-04-07|3|1_CTs|ct20||107|88|91|63|62|69|62|57|58|51|48|39|43|36|35|38|25|32|29|38|29|28|32|27|28|25|25|28|31|43|46|48|43|41|68|55|56|70|78|96|82|101|106|100|110|115|134|143|124|135|145|149|139|139|136|134|120|127|129|150|122|149|162|130|162|152|158|143|167|150|148|154|127|119|150|147|124|132|135|141|147|149|131|136|111|109|121|85|91|97|108|111|105|113|92|122|
2012-04-07|3|1_CTs|ct22||6|4|3|3|4|3|4|3|0|5|1|0|0|2|1|3|3|1|1|3|1|2|3|2|2|0|2|4|4|3|2|0|2|1|3|3|5|2|1|4|6|6|5|9|3|8|5|6|10|6|10|9|3|6|7|8|11|4|8|7|6|3|7|6|6|5|8|7|10|2|6|5|3|5|7|5|13|8|6|11|12|6|4|6|6|5|4|3|5|1|1|2|3|16|6|3|
2012-04-07|3|1_CTs|CT23||77|77|54|36|37|42|30|41|22|28|32|15|32|20|22|11|16|13|20|4|16|17|9|17|18|14|9|28|31|33|41|33|35|49|35|54|52|51|82|80|74|82|60|100|124|128|105|134|135|105|144|136|161|157|122|136|112|132|97|107|140|154|129|119|147|144|160|131|126|157|136|141|128|143|111|142|134|157|116|96|116|100|96|72|92|83|81|75|78|77|72|79|91|68|84|87|
2012-04-07|3|1_CTs|ct24||211|219|167|135|112|128|88|82|77|69|57|63|53|54|41|35|39|47|53|60|52|48|70|75|86|90|128|157|159|193|222|282|187|215|275|303|280|348|388|435|363|410|400|456|430|428|457|436|460|447|479|478|407|416|425|402|437|418|477|518|564|586|597|549|534|542|538|544|520|492|518|524|533|526|531|538|481|519|516|573|519|503|483|482|395|350|312|302|264|282|326|320|314|348|259|274|
