2011-10-14|22|1_CTs|CT1||23|16|20|10|9|9|9|6|7|3|5|6|7|8|4|4|2|7|8|6|11|11|9|19|22|23|26|42|53|70|105|165|205|196|174|181|143|149|142|108|88|91|81|76|83|66|74|68|80|118|85|104|85|86|79|76|85|80|85|74|63|78|70|66|80|99|102|94|110|117|121|100|151|173|117|93|80|76|85|75|69|96|123|121|39|46|36|39|34|44|24|21|27|27|24|17|
2011-10-14|22|1_CTs|CT2||17|14|8|8|7|8|5|8|4|6|1|2|5|4|4|2|1|6|5|5|9|6|12|10|14|19|16|19|21|37|75|60|72|84|68|67|71|70|62|59|47|50|35|46|51|41|41|46|47|61|43|56|39|46|31|47|46|43|52|50|52|30|43|43|45|45|64|57|56|49|49|45|68|67|58|52|33|36|40|53|33|33|76|59|34|32|25|28|21|26|17|18|20|18|13|19|
2011-10-14|22|1_CTs|CT3||74|57|50|38|30|27|26|23|14|22|10|9|15|10|16|16|15|21|17|23|28|23|30|40|35|48|50|76|103|138|258|318|325|394|370|337|348|320|308|278|225|198|210|186|216|185|216|253|251|285|234|262|225|205|200|205|198|202|219|230|232|227|250|259|239|243|276|267|284|286|291|333|335|354|367|337|263|243|234|236|213|264|356|315|187|144|124|138|107|127|101|96|109|86|75|81|
2011-10-14|22|1_CTs|CT4||49|42|36|28|23|18|22|23|11|20|9|9|16|18|16|17|15|20|7|11|19|21|22|32|36|30|34|52|65|72|125|184|176|203|209|221|225|217|195|189|172|166|165|175|144|163|142|147|160|147|171|153|173|161|143|118|153|160|157|143|152|176|192|177|191|212|223|221|228|233|243|261|253|266|288|292|265|277|280|280|242|243|182|135|115|84|99|76|92|99|100|71|61|49|44|57|
2011-10-14|22|1_CTs|CT5||39|43|32|31|26|25|18|18|12|19|10|9|10|13|15|13|13|13|13|17|18|17|17|26|39|27|39|63|73|93|137|204|265|245|278|255|88|268|221|207|162|172|158|160|176|175|151|178|163|190|178|192|191|203|155|163|165|175|168|192|179|210|230|193|214|244|272|270|269|323|302|326|234|263|335|364|288|315|309|292|288|226|225|166|145|111|86|89|87|103|78|75|72|58|53|67|
2011-10-14|22|1_CTs|CT6||21|38|21|21|24|17|15|15|7|12|6|7|3|6|10|11|8|7|7|16|13|14|14|13|18|26|19|33|40|39|60|62|93|94|97|114|128|115|108|119|91|110|112|97|99|107|79|107|106|125|94|105|105|110|111|105|114|122|107|112|113|138|129|130|137|174|134|164|146|186|191|214|214|224|215|260|214|261|233|204|198|182|142|104|87|74|82|58|57|64|77|62|66|42|37|51|
2011-10-14|22|1_CTs|CT7||4|9|5|6|1|3|4|2|2|1|2|1|0|1|0|0|0|5|1|0|1|1|2|2|5|11|1|9|12|12|17|20|35|36|43|35|14|46|37|19|24|24|20|18|22|35|23|22|29|23|22|24|25|23|28|17|22|18|38|24|19|27|22|20|23|20|30|24|32|29|40|39|29|17|23|31|25|28|24|17|16|18|18|17|15|20|11|12|13|6|7|9|6|5|3|11|
2011-10-14|22|1_CTs|CT8||5|6|8|4|3|5|3|0|3|7|2|1|0|3|2|0|2|5|1|1|0|1|2|2|0|4|2|7|6|11|13|23|38|43|47|42|38|52|31|33|24|32|27|21|42|35|36|31|28|41|33|40|31|22|39|30|37|32|18|36|36|42|28|38|38|26|44|45|50|36|38|84|58|53|63|64|43|54|48|42|46|41|34|29|30|30|17|19|14|18|10|11|16|8|5|10|
2011-10-14|22|1_CTs|CT9||22|34|23|23|22|13|15|11|9|9|10|7|9|7|7|4|7|11|11|19|22|17|17|37|36|45|79|87|104|153|291|367|358|325|350|316|317|300|296|243|216|175|169|171|175|173|182|207|223|232|187|203|206|180|173|169|154|198|202|186|187|200|217|189|183|206|226|176|186|233|174|180|182|194|150|156|146|143|144|132|167|219|212|194|155|116|106|84|86|82|82|57|52|55|58|58|
2011-10-14|22|1_CTs|CT10||0|1|0|0|0|0|0|2|0|0|0|1|0|3|1|0|1|0|2|3|5|2|2|9|7|18|6|7|4|6|8|11|37|12|25|12|13|12|6|6|5|5|1|6|2|8|7|12|5|7|4|9|8|8|8|4|6|4|9|8|11|8|11|10|9|13|8|2|7|6|9|2|4|11|4|4|2|5|2|8|3|5|5|0|7|0|2|20|1|2|3|17|9|1|4|3|
