2016-06-19|6|1_CTs|CT1||2|6|0|4|1|0|2|2|1|0|0|2|0|0|0|0|0|1|0|0|1|0|1|1|0|1|1|2|0|1|0|0|1|3|1|2|3|4|0|5|2|3|4|260|8|3|3|2|1|2|2|1|2|1|6|1|3|3|245|3|3|7|6|4|7|6|6|1|4|8|4|4|4|7|3|7|5|4|5|4|4|2|5|9|3|3|3|3|2|4|8|7|2|0|3|1|
2016-06-19|6|1_CTs|CT3||19|250|6|15|10|6|3|3|7|4|7|3|1|6|4|12|8|17|10|17|18|22|22|25|23|31|20|26|30|32|35|41|45|52|53|38|31|490|38|40|47|42|36|46|37|45|255|40|39|307|270|55|43|35|277|35|44|42|27|36|290|32|37|287|34|43|61|48|44|66|64|280|61|55|46|49|29|40|42|46|37|35|36|36|29|36|23|244|25|35|28|23|20|23|22|21|
2016-06-19|6|1_CTs|CT4||11|8|10|8|5|4|6|3|7|7|5|4|2|1|3|3|4|2|1|5|1|3|1|0|2|2|1|0|3|2|3|5|5|3|4|3|8|7|7|260|5|5|13|7|8|14|8|10|10|12|16|18|12|13|11|15|13|16|18|16|12|11|14|6|11|15|19|17|20|15|19|20|14|23|21|11|8|26|21|24|21|25|28|12|14|12|15|7|14|11|8|13|14|11|6|9|
2016-06-19|6|1_CTs|CT5||33|37|24|23|15|15|15|8|23|15|14|5|12|11|14|14|14|10|6|6|10|6|4|9|2|5|8|5|5|11|5|16|10|16|9|17|22|13|20|25|24|18|26|285|36|32|42|32|301|42|42|42|55|31|33|293|29|44|38|39|37|43|42|41|46|47|56|42|51|42|48|49|50|42|49|50|55|49|311|47|42|285|48|35|30|36|32|296|25|26|22|26|18|23|25|27|
2016-06-19|6|1_CTs|CT6||29|32|30|19|15|12|15|7|6|7|4|6|9|8|14|11|8|6|8|3|5|14|19|17|8|6|9|23|20|9|22|18|26|22|30|27|27|28|41|36|41|61|47|53|59|53|67|48|71|83|303|84|89|78|60|68|71|54|330|57|53|69|64|54|62|67|67|63|77|323|82|95|72|71|75|81|77|111|111|85|73|72|69|63|341|82|61|58|69|525|47|39|49|292|32|29|
2016-06-19|6|1_CTs|CT7||10|250|4|5|6|2|3|4|2|4|4|3|1|1|2|1|0|4|260|3|4|1|1|2|2|1|5|5|4|11|5|11|6|11|14|8|9|13|9|13|11|22|10|10|17|14|14|15|11|14|24|18|16|17|23|13|267|16|9|17|20|9|12|22|18|17|17|24|28|25|37|13|19|24|16|22|12|24|25|20|8|19|21|20|11|11|14|8|13|8|89|182|12|9|13|8|
2016-06-19|6|1_CTs|CT8||54|289|44|42|35|32|29|250|24|19|21|220|12|279|11|12|24|15|8|7|8|13|20|18|13|11|13|28|19|32|43|36|36|44|47|45|44|59|51|68|270|70|74|70|66|74|72|90|95|86|76|94|86|83|77|301|281|72|332|87|95|96|106|325|87|84|69|101|92|84|350|94|106|115|114|131|322|121|113|100|112|349|86|323|73|343|79|311|73|73|285|61|69|50|311|51|
2016-06-19|6|1_CTs|CT10||306|44|53|33|20|14|20|18|19|11|14|8|11|11|14|6|11|14|10|14|7|8|13|11|16|277|17|15|20|18|24|18|36|35|39|27|34|31|34|61|47|50|53|48|56|85|88|91|54|105|371|354|121|77|70|318|333|47|87|83|74|91|310|93|598|90|359|77|87|362|96|112|78|73|99|91|84|72|322|60|24|94|99|79|82|67|311|300|57|319|149|200|57|35|282|38|
2016-06-19|6|1_CTs|CT11||68|58|41|29|37|27|25|30|21|7|10|10|11|252|9|12|10|6|3|9|6|8|8|22|7|275|23|24|20|45|33|39|294|52|43|72|54|72|71|352|74|101|109|96|110|92|329|76|96|102|87|113|121|108|93|334|76|124|104|92|96|365|106|350|357|385|110|115|125|121|403|643|120|396|129|145|384|155|122|369|135|137|124|376|353|87|95|318|85|69|75|70|56|800|45|42|
2016-06-19|6|1_CTs|CT12||81|56|69|54|38|22|26|29|26|15|15|13|17|18|18|8|15|265|14|12|8|11|15|13|15|21|20|14|31|39|34|42|49|56|48|298|49|57|318|84|59|77|342|339|347|92|87|354|334|107|119|631|134|109|100|79|75|89|95|82|92|358|93|616|99|102|615|378|95|125|125|139|109|116|116|121|115|125|129|341|113|121|106|124|108|83|92|83|76|305|78|65|61|46|44|48|
2016-06-19|6|1_CTs|CT15||28|46|33|21|28|19|274|14|24|14|19|10|8|9|13|14|15|266|11|18|22|19|23|25|21|21|31|35|37|41|42|70|61|80|59|54|51|323|73|65|84|80|72|67|72|85|69|81|337|95|80|75|85|88|87|80|74|70|55|83|79|74|75|86|93|343|89|104|99|116|104|90|365|98|101|108|99|90|87|91|83|91|89|328|288|65|66|67|61|293|64|47|60|50|35|49|
2016-06-19|6|1_CTs|CT16||76|63|48|42|31|29|32|262|22|12|12|12|10|12|20|11|8|17|9|15|14|9|9|20|10|18|26|23|24|34|31|294|37|53|285|317|52|58|60|93|77|94|81|67|339|92|97|95|88|112|377|617|144|114|104|101|342|100|110|101|111|104|114|130|127|128|139|118|147|136|148|123|140|133|135|148|120|135|136|122|139|137|166|138|364|91|105|337|340|81|77|71|72|63|55|42|
2016-06-19|6|1_CTs|CT17||68|51|74|62|45|26|30|283|35|22|21|17|18|14|18|12|12|7|8|11|11|8|3|263|6|6|11|11|18|17|23|24|24|26|36|27|37|48|46|67|40|56|68|62|63|69|79|342|73|81|87|91|94|74|72|67|61|63|68|94|83|90|72|329|75|75|85|75|68|115|88|103|98|106|86|105|92|104|93|85|72|335|87|88|95|314|78|339|73|61|76|71|58|299|306|53|
2016-06-19|6|1_CTs|CT18||106|102|84|63|45|55|48|292|47|33|32|19|24|30|29|26|26|25|15|15|24|21|19|27|15|24|33|21|33|48|49|46|51|61|71|66|69|81|79|107|94|98|98|357|121|117|128|120|387|133|151|369|162|134|127|378|122|403|137|133|140|123|132|143|375|164|160|407|141|401|178|171|158|150|183|192|437|425|180|144|166|420|412|139|369|122|118|372|375|356|175|265|94|86|333|75|
2016-06-19|6|1_CTs|CT19||56|53|56|47|45|28|31|28|37|23|25|15|12|14|19|20|11|11|12|12|10|8|7|6|3|5|8|9|13|20|19|19|13|32|34|29|25|31|47|61|49|55|66|65|73|86|81|90|327|100|98|346|101|87|338|86|66|64|72|81|78|89|70|78|334|100|101|76|94|95|101|361|328|104|109|110|357|118|109|365|94|111|113|96|94|73|84|74|68|78|66|70|55|48|38|38|
2016-06-19|6|1_CTs|CT20||301|271|33|282|16|15|6|7|18|11|13|264|7|5|8|5|9|8|5|9|14|7|6|8|8|13|14|12|18|25|23|25|30|42|34|25|38|43|289|56|45|63|328|90|71|59|341|80|91|41|73|68|69|37|85|76|77|28|51|29|317|83|69|60|329|68|84|64|74|83|113|72|319|41|89|101|25|4|80|78|70|53|81|36|35|72|55|60|46|12|290|32|17|30|30|34|
2016-06-19|6|1_CTs|CT21||93|316|59|282|48|51|39|277|28|30|23|21|16|27|26|25|19|30|28|41|39|309|286|36|45|35|64|60|61|83|76|89|81|102|96|99|111|360|123|341|131|123|122|139|118|137|132|145|391|192|372|180|178|155|156|126|158|154|352|172|177|159|168|172|173|427|201|197|194|209|206|207|199|231|209|214|399|264|206|244|229|712|184|197|183|382|153|374|422|167|179|142|127|126|341|98|
2016-06-19|6|1_CTs|CT23||85|81|64|313|42|43|44|36|27|281|20|25|18|25|23|22|25|30|15|16|20|25|30|30|26|22|33|42|35|53|70|76|294|85|86|92|82|102|109|350|125|125|369|342|126|132|102|141|373|169|146|149|416|153|130|123|375|125|136|154|128|149|175|398|382|120|380|149|147|157|147|392|157|162|159|186|421|170|165|191|157|161|153|126|124|125|119|101|136|126|101|109|102|80|82|334|
