2017-03-09|2|1_CTs|ct1||74|58|53|299|29|29|29|30|23|16|22|21|10|9|13|13|16|14|11|20|11|24|292|45|55|53|75|97|123|395|136|154|395|167|152|439|189|185|179|508|197|216|426|182|212|206|185|210|455|457|204|692|441|180|168|433|177|178|965|463|190|685|692|177|434|694|446|172|180|163|440|410|124|147|436|191|185|663|707|213|176|430|165|113|135|383|133|377|352|111|117|351|105|355|331|83|
2017-03-09|2|1_CTs|ct2||12|26|38|281|29|25|17|7|2|18|7|18|6|7|7|11|8|17|4|10|6|13|19|29|271|23|29|39|38|49|34|44|50|69|299|590|82|73|85|103|97|91|75|105|103|93|93|111|90|92|343|93|99|69|332|347|332|85|98|82|340|80|584|346|96|341|323|79|69|95|340|55|41|75|128|94|108|363|338|120|105|355|146|108|136|98|67|317|312|59|65|319|54|316|55|57|
2017-03-09|2|1_CTs|ct3||36|297|31|38|23|16|14|15|9|9|10|9|5|10|13|15|12|9|10|12|7|20|20|31|31|39|41|292|67|80|81|87|94|118|117|356|115|123|105|545|120|157|130|148|406|379|146|148|387|142|113|633|120|358|117|617|616|117|385|367|140|101|386|120|369|1375|129|122|376|130|643|121|105|368|148|117|111|92|108|136|122|113|378|121|123|616|95|75|74|78|74|65|820|72|101|122|
2017-03-09|2|1_CTs|ct4||24|290|14|26|18|15|16|7|268|11|8|7|10|4|6|7|9|7|8|7|9|9|13|7|7|11|12|24|25|36|38|44|58|67|64|76|331|79|64|509|81|310|58|45|80|62|71|70|75|578|74|80|80|67|64|41|69|71|586|334|334|82|338|70|72|327|70|71|45|55|303|60|60|301|64|50|71|59|62|50|65|321|58|84|62|50|44|54|43|292|34|30|44|33|31|46|
2017-03-09|2|1_CTs|ct5||73|89|303|69|59|49|56|44|33|34|31|21|279|257|14|25|22|16|17|27|16|25|30|23|35|36|285|46|61|82|91|125|409|415|174|205|171|190|177|431|447|191|444|189|487|452|472|486|203|464|193|470|177|180|209|203|440|189|466|200|465|191|204|210|215|460|461|214|499|421|185|194|189|430|476|194|169|213|951|429|469|461|190|176|193|434|168|392|375|160|139|377|156|380|648|432|
2017-03-09|2|1_CTs|ct6||125|373|52|63|48|43|41|30|31|32|21|280|26|14|20|18|277|18|266|19|11|18|28|19|33|31|29|38|59|59|315|86|114|112|96|386|106|386|120|367|132|133|127|378|164|148|415|149|426|424|163|691|157|133|394|648|636|157|178|667|422|417|182|677|153|665|432|177|682|397|654|151|171|155|149|402|141|153|405|146|139|417|399|430|413|648|141|381|110|139|122|116|603|614|326|101|
2017-03-09|2|1_CTs|ct17||79|352|343|79|313|39|50|41|41|283|30|30|18|20|19|268|21|24|21|30|19|37|41|46|58|53|64|87|334|121|128|409|411|192|199|429|208|473|227|749|466|226|229|751|243|495|240|508|475|493|207|520|762|450|466|736|720|228|511|496|762|535|240|484|224|1011|496|227|235|488|227|754|256|485|532|236|231|238|697|235|233|433|494|226|225|191|180|667|396|181|151|153|155|381|706|217|
2017-03-09|2|1_CTs|CT19||292|290|282|25|13|272|280|8|12|12|5|5|3|6|10|8|7|5|6|8|5|5|16|16|22|11|29|37|37|47|65|338|73|352|594|719|457|100|84|352|108|114|319|126|131|386|380|149|103|109|129|648|123|335|100|361|852|114|855|384|129|145|604|122|113|649|388|133|120|150|360|653|141|643|377|368|131|375|593|113|335|341|369|357|85|76|88|297|312|26|0|0|0|0|1|0|
2017-03-09|2|1_CTs|CT20||570|38|33|48|38|34|23|31|23|24|19|281|271|12|271|256|6|6|5|13|7|4|10|232|41|19|21|24|22|31|44|318|64|601|352|100|84|344|336|334|335|296|329|333|78|78|71|293|310|81|313|74|320|57|329|307|55|67|77|334|72|328|313|52|76|322|338|79|69|335|65|88|75|72|298|74|92|341|582|82|332|326|67|70|64|307|50|309|60|291|62|56|55|300|54|70|
2017-03-09|2|1_CTs|CT21||32|286|15|23|23|279|10|13|7|14|8|5|6|4|0|7|2|4|3|7|3|1|3|7|3|14|7|20|20|255|22|43|49|310|309|319|60|50|57|58|46|42|52|56|42|291|31|42|297|54|287|49|41|41|306|52|551|46|289|50|307|48|51|58|50|51|50|54|47|53|16|302|45|40|305|51|564|60|41|57|41|536|47|42|34|23|30|47|37|28|33|34|36|293|263|47|
