2012-05-03|3|1_CTs|ct1||61|48|45|25|26|18|21|19|8|9|7|9|9|9|4|5|5|7|1|8|5|10|11|24|16|23|24|41|53|77|124|155|227|243|233|246|231|217|187|195|220|221|168|195|214|195|191|180|189|214|195|196|186|184|165|186|202|237|202|225|202|219|194|218|219|232|197|204|193|226|211|212|235|198|209|242|195|198|203|220|217|223|208|184|191|134|114|107|113|111|89|105|107|94|87|77|
2012-05-03|3|1_CTs|ct3||127|116|96|76|65|52|57|66|30|29|24|27|24|20|14|28|14|27|19|22|50|52|43|74|69|77|104|133|149|197|300|392|481|499|491|513|500|488|467|466|508|445|461|464|439|442|468|438|435|440|434|433|439|407|382|413|448|454|471|468|500|458|416|454|448|442|439|430|387|418|421|409|386|327|398|383|273|314|322|455|386|422|391|408|361|328|298|251|233|254|207|255|229|209|192|196|
2012-05-03|3|1_CTs|ct5||148|71|94|58|54|67|46|48|34|36|51|22|43|17|23|30|12|10|23|39|36|34|42|43|53|62|73|94|97|153|177|231|292|305|356|361|343|315|302|314|264|353|313|271|373|335|269|291|308|278|294|304|293|319|267|314|284|337|362|360|385|330|328|307|289|294|329|321|309|338|295|309|317|355|424|337|370|357|304|332|324|309|283|253|251|264|187|198|182|221|183|201|235|210|185|163|
2012-05-03|3|1_CTs|ct6||90|72|83|52|53|43|36|32|28|28|32|19|16|17|16|13|15|14|13|13|9|9|13|17|21|19|38|41|41|60|92|110|154|154|205|220|245|225|196|173|148|159|179|176|165|181|187|186|213|213|209|224|209|219|152|162|189|187|212|196|203|223|216|227|236|276|259|258|293|292|277|288|274|293|282|267|196|124|180|256|276|265|225|188|170|162|175|127|162|163|148|162|156|142|98|152|
2012-05-03|3|1_CTs|ct7||80|75|80|57|58|48|41|37|37|33|38|36|22|20|22|10|23|13|18|16|20|17|19|31|29|24|34|35|36|62|80|114|139|155|174|221|214|216|170|165|185|166|170|196|176|188|191|217|184|227|213|216|211|180|173|159|184|203|210|236|209|240|234|218|238|213|224|221|222|204|166|210|173|149|145|163|169|143|196|208|191|212|185|151|144|145|118|116|102|106|124|158|166|156|124|180|
2012-05-03|3|1_CTs|ct9||88|73|74|62|91|70|54|42|50|55|55|59|43|18|39|33|37|25|25|28|31|29|19|15|30|24|43|43|68|65|83|142|159|180|194|225|220|209|187|169|191|161|145|163|183|150|170|148|181|169|166|158|124|152|112|148|148|175|181|175|179|144|169|179|173|138|172|189|196|208|193|208|171|187|192|155|175|160|188|197|171|161|120|136|132|83|123|94|112|108|104|94|98|108|111|111|
2012-05-03|3|1_CTs|ct10||75|61|55|43|49|44|36|28|26|37|31|44|20|28|24|28|26|17|23|24|26|18|15|19|22|23|25|17|24|28|65|95|113|125|139|141|131|124|145|156|161|101|110|134|127|131|125|125|108|122|126|118|118|117|118|114|120|139|125|147|138|152|142|148|130|130|148|148|158|117|123|136|138|134|148|142|143|131|131|129|132|110|129|121|112|109|104|84|78|96|84|84|94|94|85|87|
2012-05-03|3|1_CTs|CT11||29|21|22|17|14|27|16|11|20|28|19|12|21|10|12|10|13|16|26|11|13|14|12|11|26|14|20|26|30|33|40|36|41|58|59|53|77|59|46|66|55|59|58|65|48|67|57|60|57|67|45|53|51|65|53|55|51|44|64|58|55|57|63|49|58|57|55|52|62|64|57|54|52|67|57|60|66|38|38|40|60|50|69|63|45|46|49|45|46|54|36|47|45|28|28|43|
2012-05-03|3|1_CTs|CT12||32|25|23|23|28|22|15|13|19|26|22|24|13|23|18|19|19|13|13|19|20|12|12|13|14|12|18|13|15|14|20|26|32|28|30|35|28|27|37|44|58|32|38|41|45|47|47|38|30|41|45|32|41|35|36|35|42|42|29|39|30|44|36|43|40|45|38|43|41|47|36|38|44|25|47|41|53|44|30|40|44|38|35|42|47|32|36|34|28|47|40|38|30|36|28|34|
2012-05-03|3|1_CTs|CT16||70|57|53|42|42|52|31|31|32|38|30|22|20|31|25|20|14|11|23|10|22|7|6|9|17|14|27|27|41|51|53|80|82|99|105|126|130|170|108|106|108|127|98|115|157|120|193|81|127|88|106|106|97|90|92|69|79|102|118|104|100|97|106|125|105|116|110|137|97|153|121|117|121|116|179|151|168|146|144|121|127|96|92|94|109|90|104|73|93|85|87|65|65|50|70|83|
2012-05-03|3|1_CTs|ct17||74|69|63|53|40|31|22|31|27|24|30|31|10|20|17|17|12|15|18|19|15|22|22|22|26|27|32|56|55|72|138|201|266|319|300|257|293|320|257|272|306|248|208|235|222|234|228|207|199|226|236|209|220|210|168|220|203|250|237|283|273|264|215|230|230|250|248|252|250|263|232|186|228|262|272|247|247|210|200|213|200|199|192|143|147|130|129|104|118|135|89|108|106|105|91|107|
2012-05-03|3|1_CTs|ct18||106|101|83|64|64|75|64|41|45|42|42|56|25|39|33|35|28|27|28|29|34|23|26|29|38|38|39|45|54|57|106|165|205|244|247|220|252|212|243|206|253|187|170|204|181|179|181|179|161|174|161|160|171|181|148|148|171|189|197|189|214|190|165|186|165|158|217|194|205|183|168|175|197|199|226|224|203|169|180|179|169|155|186|164|154|159|148|129|121|153|124|132|131|159|130|116|
2012-05-03|3|1_CTs|ct19||0|4|0|0|1|1|0|0|0|0|0|0|0|0|0|0|0|0|1|0|0|0|2|4|3|9|8|3|4|10|4|9|5|6|16|8|6|9|6|6|8|3|13|3|4|8|6|3|7|6|12|7|7|5|4|7|6|11|5|10|3|8|2|15|11|6|2|6|4|7|7|14|8|9|21|8|6|8|10|14|9|10|7|5|4|1|5|2|1|1|0|1|1|1|0|2|
2012-05-03|3|1_CTs|ct20||88|59|54|42|37|38|26|36|21|26|17|25|11|9|9|13|17|12|17|18|10|10|24|19|14|29|48|73|85|106|156|195|195|218|140|207|206|173|199|189|183|140|194|201|170|163|200|189|190|219|186|230|202|185|190|173|198|207|171|189|205|226|233|206|220|203|212|189|206|222|194|218|215|186|164|135|193|233|149|218|192|209|187|189|155|151|156|132|118|104|108|104|130|112|100|87|
2012-05-03|3|1_CTs|ct22||5|8|2|3|1|4|2|2|1|6|2|1|1|2|0|3|1|4|1|2|3|0|1|1|3|3|2|2|4|5|16|8|13|19|23|17|13|20|23|29|33|23|26|30|32|28|25|25|30|32|35|29|22|28|23|27|31|26|25|24|29|29|26|21|40|31|48|42|43|48|37|50|55|60|53|66|50|54|51|23|39|32|25|28|11|16|19|10|8|10|7|7|10|9|8|7|
2012-05-03|3|1_CTs|CT23||100|74|53|51|48|33|22|22|24|26|21|14|13|11|8|14|21|5|10|9|5|12|19|10|5|14|24|34|46|52|115|174|198|218|296|291|275|249|234|218|185|222|151|174|216|238|214|187|203|230|249|257|257|228|192|175|206|208|221|222|239|271|218|243|247|308|334|309|361|369|382|412|405|386|405|405|307|365|350|369|411|365|360|267|259|223|202|177|194|155|184|190|185|118|119|86|
2012-05-03|3|1_CTs|ct24||169|141|114|116|77|62|52|50|39|42|24|33|22|26|26|24|22|34|36|49|43|55|92|84|117|164|305|523|641|872|1045|962|932|852|886|900|838|838|833|922|725|975|889|870|834|806|785|830|728|755|821|852|782|720|771|783|773|865|931|871|873|802|815|794|748|792|796|762|790|826|833|908|860|910|931|999|867|828|825|758|707|693|628|580|487|448|466|402|366|326|291|345|300|306|279|210|
