2013-11-07|2|1_CTs|ct1||76|58|59|62|46|41|36|33|19|31|24|22|16|14|17|17|20|25|23|28|33|24|38|41|45|47|78|87|126|114|167|124|151|184|147|191|189|190|185|190|182|215|216|211|186|189|202|198|187|202|215|194|176|177|189|173|182|205|198|200|188|183|169|166|165|185|175|164|173|158|131|150|177|142|158|160|172|155|192|201|212|189|212|189|178|153|91|121|94|89|110|115|75|72|89|91|
2013-11-07|2|1_CTs|ct2||43|37|35|31|27|27|34|19|14|24|22|17|12|13|16|13|14|15|14|16|19|12|19|21|21|22|27|25|39|39|50|42|64|60|48|78|73|88|85|94|96|96|122|114|88|93|100|78|83|94|90|102|89|81|93|72|81|100|99|111|102|80|64|65|90|80|82|73|76|83|83|95|101|75|83|98|85|98|115|110|120|98|125|107|106|81|51|58|47|55|48|56|40|66|63|50|
2013-11-07|2|1_CTs|ct3||103|64|70|48|48|46|46|42|21|28|24|16|20|19|22|20|24|18|33|31|32|27|33|41|60|55|48|82|111|83|126|110|147|161|124|153|176|148|157|164|178|201|191|204|181|180|204|170|179|175|195|173|180|168|187|158|177|182|169|216|224|195|173|175|165|188|165|174|186|155|170|161|203|164|159|181|183|138|183|173|206|190|172|160|137|147|99|125|94|97|99|117|105|107|110|99|
2013-11-07|2|1_CTs|ct4||46|48|34|41|43|36|26|24|16|14|25|11|12|16|12|14|14|25|11|18|14|16|19|27|39|31|30|36|41|40|73|85|95|100|129|126|157|118|128|119|128|106|107|131|119|134|118|105|108|133|118|121|132|103|111|100|109|110|117|117|152|132|140|120|139|127|93|123|104|100|111|109|114|103|83|109|109|105|116|111|118|119|104|81|84|89|78|75|60|81|60|59|61|62|54|75|
2013-11-07|2|1_CTs|ct5||90|69|93|182|74|62|51|40|26|33|34|23|18|25|18|21|21|36|25|24|20|22|32|28|33|40|55|42|53|63|116|112|124|160|161|189|173|185|195|159|176|173|170|202|198|196|190|182|189|202|204|208|204|169|209|167|185|171|180|223|228|204|242|200|177|192|157|174|206|179|178|184|178|171|169|192|202|168|188|180|174|158|173|139|136|144|129|125|98|121|102|106|112|105|106|119|
2013-11-07|2|1_CTs|ct6||69|72|63|117|119|70|52|41|35|33|25|31|22|21|21|14|24|29|18|13|21|17|26|32|31|35|46|43|41|53|70|80|85|100|106|112|122|123|133|120|116|128|133|126|139|137|134|145|144|157|150|146|148|111|149|145|132|148|146|172|153|168|159|162|152|155|148|141|154|160|143|139|142|140|118|122|144|133|128|127|130|123|123|102|102|125|103|105|92|80|90|103|110|96|96|182|
2013-11-07|2|1_CTs|ct17||81|70|60|54|42|48|41|35|22|22|24|21|13|20|15|18|20|23|29|23|31|36|25|42|43|43|47|58|85|76|125|112|131|159|133|138|165|143|168|162|174|202|180|185|177|180|204|155|167|165|214|165|171|156|172|154|169|181|174|201|228|206|199|198|165|169|178|155|205|167|170|155|229|193|185|192|189|160|200|183|196|185|181|139|137|143|103|111|94|119|106|103|114|103|108|95|
2013-11-07|2|1_CTs|CT19||33|30|32|25|22|12|13|12|8|12|10|8|3|5|4|12|11|7|11|4|14|11|7|13|12|19|23|37|38|39|63|62|79|85|83|89|80|85|106|109|97|92|108|115|104|97|111|97|106|104|111|121|113|95|113|85|81|101|98|90|132|121|118|121|100|98|122|91|127|106|124|118|137|137|114|117|117|106|123|121|109|100|103|81|70|85|50|54|42|53|52|57|41|45|43|60|
2013-11-07|2|1_CTs|CT20||50|39|55|27|35|32|23|16|17|21|21|11|11|7|9|9|4|10|10|7|8|8|7|11|8|28|16|23|24|37|49|72|60|91|110|95|88|98|89|92|79|76|72|85|77|60|79|70|65|66|81|64|67|56|74|47|68|66|95|72|77|78|89|96|82|70|79|88|92|94|94|92|96|92|83|87|96|91|68|83|72|81|78|65|65|63|49|47|40|61|45|51|39|41|52|44|
2013-11-07|2|1_CTs|CT21||29|17|36|17|21|23|10|8|3|8|7|7|5|3|5|4|1|2|4|4|2|2|1|6|8|15|9|11|11|17|30|43|40|58|59|47|50|60|43|42|44|54|58|47|50|41|40|42|38|49|39|48|35|42|41|42|29|42|43|43|46|41|52|51|50|41|49|52|51|54|52|50|54|47|42|49|46|49|38|50|34|43|40|34|34|30|28|28|24|34|31|23|32|32|24|27|
