2011-07-09|7|1_CTs|CT1||46|46|23|39|28|29|17|21|20|13|19|14|13|11|6|8|20|15|16|12|18|8|10|15|16|21|14|18|18|16|29|35|31|30|41|60|55|48|61|67|86|84|79|80|93|90|101|113|125|127|108|103|103|72|74|70|72|66|83|85|69|85|90|108|83|88|96|100|95|104|96|90|95|68|72|68|92|89|64|80|86|60|55|58|55|54|44|46|47|46|43|47|34|39|54|40|
2011-07-09|7|1_CTs|CT2||38|38|36|45|28|20|20|16|23|21|12|18|22|15|11|16|11|15|7|6|10|16|11|12|18|14|21|19|23|24|27|34|35|43|45|48|69|62|82|82|76|77|82|100|93|116|106|70|64|103|104|109|104|78|52|55|61|93|81|70|80|96|108|100|107|92|90|79|110|103|76|75|96|86|67|91|84|83|78|89|89|62|72|68|63|59|52|44|40|50|45|47|51|50|25|48|
2011-07-09|7|1_CTs|CT4||101|77|82|75|99|90|82|73|95|90|39|59|50|52|49|23|35|68|41|50|40|25|38|35|29|30|26|22|8|15|6|7|3|7|6|6|9|13|11|1|14|4|12|10|28|18|12|17|15|22|14|21|9|15|21|22|17|12|14|16|11|25|18|23|19|30|39|23|36|36|25|41|27|30|33|26|29|35|37|44|29|37|35|26|37|17|30|27|39|78|70|80|73|104|100|90|
2011-07-09|7|1_CTs|CT6||73|44|43|51|29|28|24|34|33|33|22|24|22|14|26|22|18|14|24|18|25|13|14|18|16|9|20|20|21|19|15|37|35|43|37|46|59|54|54|78|77|101|85|92|95|84|106|82|103|93|91|133|131|103|82|84|89|67|72|99|75|108|107|95|90|91|91|96|102|97|96|118|112|109|109|77|81|92|97|113|81|85|66|62|37|59|59|65|58|69|63|60|54|49|47|70|
2011-07-09|7|1_CTs|CT7||60|78|47|37|45|24|27|24|28|18|23|19|20|19|23|21|21|22|24|16|26|9|12|17|11|19|24|27|38|42|46|36|57|49|49|64|78|74|69|82|77|79|88|113|107|75|113|97|115|126|114|96|89|90|87|81|89|65|78|89|63|77|98|100|85|84|107|92|118|63|106|104|83|82|88|97|86|77|89|88|78|82|68|68|59|73|63|64|58|52|43|55|38|56|61|50|
2011-07-09|7|1_CTs|CT8||130|143|113|95|70|67|71|73|54|65|71|60|46|47|36|33|44|51|46|49|78|77|81|89|111|88|116|129|111|137|170|162|161|164|220|237|210|200|245|247|280|250|223|255|205|284|266|268|278|292|266|288|235|247|252|229|257|243|238|240|229|227|306|266|243|238|289|271|236|286|266|268|228|248|205|231|262|243|245|255|237|217|229|188|183|177|175|154|172|165|175|169|159|156|134|141|
2011-07-09|7|1_CTs|CT9||83|82|71|58|40|34|35|40|46|34|32|33|34|24|20|22|21|34|35|26|38|36|43|49|36|43|52|48|65|60|102|83|84|86|111|115|123|110|127|152|139|124|129|112|141|170|157|129|143|167|130|136|119|129|133|134|121|137|111|119|151|143|168|164|123|122|155|152|140|133|130|158|132|126|133|135|145|121|146|123|128|120|142|95|108|104|117|100|100|94|76|98|76|80|82|84|
2011-07-09|7|1_CTs|CT10||153|155|116|114|114|106|90|89|76|88|58|73|88|83|66|70|56|69|69|70|60|49|58|61|51|67|69|61|63|65|55|114|89|102|109|122|149|151|148|128|191|180|170|198|186|207|210|193|249|237|216|242|252|272|194|165|154|168|166|206|231|188|205|218|240|237|216|235|249|236|223|227|190|169|215|201|195|217|167|231|229|179|172|151|137|172|148|126|142|129|136|121|144|139|147|128|
2011-07-09|7|1_CTs|CT11||143|124|100|113|83|90|81|70|73|71|50|66|79|63|44|60|50|51|61|61|58|44|52|71|58|68|84|83|66|75|81|102|104|104|117|127|167|154|148|171|209|185|169|162|186|211|206|220|237|208|252|244|250|271|203|179|161|186|167|196|212|186|192|208|218|228|219|226|247|226|209|224|209|185|187|206|201|198|163|209|199|189|172|148|146|155|126|112|129|129|118|131|130|141|128|118|
2011-07-09|7|1_CTs|CT12||87|75|62|62|66|36|43|39|35|34|29|36|27|29|33|27|21|29|30|21|30|21|16|18|27|14|20|28|22|32|27|52|54|53|47|69|78|79|100|127|107|132|131|147|152|157|197|171|170|154|160|210|201|174|148|171|133|120|122|142|137|146|159|147|154|129|151|155|141|148|148|141|165|150|151|146|168|161|140|181|141|124|96|105|98|109|88|87|73|79|96|78|83|89|66|85|
2011-07-09|7|1_CTs|CT13||35|38|25|23|24|18|18|10|13|14|6|8|6|3|4|6|6|11|4|7|7|4|0|6|3|5|7|12|15|21|22|19|15|20|27|32|27|32|25|32|43|25|40|52|58|0|59|43|38|53|52|50|40|37|42|42|36|27|30|30|33|54|43|45|50|51|73|46|65|54|50|51|35|38|48|48|41|51|40|51|48|35|53|3|0|37|17|27|27|25|22|27|26|31|31|21|
2011-07-09|7|1_CTs|CT14||173|186|129|126|122|103|73|83|92|86|68|65|94|64|68|61|61|50|70|72|64|56|83|79|88|101|98|119|114|116|113|131|174|141|167|174|211|221|224|266|268|274|275|283|262|275|304|322|323|331|334|306|323|336|290|275|226|238|226|289|283|254|267|312|302|317|308|323|313|349|305|294|309|267|249|318|287|277|241|305|264|229|235|180|179|191|152|176|173|149|170|140|149|177|160|137|
2011-07-09|7|1_CTs|CT15||24|20|18|8|15|8|8|21|9|10|10|6|12|2|12|5|3|9|10|8|7|8|8|8|4|5|11|9|6|11|6|11|10|24|16|21|27|29|21|40|21|40|26|29|31|44|33|37|37|27|36|56|41|41|33|25|36|19|28|50|44|35|28|25|23|27|49|34|34|31|39|27|30|43|35|34|26|32|30|38|16|26|12|27|18|24|19|23|18|26|28|28|20|22|21|22|
