2016-02-07|7|1_CTs|CT1||45|34|43|33|30|22|25|28|24|31|20|24|18|17|16|16|12|17|16|15|13|13|8|23|9|26|9|25|17|19|19|36|16|23|34|24|31|25|43|48|35|48|38|51|45|60|51|72|322|312|72|65|55|83|76|63|65|78|70|73|335|96|100|74|590|74|91|77|63|84|101|69|67|313|82|72|87|78|335|59|55|74|333|43|56|49|47|48|32|42|289|298|39|35|35|39|
2016-02-07|7|1_CTs|CT2||69|40|58|82|292|50|26|32|48|40|24|16|20|24|28|13|26|30|14|30|32|22|24|16|22|20|14|18|26|22|36|40|32|22|24|7|7|4|4|21|1|4|22|52|25|39|46|6|2|8|25|47|59|83|318|89|122|28|104|34|42|91|47|127|106|125|114|130|98|89|124|376|131|116|143|76|116|344|130|99|113|93|92|62|81|90|59|66|72|26|81|316|48|55|40|16|
2016-02-07|7|1_CTs|CT4||24|294|26|32|20|16|21|12|22|28|12|6|12|14|7|21|27|40|15|17|10|7|11|3|9|7|3|3|9|4|2|0|4|2|0|7|5|2|2|3|3|0|257|5|6|2|8|1|8|6|18|10|8|9|9|12|7|7|14|8|13|9|12|13|24|12|22|16|17|21|15|18|15|11|16|7|22|19|15|14|16|6|19|9|19|276|13|25|13|15|11|18|15|278|17|15|
2016-02-07|7|1_CTs|CT6||31|45|276|34|27|31|23|31|17|17|19|271|13|17|14|13|7|18|16|10|10|6|6|12|10|8|5|8|8|10|20|13|9|14|16|24|22|41|35|41|23|23|40|298|46|317|68|343|51|56|57|76|50|58|54|319|302|68|52|57|51|73|76|57|73|329|85|59|336|83|80|80|81|94|80|73|85|62|68|62|70|43|50|55|45|59|29|35|39|278|42|44|28|24|30|30|
2016-02-07|7|1_CTs|CT7||51|30|277|18|25|18|13|10|12|10|7|9|12|10|6|8|8|10|12|10|18|11|15|12|13|9|13|15|8|11|22|17|14|19|27|24|22|29|48|40|25|37|48|49|50|42|40|42|80|68|66|79|49|74|65|56|66|77|67|62|306|69|328|59|81|69|332|79|74|82|94|59|81|77|92|85|78|55|61|86|73|63|65|54|59|51|44|48|51|36|39|30|28|23|21|27|
2016-02-07|7|1_CTs|CT8||125|89|72|81|55|44|60|54|42|45|29|284|43|30|51|288|36|39|48|63|48|54|70|61|75|82|54|78|77|85|99|105|112|114|95|123|108|115|145|130|144|391|134|141|184|189|174|200|210|225|494|238|483|241|197|211|209|453|235|219|501|255|271|241|250|506|224|281|238|254|255|244|533|509|319|247|262|518|254|254|242|224|409|188|154|180|159|148|398|141|120|380|110|110|358|96|
2016-02-07|7|1_CTs|CT12||47|50|316|30|36|42|20|33|39|17|19|18|21|18|18|13|16|31|14|10|12|12|10|6|10|10|10|5|13|11|21|21|19|19|20|22|36|47|49|66|51|59|68|69|66|77|82|111|84|92|122|94|102|113|342|344|73|340|92|96|96|98|107|354|104|378|392|113|114|110|380|381|139|132|116|120|122|365|368|92|104|101|92|78|70|74|47|55|48|46|59|55|39|40|31|39|
2016-02-07|7|1_CTs|CT13||32|17|14|15|10|8|7|4|6|2|4|5|1|7|1|5|3|2|3|2|4|4|5|5|2|2|4|3|1|262|6|6|261|8|7|9|5|6|13|13|11|6|14|18|11|18|22|16|23|21|29|30|28|22|26|31|37|32|29|29|28|30|32|37|41|42|288|34|33|41|30|30|36|36|46|48|37|27|34|42|33|27|23|26|30|16|18|19|18|13|11|13|15|8|12|8|
2016-02-07|7|1_CTs|CT14||148|378|381|104|79|340|95|57|81|83|312|43|85|61|300|54|56|63|68|78|303|69|70|57|341|60|63|65|77|60|91|89|106|115|128|110|382|387|116|176|158|178|169|453|451|197|487|208|227|230|480|243|236|239|484|441|513|381|201|219|469|221|290|236|292|507|240|255|515|316|295|287|512|286|311|267|277|235|246|252|232|176|188|429|133|449|157|154|154|119|132|137|134|381|103|101|
2016-02-07|7|1_CTs|CT15||21|24|12|22|16|15|15|22|13|13|10|11|4|8|12|5|5|6|10|5|1|3|8|2|4|1|8|8|6|7|11|11|11|13|8|21|20|7|23|42|27|22|30|35|24|32|42|48|28|35|50|57|51|35|34|37|32|43|291|28|38|43|45|42|33|47|47|40|33|43|52|36|37|300|34|31|55|30|38|40|36|34|27|37|19|31|36|27|19|35|38|286|29|23|26|14|
