2015-07-24|2|1_CTs|ct1||91|72|65|67|60|46|49|24|29|19|34|277|13|20|17|11|12|22|15|20|18|25|23|40|39|43|62|68|81|108|129|145|154|163|415|192|180|444|438|210|203|205|226|415|147|146|429|176|181|456|207|440|199|443|686|185|169|438|215|218|217|200|192|163|197|198|434|434|460|178|160|178|147|174|186|169|204|197|192|208|453|439|214|200|200|196|197|168|149|164|148|152|130|382|374|146|
2015-07-24|2|1_CTs|ct2||80|54|47|40|45|30|278|26|28|19|16|19|12|14|8|18|9|15|11|16|12|15|15|275|25|21|34|25|20|26|51|42|56|333|64|72|72|79|342|365|97|111|92|120|132|122|95|131|115|353|104|96|120|105|588|94|76|357|108|92|99|113|90|105|85|89|102|124|119|90|86|95|335|77|95|77|102|363|109|108|364|126|152|126|140|400|118|132|381|369|82|353|83|84|325|80|
2015-07-24|2|1_CTs|ct3||112|100|76|90|73|184|193|292|45|40|36|42|20|24|20|15|15|16|15|20|32|30|29|41|285|46|52|51|79|86|353|127|136|145|153|161|158|186|424|185|203|225|211|211|214|230|210|461|500|205|206|205|720|465|428|445|169|469|218|191|208|197|427|206|209|210|724|440|724|203|169|211|448|187|205|168|200|219|211|213|224|216|201|189|207|480|458|199|214|459|171|163|152|421|141|136|
2015-07-24|2|1_CTs|ct4||83|334|62|63|47|163|166|26|35|26|32|28|17|18|22|16|22|22|23|21|24|281|23|33|31|27|37|44|34|59|52|62|72|94|145|121|379|113|134|129|140|135|132|136|126|145|149|134|407|124|159|110|104|144|129|122|108|140|138|380|122|147|156|135|143|128|404|128|135|122|133|116|115|122|114|147|127|140|125|120|116|118|119|113|102|366|116|111|117|360|79|357|103|101|92|103|
2015-07-24|2|1_CTs|ct5||122|127|108|94|107|63|49|51|59|42|42|49|29|24|28|23|27|26|25|33|25|31|34|44|38|33|293|51|48|59|63|101|104|391|672|439|194|429|442|213|212|210|221|229|192|204|226|218|207|476|222|456|185|197|194|179|207|193|484|455|195|216|188|240|225|213|193|253|222|200|245|459|194|184|431|233|200|219|215|222|201|453|192|185|442|174|184|180|438|440|170|434|161|154|179|169|
2015-07-24|2|1_CTs|ct6||296|34|35|23|35|22|20|14|18|12|13|12|8|10|9|4|14|16|11|7|9|7|14|17|9|16|17|271|11|19|15|22|30|32|35|34|35|40|29|48|49|320|51|53|58|54|41|53|61|57|66|64|50|58|49|52|40|57|54|67|64|64|64|332|66|69|59|333|317|319|77|58|57|69|63|67|61|71|66|322|70|62|55|55|63|64|81|69|57|64|55|55|59|57|57|299|
2015-07-24|2|1_CTs|ct17||121|123|109|368|109|78|83|57|61|58|306|299|37|39|25|290|22|21|23|27|37|46|42|65|59|57|62|304|81|93|127|141|149|411|456|211|214|202|494|289|519|244|279|742|252|282|294|476|533|511|530|493|245|504|211|490|215|508|248|512|238|257|532|261|765|264|503|523|226|255|256|245|491|230|224|750|758|273|519|255|264|270|266|220|236|275|227|220|224|225|198|168|429|169|194|166|
2015-07-24|2|1_CTs|CT19||42|52|298|49|39|30|25|17|18|17|14|18|11|6|5|8|7|6|7|10|13|11|7|16|17|11|16|274|36|51|36|75|78|549|348|85|92|97|345|107|364|123|623|109|214|536|122|129|137|139|628|358|128|118|106|109|101|346|113|136|354|370|380|114|358|140|139|114|392|638|136|122|584|324|338|101|108|115|71|119|106|885|118|367|87|358|285|156|343|79|76|76|67|56|589|67|
2015-07-24|2|1_CTs|CT20||323|66|44|33|41|42|36|33|29|44|296|281|12|11|15|15|13|16|4|15|11|12|8|10|16|11|29|24|26|32|43|41|60|73|344|99|346|67|75|80|321|85|74|81|85|76|61|74|74|74|73|331|321|320|63|64|70|70|69|338|73|60|334|84|72|78|77|333|311|68|90|81|324|83|321|78|85|96|64|601|86|596|86|80|53|76|82|320|67|71|71|312|77|61|63|77|
2015-07-24|2|1_CTs|CT21||40|43|29|20|23|24|18|13|12|18|17|8|12|5|13|3|7|5|4|8|3|8|4|6|11|3|9|268|9|13|20|271|36|42|48|51|49|44|44|314|51|50|307|52|51|47|45|54|290|43|46|296|47|44|52|41|51|50|55|319|44|45|308|308|290|48|56|562|536|47|311|296|43|49|49|46|50|50|53|306|64|56|286|44|38|38|54|35|43|31|32|29|309|46|29|60|
