2014-08-14|3|1_CTs|ct1||44|28|34|29|25|13|20|15|14|6|6|10|7|9|3|4|3|3|5|4|4|5|11|11|7|7|21|37|36|72|96|113|119|168|183|196|174|178|158|156|154|174|172|146|148|142|153|169|166|187|180|160|158|139|169|122|133|136|183|183|196|162|143|179|160|140|164|176|181|175|167|152|195|214|203|149|161|148|131|156|155|145|132|110|130|99|87|77|80|75|55|73|67|70|56|65|
2014-08-14|3|1_CTs|ct3||82|70|70|44|48|43|43|21|26|19|12|18|21|16|7|11|18|19|14|27|12|13|31|22|28|31|51|64|53|93|159|168|175|176|203|251|245|214|244|186|234|244|222|201|241|229|211|233|227|221|247|221|223|215|216|215|225|224|227|212|228|214|234|239|195|223|217|216|224|197|201|192|184|193|224|180|188|198|186|200|212|220|224|171|171|191|152|137|144|157|127|146|112|124|112|112|
2014-08-14|3|1_CTs|ct5||135|107|163|96|65|65|54|41|48|38|36|31|26|19|21|20|15|22|15|15|16|16|14|21|20|14|22|28|47|56|71|117|142|171|155|182|221|224|191|200|212|194|194|218|209|236|218|237|231|255|214|209|207|218|165|176|198|193|232|200|205|226|212|247|242|295|284|250|283|300|333|288|282|302|315|300|257|254|257|228|199|234|226|172|156|172|131|162|154|173|129|129|127|149|126|148|
2014-08-14|3|1_CTs|ct6||6|12|5|6|3|1|3|3|0|5|5|2|3|2|0|1|1|1|0|0|1|2|2|1|5|0|9|10|21|18|30|45|37|31|41|49|49|39|50|43|29|30|39|40|46|48|53|64|45|38|36|29|23|21|21|32|35|39|40|45|62|46|38|48|38|32|41|44|37|42|42|51|58|47|54|54|29|44|41|35|30|31|29|34|29|27|15|20|17|25|14|18|14|22|15|16|
2014-08-14|3|1_CTs|ct7||131|146|176|104|88|82|83|61|59|75|50|56|79|36|37|31|35|25|32|33|37|43|26|38|38|50|64|50|93|69|71|87|104|122|115|122|130|137|133|147|158|154|146|188|187|195|171|187|184|178|151|165|162|157|167|138|156|182|185|186|180|180|197|189|192|198|190|203|198|138|143|177|176|167|187|181|194|159|171|187|150|156|170|150|161|155|119|144|134|165|146|145|125|139|143|169|
2014-08-14|3|1_CTs|ct8||83|90|118|50|42|44|39|25|28|29|30|22|21|20|26|17|13|8|16|16|22|11|10|16|17|21|20|22|34|36|48|47|60|61|63|67|85|79|77|76|87|83|85|109|116|108|112|123|100|105|93|92|95|93|97|79|93|110|126|119|115|120|119|110|107|108|111|129|119|125|108|109|118|135|118|112|126|90|114|115|92|95|109|77|105|94|72|79|87|96|91|82|65|90|83|88|
2014-08-14|3|1_CTs|ct9||77|91|90|56|64|55|72|60|40|52|32|41|46|30|33|34|18|30|17|18|30|27|25|36|26|23|32|44|49|74|89|107|136|162|176|177|159|197|164|192|175|146|166|148|152|155|170|174|153|127|141|137|133|125|125|133|150|152|151|162|150|175|149|189|156|139|146|144|182|190|172|187|173|167|174|160|145|164|146|166|168|106|152|131|95|112|83|88|84|89|85|87|88|104|86|77|
2014-08-14|3|1_CTs|ct10||59|76|64|37|48|40|39|41|27|36|20|18|18|16|19|15|21|15|16|12|20|11|22|18|17|15|27|31|19|38|32|57|54|61|78|77|84|77|70|74|80|60|94|81|77|79|96|73|96|80|85|87|83|86|74|100|85|90|81|75|103|94|102|82|80|103|96|100|104|88|89|106|99|87|101|102|89|66|92|89|66|73|83|69|78|67|72|74|50|67|66|76|53|64|58|59|
2014-08-14|3|1_CTs|ct13||188|179|165|157|116|126|112|74|87|100|58|66|60|54|69|56|51|72|60|34|89|62|79|2009|98|54|96|132|140|98|1927|178|253|1421|263|459|658|270|588|284|512|214|190|106|405|708|840|328|251|276|245|215|284|259|231|275|266|257|275|253|244|195|254|214|1216|267|881|284|275|297|318|588|296|272|354|230|314|230|271|264|252|260|263|246|220|224|227|226|197|206|227|219|183|200|196|158|
2014-08-14|3|1_CTs|ct14||49|52|33|38|17|23|20|13|9|13|11|7|7|10|10|5|6|7|2|15|11|10|8|19|14|34|47|92|114|167|239|238|215|215|255|266|258|235|256|221|189|196|181|166|118|168|176|137|145|149|156|176|147|134|127|154|131|151|160|170|169|161|168|164|142|160|154|169|156|173|210|225|206|179|247|205|210|195|165|179|158|159|130|108|110|89|88|78|92|82|63|58|72|74|63|50|
2014-08-14|3|1_CTs|CT16||111|96|74|58|48|47|54|38|32|36|46|50|46|42|35|60|19|41|30|21|33|19|44|41|33|34|26|28|63|76|73|90|127|120|116|139|156|159|143|135|146|136|156|152|122|149|145|183|161|136|148|172|128|120|118|160|131|122|134|159|177|154|186|191|197|169|210|187|196|262|203|222|213|200|200|247|213|191|176|145|181|138|116|106|103|101|91|78|84|71|82|75|124|107|101|83|
2014-08-14|3|1_CTs|ct17||0|0|0|0|0|0|0|0|0|0|0|0|0|0|0|0|0|0|0|0|0|0|0|0|0|0|8|0|0|0|0|0|0|0|0|0|0|0|0|0|0|0|0|0|0|0|0|0|0|0|0|0|0|0|0|0|0|0|0|0|0|0|0|0|0|0|0|0|0|0|0|4|0|0|0|0|0|0|2|0|0|0|0|0|0|0|0|0|0|0|0|0|0|0|0|0|
2014-08-14|3|1_CTs|ct18||69|82|77|46|55|45|50|45|36|51|30|21|22|18|28|16|22|21|22|20|18|20|28|26|22|10|30|38|47|67|73|70|102|129|130|133|137|135|108|121|123|121|126|117|125|113|126|124|123|133|137|124|130|100|111|116|136|136|120|119|152|123|135|140|118|126|133|154|134|137|132|119|142|131|134|128|111|114|124|115|115|95|124|90|101|95|96|101|78|75|96|105|98|84|69|71|
2014-08-14|3|1_CTs|ct19||1|1|1|0|1|0|0|0|0|1|0|0|0|0|0|1|0|1|0|0|0|0|0|2|0|3|4|3|1|5|5|5|4|4|3|5|6|7|4|4|2|5|3|4|5|4|5|7|6|3|5|3|4|3|2|9|3|3|5|10|1|3|5|7|5|4|3|4|4|4|4|2|3|3|8|5|2|5|2|4|4|1|4|4|3|4|2|2|2|1|0|0|0|0|1|1|
2014-08-14|3|1_CTs|ct20||1|1|0|0|0|0|0|0|0|0|0|0|0|1|0|0|0|0|0|0|0|0|0|0|0|0|0|0|0|0|0|1|0|0|0|1|0|0|0|1|0|0|0|0|0|0|0|1|0|0|0|0|0|0|0|0|1|0|1|0|0|0|0|0|0|0|0|0|1|0|0|0|0|0|0|0|0|1|0|0|0|0|0|0|0|0|0|0|1|1|0|0|0|0|0|0|
2014-08-14|3|1_CTs|ct22||9|7|2|2|2|2|0|1|2|1|3|2|1|0|0|2|1|2|0|0|2|1|7|5|1|2|1|8|1|8|8|7|5|17|18|15|21|15|11|23|13|16|15|20|23|18|21|25|21|26|23|20|15|12|10|19|24|24|20|16|21|19|22|25|20|30|31|28|34|32|36|40|36|45|30|34|32|13|26|23|17|15|17|10|9|6|4|7|10|5|5|6|10|5|8|4|
2014-08-14|3|1_CTs|CT23||53|33|27|24|11|11|13|11|10|7|6|6|7|6|3|3|4|3|6|2|1|1|1|3|2|4|9|21|21|29|48|45|56|76|84|91|80|283|472|166|172|186|181|205|169|188|207|186|226|200|207|247|224|190|200|166|182|178|228|210|201|262|272|387|518|592|612|608|610|624|615|638|625|622|626|627|614|618|431|303|225|107|87|82|77|76|54|49|49|49|31|46|38|33|27|34|
2014-08-14|3|1_CTs|ct24||221|240|151|116|97|98|74|67|45|48|39|42|25|45|30|23|22|29|31|48|40|50|59|106|105|152|255|345|455|645|828|880|859|887|888|895|888|927|841|833|816|706|794|745|640|717|688|658|662|652|701|741|665|692|587|622|629|657|737|677|693|705|739|663|638|654|682|698|670|802|736|812|789|739|846|788|805|778|673|694|722|691|605|551|464|424|426|389|366|350|304|309|314|285|257|240|
