2015-10-07|2|1_CTs|ct1||63|54|303|38|280|22|24|23|12|10|10|10|11|9|11|8|267|13|16|21|20|282|272|39|42|40|57|88|93|102|365|147|140|174|430|186|183|428|421|204|184|192|676|472|197|200|683|189|192|207|208|197|453|209|423|442|427|169|185|207|200|205|455|697|183|188|408|183|155|613|390|154|132|173|419|164|168|163|178|160|155|415|190|147|153|148|346|110|336|612|96|84|88|77|312|77|
2015-10-07|2|1_CTs|ct2||49|45|32|20|13|20|23|20|21|8|10|6|8|12|6|6|264|9|10|13|12|18|252|20|27|25|30|48|38|43|285|318|46|336|69|74|71|342|98|117|357|102|375|356|101|103|340|95|89|113|107|352|354|103|344|101|94|334|365|105|362|338|122|361|82|106|81|100|79|315|361|98|65|85|90|78|92|88|116|108|95|92|107|79|325|79|66|63|304|574|57|73|71|49|58|57|
2015-10-07|2|1_CTs|ct3||84|69|55|40|31|31|43|20|22|24|11|18|12|13|11|8|15|12|11|30|19|26|36|42|49|47|65|60|79|93|114|122|103|156|150|181|138|672|186|192|206|186|459|210|230|202|204|713|198|234|459|210|436|200|192|458|199|193|695|206|224|216|961|208|714|213|184|182|179|166|149|183|159|187|209|176|192|556|343|166|181|155|436|156|127|172|132|114|101|123|123|105|110|85|89|87|
2015-10-07|2|1_CTs|ct4||58|48|31|37|36|29|30|22|18|12|13|8|15|5|18|5|10|10|13|12|10|13|21|19|17|36|29|291|39|135|232|319|106|373|363|392|124|374|145|122|105|97|675|144|391|122|137|130|130|142|148|130|390|134|133|128|126|123|138|153|399|385|391|386|163|137|115|366|105|119|381|120|115|125|119|106|92|125|143|86|108|364|99|90|330|101|91|64|68|340|76|82|80|81|69|73|
2015-10-07|2|1_CTs|ct5||106|85|65|318|62|53|49|31|32|18|25|18|20|21|24|10|15|17|20|19|13|27|21|24|24|39|34|46|50|53|861|127|135|175|170|201|204|189|189|200|433|170|201|226|240|209|199|204|218|225|488|226|226|463|212|450|206|187|475|231|241|246|478|225|478|192|187|488|213|193|192|443|192|436|194|200|168|191|212|160|183|159|142|167|141|144|401|116|133|131|135|133|130|122|123|108|
2015-10-07|2|1_CTs|ct6||92|334|57|58|59|48|33|37|38|278|29|19|25|20|280|11|11|15|12|16|243|51|14|37|32|35|296|44|46|308|319|321|346|361|371|118|384|390|128|132|132|392|658|166|169|158|412|657|415|170|403|164|152|151|170|148|152|179|173|172|195|179|402|185|190|163|165|163|174|164|163|155|150|399|409|158|149|398|141|143|136|367|393|133|623|107|376|360|364|109|107|118|114|109|104|330|
2015-10-07|2|1_CTs|ct17||92|102|72|321|65|48|50|23|30|25|23|23|19|15|14|13|15|18|24|27|24|38|35|35|45|55|63|69|72|365|117|410|130|218|188|198|197|483|226|235|234|254|476|280|507|266|258|271|249|510|1261|261|504|236|482|222|248|212|505|243|245|250|271|255|518|273|237|218|234|205|473|454|236|250|256|250|230|256|260|226|492|182|446|190|143|183|149|136|126|126|142|130|121|102|110|611|
2015-10-07|2|1_CTs|CT19||44|30|28|13|24|12|12|9|13|9|6|3|6|1|2|5|5|3|7|15|5|8|8|10|14|13|21|21|43|281|306|309|68|107|80|118|95|89|346|111|102|376|868|385|114|371|138|373|135|133|598|359|112|606|372|346|588|102|101|119|121|379|373|377|392|121|110|365|121|368|612|364|392|128|130|883|112|365|121|116|108|368|332|352|65|83|61|59|309|304|61|46|53|42|46|35|
2015-10-07|2|1_CTs|CT20||55|46|286|40|25|32|28|24|21|22|17|12|7|6|13|8|2|9|3|7|4|10|9|7|10|19|19|26|24|36|45|180|219|76|91|339|359|346|82|73|98|69|74|332|333|335|73|80|586|331|77|87|81|68|74|71|61|79|74|72|69|79|316|60|593|344|337|351|87|316|80|341|92|75|66|60|79|113|325|77|80|79|73|340|318|57|310|308|48|41|57|65|49|308|307|284|
2015-10-07|2|1_CTs|CT21||32|21|275|19|259|20|16|8|10|6|6|8|2|5|3|6|1|6|2|5|2|2|2|3|5|6|9|12|14|18|28|28|46|37|45|54|49|546|45|53|53|44|300|51|48|42|49|30|41|52|282|50|44|286|55|40|47|303|301|34|49|39|35|44|52|45|55|296|56|50|303|302|56|53|43|298|49|277|311|296|57|51|53|46|31|29|284|23|30|290|31|39|284|34|251|26|
