2016-07-16|6|1_CTs|CT1||5|3|1|2|4|0|0|1|2|0|0|1|1|1|0|0|1|0|0|1|1|0|1|2|1|2|0|4|1|3|2|4|2|4|4|3|2|3|3|6|7|7|5|10|9|3|2|3|4|3|2|3|3|2|2|2|2|3|4|1|9|3|1|5|5|8|3|5|3|4|2|4|2|1|1|1|2|0|5|2|1|3|3|2|4|3|2|3|4|2|1|1|3|1|1|1|
2016-07-16|6|1_CTs|CT3||12|18|11|10|7|6|2|6|2|7|5|4|2|8|3|5|13|15|18|23|28|30|20|19|23|28|36|37|40|24|44|47|43|37|45|36|34|39|39|47|42|46|33|41|46|45|49|41|47|54|43|50|35|37|35|32|33|27|34|29|21|36|46|27|43|24|36|30|31|21|27|32|44|25|23|31|24|33|28|28|25|20|23|33|27|29|19|26|18|16|11|16|12|13|19|17|
2016-07-16|6|1_CTs|CT4||12|11|7|8|9|6|2|5|4|5|3|8|8|4|3|3|2|1|2|2|2|2|1|0|1|2|1|3|6|8|4|8|10|6|11|13|18|19|8|14|9|15|11|16|16|19|12|12|16|23|17|15|23|17|17|12|20|11|11|21|21|11|15|13|16|15|9|15|18|8|2|13|15|14|15|18|15|14|18|11|16|16|19|14|12|10|12|15|9|9|7|8|9|15|12|7|
2016-07-16|6|1_CTs|CT6||40|25|22|26|20|28|10|15|12|16|13|10|15|10|10|6|10|6|9|21|11|12|16|13|21|8|24|30|14|24|33|43|33|32|61|51|56|62|67|82|92|331|79|89|79|99|91|90|96|102|101|82|101|92|81|76|67|72|60|87|70|79|75|69|46|75|59|69|69|60|71|66|71|81|59|70|71|83|73|80|81|84|79|67|50|43|33|40|37|45|43|36|43|53|55|41|
2016-07-16|6|1_CTs|CT7||10|7|7|3|12|4|3|3|6|6|3|0|4|4|2|3|0|2|1|3|5|3|2|2|2|4|7|4|4|5|14|19|12|15|14|12|17|21|19|16|19|23|30|15|13|26|27|25|27|20|28|29|18|12|19|17|11|13|21|14|19|7|16|17|13|14|10|15|14|13|14|12|21|10|13|20|10|14|18|13|21|26|14|18|14|13|8|8|13|9|7|5|14|8|13|10|
2016-07-16|6|1_CTs|CT8||71|79|67|59|71|61|58|86|81|68|55|60|43|56|61|35|47|34|23|24|23|29|26|20|13|22|28|41|39|45|70|82|318|78|87|102|69|85|98|89|95|89|84|100|84|90|93|80|115|86|95|123|97|96|94|102|77|89|87|105|91|88|84|85|93|101|102|93|87|86|85|92|325|96|79|99|90|88|79|103|104|107|88|104|85|86|67|76|79|67|64|62|332|75|45|320|
2016-07-16|6|1_CTs|CT10||29|31|40|42|31|35|20|21|17|11|10|22|14|16|6|11|16|8|13|6|7|14|11|22|27|15|38|28|25|31|48|42|49|53|69|58|69|95|79|101|89|86|81|34|135|102|100|93|112|121|122|92|112|89|88|82|94|75|73|66|72|345|72|76|92|88|81|94|91|87|88|85|99|82|98|87|81|98|89|349|86|103|84|77|71|75|67|66|65|42|42|68|58|45|66|57|
2016-07-16|6|1_CTs|CT11||58|45|33|30|32|22|18|22|17|15|15|19|13|9|9|11|8|10|10|5|22|19|12|29|23|30|33|43|49|56|79|107|79|95|116|132|369|135|392|147|147|144|115|151|149|133|139|121|145|135|117|126|122|109|97|123|82|95|91|113|115|95|109|109|100|133|90|114|97|102|117|91|100|99|113|94|109|97|97|82|98|114|96|95|93|74|83|79|68|56|65|53|52|55|63|71|
2016-07-16|6|1_CTs|CT12||56|55|51|45|37|51|28|31|26|22|20|19|13|21|16|16|16|13|9|8|13|14|16|24|29|13|29|41|45|34|64|74|66|79|73|90|98|106|112|114|135|119|132|123|151|149|135|150|161|149|148|150|138|121|128|110|95|105|94|90|101|93|102|120|116|126|129|112|92|106|113|359|126|109|109|99|105|114|105|364|105|115|91|86|80|76|83|77|60|62|50|68|318|65|87|56|
2016-07-16|6|1_CTs|CT15||49|44|36|30|37|22|23|20|17|15|19|10|13|19|21|16|14|22|16|21|29|26|19|29|26|33|36|34|35|43|73|75|71|76|73|89|74|88|83|85|105|357|85|93|101|97|92|110|106|93|102|85|78|84|54|81|81|69|67|80|79|84|69|82|73|71|69|69|68|340|65|82|75|87|56|76|67|69|59|69|73|77|64|81|65|51|44|52|43|35|47|44|49|39|44|44|
2016-07-16|6|1_CTs|CT16||65|51|40|44|50|32|20|19|29|19|13|17|20|13|7|14|6|11|18|10|21|23|9|30|24|25|42|45|43|49|67|85|69|82|115|103|116|148|144|135|145|130|152|162|419|162|159|125|153|126|410|149|140|110|111|115|111|100|102|113|131|107|105|116|94|128|107|127|127|348|130|103|110|116|122|128|118|114|128|116|127|138|118|128|117|106|95|93|95|61|65|72|73|61|71|75|
2016-07-16|6|1_CTs|CT17||12|15|10|9|5|16|6|6|6|11|7|7|6|7|7|2|2|3|5|4|3|3|3|4|2|4|2|6|10|6|14|19|15|11|13|23|17|19|16|24|26|26|30|28|20|40|22|36|26|30|27|30|26|37|24|31|19|22|17|20|19|19|23|21|21|24|22|21|21|24|21|20|18|17|17|29|13|17|19|13|13|15|15|10|18|7|10|10|8|15|2|14|6|9|11|13|
2016-07-16|6|1_CTs|CT19||57|42|35|46|36|39|30|30|24|17|20|23|18|18|17|15|18|16|19|14|12|13|9|7|11|12|20|15|22|24|28|46|34|50|55|63|80|88|76|90|104|99|95|117|110|119|117|129|142|385|381|124|363|124|106|106|104|84|68|80|89|75|91|85|108|82|97|109|98|355|90|88|82|106|97|98|104|110|94|351|80|110|75|63|79|84|56|78|44|65|48|54|50|68|73|47|
2016-07-16|6|1_CTs|CT20||52|42|41|27|18|23|13|15|14|8|9|5|13|13|8|11|10|14|13|12|12|7|11|17|11|13|13|17|25|35|32|47|308|55|65|61|67|67|100|69|63|86|106|112|369|374|110|118|118|121|140|123|109|100|48|34|77|102|76|33|50|27|68|10|83|44|45|73|5|75|55|78|74|63|39|53|77|42|22|6|83|83|38|55|43|25|80|66|8|48|51|51|40|36|52|51|
2016-07-16|6|1_CTs|CT21||101|106|58|76|57|49|36|38|38|37|37|26|26|28|24|24|35|32|35|38|41|41|30|47|62|67|72|81|71|110|133|123|138|149|146|167|166|200|176|185|149|200|169|188|451|171|173|172|156|201|436|169|176|168|140|166|153|132|172|162|176|166|167|170|165|187|151|157|153|140|370|168|161|157|149|150|146|155|152|180|155|148|159|121|120|126|110|354|119|103|103|103|97|100|97|108|
2016-07-16|6|1_CTs|CT23||110|100|78|78|80|81|58|82|88|72|64|57|44|68|52|34|57|52|27|33|37|38|31|28|35|34|51|71|59|83|118|143|124|134|136|154|141|171|152|152|149|162|138|135|157|149|169|128|181|158|163|183|154|160|139|150|156|139|152|158|151|137|138|131|146|155|141|140|163|133|122|119|131|145|133|131|135|119|117|132|162|135|128|132|107|117|112|95|89|97|89|72|114|97|71|79|
