2016-06-04|2|1_CTs|ct1||369|112|108|92|344|322|58|51|292|41|42|36|293|28|34|32|25|32|26|27|24|29|34|40|284|39|59|325|61|60|94|97|99|106|135|125|122|138|403|169|406|415|166|437|168|404|437|179|171|410|164|184|161|173|644|160|145|416|404|630|177|157|191|190|180|168|194|179|195|171|163|408|418|156|168|177|107|90|136|187|143|386|437|145|669|156|154|397|153|146|138|387|140|129|136|133|
2016-06-04|2|1_CTs|ct2||570|78|76|72|68|61|33|43|37|30|44|285|286|33|253|43|19|30|21|13|19|21|16|15|18|21|29|279|28|35|34|44|55|39|43|66|58|62|67|347|88|343|89|78|77|75|323|77|77|346|89|87|89|84|70|79|62|336|80|81|97|86|90|85|86|101|337|332|94|96|76|64|81|79|350|93|336|348|362|373|123|148|399|114|376|518|193|339|86|99|66|88|79|78|85|80|
2016-06-04|2|1_CTs|ct3||405|153|118|128|400|125|93|84|54|318|67|52|65|52|45|64|46|541|291|36|36|40|280|41|37|50|65|51|58|66|91|312|88|102|350|119|125|125|164|384|167|165|443|182|175|185|188|181|425|693|423|699|648|185|171|161|146|176|154|424|158|197|198|207|174|179|217|203|183|438|419|440|162|668|170|12|8|0|2|2|0|2|0|0|1|0|0|1|0|1|1|5|3|3|7|182|
2016-06-04|2|1_CTs|ct4||102|100|88|79|75|93|345|92|62|75|37|41|48|47|58|57|47|287|286|30|28|27|36|27|32|33|29|295|43|44|50|301|45|55|48|70|75|72|85|76|122|113|105|109|104|99|353|136|107|121|114|384|104|116|87|110|118|113|109|355|114|109|124|126|108|140|120|341|119|139|359|106|109|680|91|121|81|88|99|335|83|72|0|35|1|0|4|2|1|1|1|45|73|88|90|97|
2016-06-04|2|1_CTs|ct5||690|164|160|413|117|144|135|124|106|97|71|72|72|74|77|77|317|53|45|296|37|43|44|45|39|38|38|56|52|47|82|74|73|86|582|339|115|124|400|165|423|162|181|191|171|405|196|201|200|195|442|711|196|452|155|172|191|181|195|424|197|190|204|216|205|451|212|474|470|707|212|207|184|264|488|190|404|127|70|54|6|0|0|0|1|0|3|2|1|0|0|1|1|0|375|171|
2016-06-04|2|1_CTs|ct6||179|143|150|148|368|114|122|109|100|358|67|63|72|63|67|63|59|45|38|31|32|31|41|39|36|30|32|52|46|41|68|70|50|63|60|73|71|341|96|338|105|351|107|115|126|126|383|128|126|143|398|150|142|372|126|376|147|386|649|362|141|139|135|151|154|145|682|162|423|414|154|146|165|183|666|276|522|527|234|483|198|441|691|184|168|197|155|170|193|438|441|192|163|153|485|179|
2016-06-04|2|1_CTs|ct17||164|177|151|152|153|153|121|103|82|71|94|70|76|73|76|78|75|54|331|61|58|48|46|56|55|68|72|55|76|90|108|93|102|116|128|382|385|157|165|444|483|191|218|207|222|217|457|203|212|479|195|221|727|229|693|211|200|461|179|215|202|216|746|494|511|257|247|244|222|241|601|605|495|443|492|35|10|19|15|29|10|21|0|2|17|8|4|1|8|5|7|8|262|3|6|188|
2016-06-04|2|1_CTs|CT19||322|72|82|299|285|57|52|527|35|28|22|20|30|17|26|27|16|13|9|16|11|10|19|11|255|26|23|258|21|24|38|502|34|270|58|61|72|65|342|91|98|71|103|611|344|93|357|111|102|347|106|848|119|107|358|90|91|103|324|310|352|339|354|580|109|340|347|367|84|1335|337|109|117|346|353|302|277|44|47|35|263|28|3|0|256|5|1|1|15|22|284|24|13|21|22|73|
2016-06-04|2|1_CTs|CT20||339|66|335|75|75|319|65|364|517|73|65|309|302|51|50|48|48|46|28|262|27|21|23|18|280|17|18|32|26|277|285|36|40|44|38|293|559|51|69|63|63|72|327|348|81|323|63|62|332|58|307|325|70|83|560|68|339|74|75|71|313|316|54|72|68|311|68|317|56|76|309|76|327|80|597|66|76|538|835|70|338|86|70|338|8|28|4|0|1|55|572|88|69|78|81|345|
2016-06-04|2|1_CTs|CT21||555|48|51|292|43|36|43|42|35|40|28|39|23|25|285|24|283|19|18|15|15|16|12|10|11|11|266|14|20|10|24|19|15|488|20|37|35|522|45|42|41|35|309|69|55|43|272|51|56|55|287|293|297|55|45|50|52|301|42|307|43|50|48|286|51|42|295|312|46|55|41|44|55|50|309|43|300|51|530|529|49|315|40|287|298|42|44|43|302|52|280|49|38|284|61|313|
