2012-09-22|22|1_CTs|CT1||19|19|14|11|12|8|6|6|10|8|10|6|4|4|10|10|7|11|10|10|12|16|27|25|14|19|20|20|15|41|29|31|34|34|54|61|55|64|64|71|59|64|73|64|66|55|58|49|49|45|65|47|59|58|53|53|47|49|43|60|61|54|71|66|54|57|58|53|52|46|50|41|58|59|52|59|51|46|43|51|41|43|41|37|35|26|17|25|18|23|22|17|17|26|17|17|
2012-09-22|22|1_CTs|CT2||249|256|301|221|184|302|373|211|205|108|17|10|11|11|14|12|14|10|13|14|15|18|22|24|25|23|27|28|29|48|43|46|52|65|65|61|77|71|108|87|78|100|111|106|107|107|96|88|132|115|129|99|118|114|82|85|82|110|87|88|88|112|77|105|104|96|98|94|93|105|92|94|99|91|95|81|100|79|89|75|83|71|69|63|56|45|49|45|60|49|46|35|39|42|30|35|
2012-09-22|22|1_CTs|CT3||90|65|55|49|51|52|31|28|30|33|22|20|22|23|18|23|16|15|14|15|19|19|23|35|36|31|40|38|31|71|63|84|82|79|103|113|119|106|129|135|133|133|166|170|143|140|170|136|192|150|174|153|157|155|114|124|122|145|134|148|145|146|127|159|134|134|135|135|133|126|141|135|125|135|133|144|149|125|118|111|129|121|113|95|84|69|83|91|79|77|66|61|73|53|57|54|
2012-09-22|22|1_CTs|CT4||48|31|37|34|30|18|26|22|19|22|18|16|16|12|17|18|12|15|12|6|13|15|12|19|29|21|38|33|40|35|49|48|57|52|59|86|71|73|106|90|95|104|96|142|126|127|136|111|129|110|129|114|116|100|105|90|84|96|87|90|84|89|92|108|115|87|97|126|121|111|101|107|114|101|103|102|87|101|98|119|100|65|77|79|66|59|62|42|56|50|42|39|42|32|41|46|
2012-09-22|22|1_CTs|CT5||47|47|35|32|38|23|27|26|18|22|29|16|11|14|11|17|10|19|18|15|11|11|11|26|26|28|36|40|46|35|51|53|55|81|64|85|84|104|124|107|121|130|126|147|165|131|140|143|148|119|147|146|137|132|118|98|97|105|78|100|111|118|113|115|133|113|109|142|109|140|111|116|106|94|124|116|109|126|102|116|109|86|76|81|66|57|50|58|46|57|47|33|45|48|57|39|
2012-09-22|22|1_CTs|CT6||64|36|28|27|33|18|18|20|15|13|12|17|7|13|10|10|14|11|12|10|10|9|18|14|16|20|22|23|33|24|22|27|35|38|28|39|38|49|54|50|73|77|78|93|75|87|89|104|97|75|90|97|100|96|85|63|63|56|56|73|72|77|76|63|90|85|85|98|89|88|82|80|85|70|79|80|72|73|76|65|68|57|40|52|44|44|40|44|38|40|30|44|39|36|36|24|
2012-09-22|22|1_CTs|CT7||4|10|3|4|5|4|6|2|4|0|5|2|1|1|5|2|4|4|3|3|2|5|3|4|3|5|3|3|5|4|11|6|7|9|14|7|13|8|22|20|6|15|9|14|22|19|13|9|18|16|19|16|18|16|10|13|9|16|11|11|12|24|15|15|25|13|15|15|13|11|11|19|18|17|15|17|9|14|16|14|12|14|17|15|10|4|8|5|8|3|6|10|12|7|5|11|
2012-09-22|22|1_CTs|CT8||35|22|22|18|25|16|18|11|10|10|10|7|4|10|8|3|3|3|5|7|2|5|4|7|13|4|10|9|10|13|12|20|16|23|26|34|38|47|38|47|54|33|58|57|66|62|74|77|57|62|68|66|73|53|50|64|58|68|60|45|67|58|49|63|58|57|50|54|57|56|50|61|54|58|50|47|69|58|52|47|69|54|53|37|34|26|33|31|23|32|14|18|27|16|29|32|
2012-09-22|22|1_CTs|CT9||34|48|34|32|32|28|17|19|24|10|20|14|11|10|15|14|12|18|17|11|14|14|21|38|26|18|54|36|38|67|65|100|72|103|110|148|118|158|147|143|158|151|144|169|187|119|139|156|138|137|120|134|115|118|135|89|96|104|104|111|105|118|110|103|115|115|113|112|104|120|125|108|117|85|124|96|112|122|110|122|96|101|95|86|71|71|68|57|54|45|48|53|67|53|52|34|
2012-09-22|22|1_CTs|CT10||1|1|1|1|1|0|0|1|1|0|0|2|0|1|1|2|0|1|2|1|1|0|3|3|4|14|5|2|3|1|1|2|0|1|2|2|1|2|0|1|4|0|4|5|8|2|1|4|2|3|5|6|10|4|4|2|1|5|1|1|1|3|1|3|1|1|6|2|1|0|2|0|2|0|0|1|3|2|1|2|4|2|2|1|2|2|0|0|2|0|0|10|8|1|1|0|
