2011-10-10|22|1_CTs|CT1||13|16|8|10|8|3|4|5|6|7|1|2|3|4|4|0|4|2|4|6|13|8|24|18|19|25|24|41|66|69|111|161|215|220|226|203|148|159|140|105|104|98|82|88|79|90|74|60|73|139|184|212|210|207|191|209|164|172|93|76|83|70|81|86|79|81|81|91|96|103|114|97|97|96|86|115|135|113|134|110|75|65|42|37|40|36|29|31|21|36|24|28|21|14|19|18|
2011-10-10|22|1_CTs|CT2||929|516|216|318|398|368|332|316|238|23|25|28|24|65|90|69|69|247|143|77|107|68|57|31|41|74|46|70|67|91|177|240|199|266|316|331|241|230|100|180|111|95|44|48|56|42|60|43|41|61|370|341|662|250|103|116|113|93|55|45|41|45|52|49|51|42|46|50|52|58|44|54|42|43|32|47|62|60|60|65|47|34|26|29|26|30|27|22|19|18|16|16|17|15|11|19|
2011-10-10|22|1_CTs|CT3||30|42|39|29|23|11|10|12|7|19|8|5|7|12|8|0|2|6|6|10|18|17|19|35|38|54|56|76|104|162|256|345|347|382|417|398|360|377|289|273|249|210|210|197|212|194|215|185|263|347|401|408|383|390|403|380|453|392|241|237|204|229|233|268|223|244|256|275|285|315|307|334|302|291|281|303|348|337|320|325|260|203|167|154|139|111|110|89|107|94|100|77|77|66|57|55|
2011-10-10|22|1_CTs|CT4||25|25|19|18|15|10|13|6|10|8|5|7|5|7|4|5|4|4|1|4|10|5|12|23|23|26|33|40|65|84|116|148|169|221|205|238|224|174|220|197|188|146|162|150|159|151|142|140|155|167|188|182|217|203|157|170|152|171|177|193|241|217|234|172|188|192|163|186|195|210|192|212|205|251|246|238|223|204|188|186|146|154|112|108|105|88|72|82|79|80|65|61|38|54|47|36|
2011-10-10|22|1_CTs|CT5||34|24|13|19|17|8|11|10|7|9|8|9|5|5|4|9|1|4|3|10|10|12|11|26|23|29|43|48|65|80|136|189|257|301|262|301|277|237|263|210|210|183|159|179|170|176|185|166|164|177|212|209|235|214|195|195|186|200|187|197|201|205|247|193|209|214|219|268|267|257|248|290|254|316|327|339|305|246|233|220|172|192|129|130|103|91|83|75|68|66|76|51|56|51|47|45|
2011-10-10|22|1_CTs|CT6||23|27|15|11|8|4|9|5|4|4|7|3|5|2|2|6|4|0|2|4|5|5|15|21|15|17|21|15|38|45|54|55|114|118|130|120|140|120|115|101|119|112|101|117|89|111|98|107|122|116|128|133|151|135|130|109|113|120|114|134|166|165|185|123|152|139|149|137|172|171|161|172|163|188|201|186|181|164|140|141|123|122|79|85|71|78|63|41|46|54|51|44|37|37|24|34|
2011-10-10|22|1_CTs|CT7||2|5|1|6|2|1|2|3|0|1|0|0|1|1|0|1|1|0|1|2|0|2|3|5|3|8|7|6|11|5|14|26|42|37|31|43|33|31|33|37|25|19|31|35|24|26|17|25|27|19|26|19|43|30|16|18|30|26|30|20|27|23|18|28|18|21|29|32|22|26|43|29|31|38|35|31|25|23|16|22|13|19|13|27|9|7|8|9|7|10|9|7|8|4|4|12|
2011-10-10|22|1_CTs|CT8||7|2|1|3|2|1|1|4|0|1|0|0|1|1|1|0|0|1|0|0|0|1|1|2|2|5|4|1|8|10|21|21|39|45|33|56|39|45|18|16|26|23|32|32|26|28|23|33|30|39|27|23|28|26|39|34|38|26|21|37|29|33|28|34|29|31|35|55|39|50|43|51|50|39|42|47|64|42|49|41|29|32|33|22|21|15|17|13|10|9|22|11|10|14|8|8|
2011-10-10|22|1_CTs|CT9||30|20|21|27|10|9|11|5|6|8|6|5|6|4|6|2|3|6|5|12|17|15|13|39|25|45|68|90|103|154|263|372|374|332|342|308|330|288|277|273|227|219|230|181|178|116|188|187|235|218|230|241|217|227|213|239|260|241|185|170|150|154|199|171|155|224|213|218|210|223|208|225|245|230|209|181|190|182|184|187|174|136|112|109|110|83|80|58|60|58|51|15|44|41|50|34|
2011-10-10|22|1_CTs|CT10||0|1|0|0|0|0|0|1|0|0|0|1|0|0|0|1|1|0|1|2|4|2|1|6|9|3|9|7|7|3|8|18|44|14|13|19|17|9|4|7|9|8|12|7|9|7|9|10|8|4|6|30|30|25|6|4|5|5|3|10|7|2|4|10|7|9|8|8|10|8|8|4|10|5|7|4|4|7|3|7|1|2|5|4|2|1|2|1|1|6|12|21|15|6|4|1|
