2012-12-11|22|1_CTs|CT1||20|7|13|6|10|2|3|5|4|3|4|4|1|3|2|6|4|4|4|5|4|6|11|22|20|21|22|30|41|61|81|137|199|221|204|192|181|134|130|112|104|99|93|89|81|83|73|70|57|96|75|91|81|81|74|71|75|83|87|84|79|87|78|85|80|96|85|86|90|100|121|106|111|103|108|90|70|60|60|70|62|49|49|49|46|43|31|29|42|21|29|14|21|23|16|14|
2012-12-11|22|1_CTs|CT2||32|24|23|16|17|9|9|6|6|6|4|4|4|5|3|9|6|7|19|25|23|43|53|58|48|64|81|84|115|106|228|202|161|295|253|339|315|250|190|185|143|156|207|171|184|163|183|184|156|220|255|206|162|188|167|172|243|196|191|265|241|246|217|165|209|191|159|193|220|213|149|175|148|157|221|248|225|195|193|166|134|144|119|91|77|110|68|79|80|91|77|60|61|49|54|48|
2012-12-11|22|1_CTs|CT3||42|42|38|24|20|20|17|13|14|11|10|10|10|7|4|9|7|4|3|5|9|13|25|38|31|39|43|59|79|128|170|285|300|392|390|403|389|329|303|274|228|179|190|209|181|192|225|212|174|214|217|196|219|193|221|211|236|221|241|200|222|251|226|213|253|246|245|281|266|276|342|323|302|317|303|290|256|235|224|198|164|171|149|141|106|121|83|80|101|110|100|73|81|70|78|60|
2012-12-11|22|1_CTs|CT4||45|24|24|20|11|18|13|11|8|3|9|10|6|7|9|3|6|6|3|4|13|7|15|16|22|27|34|34|54|79|118|149|197|182|201|223|225|221|203|186|157|143|154|156|164|147|155|147|158|146|161|141|157|162|138|124|152|200|198|150|165|159|184|171|177|193|216|198|203|219|209|211|203|204|204|198|162|204|209|231|188|144|115|136|99|88|98|75|57|60|60|53|49|73|45|56|
2012-12-11|22|1_CTs|CT5||42|34|22|11|17|17|14|14|9|3|11|4|5|7|8|7|3|5|4|10|11|16|20|18|29|28|33|42|52|84|120|184|243|336|271|276|311|295|241|227|189|179|194|181|169|195|183|194|173|169|183|192|191|205|179|164|174|203|221|166|185|181|212|234|196|242|228|275|262|280|267|285|275|269|284|261|222|241|215|219|190|191|141|141|111|91|86|73|67|87|55|69|65|57|58|52|
2012-12-11|22|1_CTs|CT6||23|33|20|13|15|11|9|13|3|3|6|5|4|5|5|4|2|4|2|2|12|7|15|10|15|22|22|21|31|45|50|77|76|117|114|105|105|112|104|69|94|89|99|82|113|96|115|106|114|81|106|85|96|108|95|98|106|120|125|95|107|125|146|107|117|139|120|167|162|175|171|166|174|156|140|148|126|118|133|152|133|130|70|77|75|62|61|50|40|56|50|34|44|44|38|35|
2012-12-11|22|1_CTs|CT7||6|7|5|1|6|1|0|0|1|1|0|0|0|1|0|0|1|1|1|1|2|4|1|2|2|2|3|6|5|13|13|22|31|37|42|47|49|42|28|31|24|17|34|34|23|20|21|20|18|28|25|28|22|17|21|25|27|12|32|25|16|25|22|25|34|19|18|25|22|26|39|36|29|34|36|24|24|24|14|22|16|17|12|9|15|10|9|8|7|11|9|7|7|6|8|7|
2012-12-11|22|1_CTs|CT8||23|17|11|4|9|9|5|6|4|2|3|3|1|2|1|6|2|0|1|3|1|3|5|2|5|5|6|10|7|18|30|49|65|74|82|71|81|74|78|92|76|72|75|73|70|72|84|90|70|84|71|71|88|89|73|89|86|81|93|72|77|70|76|77|64|54|56|90|82|93|103|99|79|47|53|49|72|99|75|73|67|59|75|55|54|39|41|45|49|40|39|38|30|30|29|25|
2012-12-11|22|1_CTs|CT9||37|30|22|19|13|8|6|7|8|5|9|8|7|5|5|6|3|5|4|9|11|17|18|32|30|25|58|70|86|138|207|311|342|374|325|321|323|344|299|274|239|212|244|148|187|164|209|210|171|206|170|202|214|200|194|168|175|211|213|211|206|178|221|201|207|231|224|232|238|227|216|253|240|216|212|179|164|174|140|142|150|122|111|121|98|78|66|67|71|86|45|67|66|44|54|40|
2012-12-11|22|1_CTs|CT10||3|1|1|1|0|0|0|1|0|0|0|0|1|0|2|1|0|2|0|3|1|2|2|7|2|3|7|6|2|7|6|11|40|27|12|14|9|8|9|9|3|4|4|8|2|2|7|9|6|5|6|3|23|36|23|6|0|5|3|3|2|5|3|3|5|11|9|7|11|8|2|7|3|4|3|4|5|3|2|5|5|1|2|3|2|1|0|1|2|1|13|40|21|1|0|1|
