2014-06-30|6|1_CTs|CT1||1|1|1|2|0|0|0|1|1|0|0|0|0|0|0|1|0|1|0|2|2|1|1|2|3|0|2|1|1|4|6|9|12|21|23|19|13|16|25|7|3|7|9|3|8|6|6|7|6|3|6|9|3|2|5|4|5|8|6|10|6|5|5|2|7|7|5|2|8|3|0|3|4|9|7|4|2|5|6|2|2|5|5|0|1|3|2|3|1|3|2|0|1|2|0|1|
2014-06-30|6|1_CTs|CT3||11|13|7|7|13|17|7|3|4|9|4|5|0|12|5|7|8|8|10|14|21|30|30|36|42|35|25|38|54|60|85|87|79|90|97|114|81|71|75|62|75|82|53|59|42|68|46|61|49|63|40|56|60|48|60|54|46|46|41|46|52|50|58|49|57|60|60|57|60|62|62|58|86|76|81|55|63|44|57|43|50|26|25|26|25|28|20|16|14|11|12|29|29|28|22|17|
2014-06-30|6|1_CTs|CT4||3|4|3|2|0|3|0|2|1|0|0|1|0|0|0|1|0|0|0|1|0|0|0|0|1|0|1|1|2|5|2|7|10|11|24|16|22|30|24|14|11|24|22|22|19|18|8|0|6|10|20|30|28|31|28|26|17|25|21|28|19|28|32|30|33|24|35|26|36|36|36|35|43|38|29|48|33|38|28|27|23|21|28|20|16|16|17|5|3|0|4|3|6|4|4|1|
2014-06-30|6|1_CTs|CT5||15|15|8|12|7|7|7|6|4|1|3|4|6|2|4|2|3|5|7|2|3|6|8|7|14|15|13|14|21|28|32|42|44|71|70|73|73|73|68|74|84|72|71|88|68|65|58|69|69|69|66|66|54|40|64|65|65|83|69|75|70|69|80|72|73|78|60|64|86|60|67|74|59|69|70|68|74|68|64|55|48|60|26|40|41|25|30|32|33|32|27|19|25|25|22|36|
2014-06-30|6|1_CTs|CT6||33|15|5|9|11|6|6|8|3|6|3|4|3|4|10|4|1|6|5|5|11|11|7|13|15|20|18|20|19|38|74|65|119|131|170|169|148|140|140|123|103|104|98|89|78|90|119|86|85|68|86|86|92|92|103|100|97|122|108|124|92|95|96|82|97|115|110|126|130|118|102|108|115|112|108|102|94|106|87|93|94|88|73|64|76|56|39|48|64|58|43|44|59|51|35|30|
2014-06-30|6|1_CTs|CT7||4|5|8|4|0|2|2|5|0|1|0|0|1|2|1|2|1|2|1|3|1|3|2|1|5|4|6|8|10|14|27|21|24|34|39|47|35|35|42|35|33|22|23|14|24|22|19|21|18|25|18|34|23|23|17|24|28|25|21|32|16|26|31|30|31|21|24|27|38|31|26|22|38|39|28|37|24|17|25|21|14|18|15|15|18|18|12|11|9|8|11|11|5|6|4|12|
2014-06-30|6|1_CTs|CT8||51|64|45|27|19|20|15|11|20|11|9|7|9|10|12|5|7|4|6|10|7|12|26|20|27|29|48|57|85|101|160|183|223|190|219|204|206|210|196|172|164|168|173|153|142|143|133|138|136|136|151|145|144|135|152|130|159|172|167|142|169|133|155|149|169|151|154|171|155|180|194|186|204|202|199|181|177|182|197|181|146|146|120|115|101|106|79|92|78|83|73|63|72|78|67|63|
2014-06-30|6|1_CTs|CT9||54|51|40|24|19|17|13|8|10|9|12|12|8|10|5|8|2|5|2|14|7|20|21|32|39|43|47|58|82|106|161|256|244|243|312|284|294|275|256|239|246|187|190|222|182|183|217|186|174|186|168|191|205|182|177|214|223|213|207|210|200|203|221|192|210|211|218|214|231|262|298|384|326|363|360|316|321|324|236|223|197|157|153|153|119|106|104|101|96|81|71|71|71|80|61|64|
2014-06-30|6|1_CTs|CT10||32|25|25|6|12|7|9|5|17|10|7|0|4|3|5|3|2|3|2|7|10|11|13|22|29|21|28|35|50|58|85|97|125|148|180|208|228|192|196|214|173|138|152|167|135|145|143|138|162|139|130|156|145|121|138|141|140|132|148|144|164|147|159|156|153|186|171|193|210|220|203|202|194|203|224|228|198|212|233|233|188|184|135|112|97|101|59|58|75|48|45|43|50|45|43|46|
2014-06-30|6|1_CTs|CT11||49|34|24|25|14|7|15|12|6|8|5|8|6|4|2|6|4|9|2|8|9|15|9|28|25|31|47|66|89|122|197|265|279|270|316|275|285|294|249|241|250|214|176|200|171|180|150|176|173|167|173|180|190|184|154|181|191|207|199|199|198|194|167|163|191|179|183|184|206|190|181|163|186|195|172|169|152|130|121|139|144|140|124|113|111|61|86|72|63|74|53|42|47|42|51|36|
2014-06-30|6|1_CTs|CT12||42|31|31|13|14|9|11|11|10|9|6|5|2|5|4|5|6|3|2|5|8|18|18|19|25|24|30|46|57|78|133|133|193|209|241|280|273|240|239|242|199|158|155|180|171|168|193|178|175|173|167|185|180|168|152|170|173|204|193|197|178|188|177|203|210|209|227|237|275|302|270|264|295|307|285|318|250|237|244|245|219|207|149|136|98|103|76|71|82|69|48|51|52|57|51|46|
2014-06-30|6|1_CTs|CT16||47|33|32|21|9|10|15|18|11|5|6|3|8|5|4|8|3|7|4|8|12|9|8|19|33|21|27|48|69|91|151|175|192|226|253|258|262|283|249|245|235|206|196|204|182|191|164|179|172|170|161|187|173|155|157|173|188|207|194|201|207|177|200|193|186|181|187|196|217|219|167|187|159|204|193|197|167|171|165|156|134|168|137|135|130|104|94|100|74|72|69|57|53|39|54|59|
2014-06-30|6|1_CTs|CT17||24|19|14|11|3|4|4|4|5|3|2|4|0|1|3|2|0|1|2|0|2|5|2|2|7|8|10|6|8|21|33|40|85|62|79|67|92|81|77|84|64|47|56|76|57|73|79|68|73|71|71|84|74|61|59|74|62|83|79|91|57|78|81|81|76|77|102|89|107|100|95|91|104|111|103|87|107|102|81|87|90|93|64|59|54|62|49|39|37|31|35|24|33|20|33|36|
2014-06-30|6|1_CTs|CT18||61|61|43|34|21|23|16|21|16|9|12|10|10|4|12|11|8|14|14|14|16|22|19|31|39|45|37|53|92|101|193|194|219|269|274|297|274|282|256|290|273|242|236|268|243|236|214|223|222|215|228|243|228|186|206|207|231|273|248|246|239|247|252|256|252|246|250|239|288|266|259|264|244|255|281|250|249|227|216|180|175|189|175|156|158|119|101|105|114|123|86|87|95|70|79|90|
2014-06-30|6|1_CTs|CT19||45|33|29|28|13|14|14|15|8|6|4|8|6|9|6|5|3|1|5|10|5|11|6|8|10|10|12|14|22|33|39|72|106|102|138|158|155|137|146|153|144|121|113|135|123|153|150|122|163|151|120|136|163|137|119|108|115|141|141|123|115|141|162|141|147|133|181|178|186|196|188|224|225|217|208|211|202|197|158|158|153|144|133|103|93|99|73|79|67|69|64|59|54|45|66|56|
2014-06-30|6|1_CTs|CT20||19|18|15|6|4|10|12|6|5|3|4|3|2|2|1|5|1|2|5|3|7|7|19|17|15|27|15|19|40|43|70|76|82|75|14|38|117|126|83|84|104|109|97|103|108|52|84|128|109|115|117|100|80|44|109|7|124|20|117|68|106|116|118|104|115|121|28|129|112|115|126|81|134|126|14|117|119|115|103|100|85|62|41|28|38|30|67|65|70|52|45|50|42|25|23|23|
2014-06-30|6|1_CTs|CT21||94|72|74|35|39|48|40|19|27|26|21|15|11|22|17|16|8|23|21|26|42|47|35|60|67|66|75|101|124|188|294|321|331|344|339|345|333|302|298|293|279|272|224|285|249|235|234|230|184|250|217|206|215|213|191|225|194|238|248|236|239|218|224|220|225|234|210|243|206|250|253|311|295|300|292|269|232|212|217|193|171|167|159|166|126|127|113|96|99|99|80|86|119|118|99|101|
2014-06-30|6|1_CTs|CT22||74|66|64|65|29|41|47|27|26|29|29|18|21|11|23|19|30|30|35|36|57|45|71|74|61|66|93|79|102|155|173|183|206|280|262|293|279|286|247|279|290|227|213|248|258|268|268|267|256|269|234|248|239|243|231|248|225|264|256|261|261|291|280|295|284|343|322|326|361|375|415|414|375|396|368|364|351|328|299|288|276|265|229|192|199|142|171|139|147|109|111|110|115|123|117|119|
2014-06-30|6|1_CTs|CT23||70|80|49|35|40|32|27|25|18|23|12|19|9|22|14|9|10|9|15|12|13|34|31|30|44|61|70|78|132|152|210|283|298|315|345|358|350|342|324|257|292|278|252|252|215|239|188|215|227|203|237|218|231|201|221|202|247|233|267|256|251|245|258|255|247|265|259|271|301|307|315|334|330|351|360|319|308|303|319|276|245|196|204|184|152|164|113|129|119|124|91|92|119|97|94|92|
2014-06-30|6|1_CTs|CT24||71|71|40|39|28|31|18|24|8|21|14|12|11|7|19|15|12|19|15|18|25|28|29|39|35|43|48|81|119|140|172|231|252|263|333|362|323|344|343|334|280|300|257|243|254|253|258|263|263|282|274|265|252|233|224|271|240|277|262|290|279|286|281|274|291|303|332|308|358|422|378|421|400|428|397|390|395|387|381|360|332|262|231|194|190|146|139|146|118|102|90|105|112|122|97|98|
