2013-12-03|6|1_CTs|CT1||1|1|0|1|1|1|1|2|0|0|1|1|0|1|3|1|1|0|1|1|1|3|3|2|6|2|6|5|1|3|13|68|139|62|52|52|21|15|7|12|4|2|8|6|6|11|5|5|10|5|9|8|11|8|9|5|8|7|9|8|1|4|7|9|11|6|12|6|14|10|9|7|7|6|8|4|2|6|5|4|1|2|5|1|2|2|0|1|0|4|1|6|7|6|0|0|
2013-12-03|6|1_CTs|CT2||0|0|0|0|0|0|0|0|0|0|0|0|0|0|0|0|0|0|0|0|0|0|0|0|0|0|0|0|0|0|0|0|0|0|0|0|0|0|0|0|0|0|0|0|0|0|0|0|0|0|0|0|0|0|0|0|0|0|0|0|0|0|0|0|0|0|0|0|0|0|0|0|0|0|0|0|0|0|0|0|0|0|0|1|0|0|0|0|0|0|0|0|0|0|0|0|
2013-12-03|6|1_CTs|CT3||7|4|5|3|3|4|7|7|2|4|0|1|3|4|3|2|5|8|7|9|11|13|23|27|31|32|30|30|27|39|42|49|76|84|103|98|83|56|68|59|38|51|39|40|48|46|41|51|42|33|58|47|37|29|50|46|32|44|50|33|31|36|43|48|33|47|39|47|45|60|33|42|61|71|77|79|43|38|32|41|25|25|27|18|24|22|25|10|27|12|12|8|21|16|11|11|
2013-12-03|6|1_CTs|CT4||6|4|5|6|3|2|1|0|1|3|0|4|0|1|1|0|0|1|1|3|0|1|2|1|3|1|0|5|10|4|11|23|70|46|21|15|21|22|24|20|30|19|28|21|30|21|26|34|24|32|24|34|39|31|32|20|21|36|18|18|6|26|24|27|37|42|37|51|45|40|45|33|45|59|59|67|65|43|45|36|44|35|23|25|17|22|14|17|9|9|7|15|8|9|7|4|
2013-12-03|6|1_CTs|CT5||19|9|17|11|12|4|9|2|5|6|3|3|4|3|4|4|6|3|5|1|5|5|4|11|17|9|11|15|14|28|31|48|80|76|74|93|93|74|65|62|80|89|63|69|58|70|68|66|67|71|63|72|67|59|75|63|66|45|88|72|75|61|75|84|82|86|89|79|34|68|75|80|73|115|112|151|123|96|63|65|68|41|51|41|39|36|32|30|36|26|28|30|34|20|15|16|
2013-12-03|6|1_CTs|CT6||15|11|12|9|9|17|1|8|3|4|2|3|3|4|4|3|5|5|3|4|9|4|11|20|8|15|16|11|43|36|63|87|169|177|189|198|181|160|138|126|109|114|99|84|88|89|97|96|108|95|105|101|97|106|94|96|103|100|126|112|89|119|100|107|116|119|87|135|127|126|116|103|112|124|112|118|141|101|78|94|79|116|85|56|65|72|62|61|61|49|62|49|46|39|37|31|
2013-12-03|6|1_CTs|CT7||4|5|5|3|3|2|1|3|1|2|1|0|4|0|2|0|0|2|0|1|2|2|2|4|6|2|6|5|9|19|16|26|53|43|47|38|31|31|36|22|27|22|21|19|18|31|20|28|26|17|22|32|27|23|20|25|28|21|34|33|19|22|27|22|26|23|21|32|25|35|29|37|44|39|24|29|25|15|19|18|15|24|15|13|9|11|23|10|9|6|9|6|10|2|6|6|
2013-12-03|6|1_CTs|CT8||42|28|23|14|17|18|13|12|7|8|5|16|12|4|3|12|5|9|7|13|5|8|24|17|20|34|42|56|76|104|177|201|247|198|205|207|178|187|218|182|161|164|131|131|150|130|118|122|127|132|154|142|137|153|161|162|158|165|172|146|162|155|145|137|159|163|144|155|164|181|196|184|190|200|200|188|171|174|157|153|142|132|124|114|109|93|71|83|61|72|77|61|77|48|43|47|
2013-12-03|6|1_CTs|CT9||64|41|31|27|16|22|6|17|12|7|7|10|13|5|17|7|5|4|7|9|8|9|22|30|34|36|44|57|82|122|198|340|313|366|365|360|280|297|266|275|239|188|171|165|181|183|181|167|178|194|175|205|213|199|208|216|194|202|218|242|204|216|214|219|243|215|235|258|278|246|263|311|330|346|342|360|355|291|192|184|186|150|136|101|114|107|93|91|95|77|79|60|72|64|56|51|
2013-12-03|6|1_CTs|CT10||24|22|17|18|8|8|11|8|3|4|5|2|9|5|9|9|2|3|4|5|12|8|15|16|28|23|24|43|57|68|88|141|165|173|180|197|191|179|187|155|152|137|148|128|157|141|161|139|144|158|141|148|130|151|114|155|151|143|159|156|153|163|141|157|176|168|190|202|183|225|216|229|237|255|223|205|238|230|215|185|157|169|131|105|104|65|91|70|64|67|56|50|51|50|40|37|
2013-12-03|6|1_CTs|CT11||44|37|29|13|14|7|3|10|4|3|3|6|7|6|10|6|5|4|7|12|6|15|20|26|33|34|62|80|97|150|278|369|338|347|369|301|347|339|275|280|249|207|233|198|170|168|153|185|137|161|189|241|227|189|201|234|192|201|228|205|196|222|195|211|192|232|244|223|263|248|254|210|246|217|218|176|165|180|163|158|176|130|129|92|87|77|78|73|62|65|55|42|40|47|34|32|
2013-12-03|6|1_CTs|CT12||34|29|17|26|19|11|7|10|3|6|4|2|11|3|7|11|4|5|5|8|10|11|16|16|31|19|41|47|63|75|120|231|271|324|280|281|267|255|220|211|195|161|188|135|170|158|167|167|154|178|171|181|177|163|96|150|152|170|193|188|183|192|196|193|217|237|228|261|242|318|305|309|334|330|325|302|287|314|234|213|175|193|161|125|100|78|101|85|73|75|58|55|47|53|42|47|
2013-12-03|6|1_CTs|CT15||14|13|11|3|3|4|1|5|3|2|2|2|10|7|6|4|6|1|3|4|11|6|10|24|14|21|23|26|44|62|93|152|238|193|189|160|149|134|110|103|99|81|80|82|64|70|69|78|76|79|75|94|82|73|65|83|88|81|82|74|85|74|59|80|70|71|103|102|93|85|90|103|109|185|165|162|98|69|51|57|56|63|43|42|43|41|32|23|33|27|23|11|19|16|18|18|
2013-12-03|6|1_CTs|CT16||36|36|33|18|15|10|9|11|4|7|4|4|8|5|8|6|4|5|5|10|9|13|15|18|25|31|36|54|64|106|166|253|335|308|302|303|281|253|255|210|188|171|218|175|157|136|179|189|136|162|184|228|198|188|178|186|197|186|216|229|195|197|177|184|184|202|198|240|242|238|220|235|220|232|232|192|191|163|187|195|164|159|134|113|106|84|91|83|62|66|70|59|60|54|38|31|
2013-12-03|6|1_CTs|CT17||19|16|14|23|10|4|5|6|2|5|5|4|5|4|8|2|2|1|1|1|4|1|1|4|5|8|7|11|14|23|33|62|88|109|87|93|75|62|74|86|88|70|65|52|76|64|70|69|68|80|61|69|70|72|67|68|67|70|73|81|64|86|85|75|87|91|109|102|84|98|98|113|101|108|100|89|108|128|101|87|81|68|73|43|50|43|48|39|42|37|29|34|31|23|18|27|
2013-12-03|6|1_CTs|CT18||54|42|44|33|27|22|25|21|12|13|7|7|9|11|10|15|11|8|8|13|13|14|18|27|42|36|42|73|81|123|162|232|360|286|272|344|290|290|304|263|256|253|223|223|220|207|239|224|226|216|226|252|225|225|235|214|244|226|268|250|255|272|258|244|239|286|277|311|257|320|278|307|317|373|336|193|219|233|239|243|189|190|191|161|116|119|133|127|105|100|100|98|89|83|64|66|
2013-12-03|6|1_CTs|CT19||33|16|25|29|26|13|4|17|12|11|6|6|3|4|10|6|5|0|6|3|6|3|3|9|5|13|12|20|24|31|44|91|182|177|161|188|167|163|180|134|139|130|106|112|120|153|130|151|121|134|118|146|138|139|128|136|123|170|164|143|148|188|135|159|182|164|185|169|187|199|231|277|261|257|272|258|229|263|173|170|138|138|135|99|74|86|89|70|66|50|56|59|42|57|25|42|
2013-12-03|6|1_CTs|CT20||21|12|13|15|10|5|11|14|9|2|3|2|7|1|4|3|1|4|4|2|11|7|12|14|19|18|20|29|45|43|48|87|118|170|140|99|44|96|140|66|46|111|101|11|102|113|114|115|81|32|85|36|111|117|15|4|21|99|125|85|47|26|105|41|81|110|112|55|72|130|122|136|28|125|91|163|128|126|122|91|84|90|80|72|52|49|57|10|50|53|30|39|44|26|34|23|
2013-12-03|6|1_CTs|CT21||60|49|28|24|25|20|18|20|19|16|9|9|17|10|9|15|6|25|18|17|28|29|28|48|64|66|68|105|115|175|241|336|379|371|383|372|364|288|268|281|246|241|239|242|218|230|208|216|221|220|209|239|223|177|223|223|210|268|243|231|262|239|243|223|241|227|223|221|226|242|254|227|274|294|289|304|236|230|197|169|153|156|123|137|122|112|96|95|105|104|98|86|85|59|70|72|
2013-12-03|6|1_CTs|CT22||82|58|52|32|45|31|30|22|25|29|22|15|12|11|18|19|17|16|21|30|18|50|59|53|60|66|82|71|78|124|145|176|191|241|304|298|294|274|244|249|231|213|213|260|215|250|259|219|277|250|277|258|267|257|244|209|224|288|244|251|256|286|258|278|309|311|320|321|370|419|393|369|402|417|365|369|382|346|327|261|264|265|194|192|158|151|151|131|141|130|133|122|118|103|98|76|
2013-12-03|6|1_CTs|CT23||55|43|27|26|22|13|22|19|15|12|11|14|18|9|9|15|7|13|13|9|11|15|32|37|41|53|61|89|111|144|215|313|346|347|351|343|296|355|293|312|264|234|225|200|207|175|205|190|198|213|221|226|214|234|235|210|238|242|254|235|223|231|232|243|225|248|286|260|277|314|312|274|300|312|259|214|283|295|250|243|203|198|172|178|127|151|124|119|133|109|97|91|90|59|61|53|
2013-12-03|6|1_CTs|CT24||0|0|0|0|0|0|0|0|0|0|0|0|0|0|0|0|0|0|0|0|0|0|0|0|0|0|0|0|0|0|0|0|0|0|0|0|0|0|0|0|0|0|0|0|0|0|0|0|0|0|0|0|0|0|0|0|0|0|207|282|261|278|263|284|338|352|311|330|354|381|401|412|390|405|404|437|427|380|388|348|319|268|245|200|181|151|142|140|133|127|136|107|101|113|90|93|
