2017-08-12|6|1_CTs|CT1||0|3|1|0|2|0|0|1|0|1|1|1|1|1|0|0|0|1|0|1|1|0|1|0|0|1|4|3|1|0|4|2|2|3|2|4|6|4|7|10|4|2|9|7|9|5|4|1|4|5|2|5|4|2|2|1|3|5|5|2|9|2|3|4|0|4|0|2|4|1|2|2|2|4|2|1|8|1|3|4|3|5|3|6|5|4|7|3|1|7|2|3|1|4|2|3|
2017-08-12|6|1_CTs|CT3||21|17|17|11|8|6|7|6|8|4|8|3|4|9|9|6|9|9|14|13|14|19|20|22|23|21|276|26|27|32|259|43|39|23|21|36|33|36|36|37|33|44|32|33|35|38|36|39|40|42|40|26|25|31|23|41|29|267|30|34|38|30|28|26|22|26|24|30|22|31|28|25|28|32|22|24|17|23|24|29|19|30|20|18|20|12|24|21|27|29|17|23|23|19|17|16|
2017-08-12|6|1_CTs|CT4||10|9|8|6|7|3|5|1|3|0|1|1|2|1|3|3|2|1|1|2|0|1|2|1|1|1|1|4|2|5|7|5|9|6|8|2|8|12|7|15|13|8|6|16|12|23|18|13|19|17|25|20|18|280|256|8|7|12|9|266|17|13|14|16|13|6|268|5|9|13|9|13|3|7|8|7|7|10|17|13|16|16|7|8|5|10|10|11|9|5|7|11|8|8|8|9|
2017-08-12|6|1_CTs|CT6||30|29|17|14|19|12|13|6|7|8|7|8|6|6|5|3|5|6|13|8|6|9|6|11|237|11|18|17|257|22|18|27|43|33|256|49|129|65|54|43|535|65|68|291|68|61|66|77|77|68|102|60|284|61|72|54|54|58|66|51|50|56|297|62|48|49|260|50|60|49|52|54|55|43|55|44|54|47|58|60|263|289|54|52|42|37|48|43|34|27|28|31|46|25|67|30|
2017-08-12|6|1_CTs|CT7||7|9|3|5|2|5|8|2|4|1|1|3|2|0|2|256|0|2|1|2|3|1|2|2|4|6|2|4|7|7|11|14|7|8|17|13|4|12|14|17|18|18|15|20|22|21|19|13|261|11|18|8|13|17|11|9|14|10|5|11|19|15|14|5|16|15|13|11|17|21|12|12|5|9|6|13|12|12|12|10|13|14|12|10|11|11|5|8|7|5|7|8|10|3|13|5|
2017-08-12|6|1_CTs|CT8||60|51|49|31|26|29|31|15|17|20|14|11|8|17|14|238|25|11|7|11|14|15|18|17|12|15|22|33|33|35|50|36|45|42|67|65|66|300|302|289|66|57|81|68|64|71|300|85|315|88|68|93|71|83|65|77|66|316|76|269|80|71|538|79|282|74|311|69|62|70|74|66|64|78|77|79|326|83|84|66|258|261|84|76|71|78|67|65|49|62|48|74|246|46|39|33|
2017-08-12|6|1_CTs|CT10||38|33|274|28|16|18|283|13|21|10|15|13|11|3|9|8|5|7|260|7|5|15|17|17|16|241|22|30|272|27|38|35|52|40|49|68|42|66|341|66|586|89|107|128|110|349|347|103|349|101|86|70|82|70|79|56|303|57|73|51|58|60|72|75|56|57|325|321|569|63|89|64|87|63|66|73|75|54|83|87|74|77|305|58|47|46|59|47|54|33|32|39|294|29|41|282|
2017-08-12|6|1_CTs|CT11||34|39|31|26|21|22|18|11|8|270|11|11|11|7|6|8|8|7|262|10|12|18|16|23|25|25|42|32|292|51|76|58|70|60|73|87|79|100|114|621|116|106|113|103|356|111|365|98|117|107|86|110|350|79|336|69|75|74|80|106|84|73|83|88|61|79|71|72|67|85|84|85|73|80|79|83|344|74|333|75|80|106|84|79|61|73|55|43|49|52|50|60|46|53|33|51|
2017-08-12|6|1_CTs|CT12||61|49|47|292|20|26|29|15|20|12|19|13|13|12|14|8|9|6|10|11|11|23|14|22|18|24|27|40|38|38|56|48|56|232|143|87|68|90|341|99|102|123|156|145|131|358|388|134|126|127|110|112|107|355|97|83|85|598|105|336|300|82|88|92|80|89|342|351|74|95|92|83|107|82|89|73|81|70|99|89|93|344|69|322|62|57|65|64|48|54|43|67|55|49|43|47|
2017-08-12|6|1_CTs|CT15||50|32|28|27|24|278|19|12|17|21|3|9|7|6|10|11|12|19|13|19|19|20|24|21|25|29|26|36|289|47|57|318|65|56|73|307|56|82|70|91|307|66|77|85|346|328|89|330|102|72|69|74|290|71|288|71|78|302|79|71|298|55|60|56|64|73|58|264|303|66|293|57|65|38|61|300|63|50|70|50|540|48|54|48|44|53|45|37|39|39|42|45|46|27|43|35|
2017-08-12|6|1_CTs|CT16||44|50|39|41|23|28|25|17|21|13|9|15|17|5|7|9|5|8|5|7|11|12|20|18|26|15|28|28|43|45|575|60|62|62|89|89|67|100|126|96|117|116|88|120|135|134|105|108|143|364|113|345|99|104|311|76|81|82|83|93|346|335|343|102|82|85|78|85|88|100|110|93|99|340|78|93|99|91|93|81|349|130|92|97|75|76|75|54|60|70|56|58|55|39|51|51|
2017-08-12|6|1_CTs|CT17||15|19|13|10|6|5|8|7|4|5|4|3|4|3|2|2|3|2|2|0|3|2|2|1|1|1|2|4|9|5|7|7|12|5|5|13|270|18|14|23|24|21|28|292|280|290|39|30|32|29|27|36|279|30|24|27|30|32|23|14|276|25|32|27|30|21|16|12|22|19|23|19|26|23|25|21|23|26|27|22|24|20|15|241|20|13|13|19|22|12|17|16|21|9|275|15|
2017-08-12|6|1_CTs|CT19||43|40|30|28|25|26|21|17|20|13|14|11|17|13|12|10|10|13|8|10|12|7|8|7|4|7|12|21|19|23|27|23|36|31|34|49|48|63|286|60|70|64|88|87|78|107|93|90|356|368|99|98|331|77|566|76|69|64|67|316|64|72|312|313|65|72|67|68|61|69|71|72|66|78|67|76|325|76|69|82|82|75|62|322|53|66|36|59|42|51|297|40|50|30|33|35|
2017-08-12|6|1_CTs|CT20||36|299|285|15|13|18|18|13|11|10|2|4|5|4|4|6|264|9|4|7|5|10|8|12|15|12|15|24|26|27|28|284|45|35|47|71|53|309|54|64|82|80|93|89|88|63|94|74|81|348|54|29|15|329|69|7|42|22|67|68|311|62|61|313|69|50|22|301|2|60|5|26|56|61|19|30|60|49|43|62|52|290|23|51|47|50|52|33|20|48|47|41|31|22|31|24|
2017-08-12|6|1_CTs|CT21||89|75|65|54|53|34|247|24|235|35|238|17|22|19|24|21|31|32|420|42|32|50|48|55|288|68|67|67|306|95|91|102|92|132|337|134|120|126|145|147|149|138|133|142|142|172|403|171|198|322|131|378|327|355|363|124|144|133|115|133|369|139|344|142|114|126|340|362|363|136|136|142|130|136|129|126|137|145|367|129|118|552|357|130|97|104|95|98|100|93|102|86|95|78|71|70|
2017-08-12|6|1_CTs|CT23||103|73|311|50|40|43|285|27|30|37|21|24|18|23|26|19|290|21|18|21|221|32|18|37|40|35|47|61|65|66|71|316|84|272|181|112|108|120|125|346|129|131|125|130|354|141|116|137|381|151|124|143|343|132|301|108|117|343|121|116|590|114|135|110|119|123|133|355|103|104|121|119|111|112|123|116|134|109|111|103|122|345|135|103|92|122|87|88|78|91|88|76|80|76|58|240|
2017-08-12|6|1_CTs|CT24||78|85|51|58|290|46|46|34|31|32|269|30|21|26|29|30|25|26|28|34|23|26|30|39|32|45|56|56|66|73|83|74|92|80|84|90|105|341|114|109|144|134|145|407|161|398|169|160|428|401|207|152|366|157|551|113|106|116|116|126|121|337|345|145|141|362|134|134|128|129|160|128|129|115|125|357|128|359|391|146|136|133|117|329|108|93|87|98|83|315|346|271|97|73|92|78|
