2012-03-22|6|1_CTs|CT1||0|1|2|1|1|0|1|1|0|1|0|1|0|1|0|1|0|1|0|0|0|3|3|1|1|1|3|3|4|6|7|11|32|42|34|13|22|30|32|13|7|8|3|6|7|5|2|6|3|8|5|1|7|10|6|4|4|9|4|4|6|10|6|3|3|3|5|4|4|10|10|8|9|7|8|5|3|4|5|3|5|0|1|2|0|1|2|2|0|0|4|19|17|6|1|0|
2012-03-22|6|1_CTs|CT3||9|14|9|18|6|2|2|4|2|0|2|4|0|1|2|4|6|6|10|11|18|16|14|29|29|37|35|55|60|65|91|87|114|114|201|214|187|172|183|178|136|100|97|46|50|54|44|49|33|44|48|58|49|52|49|54|51|59|55|47|61|57|53|46|59|66|58|62|56|66|70|80|77|65|71|64|62|55|42|42|41|40|38|27|41|36|34|27|22|21|21|27|19|12|18|22|
2012-03-22|6|1_CTs|CT4||17|9|9|5|5|4|1|3|0|1|1|2|5|3|0|2|3|0|3|2|1|3|1|1|1|6|2|8|6|23|25|27|60|40|17|22|35|31|26|38|26|36|30|25|27|33|38|39|27|38|38|40|45|33|36|14|32|34|30|28|43|47|43|37|48|34|28|30|44|49|70|50|58|63|74|57|60|27|39|43|46|42|29|24|30|27|22|26|20|14|15|7|6|15|15|17|
2012-03-22|6|1_CTs|CT5||17|20|16|9|14|18|6|7|4|7|5|4|5|6|8|6|7|4|10|7|7|6|4|6|10|13|21|31|27|48|65|70|91|98|98|122|156|126|133|107|134|151|130|124|81|82|71|79|57|52|64|73|54|71|78|98|89|88|99|86|98|78|71|53|82|77|73|81|93|92|95|100|83|87|68|66|58|61|69|42|47|48|43|36|42|32|49|35|33|35|33|35|19|24|35|20|
2012-03-22|6|1_CTs|CT6||39|25|13|16|10|9|2|7|8|5|1|4|6|5|4|5|5|7|5|6|1|10|9|9|16|12|15|27|49|55|87|130|150|174|182|234|212|231|216|187|175|125|132|106|102|119|111|106|94|100|113|111|137|111|108|101|141|137|120|126|138|111|116|120|120|104|110|121|153|148|169|141|140|135|130|120|124|123|117|100|104|119|104|84|100|81|69|64|66|64|56|41|35|53|58|36|
2012-03-22|6|1_CTs|CT7||3|2|1|10|2|0|1|0|1|3|0|1|0|0|1|1|0|2|2|1|1|1|0|4|8|3|6|11|8|22|17|24|21|32|43|42|50|43|49|41|35|27|29|27|18|21|34|22|22|21|27|15|27|28|24|25|23|25|22|20|25|15|25|23|10|33|24|27|22|32|19|31|32|29|43|28|19|18|17|17|13|18|17|12|16|11|12|8|7|10|2|8|3|4|4|4|
2012-03-22|6|1_CTs|CT8||48|57|32|21|16|18|14|7|11|18|14|12|12|12|5|8|8|6|11|5|5|21|21|31|38|53|60|79|134|169|257|258|226|228|202|194|189|148|163|143|166|156|176|136|149|153|127|148|141|134|170|151|151|151|141|170|169|177|165|158|156|170|149|169|157|173|152|194|188|219|194|203|210|180|210|191|185|178|171|181|153|164|137|134|93|105|93|88|85|84|78|88|91|62|53|71|
2012-03-22|6|1_CTs|CT9||53|41|27|38|23|25|15|19|11|11|11|15|9|6|9|9|5|8|13|10|16|27|29|49|47|64|82|102|130|208|283|327|399|426|439|451|409|420|413|417|393|308|276|227|196|218|185|204|189|206|207|202|190|216|193|232|215|240|225|219|194|251|195|245|241|249|278|305|339|385|394|388|385|357|358|300|284|237|242|234|193|191|191|161|148|137|137|108|98|82|121|98|81|70|80|70|
2012-03-22|6|1_CTs|CT10||31|32|27|24|13|9|7|12|15|10|10|12|6|12|3|5|8|11|5|1|11|13|9|22|33|40|44|75|77|117|138|167|186|190|191|195|220|176|189|248|220|191|203|183|169|154|164|157|174|160|170|160|184|170|143|135|133|166|164|179|155|157|160|183|187|197|209|205|194|250|246|236|255|254|237|244|223|196|198|209|161|162|136|137|108|110|89|89|66|60|57|58|54|60|50|45|
2012-03-22|6|1_CTs|CT11||38|31|19|13|15|7|12|12|7|6|9|5|3|5|6|6|6|9|9|10|14|26|35|33|39|56|87|115|131|261|317|369|393|363|342|353|326|338|343|288|269|303|294|202|209|187|181|167|170|183|197|201|234|181|220|211|202|234|199|208|193|208|185|202|196|235|234|248|271|260|249|234|248|245|239|203|153|168|166|153|147|150|110|123|111|99|98|77|65|67|66|67|62|29|57|34|
2012-03-22|6|1_CTs|CT12||33|37|25|25|14|10|8|11|18|16|6|9|7|12|7|4|6|10|12|7|10|17|11|21|28|30|41|73|85|126|160|208|250|259|271|288|280|264|246|275|249|230|182|189|160|180|170|166|172|188|182|171|201|182|184|152|192|200|181|188|179|174|184|206|199|246|253|261|274|299|317|323|319|317|348|320|289|253|206|243|202|184|177|158|117|126|87|88|67|62|55|58|67|50|49|43|
2012-03-22|6|1_CTs|CT13||31|24|11|28|16|12|11|9|5|7|7|8|8|4|5|5|3|3|12|8|12|20|15|34|43|28|53|74|83|153|160|209|263|289|357|330|347|344|364|344|327|223|182|161|155|148|176|150|153|158|176|157|150|171|144|178|173|195|157|135|150|162|162|176|181|201|222|205|238|337|333|351|302|302|320|224|213|162|176|175|142|126|137|92|92|91|86|60|57|59|61|64|46|37|47|45|
2012-03-22|6|1_CTs|CT14||25|27|16|14|14|4|5|9|8|11|6|6|7|8|8|4|6|6|6|4|13|10|7|13|15|20|21|45|38|55|69|84|100|106|138|116|126|141|103|138|134|121|123|115|105|102|114|100|107|107|121|90|98|120|103|85|116|131|129|116|137|107|110|123|114|140|148|155|152|180|185|175|189|230|189|174|167|161|128|128|112|103|94|101|89|74|54|39|52|42|51|50|37|34|26|35|
2012-03-22|6|1_CTs|CT15||9|12|14|11|6|3|5|5|4|2|2|7|3|3|2|4|1|6|5|4|8|7|8|17|16|24|29|45|50|96|119|134|202|206|234|239|214|227|267|201|167|144|112|84|74|71|76|67|80|75|61|80|86|80|69|81|79|78|85|84|67|70|88|89|70|81|111|96|122|191|152|164|141|136|140|89|80|72|72|60|62|61|59|51|39|48|32|30|19|37|28|20|20|15|20|19|
2012-03-22|6|1_CTs|CT16||35|37|25|27|27|13|13|11|9|9|8|8|10|4|6|6|3|6|10|7|9|9|23|28|36|46|54|115|87|178|230|253|281|278|309|300|283|313|307|313|289|240|252|223|207|192|198|182|183|183|192|193|208|216|195|202|180|194|199|221|209|175|188|200|185|243|248|219|221|244|216|238|213|232|259|219|210|184|163|209|148|161|110|118|135|114|111|85|80|79|78|73|70|64|50|56|
2012-03-22|6|1_CTs|CT17||7|2|3|5|5|5|0|3|3|3|1|0|1|0|2|0|1|1|1|0|1|0|5|3|2|6|3|10|16|20|26|40|62|40|48|64|47|42|31|33|42|35|33|41|32|24|40|41|43|46|24|25|39|36|43|37|30|32|31|31|35|38|28|45|24|52|52|44|63|69|56|118|138|110|107|61|53|56|56|48|52|47|34|25|27|26|29|19|19|10|13|13|17|13|5|9|
2012-03-22|6|1_CTs|CT18||66|64|46|39|46|39|25|16|13|22|12|13|12|20|15|13|13|12|19|11|16|15|26|29|28|46|67|112|131|177|270|304|378|285|183|145|159|159|121|157|187|235|187|221|244|260|249|255|232|228|211|262|264|276|243|273|297|300|315|328|312|266|277|282|277|295|292|297|320|337|320|339|309|368|362|314|307|281|268|259|237|215|179|194|179|147|155|145|114|121|113|115|114|83|104|83|
2012-03-22|6|1_CTs|CT19||41|31|31|31|23|19|16|11|14|17|6|8|8|7|9|5|4|7|8|7|6|5|9|7|9|18|21|32|41|57|84|147|182|169|171|202|175|176|147|145|164|140|141|143|125|122|157|130|151|149|130|125|165|144|157|150|152|127|135|164|147|177|160|148|171|184|170|201|212|218|231|260|256|251|240|233|235|246|211|195|175|171|146|100|101|88|91|90|60|69|54|58|56|51|56|66|
2012-03-22|6|1_CTs|CT20||27|17|18|11|17|11|5|5|9|4|4|7|1|5|1|6|1|7|4|5|4|10|7|14|21|27|29|44|51|52|86|103|142|138|151|27|168|144|142|148|177|133|140|129|129|116|47|75|107|104|100|109|65|56|117|26|6|98|119|35|115|116|44|37|69|13|60|7|94|141|62|1|77|131|135|129|87|71|33|68|22|78|53|65|82|76|55|59|39|60|50|50|43|50|31|30|
2012-03-22|6|1_CTs|CT21||61|50|43|60|28|22|18|12|17|12|7|13|8|9|9|23|13|10|18|19|25|22|34|51|61|80|90|144|198|312|361|411|379|374|332|239|291|243|261|232|315|280|299|243|202|198|217|216|231|225|228|214|215|216|215|230|235|252|288|263|280|235|259|233|229|262|229|268|288|345|325|308|313|302|278|272|259|252|219|189|216|168|176|151|143|178|137|120|116|97|120|88|78|80|56|91|
2012-03-22|6|1_CTs|CT22||89|67|64|50|48|35|38|22|29|24|27|25|16|18|23|37|17|16|26|32|31|30|43|67|71|72|94|128|164|150|215|247|246|279|314|290|305|316|274|236|226|224|236|244|240|257|237|266|296|297|283|284|275|249|233|233|236|296|282|265|301|296|291|323|312|315|368|352|428|376|385|403|400|402|374|379|427|404|367|347|351|338|282|225|192|190|153|185|168|145|147|167|142|147|113|117|
2012-03-22|6|1_CTs|CT23||44|39|33|40|28|16|9|9|9|8|9|12|11|13|8|12|4|4|13|4|9|18|24|31|32|45|45|68|114|136|199|275|296|295|256|232|258|207|234|258|273|254|237|169|134|155|121|131|156|143|158|142|149|138|162|203|192|202|176|220|193|192|185|162|170|170|168|192|209|243|274|238|260|273|259|230|206|192|179|189|151|158|107|119|108|98|85|89|74|84|79|75|74|50|48|72|
2012-03-22|6|1_CTs|CT24||109|72|44|42|34|32|13|20|18|19|20|10|20|9|19|12|14|9|21|24|18|23|25|31|52|52|76|114|148|158|228|285|291|315|348|316|312|332|325|282|201|244|173|337|216|287|267|258|256|245|228|271|307|238|210|229|245|215|241|273|335|312|282|300|302|336|324|380|299|424|413|404|412|420|450|406|414|425|365|349|348|316|285|241|186|180|137|150|133|123|118|124|124|115|96|78|
