2011-07-14|6|1_CTs|CT1||1|2|0|0|1|0|0|1|0|0|5|1|0|0|1|2|0|1|0|1|6|3|2|6|6|2|6|1|4|3|8|6|7|8|6|12|9|7|4|7|4|9|6|5|8|6|7|5|3|7|2|5|3|9|3|6|5|2|9|7|5|4|2|4|8|7|2|7|5|5|5|3|4|7|6|6|3|3|4|3|6|6|4|3|4|0|3|2|1|3|22|28|20|0|0|2|
2011-07-14|6|1_CTs|CT3||28|9|23|6|10|18|4|5|2|2|4|1|3|5|2|6|5|4|7|13|15|19|16|31|36|32|37|49|52|70|65|85|89|96|115|83|89|73|75|81|67|68|73|66|65|70|72|53|55|61|67|54|53|57|50|57|57|60|71|59|49|53|58|45|68|72|65|66|59|84|69|79|65|61|67|57|63|49|47|42|36|52|35|33|36|37|31|36|27|27|25|20|21|29|21|11|
2011-07-14|6|1_CTs|CT4||16|8|7|4|4|3|0|1|2|0|3|2|2|1|0|3|1|0|3|3|0|2|0|1|1|5|2|4|7|9|10|18|15|16|26|25|22|26|28|26|29|19|1|15|19|30|28|32|31|20|20|28|30|24|30|26|28|11|10|14|22|32|22|27|21|30|30|37|39|53|33|37|37|32|46|38|32|35|31|30|30|34|25|17|16|13|11|10|14|12|13|16|11|21|13|15|
2011-07-14|6|1_CTs|CT5||25|20|19|11|18|8|9|9|11|6|4|5|5|2|8|4|8|3|8|7|9|6|7|5|11|14|10|23|26|33|27|33|49|51|82|74|57|74|67|82|61|80|57|75|40|81|61|52|61|81|83|81|80|73|59|79|63|71|71|56|56|68|63|38|48|41|60|65|69|61|60|56|43|48|56|43|33|50|41|42|49|49|34|38|41|42|45|36|25|29|42|21|29|21|28|26|
2011-07-14|6|1_CTs|CT6||24|27|18|14|13|10|10|10|9|7|5|5|5|3|8|3|5|4|1|4|16|8|6|17|14|23|14|29|39|32|55|71|98|126|163|152|165|148|105|127|107|92|95|117|97|98|91|105|87|116|95|94|107|104|86|111|103|107|142|115|102|89|94|96|116|111|93|124|132|106|120|109|129|112|129|101|101|104|111|103|106|117|90|68|75|77|52|60|79|60|43|49|45|58|44|47|
2011-07-14|6|1_CTs|CT7||6|3|2|4|8|1|2|2|0|0|3|1|1|0|2|1|3|1|1|1|3|1|5|2|4|7|4|10|2|7|19|14|24|21|34|29|30|30|24|33|25|23|18|31|20|18|22|21|22|31|21|25|25|22|28|18|22|33|17|24|21|28|34|22|22|26|24|31|22|32|32|21|25|28|36|28|31|24|18|17|15|17|17|14|17|12|12|13|19|7|9|9|5|5|2|13|
2011-07-14|6|1_CTs|CT8||61|48|35|33|29|17|19|25|14|10|22|8|19|18|4|6|8|9|4|8|9|14|25|20|25|23|42|51|64|119|159|172|212|232|238|221|226|205|217|204|184|171|145|147|129|144|124|145|132|132|142|138|144|144|118|128|154|182|192|173|153|129|162|172|144|126|177|162|149|188|180|185|181|185|181|207|167|138|174|162|175|148|130|122|125|115|115|97|68|86|75|90|87|70|56|56|
2011-07-14|6|1_CTs|CT9||60|60|45|25|20|24|16|19|18|9|17|11|8|9|13|5|7|7|10|6|11|20|26|33|28|44|38|64|97|141|152|199|265|258|276|289|283|302|208|236|202|238|189|203|197|204|204|206|212|191|206|213|187|177|142|176|222|218|206|207|237|202|206|212|183|237|218|246|245|328|311|261|242|259|229|211|189|234|253|259|237|189|163|139|147|123|122|95|114|77|103|85|85|65|72|82|
2011-07-14|6|1_CTs|CT10||46|45|20|17|15|16|17|10|13|8|9|8|8|7|3|7|4|6|5|3|7|10|10|22|29|25|31|44|59|81|78|112|127|161|175|184|189|168|158|180|195|162|175|161|158|161|148|138|131|177|140|161|136|144|121|117|142|129|164|155|164|148|154|128|160|162|171|183|197|230|186|182|226|210|260|195|178|177|196|165|147|147|127|96|100|96|82|66|55|55|56|64|48|49|52|55|
2011-07-14|6|1_CTs|CT11||46|28|26|13|13|13|16|8|13|6|10|8|11|7|9|6|5|8|8|7|18|20|16|44|41|42|52|88|84|146|170|237|309|304|314|288|315|290|268|247|223|202|206|200|162|156|170|172|188|161|170|169|161|179|153|199|177|173|169|184|165|175|182|185|152|180|152|183|167|182|213|223|193|211|194|150|131|167|188|203|200|142|100|101|107|97|72|77|63|57|19|40|64|54|46|48|
2011-07-14|6|1_CTs|CT12||44|45|31|21|19|15|16|15|16|9|10|15|16|5|4|9|4|8|5|4|13|14|10|26|24|33|31|47|66|77|101|114|147|183|218|223|232|205|188|201|177|175|161|153|145|164|148|167|170|173|153|147|179|170|136|152|154|175|168|167|176|185|149|172|190|183|205|213|223|282|244|261|240|262|272|244|232|192|204|189|187|148|144|119|125|104|83|78|81|57|66|58|60|71|42|58|
2011-07-14|6|1_CTs|CT13||37|54|25|24|24|12|12|5|10|5|13|9|5|4|8|8|6|8|5|5|9|15|19|24|22|33|33|48|67|97|114|135|185|175|213|204|185|203|171|176|154|166|156|158|147|179|150|158|158|177|134|158|154|136|108|115|146|170|145|165|142|122|159|152|136|171|173|189|189|258|243|200|188|185|206|157|165|153|143|154|125|125|106|97|96|76|73|67|87|50|82|54|57|48|50|58|
2011-07-14|6|1_CTs|CT14||28|26|26|23|16|11|13|13|13|10|11|5|7|5|3|4|4|2|4|1|7|7|10|9|12|20|16|23|23|31|60|61|67|84|102|89|102|112|91|100|106|102|89|99|106|111|94|96|93|117|79|86|75|82|81|94|96|97|113|103|122|127|120|112|108|110|133|119|158|183|167|144|141|150|183|144|147|128|145|132|115|102|91|66|76|72|70|53|67|38|53|42|45|45|28|37|
2011-07-14|6|1_CTs|CT15||16|24|21|10|16|6|9|6|3|5|8|3|3|4|7|2|5|3|4|2|16|13|12|22|20|21|24|30|46|59|72|112|113|114|152|133|144|127|100|120|108|96|88|79|84|68|69|64|71|79|80|89|81|60|62|63|73|86|67|93|73|68|83|90|62|86|54|89|71|134|108|92|94|88|92|86|78|71|70|88|63|50|56|53|41|43|29|38|30|30|34|31|31|24|19|27|
2011-07-14|6|1_CTs|CT16||53|34|25|14|20|12|23|15|7|8|9|3|9|4|7|6|7|5|8|6|10|8|18|26|39|30|40|64|53|103|126|167|213|211|211|245|242|227|228|237|234|187|216|211|195|171|176|156|171|184|187|192|180|171|164|174|179|162|177|226|178|189|201|167|185|186|177|177|174|189|189|211|198|228|251|216|174|184|161|159|163|170|139|121|118|112|91|87|82|65|66|72|58|49|61|58|
2011-07-14|6|1_CTs|CT17||18|4|6|2|4|7|3|3|3|0|1|2|3|0|1|0|1|2|3|0|0|1|0|4|2|3|4|7|5|10|18|22|18|30|27|45|44|38|34|38|31|26|28|26|32|23|26|28|40|32|28|38|28|29|34|31|32|43|41|31|36|38|31|29|29|21|45|49|50|54|35|46|43|47|42|40|35|45|43|42|41|37|26|23|33|30|20|11|17|11|14|15|12|14|15|19|
2011-07-14|6|1_CTs|CT18||74|57|51|40|39|26|32|28|26|23|11|13|13|7|14|10|20|12|17|12|16|18|21|26|42|56|47|71|78|104|140|180|257|253|297|287|304|294|295|289|279|267|244|294|255|243|204|217|207|239|247|244|251|232|205|222|202|239|228|269|234|256|244|210|237|213|241|252|264|250|294|273|249|297|273|263|222|248|215|209|217|199|169|169|165|146|153|119|110|103|106|105|113|64|87|79|
2011-07-14|6|1_CTs|CT19||44|35|39|16|28|24|13|23|12|14|8|12|7|6|8|8|12|8|6|2|5|7|7|11|7|8|12|20|25|33|54|59|90|95|125|162|177|141|129|135|132|126|140|139|134|152|118|147|135|139|129|132|157|110|107|132|122|140|152|148|169|131|165|138|139|144|160|155|197|165|197|190|168|215|166|182|159|194|163|161|176|123|128|90|116|110|68|76|82|64|55|53|55|57|50|48|
2011-07-14|6|1_CTs|CT20||29|23|26|14|9|13|10|5|9|5|3|9|5|7|2|4|4|4|5|5|6|15|10|10|18|20|20|30|43|50|60|76|96|96|111|132|126|132|112|68|118|144|121|139|100|128|87|96|120|131|120|110|22|61|91|89|27|111|114|106|114|131|118|103|116|43|76|12|111|116|29|90|89|65|68|135|124|90|100|90|102|95|70|70|8|73|74|63|66|57|50|45|49|48|54|38|
2011-07-14|6|1_CTs|CT21||89|74|66|49|37|30|27|23|19|10|10|19|11|13|11|16|15|10|19|18|29|25|33|46|56|68|69|118|136|177|245|312|331|365|365|343|315|338|306|305|305|286|240|254|260|255|261|220|253|244|252|199|223|223|193|217|209|241|284|273|241|251|244|226|222|214|239|223|211|272|280|253|257|266|259|217|211|227|217|205|217|226|179|172|143|147|134|137|111|154|110|119|95|82|73|93|
2011-07-14|6|1_CTs|CT22||119|110|102|74|53|50|30|42|25|32|36|16|24|20|14|17|12|27|26|30|34|39|43|51|76|85|87|107|127|151|161|196|182|247|275|316|276|283|242|261|254|267|258|285|277|264|280|247|326|268|290|261|263|266|214|241|236|292|266|285|301|283|292|324|339|277|351|331|361|374|386|410|330|363|373|351|320|370|332|304|277|279|247|214|166|166|187|171|166|172|166|143|131|109|103|111|
2011-07-14|6|1_CTs|CT23||91|87|54|49|45|36|29|32|22|16|21|12|22|24|8|7|13|15|12|14|13|23|33|38|49|50|63|92|111|171|257|286|310|381|379|354|355|330|309|295|297|265|243|273|238|215|210|239|245|249|234|246|248|231|215|223|232|279|290|268|267|232|248|269|234|234|274|293|285|304|335|297|336|363|295|301|278|251|259|267|266|247|227|204|193|185|172|170|131|132|142|136|101|104|93|74|
2011-07-14|6|1_CTs|CT24||101|83|56|56|48|43|30|33|28|26|20|18|18|18|13|15|12|10|18|16|23|15|30|43|51|54|62|80|107|139|159|216|230|216|300|309|328|332|275|298|265|299|249|293|253|254|232|257|272|300|242|256|261|230|209|214|239|253|249|291|251|290|268|286|293|308|338|338|360|368|375|380|387|399|408|351|372|344|355|325|305|264|242|206|177|188|158|149|139|126|135|128|130|105|109|128|
