2011-08-15|6|1_CTs|CT1||0|1|1|2|0|0|0|0|2|1|0|1|0|1|0|0|1|1|0|0|2|0|0|0|5|1|2|1|1|2|2|0|1|1|0|1|1|0|3|1|2|1|1|2|2|2|1|3|2|1|2|3|4|3|1|3|1|2|2|1|1|2|1|3|2|1|3|3|0|4|1|2|4|0|2|4|2|2|3|1|1|2|3|0|1|2|1|1|10|2|8|21|14|4|2|1|
2011-08-15|6|1_CTs|CT3||9|26|15|10|7|11|6|3|6|4|7|6|0|5|2|3|2|7|7|10|14|24|25|25|28|22|36|25|23|52|31|37|26|33|39|30|27|41|22|41|34|43|45|39|36|31|31|46|35|35|36|37|39|37|43|29|30|42|32|33|26|35|44|31|40|34|28|27|51|42|41|51|28|29|22|49|40|28|36|40|29|19|26|17|19|29|36|33|18|33|31|29|24|17|21|17|
2011-08-15|6|1_CTs|CT4||6|7|8|4|0|4|3|2|1|2|1|1|3|1|2|4|0|3|1|2|1|1|1|1|1|2|3|3|2|3|2|1|4|7|2|6|6|4|8|9|14|4|8|1|9|9|7|12|8|14|6|11|9|9|9|12|16|10|11|17|14|16|10|13|22|10|17|7|16|16|10|16|14|15|9|18|15|12|11|13|15|14|7|15|21|8|14|9|16|12|10|8|6|7|6|8|
2011-08-15|6|1_CTs|CT5||14|17|14|7|10|5|7|9|9|6|5|7|5|8|5|5|2|3|7|5|6|4|8|4|4|10|13|11|9|10|12|11|11|12|15|15|12|25|19|18|22|20|23|25|29|30|24|22|32|41|23|30|45|28|43|28|19|24|30|22|24|41|46|44|41|52|35|32|31|27|39|45|29|31|33|22|25|20|38|29|35|22|38|29|29|41|24|32|27|30|17|20|10|19|13|21|
2011-08-15|6|1_CTs|CT6||11|12|7|11|4|8|8|2|8|5|2|6|2|2|4|3|3|4|5|8|2|6|3|8|7|14|4|14|11|11|13|10|17|23|15|18|16|19|26|19|25|39|29|34|43|32|44|39|44|34|42|42|51|42|40|32|39|43|48|38|49|39|32|49|48|41|49|42|36|37|42|50|42|46|51|42|42|37|36|49|59|45|59|33|57|30|47|31|28|26|23|26|32|26|17|17|
2011-08-15|6|1_CTs|CT7||4|5|4|6|4|6|3|2|2|1|1|0|1|1|2|0|0|4|0|0|1|3|2|3|1|2|3|1|3|3|4|8|2|7|6|5|3|9|6|7|7|10|12|14|15|6|7|16|10|8|6|10|9|4|6|11|3|4|7|10|6|12|14|13|5|10|4|7|11|4|12|15|8|14|16|17|3|8|10|16|10|11|9|9|17|9|13|8|12|14|7|10|7|9|8|8|
2011-08-15|6|1_CTs|CT8||42|38|30|32|23|19|25|11|13|11|12|15|7|13|7|6|23|10|2|6|9|8|6|11|8|20|18|21|22|25|50|38|30|33|42|40|38|47|54|40|50|41|57|43|53|56|44|58|49|61|61|59|56|54|70|60|53|62|56|74|61|79|74|74|79|83|75|72|69|76|76|95|78|93|82|78|79|108|100|82|99|69|108|90|67|76|92|67|50|69|70|67|55|54|76|47|
2011-08-15|6|1_CTs|CT9||41|40|32|23|21|12|21|11|14|15|9|10|9|10|10|11|4|7|8|7|16|12|17|8|8|25|29|37|39|41|45|48|56|53|39|49|38|43|50|41|61|75|75|76|63|87|68|75|70|74|56|80|69|79|67|65|90|90|89|81|97|95|108|94|127|115|112|129|103|116|101|99|91|105|91|99|99|94|79|77|93|87|66|76|75|81|68|75|75|59|71|67|66|43|45|52|
2011-08-15|6|1_CTs|CT10||26|20|23|18|13|9|5|4|15|9|7|4|2|9|6|3|3|6|3|5|9|3|12|10|14|12|11|21|20|23|31|32|26|26|29|31|29|24|43|42|46|51|42|46|50|80|55|49|45|54|54|54|80|67|53|51|48|52|66|43|71|75|77|68|51|69|65|84|66|55|66|58|62|66|66|85|57|56|65|65|88|66|58|54|47|52|51|40|35|45|51|33|31|34|35|27|
2011-08-15|6|1_CTs|CT11||29|28|17|21|16|10|11|7|9|10|5|10|6|7|6|5|6|4|4|4|10|12|12|15|14|17|23|26|26|34|38|43|34|22|24|46|25|40|35|41|44|37|41|47|50|50|50|65|57|46|61|72|62|45|67|55|46|69|68|65|61|59|63|75|78|63|43|76|52|88|65|72|78|80|86|79|63|76|68|75|71|79|64|67|74|53|49|53|43|49|34|51|49|43|37|41|
2011-08-15|6|1_CTs|CT12||25|22|17|21|18|11|10|6|13|15|13|4|7|4|8|3|2|5|5|13|4|5|11|13|21|16|13|22|21|31|39|34|26|33|28|36|37|34|44|36|54|48|49|45|44|75|57|50|54|54|58|56|70|53|46|56|46|51|66|49|68|51|53|60|65|89|68|69|74|70|83|68|70|75|77|92|69|73|78|75|89|69|70|67|52|44|55|41|44|40|31|39|33|55|33|34|
2011-08-15|6|1_CTs|CT13||23|32|26|20|13|10|18|12|9|12|5|3|7|8|5|4|2|6|4|7|12|12|13|10|11|17|16|25|27|32|32|52|25|36|38|35|25|41|31|38|44|66|74|62|67|56|52|67|54|46|47|63|59|63|51|65|54|60|70|62|63|61|69|72|60|77|60|65|70|65|59|74|56|66|67|86|59|57|57|59|62|55|46|51|65|46|54|58|44|49|53|54|44|30|41|31|
2011-08-15|6|1_CTs|CT14||18|14|20|13|14|5|9|4|11|8|4|6|5|6|3|3|2|6|2|7|6|4|10|18|12|11|9|16|17|16|29|23|20|26|17|20|29|31|31|25|29|36|35|33|34|56|38|42|43|37|52|49|47|38|46|33|40|36|46|38|47|41|54|39|55|52|39|49|54|51|49|45|48|53|45|52|48|45|42|77|61|47|44|44|35|40|32|25|36|35|30|29|21|25|28|28|
2011-08-15|6|1_CTs|CT15||16|20|6|10|8|8|9|7|3|4|2|8|9|5|4|2|3|8|5|9|16|7|7|14|18|9|16|21|12|19|18|27|16|14|15|11|13|18|19|15|20|28|38|38|31|33|24|33|33|31|26|31|24|36|38|36|35|39|39|38|30|33|26|36|30|44|42|44|29|35|44|48|44|48|39|39|33|27|34|38|46|48|48|31|28|38|34|28|37|28|27|36|23|20|26|16|
2011-08-15|6|1_CTs|CT16||25|26|18|20|17|17|13|8|13|3|5|4|5|10|4|4|3|7|3|2|10|8|10|14|9|16|14|23|23|25|31|36|31|31|34|43|33|37|46|59|48|54|51|65|74|69|64|65|63|59|77|68|88|74|75|61|55|74|78|65|77|84|99|97|64|67|71|95|73|85|81|87|73|96|95|108|66|71|76|85|75|79|73|73|73|71|61|65|44|61|57|51|43|50|41|38|
2011-08-15|6|1_CTs|CT17||6|3|5|1|3|4|5|4|4|3|1|1|2|2|3|2|3|2|2|2|1|0|1|0|2|5|2|2|6|7|4|6|6|6|4|6|11|4|9|8|12|20|23|16|16|17|20|13|19|16|7|21|25|27|22|20|22|10|17|9|14|10|9|15|23|30|19|25|15|20|16|19|15|19|19|17|3|11|19|11|11|13|10|9|12|7|10|4|16|8|11|6|4|9|6|4|
2011-08-15|6|1_CTs|CT18||43|42|46|33|27|23|28|24|21|15|9|17|10|17|10|14|6|11|15|10|18|12|17|18|17|24|29|35|32|45|34|47|54|37|48|52|50|52|51|70|81|78|81|89|93|95|81|97|121|108|92|99|142|104|115|94|86|81|109|97|114|112|139|134|143|136|121|144|127|131|123|139|130|122|118|111|125|109|125|126|135|106|134|103|105|122|105|91|78|88|77|84|68|62|51|51|
2011-08-15|6|1_CTs|CT19||21|19|29|17|14|12|9|11|11|13|7|6|5|12|7|10|5|9|6|7|5|5|7|2|3|9|8|11|16|14|13|16|21|21|23|25|27|25|26|35|44|47|43|33|39|55|46|59|54|60|51|56|69|66|50|56|41|63|62|44|51|44|65|76|93|116|101|100|106|92|93|71|82|61|65|82|61|72|80|67|69|65|57|70|56|46|64|41|43|36|35|34|50|36|35|28|
2011-08-15|6|1_CTs|CT20||10|11|11|5|8|13|6|7|1|4|8|4|2|3|3|3|2|6|3|4|3|9|7|7|13|8|11|21|14|23|23|26|18|26|18|34|26|32|29|43|43|49|58|40|46|53|46|53|82|55|58|65|52|67|55|46|57|53|52|67|50|44|44|42|46|59|46|43|64|47|48|31|53|51|59|57|59|54|8|62|48|56|72|47|43|51|45|46|39|32|31|29|24|20|24|19|
2011-08-15|6|1_CTs|CT21||80|78|44|36|35|31|49|31|27|20|30|17|18|17|11|14|9|11|10|17|15|27|23|36|34|24|53|58|33|75|51|74|70|69|69|68|65|75|62|77|94|101|86|96|121|99|111|112|131|116|118|124|103|114|119|115|120|140|150|130|135|139|183|146|149|142|177|127|135|128|174|161|187|196|173|143|172|175|170|185|152|146|144|146|135|151|137|153|145|155|139|140|121|131|98|94|
2011-08-15|6|1_CTs|CT22||53|63|52|42|49|45|41|35|53|38|29|21|23|22|21|17|37|29|26|17|29|32|52|52|53|59|56|57|73|62|89|87|84|86|84|82|91|103|110|106|133|137|142|140|146|123|159|139|164|157|137|143|138|138|137|120|131|114|136|136|135|138|140|177|195|228|173|209|189|230|205|178|176|162|165|144|153|141|168|146|163|154|125|129|108|118|108|98|125|97|115|94|117|103|85|98|
2011-08-15|6|1_CTs|CT23||66|55|56|42|35|31|33|22|20|21|15|17|15|20|11|13|22|15|9|12|14|11|22|25|21|28|29|52|37|57|65|70|53|66|75|66|70|73|91|72|102|81|97|84|92|88|91|116|109|129|102|123|101|86|133|105|103|114|92|119|104|103|126|122|140|128|138|119|116|127|113|147|126|133|138|129|128|134|130|131|135|116|118|110|94|113|106|126|98|82|116|104|94|66|83|58|
2011-08-15|6|1_CTs|CT24||65|47|37|37|29|34|27|32|24|23|15|18|22|17|15|18|13|18|17|14|14|18|19|25|23|37|28|37|42|28|57|54|41|42|52|50|52|50|70|47|68|70|57|73|87|93|97|88|86|101|65|79|101|87|90|77|87|87|93|82|106|101|96|113|119|120|120|148|127|121|129|131|123|141|141|98|108|119|147|130|124|140|98|112|102|78|100|98|95|87|84|85|69|86|83|64|
