2012-11-13|3|1_CTs|ct1||33|32|31|21|25|9|14|10|9|9|3|3|4|5|4|3|4|2|1|8|3|4|12|22|17|24|25|43|45|60|113|170|178|233|237|235|246|218|178|171|164|160|157|163|151|152|188|142|148|144|151|184|176|178|137|170|181|183|186|204|195|197|213|178|197|176|188|204|186|219|208|214|212|184|211|209|199|201|202|209|174|178|158|134|106|113|102|92|106|96|87|70|76|75|76|49|
2012-11-13|3|1_CTs|ct3||73|55|53|43|41|29|30|22|22|15|9|23|15|21|6|10|10|10|19|30|24|21|28|47|37|53|30|77|65|85|154|228|226|258|274|310|275|267|269|230|261|246|262|248|255|255|252|244|240|227|234|285|253|270|228|262|258|268|260|280|237|279|243|251|240|273|224|232|205|225|215|210|207|175|180|243|223|195|218|242|229|212|170|156|129|139|143|113|125|117|125|108|112|121|119|98|
2012-11-13|3|1_CTs|ct5||144|150|73|53|51|30|38|17|36|18|15|12|12|15|7|11|15|19|15|7|6|11|9|10|16|18|31|37|47|58|95|142|175|215|217|212|216|203|181|169|163|164|156|184|173|193|183|204|173|220|232|218|229|241|164|153|165|194|229|198|213|219|219|240|245|285|294|273|255|295|299|287|285|313|286|297|259|286|263|266|267|266|236|234|166|151|162|143|179|178|152|140|118|138|120|109|
2012-11-13|3|1_CTs|ct6||12|10|9|6|5|1|5|3|2|0|1|1|3|1|2|0|0|1|0|1|1|0|5|4|1|9|14|7|22|25|38|41|67|106|98|104|106|81|83|80|77|54|74|54|45|34|59|47|39|34|44|47|60|41|46|37|52|56|73|56|61|52|43|68|43|47|44|50|57|54|75|79|62|84|86|102|91|70|55|61|53|46|43|32|31|24|19|21|25|23|12|25|28|21|10|15|
2012-11-13|3|1_CTs|ct9||84|65|68|46|60|62|47|43|34|31|22|20|18|18|22|21|17|17|15|10|18|29|18|31|19|31|47|58|61|62|117|156|195|232|235|233|232|231|219|215|217|173|183|185|164|168|167|166|153|159|173|176|185|162|148|150|168|183|198|181|183|191|188|173|169|181|234|185|202|182|200|222|237|249|207|239|227|204|218|228|213|173|174|145|128|111|85|103|128|103|90|107|97|110|84|64|
2012-11-13|3|1_CTs|ct10||70|58|47|38|27|25|14|22|30|25|14|11|21|10|9|6|8|8|7|11|12|8|18|15|16|17|21|33|40|43|63|102|125|151|149|150|155|176|157|146|141|154|152|139|121|124|118|132|124|129|121|141|133|137|116|130|123|152|145|148|154|140|144|144|150|126|147|161|139|156|161|151|158|156|142|144|149|136|126|132|147|155|128|110|109|94|94|104|79|101|79|80|88|97|90|82|
2012-11-13|3|1_CTs|ct13||74|1115|511|1217|684|46|989|1928|440|1333|2402|275|138|48|33|477|1111|390|34|258|99|852|1043|915|747|58|65|89|90|107|111|168|157|184|203|208|185|173|189|196|216|197|215|184|208|201|200|217|226|221|228|230|200|240|183|180|190|238|224|226|214|207|206|210|218|246|230|213|216|232|220|333|339|282|227|301|222|227|231|202|218|223|195|181|186|191|134|151|131|140|133|110|104|121|123|105|
2012-11-13|3|1_CTs|CT16||49|46|50|44|49|40|35|35|25|14|17|16|8|12|12|8|8|11|11|13|5|8|13|14|17|15|26|43|31|43|68|113|99|132|152|137|256|208|189|298|187|145|147|145|139|132|164|138|130|128|142|133|139|129|138|127|131|119|160|177|165|164|155|150|115|165|174|203|193|178|212|237|252|219|200|171|195|196|189|153|148|169|161|108|108|74|189|63|126|103|87|89|91|92|75|68|
2012-11-13|3|1_CTs|ct17||63|50|45|37|28|26|20|23|16|14|16|7|11|12|10|9|6|8|9|13|8|11|19|17|20|35|29|40|52|85|139|221|287|315|298|310|171|306|319|298|242|211|208|212|199|204|206|208|195|189|216|212|201|194|189|201|196|209|221|240|231|264|224|213|212|235|206|252|205|202|119|204|238|214|206|200|198|195|201|184|189|190|165|124|124|115|118|101|122|109|109|98|95|89|97|82|
2012-11-13|3|1_CTs|ct18||90|71|57|48|40|33|27|30|37|22|16|15|20|18|12|10|14|11|12|13|17|12|26|27|26|29|43|52|55|63|88|168|214|253|259|221|227|254|240|214|214|192|173|198|176|190|162|173|165|176|169|187|186|146|165|176|171|201|189|199|209|207|173|164|169|146|212|185|196|201|162|166|192|167|182|166|181|167|167|166|166|184|171|143|135|114|134|118|121|127|107|115|112|113|118|99|
2012-11-13|3|1_CTs|ct22||3|2|3|1|3|1|3|2|1|1|1|1|0|1|1|1|2|1|5|0|0|3|3|2|2|3|3|3|3|4|10|9|18|23|25|22|16|28|21|32|25|33|19|32|26|27|23|21|15|33|30|29|30|17|18|29|27|34|37|18|23|20|6|15|35|27|45|31|47|53|44|55|55|59|52|48|57|46|43|36|34|20|19|15|18|7|10|8|6|6|8|4|8|9|3|7|
2012-11-13|3|1_CTs|CT23||84|90|66|33|47|29|27|32|22|16|10|15|17|14|2|11|7|7|8|9|16|12|13|13|8|17|26|29|54|75|121|214|230|277|285|295|295|263|200|230|202|148|180|217|189|170|197|196|205|199|264|260|255|249|190|186|209|237|209|291|240|251|296|288|247|307|318|326|333|384|420|367|415|445|411|420|431|422|411|381|373|334|284|240|247|219|201|172|222|171|164|137|149|107|142|95|
2012-11-13|3|1_CTs|ct24||108|125|88|68|40|38|43|42|31|39|26|19|32|28|22|28|22|31|37|48|44|74|79|99|136|178|265|531|639|940|999|946|912|894|986|890|851|918|887|906|865|936|905|853|808|829|727|704|697|770|766|835|776|729|718|776|781|882|876|925|759|801|743|736|705|747|709|761|787|888|883|921|885|836|933|893|868|769|689|693|665|646|576|454|395|388|349|361|344|317|336|313|256|254|237|171|
