2011-12-14|6|1_CTs|CT1||2|2|0|1|0|0|1|0|2|0|0|1|0|0|1|0|1|2|1|2|3|3|3|5|5|10|17|22|5|6|10|15|73|44|24|11|13|6|13|13|14|7|4|2|9|5|4|8|11|10|5|4|5|9|13|5|12|2|8|8|8|8|5|8|4|9|7|8|11|4|12|6|4|5|6|8|4|9|3|3|5|2|2|5|5|1|5|1|3|2|17|21|17|17|0|2|
2011-12-14|6|1_CTs|CT3||18|11|5|13|4|6|3|1|3|3|0|3|2|3|4|2|3|5|5|14|8|15|15|32|25|40|45|41|54|48|59|68|79|102|136|137|105|109|100|83|65|64|57|38|47|56|56|45|43|44|51|54|58|51|56|45|46|60|54|63|51|65|56|55|60|51|66|65|63|72|60|64|77|61|56|53|66|47|40|33|36|35|41|23|24|34|23|24|14|18|37|23|15|26|22|12|
2011-12-14|6|1_CTs|CT4||11|8|6|6|3|6|2|2|6|1|1|0|2|2|2|1|1|2|0|1|1|1|0|1|2|2|4|4|9|11|12|6|57|50|12|8|28|39|9|21|23|22|35|29|23|19|16|38|30|28|33|37|27|27|29|22|39|29|29|30|43|30|32|44|25|40|39|42|41|53|51|39|59|40|46|22|50|46|33|39|31|30|36|27|26|16|12|14|16|7|15|14|14|13|14|3|
2011-12-14|6|1_CTs|CT5||24|24|15|24|12|15|17|11|10|6|8|5|6|9|2|3|8|6|9|3|4|9|5|14|7|10|15|16|25|30|42|60|61|67|67|77|69|84|98|69|94|79|87|73|83|67|57|70|64|79|48|65|55|50|58|57|74|81|68|63|78|87|94|98|96|73|76|76|66|56|75|55|72|68|70|68|87|84|70|62|49|62|59|52|53|35|49|44|36|43|27|35|35|23|36|35|
2011-12-14|6|1_CTs|CT6||38|14|18|9|15|6|6|7|10|11|3|6|5|4|4|1|4|6|4|7|7|6|9|6|10|23|19|24|28|42|61|120|158|175|181|176|164|163|145|121|132|99|100|126|111|109|127|113|112|96|102|116|96|126|132|118|118|123|113|133|115|118|124|114|103|145|124|129|141|154|157|120|127|120|139|133|128|109|126|105|107|91|76|79|95|71|53|44|59|55|64|34|46|56|30|38|
2011-12-14|6|1_CTs|CT7||5|6|2|5|2|3|4|0|0|0|2|2|3|2|1|0|1|1|3|0|0|2|5|3|4|4|6|6|6|7|14|21|36|27|39|47|36|39|26|35|26|27|19|34|17|23|28|22|31|22|28|19|33|18|31|29|20|28|35|30|33|32|32|37|25|30|37|34|26|26|26|27|34|27|49|36|30|21|12|27|14|14|17|15|15|13|12|8|11|6|7|13|7|4|6|7|
2011-12-14|6|1_CTs|CT8||57|36|34|35|37|26|29|13|16|11|13|14|19|15|4|6|3|5|11|6|12|11|23|23|39|31|37|69|86|134|154|223|238|246|247|225|224|202|222|172|146|154|164|150|144|189|157|131|157|164|166|152|158|137|133|152|160|186|174|160|171|168|182|164|148|177|181|193|176|174|182|199|202|209|190|163|174|159|152|154|174|138|131|103|96|96|80|78|66|75|98|84|90|70|74|56|
2011-12-14|6|1_CTs|CT9||52|47|30|31|33|19|14|21|11|16|8|12|13|10|9|14|3|4|3|10|8|20|18|39|46|45|51|74|87|145|212|293|299|371|389|391|334|308|317|259|234|215|213|181|193|209|189|216|242|218|230|237|201|212|223|242|224|241|228|226|237|249|264|253|221|246|294|301|302|355|386|353|291|307|290|261|214|239|192|212|185|168|171|138|156|140|109|126|105|100|90|84|83|102|80|55|
2011-12-14|6|1_CTs|CT10||39|32|19|18|14|12|9|15|13|7|11|9|4|5|5|2|4|3|2|3|6|6|13|18|24|34|36|46|66|69|99|133|182|174|187|187|158|205|182|191|179|170|178|177|169|171|167|152|169|157|180|165|188|168|157|140|149|180|163|192|168|167|188|154|213|209|209|195|204|246|226|233|230|230|214|220|249|216|185|188|173|145|126|148|112|79|95|88|73|68|76|67|55|55|52|46|
2011-12-14|6|1_CTs|CT11||24|25|17|15|16|11|6|14|10|13|7|16|9|8|4|18|3|2|8|9|16|17|15|39|38|42|26|72|104|174|242|321|358|318|348|319|319|296|285|287|269|215|197|192|212|186|168|200|192|209|191|204|193|207|161|227|216|225|205|208|193|192|193|207|194|233|207|235|216|225|228|224|197|258|189|163|141|168|138|147|125|130|96|100|103|80|62|90|73|67|68|59|49|56|43|46|
2011-12-14|6|1_CTs|CT12||38|28|25|26|19|15|11|10|14|13|8|12|6|8|5|8|9|4|4|3|11|9|15|22|28|29|38|63|67|77|117|156|245|278|248|293|270|258|213|245|216|192|192|183|181|189|177|169|180|169|187|183|176|182|210|176|178|224|178|201|212|188|215|190|225|235|264|272|282|288|302|286|302|298|326|294|283|255|232|205|191|181|121|140|140|92|91|72|80|83|85|73|69|71|52|58|
2011-12-14|6|1_CTs|CT13||32|25|14|20|12|16|18|9|6|11|4|8|8|11|3|5|3|5|4|5|8|12|15|19|33|27|38|50|65|82|129|206|218|285|284|320|247|232|215|191|160|139|151|164|111|161|150|152|172|154|143|161|149|136|165|163|164|176|181|152|179|170|179|180|160|180|214|216|197|250|299|240|214|202|234|220|170|159|126|144|126|120|112|90|97|72|70|70|57|67|60|55|55|56|52|46|
2011-12-14|6|1_CTs|CT14||31|27|14|16|16|13|6|6|12|5|4|9|7|5|6|5|6|7|3|2|5|8|8|13|16|20|18|29|31|46|40|76|91|101|107|141|134|111|127|115|106|90|103|89|97|111|107|106|96|114|117|97|118|130|102|106|109|104|133|116|109|133|127|125|141|165|142|148|162|188|170|180|165|166|161|159|174|159|161|144|123|134|92|92|102|72|64|52|46|72|50|57|39|46|33|39|
2011-12-14|6|1_CTs|CT15||13|15|12|11|9|5|5|4|6|2|7|4|4|4|3|3|3|4|4|4|5|5|16|15|23|25|35|38|38|48|87|151|191|206|184|195|151|142|143|117|102|96|101|80|64|74|84|78|79|81|98|90|82|75|85|87|87|105|74|87|101|85|89|89|81|88|98|98|91|136|126|99|86|97|113|104|73|72|66|65|65|67|69|40|30|34|33|28|24|22|25|21|18|18|21|20|
2011-12-14|6|1_CTs|CT16||38|37|18|22|18|15|12|16|16|6|14|9|13|6|4|3|6|2|10|5|11|9|17|23|27|32|46|59|84|101|181|214|287|307|280|278|277|238|246|270|262|219|207|213|214|184|201|193|193|144|226|203|213|227|217|194|206|216|195|222|214|214|225|228|211|211|239|244|209|203|240|222|223|230|248|200|198|202|164|180|142|148|124|140|110|99|94|111|97|69|75|80|59|63|59|47|
2011-12-14|6|1_CTs|CT17||27|20|21|15|20|9|4|4|9|1|4|6|5|4|4|1|2|1|1|5|4|3|5|7|5|6|10|14|13|21|31|56|67|103|103|108|100|111|89|89|88|90|92|66|80|103|80|86|94|92|75|85|74|77|106|70|91|101|64|97|101|121|83|110|104|110|132|104|116|117|122|129|140|113|98|117|91|108|100|90|90|76|66|62|55|58|50|47|55|53|41|45|41|38|39|26|
2011-12-14|6|1_CTs|CT18||63|55|42|56|33|30|34|26|21|16|16|17|15|18|7|10|20|12|18|8|9|20|15|27|33|37|57|70|90|138|172|248|308|341|313|331|307|294|324|283|319|274|268|265|260|236|282|261|253|247|240|270|236|252|256|250|266|253|235|252|266|292|277|286|283|265|287|323|297|279|336|314|281|290|301|271|266|273|237|259|207|204|194|177|164|156|160|128|132|145|104|107|80|108|95|94|
2011-12-14|6|1_CTs|CT19||32|34|25|20|26|26|12|13|22|10|12|15|7|15|10|7|8|4|2|7|5|10|8|9|13|8|15|17|26|45|53|106|165|173|198|198|174|173|177|175|148|150|140|124|169|157|140|141|131|146|151|143|150|177|161|130|148|147|146|156|143|175|175|178|200|184|194|183|206|240|247|221|225|221|220|236|171|197|171|162|160|152|123|107|117|110|89|81|90|70|51|55|57|59|58|52|
2011-12-14|6|1_CTs|CT20||24|25|28|13|19|12|11|11|4|5|5|7|0|4|7|3|3|1|2|5|5|7|10|12|14|18|22|31|47|50|73|81|136|150|154|165|133|69|72|119|117|32|1|111|105|24|133|31|116|116|114|123|117|127|132|121|32|113|50|74|44|52|110|95|22|48|23|130|138|125|20|146|148|91|91|51|139|77|77|35|85|59|42|40|70|62|55|56|72|85|54|36|41|50|39|36|
2011-12-14|6|1_CTs|CT21||73|62|39|32|35|24|29|15|18|15|11|13|11|12|10|11|14|4|14|18|16|23|34|47|46|50|82|115|144|179|268|343|386|343|350|327|277|321|307|288|277|257|252|261|274|242|284|257|247|238|229|230|240|218|231|218|210|250|269|261|241|260|239|243|249|259|252|270|272|289|278|266|289|255|277|240|244|227|212|173|197|183|156|140|143|136|132|105|88|121|112|108|93|94|79|74|
2011-12-14|6|1_CTs|CT22||106|86|56|67|56|46|35|26|28|24|19|26|15|19|29|15|20|23|24|32|27|25|36|48|69|86|83|117|111|123|141|176|217|267|274|312|322|282|258|257|222|233|246|229|271|269|259|299|268|284|304|291|261|252|312|251|241|315|299|307|314|332|299|295|323|332|354|365|374|391|391|361|417|369|382|342|336|325|310|303|282|248|234|183|193|182|143|156|150|139|129|164|127|102|117|112|
2011-12-14|6|1_CTs|CT23||76|67|60|63|38|37|34|21|22|19|17|12|27|16|11|11|7|9|12|11|15|19|33|33|49|54|67|86|110|191|236|327|376|390|398|388|334|290|317|309|264|258|253|237|234|264|252|244|229|260|244|229|253|199|224|218|249|295|262|287|266|266|286|275|241|291|307|304|318|319|336|304|360|337|344|278|280|292|234|247|240|248|212|172|174|162|162|118|111|119|147|118|116|113|105|75|
2011-12-14|6|1_CTs|CT24||102|71|49|39|51|34|28|22|30|24|22|12|14|17|12|11|17|14|19|15|16|17|28|26|30|41|87|92|107|127|168|229|248|353|334|363|356|318|282|263|327|265|253|291|242|276|277|273|257|285|250|295|259|266|247|235|247|275|273|288|267|329|278|286|317|357|336|368|368|390|388|404|405|393|415|417|412|348|345|301|360|287|212|227|179|156|149|117|124|144|122|151|104|123|96|112|
