2015-10-06|2|1_CTs|ct1||33|40|45|24|28|29|23|18|271|12|5|5|9|12|9|7|10|7|10|18|17|38|34|36|37|46|52|338|96|96|371|365|135|393|405|166|186|404|192|191|445|192|196|447|720|433|205|456|216|195|455|446|177|419|196|190|406|175|171|200|199|187|184|164|190|433|171|162|154|408|647|406|146|388|144|144|147|179|161|189|420|161|139|144|120|364|102|353|102|347|102|92|68|329|63|76|
2015-10-06|2|1_CTs|ct2||285|32|32|19|25|14|18|13|16|10|6|5|5|8|6|8|4|3|9|6|11|12|13|24|17|23|32|39|31|30|301|42|51|46|60|52|331|313|85|349|365|107|356|329|121|88|355|344|115|87|103|103|99|334|99|94|329|106|87|110|120|93|103|97|101|83|95|79|102|107|336|587|96|74|83|80|85|85|90|78|89|77|81|98|318|62|67|54|67|59|50|73|55|44|56|51|
2015-10-06|2|1_CTs|ct3||53|59|59|34|37|30|25|19|26|12|9|6|14|14|16|10|12|10|12|19|19|37|33|35|41|45|52|340|83|78|101|120|109|141|384|140|660|389|174|450|183|201|448|479|223|205|730|176|200|192|206|436|188|187|426|194|174|424|435|213|213|215|186|196|203|459|179|173|431|197|393|186|437|194|152|429|178|193|171|440|192|167|164|153|138|106|132|106|117|106|106|127|97|78|93|79|
2015-10-06|2|1_CTs|ct4||171|38|36|23|31|19|29|17|17|12|12|9|15|9|10|9|13|262|6|7|8|13|17|22|19|30|24|42|45|297|57|337|94|120|125|123|398|115|356|96|109|107|371|389|137|156|398|167|156|121|148|149|116|108|373|143|133|132|126|127|149|134|131|115|141|116|122|374|158|364|364|105|119|378|121|98|122|100|104|359|88|613|94|99|100|87|77|54|73|75|75|336|93|75|329|59|
2015-10-06|2|1_CTs|ct5||334|73|57|39|42|283|37|283|19|25|15|12|322|7|20|13|16|17|15|12|10|18|23|18|289|28|285|43|58|47|86|107|114|177|187|174|462|466|192|416|443|170|210|187|452|229|484|241|230|455|246|464|199|680|451|209|217|713|198|730|259|235|234|444|219|220|222|479|213|205|468|180|425|193|476|170|184|170|158|150|168|130|140|152|149|146|142|110|120|141|126|121|363|127|127|379|
2015-10-06|2|1_CTs|ct6||335|68|51|45|38|25|44|27|278|26|16|11|14|17|14|270|16|269|11|12|11|14|19|24|285|27|282|41|47|36|64|82|82|111|108|381|126|133|394|118|109|113|391|149|403|173|681|169|168|176|432|179|143|141|148|151|137|151|163|434|188|170|441|661|194|178|702|175|164|689|148|171|648|396|154|136|146|146|157|135|144|361|118|140|375|629|106|352|99|131|116|110|113|109|97|353|
2015-10-06|2|1_CTs|ct17||67|77|69|59|43|36|32|22|33|24|13|9|23|14|19|15|13|15|19|19|26|30|28|41|62|61|57|73|608|92|386|393|113|172|147|185|199|719|719|481|230|530|997|265|535|777|256|254|242|238|503|239|472|470|192|483|225|199|499|244|255|214|211|469|236|476|231|421|248|966|278|500|249|250|233|240|229|1011|464|482|234|186|190|710|160|162|172|385|118|130|380|134|111|99|114|97|
2015-10-06|2|1_CTs|CT19||33|23|18|22|15|12|9|8|13|7|7|3|5|5|6|7|1|2|9|7|6|8|5|13|15|18|23|27|39|296|47|66|315|96|88|107|338|106|348|70|111|105|377|123|389|387|388|141|132|112|107|372|380|92|100|98|349|347|378|380|125|381|121|107|135|136|364|289|229|620|386|373|668|617|129|125|122|132|338|132|366|102|103|69|78|48|66|47|58|311|44|317|296|41|49|36|
2015-10-06|2|1_CTs|CT20||33|37|27|538|15|19|15|12|15|15|7|8|12|12|7|4|6|5|4|3|6|9|8|11|8|11|22|23|25|39|48|60|66|350|336|354|333|95|74|71|71|79|69|65|75|72|835|78|88|333|577|329|70|327|60|65|82|317|85|64|83|79|340|77|77|87|338|42|71|102|338|312|363|82|331|90|88|70|319|77|330|326|340|86|42|55|61|43|52|48|49|54|47|64|54|42|
2015-10-06|2|1_CTs|CT21||19|18|20|10|7|8|12|5|8|9|6|4|4|3|1|2|2|0|2|1|4|2|4|6|4|4|12|13|14|16|267|527|43|49|55|310|48|48|44|293|35|48|288|49|49|57|310|303|46|48|44|44|302|45|38|44|38|49|43|46|304|307|50|304|46|293|48|31|43|315|286|52|44|525|51|39|52|280|59|37|44|305|50|46|26|291|27|22|34|25|281|26|31|35|281|284|
