2014-09-25|2|1_CTs|ct1||88|88|91|86|45|38|21|26|26|21|20|8|19|12|9|18|15|13|14|16|17|21|31|31|45|56|67|100|128|148|167|172|175|185|217|196|203|168|204|200|187|207|194|220|190|211|213|204|221|212|219|221|204|208|192|187|215|213|202|220|197|220|191|188|212|179|199|146|179|121|150|193|169|105|80|39|61|83|129|149|171|144|172|182|189|193|155|109|138|124|134|122|116|103|95|96|
2014-09-25|2|1_CTs|ct2||58|59|35|37|37|31|29|25|18|12|14|6|11|12|9|14|11|8|10|10|10|11|15|11|16|32|23|53|56|59|72|64|79|57|85|99|105|69|91|101|105|140|123|135|123|158|121|121|135|142|138|126|115|119|100|100|124|126|122|122|100|114|119|94|125|112|126|90|130|106|111|112|110|107|140|101|126|120|80|119|147|105|125|128|154|144|90|73|79|66|89|82|72|74|75|75|
2014-09-25|2|1_CTs|ct3||103|87|100|106|62|64|50|31|41|31|26|12|20|15|15|26|16|16|13|25|12|29|30|37|55|51|71|100|124|135|133|166|164|186|204|167|176|171|189|194|198|248|232|236|251|243|241|224|247|240|242|228|219|217|206|194|212|230|228|222|226|213|226|180|206|254|218|170|156|240|183|213|148|186|116|177|180|183|179|179|233|223|203|213|227|229|168|140|156|135|135|132|157|125|114|129|
2014-09-25|2|1_CTs|ct4||69|54|79|66|38|37|33|26|16|41|18|15|10|17|11|16|12|8|13|18|16|14|24|27|27|32|46|34|69|83|86|106|131|129|146|145|128|139|145|127|105|132|127|154|154|142|138|155|150|163|169|125|148|164|131|112|122|117|152|136|139|140|169|135|132|127|136|125|111|123|102|117|109|107|104|80|76|135|102|101|111|106|110|99|134|117|86|100|91|77|89|87|89|81|86|76|
2014-09-25|2|1_CTs|ct5||141|112|138|107|76|68|68|37|50|42|26|26|19|26|22|17|14|18|20|22|31|24|27|28|41|35|48|59|91|105|131|169|183|180|203|224|214|207|201|200|217|207|198|216|269|228|216|252|243|239|268|216|239|244|222|220|214|222|227|242|234|228|264|242|246|239|238|238|183|201|180|209|199|168|183|185|209|193|188|164|187|162|186|148|186|168|185|143|151|143|172|165|151|149|155|144|
2014-09-25|2|1_CTs|ct6||53|33|52|32|21|16|20|14|11|15|12|4|12|11|9|5|4|5|7|3|7|5|6|12|11|12|20|19|41|36|43|50|49|41|64|54|64|66|55|55|64|61|62|63|87|69|83|67|82|72|82|79|67|81|74|74|79|72|85|88|73|80|82|77|86|65|69|79|85|83|58|68|71|57|54|56|62|74|86|60|73|67|69|79|74|83|58|60|54|55|36|52|51|55|55|60|
2014-09-25|2|1_CTs|ct17||113|106|112|120|74|75|66|47|51|47|28|19|23|36|23|35|14|25|20|27|26|33|39|54|48|48|71|104|115|149|149|188|194|208|200|184|213|233|222|210|250|259|241|276|248|229|295|267|276|253|260|271|223|246|224|255|231|233|259|244|271|267|269|223|244|260|222|214|188|266|208|221|138|184|117|182|204|202|172|214|202|320|295|303|293|306|219|178|162|148|180|150|186|151|113|144|
2014-09-25|2|1_CTs|CT19||53|35|40|32|28|24|15|11|17|16|14|3|7|4|4|1|8|2|6|8|6|12|9|13|10|10|26|41|48|65|49|81|98|91|95|81|116|100|113|100|106|114|112|133|126|117|123|122|130|113|117|113|120|123|94|98|85|105|132|111|132|118|148|103|128|135|99|103|103|121|130|98|93|139|98|111|76|121|90|131|103|133|93|89|84|85|81|71|65|74|73|66|83|62|51|65|
2014-09-25|2|1_CTs|CT20||60|56|56|44|40|35|43|25|20|23|25|9|12|15|11|15|13|9|7|15|13|11|10|16|16|17|19|24|28|27|47|73|83|94|82|94|95|100|98|69|66|79|78|75|68|73|58|74|55|56|71|65|78|79|66|79|67|71|72|84|70|62|62|82|86|69|82|82|71|91|93|98|67|73|69|80|52|92|99|95|83|94|84|79|67|67|66|55|77|61|47|59|55|58|64|51|
2014-09-25|2|1_CTs|CT21||32|33|34|26|20|18|21|13|8|8|12|5|7|6|3|6|5|4|3|6|8|6|4|5|6|11|10|13|10|7|27|39|45|46|41|57|64|55|45|47|46|40|57|45|46|51|36|35|31|43|43|48|44|44|32|44|40|44|32|46|51|41|48|48|55|45|37|48|51|48|48|44|45|44|43|36|38|37|43|49|45|40|46|46|35|38|24|30|40|21|29|32|28|29|34|31|
