2015-09-15|3|1_CTs|ct1||45|551|288|23|275|15|13|12|6|3|7|4|3|3|5|5|6|5|4|5|7|8|13|11|15|24|288|34|61|72|124|179|442|234|245|234|250|237|733|465|461|161|148|178|179|148|428|170|401|186|431|447|196|444|169|181|166|219|188|460|180|219|192|215|180|451|193|208|200|451|195|456|211|207|206|443|212|719|465|453|162|136|126|121|100|309|65|87|340|89|70|61|56|62|312|55|
2015-09-15|3|1_CTs|ct3||66|325|66|46|24|18|29|24|11|11|262|17|21|10|15|12|4|16|269|17|15|19|25|14|35|43|54|325|98|102|404|181|483|488|255|260|258|517|505|1029|762|242|477|217|251|219|232|218|217|232|213|732|488|472|198|209|503|253|721|491|489|235|467|242|717|494|701|216|431|187|668|178|161|402|153|402|148|419|394|443|408|177|150|411|378|95|99|145|121|121|357|88|73|351|83|74|
2015-09-15|3|1_CTs|ct5||97|73|81|286|46|299|247|37|26|31|285|31|23|14|24|17|246|20|16|18|11|15|15|277|23|17|26|38|52|69|375|158|183|481|233|245|256|242|201|191|696|447|427|443|457|181|202|456|210|767|232|743|220|228|188|196|409|214|231|238|226|249|718|263|280|262|268|314|553|553|305|569|565|320|296|577|305|303|557|283|245|270|177|157|176|155|112|644|147|148|649|123|391|378|381|383|
2015-09-15|3|1_CTs|ct6||12|11|4|5|9|0|2|3|2|1|0|2|1|2|1|3|2|1|4|1|3|3|4|6|10|4|9|21|18|29|46|32|307|62|66|67|51|72|326|47|63|54|64|59|301|43|53|58|46|311|52|284|45|290|44|45|54|51|335|71|561|60|44|305|60|66|541|54|47|76|75|77|90|90|81|43|81|66|312|43|283|29|273|23|19|20|23|23|30|19|24|25|20|18|14|14|
2015-09-15|3|1_CTs|ct7||105|83|72|73|59|58|46|83|46|557|49|20|30|19|25|21|21|23|20|19|24|26|28|39|30|38|559|39|306|318|315|585|116|115|145|145|148|141|132|144|401|393|406|156|413|657|193|435|173|428|692|188|426|412|680|144|150|189|446|188|198|189|441|183|154|340|53|307|72|40|28|51|46|51|49|303|81|21|2|0|0|11|0|13|23|60|104|107|106|111|103|98|109|109|114|110|
2015-09-15|3|1_CTs|ct8||53|38|54|32|27|35|26|24|26|281|29|5|11|7|8|11|6|8|8|21|16|6|11|29|15|18|278|25|289|32|36|44|57|326|66|80|79|594|97|87|95|351|93|116|98|356|122|363|108|629|390|123|361|360|104|346|97|129|366|122|117|132|368|388|125|399|129|613|394|140|134|121|141|145|118|389|126|115|362|91|106|339|79|330|69|78|328|320|67|70|322|68|61|64|326|73|
2015-09-15|3|1_CTs|ct9||78|61|58|49|568|74|34|48|296|46|27|27|36|25|20|21|30|20|12|13|29|15|28|35|32|18|44|51|60|111|437|181|423|508|235|237|283|395|532|558|472|486|179|423|692|195|170|176|480|164|494|420|269|666|161|165|197|169|178|712|474|222|253|749|233|769|477|220|725|108|102|225|440|125|120|660|332|577|849|193|125|184|394|374|136|115|290|61|86|355|337|78|78|89|85|319|
2015-09-15|3|1_CTs|ct10||53|71|55|51|38|36|30|33|34|33|25|17|15|18|14|10|22|17|14|15|16|15|21|21|16|20|24|40|47|47|66|102|133|148|162|162|182|162|137|122|120|131|139|117|142|138|122|132|134|146|168|137|147|133|114|126|126|132|131|155|138|149|149|142|137|143|161|167|112|136|156|146|133|159|130|133|135|167|123|129|111|117|116|91|88|77|91|83|74|86|72|77|96|81|66|74|
2015-09-15|3|1_CTs|ct13||407|137|114|156|112|347|72|72|84|343|82|42|48|42|30|41|287|114|74|101|60|60|72|71|67|322|94|126|118|400|423|190|718|150|0|0|25|458|1057|224|198|229|212|270|214|238|235|258|226|230|449|264|588|996|276|254|243|220|234|193|232|246|205|495|262|224|258|216|552|237|205|481|266|322|262|619|1092|490|495|247|490|265|512|242|424|503|211|209|323|437|754|230|488|217|182|184|
2015-09-15|3|1_CTs|ct14||34|35|25|239|13|12|11|12|7|10|4|4|6|7|9|13|5|4|4|7|269|11|10|14|264|40|49|411|685|240|522|1050|776|532|264|508|259|248|520|502|510|217|234|248|205|743|195|165|679|453|202|188|165|452|423|185|205|212|437|482|474|173|456|443|182|196|180|434|680|470|207|744|503|241|242|719|504|228|247|219|409|143|147|357|349|89|339|348|91|323|323|68|78|67|306|283|
2015-09-15|3|1_CTs|CT16||342|62|69|57|65|58|39|30|37|42|32|27|27|24|268|15|272|17|15|17|26|14|21|274|22|18|30|41|42|58|582|120|651|413|172|194|186|145|685|158|160|152|155|428|159|139|162|195|193|415|436|191|176|173|145|103|149|117|168|948|195|188|444|171|202|508|414|185|707|737|204|260|255|761|274|275|231|221|218|434|182|157|127|376|337|332|80|86|109|92|369|90|73|95|82|356|
2015-09-15|3|1_CTs|ct18||63|85|61|57|51|40|40|38|41|40|34|23|18|22|20|16|29|19|16|21|17|25|31|30|28|28|50|54|70|90|119|171|205|224|252|252|252|248|239|180|195|180|199|207|197|198|180|189|180|199|185|175|193|202|153|179|207|181|195|212|216|184|206|195|207|178|172|180|141|162|186|201|192|221|196|180|205|210|169|209|129|163|135|122|119|100|129|108|118|122|112|119|123|107|98|94|
2015-09-15|3|1_CTs|ct19||0|1|0|0|0|1|0|2|1|0|0|0|0|0|0|0|0|0|0|0|0|0|4|1|4|2|3|9|5|3|15|15|4|9|5|7|6|10|12|6|5|5|4|21|5|5|4|6|4|6|5|3|10|3|8|6|6|4|6|6|7|5|5|9|5|7|4|9|7|6|5|7|4|4|6|4|4|9|8|4|10|4|8|7|3|3|2|4|1|1|0|0|0|4|0|2|
2015-09-15|3|1_CTs|ct20||0|0|0|0|0|0|0|0|0|0|0|0|0|0|0|1|0|0|0|0|0|0|0|0|0|0|0|0|0|0|0|0|0|0|0|0|0|0|0|0|0|0|0|0|0|0|0|0|0|0|0|0|0|0|0|0|0|0|0|0|0|0|0|0|0|0|0|0|0|0|0|0|0|0|0|0|0|0|0|0|0|0|0|0|0|0|0|0|0|0|0|0|0|0|0|0|
2015-09-15|3|1_CTs|ct22||4|2|1|0|3|1|1|1|0|0|1|3|1|0|0|1|0|0|0|0|1|2|2|0|1|0|230|259|3|5|7|6|14|10|20|22|15|18|10|259|24|26|19|25|17|25|21|31|20|27|34|31|25|27|20|29|20|26|32|25|23|20|27|28|23|28|301|48|61|46|303|63|57|57|60|568|50|34|297|280|23|20|6|6|7|6|246|1|7|5|5|5|5|6|1|3|
2015-09-15|3|1_CTs|CT23||136|333|64|42|302|36|28|35|16|9|18|15|10|18|12|15|309|12|10|4|17|13|17|13|13|29|39|53|59|78|446|253|583|608|374|669|393|355|579|299|483|249|211|249|489|531|511|314|778|312|314|371|907|781|269|269|328|321|587|332|582|540|1121|628|602|663|637|498|521|1038|576|593|1180|920|919|1147|592|605|1072|965|942|409|618|278|941|510|748|251|630|650|440|171|420|166|119|130|
2015-09-15|3|1_CTs|ct24||374|375|348|79|55|302|43|44|33|32|18|25|25|24|25|278|255|20|29|31|50|47|61|74|338|162|478|389|509|583|1062|1100|1066|814|1101|1042|1103|1027|1077|996|1011|1084|1056|799|836|797|800|723|1033|1089|1095|1254|1046|1294|1237|800|848|885|1143|913|826|793|826|783|714|1044|1021|836|754|1059|1096|1095|775|1152|702|909|799|1037|1289|923|832|864|1022|1012|759|1061|933|758|730|736|712|820|706|653|573|502|
