2014-11-29|6|1_CTs|CT1||1|2|1|1|0|0|0|1|1|0|1|1|0|1|0|1|0|0|0|1|1|1|0|4|1|1|0|3|3|2|1|0|2|5|5|2|7|5|4|7|5|6|6|9|5|4|8|7|8|6|8|3|4|10|1|5|4|4|5|3|2|5|4|6|4|3|3|4|5|5|8|3|3|4|2|6|4|5|6|2|6|3|5|7|2|3|3|1|0|2|3|2|0|2|1|2|
2014-11-29|6|1_CTs|CT3||10|25|20|13|6|6|8|3|4|8|3|4|6|6|9|7|4|9|15|23|18|26|23|30|25|16|24|24|46|35|30|41|28|39|27|37|29|42|38|36|41|32|33|37|27|36|35|44|43|54|40|33|34|39|38|36|32|30|30|22|32|32|28|26|25|37|29|41|24|32|37|28|38|45|32|39|33|33|34|30|30|28|19|24|16|15|9|21|18|9|19|10|12|20|17|12|
2014-11-29|6|1_CTs|CT4||14|11|7|7|9|9|8|8|8|2|1|7|9|6|2|3|0|4|4|4|2|2|1|2|2|0|0|1|9|3|10|5|5|5|13|10|12|12|11|22|26|22|17|20|21|17|21|21|38|20|26|37|21|24|26|31|31|25|20|21|19|25|29|23|28|17|23|16|24|25|21|5|10|11|13|25|18|28|33|16|26|18|13|22|10|11|12|12|7|10|10|8|7|8|14|10|
2014-11-29|6|1_CTs|CT5||34|23|24|27|15|16|19|18|20|21|12|18|11|12|12|10|14|9|10|7|12|5|16|10|11|15|16|10|20|17|14|26|20|29|32|35|34|32|49|47|66|52|54|39|58|46|62|60|17|38|47|53|54|57|56|39|55|48|52|61|55|59|50|55|62|50|58|61|52|78|63|45|51|32|64|47|48|49|52|42|39|49|48|42|39|34|32|21|20|23|28|37|27|35|24|32|
2014-11-29|6|1_CTs|CT6||45|34|31|31|26|15|16|11|15|12|10|12|10|19|9|7|10|11|10|9|11|10|14|17|11|14|17|13|12|27|29|33|38|37|48|61|45|61|57|73|79|90|84|82|122|107|117|85|134|125|125|131|124|125|96|100|105|97|78|82|92|98|118|83|102|93|91|106|89|86|89|99|78|95|74|59|75|68|78|91|92|100|76|73|68|55|30|38|41|45|50|43|36|37|44|36|
2014-11-29|6|1_CTs|CT7||9|8|6|7|6|4|3|6|3|2|2|1|0|4|3|4|2|1|1|0|2|3|2|0|5|2|4|9|8|6|7|5|10|16|17|18|9|18|16|21|26|27|18|18|16|28|40|31|17|23|28|26|16|24|18|20|26|27|13|23|20|24|23|22|12|23|22|18|15|27|21|20|19|18|23|22|21|23|26|23|9|12|15|13|11|14|6|13|8|8|11|5|6|9|5|11|
2014-11-29|6|1_CTs|CT8||73|83|60|38|54|52|59|39|35|30|25|24|26|23|22|19|22|20|14|13|17|14|18|19|17|19|28|39|27|53|64|69|67|71|107|94|91|107|111|110|112|105|104|114|106|117|126|123|106|118|113|121|112|122|109|112|113|133|103|134|138|122|130|131|141|151|127|127|151|138|146|156|142|148|145|177|127|136|154|124|135|111|99|96|95|82|59|75|68|88|54|69|86|79|73|58|
2014-11-29|6|1_CTs|CT9||89|54|98|68|33|29|42|32|26|33|26|15|24|46|26|19|19|11|20|17|18|20|18|29|33|41|28|48|48|58|62|92|66|88|115|136|122|127|126|167|133|157|151|172|155|174|161|178|171|182|186|171|183|193|192|167|156|133|158|185|160|186|182|163|187|182|191|167|189|231|218|178|190|177|158|187|183|208|188|160|159|137|119|91|118|82|82|81|81|103|104|79|70|56|52|64|
2014-11-29|6|1_CTs|CT10||51|52|38|35|30|22|20|18|17|18|18|12|10|7|9|14|12|13|8|15|10|12|15|17|17|19|21|32|24|33|46|44|60|63|67|88|94|105|108|126|128|116|105|130|138|127|144|137|145|150|118|133|141|156|235|224|170|169|155|157|169|205|162|147|128|105|163|158|143|125|142|147|125|129|129|127|122|140|148|136|109|102|97|70|67|57|59|48|41|74|141|76|82|65|59|58|
2014-11-29|6|1_CTs|CT11||51|47|41|32|29|19|22|23|16|14|15|12|13|9|11|17|4|13|9|12|9|13|20|26|22|36|31|50|46|59|62|106|81|95|132|154|158|126|149|216|187|168|176|170|180|177|147|180|160|162|172|171|176|162|117|132|117|116|139|127|121|127|161|167|181|135|158|139|165|157|180|156|154|154|152|149|145|137|132|126|156|132|115|114|78|74|67|66|58|98|133|109|68|51|63|60|
2014-11-29|6|1_CTs|CT12||76|55|61|44|40|33|28|25|24|17|18|18|16|9|13|21|12|15|3|18|15|14|22|23|16|28|30|35|29|43|48|57|72|70|86|119|140|98|133|175|188|147|144|169|173|204|175|172|175|168|183|165|190|211|215|238|167|177|176|164|194|199|174|176|164|136|195|174|187|169|164|180|158|150|138|168|137|172|156|144|153|126|110|81|81|76|74|76|48|103|170|110|77|65|78|58|
2014-11-29|6|1_CTs|CT15||33|41|23|23|20|14|21|18|17|15|10|10|14|10|7|8|9|11|14|21|24|24|20|29|30|33|36|41|38|40|58|51|73|72|89|109|87|96|118|123|102|108|105|120|97|116|111|104|90|103|105|104|95|107|90|92|88|97|71|86|81|87|91|87|74|87|97|85|103|118|119|104|110|87|100|111|91|121|86|83|77|77|75|63|52|55|43|63|54|51|59|48|50|29|40|33|
2014-11-29|6|1_CTs|CT16||65|51|51|40|30|24|23|28|21|21|20|12|12|13|10|17|7|12|16|15|11|18|15|17|23|21|23|43|40|45|59|68|72|86|118|134|125|125|153|167|175|168|169|183|174|173|210|185|177|188|194|207|179|188|169|190|151|155|158|146|152|175|195|165|151|151|175|179|161|165|193|171|158|166|178|156|160|160|159|167|139|128|156|112|106|93|68|62|67|82|121|105|78|72|73|64|
2014-11-29|6|1_CTs|CT17||45|37|49|41|23|24|30|15|23|28|16|16|13|15|9|7|12|6|13|8|9|6|9|11|17|12|14|14|13|13|22|31|15|31|38|60|50|61|67|57|68|65|71|72|96|94|76|72|83|75|73|64|71|79|80|64|56|62|71|55|69|66|91|69|61|88|63|77|86|81|64|81|87|74|81|89|102|97|101|75|80|77|70|48|52|50|44|34|31|44|44|27|34|24|35|49|
2014-11-29|6|1_CTs|CT18||115|89|74|68|48|46|43|46|45|44|28|42|28|30|35|35|31|23|21|18|25|21|32|25|36|30|40|45|56|50|74|80|65|107|122|133|135|133|169|192|207|201|234|207|250|214|252|264|215|276|249|237|241|228|228|223|223|193|191|216|224|243|246|229|228|232|252|258|203|235|259|213|229|202|216|207|192|195|206|200|169|167|175|169|163|124|121|99|98|122|144|152|98|122|97|93|
2014-11-29|6|1_CTs|CT19||65|54|57|41|40|32|31|31|30|16|20|24|22|16|15|7|5|6|15|13|13|15|14|16|15|12|16|19|18|18|29|27|36|42|57|77|72|63|80|112|101|87|103|134|156|139|143|140|150|150|138|164|143|170|136|121|117|115|110|104|129|130|136|126|144|126|153|150|177|137|153|170|156|150|150|191|147|137|145|129|122|119|105|82|80|89|59|68|51|74|64|46|70|51|54|59|
2014-11-29|6|1_CTs|CT20||52|44|36|23|21|20|16|13|11|13|11|14|7|29|12|11|15|8|9|12|9|10|17|11|9|9|20|24|18|25|34|29|38|44|47|67|6|92|93|17|63|94|112|129|78|22|102|138|41|84|102|19|25|48|81|131|32|65|13|106|97|50|120|123|136|114|107|112|133|124|135|51|120|11|6|93|107|118|106|107|34|75|82|68|73|60|62|47|43|62|57|57|37|53|30|45|
2014-11-29|6|1_CTs|CT21||86|106|62|57|59|41|33|35|30|25|23|23|19|32|25|15|25|30|31|41|33|50|35|55|51|46|49|57|71|93|113|107|97|134|153|175|177|166|180|186|194|180|189|177|176|190|184|199|181|181|228|198|188|202|165|162|188|178|191|202|186|229|200|194|196|202|201|205|195|227|223|219|209|202|181|212|191|158|176|174|179|165|143|147|124|106|82|107|111|81|124|107|105|104|88|97|
2014-11-29|6|1_CTs|CT22||134|107|113|105|81|88|65|57|62|71|40|39|39|31|57|48|36|49|50|66|76|56|59|64|65|50|56|63|74|95|93|112|109|121|141|169|137|161|196|175|191|201|200|214|226|195|250|243|260|253|227|247|223|269|256|232|247|224|209|217|237|226|273|199|237|278|254|259|295|259|269|255|243|261|276|254|250|273|244|238|225|189|187|151|143|113|113|121|130|111|128|112|121|112|110|132|
2014-11-29|6|1_CTs|CT23||100|93|91|61|68|68|70|47|39|41|25|29|40|34|35|28|29|25|19|28|26|23|28|32|33|28|43|57|69|68|92|116|95|109|126|160|148|170|197|186|174|176|169|179|192|169|191|189|168|196|192|182|173|203|150|182|196|167|175|215|210|195|207|188|184|213|219|195|196|205|226|219|220|199|212|242|206|202|201|208|170|175|155|145|144|125|113|113|102|109|102|95|121|103|87|81|
2014-11-29|6|1_CTs|CT24||112|93|119|86|76|73|50|63|53|41|41|31|34|45|41|26|19|37|27|44|30|40|36|33|29|37|48|52|59|55|77|102|97|105|116|128|145|143|141|164|160|189|172|205|206|189|239|209|240|232|209|233|240|286|232|253|202|204|165|202|229|260|271|228|242|213|234|249|251|256|228|231|241|281|242|211|224|270|237|248|215|171|149|169|146|142|116|106|97|121|129|144|129|128|121|104|
