2015-02-09|2|1_CTs|ct1||37|33|23|19|19|17|19|17|11|11|11|9|3|13|5|7|7|5|233|9|23|20|25|38|287|35|46|67|73|89|121|126|149|408|166|166|166|166|180|180|179|162|187|177|175|179|430|181|164|150|380|187|160|171|152|154|394|163|193|445|181|206|193|169|166|145|136|163|131|115|660|132|158|124|157|127|397|144|126|130|125|124|593|326|88|79|73|63|74|70|46|61|71|58|291|46|
2015-02-09|2|1_CTs|ct2||14|19|17|11|15|13|3|16|263|11|5|7|1|8|4|5|7|4|234|5|9|11|11|20|273|21|19|21|26|33|40|33|52|45|59|48|69|74|329|83|70|82|335|77|73|66|66|78|74|70|58|88|75|75|68|65|73|82|82|330|80|102|52|320|88|68|58|67|68|48|54|64|64|60|66|58|74|69|51|65|54|61|49|53|43|28|37|25|39|43|37|32|35|40|16|20|
2015-02-09|2|1_CTs|ct3||45|43|36|28|25|30|22|13|24|14|14|7|4|15|8|10|7|8|7|10|24|26|26|44|34|34|55|55|61|83|97|106|118|139|280|253|133|127|417|394|157|408|163|153|173|169|174|170|156|149|394|177|374|426|671|141|166|419|201|173|194|454|202|676|181|144|152|164|398|138|145|412|131|160|169|137|171|153|118|130|376|395|354|108|82|87|72|73|77|298|60|62|61|76|48|64|
2015-02-09|2|1_CTs|ct4||32|39|24|19|22|10|15|13|6|10|11|6|5|11|3|6|4|9|6|8|12|10|22|18|24|28|26|35|38|48|61|82|72|97|115|111|133|107|121|125|130|356|116|110|371|121|108|114|103|114|117|120|603|347|96|90|101|109|119|92|367|377|139|111|101|109|128|115|115|125|116|99|99|101|83|352|82|78|83|81|79|66|67|63|55|37|53|58|52|321|292|45|44|49|41|299|
2015-02-09|2|1_CTs|ct5||312|55|300|36|286|23|23|20|17|274|18|13|11|271|11|12|15|13|8|14|21|19|25|21|21|28|27|47|44|59|345|93|364|377|144|170|172|144|391|433|185|159|148|177|214|247|639|192|194|156|163|186|166|394|136|156|416|407|182|424|173|192|451|192|202|180|178|436|188|205|183|402|174|158|154|177|388|147|124|377|120|117|97|284|171|76|65|104|82|91|87|326|84|66|70|70|
2015-02-09|2|1_CTs|ct6||17|14|9|10|9|4|6|5|6|3|7|2|5|9|3|3|2|4|6|6|6|7|10|7|8|12|10|15|8|17|16|17|19|24|22|27|37|31|38|286|38|48|44|51|49|46|45|48|49|53|41|45|294|316|43|51|286|550|54|55|305|47|57|45|66|51|48|54|52|57|60|38|306|48|49|51|42|37|282|44|295|33|530|786|29|28|21|31|20|25|20|19|27|21|18|14|
2015-02-09|2|1_CTs|ct17||48|47|39|35|31|28|30|24|23|18|14|13|8|21|9|12|13|14|9|9|18|33|32|46|43|35|48|69|322|90|126|115|413|168|563|276|182|169|188|441|224|186|185|230|486|207|210|198|190|181|701|220|430|183|189|175|196|456|232|246|215|497|481|213|230|183|452|195|671|190|190|460|430|191|216|452|199|177|160|177|175|156|142|156|105|366|96|89|102|63|76|322|71|82|57|71|
2015-02-09|2|1_CTs|CT19||23|24|15|19|13|8|10|7|10|5|9|3|1|5|2|6|7|3|245|7|11|6|9|8|9|7|12|274|277|294|58|317|312|66|93|79|94|338|339|91|337|99|360|348|115|101|118|99|97|92|114|105|100|79|88|87|335|423|325|115|121|366|114|370|368|361|126|623|109|97|101|141|368|381|110|639|127|118|82|345|88|82|62|62|53|292|45|45|36|289|30|24|35|40|25|28|
2015-02-09|2|1_CTs|CT20||28|27|24|23|275|11|19|8|13|14|14|263|8|7|7|1|6|3|7|2|6|4|13|8|9|6|20|16|20|523|42|60|66|339|80|88|84|91|320|92|76|337|340|71|72|66|70|334|61|81|312|77|327|316|57|78|320|71|67|334|337|71|71|78|66|69|66|329|94|91|78|93|340|83|83|337|94|68|66|85|70|321|61|56|58|48|26|45|303|42|34|36|51|288|259|283|
2015-02-09|2|1_CTs|CT21||14|13|14|11|13|8|8|5|2|6|4|3|3|2|2|1|6|1|1|1|1|2|3|4|6|2|6|261|6|14|27|29|302|294|53|48|48|291|41|309|55|43|59|27|35|43|301|40|45|45|261|49|270|31|36|291|37|258|43|276|48|43|61|286|42|35|303|53|310|57|34|295|39|296|56|303|44|287|36|38|40|28|35|34|27|29|20|26|26|23|15|14|274|19|23|22|
