2016-08-22|7|1_CTs|CT1||44|24|25|17|11|17|13|16|11|12|8|12|9|13|8|13|11|4|10|10|9|10|9|16|17|15|22|33|36|45|72|97|100|119|129|121|122|123|108|120|97|85|90|355|77|96|344|103|99|94|93|86|102|79|77|91|99|87|98|103|100|105|93|104|81|96|94|84|80|94|94|101|99|98|121|96|95|89|343|339|75|71|70|55|64|70|47|49|40|59|36|49|45|43|38|45|
2016-08-22|7|1_CTs|CT2||27|23|31|26|13|22|271|22|22|8|11|14|5|11|7|5|5|2|12|10|5|11|48|20|63|26|30|44|60|73|82|133|185|261|111|362|345|342|229|174|215|108|167|219|304|212|213|490|181|279|531|264|250|258|260|258|206|150|113|148|170|172|192|123|148|144|127|118|126|175|112|103|92|178|189|167|140|137|146|141|129|113|103|86|72|95|100|70|77|82|74|64|63|64|58|45|
2016-08-22|7|1_CTs|CT4||17|19|25|16|32|19|14|16|15|15|10|19|18|10|12|11|10|8|5|4|8|5|4|8|3|0|6|3|3|5|11|7|11|11|17|38|20|18|29|14|26|18|25|16|18|13|11|21|28|18|18|13|13|27|18|29|29|24|23|27|19|21|29|42|37|42|45|37|47|64|66|310|63|56|55|47|49|46|31|38|23|23|16|25|14|20|25|36|25|28|29|19|30|32|29|32|
2016-08-22|7|1_CTs|CT6||33|30|16|15|19|20|11|12|7|7|12|6|4|7|3|7|4|8|7|2|3|2|5|4|7|9|9|14|20|22|35|32|54|65|66|81|75|77|69|76|63|53|76|76|73|82|78|73|73|67|81|90|69|78|69|80|89|97|92|78|85|101|105|104|98|101|97|112|113|124|91|117|138|126|145|136|140|98|105|97|75|84|72|67|53|56|64|52|56|52|54|30|25|31|35|39|
2016-08-22|7|1_CTs|CT7||274|34|14|19|14|13|11|7|11|6|14|12|5|4|3|5|10|3|16|1|8|0|4|8|32|20|25|21|33|41|60|63|70|77|99|76|82|83|102|78|346|99|98|102|78|82|89|354|88|89|87|98|99|81|74|88|93|80|99|88|92|68|85|80|96|92|358|116|127|135|97|103|120|130|119|98|119|107|88|87|64|63|65|49|55|52|40|35|38|43|43|36|26|39|42|33|
2016-08-22|7|1_CTs|CT8||169|109|104|75|72|58|59|39|30|26|27|32|30|34|28|24|35|47|52|57|62|70|68|75|81|349|116|161|193|280|329|317|363|368|410|692|631|386|390|353|369|277|342|333|320|279|310|337|295|325|261|289|259|312|276|289|290|282|324|321|309|310|333|312|304|304|289|264|272|272|551|287|307|357|348|306|279|304|272|265|251|230|209|185|168|148|188|136|152|125|134|389|140|119|97|97|
2016-08-22|7|1_CTs|CT12||38|37|24|16|23|23|12|12|16|8|15|10|8|10|4|7|3|4|6|7|6|8|8|13|9|12|25|17|33|33|50|69|84|108|125|407|111|134|120|107|133|112|119|114|121|148|133|140|127|141|167|145|127|126|123|120|133|161|130|115|141|131|166|174|148|175|164|197|191|201|439|199|227|203|226|216|176|173|173|161|128|117|114|101|73|78|81|83|51|47|59|311|43|50|50|46|
2016-08-22|7|1_CTs|CT13||15|17|9|18|10|11|5|9|3|4|3|4|3|5|1|3|4|0|1|1|1|1|3|4|2|11|6|14|17|27|33|37|42|41|40|25|36|36|40|37|31|43|29|48|30|28|40|35|37|33|46|41|42|27|287|38|34|25|32|37|35|33|25|41|35|29|43|46|42|48|39|46|48|317|47|42|55|45|42|29|20|28|25|30|24|18|16|13|12|25|18|21|10|18|21|11|
2016-08-22|7|1_CTs|CT14||116|138|106|92|75|81|50|55|54|42|47|43|24|38|37|35|45|47|48|40|55|52|66|58|59|66|92|118|143|148|216|201|254|314|366|393|348|375|319|344|324|302|337|311|317|317|311|326|365|357|378|318|318|293|292|297|320|303|314|349|353|344|351|354|415|372|382|438|487|517|545|481|514|566|522|709|450|463|411|372|326|310|232|193|198|180|185|162|185|157|164|144|147|132|144|133|
2016-08-22|7|1_CTs|CT15||36|27|16|9|27|14|11|14|8|12|10|7|11|5|5|10|4|8|8|6|3|3|5|7|4|11|11|11|20|17|35|33|42|39|53|76|73|77|51|71|72|53|52|59|55|43|324|84|51|61|71|66|37|33|52|58|77|66|59|79|70|64|59|82|67|61|69|65|64|77|77|78|89|80|73|83|84|53|40|43|53|55|42|43|31|25|39|38|30|32|28|29|22|25|13|17|
