2017-11-12|6|1_CTs|CT3||11|7|16|5|232|0|6|3|0|5|5|4|5|5|14|6|9|12|16|22|16|19|20|242|32|27|29|37|29|24|35|35|28|45|258|32|29|41|43|44|37|38|43|32|38|40|48|39|43|44|41|304|32|44|39|33|274|41|32|37|27|41|34|40|38|42|99|226|56|48|66|48|208|43|288|41|289|32|35|31|33|24|26|25|29|27|20|17|8|255|15|12|13|15|19|262|
2017-11-12|6|1_CTs|CT6||24|30|27|29|21|9|13|19|15|6|10|9|6|8|8|7|5|5|9|5|9|8|7|18|17|11|11|16|30|10|13|23|17|41|17|29|28|36|41|41|48|72|70|63|323|53|72|350|75|86|93|83|94|104|94|76|70|109|88|77|528|307|90|106|304|86|76|63|96|95|90|66|77|63|84|69|81|62|55|74|72|71|58|48|50|54|56|43|26|284|281|34|35|251|15|19|
2017-11-12|6|1_CTs|CT7||6|4|4|5|2|3|4|6|1|2|1|1|3|0|6|4|5|261|2|1|1|7|3|5|3|5|4|4|12|4|8|6|5|5|6|10|11|15|9|7|9|18|6|18|13|7|17|277|21|17|17|26|17|23|274|12|11|21|9|24|19|20|16|528|15|21|21|23|20|21|22|29|31|28|23|23|16|23|20|19|18|17|23|18|13|16|14|12|15|10|13|11|7|7|3|4|
2017-11-12|6|1_CTs|CT8||61|54|37|43|233|50|25|34|29|24|30|26|21|13|19|26|21|14|13|13|15|13|10|10|11|16|16|23|269|37|31|27|27|32|33|33|30|53|46|52|57|70|64|64|64|70|74|67|83|334|98|87|357|87|311|89|85|106|83|86|104|121|316|114|137|112|121|128|131|124|545|346|366|151|118|123|109|364|276|315|95|84|73|66|76|78|55|53|43|67|36|54|50|40|250|27|
2017-11-12|6|1_CTs|CT12||43|47|35|292|299|35|23|25|27|22|20|11|11|273|14|14|15|9|15|9|13|12|11|17|17|27|21|28|28|35|50|38|40|54|54|64|64|70|71|330|77|96|87|95|102|78|105|391|114|372|627|139|125|136|112|122|628|124|646|103|133|382|230|265|404|140|125|168|137|155|427|172|148|150|147|168|144|379|645|128|99|114|111|108|79|338|322|71|58|70|56|52|48|45|32|40|
2017-11-12|6|1_CTs|CT15||35|24|27|29|23|14|14|11|16|16|15|10|19|15|13|19|18|20|10|15|17|17|31|289|24|31|41|43|40|56|49|53|57|64|67|47|63|72|334|80|64|330|60|83|340|159|514|90|103|116|335|87|73|72|109|54|72|90|87|105|331|349|98|101|113|92|105|352|138|163|164|362|125|108|107|90|93|98|96|93|88|90|58|78|63|54|73|50|61|53|49|33|40|34|26|25|
2017-11-12|6|1_CTs|CT16||60|59|41|35|35|24|277|284|23|11|22|17|10|17|17|10|12|13|8|11|11|20|16|16|14|20|16|28|284|26|42|34|30|38|45|59|311|70|86|71|76|107|77|92|89|100|113|137|388|129|385|420|155|176|131|148|122|129|106|136|146|126|138|153|640|388|229|363|413|409|438|165|158|143|161|161|408|160|129|151|133|134|147|123|349|91|89|82|71|322|65|54|43|48|30|44|
2017-11-12|6|1_CTs|CT21||72|73|56|261|46|34|31|25|30|24|21|37|23|236|28|25|24|30|32|40|35|42|46|52|55|57|68|81|61|78|83|89|91|354|554|110|91|124|123|120|134|347|136|136|131|137|142|154|154|152|420|449|177|174|147|160|141|175|422|172|430|432|191|210|596|222|225|214|245|249|258|257|232|444|448|229|212|207|189|200|168|194|146|153|149|134|134|132|125|114|117|112|116|89|82|63|
2017-11-12|6|1_CTs|CT22||0|0|0|0|0|0|0|0|0|0|0|0|0|0|0|0|0|0|0|0|0|0|0|0|0|0|0|0|0|0|0|0|0|0|0|0|0|0|0|0|0|0|0|0|0|0|0|0|0|0|0|0|0|0|0|0|0|0|0|0|0|0|0|0|0|0|0|0|0|0|0|0|0|0|0|0|0|0|0|0|4|0|0|0|0|0|0|0|0|0|0|0|0|0|0|0|
2017-11-12|6|1_CTs|CT23||80|65|80|72|252|55|43|41|51|30|35|31|31|484|23|36|30|22|21|17|28|27|495|31|39|43|46|41|49|296|62|56|59|57|69|66|286|91|106|118|121|324|110|327|383|128|148|371|136|150|372|365|388|152|115|155|118|154|146|133|153|377|182|187|161|167|388|191|226|178|422|628|415|181|202|161|398|184|153|136|123|139|107|95|112|121|103|72|69|96|58|72|62|53|304|46|
2017-11-12|6|1_CTs|CT24||0|0|0|0|0|0|0|0|0|0|0|0|0|0|0|0|0|0|0|0|0|0|0|0|0|0|0|0|0|0|0|0|0|0|0|0|0|0|0|8|0|0|0|0|0|0|0|0|0|0|0|0|0|0|0|0|0|0|0|0|8|0|0|0|0|0|0|0|0|0|0|0|0|0|0|2|0|0|0|0|0|0|0|0|0|0|0|0|0|0|0|0|0|0|0|0|
