2017-02-14|7|1_CTs|CT1||31|22|17|20|17|14|13|8|10|11|261|7|7|11|265|4|6|5|13|11|11|13|18|270|14|25|29|35|47|67|89|129|168|177|684|166|165|171|411|160|117|385|395|375|109|358|111|340|113|114|358|109|365|366|122|104|90|627|132|125|112|120|125|372|119|125|122|135|137|668|145|158|137|165|173|168|424|166|159|144|100|103|72|79|61|57|304|58|68|55|53|58|47|45|39|32|
2017-02-14|7|1_CTs|CT2||40|59|36|17|9|29|18|22|20|22|14|16|14|18|19|11|25|30|16|22|25|27|26|32|36|60|64|56|106|463|159|168|260|137|385|313|123|5|63|4|0|0|0|18|5|9|90|184|348|14|0|0|0|0|0|211|73|0|0|0|0|0|0|0|0|17|0|0|0|13|18|0|43|0|0|130|123|289|912|1894|662|1644|3690|2721|348|53|37|50|73|48|97|142|51|76|53|94|
2017-02-14|7|1_CTs|CT4||27|16|262|9|12|9|8|10|9|9|6|5|2|6|8|2|6|5|2|5|2|4|3|1|7|3|2|7|17|12|20|27|91|90|58|40|63|47|44|42|26|33|34|19|21|39|36|34|36|34|47|29|35|40|34|33|38|38|38|50|29|48|55|44|88|62|77|69|89|134|131|136|125|82|77|319|104|61|63|56|68|50|40|23|28|22|19|26|21|32|54|26|41|44|24|31|
2017-02-14|7|1_CTs|CT6||24|22|26|20|14|21|13|11|12|12|8|6|7|3|9|6|5|3|10|4|7|265|2|5|4|12|15|15|23|31|60|76|424|169|155|189|144|137|368|104|103|351|87|356|356|354|111|333|118|400|143|126|116|119|374|136|108|136|135|129|143|419|147|152|157|199|171|161|415|197|170|186|167|202|178|174|179|149|153|142|134|392|102|90|61|66|49|66|76|72|69|55|57|51|38|42|
2017-02-14|7|1_CTs|CT7||21|21|24|13|9|244|11|15|14|4|7|6|8|250|6|3|5|4|7|4|13|8|7|16|14|20|25|29|32|59|64|93|96|103|160|131|103|134|108|118|98|94|374|113|110|113|123|99|123|95|123|115|100|98|126|92|129|124|383|384|129|101|378|103|130|147|118|419|138|423|188|185|414|157|184|194|429|169|163|141|109|104|91|72|72|56|296|61|53|47|53|34|45|50|33|304|
2017-02-14|7|1_CTs|CT8||80|77|45|55|56|38|36|11|28|27|21|29|23|259|18|23|16|45|31|39|44|330|76|83|86|124|122|188|211|318|398|405|444|479|701|457|515|411|440|635|384|371|398|618|596|318|356|360|322|594|325|304|864|567|560|318|320|587|360|889|366|480|368|609|317|322|580|316|307|287|241|300|386|383|447|733|498|471|460|682|368|320|261|550|240|201|155|214|294|276|339|280|750|379|300|221|
2017-02-14|7|1_CTs|CT12||41|35|31|35|16|23|14|14|20|15|7|3|8|7|9|7|2|4|11|6|9|266|7|5|18|14|20|28|50|326|84|134|208|229|186|248|236|221|704|176|165|668|409|144|409|418|164|143|219|228|187|187|462|446|173|174|147|166|198|451|199|457|222|466|250|303|254|541|276|282|327|312|553|296|341|261|560|312|338|290|230|201|162|128|97|361|91|97|102|113|345|101|66|84|59|58|
2017-02-14|7|1_CTs|CT13||0|0|0|0|0|0|0|0|0|0|0|0|0|0|0|0|0|0|0|0|0|0|0|0|0|0|0|0|0|0|0|0|0|0|0|0|0|0|0|0|0|41|53|50|50|51|40|38|53|38|305|313|63|51|52|41|58|45|44|312|38|53|55|305|65|64|58|74|66|68|72|65|327|66|58|317|83|64|323|76|53|292|47|27|26|22|21|23|18|20|27|20|21|12|13|16|
2017-02-14|7|1_CTs|CT14||363|349|69|66|58|40|38|55|39|33|39|29|41|36|285|41|26|48|35|42|56|45|70|573|80|69|100|109|153|161|246|320|403|472|714|509|443|680|633|330|611|583|547|318|299|602|347|351|410|395|659|395|648|593|354|322|336|633|375|366|374|571|479|963|460|499|604|716|543|586|578|879|644|627|851|584|561|553|520|424|353|344|254|502|247|172|180|234|217|247|206|218|185|190|198|166|
2017-02-14|7|1_CTs|CT15||21|10|14|10|8|4|6|1|4|6|1|8|1|4|5|1|1|5|2|5|4|5|4|2|3|9|2|9|6|10|24|48|93|87|67|59|55|24|30|27|29|31|29|29|26|33|47|28|33|40|36|49|40|43|41|44|50|39|46|30|35|49|303|310|15|89|75|318|71|73|76|104|68|68|60|63|65|50|47|52|43|44|29|37|19|24|19|279|19|33|26|10|18|11|17|19|
