2015-10-07|3|1_CTs|ct1||50|55|33|28|18|15|14|14|3|8|4|7|5|6|6|5|3|4|4|1|9|7|17|13|13|19|33|44|64|80|676|209|225|508|244|504|476|466|212|189|436|164|182|176|160|397|161|184|185|185|454|692|457|177|403|172|180|429|451|212|204|453|215|697|443|201|173|205|196|210|702|690|185|235|209|206|206|211|211|449|192|181|149|131|124|112|103|354|77|79|78|306|582|62|318|54|
2015-10-07|3|1_CTs|ct3||326|57|47|25|28|27|267|33|13|19|7|17|9|9|12|8|15|10|17|11|31|9|15|34|29|42|54|93|79|116|150|737|232|745|249|256|774|259|763|472|479|503|486|509|228|216|486|204|462|244|256|971|238|221|185|493|450|1013|482|244|234|223|739|490|307|683|713|480|207|447|406|434|153|451|434|428|454|167|203|469|206|457|731|169|399|421|367|113|348|96|107|104|344|93|67|102|
2015-10-07|3|1_CTs|ct5||123|351|72|70|57|326|47|32|29|27|285|17|19|25|279|18|22|14|13|13|15|9|14|12|14|35|286|277|62|77|108|430|454|242|242|250|484|263|254|724|197|158|456|423|199|199|195|457|196|253|484|730|532|488|456|207|179|461|233|258|236|248|260|754|253|279|271|532|542|220|697|487|490|596|276|260|307|297|582|279|313|527|229|204|184|180|150|140|423|169|132|397|130|397|347|900|
2015-10-07|3|1_CTs|ct6||13|4|4|2|6|1|1|5|1|2|5|3|2|1|0|0|2|1|0|0|1|0|1|6|8|5|14|14|24|24|30|47|78|78|87|82|320|345|82|74|47|63|59|32|45|47|39|51|60|50|44|42|69|65|52|52|530|297|577|68|48|57|292|57|66|51|308|68|60|68|320|74|59|81|80|325|338|66|67|306|41|57|52|32|31|36|263|23|21|23|22|20|26|20|13|17|
2015-10-07|3|1_CTs|ct7||0|0|0|57|70|52|304|34|291|35|48|24|34|29|28|18|15|18|18|24|25|23|24|36|294|45|36|53|45|59|76|99|359|130|393|166|150|147|150|145|153|133|613|416|413|181|168|414|170|181|411|181|424|157|404|400|406|189|184|189|190|207|186|442|702|401|159|166|62|67|65|53|0|24|63|116|139|281|302|148|169|137|142|396|114|116|362|371|117|604|112|364|132|368|356|349|
2015-10-07|3|1_CTs|ct8||59|46|33|43|297|27|20|17|267|13|23|16|16|16|19|13|6|11|11|15|9|16|12|23|21|35|23|38|29|30|32|317|317|65|64|61|353|358|101|81|95|92|101|123|128|117|366|125|127|108|106|128|121|110|357|100|362|124|130|128|636|404|367|141|392|132|132|117|154|143|148|133|376|139|139|146|93|120|112|112|98|83|350|337|84|70|320|331|73|576|68|337|82|59|71|61|
2015-10-07|3|1_CTs|ct9||96|72|57|76|72|57|316|35|45|46|34|40|34|547|21|39|44|22|20|20|270|19|27|36|33|39|48|40|69|93|219|180|215|830|1221|404|482|834|504|662|750|213|437|506|252|721|519|216|176|171|174|682|182|389|172|180|160|173|224|258|452|865|710|442|187|722|482|238|505|467|459|112|110|346|447|504|222|229|747|358|199|211|188|135|100|149|342|101|132|160|135|877|130|111|93|902|
2015-10-07|3|1_CTs|ct10||69|69|66|63|43|41|32|28|26|34|23|31|15|17|19|16|12|10|14|11|19|11|14|22|20|24|22|48|44|50|82|113|170|148|149|160|147|148|153|148|130|129|126|114|126|141|119|135|131|108|70|130|122|128|138|137|137|149|157|141|135|135|131|130|131|137|133|140|145|159|161|160|117|118|138|145|131|123|131|148|149|143|136|133|121|109|96|86|78|97|85|99|131|108|110|89|
2015-10-07|3|1_CTs|ct13||1053|320|986|641|803|2214|2775|2754|1458|896|3317|2500|2614|321|321|2552|432|1101|1608|571|1280|1569|2028|426|89|394|1055|112|301|167|195|1111|387|525|644|493|469|498|760|513|252|519|675|687|227|515|304|220|516|255|245|1192|430|982|1372|489|1418|486|477|209|246|275|472|484|252|243|238|219|267|245|411|10|0|0|0|0|0|0|0|0|0|0|114|572|276|263|994|209|760|475|227|472|251|456|209|186|
2015-10-07|3|1_CTs|ct14||62|36|25|277|21|268|253|8|7|8|6|8|8|8|4|11|5|5|4|9|7|12|20|20|30|278|72|652|217|278|529|761|519|522|531|534|520|522|259|520|215|250|229|203|465|189|177|456|181|690|198|685|188|423|429|452|454|217|466|202|460|221|1198|685|168|440|679|213|452|483|239|247|506|245|241|234|500|227|218|444|188|198|150|376|121|103|359|94|341|351|95|78|74|65|65|53|
2015-10-07|3|1_CTs|CT16||341|55|61|305|77|59|298|31|45|31|32|24|35|36|23|280|27|37|12|19|9|267|11|30|21|24|31|284|49|59|367|169|137|136|439|183|460|136|215|175|166|438|175|157|198|167|145|178|166|409|172|207|440|139|174|159|147|387|159|180|195|441|744|183|234|187|782|242|250|483|456|301|762|261|533|490|511|245|234|452|467|195|187|141|114|114|600|91|117|123|110|140|127|337|97|67|
2015-10-07|3|1_CTs|ct18||102|86|81|79|52|53|45|32|29|35|29|28|17|20|22|18|11|17|20|15|18|14|21|33|29|35|44|62|70|97|118|203|240|197|193|278|243|289|242|206|209|218|202|180|209|177|191|179|170|190|166|200|165|175|186|197|179|204|225|221|172|155|192|179|189|184|184|184|163|209|189|210|166|165|192|201|180|180|159|197|200|173|174|127|144|139|133|113|113|142|118|127|165|132|141|118|
2015-10-07|3|1_CTs|ct19||0|1|0|0|0|0|0|1|0|0|0|0|0|0|1|0|0|0|0|0|1|0|4|3|2|10|6|9|9|10|8|3|5|11|11|6|7|4|19|7|5|3|3|4|6|8|4|8|5|4|5|6|8|8|3|6|8|5|5|4|6|9|3|4|8|5|5|6|10|5|10|4|4|5|1|10|1|0|0|0|0|0|2|6|1|1|2|5|2|2|0|3|1|1|5|0|
2015-10-07|3|1_CTs|ct22||4|3|1|1|0|0|1|0|1|1|1|1|0|1|2|0|2|2|0|1|1|2|1|1|1|3|1|4|2|8|9|10|16|15|14|18|15|13|21|275|20|15|18|22|21|19|20|22|20|18|27|33|30|26|14|17|22|24|274|30|26|29|23|39|38|31|41|51|58|50|45|54|68|77|63|51|56|49|292|35|36|18|17|14|13|11|9|7|3|4|16|4|2|11|7|4|
2015-10-07|3|1_CTs|CT23||117|115|68|79|52|29|43|31|32|24|20|15|32|21|28|15|16|14|18|22|10|19|20|22|19|34|288|66|93|98|503|532|372|680|577|487|351|391|299|1061|309|262|222|499|753|303|262|835|350|868|348|917|357|627|314|282|335|313|576|340|354|326|853|383|403|408|901|458|811|500|659|372|577|404|1028|513|1044|526|855|565|756|991|403|297|315|554|552|502|690|232|209|457|512|436|173|396|
2015-10-07|3|1_CTs|ct24||725|157|622|78|69|50|45|33|33|30|25|27|37|25|33|32|36|37|44|38|65|67|88|123|393|435|364|816|746|956|1415|1156|1170|1195|1073|912|1040|1100|795|850|1110|1161|1142|879|1613|812|781|853|785|1342|1098|1177|848|1545|1052|759|1305|1157|1214|904|836|832|1107|1053|844|1379|847|852|824|870|1387|929|907|866|903|870|902|833|1024|1300|982|986|611|768|458|670|872|614|837|884|341|298|1038|256|718|447|
