2015-04-25|3|1_CTs|ct1||102|70|73|72|62|66|45|45|30|292|17|23|27|15|18|18|16|17|10|494|11|16|18|14|15|271|24|33|24|44|39|44|42|41|64|92|337|87|64|74|50|0|1|260|0|0|5|27|126|90|106|375|629|136|109|127|124|107|104|119|140|123|134|392|116|111|151|118|111|109|108|114|117|367|94|106|370|140|120|886|143|134|369|118|154|101|346|350|74|73|73|71|320|569|60|322|
2015-04-25|3|1_CTs|ct3||163|385|133|91|93|349|302|65|327|73|43|46|46|34|40|275|37|42|33|289|28|29|40|37|20|37|51|54|47|54|318|72|61|86|90|370|359|128|118|72|1|4|3|29|2|0|1|48|414|381|135|156|408|174|412|165|162|149|43|1|0|0|0|0|0|0|97|411|123|131|137|137|143|147|625|181|659|167|941|174|705|455|199|475|982|186|175|911|662|97|104|104|99|652|142|130|
2015-04-25|3|1_CTs|ct5||173|407|197|420|343|460|481|385|79|340|317|58|57|325|54|45|37|36|41|38|24|276|277|31|30|22|42|39|34|27|63|307|315|71|318|87|103|113|86|69|3|0|1|4|1|1|5|66|166|139|156|146|668|180|139|380|122|137|68|4|3|0|5|1|36|213|146|135|110|132|374|142|175|189|181|195|466|185|443|414|958|408|363|138|146|132|602|358|370|360|354|130|385|121|371|157|
2015-04-25|3|1_CTs|ct6||27|259|22|17|4|7|3|6|4|9|2|3|2|3|1|2|1|3|2|256|3|2|77|185|5|258|4|7|7|11|5|8|9|9|13|10|13|11|21|17|65|70|75|79|325|60|60|45|16|27|27|23|21|32|23|284|24|26|10|1|0|1|1|1|1|0|48|52|26|28|30|25|29|32|42|36|285|31|26|34|282|26|26|279|28|20|17|14|20|281|11|25|16|14|21|15|
2015-04-25|3|1_CTs|ct7||394|172|200|150|150|170|166|130|120|112|97|100|74|100|88|77|78|82|81|75|60|63|54|48|55|55|299|41|41|41|59|44|55|51|64|80|325|85|35|2|3|3|3|6|13|6|5|4|34|79|103|106|222|251|109|99|104|96|70|2|1|3|6|2|1|1|3|7|14|5|2|300|86|92|398|162|159|383|140|140|413|132|128|118|146|397|382|130|129|134|128|127|133|110|147|408|
2015-04-25|3|1_CTs|ct8||352|375|130|101|99|157|149|77|65|50|53|50|35|59|44|296|33|39|46|33|32|32|286|28|28|28|17|25|23|19|20|25|25|34|38|45|54|49|27|12|4|1|5|4|6|1|0|2|16|37|51|60|71|65|56|67|64|64|39|1|0|4|2|0|0|0|0|3|6|2|3|21|47|59|96|108|106|104|82|90|363|82|90|345|105|98|352|586|80|90|97|88|90|80|366|354|
2015-04-25|3|1_CTs|ct9||192|123|146|145|159|376|380|406|617|415|138|99|336|72|324|86|62|52|54|70|37|34|45|42|536|38|44|41|40|298|316|62|63|339|341|88|372|101|382|102|342|87|387|624|117|82|112|144|115|120|120|339|617|383|119|99|102|107|139|149|141|129|123|151|366|229|131|382|132|612|125|125|136|115|141|165|437|152|440|479|638|783|597|726|2163|506|178|645|99|378|359|88|103|366|224|394|
2015-04-25|3|1_CTs|ct10||113|121|139|138|115|117|120|113|123|105|99|81|99|102|88|81|118|99|79|54|54|53|52|55|39|37|36|42|46|45|39|35|30|40|38|52|56|57|68|28|5|1|1|8|9|128|109|94|122|128|142|113|119|92|97|117|91|84|94|126|122|109|83|117|103|101|112|138|139|144|116|156|125|147|128|145|153|120|113|117|106|129|148|133|119|109|112|117|101|106|90|98|91|118|121|114|
2015-04-25|3|1_CTs|ct13||689|248|1030|548|330|507|523|191|204|442|190|420|153|186|174|415|166|167|162|402|350|115|146|124|616|79|100|135|111|107|384|112|120|404|159|684|699|165|634|147|191|549|175|74|245|899|217|297|1526|1290|4270|3375|2176|362|216|428|205|550|2129|1889|1002|430|126|72|166|165|132|474|578|718|456|273|266|242|258|526|522|523|498|535|774|247|275|464|499|479|238|762|248|471|267|233|210|751|261|480|
2015-04-25|3|1_CTs|ct14||49|45|60|46|41|36|27|30|20|22|24|20|9|13|13|10|268|13|19|12|14|21|9|13|12|23|23|40|44|58|89|91|73|70|79|364|91|111|118|161|0|0|0|0|0|0|0|45|102|381|370|390|146|412|116|125|122|132|59|0|0|0|0|0|61|710|450|128|149|403|642|149|147|382|401|142|389|148|444|662|437|416|368|118|371|112|345|334|67|331|76|85|80|81|89|59|
2015-04-25|3|1_CTs|CT16||125|114|136|372|90|107|127|116|97|119|75|73|64|69|54|74|39|44|51|46|35|42|33|36|30|29|60|39|55|21|47|38|56|291|65|36|58|59|866|109|295|280|29|32|35|38|39|71|160|96|360|322|91|322|348|69|91|96|156|130|35|40|51|48|53|96|83|128|209|438|682|188|167|131|143|155|436|155|374|403|655|147|121|377|116|132|139|103|104|328|102|81|101|129|98|108|
2015-04-25|3|1_CTs|ct18||163|140|162|157|150|152|134|136|137|149|117|107|113|126|101|95|120|107|89|60|69|69|63|75|48|45|54|56|75|61|58|58|55|69|84|72|90|89|116|43|5|0|1|7|21|181|142|141|153|180|154|149|156|119|142|155|135|135|168|235|224|181|110|211|220|207|206|174|182|199|164|197|194|190|179|211|194|170|179|169|158|166|202|193|174|146|178|151|136|144|140|128|120|153|160|145|
2015-04-25|3|1_CTs|ct19||0|0|3|0|1|0|0|0|1|0|0|1|0|1|0|2|0|1|1|0|0|2|0|2|0|3|0|2|4|3|4|1|1|3|3|2|3|3|0|3|1|0|0|0|0|1|0|0|1|1|2|2|3|4|8|2|1|4|2|1|1|2|4|2|7|2|3|2|1|2|4|2|1|3|4|2|0|4|2|5|4|7|2|4|4|11|2|3|0|1|0|0|0|3|0|4|
2015-04-25|3|1_CTs|ct22||3|4|3|9|12|6|5|6|6|3|1|1|6|1|4|3|1|1|1|0|4|2|4|3|1|2|0|5|2|3|2|1|6|3|261|3|4|2|12|6|9|9|5|9|7|260|3|8|9|15|15|12|19|10|9|275|266|16|6|8|16|270|14|5|212|314|19|14|14|7|5|8|5|16|12|13|10|10|9|5|8|10|5|4|7|253|2|5|3|3|8|17|6|6|4|5|
2015-04-25|3|1_CTs|CT23||192|677|400|95|122|104|97|88|62|53|43|298|586|32|28|19|20|18|30|33|21|19|20|30|28|13|30|46|40|57|52|305|92|74|97|115|357|379|126|153|367|101|88|59|76|337|87|65|495|216|250|268|732|511|232|489|218|193|397|498|553|529|805|807|996|902|311|216|268|518|249|256|283|310|524|248|236|555|462|242|244|518|188|206|193|213|134|118|387|640|140|125|163|654|140|417|
2015-04-25|3|1_CTs|ct24||250|465|479|216|162|121|111|96|366|828|100|81|317|74|51|54|60|313|71|287|266|61|56|321|339|376|142|173|180|221|571|351|523|609|859|694|442|540|776|611|1035|776|795|874|1028|526|800|1055|830|1316|624|871|829|874|604|908|619|679|1146|419|397|346|577|587|406|868|737|653|661|706|858|645|592|837|640|648|889|639|1451|955|1467|936|656|599|1086|491|709|1568|810|319|330|322|328|787|559|300|
