2012-07-18|7|1_CTs|CT1||36|20|24|11|9|11|8|6|16|9|7|6|3|6|2|2|9|1|3|11|8|3|6|12|7|14|17|22|35|45|88|93|116|142|168|179|193|183|199|178|164|156|127|143|114|132|121|115|115|108|116|110|104|94|85|98|99|117|136|140|135|114|125|107|92|119|103|132|106|133|148|153|122|152|145|154|143|109|112|106|91|70|98|64|55|68|56|67|48|49|55|48|57|53|40|45|
2012-07-18|7|1_CTs|CT2||173|254|348|98|15|18|14|17|12|12|11|7|4|9|16|4|3|6|4|25|16|73|10|27|19|100|221|47|57|138|98|90|211|190|281|154|87|143|24|19|361|1266|1010|2038|191|211|123|138|450|641|174|125|21|136|177|1653|212|163|154|213|148|139|147|144|143|135|150|154|210|186|990|1485|387|215|172|161|148|145|145|145|138|93|111|86|85|86|47|100|61|58|77|80|65|59|71|56|
2012-07-18|7|1_CTs|CT4||22|24|21|16|33|25|8|12|15|20|18|17|14|17|15|17|11|6|9|12|4|4|4|0|5|0|5|6|7|0|0|3|13|6|12|4|6|14|9|11|18|12|16|14|14|12|21|14|18|22|30|16|20|14|18|17|13|22|21|17|32|19|25|23|30|46|47|52|59|45|51|65|52|42|46|46|42|43|30|39|47|38|26|17|26|18|18|11|16|17|22|27|44|59|48|22|
2012-07-18|7|1_CTs|CT6||47|64|36|40|34|24|29|16|17|13|16|16|12|9|9|17|11|8|9|6|8|8|8|14|11|11|20|18|25|27|49|62|98|112|113|132|144|118|136|123|122|126|124|130|124|133|126|141|121|124|145|131|135|118|116|112|121|113|123|145|126|129|139|132|159|147|169|173|169|156|169|176|205|164|155|142|182|165|149|158|128|116|106|75|80|85|75|73|65|58|65|65|48|60|48|48|
2012-07-18|7|1_CTs|CT7||56|37|20|25|23|26|10|12|15|18|24|10|13|4|7|8|9|7|9|8|10|5|5|18|22|17|37|28|32|49|51|71|65|72|102|106|101|121|130|132|103|105|119|106|110|107|98|115|102|85|120|103|116|87|92|99|97|107|127|119|111|87|126|112|130|118|104|128|146|142|135|152|134|131|134|116|129|141|129|121|125|97|82|91|66|52|43|47|64|39|52|59|56|46|42|38|
2012-07-18|7|1_CTs|CT8||123|107|80|82|38|45|45|56|49|33|36|28|23|36|32|31|21|47|48|53|64|72|76|90|77|110|117|167|199|231|284|343|414|390|404|366|331|366|361|397|356|322|299|358|360|302|312|337|303|291|307|298|253|280|228|271|255|274|352|354|314|362|325|287|297|354|301|326|310|382|307|324|350|321|363|324|317|337|268|263|255|245|192|172|179|156|224|201|149|154|193|147|166|132|134|129|
2012-07-18|7|1_CTs|CT9||79|72|59|44|48|32|27|33|28|36|17|15|18|19|12|14|23|21|23|19|39|37|42|54|42|69|70|76|98|138|197|230|226|246|290|245|211|221|282|258|260|221|217|232|218|216|196|197|201|208|171|204|166|168|175|166|174|186|228|211|199|202|213|207|181|227|186|199|207|196|210|210|217|213|215|212|186|222|189|164|162|158|135|134|122|107|135|126|93|114|105|90|85|94|76|89|
2012-07-18|7|1_CTs|CT10||118|141|91|77|86|69|37|61|63|38|44|42|39|25|32|31|23|32|34|37|51|39|49|36|37|38|56|74|69|107|102|142|183|203|224|237|236|244|220|239|228|224|233|256|235|245|281|256|253|239|253|251|280|234|209|208|219|221|243|234|245|266|247|251|285|257|278|275|277|317|288|291|333|274|282|292|276|316|260|222|231|242|244|167|181|144|148|158|134|128|151|149|138|147|122|167|
2012-07-18|7|1_CTs|CT11||126|109|173|73|75|76|60|52|52|37|34|39|35|30|28|33|31|27|40|39|44|46|60|41|46|61|68|93|79|145|143|125|192|232|228|226|226|273|238|339|242|261|272|293|322|243|297|403|365|366|378|347|344|249|259|306|386|290|285|261|295|256|265|436|612|547|374|249|277|321|428|416|344|317|413|485|377|292|243|207|213|207|236|164|172|126|152|159|117|122|135|136|122|147|125|147|
2012-07-18|7|1_CTs|CT12||77|85|44|57|40|27|28|19|22|20|16|24|16|10|12|19|14|9|12|10|8|6|13|14|17|23|25|28|27|36|60|92|128|141|174|197|181|173|152|192|181|177|160|189|156|190|183|191|180|196|186|191|176|166|161|163|158|187|159|201|159|176|191|155|182|200|207|230|215|242|240|226|308|259|234|220|222|246|237|214|226|189|167|131|132|134|106|119|94|97|86|108|85|93|90|66|
2012-07-18|7|1_CTs|CT13||35|15|19|14|9|10|7|11|7|12|17|7|10|7|5|1|3|0|2|6|2|2|1|7|4|4|11|13|11|19|20|34|35|41|54|48|38|47|53|60|42|51|32|0|20|34|36|22|0|0|14|35|52|41|35|40|36|42|50|49|44|40|50|47|48|50|50|55|60|60|49|45|55|67|57|54|54|52|53|50|57|47|18|13|30|26|25|15|31|19|29|29|29|22|25|22|
2012-07-18|7|1_CTs|CT14||159|132|100|80|78|73|40|50|40|52|61|39|45|33|32|30|25|43|50|57|42|43|61|65|62|56|79|109|130|163|188|229|258|323|390|384|383|372|323|352|325|297|314|336|324|326|308|333|316|333|318|352|354|274|285|313|286|324|332|325|345|355|329|341|342|364|405|418|454|489|480|472|535|513|460|456|468|483|402|366|378|343|329|252|215|193|184|188|197|175|152|171|156|170|154|139|
2012-07-18|7|1_CTs|CT15||20|25|22|18|15|15|7|6|6|9|8|7|6|7|4|5|6|7|8|2|2|7|7|8|3|9|11|12|18|22|18|34|29|68|70|70|74|59|71|56|43|62|50|50|42|47|37|41|39|41|50|30|63|38|36|47|34|49|32|46|41|50|39|49|40|43|39|48|50|61|63|51|63|59|68|50|66|52|49|51|51|38|41|29|35|35|20|27|26|36|32|28|15|37|25|28|
