2016-03-15|7|1_CTs|CT1||29|20|22|21|13|14|20|12|6|5|8|9|9|10|10|8|6|11|10|13|13|15|10|24|21|20|17|38|294|82|108|130|159|168|173|173|196|171|166|153|143|133|124|112|100|117|110|114|128|114|114|364|97|118|109|110|101|112|123|131|116|123|108|132|130|377|119|137|394|132|137|387|139|135|158|146|137|124|128|115|99|72|86|85|84|62|66|59|63|319|54|56|42|43|42|41|
2016-03-15|7|1_CTs|CT2||17|16|18|12|11|10|8|8|7|13|6|3|3|5|0|6|4|7|4|6|6|12|12|8|9|15|22|25|27|38|70|69|367|161|158|133|157|139|76|103|51|41|30|6|29|17|26|51|55|5|14|62|42|58|77|85|90|107|59|53|51|105|74|24|81|55|63|113|369|94|308|107|157|138|388|116|105|358|88|88|81|80|257|136|47|20|35|39|289|36|25|291|32|27|33|25|
2016-03-15|7|1_CTs|CT4||35|32|21|14|7|22|7|8|15|10|7|5|9|6|2|1|7|1|2|4|3|1|1|1|3|1|2|1|13|10|9|23|54|52|35|41|57|39|41|35|34|69|42|49|53|70|54|62|320|62|71|56|38|38|60|50|47|47|50|28|64|60|60|51|55|64|71|75|365|62|87|72|94|100|366|103|98|78|70|62|77|68|46|50|40|39|35|25|34|20|47|46|41|36|33|32|
2016-03-15|7|1_CTs|CT6||34|21|21|20|14|16|12|4|7|8|6|6|2|3|3|7|5|6|4|6|2|4|4|8|4|5|10|10|30|31|43|74|160|163|147|180|123|139|110|87|94|119|114|360|106|120|117|116|380|378|102|119|119|94|124|128|118|123|117|115|97|123|132|127|420|179|176|180|183|181|705|482|228|212|178|185|168|407|150|144|154|111|95|90|100|71|70|52|63|45|297|49|29|31|28|41|
2016-03-15|7|1_CTs|CT7||24|21|14|18|13|9|1|6|14|13|5|3|2|4|3|6|6|5|8|3|6|2|10|15|9|15|22|23|45|40|64|71|136|125|118|128|388|117|100|120|118|125|110|99|106|108|123|77|106|115|104|106|103|116|108|109|363|374|108|115|368|626|131|615|118|138|126|135|374|147|415|179|181|166|177|176|190|150|129|380|121|98|81|68|75|66|63|40|47|22|42|38|41|26|31|32|
2016-03-15|7|1_CTs|CT8||85|71|48|42|27|49|28|29|23|24|25|12|20|18|24|14|25|36|32|38|66|85|116|103|112|114|139|158|468|299|352|401|485|450|421|479|676|402|403|392|418|377|337|330|297|338|313|300|546|270|517|305|271|289|310|267|294|855|323|340|313|337|323|334|548|330|332|358|337|340|392|671|368|435|362|372|372|338|375|313|302|262|217|184|165|168|141|407|384|133|122|386|631|130|136|86|
2016-03-15|7|1_CTs|CT12||30|40|30|23|17|14|14|8|11|7|9|12|3|4|2|7|6|4|2|7|1|7|10|9|6|14|23|29|59|55|70|141|225|225|218|243|217|187|187|147|162|185|168|161|427|178|162|170|179|444|174|190|438|436|170|167|169|186|165|181|460|439|171|931|460|485|259|235|268|557|555|303|317|282|561|253|295|272|214|243|225|449|158|131|395|117|110|74|85|53|71|75|817|46|308|56|
2016-03-15|7|1_CTs|CT13||4|9|3|5|4|1|4|2|3|4|3|2|1|1|2|1|0|1|2|2|2|1|2|2|1|2|10|13|13|18|23|25|574|49|320|46|42|45|35|53|68|66|50|43|319|46|62|44|48|54|54|50|39|54|54|62|53|49|38|53|56|309|60|53|311|50|67|75|62|74|340|345|74|67|71|74|86|326|78|60|58|55|45|46|42|28|33|24|25|15|30|18|27|20|16|17|
2016-03-15|7|1_CTs|CT14||108|86|348|91|68|58|58|35|44|36|37|28|23|25|35|34|23|29|44|30|50|67|83|91|81|88|99|128|398|168|240|298|363|476|468|748|695|658|367|385|305|337|345|335|344|340|310|344|621|388|615|392|361|345|317|386|344|386|392|365|616|637|382|403|679|471|736|507|536|640|1012|845|626|607|886|547|538|521|463|456|703|639|477|341|493|462|177|424|450|163|169|167|179|162|685|122|
2016-03-15|7|1_CTs|CT15||20|21|17|14|8|14|8|10|12|6|3|6|4|3|1|6|4|2|2|6|2|4|9|16|5|5|10|14|24|29|39|91|196|178|145|183|138|171|102|322|66|81|92|75|62|53|45|46|56|333|80|99|100|60|60|104|84|75|89|79|88|76|84|111|661|452|154|161|183|222|238|467|146|201|166|99|113|104|107|361|100|78|73|46|52|50|63|32|38|42|35|20|26|24|20|31|
