2015-04-10|2|1_CTs|ct1||98|67|324|61|47|30|52|36|22|42|24|16|18|18|14|18|17|271|27|18|12|26|35|300|35|46|59|83|335|102|128|134|156|184|165|179|185|172|202|196|200|181|208|198|179|176|189|198|717|175|192|202|206|433|449|184|189|173|193|200|204|214|207|209|201|185|180|425|191|145|161|148|420|429|164|168|194|194|193|201|193|197|215|203|154|688|412|157|400|150|384|141|124|374|142|123|
2015-04-10|2|1_CTs|ct2||57|37|42|47|39|20|26|26|273|30|22|16|19|17|13|15|15|270|14|11|10|9|17|25|20|24|30|36|21|300|40|46|60|317|74|73|73|85|121|86|109|93|116|113|107|128|88|110|112|107|79|107|102|86|106|351|91|83|101|96|339|105|358|102|87|87|357|344|355|70|92|81|85|91|76|90|96|117|77|371|120|125|161|155|153|169|643|375|345|74|69|76|74|68|81|74|
2015-04-10|2|1_CTs|ct3||82|345|99|82|61|42|61|34|37|56|34|24|284|28|24|13|22|22|24|24|260|29|33|51|289|45|66|78|327|86|111|124|124|170|155|144|404|168|182|203|458|203|440|469|199|485|488|202|215|224|199|452|191|193|415|199|190|152|187|186|459|210|277|232|219|198|169|191|454|178|157|174|203|200|180|175|224|225|201|473|708|196|206|210|207|185|222|233|182|179|162|159|156|132|168|404|
2015-04-10|2|1_CTs|ct4||65|71|69|44|40|46|44|21|32|28|25|276|20|16|28|15|23|15|22|12|279|21|36|25|32|31|29|39|50|54|50|332|82|103|119|133|384|129|366|131|373|117|110|123|635|124|150|110|100|153|157|389|129|122|371|114|128|131|115|142|122|114|153|395|129|127|381|113|86|127|359|104|113|125|130|120|117|105|100|352|347|123|101|124|100|105|112|125|86|70|89|87|108|84|105|87|
2015-04-10|2|1_CTs|ct5||117|115|360|93|67|63|69|34|52|50|39|26|31|30|283|27|33|27|40|22|32|29|38|41|38|45|45|54|59|311|93|107|147|408|168|209|198|182|172|220|206|212|186|214|227|188|451|209|204|253|212|238|186|180|460|192|190|224|201|226|190|217|262|226|480|239|228|196|479|208|199|441|436|200|239|234|199|177|181|175|178|177|160|192|154|190|174|186|142|138|415|168|169|138|149|416|
2015-04-10|2|1_CTs|ct6||36|24|35|23|24|20|23|14|16|16|5|7|6|11|12|13|265|9|9|6|7|9|13|13|13|12|13|13|14|20|23|19|27|22|34|36|43|29|32|41|40|55|60|48|51|48|59|55|53|64|53|56|59|46|314|309|44|49|58|67|63|48|62|75|69|74|67|60|329|72|75|52|48|66|325|54|66|66|67|50|54|322|306|316|49|300|57|66|54|45|57|46|49|54|298|42|
2015-04-10|2|1_CTs|ct17||90|108|125|97|85|71|78|52|54|64|47|37|36|33|29|25|27|29|39|30|26|34|43|67|42|46|69|84|88|82|122|411|173|451|181|195|200|244|230|252|232|242|230|247|493|257|240|248|219|495|238|252|215|464|228|731|208|236|214|213|232|546|258|774|254|257|492|226|241|258|215|231|257|274|398|332|274|536|240|510|506|246|249|497|470|220|234|236|182|180|182|190|163|430|193|167|
2015-04-10|2|1_CTs|CT19||54|310|53|29|280|25|26|23|16|16|11|7|10|10|6|4|8|8|8|8|10|12|11|12|13|22|25|28|50|41|52|322|85|600|94|90|607|101|111|108|119|637|606|99|643|126|645|125|111|377|130|140|388|365|361|118|117|126|104|117|367|376|388|377|124|140|133|379|115|382|644|155|377|900|653|379|142|145|128|387|368|345|124|112|91|333|113|104|553|76|85|79|65|330|58|318|
2015-04-10|2|1_CTs|CT20||58|43|287|35|25|28|20|25|20|30|14|11|14|6|10|6|7|7|8|6|5|11|10|15|12|15|22|24|23|29|43|72|89|99|73|360|602|339|87|89|71|328|342|70|336|82|90|336|80|70|97|84|65|60|74|70|80|84|80|337|66|88|81|335|599|81|73|338|334|101|344|73|69|91|93|102|95|359|339|90|89|98|104|348|345|85|81|80|322|59|68|60|63|61|77|75|
2015-04-10|2|1_CTs|CT21||277|26|26|13|1|0|1|0|1|0|0|0|0|0|0|0|0|0|0|1|4|5|4|4|4|266|9|10|12|14|22|538|269|42|45|62|47|55|47|49|56|292|287|47|48|304|308|46|46|46|50|304|60|45|32|301|39|46|53|47|44|287|63|536|314|57|305|50|52|49|54|55|47|318|57|58|49|282|551|45|548|54|57|317|43|286|41|56|30|36|39|43|39|25|45|34|
