2015-06-27|3|1_CTs|ct1||99|85|75|61|47|38|34|31|27|40|20|279|14|15|12|17|15|13|5|13|8|15|12|15|276|22|26|20|35|54|64|49|80|76|82|97|110|366|115|139|134|115|111|137|355|381|143|132|375|403|140|142|164|136|136|110|111|382|119|112|100|119|119|123|866|91|467|262|97|114|105|102|96|105|92|117|114|110|98|116|122|120|117|108|119|92|106|96|83|86|64|63|325|96|70|71|
2015-06-27|3|1_CTs|ct3||438|160|873|116|115|71|72|59|310|50|39|49|41|37|46|48|28|46|24|33|20|45|36|42|44|315|53|54|40|73|99|74|86|119|110|155|154|181|417|446|646|173|179|429|153|670|199|178|425|679|715|430|407|440|151|176|656|138|147|142|119|188|487|455|468|213|206|202|223|473|180|214|218|445|198|471|215|499|172|201|238|202|184|194|0|0|417|181|203|213|389|380|377|179|129|651|
2015-06-27|3|1_CTs|ct5||186|681|152|170|446|393|407|365|361|341|78|334|72|315|49|56|50|48|44|22|31|22|32|23|31|21|43|30|36|47|63|73|77|375|146|141|127|374|144|154|162|160|151|661|163|424|156|191|184|405|717|470|221|214|197|431|174|157|153|175|166|168|138|124|145|149|138|382|638|391|395|104|360|378|124|130|162|357|133|140|370|155|125|80|13|1|666|386|130|367|124|136|402|419|408|170|
2015-06-27|3|1_CTs|ct6||18|20|18|10|12|10|6|4|6|3|8|7|6|3|2|4|4|0|5|7|5|4|4|259|3|6|3|12|11|14|15|16|14|260|19|20|24|25|24|118|180|25|26|35|40|29|21|46|50|22|27|27|40|29|23|17|24|283|254|17|30|26|30|33|29|20|29|36|30|35|33|25|42|23|30|31|30|27|34|34|23|28|22|25|1|5|68|28|25|27|16|20|277|29|278|19|
2015-06-27|3|1_CTs|ct7||196|176|414|188|450|155|409|122|404|355|97|360|90|130|73|340|74|64|317|343|55|44|63|59|50|327|56|50|54|48|52|66|67|77|66|79|350|87|96|106|104|615|112|110|106|137|123|134|400|112|403|142|139|110|112|379|122|378|111|108|383|108|389|131|142|399|121|138|142|138|127|136|135|130|126|117|387|151|140|150|128|133|134|131|145|117|118|374|125|359|137|127|392|161|177|151|
2015-06-27|3|1_CTs|ct8||130|113|357|127|130|85|102|73|64|55|44|56|53|51|43|293|50|25|285|33|32|29|34|27|28|32|30|26|44|28|24|32|30|44|28|47|320|56|58|56|59|317|328|72|58|83|83|85|84|69|341|77|77|66|72|70|335|76|77|76|339|71|85|80|73|90|94|357|83|84|85|84|351|84|76|71|596|106|85|111|88|88|345|79|106|79|97|325|92|332|96|92|104|110|117|122|
2015-06-27|3|1_CTs|ct9||370|366|128|122|115|108|91|104|339|621|76|321|79|318|65|80|45|54|62|32|303|62|301|300|30|33|40|48|61|51|55|78|74|348|113|114|117|103|129|391|118|129|421|401|139|376|129|139|138|159|624|3165|1358|180|716|95|128|476|346|967|2392|731|203|311|1081|1735|495|687|662|314|182|223|149|382|221|255|154|122|150|141|164|127|112|154|174|164|402|117|98|358|100|92|353|588|358|365|
2015-06-27|3|1_CTs|ct10||93|123|114|129|111|118|109|93|97|82|96|88|91|94|86|76|71|64|54|53|47|50|49|46|39|37|36|39|43|34|39|32|41|36|59|64|57|62|76|90|94|79|90|93|95|91|129|104|113|100|109|96|99|95|94|103|85|80|73|95|92|95|99|95|99|93|78|82|103|99|74|78|86|104|100|91|103|94|103|95|102|112|120|91|86|97|91|83|91|87|76|90|84|90|100|109|
2015-06-27|3|1_CTs|ct13||1069|284|239|287|276|731|1054|1862|2830|2750|2617|4493|4582|1861|3724|1746|1014|3821|3727|3475|2102|3394|374|141|1685|1033|1105|1985|1653|658|122|414|427|429|183|458|189|200|222|489|498|206|230|213|192|473|181|182|132|424|229|200|443|228|745|628|617|662|398|687|203|258|208|114|621|576|549|240|630|115|122|128|163|24|6|2|0|0|0|0|0|0|0|0|0|0|0|0|0|686|1437|518|961|2250|682|814|
2015-06-27|3|1_CTs|ct14||85|568|561|51|51|312|22|35|293|21|27|16|18|22|23|15|10|12|9|7|276|15|17|15|16|278|299|43|40|353|133|365|85|598|127|133|403|438|149|160|125|144|133|156|125|136|132|150|147|137|142|381|118|117|384|105|125|130|395|152|377|144|135|139|128|380|378|123|398|140|360|392|408|137|145|129|153|664|417|151|167|165|158|138|43|56|353|112|346|363|93|96|95|569|91|81|
2015-06-27|3|1_CTs|CT16||389|105|112|124|106|101|90|81|353|81|68|66|328|327|60|63|36|50|38|40|30|32|44|29|36|35|294|46|48|41|57|49|61|54|72|59|328|76|337|94|71|85|67|114|115|353|114|130|93|369|131|369|100|363|347|108|107|112|92|345|104|111|115|87|124|91|120|137|360|91|115|115|101|103|97|118|123|108|99|104|264|261|327|104|164|487|156|109|107|84|91|79|102|322|385|374|
2015-06-27|3|1_CTs|ct18||127|139|143|148|131|135|124|117|111|95|125|113|104|116|92|89|76|75|66|70|63|58|58|61|40|54|47|61|61|51|61|65|76|73|91|103|82|113|122|124|126|123|135|136|125|136|174|150|144|136|157|139|139|127|133|133|155|103|128|134|133|162|133|129|125|105|116|139|142|140|112|124|119|154|134|137|144|141|158|139|133|160|160|136|153|179|167|151|114|132|111|126|123|115|141|146|
2015-06-27|3|1_CTs|ct19||2|1|0|2|0|2|0|0|1|0|2|1|3|0|0|1|0|0|0|0|1|2|1|0|0|3|1|2|4|1|5|5|4|3|2|1|3|7|0|3|4|4|1|1|6|5|4|2|3|6|2|4|5|8|3|3|2|3|4|2|2|8|3|1|3|1|3|2|6|4|3|5|2|3|3|4|0|4|1|3|5|3|2|4|1|3|0|4|2|1|2|1|4|2|0|1|
2015-06-27|3|1_CTs|ct22||4|6|6|9|9|6|2|4|1|5|3|7|2|3|4|3|4|1|4|2|3|0|2|3|0|1|0|2|3|2|3|5|7|4|6|8|14|7|4|9|11|8|8|7|13|15|22|14|12|15|19|12|267|8|12|9|7|10|12|8|15|9|267|14|14|13|18|13|22|19|9|9|9|9|11|10|17|10|14|9|14|11|9|13|19|13|7|9|5|12|7|10|5|13|3|7|
2015-06-27|3|1_CTs|CT23||694|150|125|120|96|74|80|60|51|64|39|45|41|35|25|29|19|21|16|22|17|25|26|22|33|26|19|294|36|45|101|344|104|384|138|153|158|140|144|294|604|202|203|206|475|477|260|235|301|1275|283|509|626|310|225|444|233|505|273|229|242|218|553|279|504|570|271|291|782|277|211|275|264|521|271|266|307|559|281|264|932|326|234|474|685|471|1046|453|200|176|400|114|141|644|620|640|
2015-06-27|3|1_CTs|ct24||314|516|501|725|209|195|908|134|135|80|362|72|83|336|74|64|49|48|314|83|53|67|83|336|106|133|182|435|228|333|463|405|654|757|512|878|620|722|1042|776|1181|947|942|1218|1213|651|699|640|910|934|849|917|1106|607|1130|874|588|840|887|892|623|692|1104|629|1066|868|671|940|667|909|655|953|751|1177|733|962|982|735|1014|702|723|1063|966|723|660|594|1060|544|717|997|427|680|435|669|795|969|
