2011-05-17|22|1_CTs|CT1||14|10|15|6|9|3|4|8|4|4|6|9|3|5|4|4|1|2|4|4|13|8|10|18|15|19|29|49|46|69|108|154|189|171|197|155|165|152|140|126|105|91|87|61|72|75|72|72|75|64|80|98|77|59|66|59|84|89|83|93|85|85|75|76|88|92|78|96|93|95|119|79|90|108|86|93|83|78|68|49|48|55|57|36|45|33|45|39|36|31|25|22|33|25|26|17|
2011-05-17|22|1_CTs|CT2||27|34|18|19|10|9|12|12|7|11|8|6|1|7|1|7|3|6|2|3|11|11|14|34|25|26|36|70|75|89|178|204|235|285|232|263|230|226|210|206|153|146|154|153|148|133|123|159|128|116|164|148|140|150|124|134|166|162|158|166|163|164|176|163|190|194|181|201|207|211|236|214|210|229|210|173|185|180|154|141|132|149|118|111|93|71|79|74|69|72|79|47|52|53|52|51|
2011-05-17|22|1_CTs|CT3||42|43|25|22|14|14|16|10|8|17|12|7|9|7|4|5|6|9|4|9|15|16|24|44|33|50|42|82|108|158|230|343|345|395|338|389|311|288|295|271|223|217|231|196|189|203|167|216|218|152|216|190|196|224|174|220|201|214|205|214|242|239|216|228|244|273|225|297|281|277|343|334|300|307|252|242|233|265|187|192|183|190|164|158|145|137|116|136|94|98|113|79|93|68|87|73|
2011-05-17|22|1_CTs|CT4||43|24|16|19|20|16|9|8|9|5|8|6|4|7|6|4|6|5|7|4|8|10|12|26|28|35|40|49|65|75|119|162|183|176|217|223|217|208|218|200|202|171|169|159|160|149|146|149|129|138|181|157|169|127|136|145|144|157|168|168|149|159|193|174|193|194|177|221|216|227|193|179|211|221|239|218|210|202|192|195|157|141|130|127|113|93|89|80|57|72|63|55|56|77|47|35|
2011-05-17|22|1_CTs|CT5||41|23|17|23|16|15|10|15|10|4|12|4|6|10|8|6|8|6|4|7|11|15|17|22|41|29|44|53|74|91|140|187|262|272|260|259|274|284|261|230|209|180|181|178|203|159|129|144|157|155|159|182|172|192|133|182|163|183|187|167|170|191|195|177|204|223|217|252|243|292|257|241|269|302|315|271|257|235|230|228|200|183|152|141|132|96|92|103|66|79|61|60|63|74|50|34|
2011-05-17|22|1_CTs|CT6||27|16|12|13|15|9|4|14|5|6|7|5|10|5|6|5|4|2|2|4|6|8|19|13|34|24|28|24|41|27|70|68|106|102|100|123|112|139|136|117|99|103|84|118|105|96|100|90|112|90|80|106|108|118|81|102|95|117|120|101|119|100|122|110|124|123|109|142|125|166|150|144|151|171|180|136|151|143|141|127|116|100|102|91|89|70|55|63|58|67|53|44|46|68|47|42|
2011-05-17|22|1_CTs|CT7||6|6|2|2|1|0|0|2|1|2|2|1|1|2|0|0|1|1|1|1|3|1|1|3|4|4|6|16|15|9|27|17|34|42|30|28|42|39|35|34|21|21|26|29|31|23|22|31|25|17|35|33|18|16|23|23|28|22|29|36|24|24|27|27|31|26|30|25|37|23|42|37|30|47|32|22|35|24|29|14|17|25|17|16|11|9|19|9|5|13|10|5|10|8|7|6|
2011-05-17|22|1_CTs|CT8||7|7|4|4|3|2|0|2|2|1|4|0|0|0|0|0|0|2|2|0|1|0|3|1|1|7|4|5|11|13|20|25|43|32|40|45|39|39|31|29|24|36|35|36|22|38|26|26|29|22|36|22|32|28|27|40|28|38|35|35|43|28|25|40|31|41|33|52|33|45|39|55|37|51|39|36|56|52|39|25|25|23|25|19|23|23|21|21|17|15|14|12|8|16|19|8|
2011-05-17|22|1_CTs|CT9||34|15|17|15|10|12|14|8|4|10|7|8|9|9|4|5|4|10|9|8|20|24|17|40|40|41|67|96|116|178|254|355|380|345|304|307|295|301|275|268|223|213|194|200|198|167|147|186|172|159|195|171|182|193|164|206|167|188|200|160|196|186|175|160|230|211|191|214|207|204|228|228|225|206|215|201|157|126|137|153|142|141|117|109|99|106|67|81|59|65|51|14|62|50|40|30|
2011-05-17|22|1_CTs|CT10||1|1|0|1|0|2|0|1|0|0|1|1|0|0|1|0|1|2|2|0|3|5|4|7|5|5|7|5|3|7|6|13|47|43|22|16|12|14|6|8|3|8|6|4|3|4|12|3|4|7|6|5|14|8|3|4|4|4|3|3|4|6|8|5|8|4|7|4|8|8|7|7|9|8|4|5|4|4|1|4|5|6|1|4|4|2|1|4|0|2|1|24|17|6|4|1|
