2016-12-08|3|1_CTs|ct3||186|168|429|147|388|366|118|86|78|50|82|54|55|66|48|38|58|49|30|49|47|43|51|51|43|39|55|70|60|47|68|72|91|82|84|125|366|109|134|138|155|19|0|0|0|0|104|201|184|203|447|223|173|192|240|230|214|218|214|234|232|454|195|156|169|131|127|176|118|372|124|89|124|122|71|86|100|339|119|145|103|164|152|187|422|310|232|167|396|122|157|120|135|152|129|109|
2016-12-08|3|1_CTs|ct5||121|116|145|129|406|181|124|126|100|92|92|78|62|72|323|53|35|31|34|52|46|24|44|36|27|30|39|38|52|57|66|318|92|92|86|120|101|133|134|115|112|177|167|141|226|351|177|217|176|190|206|201|218|255|198|153|191|199|181|210|225|205|218|251|279|547|281|245|262|244|238|235|502|205|239|273|242|250|503|268|257|302|239|247|257|191|187|423|204|204|208|171|173|185|200|197|
2016-12-08|3|1_CTs|ct6||40|33|23|30|21|17|14|13|13|8|7|8|10|9|7|7|4|9|5|7|2|5|5|6|7|2|6|2|10|17|5|11|6|6|8|11|11|9|11|18|18|16|21|21|16|18|26|21|34|27|19|41|34|27|22|22|23|34|47|40|58|63|30|27|38|52|40|33|34|29|18|35|32|32|38|34|30|28|20|25|276|16|12|24|34|32|36|27|18|20|18|12|18|15|8|11|
2016-12-08|3|1_CTs|ct7||128|22|0|0|0|0|0|39|112|97|100|88|78|91|80|61|57|52|50|57|47|36|46|52|36|43|51|39|43|41|41|44|44|51|62|64|78|82|74|98|83|104|106|124|131|148|150|139|148|157|417|128|184|216|156|112|131|154|143|156|151|176|178|175|196|427|153|182|182|182|168|105|90|125|51|91|87|79|100|125|103|108|151|203|179|170|176|173|157|170|169|150|154|147|165|156|
2016-12-08|3|1_CTs|ct8||129|118|124|110|89|85|64|56|52|35|51|41|34|51|33|25|27|23|28|27|21|17|23|18|16|20|28|24|21|22|23|29|23|29|31|36|56|63|58|67|51|70|63|75|78|89|69|83|92|106|347|74|124|118|92|81|82|98|97|98|100|120|104|111|111|122|109|127|107|113|107|91|98|118|100|104|110|111|116|124|112|126|121|117|114|120|111|100|115|105|114|93|89|81|356|100|
2016-12-08|3|1_CTs|ct9||151|151|161|132|157|161|137|136|89|119|110|97|87|88|341|72|89|340|79|59|50|49|54|47|56|56|59|50|61|60|214|129|121|1461|204|217|332|412|966|1839|1493|1327|3455|2099|980|870|3518|1890|1547|1805|1559|3213|2468|2608|2638|2251|1278|1733|3306|2049|755|328|962|1314|1072|378|985|569|1453|937|274|215|184|210|424|197|177|163|173|151|159|150|132|137|407|106|238|125|143|219|95|87|191|93|105|102|
2016-12-08|3|1_CTs|ct13||1203|1713|968|233|493|229|196|202|190|144|160|165|136|156|146|153|140|697|159|137|149|89|132|99|98|126|239|158|850|549|1021|2418|297|378|1364|1531|600|417|243|392|196|193|188|190|643|312|237|212|236|396|325|213|210|237|194|218|228|484|212|223|302|465|210|240|238|352|168|154|214|490|222|257|212|221|188|295|219|456|188|202|1055|346|1119|258|0|0|90|1395|1034|593|250|738|477|938|1030|757|
2016-12-08|3|1_CTs|ct14||0|0|0|0|0|0|0|0|0|0|0|0|0|0|0|0|0|0|0|0|0|0|0|0|0|0|0|0|0|0|0|0|0|0|0|0|0|0|0|0|0|0|0|0|0|0|2|0|0|0|0|0|0|0|0|0|0|0|0|0|0|0|0|0|0|0|0|0|0|0|0|0|0|0|0|0|0|0|0|0|0|0|0|0|0|0|0|0|0|0|0|0|0|0|0|0|
2016-12-08|3|1_CTs|CT16||177|168|183|162|183|157|111|125|96|137|121|103|89|88|113|58|79|69|76|86|47|57|64|37|54|57|34|59|46|50|49|63|62|59|75|56|93|89|60|94|80|366|95|124|103|110|98|123|135|121|376|407|177|159|150|141|136|107|143|154|396|150|177|198|269|207|244|216|204|226|287|230|214|259|475|230|226|268|207|176|211|172|153|133|128|116|194|120|93|132|116|93|102|105|155|124|
2016-12-08|3|1_CTs|ct22||17|12|8|3|8|5|6|4|7|6|5|3|7|3|5|3|2|1|0|4|5|3|1|3|3|4|1|3|0|3|6|5|3|0|4|6|6|6|2|7|9|7|16|12|16|6|12|10|15|27|14|10|5|12|14|15|17|11|12|4|8|10|14|6|8|9|12|7|18|16|12|17|9|17|10|12|12|14|8|13|10|5|9|5|10|10|4|3|9|5|10|4|3|8|3|4|
2016-12-08|3|1_CTs|CT23||658|661|618|368|207|276|285|1558|207|198|196|283|220|1206|550|316|359|279|353|257|533|295|633|368|1060|440|847|611|419|747|30|46|644|517|810|1870|1064|1410|1013|687|684|43|0|0|0|0|2753|4860|444|80|222|393|176|378|1071|1121|1452|1955|1523|1911|2240|1617|2202|2114|1927|831|147|138|501|123|483|740|1314|1948|2780|3849|4121|4279|4011|2585|992|225|273|676|568|671|777|1608|6116|3510|926|1066|370|1313|1409|3202|
2016-12-08|3|1_CTs|ct24||94|105|75|79|328|54|294|42|31|37|29|26|26|22|27|23|21|12|21|22|10|22|28|36|42|62|86|107|98|157|187|194|166|148|185|185|198|261|267|347|307|619|340|372|331|358|367|649|349|390|341|429|675|429|477|652|349|648|413|471|800|595|549|584|503|487|466|456|494|522|516|472|742|436|418|650|381|314|325|285|282|257|210|190|172|282|267|394|140|133|128|136|91|104|89|86|
