2014-03-01|6|1_CTs|CT1||1|1|3|1|0|0|0|1|0|0|3|1|2|3|2|2|0|0|3|1|4|2|0|4|4|8|3|1|3|1|5|0|5|1|2|0|2|2|7|5|1|11|1|8|5|6|5|7|4|4|0|1|4|5|4|6|1|4|0|4|3|1|3|6|4|2|9|4|4|6|8|3|4|4|6|7|3|1|5|2|4|2|1|3|1|4|2|2|0|2|22|24|5|0|2|2|
2014-03-01|6|1_CTs|CT3||19|16|7|14|17|9|6|5|10|5|4|3|8|5|7|5|10|8|12|9|18|19|22|32|31|25|22|38|44|40|34|46|47|34|33|31|40|29|32|31|35|36|31|32|30|32|35|39|36|42|26|34|32|33|30|23|32|42|36|30|28|21|18|25|30|35|34|30|25|36|23|21|32|32|29|24|16|29|28|19|20|27|16|20|9|16|22|11|14|15|8|16|13|17|14|16|
2014-03-01|6|1_CTs|CT4||16|13|7|11|7|11|3|5|4|9|4|0|3|3|3|5|2|1|2|2|1|4|2|1|5|1|0|6|4|3|5|5|6|5|4|8|9|9|14|25|15|6|3|21|13|4|9|26|21|26|17|27|28|8|27|5|18|20|15|18|23|20|17|21|24|19|21|28|25|11|14|26|27|20|20|19|24|24|23|16|29|18|18|11|3|12|12|9|10|13|11|8|11|9|7|7|
2014-03-01|6|1_CTs|CT5||28|19|26|17|21|19|13|14|19|16|22|10|9|8|8|5|7|8|9|11|9|13|6|5|13|9|14|14|20|18|20|21|30|27|30|32|39|46|33|44|55|46|55|55|55|36|52|45|48|63|66|47|54|46|65|42|50|45|45|44|41|51|34|47|63|45|47|58|49|48|65|55|63|45|45|43|33|37|33|53|48|34|32|45|35|19|30|19|23|31|41|41|34|27|31|28|
2014-03-01|6|1_CTs|CT6||41|46|36|39|36|22|19|7|8|9|12|9|5|9|12|16|8|6|8|6|13|18|8|16|19|11|22|17|21|21|22|27|33|42|48|45|44|52|50|69|75|84|71|77|101|91|93|90|119|106|85|111|116|100|103|89|85|78|93|88|97|109|106|96|84|58|75|63|84|86|70|82|68|74|75|90|75|83|79|77|71|60|60|48|40|32|28|39|36|40|34|46|36|42|35|25|
2014-03-01|6|1_CTs|CT7||10|4|2|9|3|6|4|3|2|3|3|2|3|4|1|1|0|3|5|1|1|7|6|6|9|4|10|3|9|6|3|11|15|12|16|10|7|21|19|18|18|21|15|21|21|17|24|27|27|21|20|17|13|13|14|16|16|15|17|21|26|21|23|20|12|15|17|10|13|23|19|13|20|20|20|17|21|21|22|20|13|17|17|9|13|9|5|9|3|8|5|2|10|8|10|6|
2014-03-01|6|1_CTs|CT8||55|60|56|47|40|47|31|30|22|18|18|19|25|11|14|12|24|16|14|10|7|14|17|21|24|30|39|39|33|53|57|56|55|82|68|90|61|122|107|127|99|86|106|108|96|105|110|96|106|113|116|119|108|100|95|93|93|90|106|101|113|127|113|106|92|115|113|103|125|106|108|111|103|113|111|114|106|115|101|114|110|96|83|78|77|72|55|42|57|75|83|69|59|74|44|49|
2014-03-01|6|1_CTs|CT9||71|65|69|97|74|39|36|23|31|24|34|21|21|20|29|10|15|14|8|18|10|16|26|37|36|33|44|40|44|68|64|68|66|80|86|124|92|120|111|138|136|140|155|142|131|144|143|165|175|152|143|169|156|174|165|158|130|141|140|120|149|149|158|159|183|169|210|162|162|160|144|142|167|154|143|176|183|161|176|143|123|100|109|95|69|66|70|76|77|94|75|85|71|58|67|54|
2014-03-01|6|1_CTs|CT10||37|53|37|28|31|15|23|20|20|17|14|12|18|12|8|10|5|11|6|9|9|21|13|25|22|19|21|26|33|35|39|48|40|48|62|78|95|79|80|91|92|109|116|118|99|123|109|105|118|133|121|149|125|120|111|107|87|102|85|99|97|113|102|109|109|108|123|139|132|109|116|100|117|110|90|114|109|108|93|114|104|96|80|45|67|49|50|44|50|81|124|71|44|49|35|63|
2014-03-01|6|1_CTs|CT11||44|25|29|39|28|21|23|18|13|10|20|11|10|14|21|10|11|5|8|11|14|19|21|32|29|30|46|49|42|50|86|79|71|104|110|126|113|113|105|134|133|161|128|146|143|142|146|150|157|125|138|144|159|136|140|137|100|126|109|123|104|144|117|121|111|151|151|119|121|158|115|103|113|114|82|114|114|107|115|111|124|64|74|81|51|46|42|49|53|99|66|46|57|28|31|47|
2014-03-01|6|1_CTs|CT12||53|58|41|47|34|21|27|15|16|18|21|16|22|14|16|12|9|11|13|14|15|21|15|26|20|26|34|36|43|41|51|60|52|66|78|100|84|79|102|109|115|148|131|138|133|146|168|151|171|157|165|170|186|179|130|119|105|113|117|122|124|139|114|122|139|125|137|132|138|134|132|120|140|128|106|126|131|133|119|125|129|88|94|66|70|46|51|61|58|80|125|86|46|40|51|60|
2014-03-01|6|1_CTs|CT15||20|16|8|7|15|10|7|8|9|6|5|5|9|7|8|9|8|9|3|7|7|18|13|27|23|21|36|25|28|27|27|34|29|38|52|54|65|69|45|65|61|60|53|64|55|70|46|68|53|74|55|51|54|58|57|51|40|35|41|48|57|57|43|73|47|64|45|60|59|69|57|52|43|41|45|56|70|63|52|54|40|46|38|28|24|20|18|22|20|25|21|21|25|20|18|13|
2014-03-01|6|1_CTs|CT16||63|44|38|38|30|26|27|26|26|13|14|12|14|14|13|14|6|7|12|9|12|22|21|31|34|27|37|44|39|49|60|60|67|81|104|119|101|137|104|120|124|150|128|170|149|145|172|153|156|154|153|176|159|154|126|169|123|129|121|141|130|154|151|152|146|156|144|142|150|151|128|119|134|147|137|138|119|127|131|129|135|105|96|84|87|55|55|59|52|87|122|75|61|57|44|58|
2014-03-01|6|1_CTs|CT17||150|88|98|116|49|41|51|34|46|37|44|33|37|24|21|20|18|22|32|34|15|10|36|23|20|28|32|32|32|45|38|57|50|70|105|120|86|72|122|112|142|180|181|186|180|197|213|217|253|197|224|250|239|274|221|171|192|164|193|151|189|167|182|201|233|194|204|193|149|167|181|188|230|196|179|198|205|227|206|162|153|116|160|113|104|76|109|117|74|101|82|107|65|69|129|89|
2014-03-01|6|1_CTs|CT18||101|89|79|55|59|47|43|40|49|35|45|35|28|22|26|18|27|25|25|30|23|27|25|25|43|41|55|53|59|61|58|72|90|101|103|136|121|138|119|147|150|188|162|197|220|178|208|190|194|223|228|202|187|204|205|178|175|169|194|181|177|194|213|200|226|202|206|206|198|187|196|188|215|179|157|165|172|176|158|175|163|133|144|135|103|82|80|74|79|104|147|108|100|82|94|93|
2014-03-01|6|1_CTs|CT19||66|38|41|43|22|24|27|30|25|24|19|19|19|13|14|11|8|9|16|15|13|5|19|14|14|17|21|15|18|17|24|27|30|38|60|62|54|54|65|107|104|130|116|119|118|134|146|144|120|134|144|176|147|160|138|137|96|99|95|100|137|113|123|110|134|118|112|118|120|123|122|116|125|117|108|117|109|109|119|98|98|82|74|69|64|57|58|56|51|49|55|53|50|48|47|45|
2014-03-01|6|1_CTs|CT20||42|35|62|58|37|17|19|14|20|19|18|17|10|4|12|6|11|7|14|11|5|15|18|18|18|15|16|17|29|34|31|37|38|44|50|42|62|70|67|84|86|103|100|100|122|107|88|106|55|99|37|124|62|83|54|90|115|85|111|116|116|105|109|95|117|100|99|88|95|54|94|71|106|98|72|67|115|92|71|70|59|59|58|43|50|46|37|36|36|45|49|54|38|43|32|26|
2014-03-01|6|1_CTs|CT21||86|83|64|51|50|49|30|39|33|18|17|21|24|19|22|18|20|23|27|31|28|29|50|49|58|58|48|81|94|96|125|115|110|118|148|158|164|170|152|189|146|174|148|162|172|165|176|183|160|159|177|183|168|163|159|137|158|182|190|175|160|233|189|173|180|190|180|179|150|174|163|186|187|142|161|173|156|162|172|170|154|141|115|120|84|76|67|86|100|97|104|100|81|102|73|89|
2014-03-01|6|1_CTs|CT22||121|106|98|87|68|72|62|52|55|56|50|41|43|45|41|42|37|49|47|44|51|63|85|72|83|82|83|88|100|99|125|112|112|148|131|141|142|147|152|193|167|196|192|182|198|207|233|240|229|222|252|242|247|231|209|156|195|186|189|208|222|197|217|207|250|251|235|217|210|267|219|219|228|216|181|204|212|229|201|182|170|158|151|127|107|119|104|103|75|91|92|96|113|96|117|84|
2014-03-01|6|1_CTs|CT23||91|76|70|68|64|51|48|37|31|27|24|23|32|21|26|18|27|23|21|16|16|27|21|34|38|49|60|55|67|78|88|100|86|110|124|130|138|153|160|188|171|151|168|169|153|156|164|167|182|191|158|164|166|162|160|149|141|189|185|165|174|163|194|176|174|200|203|178|180|165|188|177|169|152|172|184|163|158|182|146|139|159|113|118|87|106|82|71|88|118|127|99|87|90|75|68|
2014-03-01|6|1_CTs|CT24||103|87|86|64|76|62|53|46|45|49|40|28|29|34|31|44|25|34|28|32|28|31|34|52|48|60|70|70|62|66|90|97|91|85|88|111|116|115|147|152|149|145|195|152|181|178|178|210|211|254|199|224|207|214|177|184|155|147|186|167|204|176|191|190|214|236|228|194|230|213|215|197|201|205|197|236|192|215|192|196|178|161|117|105|102|83|85|79|79|117|120|115|92|104|80|97|
