2013-03-03|3|1_CTs|ct1||87|75|77|66|77|44|55|38|34|32|20|19|20|23|18|14|12|13|15|5|8|10|13|10|9|18|12|22|17|16|19|23|23|24|36|43|48|37|57|54|56|52|55|58|77|54|80|75|81|81|89|96|94|94|103|99|102|95|100|109|113|115|100|138|122|92|86|101|106|81|101|83|96|113|98|89|82|79|89|80|89|75|78|70|53|55|72|71|42|61|44|38|37|40|34|39|
2013-03-03|3|1_CTs|ct3||163|166|149|138|164|215|133|119|86|89|68|58|56|66|45|40|30|43|54|45|35|19|42|42|39|51|41|47|37|43|45|46|43|55|65|77|66|81|82|4|0|59|127|119|108|110|136|160|159|161|169|149|139|146|160|172|165|154|169|177|183|179|204|184|191|166|165|184|194|185|186|148|194|234|243|128|120|142|136|141|125|102|127|102|241|76|188|167|69|274|100|58|63|63|108|131|
2013-03-03|3|1_CTs|ct5||109|165|218|162|95|96|96|83|82|73|79|48|59|50|52|49|32|46|55|48|33|40|23|40|21|29|28|28|26|26|37|39|48|57|72|56|73|71|38|0|0|20|88|89|93|108|107|110|118|128|163|157|167|130|164|107|134|116|125|122|113|139|128|156|173|135|173|200|155|122|152|185|148|158|131|141|150|149|129|126|117|111|94|83|78|78|65|72|74|74|66|82|80|85|73|56|
2013-03-03|3|1_CTs|ct6||19|10|12|14|7|11|7|7|0|7|4|5|2|2|3|5|1|4|4|2|4|0|5|4|1|3|1|2|3|3|5|6|4|4|6|12|8|6|7|0|0|4|5|9|9|6|7|13|10|9|17|23|18|13|26|15|20|15|17|16|30|25|28|27|33|29|31|28|26|25|29|27|34|24|33|25|24|21|24|12|23|18|23|6|13|14|18|7|14|9|11|4|11|7|5|9|
2013-03-03|3|1_CTs|ct7||118|235|186|148|135|111|132|120|124|113|103|86|83|103|107|81|68|93|81|71|53|53|57|60|53|56|42|47|45|32|34|30|33|44|27|46|61|37|45|10|7|6|8|41|77|99|81|92|108|98|120|134|142|124|120|85|95|95|97|101|112|117|111|118|129|106|181|177|152|137|153|143|135|129|133|123|121|129|109|90|80|99|76|78|71|82|76|70|91|59|75|88|64|82|81|70|
2013-03-03|3|1_CTs|ct9||115|108|113|119|128|76|97|77|89|68|74|64|65|70|54|61|46|46|36|46|32|47|28|90|32|47|32|43|40|25|33|26|55|31|53|55|39|69|51|66|74|56|68|68|77|76|78|89|86|90|123|105|97|110|102|100|105|104|103|91|102|95|100|134|111|103|111|119|96|99|119|118|111|129|107|108|87|104|85|97|93|80|80|60|62|77|92|61|70|76|55|68|61|51|55|64|
2013-03-03|3|1_CTs|ct10||99|103|86|91|90|95|112|92|107|88|97|88|101|95|104|77|79|101|73|74|71|54|75|59|55|55|60|58|45|29|37|20|22|25|28|34|36|36|40|48|50|53|59|67|61|58|64|61|63|82|87|85|76|75|63|72|65|75|66|74|95|91|84|110|114|120|110|104|86|121|115|121|106|138|116|130|113|112|104|72|88|82|69|72|70|50|61|59|53|69|60|55|56|44|65|41|
2013-03-03|3|1_CTs|CT11||460|594|857|274|348|264|244|224|927|579|855|2632|2433|1480|2306|977|2308|3393|1975|2718|4331|3791|4130|3142|3431|573|2001|5190|8713|3695|3702|3031|620|1891|2083|2097|1573|2463|1823|2878|1617|2250|2757|2306|575|426|339|419|543|509|441|358|606|513|937|1152|801|709|933|1000|553|547|1159|792|893|538|514|448|400|901|276|184|490|322|608|579|304|307|326|302|369|295|171|177|312|366|234|161|193|165|164|183|204|334|304|284|
2013-03-03|3|1_CTs|CT12||65|73|110|49|55|56|41|33|66|49|56|44|46|28|45|29|26|34|43|27|22|18|23|28|20|12|14|17|26|13|20|11|18|10|18|23|20|32|29|2|1|0|10|19|31|31|18|35|37|36|40|46|57|51|36|33|34|31|34|48|45|47|38|44|44|48|73|85|45|36|61|70|68|46|60|37|33|35|41|37|33|26|27|29|24|26|22|31|18|27|37|21|20|24|21|25|
2013-03-03|3|1_CTs|ct13||3920|2236|478|1049|1585|1113|1049|3044|3567|3521|3769|2973|1443|830|771|3315|4417|5014|3328|1731|4434|5034|2553|273|2924|2171|602|3402|2430|4335|3218|1418|660|854|714|1821|2514|500|1204|2852|1777|387|1013|168|729|1895|876|665|666|1875|2000|856|1249|933|1832|354|1436|2021|2645|714|1138|666|570|884|1638|488|1692|1517|455|1009|2824|2316|984|1488|1355|1906|1201|506|736|1707|1329|1742|2486|3224|2898|2889|4387|1656|2796|940|1732|789|1692|1531|2498|2200|
2013-03-03|3|1_CTs|ct14||50|67|38|36|41|24|32|24|22|26|29|17|11|19|7|16|9|13|13|14|7|10|10|8|12|13|17|29|14|34|59|62|36|34|27|45|43|54|109|120|88|89|66|76|58|73|77|76|61|86|101|106|106|110|104|98|88|89|102|110|121|127|133|150|122|125|124|131|131|128|119|141|121|141|121|124|130|117|101|118|82|84|91|57|77|56|72|94|74|75|68|54|51|65|54|36|
2013-03-03|3|1_CTs|CT16||80|96|124|94|112|94|96|88|84|84|88|50|60|75|31|47|39|53|65|53|34|57|27|23|26|30|27|26|35|30|30|26|19|19|34|40|21|25|31|33|17|15|40|43|48|51|31|76|49|87|101|99|98|70|107|85|86|124|84|70|79|85|125|122|128|98|122|111|99|96|136|113|127|144|100|112|84|92|82|98|79|77|66|57|66|73|58|52|77|56|58|61|39|72|47|47|
2013-03-03|3|1_CTs|ct17||96|92|101|85|86|84|83|85|62|66|55|57|67|55|57|53|60|52|54|37|40|46|57|45|42|55|49|46|36|29|24|26|21|34|34|46|60|42|51|64|60|76|78|78|86|99|82|117|97|126|127|138|138|117|146|109|125|112|129|131|143|148|154|175|166|142|156|140|165|139|179|156|168|169|157|173|163|131|140|116|104|109|100|95|88|60|74|82|68|73|58|61|58|49|67|57|
2013-03-03|3|1_CTs|ct18||128|135|131|128|121|131|158|133|115|108|128|100|121|110|124|90|95|118|101|93|89|80|87|68|69|70|73|67|58|37|48|34|31|31|46|49|57|56|67|77|77|86|92|84|78|85|96|95|96|127|115|122|118|110|117|107|106|112|102|126|136|131|144|162|148|153|150|153|144|139|161|163|164|182|165|184|142|137|135|107|126|109|96|100|100|82|79|86|70|93|86|81|72|67|84|67|
2013-03-03|3|1_CTs|ct19||1|1|0|3|1|1|2|1|1|1|0|2|0|1|0|1|0|2|0|0|2|0|2|0|2|2|1|2|16|0|3|0|4|2|2|2|2|6|1|2|4|0|4|0|6|5|1|2|3|3|2|4|3|1|2|0|7|3|3|0|5|2|3|0|3|3|2|6|1|1|1|4|2|5|1|2|1|6|3|6|2|2|3|1|3|1|1|0|0|1|0|0|0|1|1|1|
2013-03-03|3|1_CTs|ct22||8|5|4|5|6|2|4|13|2|3|5|1|1|3|0|0|0|2|2|4|2|4|0|3|1|1|2|0|0|3|1|3|1|4|0|2|5|1|4|6|7|1|15|17|7|6|6|3|9|10|11|8|8|6|9|9|13|8|4|6|12|5|7|9|6|10|11|11|11|5|12|16|15|3|7|12|10|4|9|6|7|7|5|2|6|8|6|7|4|8|2|3|1|2|3|4|
2013-03-03|3|1_CTs|CT23||125|97|109|101|81|74|70|56|60|37|38|50|33|38|23|37|31|21|31|14|14|13|20|22|20|27|22|35|42|18|42|47|56|50|32|52|60|42|103|199|201|165|109|74|99|88|110|127|126|149|151|165|178|144|120|126|155|121|156|133|166|147|143|154|166|143|158|133|156|136|167|161|174|162|169|181|182|158|142|122|134|122|121|98|79|86|113|90|62|84|61|79|61|55|68|65|
2013-03-03|3|1_CTs|ct24||255|279|238|222|196|176|173|147|108|109|118|84|63|79|67|65|56|50|52|50|63|48|57|58|58|80|88|108|85|157|206|179|135|128|187|285|282|278|366|404|351|357|356|395|408|404|433|413|404|451|440|557|518|478|505|513|400|502|532|582|559|625|641|604|579|650|640|609|626|645|622|618|631|614|565|604|577|523|502|429|372|409|359|286|311|276|295|337|300|279|279|251|199|221|175|134|
