2016-08-04|2|1_CTs|ct1||76|321|66|50|48|30|43|23|21|19|23|20|10|18|14|10|23|11|22|15|24|20|27|40|34|42|51|73|93|102|127|148|148|160|172|171|163|157|170|199|184|197|183|207|196|210|185|168|164|172|191|207|190|196|180|169|175|185|204|175|197|177|154|122|138|120|150|181|197|166|166|186|148|156|166|189|447|168|193|175|162|188|179|171|152|133|127|131|110|104|114|112|120|102|99|96|
2016-08-04|2|1_CTs|ct2||56|302|30|36|40|24|31|15|15|10|26|15|7|15|15|9|12|3|15|26|19|10|14|17|20|23|17|32|31|35|44|49|54|49|74|67|70|67|69|97|90|92|80|101|94|106|106|116|93|89|104|100|84|106|95|88|78|81|108|100|95|72|116|108|122|99|96|86|75|84|77|84|80|74|66|91|91|88|91|74|83|106|88|83|75|79|74|85|83|65|72|82|75|69|68|51|
2016-08-04|2|1_CTs|ct3||56|307|42|35|35|28|30|25|17|15|19|11|12|15|12|7|17|5|17|11|11|16|19|24|24|27|28|38|60|68|89|91|94|104|110|110|96|91|105|119|138|151|125|130|134|140|152|134|122|128|162|146|133|131|137|133|117|121|141|138|401|116|98|104|109|119|135|127|132|121|121|93|94|126|131|121|122|133|127|140|106|125|123|122|107|84|72|75|73|71|80|71|84|69|72|59|
2016-08-04|2|1_CTs|ct4||41|47|29|279|31|24|22|22|16|14|23|17|6|17|9|9|7|6|7|7|10|9|12|8|16|10|21|16|24|25|36|45|39|32|56|71|49|63|53|58|66|50|77|50|75|81|71|60|75|78|88|421|545|474|286|129|136|125|142|146|132|134|133|120|138|107|119|132|143|120|131|196|319|255|292|332|573|260|280|290|177|223|285|282|514|556|565|471|212|213|143|108|84|72|65|47|
2016-08-04|2|1_CTs|ct5||124|113|88|86|86|65|66|71|48|46|38|27|27|32|19|22|27|26|20|15|28|28|33|23|28|29|41|39|50|73|82|88|118|375|152|172|181|446|189|198|216|203|208|191|206|210|209|238|220|234|223|249|213|232|224|203|212|197|196|213|472|213|191|194|206|200|195|184|236|221|204|203|218|216|190|199|215|217|185|210|169|185|175|175|184|170|149|149|160|174|151|165|179|151|182|137|
2016-08-04|2|1_CTs|ct6||139|123|95|342|82|62|68|57|45|40|35|17|26|23|27|18|14|12|22|15|26|25|23|28|33|30|39|33|49|53|334|65|79|104|100|127|131|112|124|131|136|132|141|139|152|146|152|176|428|157|157|169|169|169|165|152|173|173|163|196|164|182|182|191|190|189|186|183|216|186|172|179|154|176|149|151|185|182|167|160|163|146|136|145|158|128|152|137|130|141|148|155|157|154|170|118|
2016-08-04|2|1_CTs|ct17||114|108|94|99|80|79|52|61|42|41|47|35|23|34|31|22|38|21|51|20|26|31|40|42|36|52|53|71|94|85|112|130|158|163|189|212|199|223|214|250|252|263|247|236|242|234|245|232|246|247|278|252|229|221|264|219|227|214|232|228|220|179|191|205|242|228|203|261|232|247|214|235|212|238|253|200|205|242|204|228|204|242|259|218|168|176|145|147|175|160|135|155|142|167|158|145|
2016-08-04|2|1_CTs|CT19||35|37|35|23|25|29|23|15|17|14|19|9|6|4|8|5|8|3|10|6|3|263|11|16|11|15|16|20|34|40|308|51|73|55|65|65|85|83|78|84|83|117|99|101|91|101|98|58|331|113|101|102|104|103|80|101|355|353|89|47|66|60|42|76|122|74|108|343|92|108|96|93|112|110|97|85|108|121|111|93|98|107|85|89|87|73|67|65|56|53|53|51|55|55|66|43|
2016-08-04|2|1_CTs|CT20||62|56|66|41|48|36|43|26|32|41|40|28|19|20|14|11|12|11|11|13|11|6|11|12|16|14|23|28|22|31|37|49|69|57|78|70|71|76|76|72|82|82|65|83|81|70|70|81|65|82|56|68|72|69|81|67|69|64|58|73|82|60|60|71|82|63|76|51|307|64|75|72|75|81|71|69|72|72|71|79|62|87|78|81|81|64|72|65|60|57|51|63|65|76|331|70|
2016-08-04|2|1_CTs|CT21||34|33|44|18|16|19|21|13|14|14|12|13|5|8|5|5|3|2|8|2|6|3|7|4|7|3|17|11|9|13|21|26|33|37|42|48|36|297|43|44|53|32|50|45|42|56|297|50|42|39|41|48|39|39|39|56|47|43|40|36|46|44|52|39|44|45|42|41|40|36|42|41|46|45|42|311|46|52|39|48|45|48|45|38|50|35|41|35|29|33|25|38|38|43|40|42|
