2012-02-03|3|1_CTs|ct1||70|66|60|38|42|26|15|12|11|13|5|6|9|10|8|4|4|5|5|7|5|9|12|21|19|23|33|44|67|82|149|199|229|262|243|225|233|224|242|252|232|233|198|190|184|184|177|180|198|199|186|206|184|196|169|177|196|201|202|225|205|235|201|212|222|232|206|217|224|218|226|211|222|225|225|204|214|208|222|213|213|214|221|228|167|155|143|150|120|113|107|95|115|111|105|90|
2012-02-03|3|1_CTs|ct3||194|157|145|96|85|82|43|40|55|33|28|33|21|25|23|29|20|33|29|30|37|36|51|69|69|72|98|154|148|206|355|422|493|530|498|502|523|517|530|528|507|483|448|472|447|435|454|417|385|417|434|452|452|435|387|386|444|473|549|478|456|470|455|478|440|424|428|401|377|421|367|340|382|366|390|363|361|371|373|387|391|421|429|448|414|379|369|311|300|306|268|223|267|279|267|275|
2012-02-03|3|1_CTs|ct5||140|135|82|83|99|52|57|53|40|38|40|38|52|42|37|22|30|15|44|34|36|29|56|47|46|86|68|127|131|174|176|251|327|332|331|351|357|335|348|328|207|188|193|281|287|301|336|322|319|296|324|346|352|328|308|317|367|403|449|441|367|385|371|358|388|347|380|408|382|431|346|385|347|257|252|356|381|343|308|304|330|321|241|268|253|239|223|226|198|174|204|179|208|234|132|171|
2012-02-03|3|1_CTs|ct6||141|117|85|54|63|43|50|42|35|39|29|30|20|20|19|16|22|13|19|14|19|7|12|17|20|24|39|37|45|56|96|141|168|203|207|224|233|190|190|182|192|174|164|164|180|175|175|158|182|217|218|191|198|183|191|183|169|189|193|207|193|237|251|237|240|286|246|299|307|282|328|322|302|325|279|265|290|277|280|266|248|271|248|177|182|123|144|115|149|121|129|109|134|125|162|168|
2012-02-03|3|1_CTs|ct7||179|125|91|63|63|64|65|42|46|40|48|35|30|33|23|15|23|13|15|17|21|25|23|32|37|34|40|33|44|62|71|125|155|192|186|201|196|192|177|194|159|191|179|197|184|197|201|190|224|240|218|193|210|183|193|183|190|194|185|265|235|242|239|209|241|206|203|197|173|167|161|167|178|151|173|145|177|196|183|178|181|197|186|146|132|132|111|115|122|116|110|121|123|134|145|235|
2012-02-03|3|1_CTs|ct9||96|109|97|59|62|69|59|56|50|29|38|30|41|39|27|27|25|22|41|22|33|17|28|19|27|25|56|42|51|71|97|166|163|219|242|203|172|243|201|206|168|166|146|178|169|140|163|172|155|177|140|232|173|157|146|204|172|183|251|170|186|162|227|171|135|117|167|154|225|219|240|201|200|205|212|200|219|190|198|212|166|201|170|155|145|125|130|106|157|144|137|130|153|107|152|104|
2012-02-03|3|1_CTs|ct10||84|78|76|59|53|47|50|46|36|40|40|27|41|38|33|25|33|27|29|48|25|24|21|24|26|42|40|34|36|43|62|93|112|122|123|153|152|139|150|147|132|135|111|125|134|103|123|112|115|104|111|119|122|133|129|115|112|139|133|150|158|133|127|132|137|136|146|135|145|144|151|149|135|144|137|134|131|122|109|130|129|127|108|116|123|124|107|86|86|64|95|84|80|95|90|69|
2012-02-03|3|1_CTs|CT11||35|41|34|28|23|28|28|14|16|20|19|14|15|25|18|14|21|23|22|19|26|12|17|16|19|16|20|25|31|28|49|50|38|50|53|70|67|66|63|55|44|55|50|57|56|55|53|56|48|62|52|52|53|51|52|55|43|67|63|64|59|48|56|51|61|41|59|61|42|52|59|55|33|58|57|46|45|67|66|61|60|52|52|52|50|46|48|45|39|51|43|36|37|45|35|34|
2012-02-03|3|1_CTs|CT12||37|19|35|32|25|27|23|19|19|13|22|15|16|22|21|10|23|17|16|28|12|14|16|13|13|21|24|17|15|21|21|23|26|24|29|30|40|34|34|42|50|50|38|49|42|34|39|31|34|35|42|38|42|37|46|41|38|38|31|53|44|35|34|37|35|49|44|43|33|53|38|36|36|35|36|34|43|35|42|41|42|39|36|33|39|49|36|33|39|38|39|31|27|33|30|26|
2012-02-03|3|1_CTs|CT16||38|30|30|22|22|23|20|18|9|15|8|13|7|9|7|8|7|10|6|6|7|6|10|4|7|5|12|14|16|16|14|37|45|48|46|49|51|60|49|36|54|42|40|46|58|50|38|48|38|44|46|57|33|44|37|34|41|38|49|42|49|45|52|46|55|49|65|39|55|64|54|59|81|73|56|69|68|69|57|52|54|46|48|40|34|47|27|33|30|17|37|33|33|37|26|32|
2012-02-03|3|1_CTs|ct17||102|71|78|51|52|41|41|46|19|25|30|25|31|28|28|37|27|29|20|35|34|27|31|28|31|49|44|52|57|89|125|219|316|332|297|349|348|222|237|289|281|253|213|211|210|185|219|220|229|177|212|213|208|190|202|196|174|238|247|229|237|260|249|241|248|233|266|250|196|131|168|170|160|231|222|232|218|216|190|221|207|218|209|192|180|164|137|129|143|116|125|112|96|119|119|97|
2012-02-03|3|1_CTs|ct18||134|114|112|83|76|71|66|65|47|60|41|41|51|47|44|37|38|42|37|55|33|29|31|32|34|64|56|56|58|86|117|174|190|204|204|253|230|203|225|212|187|195|182|160|166|144|187|176|177|171|154|179|156|158|158|140|177|197|197|171|199|181|210|219|210|202|197|167|180|198|177|193|140|216|191|184|185|176|182|180|191|176|165|193|161|164|166|128|139|105|146|137|121|128|128|120|
2012-02-03|3|1_CTs|ct19||2|0|0|1|0|1|0|0|0|0|0|0|0|0|0|0|0|0|0|0|0|2|0|2|4|6|8|4|8|7|7|10|8|9|9|5|10|6|13|5|2|4|6|5|4|5|5|8|7|4|4|9|7|10|6|6|4|7|6|14|7|9|6|7|5|4|6|8|6|8|12|10|4|5|8|12|5|9|5|5|1|3|8|4|4|3|8|4|1|2|2|2|4|2|1|1|
2012-02-03|3|1_CTs|ct20||107|98|70|53|49|47|36|31|27|33|25|23|23|7|11|11|14|13|19|17|24|14|16|25|24|29|47|75|89|107|158|222|216|231|148|188|196|208|74|60|182|196|157|147|177|200|203|210|221|210|205|211|211|185|182|188|204|218|225|213|206|222|210|228|227|266|228|230|216|128|154|209|192|171|198|230|204|144|225|218|139|207|182|241|185|191|181|124|150|135|111|120|107|127|113|140|
2012-02-03|3|1_CTs|ct22||16|6|5|7|6|2|4|2|4|2|3|2|2|3|2|4|1|1|0|4|0|2|2|3|7|0|2|3|6|9|8|8|17|24|22|16|24|23|26|28|26|15|16|29|36|19|20|24|40|27|28|25|35|22|22|2|30|25|27|30|34|28|22|30|41|39|46|48|48|55|59|56|66|50|47|50|42|39|54|20|21|22|24|27|16|12|9|11|9|8|6|6|11|15|4|12|
2012-02-03|3|1_CTs|CT23||133|103|76|59|52|34|26|29|26|32|14|16|15|19|17|8|13|5|20|10|14|18|13|15|13|15|26|27|60|84|142|169|209|263|281|303|260|262|232|204|212|230|177|197|186|203|168|211|203|251|236|261|252|260|194|226|212|253|227|214|235|283|271|302|276|314|324|341|345|359|383|335|397|413|418|425|407|389|390|356|360|353|320|275|239|211|166|156|166|198|162|125|114|163|114|153|
2012-02-03|3|1_CTs|ct24||201|203|146|111|86|72|78|47|39|38|23|41|43|39|26|32|39|32|47|41|62|58|83|103|139|173|308|523|651|925|913|951|942|942|924|916|946|855|918|858|909|928|941|880|838|771|792|750|737|751|862|843|785|774|738|750|762|851|757|984|848|853|843|854|766|737|771|800|797|867|919|945|906|952|942|886|853|862|761|772|708|750|755|680|606|548|469|410|360|370|367|318|317|345|273|291|
