2016-05-12|7|1_CTs|CT1||39|31|23|543|25|16|17|17|10|8|11|11|8|12|10|6|5|7|6|9|13|7|14|18|17|22|20|30|42|60|351|136|165|195|158|420|170|414|156|414|403|419|136|131|126|363|117|111|95|108|127|106|57|76|88|103|128|119|130|388|377|117|136|381|129|132|132|138|134|153|152|145|152|648|148|138|128|379|126|115|358|105|82|78|71|92|343|62|51|64|56|317|53|54|46|39|
2016-05-12|7|1_CTs|CT2||301|43|38|31|29|20|19|269|10|11|10|4|4|10|8|8|7|9|5|9|18|16|13|19|28|28|44|43|54|89|122|117|213|183|201|148|190|134|473|164|180|173|174|139|143|122|184|155|154|334|909|36|124|392|65|61|135|90|82|129|319|89|287|529|483|494|567|337|276|259|585|1410|835|1680|1263|478|695|186|160|151|415|140|126|111|90|98|73|84|75|66|64|51|61|70|64|71|
2016-05-12|7|1_CTs|CT4||38|37|29|17|39|17|18|20|31|6|16|14|11|6|17|14|6|6|10|7|2|2|1|2|2|1|4|1|7|14|20|25|50|56|54|55|57|60|51|306|33|39|44|60|54|68|58|65|63|50|51|57|69|40|49|77|69|80|70|66|79|51|56|86|79|89|85|84|127|80|115|114|93|124|119|114|375|106|113|77|106|106|130|68|66|65|79|75|66|82|208|184|313|63|66|86|
2016-05-12|7|1_CTs|CT6||35|41|38|25|28|18|17|13|13|11|5|10|5|7|5|7|8|6|3|8|4|5|4|4|3|6|11|18|22|25|53|77|148|432|157|138|391|128|108|127|86|113|79|80|101|352|91|93|380|597|116|128|113|355|122|123|616|122|113|113|116|115|372|384|378|205|194|184|200|462|214|216|205|196|189|185|454|136|125|121|131|109|113|83|84|81|80|75|50|62|50|44|277|42|51|46|
2016-05-12|7|1_CTs|CT7||30|31|22|15|12|8|10|6|8|5|5|12|7|5|6|4|3|3|5|6|5|8|7|13|14|16|38|30|41|56|84|74|97|124|156|132|365|133|97|122|113|123|107|109|109|89|95|137|375|115|88|108|100|108|123|124|84|118|118|117|132|115|115|111|120|129|145|148|155|151|167|206|176|189|418|180|178|175|180|155|116|366|95|100|93|58|67|58|61|42|43|30|60|47|28|33|
2016-05-12|7|1_CTs|CT8||104|111|94|313|60|37|34|28|23|23|31|21|19|19|29|26|28|50|40|58|41|86|80|118|80|107|139|181|464|290|361|410|674|700|504|473|648|466|448|971|420|414|372|359|603|315|317|349|308|857|884|608|323|320|597|303|595|355|349|343|338|385|340|347|360|373|414|355|392|371|459|628|370|657|419|385|313|321|308|311|585|555|524|230|480|205|209|144|157|197|173|161|156|164|148|125|
2016-05-12|7|1_CTs|CT12||323|48|48|34|27|27|15|14|12|12|8|11|6|10|6|11|10|15|5|8|7|12|7|10|12|8|17|37|36|56|73|136|222|497|504|476|219|221|206|191|157|195|429|156|428|419|200|205|459|474|453|470|200|196|161|462|679|169|204|187|178|186|197|501|258|252|281|290|311|317|309|548|355|283|553|312|604|327|519|241|505|710|442|151|143|116|102|107|110|80|78|90|70|318|86|79|
2016-05-12|7|1_CTs|CT13||21|27|8|2|2|0|3|2|3|2|1|5|5|1|0|3|0|4|2|0|0|3|2|2|3|4|9|12|14|19|33|40|44|291|54|45|35|41|56|60|46|61|321|63|312|38|63|325|326|57|44|65|41|42|49|299|42|307|50|41|57|44|49|40|43|63|53|70|60|326|74|82|77|106|76|90|346|82|72|59|55|49|47|299|31|27|29|22|25|21|23|11|26|26|20|11|
2016-05-12|7|1_CTs|CT14||152|128|119|340|85|70|60|48|44|52|43|28|36|39|39|31|47|34|56|42|310|228|162|81|74|80|106|392|147|681|264|343|440|452|498|479|464|495|402|664|388|326|360|306|327|385|381|1175|395|410|376|615|418|380|361|351|359|686|422|390|436|424|448|423|510|530|551|550|577|588|582|849|687|925|654|634|599|583|773|749|728|433|351|320|301|254|226|481|456|222|197|201|449|191|191|186|
2016-05-12|7|1_CTs|CT15||27|32|20|24|25|13|22|4|15|9|7|7|3|6|1|5|1|10|8|16|3|11|8|9|11|9|15|13|21|23|49|117|208|193|195|428|404|166|106|364|105|111|87|74|81|576|73|71|88|73|66|378|99|376|108|110|93|104|84|105|93|111|93|384|161|262|195|187|231|238|248|205|679|223|164|148|412|120|105|121|361|72|58|569|61|56|61|57|33|53|45|49|38|46|40|30|
