2014-08-01|6|1_CTs|CT1||0|1|0|1|0|0|0|1|0|0|0|1|0|0|0|1|0|1|0|0|1|1|1|4|3|1|2|1|4|1|5|7|9|13|8|11|14|11|7|3|6|3|11|7|7|7|2|6|6|5|0|3|8|5|4|3|2|11|5|2|4|5|7|4|2|8|4|4|8|1|8|5|7|3|2|3|3|5|4|3|1|3|2|4|0|2|1|3|0|1|2|2|0|3|3|0|
2014-08-01|6|1_CTs|CT3||22|17|8|14|9|9|11|5|4|6|7|6|1|1|6|5|11|7|10|14|19|17|27|28|31|25|26|41|54|57|59|54|61|80|74|60|60|45|62|67|54|73|54|51|47|41|53|45|46|50|36|51|37|54|51|49|32|49|44|42|42|47|38|43|39|55|50|55|57|68|43|57|48|63|61|48|49|49|51|54|32|31|38|23|36|19|33|25|32|26|25|23|28|21|23|23|
2014-08-01|6|1_CTs|CT4||4|6|8|5|5|7|3|2|3|0|1|3|0|2|2|2|1|1|1|3|0|1|0|0|4|1|1|5|5|6|6|9|9|14|19|15|20|9|23|18|23|17|14|7|14|15|15|18|11|14|21|13|21|14|25|18|0|22|27|22|19|30|25|20|26|25|30|27|21|33|32|34|33|27|34|12|12|27|15|7|16|29|19|13|14|15|11|13|17|12|8|4|10|5|12|12|
2014-08-01|6|1_CTs|CT5||17|30|17|12|19|12|13|11|5|11|8|9|10|6|6|3|7|8|3|7|10|9|10|12|9|11|11|20|17|34|34|44|20|49|53|60|59|56|51|74|78|67|78|71|71|55|77|74|72|61|49|70|59|57|67|59|60|63|82|76|79|80|67|74|79|59|69|69|72|67|65|71|70|73|59|77|58|65|66|50|51|56|58|47|43|49|34|37|27|33|30|34|23|41|28|32|
2014-08-01|6|1_CTs|CT6||20|25|21|14|13|13|5|8|3|5|5|5|6|7|4|2|2|4|6|7|7|7|13|14|19|9|18|19|32|41|44|55|57|100|115|115|103|111|108|106|80|100|80|95|79|84|80|104|91|98|83|96|79|70|87|80|110|107|87|99|101|90|98|82|90|75|97|106|89|82|100|93|93|97|107|97|95|86|90|74|77|57|70|52|48|47|59|56|57|42|36|37|45|39|49|45|
2014-08-01|6|1_CTs|CT7||5|2|4|4|4|7|2|3|0|0|0|2|2|1|3|3|1|3|1|4|2|2|2|3|2|1|3|8|8|10|10|14|20|24|26|26|29|36|24|35|24|24|17|13|26|21|27|28|26|23|22|18|26|23|21|21|29|20|35|30|29|29|26|23|25|35|26|20|25|22|32|25|20|30|22|22|24|18|20|25|19|24|14|11|12|13|19|8|9|10|10|4|9|7|8|4|
2014-08-01|6|1_CTs|CT8||53|34|32|37|32|31|18|22|16|16|13|17|21|20|8|5|8|7|9|10|7|18|18|20|12|36|44|40|73|103|109|162|191|203|218|211|203|205|170|173|156|173|117|153|142|172|141|137|126|127|160|140|129|134|118|132|152|173|160|152|149|175|167|156|127|153|137|156|160|162|174|170|181|195|196|184|169|161|150|159|139|143|120|116|95|92|86|91|67|75|71|60|73|71|69|61|
2014-08-01|6|1_CTs|CT9||60|49|45|35|21|29|28|22|12|17|9|13|11|8|12|6|9|7|11|12|14|11|23|28|35|40|48|65|88|88|141|158|142|205|219|233|226|215|196|210|189|203|169|176|183|173|177|172|187|164|199|194|157|170|163|141|152|198|207|203|186|193|186|193|182|197|198|195|190|184|227|215|179|225|268|230|207|168|189|178|184|127|146|100|108|90|90|81|98|83|87|62|70|89|90|70|
2014-08-01|6|1_CTs|CT10||29|41|22|24|15|15|10|16|9|3|11|7|6|12|4|4|10|6|11|7|12|13|8|22|28|26|27|35|40|43|78|97|105|111|123|158|151|161|144|127|136|137|137|151|130|148|129|141|154|134|153|135|140|138|122|112|149|133|104|138|163|136|139|137|142|159|195|191|205|227|211|222|220|228|253|257|231|234|227|187|145|136|115|106|93|83|58|68|57|46|47|51|68|94|87|49|
2014-08-01|6|1_CTs|CT11||46|29|18|23|12|20|10|10|8|5|7|3|9|3|8|3|3|9|8|10|12|12|18|23|21|45|58|68|84|100|157|202|208|219|235|244|121|262|231|227|167|186|168|167|167|178|173|173|181|195|157|167|158|172|140|128|149|189|166|198|145|177|155|169|157|148|159|148|156|140|160|165|136|132|156|137|126|155|135|138|150|138|103|124|89|78|82|62|80|59|63|55|77|97|85|46|
2014-08-01|6|1_CTs|CT12||39|37|24|28|17|23|14|17|11|6|14|6|7|9|8|2|7|7|7|11|10|15|13|23|27|24|35|38|53|64|79|125|137|149|148|212|198|206|180|149|172|164|153|152|161|188|151|185|191|180|190|178|186|154|152|126|169|159|155|173|177|188|162|154|178|199|218|213|218|258|238|258|255|282|270|273|273|273|225|215|172|161|126|128|104|99|98|83|78|54|64|57|83|109|94|64|
2014-08-01|6|1_CTs|CT14||0|0|0|0|0|0|0|0|0|0|0|0|0|0|0|0|0|0|0|0|0|0|0|0|0|0|0|0|0|0|0|0|0|0|0|0|0|0|0|0|0|0|0|0|0|0|0|0|0|0|0|0|0|0|0|0|0|0|0|0|0|0|0|0|0|1|0|0|0|0|0|0|0|0|0|0|0|0|0|0|0|0|0|0|0|0|0|0|0|0|0|0|0|0|0|0|
2014-08-01|6|1_CTs|CT16||45|40|25|26|22|28|12|17|7|6|8|7|10|7|10|5|5|10|10|12|15|13|11|15|23|35|36|50|59|70|127|149|154|181|192|227|227|244|223|240|178|173|179|184|177|188|174|185|167|196|167|173|174|164|165|147|183|162|164|196|199|164|171|165|165|171|172|168|168|164|204|197|166|173|183|176|149|167|176|167|143|170|110|143|105|86|93|80|82|73|58|55|82|98|102|51|
2014-08-01|6|1_CTs|CT17||23|31|18|19|14|14|10|11|9|5|9|5|3|5|4|0|1|3|2|4|3|3|2|3|2|1|10|5|11|24|24|47|37|43|58|69|72|64|73|71|61|70|62|74|72|70|65|62|76|82|84|82|68|61|66|65|65|67|87|70|69|80|87|74|66|76|76|76|99|90|97|85|78|97|103|70|100|99|80|74|89|66|54|45|49|32|49|34|46|29|38|25|35|25|40|35|
2014-08-01|6|1_CTs|CT18||69|64|50|42|46|29|37|27|14|22|22|22|18|16|11|10|14|15|15|17|20|16|19|30|27|46|46|62|78|101|144|180|180|196|241|219|246|261|245|239|223|221|242|235|228|210|223|205|228|227|207|230|217|208|171|184|223|193|234|240|237|239|212|229|214|224|213|237|221|226|243|259|259|290|227|245|196|219|203|210|187|166|168|150|131|143|114|120|106|99|86|103|105|114|108|101|
2014-08-01|6|1_CTs|CT19||35|42|28|32|27|33|20|17|20|11|14|18|13|10|7|5|8|6|6|10|4|5|9|5|3|10|13|18|20|37|31|75|59|84|106|113|128|105|105|115|107|143|110|129|149|143|125|146|148|135|162|126|137|126|115|91|147|117|109|107|128|130|124|134|142|143|147|136|149|164|156|153|191|183|190|159|208|165|189|159|159|128|93|95|94|74|84|66|65|55|65|53|44|66|57|52|
2014-08-01|6|1_CTs|CT20||24|23|20|18|17|12|9|7|5|8|10|7|3|7|2|1|6|2|6|5|4|9|10|9|10|23|16|24|31|49|50|61|57|77|52|57|123|116|107|53|77|100|53|73|12|108|62|77|121|137|112|94|74|52|99|96|128|123|107|104|70|78|91|34|81|91|21|98|70|51|97|109|121|36|77|65|96|109|41|73|86|78|8|88|82|74|65|61|71|56|5|22|24|18|40|44|
2014-08-01|6|1_CTs|CT21||90|63|69|62|51|36|34|39|13|23|19|20|16|19|21|14|14|32|29|36|44|37|53|46|63|63|82|98|126|175|254|258|283|266|320|269|277|262|243|275|227|255|203|240|228|251|226|206|226|246|206|226|224|214|203|178|210|189|205|231|248|240|211|207|209|214|204|227|215|248|195|212|243|228|248|217|214|196|186|195|177|157|174|167|146|121|147|118|115|117|104|106|124|99|110|108|
2014-08-01|6|1_CTs|CT22||106|97|78|93|80|61|52|47|47|33|55|32|31|19|37|30|30|32|53|40|49|41|50|54|59|59|73|93|109|131|171|167|178|195|225|251|258|252|259|245|259|231|237|229|230|230|276|253|266|302|277|235|224|267|238|226|252|278|237|239|306|291|301|272|310|327|371|322|366|439|380|392|404|401|376|370|338|421|384|344|292|265|231|207|180|175|155|179|139|141|130|141|150|137|131|124|
2014-08-01|6|1_CTs|CT23||82|65|55|59|47|45|28|21|22|30|20|29|26|35|21|9|17|11|12|18|16|26|25|36|37|49|66|81|108|129|182|239|256|282|302|317|289|296|267|250|229|252|238|224|238|210|208|229|225|214|229|216|205|201|193|193|209|212|245|234|231|243|237|251|211|235|203|257|267|287|266|268|283|307|302|284|269|245|229|226|219|214|221|158|152|130|157|133|99|115|98|93|108|106|89|86|
2014-08-01|6|1_CTs|CT24||93|95|75|74|68|54|32|30|24|29|28|29|29|17|20|15|19|14|33|22|24|20|27|30|42|44|57|69|97|127|151|165|197|209|279|259|303|301|245|232|237|229|241|233|243|226|239|272|257|282|252|258|250|230|203|215|237|229|233|267|257|273|257|327|279|298|305|366|359|380|390|385|396|434|468|426|381|383|392|358|275|244|224|193|175|136|152|128|131|122|120|115|98|145|128|110|
