2012-02-13|7|1_CTs|CT1||21|9|13|14|8|7|3|2|10|3|5|6|4|0|1|2|3|1|3|4|7|2|4|10|11|17|14|24|43|63|80|153|196|219|213|218|224|200|209|180|180|162|144|131|127|127|122|167|133|134|124|130|113|134|110|133|144|143|145|159|159|171|162|146|140|174|158|155|161|166|160|175|167|179|199|175|170|135|138|115|110|108|92|76|78|71|46|55|43|54|39|35|35|36|31|32|
2012-02-13|7|1_CTs|CT2||66|42|56|40|32|44|16|28|34|32|26|12|8|6|20|6|8|6|10|16|14|12|22|34|42|36|80|69|96|138|239|325|336|435|427|393|336|431|410|353|277|364|304|330|283|366|272|306|325|298|308|344|213|288|288|242|294|298|345|320|338|364|393|369|278|361|369|354|399|403|372|386|424|429|378|341|381|339|276|305|253|264|230|197|190|180|152|138|140|104|116|98|90|102|94|70|
2012-02-13|7|1_CTs|CT4||3|11|7|5|6|3|11|7|8|5|5|9|3|3|4|7|2|2|1|8|2|0|1|2|3|4|1|9|0|0|2|9|8|13|16|19|20|20|25|11|11|16|7|15|29|14|27|29|28|27|34|33|16|21|20|18|38|33|42|22|38|35|33|28|66|44|52|68|79|91|63|82|60|61|72|79|56|49|60|55|20|12|9|11|5|12|4|10|8|12|15|15|18|17|9|16|
2012-02-13|7|1_CTs|CT6||31|26|20|23|21|8|12|9|6|7|5|1|8|4|2|6|4|3|2|4|7|2|5|9|18|11|14|13|34|33|47|84|176|222|139|174|171|149|126|141|127|136|111|128|124|164|146|160|141|141|160|176|153|116|132|127|112|146|145|153|125|173|169|169|189|203|237|228|238|223|220|240|234|226|210|194|218|206|182|148|142|140|95|118|97|87|73|70|76|48|45|64|64|47|52|37|
2012-02-13|7|1_CTs|CT7||23|15|12|11|9|6|7|6|6|5|3|1|4|4|5|2|5|1|5|8|6|7|10|10|16|19|19|29|38|54|49|86|98|103|119|127|120|100|106|119|119|104|101|101|117|109|112|118|82|109|131|97|100|113|81|98|95|128|108|110|128|107|121|127|125|136|128|143|148|120|151|115|99|132|143|141|138|127|135|108|102|101|82|79|60|72|51|56|48|53|35|44|39|34|30|29|
2012-02-13|7|1_CTs|CT8||91|100|64|54|29|30|33|18|26|21|19|23|7|16|8|9|11|25|27|34|46|67|57|73|83|91|149|159|203|210|313|379|396|448|435|401|393|403|393|376|390|388|323|307|319|331|309|320|301|340|325|305|326|277|314|331|298|331|347|356|387|366|392|343|332|319|378|386|374|384|372|377|364|357|383|378|358|316|298|276|269|234|230|211|165|195|189|147|138|139|115|125|105|108|89|90|
2012-02-13|7|1_CTs|CT9||51|50|39|32|23|17|16|8|21|14|15|13|7|10|6|6|11|11|12|21|20|35|25|43|44|55|73|86|108|135|189|232|235|300|284|259|248|256|261|280|273|242|239|228|213|236|201|217|210|206|189|219|189|202|194|229|204|219|206|227|222|251|251|246|205|205|247|223|224|239|213|235|203|263|241|240|232|204|186|178|171|146|123|152|104|118|113|92|95|95|81|77|69|77|70|48|
2012-02-13|7|1_CTs|CT10||77|68|57|64|44|36|32|31|26|26|29|25|14|30|14|17|20|18|25|20|20|26|30|47|36|40|50|73|62|75|124|144|198|245|231|241|264|238|231|230|188|227|249|259|241|289|267|280|270|269|263|251|316|228|257|208|290|252|253|273|307|281|306|307|294|350|348|321|276|172|217|326|349|306|289|288|270|319|270|285|231|276|202|176|134|155|139|147|146|126|104|118|96|98|93|84|
2012-02-13|7|1_CTs|CT11||76|54|58|50|38|40|25|26|23|26|31|17|9|16|19|17|10|11|29|17|26|43|24|38|47|46|65|78|78|100|118|141|205|212|238|240|251|265|223|230|230|262|248|251|283|288|292|262|329|257|248|228|320|334|257|237|320|399|396|619|372|719|551|409|369|374|402|318|308|264|259|295|288|273|256|266|324|281|248|257|198|235|215|187|159|219|149|175|149|137|121|121|90|114|87|82|
2012-02-13|7|1_CTs|CT12||41|27|33|28|18|12|12|17|8|20|10|8|5|4|6|3|4|3|6|9|8|3|12|9|16|10|21|30|35|40|64|137|199|215|196|238|237|207|191|190|155|166|163|173|179|196|208|200|199|192|215|224|216|173|162|167|171|202|228|201|189|194|243|258|228|246|290|277|296|280|334|323|336|326|296|305|269|276|217|233|192|206|149|165|162|116|110|81|91|75|71|73|76|70|82|61|
2012-02-13|7|1_CTs|CT13||11|8|5|7|5|2|3|2|2|2|1|1|1|0|2|2|1|0|1|4|5|3|2|2|3|8|10|11|11|20|35|47|62|51|59|54|58|45|72|76|70|36|56|41|52|45|48|58|30|59|64|42|69|64|45|50|42|72|50|56|64|62|69|71|40|76|52|56|49|55|77|80|83|78|85|84|67|58|70|59|54|59|49|35|29|28|28|21|18|13|28|34|29|20|12|18|
2012-02-13|7|1_CTs|CT14||87|65|72|58|41|44|31|29|27|31|20|20|17|19|13|15|18|24|30|27|24|40|39|50|65|81|93|112|119|150|166|250|319|322|385|407|387|387|344|332|324|343|312|315|321|337|327|334|328|353|341|356|378|343|325|299|336|344|343|341|359|378|359|397|405|445|489|472|513|460|510|530|541|579|475|458|529|471|448|422|379|338|307|256|214|211|179|195|166|157|133|161|140|117|104|103|
2012-02-13|7|1_CTs|CT15||13|11|8|12|5|8|6|7|6|3|2|5|3|2|6|3|2|3|4|7|4|4|2|8|12|6|7|13|28|43|29|80|186|185|143|143|101|83|66|60|51|35|36|44|47|48|37|42|44|40|59|32|63|56|54|54|50|58|57|30|48|57|87|64|59|89|128|102|115|99|134|124|89|70|87|78|101|69|65|54|50|37|40|31|34|29|18|30|22|24|25|23|16|19|19|17|
