2017-09-09|6|1_CTs|CT1||0|3|1|3|0|1|0|1|1|0|0|0|0|0|0|1|0|1|1|1|242|0|1|2|0|1|1|0|2|2|1|1|1|0|6|4|6|8|9|9|10|8|8|10|10|14|5|9|11|13|5|7|7|7|7|9|10|6|8|8|6|8|10|4|4|9|9|2|5|11|6|6|7|3|4|5|7|2|3|3|6|3|6|6|5|1|3|3|2|3|3|3|0|3|4|3|
2017-09-09|6|1_CTs|CT3||12|26|20|15|12|15|10|9|2|7|246|3|4|7|4|11|9|12|5|24|25|14|21|255|262|32|25|29|27|245|43|35|48|44|43|41|47|46|34|39|36|47|36|49|46|44|27|55|39|38|42|34|32|29|27|36|34|33|30|33|28|35|30|28|38|32|39|50|38|51|34|253|43|44|42|42|16|33|42|256|35|27|24|20|24|27|19|29|23|32|17|16|26|18|28|27|
2017-09-09|6|1_CTs|CT4||12|14|12|9|9|4|3|7|2|4|5|1|4|4|0|3|6|1|3|6|1|1|2|2|1|0|2|3|4|5|4|9|5|8|9|15|7|11|12|14|12|12|17|22|18|7|20|20|9|16|29|5|29|24|19|27|22|31|24|24|25|29|23|37|241|39|23|35|20|25|24|24|26|10|16|26|21|16|17|16|24|13|19|16|25|10|13|15|272|4|10|10|16|14|13|14|
2017-09-09|6|1_CTs|CT6||27|33|30|25|20|14|21|18|14|8|8|7|7|14|11|4|7|7|7|8|4|7|11|272|17|16|21|31|30|26|32|28|39|44|36|48|57|72|56|76|74|91|801|340|93|116|135|338|109|110|339|110|130|496|104|94|87|87|99|96|100|113|305|110|99|596|119|129|113|111|120|93|103|117|100|102|121|104|103|137|362|102|93|86|75|321|412|289|40|58|63|305|91|329|56|46|
2017-09-09|6|1_CTs|CT7||5|4|3|5|2|6|5|260|1|3|0|0|1|1|1|3|0|1|4|2|1|1|3|3|2|2|9|2|7|5|5|17|10|15|16|12|17|13|19|273|17|17|25|17|17|15|12|23|25|23|281|25|276|22|21|18|10|22|18|23|13|9|14|25|18|17|23|19|22|20|28|25|22|15|20|12|19|13|17|18|281|22|25|13|9|10|8|11|4|9|11|10|11|14|16|12|
2017-09-09|6|1_CTs|CT8||58|275|33|36|36|22|31|17|264|16|17|17|25|22|20|12|25|18|13|7|15|20|15|21|17|21|22|26|22|48|55|268|294|264|70|71|67|80|511|88|70|85|523|79|344|123|90|111|86|315|112|99|350|92|90|91|115|94|97|86|96|92|100|101|317|312|90|86|122|137|347|307|350|130|130|96|93|333|109|114|103|112|106|87|82|78|78|66|54|66|282|73|89|110|124|97|
2017-09-09|6|1_CTs|CT11||38|300|283|38|26|23|19|10|23|12|17|8|6|8|8|10|7|7|11|9|252|7|25|26|27|19|43|34|43|44|328|334|99|79|346|115|102|127|154|673|412|153|411|173|378|407|161|146|49|156|131|369|136|396|391|134|129|128|130|140|153|121|140|158|136|375|405|657|154|408|147|387|396|108|383|126|137|129|135|130|96|383|126|119|69|80|75|63|50|74|314|50|50|321|52|54|
2017-09-09|6|1_CTs|CT12||98|294|51|47|44|32|15|17|13|22|20|14|10|14|17|18|14|9|11|9|17|5|19|277|30|25|35|31|47|37|51|293|69|64|73|93|84|120|340|152|155|147|177|157|389|386|162|423|414|174|162|154|161|129|130|128|274|210|136|123|161|147|386|143|144|402|649|159|137|155|165|384|157|417|396|180|175|126|137|398|372|128|113|130|99|89|82|69|320|62|69|69|59|84|67|325|
2017-09-09|6|1_CTs|CT15||43|40|29|28|19|26|17|280|10|9|12|9|11|19|9|13|12|17|9|18|29|27|18|30|30|26|39|52|56|52|77|80|289|296|88|104|95|90|366|109|113|98|103|90|356|348|97|330|99|96|111|110|94|338|324|328|89|101|104|97|86|72|78|87|313|344|152|164|151|168|176|435|428|163|354|79|99|90|78|317|70|80|71|57|49|53|64|47|44|55|50|53|316|74|52|69|
2017-09-09|6|1_CTs|CT16||45|289|29|33|269|27|25|17|19|10|13|12|14|12|6|8|7|4|13|7|10|16|23|15|264|19|35|40|45|45|64|84|311|84|110|107|103|108|362|158|155|143|405|156|392|361|173|415|172|445|157|149|144|160|391|155|126|132|143|388|128|144|137|426|135|140|400|162|148|353|366|131|124|132|150|130|138|113|134|377|142|133|383|122|99|85|84|80|67|82|69|70|61|80|74|69|
2017-09-09|6|1_CTs|CT17||14|13|13|11|12|8|8|5|2|7|3|8|9|7|7|5|2|2|3|0|262|0|3|2|2|3|3|2|5|4|10|13|11|6|12|17|27|23|25|30|26|37|35|43|40|50|42|53|55|52|36|48|43|36|33|44|33|36|29|280|42|51|39|40|49|41|44|38|30|36|518|41|38|52|47|47|39|299|40|34|41|38|27|30|25|37|18|20|26|28|21|28|25|29|26|20|
2017-09-09|6|1_CTs|CT19||310|551|42|37|35|31|25|22|21|23|20|25|19|17|22|10|12|9|12|7|11|4|11|11|11|9|14|16|15|23|23|35|34|26|38|60|64|65|73|105|92|86|102|373|115|157|116|126|161|666|133|148|132|111|124|345|92|323|347|109|128|149|364|375|144|117|613|393|109|372|110|107|371|138|120|125|373|162|110|374|132|120|106|88|94|71|64|60|59|55|64|59|314|51|53|43|
2017-09-09|6|1_CTs|CT20||31|39|32|30|14|13|14|254|12|9|7|11|14|17|7|10|9|3|7|9|10|9|6|14|14|11|12|17|18|29|37|295|41|59|41|54|57|69|84|69|341|113|253|63|129|41|50|365|120|3|89|23|15|101|114|110|88|107|354|113|83|93|46|72|13|336|854|111|91|35|303|18|92|63|54|360|52|348|80|4|106|99|9|69|49|10|33|75|315|6|313|9|299|60|54|55|
2017-09-09|6|1_CTs|CT21||300|74|87|72|42|48|34|251|26|267|24|23|25|27|22|24|24|31|33|273|277|37|48|67|57|79|71|77|90|99|122|110|122|164|379|167|384|146|156|179|187|360|201|418|427|210|171|672|179|178|183|198|382|166|154|425|152|170|171|145|172|204|435|411|165|828|400|213|199|201|198|190|210|184|418|158|397|170|170|183|392|356|160|141|132|117|109|116|354|106|345|326|141|132|147|130|
2017-09-09|6|1_CTs|CT22||0|0|0|0|0|0|0|0|0|0|0|0|0|0|0|0|0|0|0|0|0|0|0|0|0|0|0|0|0|0|0|0|0|0|0|0|0|0|0|0|0|0|0|0|0|0|0|0|0|0|0|0|0|0|0|0|0|0|0|0|0|0|0|0|0|0|0|0|0|0|0|0|4|0|0|0|0|0|0|0|0|0|0|0|0|0|0|0|0|0|0|0|0|0|0|0|
2017-09-09|6|1_CTs|CT23||340|82|64|64|49|48|44|32|34|28|27|26|29|20|22|21|31|26|21|19|260|32|32|46|37|46|49|50|52|81|103|95|99|339|141|121|119|137|150|388|149|161|912|162|186|188|167|413|159|182|669|184|162|140|151|190|174|173|175|362|170|165|391|194|180|355|170|414|191|236|467|462|236|218|212|166|385|192|185|180|408|165|142|133|139|124|101|121|92|93|106|114|334|171|149|140|
2017-09-09|6|1_CTs|CT24||116|84|290|64|54|49|45|31|43|35|39|33|43|31|29|45|33|27|28|28|27|24|45|218|49|52|282|292|66|86|84|94|107|236|208|116|113|122|130|164|132|179|380|355|178|203|435|649|446|210|425|410|190|441|187|351|390|151|156|160|175|157|168|179|203|642|667|192|192|177|191|412|431|212|193|202|421|365|560|428|198|392|154|161|161|133|117|103|321|97|309|119|107|113|108|103|
