2011-11-14|6|1_CTs|CT1||0|3|1|0|2|0|0|1|0|0|0|0|1|1|0|1|0|2|1|1|1|3|1|9|5|4|13|8|8|3|9|15|52|28|21|26|10|6|8|9|5|8|8|5|6|2|9|7|5|6|3|6|12|4|7|7|6|8|8|8|3|6|6|8|5|8|10|9|5|14|14|9|6|5|6|7|1|7|3|4|2|1|3|5|2|0|1|3|2|4|0|17|15|23|12|3|
2011-11-14|6|1_CTs|CT3||17|7|12|7|8|3|4|4|1|2|0|1|2|3|5|2|4|7|11|11|18|23|17|38|46|38|45|67|63|67|93|112|128|120|167|129|145|98|87|63|57|63|60|61|42|51|52|57|43|79|63|49|45|51|62|54|51|67|63|56|55|54|67|48|65|58|74|79|73|83|68|58|68|67|67|45|58|49|37|33|53|37|33|30|27|34|25|20|24|21|22|30|17|21|18|33|
2011-11-14|6|1_CTs|CT4||7|5|4|7|3|0|1|1|0|0|0|1|1|0|2|0|2|0|0|2|4|4|1|2|5|2|2|6|8|12|13|6|67|50|33|32|10|25|23|26|28|19|23|29|30|29|23|30|29|33|32|33|53|41|27|6|27|18|28|24|26|26|16|34|22|35|48|42|49|45|53|55|61|57|51|65|54|39|39|45|32|21|35|25|32|19|23|19|13|10|14|16|14|6|10|11|
2011-11-14|6|1_CTs|CT5||8|19|10|5|5|8|10|5|4|1|4|1|1|1|2|0|4|2|2|4|4|1|6|3|7|12|10|20|18|15|31|41|53|68|61|59|74|75|70|61|69|67|72|69|65|61|70|63|59|63|57|66|70|75|78|59|65|64|70|65|44|58|72|54|54|56|55|79|73|79|74|68|50|50|67|65|64|66|51|61|36|40|34|48|36|33|38|40|35|31|35|19|13|26|24|17|
2011-11-14|6|1_CTs|CT6||18|18|7|13|6|5|8|2|4|1|2|3|8|3|3|3|0|5|2|7|5|9|6|14|8|12|20|30|37|38|60|114|165|183|170|180|173|160|128|109|108|117|92|95|108|90|121|95|108|85|85|108|84|120|108|94|124|102|123|122|125|101|109|117|144|111|143|106|140|167|148|120|121|127|135|110|97|111|98|111|93|106|80|67|85|76|58|74|59|72|65|46|42|34|35|18|
2011-11-14|6|1_CTs|CT7||7|4|7|3|3|0|3|1|0|3|2|0|1|0|0|0|0|1|0|2|0|4|1|5|5|7|1|8|9|14|18|23|35|41|31|38|37|40|27|26|26|29|32|23|17|25|14|26|25|24|25|26|24|20|22|24|15|33|25|19|25|22|20|28|36|31|23|26|29|40|31|41|35|33|33|33|24|19|17|14|17|19|12|16|10|11|8|13|14|10|6|9|9|7|6|9|
2011-11-14|6|1_CTs|CT8||33|26|33|21|13|14|13|6|4|5|5|3|13|8|7|5|4|3|5|5|5|11|18|20|24|31|37|51|88|114|169|215|242|254|170|212|191|205|219|195|169|185|180|158|142|126|190|137|129|141|145|153|111|135|145|160|156|166|196|160|140|158|150|135|146|152|156|160|161|175|190|178|206|198|198|166|143|159|153|153|132|148|119|99|87|80|95|77|62|73|67|72|62|50|58|48|
2011-11-14|6|1_CTs|CT9||34|36|25|24|19|10|9|11|7|5|5|3|8|3|3|7|4|3|13|9|18|12|18|31|35|43|59|89|114|148|209|323|355|338|408|377|370|314|304|255|260|225|219|202|196|221|197|233|216|211|251|211|221|200|209|224|221|226|216|227|230|251|308|304|315|296|251|279|291|321|299|333|299|293|268|299|233|199|192|202|187|167|152|141|111|121|99|82|102|89|87|87|57|71|64|52|
2011-11-14|6|1_CTs|CT10||20|20|19|17|14|7|7|6|6|5|4|4|3|5|3|0|3|2|6|1|10|10|10|20|27|20|32|46|63|89|113|156|157|159|228|195|179|250|240|213|184|197|181|155|140|145|152|137|149|142|170|159|159|141|157|162|187|157|174|164|156|154|153|147|170|203|185|198|201|220|219|227|237|240|228|218|187|177|165|175|131|150|117|106|83|88|83|75|69|68|73|51|50|36|44|22|
2011-11-14|6|1_CTs|CT11||31|24|17|17|11|11|12|8|5|6|4|7|4|2|2|7|3|6|11|10|12|13|18|33|29|32|60|93|113|160|246|319|344|343|340|302|331|311|274|238|236|228|178|178|178|185|184|167|175|157|196|180|196|188|182|182|204|220|204|190|179|228|211|248|260|235|231|244|208|257|195|225|214|203|219|185|139|154|142|142|124|104|81|102|82|94|90|52|77|67|61|9|42|43|53|36|
2011-11-14|6|1_CTs|CT12||22|27|22|19|12|11|5|6|8|8|3|6|4|7|3|1|5|3|9|6|11|16|12|25|26|23|36|52|59|98|130|200|233|290|297|306|305|309|243|232|201|221|179|156|140|159|172|157|169|141|154|157|195|189|170|171|196|193|190|179|152|192|162|186|217|230|222|251|245|304|287|343|322|302|308|259|258|232|204|187|164|198|128|111|92|80|93|71|77|70|67|58|54|46|51|30|
2011-11-14|6|1_CTs|CT13||19|26|24|21|17|9|8|4|4|4|5|1|6|2|3|7|4|2|8|8|9|17|13|30|33|47|37|63|84|98|140|238|272|247|312|301|291|251|210|208|178|170|169|149|132|137|138|156|152|134|153|131|149|151|143|161|158|157|160|157|149|162|217|184|201|197|175|195|191|272|230|290|255|279|219|228|182|150|137|134|123|133|94|95|70|72|79|54|68|60|58|62|41|47|40|28|
2011-11-14|6|1_CTs|CT14||19|11|13|15|10|7|5|2|3|7|0|3|6|6|1|0|1|5|3|3|8|10|15|12|18|15|18|25|35|39|52|63|109|103|159|126|151|136|112|119|96|100|115|84|100|96|81|99|105|100|90|98|107|109|82|103|111|110|105|100|113|106|108|104|115|127|132|144|143|142|186|194|182|178|178|144|137|124|141|125|86|110|83|68|65|59|55|67|64|57|54|35|41|38|38|20|
2011-11-14|6|1_CTs|CT15||11|15|14|10|5|5|4|4|3|5|2|2|2|2|1|3|2|2|6|9|7|13|12|13|17|27|22|49|64|81|97|149|211|200|210|205|173|137|100|127|103|105|105|74|49|80|72|77|66|70|81|83|55|64|61|91|65|84|96|83|74|89|127|98|101|94|88|109|88|112|121|99|97|103|96|77|70|74|54|55|56|49|57|34|31|39|32|28|30|24|20|26|12|18|11|19|
2011-11-14|6|1_CTs|CT16||37|24|24|16|16|10|11|6|5|6|6|5|5|0|2|4|3|5|7|2|6|14|7|29|34|27|33|48|87|122|168|226|266|295|263|270|253|258|235|265|237|228|184|196|175|174|185|171|169|171|192|198|176|159|181|179|198|165|190|187|195|180|182|199|209|215|199|241|221|238|223|236|219|220|260|213|198|172|154|148|149|130|104|118|95|106|100|79|88|66|70|54|63|48|58|38|
2011-11-14|6|1_CTs|CT17||13|7|6|13|4|1|3|7|5|1|0|2|2|0|1|0|1|0|3|1|2|3|5|4|10|2|5|10|18|30|40|66|81|105|88|101|96|81|86|86|71|79|84|72|81|71|81|80|79|72|64|91|97|99|66|94|71|99|99|75|92|91|68|95|97|80|97|101|96|93|111|118|89|116|97|117|103|87|87|83|90|77|73|48|52|55|41|31|36|32|32|21|27|20|38|22|
2011-11-14|6|1_CTs|CT18||30|34|34|23|24|17|20|18|10|6|10|7|6|8|5|5|11|11|13|9|10|11|17|27|33|51|40|69|114|132|186|250|308|343|290|328|293|323|279|275|220|322|281|231|247|235|259|226|208|228|234|247|230|233|243|231|261|250|260|246|280|263|272|252|285|305|246|329|276|276|292|318|274|273|296|280|282|257|220|209|190|202|170|169|136|129|126|123|100|109|108|86|64|72|88|56|
2011-11-14|6|1_CTs|CT19||25|26|21|18|20|8|10|10|5|6|2|3|4|1|4|5|3|2|4|4|6|8|6|9|13|7|12|14|21|53|75|128|203|183|156|192|170|155|148|137|123|153|128|122|111|128|125|143|137|126|145|143|160|144|132|151|127|146|145|158|153|148|154|163|161|158|185|189|179|195|217|225|236|237|219|216|205|172|167|147|155|134|107|90|104|83|70|53|57|50|51|40|37|40|53|36|
2011-11-14|6|1_CTs|CT20||11|11|8|11|5|7|2|5|5|1|1|5|2|3|2|0|1|1|5|7|7|8|15|23|20|21|19|40|32|65|67|96|157|157|119|22|150|143|135|126|95|109|127|10|102|98|110|114|113|112|102|116|115|118|124|112|113|133|135|128|128|133|111|127|131|140|124|137|117|133|28|141|137|98|59|139|119|99|51|56|69|81|35|69|58|58|41|39|28|38|43|38|19|39|25|20|
2011-11-14|6|1_CTs|CT21||67|45|51|49|25|22|17|11|14|14|5|8|7|11|8|8|5|13|14|19|30|24|31|48|53|64|96|127|125|212|245|318|323|366|372|389|338|326|280|265|246|249|267|257|226|217|268|216|204|238|243|231|214|247|220|244|229|208|258|263|252|225|270|245|268|245|224|230|244|245|268|255|271|270|263|241|237|209|182|184|178|161|124|127|106|132|100|83|105|97|92|92|94|71|64|67|
2011-11-14|6|1_CTs|CT22||71|48|31|42|36|33|19|19|18|15|16|9|17|19|13|10|18|17|25|27|34|35|46|87|83|77|120|118|125|161|179|209|229|244|323|279|281|258|222|245|232|280|204|214|244|224|252|258|295|288|276|289|264|251|250|248|258|263|265|285|254|298|273|292|319|336|345|322|379|386|422|394|345|374|346|354|293|316|254|279|278|242|196|159|161|170|151|155|152|137|146|148|133|106|84|84|
2011-11-14|6|1_CTs|CT23||53|41|43|42|29|11|12|7|7|9|12|5|11|8|9|4|9|9|8|12|18|17|24|31|50|44|57|99|128|176|277|332|381|384|338|366|363|375|371|312|273|268|279|261|223|204|263|261|211|248|244|255|209|217|249|239|212|266|261|283|253|282|253|242|273|274|307|272|335|339|322|287|338|371|348|258|303|277|289|216|224|233|192|164|154|153|138|130|125|109|109|105|79|86|92|69|
2011-11-14|6|1_CTs|CT24||53|42|37|29|29|9|16|15|16|7|7|11|11|9|6|6|10|5|14|9|21|25|23|47|48|51|68|91|97|156|153|242|287|344|338|328|309|303|301|298|297|286|284|215|245|235|256|262|255|276|254|278|232|261|233|221|208|247|270|313|260|281|278|269|270|338|304|336|334|402|395|404|368|400|421|377|351|324|338|318|303|246|194|178|166|142|151|162|127|134|117|105|101|85|97|65|
