2011-11-29|6|1_CTs|CT1||1|2|0|2|1|0|0|1|0|0|0|0|1|0|1|1|0|1|1|0|3|3|4|6|8|3|12|5|6|6|5|8|44|46|20|6|17|8|5|7|10|8|4|8|14|5|6|4|5|2|7|6|4|8|8|5|3|4|4|4|4|3|4|8|7|4|11|5|8|9|7|12|4|7|9|6|5|5|2|3|5|1|2|4|2|1|6|3|2|2|12|15|8|2|0|3|
2011-11-29|6|1_CTs|CT3||15|15|10|4|2|6|3|3|0|2|3|0|3|2|3|3|3|5|8|14|14|13|23|23|28|39|45|41|48|54|61|94|112|102|122|122|87|90|90|54|74|45|49|49|71|48|44|53|48|47|54|41|44|38|43|47|52|46|56|54|54|57|52|47|57|57|57|78|75|77|72|68|78|52|60|72|78|68|58|52|34|21|30|33|18|35|26|16|19|19|30|17|9|13|14|16|
2011-11-29|6|1_CTs|CT4||9|8|1|4|4|3|3|6|3|5|3|3|0|5|3|1|0|2|2|3|0|1|1|2|1|2|3|6|10|11|14|36|63|54|32|24|17|34|32|30|21|24|38|27|32|27|34|29|22|31|39|34|34|42|40|37|37|33|35|35|38|29|20|37|25|33|34|46|42|51|61|46|40|71|62|64|78|53|52|71|38|30|31|34|22|24|15|16|27|10|18|16|11|23|11|15|
2011-11-29|6|1_CTs|CT5||15|13|14|8|13|9|13|4|5|2|6|5|1|2|4|5|1|1|3|3|7|6|6|11|17|19|20|12|29|26|34|48|65|57|67|86|76|98|76|83|70|68|60|68|77|78|63|66|74|88|70|60|78|51|75|76|74|71|71|64|88|76|85|87|93|77|72|78|91|62|91|72|72|77|71|75|85|102|94|87|54|52|58|43|42|44|36|41|27|43|25|35|16|32|30|25|
2011-11-29|6|1_CTs|CT6||30|15|8|11|5|7|9|9|3|5|2|7|1|3|5|4|5|7|4|6|4|12|3|15|16|14|15|30|45|46|57|117|168|166|174|208|169|167|113|129|111|112|122|103|112|94|106|107|114|115|78|96|105|96|103|98|121|125|102|113|129|128|120|120|116|110|135|135|139|155|143|125|138|130|126|105|109|117|142|106|98|109|75|80|94|77|74|45|46|53|43|53|52|49|33|33|
2011-11-29|6|1_CTs|CT7||2|6|5|5|2|2|2|1|1|1|3|1|3|1|0|0|0|1|1|4|1|1|1|3|2|6|1|8|10|8|13|25|37|25|33|46|24|35|41|20|22|21|15|22|26|27|22|25|26|17|29|26|28|22|16|22|25|27|23|30|24|33|21|28|27|31|28|31|25|26|32|25|28|39|33|26|22|29|21|26|24|14|16|10|14|8|11|12|14|8|10|8|4|3|5|10|
2011-11-29|6|1_CTs|CT8||57|47|26|32|28|38|12|14|12|10|11|13|13|10|4|4|2|3|7|5|14|10|19|30|30|30|49|53|67|108|167|216|237|231|203|189|183|207|197|200|180|153|142|166|144|140|115|157|158|125|136|163|162|162|139|137|152|172|183|183|151|147|160|128|159|165|168|197|190|196|184|180|197|201|187|186|168|174|155|149|149|123|138|111|103|93|81|78|78|75|64|70|88|58|53|48|
2011-11-29|6|1_CTs|CT9||38|46|32|29|25|16|17|13|8|11|8|11|7|5|3|4|4|7|10|9|10|15|25|37|47|41|54|73|104|163|201|314|353|372|362|359|318|305|266|217|239|214|204|253|225|186|202|218|225|224|200|211|235|207|218|213|237|223|216|214|263|241|231|222|220|242|339|392|392|383|387|361|312|303|339|341|247|254|367|353|334|197|157|140|141|125|102|107|86|92|108|93|70|82|77|50|
2011-11-29|6|1_CTs|CT10||22|34|17|16|14|11|11|5|8|7|7|7|10|5|2|3|0|3|3|4|5|8|17|23|35|38|37|53|63|67|105|152|176|194|204|255|214|224|227|211|181|142|110|159|164|152|155|163|162|180|162|130|177|176|154|143|162|167|183|170|188|182|166|163|190|209|217|180|203|227|211|200|204|230|229|233|211|202|228|240|257|181|136|109|109|82|86|92|76|77|55|64|53|48|33|45|
2011-11-29|6|1_CTs|CT11||37|27|17|11|11|18|15|10|7|9|7|10|5|3|3|6|12|9|11|8|19|15|21|33|40|49|77|93|113|174|255|341|334|308|315|311|301|293|272|235|228|212|200|192|174|162|169|181|176|196|184|176|193|193|144|166|214|210|207|195|206|208|182|193|182|230|257|237|246|218|263|194|230|214|221|187|157|153|185|178|175|109|112|116|104|76|71|89|77|48|59|60|50|65|50|36|
2011-11-29|6|1_CTs|CT12||34|32|26|18|10|13|11|8|12|7|8|9|7|4|2|6|4|5|5|5|6|15|16|25|38|31|42|65|62|99|134|191|236|238|308|303|287|264|249|213|167|160|147|167|159|191|151|178|180|196|186|167|190|208|157|164|180|196|189|166|203|203|193|183|215|231|249|259|267|292|304|304|271|274|312|292|273|291|299|318|240|191|150|126|134|109|91|105|81|60|52|59|55|58|41|38|
2011-11-29|6|1_CTs|CT13||8|14|11|10|8|8|3|1|3|7|1|1|2|1|0|1|0|3|4|5|2|5|8|14|14|13|18|19|35|38|50|75|78|69|73|84|61|65|58|49|41|43|37|48|54|53|42|48|41|47|42|45|40|40|44|59|59|55|43|47|46|43|49|43|41|43|64|95|85|77|93|54|47|57|58|67|62|64|82|81|37|37|33|22|28|28|31|24|17|18|24|21|14|27|13|11|
2011-11-29|6|1_CTs|CT14||25|26|18|10|7|6|4|11|4|9|10|3|5|6|5|1|2|6|0|3|4|8|12|12|21|21|21|29|32|52|44|73|101|101|113|111|112|141|109|100|99|84|93|104|91|120|98|123|101|123|110|101|118|123|122|97|112|99|124|104|119|134|117|110|130|133|138|140|160|166|175|158|196|161|197|197|163|187|182|171|156|125|95|71|75|67|67|52|61|67|51|47|45|40|31|30|
2011-11-29|6|1_CTs|CT15||16|17|9|12|8|8|7|4|4|2|4|2|4|3|3|2|0|1|6|3|8|9|6|22|19|20|23|37|37|62|100|175|213|196|179|157|139|152|119|107|100|82|72|85|78|75|73|79|71|90|94|83|90|86|65|79|74|92|76|82|94|70|80|80|80|83|136|151|157|176|163|113|93|108|127|188|164|124|144|114|51|52|38|35|41|34|39|32|26|26|30|17|12|16|31|20|
2011-11-29|6|1_CTs|CT16||30|33|21|16|17|15|12|9|7|11|9|6|11|8|3|3|1|5|5|8|9|8|13|28|26|40|48|61|72|113|151|216|291|237|278|268|264|248|265|239|224|227|185|171|202|180|175|180|186|209|184|197|162|206|175|169|193|200|218|202|220|200|216|198|221|211|233|208|213|220|225|198|202|223|243|204|171|201|180|178|191|134|153|121|110|88|98|94|81|81|67|74|57|61|38|55|
2011-11-29|6|1_CTs|CT17||19|14|6|10|6|4|8|6|7|1|2|4|3|3|3|1|1|0|1|3|2|2|2|6|9|10|9|14|15|32|43|70|95|95|99|109|97|106|83|68|88|71|74|91|72|84|62|75|103|92|61|97|97|77|82|93|88|85|90|91|77|77|94|89|102|90|90|106|102|102|134|108|131|110|106|88|82|76|82|78|77|51|70|51|64|42|39|40|31|35|30|36|30|34|35|21|
2011-11-29|6|1_CTs|CT18||57|39|40|38|28|32|26|13|11|14|14|11|6|13|9|12|8|4|8|12|16|14|16|30|39|59|54|56|85|130|167|249|316|322|304|327|315|325|284|296|275|278|255|248|232|255|211|237|255|265|223|243|241|233|245|207|234|254|275|272|287|253|265|251|296|274|285|296|305|292|334|322|305|321|345|304|331|373|333|251|218|194|225|169|167|142|120|138|121|134|110|118|82|92|76|67|
2011-11-29|6|1_CTs|CT19||29|26|24|13|18|7|18|17|7|6|6|8|5|6|3|4|3|5|3|3|3|9|5|7|15|14|16|22|24|43|54|100|177|172|153|217|173|159|166|153|143|128|142|132|142|175|129|142|158|156|154|164|145|150|126|134|134|145|136|152|142|148|176|172|170|169|211|184|192|186|241|232|223|264|263|245|254|232|228|200|149|139|120|101|93|83|82|63|66|60|51|61|43|60|56|46|
2011-11-29|6|1_CTs|CT20||18|23|10|14|13|13|12|3|8|4|4|3|2|4|2|4|1|0|2|5|5|11|13|13|18|20|31|32|40|46|66|84|126|162|168|157|145|100|57|135|109|136|122|125|118|53|84|129|36|83|85|17|123|123|59|49|108|130|128|21|158|140|40|112|37|91|20|130|166|168|76|90|144|161|134|131|75|83|132|115|84|28|61|75|71|64|31|19|36|44|40|54|37|49|39|27|
2011-11-29|6|1_CTs|CT21||71|49|38|32|27|25|21|13|11|13|13|10|10|8|9|10|11|12|18|20|31|32|32|53|44|53|88|114|123|192|284|345|373|363|404|351|340|300|298|265|276|251|258|229|258|236|227|240|241|201|255|225|257|255|222|220|240|257|250|267|260|246|241|230|237|223|251|281|300|325|301|254|275|268|288|319|282|269|266|230|197|164|135|126|130|134|114|98|99|103|95|80|78|81|85|72|
2011-11-29|6|1_CTs|CT22||82|77|64|40|33|32|29|29|28|21|16|14|16|15|20|19|18|17|21|28|33|42|35|52|63|79|98|97|108|132|148|222|240|273|304|301|315|306|249|250|263|226|251|233|273|248|250|252|275|305|306|231|301|282|248|232|273|260|259|283|277|288|277|275|298|313|313|332|339|392|384|354|353|372|353|326|327|360|354|293|275|270|237|203|168|191|148|148|152|148|105|134|119|125|85|98|
2011-11-29|6|1_CTs|CT23||79|59|47|43|39|41|19|21|14|17|16|16|18|18|10|9|4|11|15|10|15|18|26|41|39|56|73|84|103|160|256|330|368|415|395|383|350|347|308|300|289|249|237|240|228|244|199|215|235|218|217|280|251|235|234|237|235|303|285|266|267|244|252|227|267|300|300|370|422|347|333|326|357|351|306|315|317|305|314|275|231|215|209|191|165|167|127|118|131|123|101|105|118|98|88|68|
2011-11-29|6|1_CTs|CT24||57|42|40|40|28|30|22|16|25|17|17|16|7|14|9|14|9|10|10|14|10|19|14|30|46|47|56|96|96|120|177|228|269|326|321|318|354|319|299|286|260|270|286|248|242|249|250|267|246|257|235|288|270|245|249|242|237|257|277|257|292|282|283|279|276|331|330|352|321|347|414|393|391|393|358|373|361|390|350|364|304|293|247|212|183|165|143|128|126|105|136|113|136|86|76|74|
