2011-05-01|2|1_CTs|ct1||112|119|113|112|91|70|75|66|53|41|25|28|17|18|20|22|20|15|16|13|25|14|13|18|15|13|30|22|18|23|33|33|30|31|37|37|37|60|55|65|61|15|0|3|62|80|77|81|102|84|78|82|104|89|82|99|85|93|40|9|3|5|2|0|2|0|0|78|88|108|81|104|94|107|98|93|89|91|107|90|80|74|84|80|73|65|75|84|59|59|54|45|40|41|48|35|
2011-05-01|2|1_CTs|ct2||34|34|36|42|35|28|32|31|25|15|13|20|26|11|10|13|16|11|14|14|16|15|8|11|19|17|22|11|15|11|14|9|7|15|17|14|26|31|26|33|23|9|0|6|34|40|44|28|28|21|26|29|41|35|30|29|28|25|10|5|7|3|4|0|3|0|1|28|24|18|24|17|30|27|20|33|28|39|31|36|24|39|26|24|24|24|24|21|16|20|20|12|17|16|18|15|
2011-05-01|2|1_CTs|ct3||181|199|190|176|179|139|152|131|110|78|69|81|75|61|55|46|54|44|41|54|47|53|32|42|50|45|59|45|41|36|61|47|51|55|63|63|76|96|92|114|96|44|0|7|104|145|135|125|130|125|121|115|130|143|115|146|132|123|79|48|52|48|61|72|102|92|67|143|142|141|124|150|153|150|138|144|139|139|153|149|114|122|140|120|108|113|111|121|100|107|101|84|75|77|91|82|
2011-05-01|2|1_CTs|ct4||73|76|80|62|74|71|66|62|50|52|64|63|49|27|52|35|34|32|43|36|32|37|36|18|23|27|22|30|23|32|29|27|30|24|32|35|35|42|44|41|54|48|0|0|41|77|73|71|93|81|77|71|86|87|70|85|85|77|83|59|68|73|69|92|79|78|74|87|77|86|60|74|80|85|94|96|94|75|92|84|86|76|77|78|68|59|60|50|61|43|54|57|54|72|65|56|
2011-05-01|2|1_CTs|ct5||141|142|138|113|119|106|99|105|72|76|83|75|67|55|71|52|57|52|56|54|40|51|41|37|33|34|41|41|38|34|47|46|39|39|47|52|79|84|80|102|104|117|82|90|113|130|113|118|144|126|149|132|149|141|100|127|129|117|86|42|90|83|75|101|106|101|126|139|133|145|136|139|166|130|149|145|149|142|150|156|128|131|110|116|96|88|98|95|91|83|91|90|85|96|87|83|
2011-05-01|2|1_CTs|ct6||136|177|113|107|94|100|94|87|71|65|82|81|65|58|71|44|44|39|37|42|37|34|36|32|33|28|35|35|34|27|37|34|35|28|37|35|45|45|34|45|24|1|1|51|70|70|68|61|76|71|67|79|79|69|58|62|71|75|58|0|2|2|1|5|6|0|2|165|97|83|68|81|89|78|99|90|97|93|114|89|81|87|79|72|73|68|62|59|75|62|68|69|64|79|58|75|
2011-05-01|2|1_CTs|ct17||135|153|144|133|124|98|104|94|71|54|50|45|36|45|26|27|20|20|17|25|20|21|13|18|17|15|31|20|25|10|27|25|28|27|39|32|40|57|39|80|66|27|0|0|67|108|95|94|78|104|96|84|116|101|78|108|88|90|71|35|47|40|55|61|75|71|67|93|104|98|99|106|104|106|94|111|93|90|98|87|101|100|88|85|79|86|71|80|69|60|71|60|49|59|51|43|
2011-05-01|2|1_CTs|CT19||85|93|91|82|64|62|66|62|52|43|37|54|37|36|37|29|13|20|17|16|13|15|8|11|8|12|16|10|14|6|20|18|18|22|25|22|29|33|32|45|46|26|0|2|45|65|67|64|47|80|67|64|75|71|55|74|73|64|60|28|39|46|46|52|61|40|66|61|86|70|69|94|64|86|82|82|80|79|75|70|79|71|79|68|45|73|35|57|66|44|57|41|51|32|42|31|
2011-05-01|2|1_CTs|CT20||62|65|55|62|71|57|56|49|75|70|56|59|60|57|68|55|33|39|22|26|22|20|29|20|16|11|14|28|16|15|14|18|10|28|22|23|30|29|28|23|24|23|18|39|43|55|54|54|66|43|51|73|62|63|52|61|48|56|42|45|62|67|70|82|76|84|67|74|67|66|75|73|63|77|67|70|69|74|49|49|72|69|68|60|41|50|45|47|38|49|45|55|40|57|44|38|
2011-05-01|2|1_CTs|CT21||38|38|30|37|36|32|27|28|28|35|27|23|27|18|24|22|13|19|11|11|7|7|13|11|6|3|6|10|8|8|7|5|8|11|12|16|15|21|19|10|15|20|18|36|30|39|40|43|42|32|36|48|38|35|37|32|34|25|34|33|38|46|55|54|54|46|38|43|41|40|44|33|45|41|43|40|41|49|26|31|44|47|30|33|27|28|29|30|21|24|29|28|25|29|23|24|
