2012-09-22|2|1_CTs|ct1||41|26|27|20|25|17|25|18|10|18|14|10|3|9|10|5|0|0|0|0|0|4|12|11|15|10|21|8|14|15|15|14|12|15|33|19|32|19|23|28|38|36|22|34|30|36|27|30|40|22|27|22|25|37|31|35|17|36|19|31|22|25|28|23|28|32|13|20|32|16|17|23|25|21|21|23|37|36|45|48|49|42|37|42|34|48|37|19|23|26|21|18|20|28|24|25|
2012-09-22|2|1_CTs|ct2||41|49|55|56|40|28|49|40|30|29|24|19|16|21|12|5|6|0|0|2|0|4|13|15|16|23|24|13|17|19|24|19|18|28|34|26|42|38|43|45|64|53|43|58|44|52|52|44|52|48|47|50|35|35|36|52|34|37|47|50|49|41|41|40|146|46|30|34|42|42|54|42|41|36|45|34|51|59|63|49|56|60|58|66|51|56|44|58|58|46|35|40|37|54|54|36|
2012-09-22|2|1_CTs|ct3||222|202|161|157|140|124|112|99|105|87|84|49|53|55|41|50|59|45|43|37|57|46|44|44|43|46|52|42|53|72|79|76|75|97|106|104|126|115|151|139|159|178|187|157|190|184|199|193|155|225|176|185|159|167|145|169|143|161|148|169|178|194|144|182|116|175|167|160|153|189|167|213|178|175|174|152|162|186|171|186|168|196|252|159|184|296|66|1|209|198|180|180|165|156|193|194|
2012-09-22|2|1_CTs|ct4||69|82|77|79|72|51|61|51|45|49|38|33|55|36|36|41|49|39|39|36|33|25|42|36|36|31|28|32|28|44|35|33|34|52|42|62|59|66|64|79|110|89|98|117|93|121|105|131|109|107|116|144|123|111|90|87|87|87|104|101|122|109|106|114|86|106|100|112|105|97|88|84|110|90|84|80|84|104|75|124|108|79|94|91|76|121|55|98|90|101|79|94|113|84|87|92|
2012-09-22|2|1_CTs|ct5||109|98|126|102|92|81|96|81|75|73|64|57|73|53|51|62|54|42|47|56|47|37|45|44|43|36|42|43|38|47|54|52|57|71|59|91|88|93|112|103|2|0|0|0|1|1|0|0|1|0|1|0|0|0|2|0|0|0|0|0|0|0|1|0|0|0|0|0|0|0|0|0|0|1|0|0|0|1|1|0|0|0|0|1|0|0|0|0|0|0|0|0|0|1|0|2|
2012-09-22|2|1_CTs|ct6||126|179|223|212|200|170|208|167|148|135|129|96|140|117|109|105|90|65|74|96|89|62|76|61|59|64|65|77|73|101|95|102|131|133|131|178|148|178|235|237|223|256|205|274|260|287|283|238|289|242|297|254|277|327|291|255|248|237|252|258|278|259|250|277|229|228|227|301|261|202|240|250|261|267|279|282|278|300|308|293|286|273|250|250|219|218|256|241|233|281|287|276|319|310|222|248|
2012-09-22|2|1_CTs|ct17||222|196|164|162|146|133|107|101|93|82|74|56|56|54|45|46|50|31|38|37|48|38|46|32|37|39|46|34|43|65|61|67|52|80|90|102|99|101|112|147|157|163|169|158|183|182|165|192|151|170|165|200|168|177|152|139|144|124|170|157|149|169|147|160|101|163|163|159|142|149|167|175|176|165|177|150|169|180|179|184|164|195|194|161|166|182|99|85|185|200|183|169|165|154|181|188|
2012-09-22|2|1_CTs|CT19||95|81|67|55|50|47|44|44|33|38|29|30|34|34|26|18|21|16|20|17|16|15|14|13|10|17|25|18|20|23|31|40|31|41|47|42|45|54|57|73|84|83|94|77|101|100|87|116|108|92|106|121|101|115|82|85|79|63|108|91|109|99|86|99|67|110|95|123|89|85|111|108|128|122|107|115|96|114|92|113|92|119|106|86|88|105|61|55|103|129|87|108|111|97|87|97|
2012-09-22|2|1_CTs|CT20||66|71|71|77|61|71|68|59|48|72|57|63|42|48|48|38|40|26|28|31|26|21|11|20|20|13|22|19|21|13|25|32|26|37|37|42|53|55|58|61|53|75|59|69|68|68|62|56|56|63|72|75|73|69|68|61|61|67|64|54|73|66|80|80|69|68|55|77|55|75|67|56|67|67|87|69|79|73|91|87|71|82|69|74|79|75|61|60|31|49|60|72|67|69|65|86|
2012-09-22|2|1_CTs|CT21||34|33|45|55|36|33|39|34|21|27|26|21|23|18|20|14|11|10|9|10|17|11|8|7|8|7|9|10|9|7|14|21|13|21|21|25|26|38|34|58|39|48|45|53|54|50|45|39|42|51|47|43|51|43|40|45|47|52|42|43|53|36|70|64|51|45|42|56|39|50|45|49|39|45|49|51|49|52|45|65|43|35|42|42|50|39|38|10|14|10|16|27|18|32|32|41|
