2011-03-21|22|1_CTs|CT1||16|17|9|7|7|8|6|1|2|2|6|3|2|5|3|5|1|4|5|6|7|8|12|19|15|23|19|37|45|88|109|157|202|236|248|213|220|207|176|146|108|104|83|89|60|84|83|76|72|89|97|87|80|81|71|97|90|87|197|190|210|180|199|187|184|220|145|101|114|109|115|114|103|122|168|157|171|128|100|73|70|57|53|36|32|32|38|30|23|35|21|17|19|18|20|19|
2011-03-21|22|1_CTs|CT2||21|19|6|11|13|7|4|2|4|5|5|4|3|4|6|6|3|2|4|3|7|13|14|23|25|37|32|53|73|90|141|190|224|261|297|312|285|281|246|190|168|121|118|138|112|132|130|126|143|127|139|119|118|129|113|143|138|162|262|296|305|305|287|315|279|311|247|186|150|205|173|219|107|34|61|60|65|74|54|36|34|28|21|26|29|27|124|19|21|18|21|16|16|17|11|15|
2011-03-21|22|1_CTs|CT3||40|36|16|18|13|13|6|9|10|5|10|9|5|6|9|5|10|2|6|7|15|13|29|36|35|53|57|63|107|148|237|333|360|410|399|416|395|384|359|296|254|236|212|178|204|186|219|216|244|190|207|216|211|211|181|219|236|313|389|432|410|425|410|401|428|379|370|354|287|318|269|345|303|290|359|347|330|352|312|250|183|174|161|144|127|106|107|93|102|100|71|62|68|64|66|59|
2011-03-21|22|1_CTs|CT4||24|30|17|12|15|9|9|9|10|7|8|5|1|5|3|4|3|1|8|3|7|6|10|24|32|32|26|48|56|72|121|157|208|199|199|236|203|212|193|202|199|167|159|151|162|160|149|138|149|156|153|144|147|152|148|120|139|149|167|170|171|175|180|176|199|205|193|205|187|215|207|244|224|231|262|265|239|246|210|179|174|180|111|112|116|92|90|65|58|56|54|45|54|45|46|43|
2011-03-21|22|1_CTs|CT5||21|27|12|11|16|11|7|7|9|14|6|5|4|5|4|4|2|5|6|6|6|11|13|25|36|30|24|59|67|86|141|188|250|264|293|284|277|269|223|233|210|173|168|176|165|163|163|155|167|158|176|161|167|184|154|132|170|195|200|170|187|190|183|215|237|204|269|252|228|262|269|318|291|276|335|300|296|285|246|220|176|184|135|127|117|93|90|72|64|55|57|64|66|37|41|40|
2011-03-21|22|1_CTs|CT6||18|14|10|5|11|9|7|6|6|6|4|2|1|2|4|2|6|2|5|7|3|12|13|14|25|21|24|32|20|42|71|74|101|109|105|116|116|111|98|88|124|93|77|93|92|112|108|108|95|99|86|91|118|110|90|88|111|131|113|95|98|119|98|135|153|116|144|171|123|166|156|167|172|185|178|189|180|180|155|162|135|144|104|69|78|64|56|66|42|52|52|40|35|38|35|31|
2011-03-21|22|1_CTs|CT7||4|3|2|5|5|0|1|0|1|2|2|2|0|0|0|2|0|1|1|1|1|1|1|3|4|3|4|14|13|16|18|23|40|33|45|43|39|38|42|41|27|18|21|32|15|24|23|21|16|28|34|20|31|38|20|30|27|35|35|34|33|23|19|27|29|24|27|30|22|35|38|35|29|34|27|14|13|16|23|17|20|13|22|12|10|10|14|6|12|7|7|6|10|7|5|11|
2011-03-21|22|1_CTs|CT8||4|2|2|2|2|4|3|1|1|4|1|1|1|0|1|0|0|0|1|2|0|0|0|3|1|3|3|6|8|11|26|24|31|40|40|39|51|42|33|30|33|25|34|31|31|37|29|30|29|27|25|48|28|43|31|35|37|31|33|20|31|31|23|36|36|41|34|41|43|45|46|49|42|47|69|49|44|40|37|31|32|37|34|21|20|17|13|13|7|15|7|8|14|9|16|12|
2011-03-21|22|1_CTs|CT9||31|29|14|15|13|8|10|6|6|6|5|7|5|4|3|5|3|5|6|5|19|14|23|36|35|46|72|91|130|171|285|345|375|363|338|310|315|298|313|292|239|251|233|187|176|179|201|167|184|166|205|208|207|168|167|175|215|278|246|241|212|236|228|202|220|227|241|233|208|198|198|194|222|240|193|142|137|164|166|169|130|136|98|109|87|88|68|60|62|50|48|44|52|48|56|31|
2011-03-21|22|1_CTs|CT10||0|1|1|1|0|0|0|1|1|0|0|0|0|0|0|1|0|0|0|1|1|2|3|8|2|13|7|4|4|3|10|7|44|25|14|7|16|13|11|15|3|11|10|9|2|2|3|2|2|3|4|5|9|7|5|7|2|6|12|5|5|10|17|11|12|14|12|4|6|6|5|6|4|5|8|5|8|8|3|4|2|4|2|4|2|2|1|3|1|1|3|14|17|8|1|1|
