2017-09-10|2|1_CTs|ct1||112|100|96|96|350|87|73|71|60|46|38|30|29|43|37|37|28|36|34|35|32|24|20|25|24|40|49|60|47|34|94|51|52|72|94|100|81|606|95|113|105|126|388|387|650|126|167|150|145|137|169|146|407|409|164|142|158|163|149|377|421|162|161|171|166|399|171|432|614|168|161|157|156|388|150|422|370|168|152|407|149|153|145|138|115|112|103|114|98|104|120|113|85|88|337|59|
2017-09-10|2|1_CTs|ct2||62|72|326|46|58|60|43|43|44|36|35|25|24|30|24|22|18|30|260|19|24|13|13|14|15|22|21|33|20|25|33|24|28|35|43|36|37|304|42|61|53|77|68|64|304|60|112|329|311|81|86|78|312|69|77|66|69|76|56|57|72|71|80|84|88|81|68|312|79|87|74|71|69|335|80|326|82|95|73|329|329|74|341|83|54|71|57|308|62|69|72|310|59|46|309|48|
2017-09-10|2|1_CTs|ct3||92|592|66|90|72|58|63|50|48|33|37|24|28|23|24|26|17|24|27|24|18|16|274|13|274|19|20|26|28|24|43|38|32|50|52|56|44|71|53|73|81|77|103|115|360|105|89|375|117|95|350|109|87|351|120|333|338|106|105|363|113|124|110|113|128|112|377|349|107|129|355|114|359|129|99|130|129|121|104|372|102|354|109|93|88|325|64|72|328|62|78|82|68|67|300|37|
2017-09-10|2|1_CTs|ct4||45|61|44|43|295|289|22|26|34|30|27|288|21|24|28|33|24|25|28|14|10|268|42|14|7|27|20|22|15|16|26|21|24|26|29|28|45|41|43|43|48|42|48|297|85|83|317|325|61|75|51|335|63|70|71|319|56|91|66|341|55|61|71|63|87|71|89|82|74|69|319|78|79|78|340|87|84|68|56|65|53|51|47|52|17|48|41|38|43|47|37|302|61|53|297|44|
2017-09-10|2|1_CTs|ct5||120|132|120|100|92|79|68|320|68|70|60|47|58|56|53|62|44|53|557|43|28|43|38|26|29|39|44|36|29|29|36|31|49|55|315|79|78|82|84|88|102|93|113|110|105|110|94|144|120|413|126|136|396|141|135|125|118|139|397|131|133|140|144|397|154|576|239|402|400|147|154|173|169|424|659|164|409|157|152|391|392|125|362|117|637|105|95|83|101|105|92|113|118|373|83|86|
2017-09-10|2|1_CTs|ct6||395|912|131|107|117|105|339|85|91|73|65|59|302|64|71|86|59|57|61|43|38|33|40|33|290|36|303|44|35|26|49|41|59|40|310|81|73|66|79|70|80|91|82|116|346|86|95|110|115|125|125|365|119|108|113|109|115|106|362|386|116|156|142|138|159|149|150|194|355|396|143|147|152|391|931|142|164|180|152|411|129|118|128|118|381|358|110|105|129|119|111|362|120|116|100|97|
2017-09-10|2|1_CTs|ct17||245|165|398|167|146|130|133|121|97|103|83|63|73|73|48|299|56|60|57|54|47|44|51|29|34|51|53|43|54|308|321|60|70|74|96|109|343|107|112|140|141|128|177|156|187|183|270|187|192|162|212|192|169|178|430|169|449|181|192|448|193|205|219|170|235|205|449|746|669|187|192|204|176|230|176|196|206|206|185|449|204|164|432|171|167|403|133|119|120|120|128|126|124|119|82|90|
2017-09-10|2|1_CTs|CT19||67|300|55|67|52|52|42|45|54|296|37|27|24|29|20|19|13|16|14|11|12|10|8|9|13|19|15|11|16|17|19|29|282|29|33|43|37|299|53|56|72|47|66|563|96|71|68|95|87|68|339|84|64|77|82|74|76|83|85|94|80|81|81|90|352|99|363|85|95|337|91|90|76|99|99|100|353|92|103|94|99|583|73|337|325|320|47|55|306|58|325|57|55|41|46|286|
2017-09-10|2|1_CTs|CT20||78|82|64|64|57|72|42|316|75|572|46|67|51|296|57|54|38|37|35|290|40|274|23|16|18|280|284|19|17|14|26|28|23|30|30|35|40|298|48|47|39|306|56|305|58|54|306|77|60|84|47|61|57|65|71|570|310|60|61|75|64|65|55|72|74|317|66|325|65|71|63|66|586|320|69|96|83|73|323|337|316|81|333|70|52|301|54|316|56|48|48|51|71|48|63|47|
2017-09-10|2|1_CTs|CT21||47|41|43|35|34|33|21|30|295|280|28|23|24|22|24|24|14|17|268|11|11|7|8|9|6|8|13|5|11|7|10|13|8|13|257|20|22|27|29|34|19|34|32|46|34|39|38|47|52|57|295|35|41|36|47|27|34|37|43|47|39|41|38|53|47|39|32|51|32|44|33|35|294|563|47|300|269|44|42|52|299|47|34|309|28|534|30|37|27|35|29|28|32|27|26|25|
