2015-04-09|3|1_CTs|ct1||56|49|38|29|30|9|11|6|9|10|9|8|268|7|8|10|8|4|8|8|5|8|9|5|14|17|269|43|41|82|380|708|728|257|226|250|506|477|218|226|453|218|173|179|406|174|921|185|441|191|183|206|455|178|164|158|417|192|197|214|197|443|192|161|140|202|209|214|482|242|469|215|230|228|722|223|229|469|975|216|481|224|453|725|156|116|363|101|370|349|102|109|71|83|81|57|
2015-04-09|3|1_CTs|ct3||72|54|281|53|29|12|26|16|18|23|273|10|11|13|14|18|15|11|23|25|18|21|27|22|21|286|47|70|61|76|663|710|214|260|231|515|478|471|235|264|254|488|515|770|226|246|768|498|245|222|250|489|238|208|223|442|468|776|235|476|220|975|201|92|419|246|505|210|488|196|187|218|174|719|478|497|483|475|470|217|240|234|483|769|184|159|391|374|124|391|881|123|110|378|362|595|
2015-04-09|3|1_CTs|ct5||372|353|326|534|53|47|26|48|30|282|20|23|19|21|15|19|21|16|18|16|15|11|13|19|18|28|27|35|57|63|107|139|183|225|758|228|499|223|208|206|179|204|168|677|451|183|478|206|218|249|250|499|484|194|159|466|177|211|488|446|206|230|754|548|270|297|553|287|288|323|289|563|290|295|534|286|252|290|801|285|266|269|520|494|214|415|413|152|696|153|675|431|268|1043|518|177|
2015-04-09|3|1_CTs|ct6||8|7|2|2|5|3|3|0|2|1|1|0|1|1|0|3|0|0|0|3|1|5|2|6|7|10|9|9|17|28|532|38|63|74|82|90|284|331|80|75|69|306|67|65|45|59|52|82|69|45|312|52|53|35|41|43|52|65|70|70|41|32|260|33|302|50|33|69|84|50|51|65|79|317|290|62|77|312|53|47|301|312|302|38|37|34|24|24|23|23|15|32|23|17|19|270|
2015-04-09|3|1_CTs|ct7||97|91|137|65|67|55|37|37|295|33|17|33|279|24|26|23|276|14|19|21|38|24|16|280|31|42|40|43|291|50|69|100|105|110|127|145|136|129|382|132|129|123|130|156|158|411|181|427|190|189|453|203|164|116|47|400|167|429|435|138|71|319|83|67|341|151|154|374|28|0|0|47|64|46|70|63|94|120|156|425|156|159|167|163|147|137|146|125|115|112|115|200|140|138|387|151|
2015-04-09|3|1_CTs|ct8||58|57|89|41|296|37|24|15|22|19|9|12|10|11|11|16|12|11|13|11|18|12|12|17|15|18|19|25|23|27|41|51|65|50|76|74|83|80|84|85|82|86|95|110|107|365|118|358|131|121|381|137|116|63|49|110|112|105|161|334|124|390|153|138|129|134|134|389|116|150|394|387|132|373|120|144|136|141|114|114|107|108|357|359|104|74|81|78|322|70|67|121|399|375|354|106|
2015-04-09|3|1_CTs|ct9||419|93|335|65|66|61|63|52|42|35|27|507|30|26|24|24|22|33|23|22|12|26|33|30|28|16|34|52|64|124|649|154|193|508|251|347|280|383|540|272|453|216|210|432|419|168|188|183|467|209|174|171|431|174|655|490|686|175|225|199|419|521|444|224|461|324|237|526|211|391|148|117|394|441|413|188|215|505|435|727|200|702|192|152|132|124|193|395|375|121|88|380|114|390|867|964|
2015-04-09|3|1_CTs|ct10||87|60|72|59|54|38|39|36|28|19|28|19|23|23|19|12|19|17|14|7|14|23|24|20|24|28|21|30|37|52|74|112|120|129|176|160|179|134|175|136|131|133|128|145|134|114|156|154|132|147|140|126|122|140|140|145|131|132|137|150|147|103|126|123|134|123|118|111|131|158|153|159|146|165|148|139|139|151|133|145|137|154|149|140|135|119|115|113|79|108|75|93|121|120|97|104|
2015-04-09|3|1_CTs|ct13||220|180|401|666|120|377|575|689|2725|409|1402|2768|336|1055|1378|1882|854|51|773|328|54|108|1297|609|427|2843|3050|1881|547|2389|2973|881|786|1755|870|580|284|865|600|601|465|311|555|199|548|279|284|295|195|225|227|304|302|301|823|817|250|756|468|252|222|973|212|196|372|206|225|246|441|291|700|270|332|817|747|168|0|0|0|0|0|0|0|0|0|0|0|553|852|579|496|501|663|515|1012|759|
2015-04-09|3|1_CTs|ct14||42|45|27|266|23|11|21|7|5|11|9|9|5|9|8|2|6|5|8|6|6|13|12|10|33|300|563|124|214|285|231|539|289|264|276|520|519|264|279|267|273|261|258|487|438|205|220|215|685|207|227|199|208|195|410|433|173|191|445|168|465|455|724|202|205|152|474|215|208|191|730|236|744|493|473|754|500|459|229|213|217|472|449|180|156|387|364|90|101|93|357|80|307|600|61|731|
2015-04-09|3|1_CTs|CT16||87|86|70|534|69|295|54|40|35|18|16|10|17|17|23|22|21|26|19|9|15|12|31|25|25|18|28|35|44|67|569|98|393|155|172|180|459|177|179|190|441|415|137|127|149|153|132|182|166|157|155|181|413|143|390|424|176|395|173|151|169|401|452|182|185|180|199|456|227|191|209|199|203|247|501|277|228|229|180|170|163|453|169|144|128|125|108|94|79|113|81|103|105|372|93|375|
2015-04-09|3|1_CTs|ct18||110|79|76|73|67|43|47|43|35|21|37|23|28|27|28|14|21|24|19|12|19|27|36|33|30|36|33|50|67|103|115|175|187|219|245|246|249|222|279|226|198|205|212|212|209|178|204|207|167|171|170|151|170|201|179|189|191|176|185|175|179|76|178|209|190|234|173|156|163|199|218|214|184|217|206|198|211|208|149|234|191|235|177|167|153|141|145|129|109|142|111|128|158|149|123|118|
2015-04-09|3|1_CTs|ct19||2|0|0|1|0|0|0|0|0|0|0|0|1|0|0|1|0|0|0|0|0|1|0|5|1|7|6|11|5|6|13|7|3|10|8|6|7|3|6|9|6|11|3|5|5|8|3|9|4|8|6|5|4|8|4|4|12|5|4|7|7|10|4|5|6|5|14|9|7|5|7|4|9|6|11|7|10|6|16|5|6|3|11|10|5|4|6|4|1|1|0|2|0|1|0|2|
2015-04-09|3|1_CTs|ct22||9|7|2|259|3|2|0|1|1|1|2|1|4|1|2|0|1|0|3|1|0|2|1|2|2|1|2|2|1|4|9|6|13|23|23|13|16|21|19|22|15|15|27|11|17|22|21|24|35|28|29|33|278|29|19|19|23|28|35|12|29|24|30|34|26|37|47|48|61|60|313|48|57|64|321|310|45|51|43|33|33|31|26|11|289|274|6|8|12|9|5|10|6|25|5|3|
2015-04-09|3|1_CTs|CT23||165|148|109|67|66|35|27|17|26|18|18|16|31|19|17|12|14|8|7|18|11|13|19|14|21|23|16|49|317|90|703|523|332|375|411|589|449|636|359|527|500|228|282|486|807|222|290|263|317|311|603|389|611|341|295|283|574|342|314|588|327|850|526|325|581|442|675|427|729|553|495|869|583|632|616|807|556|848|806|778|743|765|653|406|611|538|478|505|285|240|218|483|741|690|411|668|
2015-04-09|3|1_CTs|ct24||401|404|577|344|69|313|50|42|279|32|253|274|26|241|46|26|261|38|35|31|277|311|61|596|114|687|562|482|962|925|827|972|1187|939|884|783|1576|863|1059|820|1083|936|854|1357|1066|863|854|817|761|779|860|857|790|771|696|746|852|750|737|1467|1145|1433|1225|730|776|782|829|853|1067|663|1125|1163|891|1153|864|1190|786|988|1000|829|859|775|684|1077|793|735|908|374|618|566|879|627|565|566|237|723|
