2011-10-07|3|1_CTs|ct1||79|48|55|47|42|23|29|11|15|11|12|19|10|7|10|4|10|11|9|9|10|10|15|26|17|33|28|43|51|80|158|210|219|237|228|225|226|211|216|214|228|225|203|186|179|174|203|181|204|200|198|203|204|199|166|162|180|192|222|219|205|224|208|212|180|220|215|220|187|215|233|220|207|225|208|216|215|191|220|187|208|190|199|175|151|135|158|108|106|91|106|94|133|124|114|108|
2011-10-07|3|1_CTs|ct3||187|167|152|107|84|101|75|53|38|44|46|36|30|22|34|15|42|31|35|39|33|46|58|85|65|75|107|155|145|189|366|442|443|491|483|528|467|507|456|521|499|519|467|477|444|415|446|444|430|474|452|458|455|453|412|400|459|449|503|444|483|471|452|447|353|449|430|399|384|370|402|414|403|349|385|394|412|359|359|400|422|414|439|369|364|318|371|262|257|221|256|242|353|281|289|335|
2011-10-07|3|1_CTs|ct5||188|136|121|133|92|79|60|74|61|67|56|51|42|44|45|44|42|54|46|60|46|41|46|78|66|72|106|150|123|192|297|281|390|411|440|426|362|393|368|440|354|427|380|401|394|433|362|384|390|334|439|431|399|353|340|337|356|386|514|466|417|408|377|402|399|419|362|353|413|379|400|382|466|432|403|454|378|378|392|406|317|374|378|326|262|277|266|212|300|222|218|211|255|248|228|237|
2011-10-07|3|1_CTs|ct6||177|112|98|100|64|55|61|35|43|47|43|31|31|26|15|26|36|26|27|14|12|15|21|26|28|25|28|34|38|70|104|133|157|203|198|220|197|199|209|160|141|179|153|174|184|171|193|204|209|207|214|219|225|199|181|187|182|180|211|215|223|227|238|237|276|269|272|286|274|273|289|281|279|289|269|271|252|263|249|233|235|243|187|211|168|148|122|121|176|174|139|111|114|155|135|194|
2011-10-07|3|1_CTs|ct7||218|136|115|108|78|78|72|54|56|60|64|49|42|30|22|25|28|27|39|14|35|16|23|43|40|27|33|30|40|66|77|124|150|162|183|188|187|181|172|167|164|171|166|171|184|173|198|234|202|200|215|223|217|182|192|169|204|200|226|211|220|211|223|221|232|229|215|211|206|157|182|191|191|138|144|170|166|196|183|184|200|199|173|150|151|188|132|124|119|162|129|96|127|160|186|286|
2011-10-07|3|1_CTs|ct9||153|95|116|111|123|87|94|67|89|74|63|53|68|49|51|53|53|51|34|42|40|25|30|30|44|34|50|56|63|84|128|140|214|222|200|188|221|226|204|215|176|167|183|172|147|179|193|164|430|186|237|183|133|140|147|176|290|159|181|211|213|175|176|287|194|214|217|172|205|161|170|95|126|148|176|160|257|194|216|196|171|169|176|168|204|126|112|85|125|100|126|97|113|123|130|163|
2011-10-07|3|1_CTs|ct10||103|105|83|70|73|53|53|65|62|58|56|42|46|48|44|45|46|41|47|48|38|37|37|31|30|23|29|30|27|35|74|87|114|149|134|142|114|138|144|146|122|119|129|99|119|126|117|133|138|125|156|147|124|133|147|106|139|118|134|156|124|142|123|134|129|145|123|133|162|146|147|130|125|143|134|128|128|132|135|137|144|124|131|132|115|87|93|86|129|71|94|96|82|88|92|87|
2011-10-07|3|1_CTs|CT11||27|28|29|27|21|17|18|19|24|24|18|15|15|26|19|21|24|17|24|20|17|12|16|20|17|12|21|29|29|31|38|48|41|60|52|63|66|47|63|57|43|46|53|50|58|58|63|59|50|55|64|55|55|67|45|60|55|54|60|66|60|60|52|55|61|56|58|55|52|53|43|48|48|61|56|57|45|66|53|50|56|59|49|50|44|49|38|31|53|52|37|38|39|36|26|39|
2011-10-07|3|1_CTs|CT12||39|37|24|38|33|20|27|36|32|44|34|23|30|20|30|32|30|25|28|33|21|26|24|21|19|16|18|13|20|16|28|25|27|28|23|40|24|37|40|46|39|35|33|32|35|38|42|39|53|36|48|40|50|33|45|41|40|33|29|39|33|41|37|39|43|36|38|34|39|34|28|35|31|26|37|31|32|44|37|42|46|40|35|36|46|34|42|35|46|31|37|34|32|34|38|29|
2011-10-07|3|1_CTs|CT16||28|28|23|24|11|19|10|9|16|21|16|11|11|9|17|11|11|14|1|16|9|8|7|7|2|11|12|11|12|21|12|24|28|32|38|48|53|42|41|35|37|38|37|36|34|32|43|26|33|32|34|27|29|34|38|24|29|32|25|36|45|44|30|39|38|44|37|48|44|53|50|57|58|71|43|55|59|45|58|48|42|43|37|32|20|19|18|30|21|25|19|26|20|25|23|29|
2011-10-07|3|1_CTs|ct17||120|121|118|107|73|72|52|48|49|36|43|38|42|39|35|38|25|32|48|35|36|46|27|41|54|36|47|65|81|79|132|244|325|345|254|348|349|384|343|331|290|253|230|209|249|218|241|259|243|243|238|238|260|279|234|195|256|257|235|341|240|257|255|214|254|286|278|279|295|235|289|278|224|276|287|233|274|230|236|267|238|204|230|193|183|156|142|141|142|122|133|136|130|141|163|115|
2011-10-07|3|1_CTs|ct18||147|145|122|106|103|80|75|86|82|81|80|50|59|56|52|54|57|54|58|56|57|53|38|38|51|43|52|52|61|75|109|163|207|219|240|232|217|216|232|227|169|176|168|177|171|200|197|190|198|183|205|191|175|177|179|149|201|183|186|221|181|179|184|165|177|174|180|182|192|206|169|155|177|142|141|151|136|157|150|156|139|148|156|167|154|140|136|135|148|122|132|136|126|131|147|143|
2011-10-07|3|1_CTs|ct19||1|5|1|0|1|0|1|0|1|0|0|0|0|0|0|1|0|0|0|0|0|1|1|1|1|8|6|8|7|10|6|8|10|10|8|7|7|8|9|7|6|3|4|7|6|5|7|7|6|8|3|5|7|8|7|9|3|6|5|10|7|8|5|8|9|6|6|8|10|12|26|4|8|22|2|10|7|7|11|6|13|6|6|6|4|4|3|3|5|1|5|2|4|4|1|0|
2011-10-07|3|1_CTs|ct20||68|55|47|37|25|22|17|20|19|13|10|13|14|9|7|6|8|12|12|22|11|13|12|16|20|32|47|76|78|97|136|184|189|186|199|173|154|203|151|172|168|192|179|168|158|152|142|143|146|153|157|143|164|147|164|143|153|162|186|173|161|155|169|152|169|179|153|164|182|145|155|164|144|158|136|174|166|125|184|192|169|179|158|161|139|140|114|122|92|89|88|90|102|111|112|101|
2011-10-07|3|1_CTs|ct22||12|4|5|3|2|3|1|4|1|2|2|2|4|4|1|1|6|1|4|3|2|1|0|4|2|4|5|4|8|5|11|10|11|26|14|19|20|25|26|27|12|20|27|20|16|28|18|32|23|35|19|30|23|32|17|20|29|20|24|15|27|21|31|27|31|37|44|35|40|65|59|53|63|63|49|42|36|36|40|27|18|23|12|15|11|13|7|5|12|7|7|9|4|5|4|12|
2011-10-07|3|1_CTs|CT23||135|88|60|55|42|34|43|21|38|12|28|26|28|18|12|9|12|14|10|7|14|6|8|11|16|25|18|39|38|64|126|174|207|263|282|274|218|233|185|223|176|202|189|188|184|199|225|224|213|240|245|280|294|252|204|236|202|241|221|237|272|233|259|224|244|311|302|299|308|365|344|365|383|401|358|391|360|355|362|307|336|281|289|220|190|179|186|119|141|130|172|144|166|129|107|127|
2011-10-07|3|1_CTs|ct24||203|179|140|116|98|74|65|51|53|38|34|39|39|32|30|26|29|40|40|48|56|58|91|106|149|178|322|570|678|857|910|951|856|784|875|925|899|849|947|802|878|871|874|961|841|831|824|815|789|792|816|839|828|769|778|759|781|850|920|903|851|853|825|896|740|788|805|836|876|883|926|941|957|971|900|902|812|816|809|802|763|754|752|670|572|523|439|422|377|353|358|337|365|467|402|320|
