2013-08-11|3|1_CTs|ct1||66|44|55|36|36|30|34|20|22|18|17|19|17|24|15|5|11|7|6|9|5|6|5|6|6|8|17|14|15|25|29|32|21|22|28|27|47|30|32|39|42|50|63|73|66|55|70|58|62|70|76|68|75|63|63|61|46|55|74|57|59|61|79|52|82|62|64|66|69|78|55|68|70|74|84|66|73|86|66|73|80|93|92|104|71|70|87|77|64|48|47|75|85|70|44|44|
2013-08-11|3|1_CTs|ct3||130|113|118|87|88|87|61|63|50|38|68|40|44|54|54|23|39|39|42|20|21|23|23|22|28|40|43|38|57|49|56|45|37|43|48|61|65|72|80|84|58|95|120|138|109|122|112|105|115|110|104|106|116|87|112|126|114|92|115|111|93|102|116|96|104|112|94|141|128|116|113|108|121|130|132|132|141|159|130|152|163|167|194|188|189|148|167|149|132|110|104|116|125|152|113|104|
2013-08-11|3|1_CTs|ct5||146|155|182|169|107|87|83|108|91|74|54|69|62|54|46|42|48|44|25|28|21|36|26|29|21|24|30|30|31|30|57|52|75|58|63|98|93|86|82|121|100|108|106|117|106|141|128|129|141|126|146|126|138|84|95|105|107|117|111|99|106|96|118|124|133|112|142|105|123|107|97|104|100|96|116|115|112|102|119|102|113|144|96|91|97|86|73|74|111|161|120|115|107|175|139|106|
2013-08-11|3|1_CTs|ct6||8|6|11|10|5|4|4|1|6|4|1|2|4|2|3|3|1|3|2|2|5|2|2|3|2|2|0|3|2|6|3|4|4|1|3|2|12|5|4|5|8|12|7|8|9|3|17|7|12|7|18|10|8|9|17|8|10|8|10|8|10|15|12|21|15|11|16|10|17|10|19|21|17|15|18|22|14|30|23|15|22|15|13|19|18|10|12|8|7|15|12|16|18|12|22|10|
2013-08-11|3|1_CTs|ct7||167|183|188|168|148|128|114|121|148|101|104|89|99|90|101|97|62|80|51|65|50|47|47|44|39|51|41|69|42|43|41|44|46|51|39|60|60|48|58|69|82|72|94|78|89|102|91|94|102|100|96|94|85|79|82|96|83|101|87|105|83|115|110|107|113|91|102|105|113|108|118|101|109|107|116|107|121|97|128|106|132|142|104|115|104|85|115|110|150|191|160|157|167|186|140|135|
2013-08-11|3|1_CTs|ct8||98|130|128|94|77|71|78|54|61|50|52|50|52|48|41|41|34|33|27|26|41|18|29|22|21|22|20|21|29|24|16|27|25|24|30|32|37|32|43|39|48|44|63|50|55|54|55|56|68|57|52|52|45|53|47|49|40|63|53|68|55|61|67|72|66|49|64|66|70|58|70|67|66|74|73|51|82|62|74|55|77|81|59|59|66|52|75|59|103|108|89|78|97|113|94|68|
2013-08-11|3|1_CTs|ct9||102|110|88|87|79|68|90|79|69|67|70|69|43|49|40|40|41|35|38|31|33|28|22|34|14|21|28|24|25|28|34|40|40|39|47|62|51|57|55|73|67|58|46|64|66|70|58|83|73|72|67|74|83|59|57|63|48|47|53|56|66|76|61|64|63|74|73|81|62|61|64|72|65|70|59|66|48|73|68|58|86|67|62|65|61|58|56|67|55|59|44|63|56|67|75|69|
2013-08-11|3|1_CTs|ct10||90|82|66|71|61|73|77|73|83|74|65|73|75|55|77|65|59|57|51|31|39|37|42|36|38|29|32|30|27|34|23|25|21|32|27|25|29|27|30|33|37|38|46|42|44|44|48|46|70|58|52|43|56|52|48|56|36|53|50|54|44|51|37|52|63|60|68|56|68|56|65|71|77|81|77|81|80|79|82|75|72|76|71|60|79|64|53|70|66|63|59|79|75|79|82|58|
2013-08-11|3|1_CTs|ct13||210|216|184|177|139|142|151|145|162|149|130|131|118|118|126|131|96|121|108|90|73|88|80|83|82|80|102|93|108|90|106|103|110|96|127|106|126|132|133|140|142|155|178|181|160|190|151|144|192|170|168|160|166|144|140|138|130|119|152|157|130|150|174|167|186|158|203|146|237|163|169|159|180|180|187|196|194|180|200|183|166|186|176|169|176|182|162|120|186|160|131|170|173|197|188|172|
2013-08-11|3|1_CTs|ct14||58|70|54|55|47|37|32|24|24|25|17|16|19|13|17|10|12|19|20|10|13|12|10|12|11|14|18|20|20|34|67|59|36|28|36|38|31|37|42|56|57|42|31|43|55|56|50|64|77|76|79|76|61|59|61|68|56|72|81|82|69|87|105|103|88|95|83|86|67|102|81|97|101|113|101|101|120|114|123|120|111|98|83|81|101|80|79|93|116|95|78|96|81|85|84|82|
2013-08-11|3|1_CTs|CT16||112|110|108|102|87|73|66|90|73|71|56|68|33|67|52|22|47|38|27|36|28|41|21|44|28|36|35|25|28|39|33|22|12|19|24|42|16|32|40|39|33|41|35|29|39|45|40|48|47|62|48|62|49|40|42|47|46|37|77|51|63|74|69|71|46|71|80|72|99|82|117|91|118|94|81|80|89|74|164|99|91|110|103|105|88|116|85|83|59|73|61|82|84|74|96|82|
2013-08-11|3|1_CTs|ct17||73|74|60|62|56|53|55|56|44|36|41|41|31|28|40|29|40|27|24|29|18|22|25|34|29|6|14|20|24|28|29|15|31|25|38|38|40|33|57|45|54|57|63|60|67|62|65|73|80|83|92|85|82|64|75|86|72|76|84|73|85|77|79|95|97|70|100|84|78|89|94|92|94|87|92|95|82|107|89|111|125|88|89|100|95|87|81|72|65|73|55|69|69|65|66|56|
2013-08-11|3|1_CTs|ct18||122|117|97|102|94|94|101|93|104|98|92|95|91|74|91|69|69|62|57|48|47|47|42|41|51|39|50|39|42|46|37|35|30|37|48|35|28|35|48|43|58|63|56|70|64|65|63|75|88|87|78|67|88|74|73|83|64|83|72|74|81|66|64|75|84|97|97|85|87|88|108|106|101|112|103|106|96|112|113|103|105|103|109|94|97|89|99|100|86|96|86|100|98|98|102|70|
2013-08-11|3|1_CTs|ct19||0|2|0|0|0|0|0|0|0|0|1|0|1|0|0|0|0|0|0|0|0|0|2|1|1|2|1|1|2|0|5|1|2|2|0|3|1|1|1|3|2|1|3|1|2|2|1|2|4|0|3|3|2|2|2|3|1|1|6|0|2|1|4|2|2|2|2|1|2|3|2|0|3|0|4|1|3|2|7|1|3|2|4|1|2|3|0|3|0|0|2|2|0|1|1|0|
2013-08-11|3|1_CTs|ct22||7|4|4|2|2|4|3|7|2|1|1|0|1|0|4|3|1|1|3|2|1|3|1|0|1|2|0|1|2|1|1|2|2|2|3|1|4|3|4|9|2|2|7|10|3|10|5|4|4|2|4|4|2|7|3|2|3|6|6|4|6|7|6|4|5|6|4|0|5|8|3|3|4|10|7|5|8|5|8|4|4|0|6|5|1|4|3|3|3|6|1|6|4|3|2|3|
2013-08-11|3|1_CTs|CT23||96|58|54|62|40|35|42|38|34|15|40|34|21|21|20|13|17|16|24|16|22|13|24|12|13|25|23|8|30|44|38|44|51|52|58|55|68|82|70|70|84|96|116|109|93|96|99|119|111|118|134|118|119|121|132|80|78|101|97|104|108|102|112|118|141|117|110|106|101|92|90|106|101|122|112|108|109|90|116|109|115|107|90|82|84|94|65|69|84|60|79|113|117|93|66|73|
2013-08-11|3|1_CTs|ct24||302|264|247|237|204|176|158|118|97|97|72|77|84|62|69|62|57|55|60|52|50|54|48|66|70|87|112|109|103|150|201|201|115|135|154|170|165|182|229|256|247|261|244|256|261|278|263|283|315|342|365|336|335|334|313|346|309|355|348|373|387|430|420|435|413|448|427|446|427|473|474|486|487|538|472|511|563|547|580|514|568|457|422|436|445|392|367|388|452|384|288|341|319|345|312|284|
