2011-05-15|7|1_CTs|CT1||38|40|32|34|32|31|22|23|19|16|20|16|19|10|9|13|18|12|7|11|15|12|8|11|17|19|15|11|12|18|20|17|18|21|27|23|36|32|39|43|40|36|35|54|46|56|51|59|72|67|58|70|64|80|61|54|59|57|59|58|58|71|75|74|75|80|83|76|79|82|88|85|90|64|103|103|90|92|91|91|84|80|78|66|74|67|66|60|47|34|45|50|37|36|29|31|
2011-05-15|7|1_CTs|CT2||93|122|80|73|75|88|60|56|78|76|57|52|36|41|34|28|33|43|32|45|31|34|36|36|24|35|36|54|29|49|40|44|43|51|54|52|84|60|45|68|99|70|114|166|147|59|89|90|142|168|133|169|166|145|121|83|122|135|148|121|157|155|154|160|178|169|170|146|152|167|140|185|139|124|136|166|215|150|130|166|141|180|148|152|127|110|149|125|94|83|101|91|95|74|83|78|
2011-05-15|7|1_CTs|CT4||95|69|55|59|52|46|46|51|63|53|38|76|43|38|40|47|43|28|29|34|31|33|28|42|18|16|12|4|5|2|1|2|4|1|5|2|3|8|7|8|7|3|7|8|4|7|10|5|7|7|1|13|13|3|12|13|15|10|18|22|24|36|30|18|31|32|12|35|27|38|31|24|26|29|26|22|38|25|37|38|24|11|21|14|17|27|43|29|37|30|40|38|30|57|42|43|
2011-05-15|7|1_CTs|CT6||51|43|40|52|36|39|40|32|41|29|20|22|27|27|17|17|17|7|3|25|10|13|8|22|10|20|5|17|19|11|22|22|22|23|29|23|26|46|51|39|44|58|54|51|66|46|52|68|72|72|87|83|61|54|60|72|59|70|61|59|63|77|61|64|77|68|75|82|92|88|78|75|86|73|102|96|97|91|69|99|84|92|99|83|82|55|73|66|48|51|49|48|54|36|40|32|
2011-05-15|7|1_CTs|CT7||47|64|46|25|47|28|20|39|29|36|26|28|21|11|23|21|21|27|22|16|24|17|18|19|15|19|15|24|26|24|23|25|19|19|29|28|24|43|49|43|40|48|37|68|46|49|66|48|69|57|69|69|84|86|62|75|70|63|56|52|74|75|81|87|74|71|78|78|73|64|96|94|78|67|92|84|90|108|95|89|99|83|77|95|82|72|58|64|61|46|52|40|42|57|25|44|
2011-05-15|7|1_CTs|CT8||126|153|119|93|114|88|77|64|64|60|56|53|42|42|40|42|48|59|77|58|51|65|59|83|83|104|102|116|81|108|118|149|120|129|91|110|133|118|132|170|144|141|143|158|154|174|205|187|206|203|203|227|217|206|184|179|200|222|223|205|234|230|257|260|241|222|231|262|250|211|269|269|261|303|279|284|257|288|287|282|279|269|248|197|231|210|213|212|208|200|208|169|173|185|145|134|
2011-05-15|7|1_CTs|CT9||83|78|73|48|63|62|47|45|45|41|30|38|21|19|25|24|29|34|37|28|33|32|31|35|38|44|55|59|37|52|78|87|57|74|61|52|61|72|68|87|78|81|80|77|98|65|98|82|95|107|103|95|134|129|89|100|117|127|126|116|110|121|133|116|132|126|123|131|128|101|138|107|133|150|145|140|158|133|159|148|144|131|120|106|114|108|125|114|107|90|108|90|82|90|84|75|
2011-05-15|7|1_CTs|CT10||147|115|143|110|111|106|85|92|88|88|91|73|84|106|95|78|86|63|72|64|79|62|62|53|76|52|57|54|39|67|57|64|79|77|70|86|92|93|106|78|105|114|91|119|118|120|130|131|110|150|155|138|170|128|103|121|104|140|145|126|125|171|147|147|159|159|190|170|142|142|174|164|156|153|178|166|177|174|180|173|153|195|190|142|134|141|141|143|126|116|129|107|125|126|101|99|
2011-05-15|7|1_CTs|CT11||138|117|126|106|100|84|80|86|90|85|84|63|69|87|76|69|63|61|59|73|63|52|65|64|78|61|65|79|62|75|76|75|83|97|82|82|106|107|115|95|126|119|114|114|133|121|159|156|151|176|153|150|173|144|144|163|124|152|185|394|190|174|173|153|178|178|239|180|177|162|172|175|152|161|210|175|140|171|186|161|167|210|230|199|177|154|170|134|135|136|132|119|136|133|108|98|
2011-05-15|7|1_CTs|CT12||7755|7302|7901|7618|8890|8062|7545|9820|10899|10197|11547|13062|12069|8386|8638|7168|8136|6687|3319|3096|390|439|350|368|265|141|352|172|183|285|734|1581|2597|9776|6454|538|86|88|115|134|120|134|138|153|192|128|188|2174|174|180|152|157|184|164|176|213|251|910|2147|2644|6522|6523|6552|6556|5940|6921|5841|3706|1853|1656|977|257|269|210|247|330|278|240|246|250|288|297|221|225|218|214|211|197|158|147|135|128|187|182|147|92|
2011-05-15|7|1_CTs|CT13||28|31|16|10|19|12|7|13|8|16|10|9|3|3|4|9|6|9|8|9|10|10|7|5|4|9|4|6|10|7|9|9|7|10|11|14|13|14|15|16|7|21|13|21|23|17|17|24|29|27|27|34|42|38|27|35|33|40|29|29|39|44|38|33|34|47|41|36|28|38|33|38|33|29|40|36|55|53|49|34|57|49|36|28|35|33|33|32|33|19|24|25|23|27|19|19|
2011-05-15|7|1_CTs|CT14||172|146|172|115|103|102|92|96|102|92|87|76|77|86|75|71|60|60|61|73|69|53|74|74|89|74|85|100|86|88|87|103|117|105|117|121|134|158|156|162|187|183|170|187|186|170|226|211|208|217|188|212|226|238|207|172|193|186|218|187|228|222|225|211|212|239|243|240|248|241|239|232|219|257|265|237|227|230|229|223|234|259|238|196|209|170|182|149|175|152|146|164|178|140|123|114|
2011-05-15|7|1_CTs|CT15||15|13|8|10|10|13|10|11|8|8|8|8|10|8|7|7|6|4|2|9|1|4|2|9|5|6|4|5|5|3|4|8|5|2|8|12|15|14|15|13|16|16|24|19|14|19|18|16|24|30|27|16|24|18|20|20|15|24|24|25|12|19|10|16|13|17|22|17|30|30|18|19|22|22|32|17|19|24|19|17|26|22|30|30|21|20|24|19|21|22|16|21|16|10|18|8|
