2012-12-16|2|1_CTs|ct1||151|169|143|130|117|97|62|72|71|56|58|52|41|26|20|24|29|22|10|16|26|12|21|18|14|21|19|30|29|27|40|41|33|60|96|156|158|139|35|4|3|0|1|2|4|1|1|4|12|168|134|145|144|137|152|147|152|134|121|146|169|186|192|190|126|168|157|144|164|157|173|153|140|130|117|119|132|138|141|145|135|127|113|109|92|85|77|73|80|71|62|57|68|46|44|44|
2012-12-16|2|1_CTs|ct2||170|114|77|75|63|76|89|69|130|91|39|34|49|35|31|37|53|37|53|34|32|43|31|14|23|82|22|25|20|30|40|24|23|21|40|73|117|86|20|3|3|5|2|3|4|2|4|10|9|63|62|74|82|84|140|203|123|69|59|57|63|86|154|157|270|173|98|60|60|84|103|68|98|244|208|265|75|58|55|45|82|51|60|62|55|45|27|44|49|32|37|23|32|25|22|29|
2012-12-16|2|1_CTs|ct3||232|245|193|211|162|142|124|120|112|130|99|82|86|64|59|67|73|65|54|60|58|43|58|28|33|46|38|43|52|47|62|46|42|57|64|67|69|79|36|2|2|3|1|0|1|0|15|10|17|144|119|126|120|107|111|93|202|143|155|145|173|183|209|222|243|212|177|183|170|187|186|177|202|169|173|188|187|166|175|164|150|136|117|133|115|105|107|103|88|81|81|73|77|69|60|60|
2012-12-16|2|1_CTs|ct4||101|97|86|96|84|85|92|65|57|63|74|58|43|55|64|53|67|59|65|49|40|47|46|48|42|39|33|43|48|30|34|44|29|25|45|52|37|44|50|42|60|42|35|49|48|63|61|55|61|89|74|71|82|74|97|63|94|91|102|75|87|100|152|131|109|134|157|122|102|118|123|143|146|129|146|127|135|108|111|101|76|80|66|77|75|58|42|61|51|45|49|43|45|63|43|44|
2012-12-16|2|1_CTs|ct5||166|162|164|164|152|132|132|106|86|87|91|68|71|79|90|69|100|72|85|65|52|60|61|53|61|58|48|57|62|39|46|57|38|45|61|100|80|69|79|96|89|86|88|136|129|122|120|123|127|136|147|153|137|130|186|123|142|161|191|144|162|165|187|175|200|199|239|185|204|219|224|241|218|165|214|208|220|181|177|178|151|150|129|126|110|109|75|120|96|107|81|76|77|96|88|69|
2012-12-16|2|1_CTs|ct6||157|130|173|139|139|123|134|128|104|114|94|69|83|79|86|68|81|71|75|62|46|67|62|50|48|47|46|49|48|31|33|43|38|33|37|36|15|0|5|0|7|2|1|2|1|3|1|3|79|163|104|121|123|114|112|113|104|147|156|118|94|122|142|163|167|161|181|157|250|188|197|149|115|112|170|159|188|157|216|162|130|98|131|120|91|89|55|84|82|122|81|60|58|95|82|69|
2012-12-16|2|1_CTs|ct17||229|241|224|199|185|147|118|128|114|127|99|82|87|69|56|58|66|61|60|41|40|35|35|31|37|46|31|34|42|33|37|35|34|45|52|43|49|59|37|78|78|73|66|105|92|81|72|97|77|137|104|104|117|94|95|87|95|108|194|117|153|172|184|176|203|198|208|185|189|193|184|191|196|218|201|220|204|210|169|168|148|148|120|121|124|100|101|94|100|80|91|70|77|69|61|48|
2012-12-16|2|1_CTs|CT19||117|113|85|77|79|70|60|61|42|58|46|41|40|30|33|32|33|30|28|16|11|9|9|18|16|10|16|13|13|12|12|24|12|17|30|21|19|32|20|13|0|1|1|0|0|34|36|44|28|64|64|60|64|58|58|29|53|61|114|69|88|108|117|106|124|106|115|100|97|104|112|98|125|116|119|126|135|112|101|111|89|71|68|63|66|65|53|60|55|46|62|33|47|36|31|33|
2012-12-16|2|1_CTs|CT20||78|79|56|69|65|64|68|57|52|59|73|53|63|74|57|48|39|49|32|38|25|16|19|21|9|11|13|21|19|12|15|23|22|18|19|20|22|23|22|40|47|60|62|65|72|65|50|69|54|54|64|49|66|51|70|47|50|56|68|58|66|63|78|64|78|79|76|59|62|54|66|68|63|70|82|71|72|73|77|62|63|68|57|48|51|43|37|45|53|38|41|44|43|44|41|35|
2012-12-16|2|1_CTs|CT21||46|47|37|47|38|43|30|26|30|22|32|25|30|27|22|19|25|24|19|19|10|6|9|8|9|3|9|8|10|6|10|6|13|10|12|11|14|14|19|20|19|26|27|28|23|32|27|38|27|30|40|34|35|29|34|27|28|30|41|27|39|35|44|32|41|47|43|39|37|41|44|35|49|35|30|37|42|28|32|43|37|23|31|29|27|27|16|24|21|15|21|20|16|15|21|17|
