2011-11-09|22|1_CTs|CT1||10|18|14|3|7|7|8|2|3|5|2|3|6|5|2|0|2|5|1|6|4|6|8|12|20|22|20|40|50|61|108|199|232|226|210|194|206|196|143|129|101|97|88|80|76|72|67|74|63|83|89|99|96|76|74|81|73|90|87|86|91|70|73|79|90|91|93|106|87|146|116|130|85|123|162|140|142|175|160|153|128|141|59|53|36|40|30|31|23|24|26|27|21|24|25|14|
2011-11-09|22|1_CTs|CT2||16|11|10|4|5|3|4|1|5|7|0|0|4|4|1|3|0|3|3|4|1|5|10|8|13|17|17|20|32|39|59|97|99|90|91|109|99|105|89|57|51|44|40|45|37|40|46|46|38|39|41|52|43|44|44|54|59|33|51|53|28|38|39|36|49|53|53|47|52|67|51|63|41|62|67|46|60|56|78|74|64|67|33|29|21|22|31|15|22|13|15|18|17|20|23|14|
2011-11-09|22|1_CTs|CT3||44|47|30|28|17|23|14|10|14|20|11|10|8|8|4|8|8|8|7|15|9|15|27|27|44|48|49|82|119|169|255|385|350|373|361|404|407|415|349|302|223|199|207|190|203|192|186|245|215|214|203|204|222|209|270|241|242|223|236|214|225|235|227|208|253|297|272|271|299|306|344|343|328|321|320|312|337|355|322|335|329|287|211|139|145|103|109|105|99|68|82|89|74|87|89|64|
2011-11-09|22|1_CTs|CT4||39|35|13|14|12|11|8|8|10|15|9|4|9|2|5|6|1|6|4|2|6|4|14|20|23|30|35|50|72|90|113|148|126|207|242|229|223|201|203|172|154|169|162|155|136|181|165|150|169|182|153|142|163|160|161|159|141|161|170|176|160|174|178|185|188|209|220|203|220|233|231|238|206|244|258|260|252|235|231|231|198|192|150|169|109|105|84|68|51|78|67|45|56|52|46|41|
2011-11-09|22|1_CTs|CT5||34|32|19|19|13|10|3|10|10|19|10|7|12|3|7|5|9|4|3|3|6|11|14|23|36|25|32|68|81|79|143|189|217|292|272|276|318|257|229|191|130|171|157|145|142|184|167|191|174|185|191|204|187|201|165|194|176|195|188|201|185|182|194|217|170|230|267|258|277|285|303|322|305|316|302|266|299|277|255|286|221|225|176|149|135|94|95|75|65|70|70|53|68|60|55|45|
2011-11-09|22|1_CTs|CT6||21|27|16|17|16|7|8|4|9|7|3|7|6|6|2|2|4|4|2|2|3|4|16|7|19|22|14|32|36|37|64|73|78|102|132|126|149|94|122|85|88|106|89|106|96|100|118|123|104|107|109|107|121|105|108|96|91|131|104|119|119|121|129|140|156|124|167|166|163|165|172|159|170|172|194|177|164|170|167|169|136|137|107|118|84|65|69|48|46|55|50|59|32|53|45|29|
2011-11-09|22|1_CTs|CT7||8|3|6|3|7|1|1|0|1|1|0|1|2|3|1|1|2|1|1|1|0|2|2|2|2|4|0|6|11|13|18|21|39|35|29|36|33|42|32|31|29|25|23|21|20|23|18|22|20|20|33|30|37|31|24|21|26|23|27|27|19|21|32|26|15|25|28|31|24|26|29|22|31|40|27|19|17|17|20|22|11|23|14|14|16|9|8|12|7|8|7|6|6|6|4|8|
2011-11-09|22|1_CTs|CT8||14|18|12|11|9|6|3|7|3|5|6|2|2|3|0|0|3|1|2|4|0|1|6|6|10|7|5|8|15|7|29|42|46|55|54|80|81|70|58|51|90|70|86|73|59|61|66|85|73|77|79|83|94|62|71|51|41|42|78|77|84|91|75|92|98|76|94|84|58|46|50|61|67|74|58|66|67|100|54|50|74|68|31|32|42|33|39|30|31|34|25|29|18|36|30|26|
2011-11-09|22|1_CTs|CT9||20|18|21|15|13|11|9|3|7|7|7|11|10|5|5|7|6|5|10|9|15|20|15|32|37|42|64|116|116|199|278|325|291|317|312|257|308|307|314|276|246|193|172|161|176|174|166|191|196|168|186|207|182|190|199|203|229|184|202|179|191|204|187|161|183|218|196|208|217|186|238|211|236|198|175|172|153|161|136|147|121|154|116|112|97|75|84|50|58|61|56|69|72|36|50|49|
2011-11-09|22|1_CTs|CT10||0|2|1|0|1|0|0|1|0|1|1|0|2|0|0|1|0|2|2|1|3|2|3|4|8|8|7|8|9|7|11|42|89|37|34|20|14|14|12|13|10|7|5|4|4|8|8|7|6|8|2|7|23|20|14|6|7|6|10|9|4|7|6|5|9|12|3|11|7|7|17|12|9|9|9|4|8|9|1|2|4|6|1|1|1|1|4|1|1|2|8|14|9|2|3|1|
