2013-11-16|6|1_CTs|CT1||0|2|0|1|1|3|6|2|4|0|2|1|0|2|3|1|0|0|1|0|4|0|1|1|4|14|2|0|2|1|1|4|2|3|1|4|3|4|5|6|6|1|2|4|4|1|5|6|1|5|4|4|12|3|2|2|1|0|3|3|3|6|4|0|1|5|1|3|1|4|4|0|1|2|2|2|2|1|1|3|1|2|3|1|1|1|3|3|1|1|4|10|9|0|1|1|
2013-11-16|6|1_CTs|CT3||5|15|5|4|6|13|3|2|3|2|3|1|2|5|3|5|10|17|14|13|20|24|26|29|32|36|28|26|33|38|35|31|40|36|29|35|32|32|19|25|30|24|29|31|28|34|39|35|38|37|31|30|26|36|28|29|46|27|39|30|29|31|22|23|24|34|33|31|31|27|22|29|35|30|21|31|26|16|23|13|17|21|21|17|13|20|21|12|9|16|6|11|13|8|5|8|
2013-11-16|6|1_CTs|CT4||13|5|12|6|5|10|3|1|5|8|6|1|5|2|3|1|6|2|0|5|1|2|4|4|3|2|1|2|3|5|8|7|6|11|1|6|5|5|11|14|29|12|21|31|28|9|24|21|19|25|28|22|22|28|22|16|20|14|26|15|20|16|16|18|25|16|28|24|29|33|21|26|22|20|27|26|24|26|25|26|16|17|10|17|14|14|19|12|18|6|8|8|7|6|3|12|
2013-11-16|6|1_CTs|CT5||26|24|26|16|23|17|18|16|7|19|17|6|15|10|7|6|8|6|9|11|8|5|6|12|12|8|12|17|12|11|19|14|21|26|33|42|39|45|38|37|37|47|45|52|56|44|42|0|15|57|43|55|56|1|47|51|45|42|47|37|46|38|51|44|43|44|45|44|47|55|49|54|46|38|44|45|32|51|45|48|46|48|29|33|38|27|26|20|22|21|21|16|25|22|17|21|
2013-11-16|6|1_CTs|CT6||42|27|29|30|24|23|16|8|5|11|11|8|10|6|6|10|5|8|5|12|10|4|11|15|16|11|18|16|13|25|23|32|41|31|44|51|58|74|59|71|64|75|76|77|94|99|109|113|108|101|113|115|133|102|123|93|72|87|95|73|86|91|88|77|94|90|74|71|81|93|88|85|75|70|66|87|48|60|71|96|85|57|62|69|40|45|39|33|30|35|35|30|48|31|34|16|
2013-11-16|6|1_CTs|CT7||6|6|6|2|2|4|5|4|1|2|1|1|4|2|2|1|2|0|6|0|3|2|5|7|1|1|5|3|6|8|7|11|6|17|15|20|21|17|13|20|18|18|15|19|23|18|22|26|16|18|20|17|26|16|22|16|15|15|13|17|20|24|23|16|16|16|12|16|20|16|17|19|18|18|20|19|20|23|14|13|9|16|11|11|10|7|15|6|9|5|11|5|8|13|8|5|
2013-11-16|6|1_CTs|CT8||66|65|48|51|40|25|35|21|27|21|33|22|19|21|13|16|21|14|15|18|15|12|21|20|17|16|28|29|41|39|66|77|63|87|94|107|91|98|123|137|113|112|127|111|110|114|124|114|110|137|138|147|135|125|106|97|110|122|130|111|123|118|129|131|122|118|143|130|136|155|118|142|155|124|129|128|139|146|134|106|127|141|114|103|99|79|83|87|79|69|78|62|64|98|157|158|
2013-11-16|6|1_CTs|CT9||58|86|55|50|43|39|22|21|30|14|23|13|16|15|15|10|20|23|17|8|13|19|14|34|41|32|37|37|38|54|74|82|79|81|105|151|136|129|149|147|143|139|145|165|163|159|156|149|169|162|168|182|206|170|126|151|153|154|154|139|171|172|179|174|141|148|172|159|155|147|149|145|154|141|145|140|163|135|120|108|118|109|104|97|88|74|60|79|74|69|80|65|67|64|48|58|
2013-11-16|6|1_CTs|CT10||42|36|26|27|24|15|24|12|7|17|13|10|17|7|10|13|15|9|6|13|14|14|19|10|26|22|17|30|39|33|36|47|52|62|75|102|85|92|115|116|101|113|137|130|138|114|149|112|116|146|160|148|146|141|118|102|95|117|96|96|108|118|114|114|116|127|106|160|125|133|126|127|122|111|113|124|136|110|100|108|104|100|72|73|76|43|53|46|33|47|48|44|44|37|31|44|
2013-11-16|6|1_CTs|CT11||32|45|36|24|15|24|15|11|16|14|20|16|6|8|10|7|13|11|11|16|20|13|16|28|30|35|49|50|39|66|81|106|95|111|138|202|162|155|169|183|168|172|158|167|185|150|169|176|141|168|154|155|155|164|131|145|124|139|150|150|145|143|147|159|134|145|165|141|144|159|121|127|112|124|131|104|117|104|97|110|101|119|101|93|79|64|44|48|65|46|48|21|50|47|64|55|
2013-11-16|6|1_CTs|CT12||61|54|30|39|33|25|22|20|8|24|12|13|14|16|11|7|20|9|7|16|17|19|24|21|24|34|33|38|36|47|36|62|61|62|86|113|103|101|129|150|135|150|154|148|179|143|170|144|161|180|183|168|179|196|156|119|130|144|140|114|144|128|142|122|138|136|144|176|157|157|156|142|145|129|142|128|138|111|93|113|102|112|85|70|79|51|70|57|49|52|58|50|57|35|51|40|
2013-11-16|6|1_CTs|CT15||13|15|8|9|15|15|6|9|7|3|4|6|4|2|6|3|5|6|11|5|10|8|9|26|17|19|19|16|19|30|36|50|42|28|52|83|66|57|55|72|65|74|52|71|74|71|61|71|59|61|56|65|61|67|58|68|52|60|43|37|61|43|66|54|57|34|50|58|60|51|54|57|54|52|41|33|48|44|41|57|49|31|44|27|29|26|30|12|18|15|23|21|17|23|16|21|
2013-11-16|6|1_CTs|CT16||36|47|36|21|19|28|28|17|11|19|23|15|18|8|17|10|12|11|14|18|18|9|19|26|29|19|30|36|32|53|57|76|66|106|100|156|125|115|158|174|152|161|153|165|167|144|183|189|142|176|178|156|189|170|139|155|129|129|134|154|132|149|145|156|148|131|151|166|138|158|148|140|120|143|147|134|140|126|134|134|130|120|115|107|95|67|55|50|53|49|64|56|45|59|57|52|
2013-11-16|6|1_CTs|CT17||34|40|18|19|24|16|13|17|7|12|8|6|8|5|4|3|7|5|3|7|6|4|9|6|8|6|7|8|4|15|13|22|15|25|23|29|35|46|60|75|55|56|59|70|72|60|69|67|73|63|73|97|84|76|67|87|73|58|54|62|68|71|57|57|57|46|68|77|76|67|54|66|58|63|64|58|75|51|69|53|61|48|37|39|45|32|26|34|28|20|23|36|28|23|33|26|
2013-11-16|6|1_CTs|CT18||87|83|82|55|45|54|44|42|28|43|48|21|35|24|21|22|22|22|20|31|22|21|24|30|38|35|42|48|43|51|75|80|75|113|150|173|149|156|165|186|185|206|168|228|228|223|229|219|210|244|211|241|214|231|217|198|189|194|195|193|199|219|224|231|215|192|193|183|192|238|229|236|194|176|203|212|186|179|174|194|178|162|147|161|143|121|102|92|94|68|110|88|95|89|85|91|
2013-11-16|6|1_CTs|CT19||52|49|44|30|37|31|22|28|18|34|19|13|24|17|9|8|14|16|6|15|9|13|10|13|10|14|17|9|13|22|28|31|37|44|59|53|88|88|81|118|98|102|111|118|109|135|146|142|159|143|168|162|152|160|152|139|101|108|105|97|128|120|118|119|106|119|116|135|122|138|134|152|112|141|126|110|117|133|108|108|118|116|75|74|60|51|63|67|57|61|49|57|53|43|65|46|
2013-11-16|6|1_CTs|CT20||41|37|30|14|18|16|24|17|6|9|9|5|7|7|5|5|11|8|9|6|6|10|12|9|12|25|19|19|19|31|34|32|42|44|54|54|83|81|86|100|96|96|104|125|123|126|126|116|67|43|50|31|129|56|137|130|131|103|117|125|96|110|105|102|93|101|112|87|64|49|97|106|98|87|106|86|7|63|76|39|93|54|20|60|50|51|33|34|39|35|47|45|35|39|31|31|
2013-11-16|6|1_CTs|CT21||82|54|59|45|42|36|24|24|18|31|26|14|16|21|22|15|22|26|29|33|31|41|49|47|53|55|62|58|78|87|113|118|100|124|160|187|157|184|173|170|154|153|176|185|140|163|177|184|174|174|211|191|169|180|170|184|157|166|212|207|197|214|204|190|203|185|166|184|182|199|188|195|186|176|168|164|172|164|160|202|166|151|150|124|134|100|106|97|87|67|80|68|84|87|82|92|
2013-11-16|6|1_CTs|CT22||125|104|97|90|80|57|65|58|53|46|50|39|42|29|33|28|41|41|47|37|61|54|81|57|62|62|65|73|85|90|113|115|113|106|126|139|164|160|178|167|187|177|207|213|187|233|222|229|219|268|242|271|247|226|225|206|192|172|193|218|225|210|225|205|227|241|250|223|234|244|259|228|236|238|238|242|218|222|202|177|173|162|139|129|105|142|116|119|110|99|92|109|106|113|100|104|
2013-11-16|6|1_CTs|CT23||91|89|59|67|66|43|41|22|35|24|34|38|26|23|19|21|24|29|19|26|26|33|45|41|39|45|41|47|66|66|107|104|121|126|163|164|160|169|174|208|181|174|186|191|157|177|192|177|190|229|199|190|198|201|167|155|185|180|217|182|181|182|180|185|190|190|196|195|188|212|196|214|210|207|186|177|175|204|206|150|163|183|175|119|137|107|97|107|88|85|108|77|89|115|168|176|
2013-11-16|6|1_CTs|CT24||94|85|82|77|52|55|52|37|34|44|38|28|30|29|24|34|24|24|22|24|33|45|31|29|38|50|53|53|65|50|81|96|94|91|101|142|132|155|153|157|144|159|176|173|223|186|221|212|209|236|207|234|247|218|222|230|158|180|182|168|199|200|196|203|200|216|221|222|212|234|234|258|230|209|205|219|222|207|219|236|178|164|158|120|115|111|107|96|96|96|100|109|118|110|95|105|
