2014-08-22|6|1_CTs|CT1||0|1|0|0|1|0|1|1|1|0|0|1|0|0|0|1|0|2|0|2|2|1|2|2|0|1|0|4|2|2|3|4|8|3|5|10|6|9|3|1|8|9|2|3|11|2|2|8|6|3|2|5|3|0|2|2|5|6|3|0|3|6|8|7|5|2|3|0|2|4|3|5|2|2|4|6|1|3|4|2|1|1|1|3|0|2|1|0|0|2|1|2|1|1|2|1|
2014-08-22|6|1_CTs|CT3||2|12|6|10|8|4|5|4|6|2|6|1|0|6|4|7|8|8|8|15|23|23|24|25|22|28|23|32|45|40|50|45|57|46|59|54|54|55|64|55|53|54|44|32|40|53|49|51|50|48|49|38|43|36|44|36|42|44|43|36|32|36|42|39|34|55|36|39|40|46|48|42|53|40|57|41|44|49|31|34|37|27|22|39|22|24|18|13|29|21|18|16|20|13|22|17|
2014-08-22|6|1_CTs|CT4||5|6|3|5|1|5|3|6|3|1|1|2|1|0|2|3|1|0|0|2|1|2|2|0|2|1|2|1|9|4|9|5|10|16|11|16|18|15|15|26|18|14|20|15|18|22|17|19|19|19|25|21|28|23|10|10|17|5|2|6|20|22|15|13|15|24|19|20|28|23|13|6|12|26|35|30|26|23|21|16|27|19|14|11|11|13|15|9|9|9|16|8|7|4|5|7|
2014-08-22|6|1_CTs|CT5||20|22|13|16|15|12|16|4|9|4|5|4|7|8|4|8|4|5|4|6|7|6|6|4|12|7|15|13|22|25|31|44|29|49|45|45|54|46|50|43|60|45|46|54|58|53|60|40|66|55|48|50|57|53|49|40|45|62|55|47|55|51|57|50|52|50|50|62|57|55|52|57|56|52|55|51|45|45|35|61|48|31|36|32|29|33|29|22|23|18|21|17|14|28|21|24|
2014-08-22|6|1_CTs|CT6||14|13|14|13|8|3|9|9|6|3|3|1|3|3|1|1|4|2|5|7|11|7|11|11|15|12|15|13|20|29|46|41|57|69|94|102|79|78|68|76|80|88|62|59|68|71|76|77|56|59|67|62|70|58|56|61|70|60|75|69|65|73|68|77|60|61|70|85|76|59|85|60|100|70|82|70|60|77|76|70|68|51|75|56|59|40|42|40|40|32|20|25|28|27|28|25|
2014-08-22|6|1_CTs|CT7||5|8|5|6|2|3|3|4|2|2|1|1|1|3|1|2|0|1|1|2|1|2|0|1|5|2|3|10|12|14|9|15|18|27|22|31|26|17|29|18|19|24|9|17|15|12|21|18|28|9|15|22|19|24|8|11|17|17|14|15|10|11|20|16|11|16|16|17|24|16|9|21|23|17|26|13|19|18|8|16|24|11|7|11|8|8|15|5|11|7|9|5|5|6|6|3|
2014-08-22|6|1_CTs|CT8||36|30|25|17|14|21|18|9|14|14|8|10|16|12|8|4|4|7|7|6|13|10|16|17|18|19|48|39|72|65|123|121|136|165|189|198|164|187|141|142|137|121|123|119|118|119|117|109|111|139|115|130|133|111|96|118|123|110|141|130|132|122|119|123|119|122|131|122|135|145|142|151|163|160|138|171|130|131|131|120|119|101|107|101|110|69|65|61|58|59|48|58|74|60|54|55|
2014-08-22|6|1_CTs|CT9||34|43|39|20|23|23|13|22|17|14|6|6|7|12|9|5|10|9|5|11|13|14|28|24|35|36|32|52|60|78|109|122|133|144|181|172|171|164|194|169|134|152|146|145|155|144|149|142|133|151|130|138|120|135|149|136|159|152|167|151|161|148|144|134|149|147|155|122|152|164|162|177|172|201|190|146|153|133|133|145|136|108|106|101|85|96|76|76|72|57|56|61|59|55|86|48|
2014-08-22|6|1_CTs|CT10||30|24|21|18|24|10|9|7|7|8|8|6|4|7|2|2|4|4|4|6|7|10|9|23|23|27|23|34|35|49|59|79|110|84|97|126|102|102|96|100|112|116|97|111|98|110|101|107|118|109|93|98|107|89|79|91|93|109|121|100|118|105|105|120|109|141|127|142|134|158|141|155|153|182|171|179|140|126|116|125|106|107|88|89|62|70|58|48|36|26|26|36|33|32|35|37|
2014-08-22|6|1_CTs|CT11||17|31|16|16|18|6|10|8|9|7|6|4|4|8|3|7|5|4|5|6|12|10|10|24|24|26|38|61|58|76|125|170|174|182|196|215|186|180|179|166|150|169|137|126|143|152|121|150|117|126|128|148|154|115|117|130|112|131|125|144|134|131|134|133|121|132|144|126|151|111|129|127|116|106|124|101|105|103|108|113|111|103|78|107|100|76|51|54|55|53|40|51|32|34|39|36|
2014-08-22|6|1_CTs|CT12||36|30|17|29|28|15|18|10|9|11|7|4|5|8|4|4|2|7|5|11|5|9|13|22|27|29|31|34|50|55|67|105|109|120|132|151|149|133|135|114|122|117|114|104|110|125|106|132|115|126|121|129|137|112|103|103|129|118|132|124|146|127|119|143|129|155|165|172|179|213|168|174|189|198|203|177|187|177|145|145|137|109|102|103|87|85|85|51|50|44|46|47|38|36|49|49|
2014-08-22|6|1_CTs|CT16||39|30|28|20|21|11|13|11|7|8|8|13|4|9|5|7|3|6|4|6|10|9|3|15|26|24|27|48|49|63|88|136|149|150|173|212|150|149|161|155|151|155|133|126|131|155|119|123|163|117|122|130|145|126|122|114|122|115|132|122|138|109|142|153|115|142|145|143|159|130|136|155|135|147|143|141|113|109|115|124|121|116|104|97|88|86|71|61|69|50|39|45|36|42|44|38|
2014-08-22|6|1_CTs|CT17||5|4|6|3|1|7|1|3|1|2|0|1|1|0|2|0|0|2|0|0|1|0|0|0|2|3|0|3|7|6|12|20|11|22|19|21|17|17|29|18|24|16|26|22|22|26|29|27|25|39|18|23|16|23|29|18|32|17|23|17|34|29|31|25|38|21|19|32|41|33|35|38|39|47|38|39|34|42|39|32|38|21|18|14|9|20|19|8|10|9|9|7|9|11|13|11|
2014-08-22|6|1_CTs|CT18||56|54|36|36|30|32|27|19|15|7|13|15|12|11|9|17|10|10|8|15|19|14|10|17|35|24|41|44|61|74|115|145|128|182|197|223|204|193|180|202|175|187|143|164|164|184|173|173|210|165|152|179|174|171|160|152|147|178|186|156|171|162|190|172|154|182|182|192|185|172|189|217|195|212|195|195|179|155|150|157|160|136|127|133|115|115|99|85|70|71|63|65|66|61|63|69|
2014-08-22|6|1_CTs|CT19||25|34|22|23|26|25|18|14|12|11|6|8|7|2|5|3|3|2|3|9|9|8|8|8|8|2|6|10|17|12|26|40|47|56|60|106|89|108|81|84|78|101|85|103|98|113|111|91|107|103|102|102|100|92|103|79|92|90|95|120|121|104|111|101|96|109|103|120|123|131|140|140|158|143|135|134|136|130|122|119|105|101|79|81|75|73|66|39|44|51|39|37|33|45|28|50|
2014-08-22|6|1_CTs|CT20||25|18|11|14|9|14|6|6|8|9|6|2|5|3|2|3|5|4|8|5|6|12|8|8|17|16|17|28|19|35|31|18|56|71|72|75|96|91|89|79|101|94|90|100|106|115|96|7|102|109|104|85|108|108|74|66|15|81|98|73|23|102|95|15|82|86|21|79|6|113|12|28|67|66|27|11|4|95|66|77|79|73|59|64|53|23|46|44|35|50|21|22|16|18|4|37|
2014-08-22|6|1_CTs|CT21||62|48|43|45|38|28|16|15|15|19|25|13|9|17|18|14|13|21|33|29|37|50|41|46|53|53|64|85|112|157|193|206|257|263|266|254|247|220|249|229|218|207|193|202|176|207|204|194|185|174|215|169|186|139|165|156|173|226|206|195|164|224|174|191|173|165|185|170|173|181|200|215|182|220|195|165|211|175|172|151|178|146|146|145|147|116|117|104|111|107|95|94|109|89|107|86|
2014-08-22|6|1_CTs|CT22||111|72|70|75|70|60|35|39|40|29|29|26|25|15|26|26|30|34|37|38|56|48|63|51|53|50|70|85|83|116|118|120|160|168|169|238|220|200|210|202|205|219|216|235|216|231|202|259|242|251|232|225|210|183|187|195|190|215|219|224|214|243|203|237|261|306|245|288|264|343|336|334|323|340|357|343|320|279|311|266|245|226|176|181|168|159|135|126|144|113|122|119|101|98|86|111|
2014-08-22|6|1_CTs|CT23||45|55|40|30|33|20|28|14|20|17|13|13|26|11|11|9|7|10|16|15|18|28|36|28|37|36|67|70|85|98|164|188|203|239|276|229|248|271|205|200|192|175|185|183|157|174|185|171|189|195|181|189|197|155|163|189|179|175|198|201|187|195|195|195|166|180|215|184|201|223|242|225|243|264|239|242|209|205|189|182|168|164|172|162|152|109|102|89|113|95|76|87|97|75|91|89|
2014-08-22|6|1_CTs|CT24||70|73|53|60|66|45|29|25|25|34|27|19|20|18|11|15|12|16|21|24|21|23|28|30|34|37|49|65|73|104|131|128|151|178|222|279|212|213|212|194|190|182|181|218|208|186|231|202|222|207|210|224|185|144|163|197|177|182|217|202|213|214|214|230|227|219|232|247|267|303|287|312|340|343|365|329|293|290|300|239|215|186|192|162|135|123|110|110|114|97|102|81|90|83|96|80|
