2014-11-28|2|1_CTs|ct1||64|46|62|37|43|40|32|26|36|18|15|25|24|15|22|19|14|9|11|19|27|23|30|41|34|46|52|73|91|119|148|127|124|143|143|179|196|168|201|183|183|182|200|192|194|212|205|172|207|201|200|191|214|183|191|189|171|190|216|211|206|208|169|186|155|189|172|156|149|182|170|154|169|177|170|181|141|424|175|211|205|200|208|225|223|197|190|178|183|190|192|173|144|160|162|162|
2014-11-28|2|1_CTs|ct2||47|37|49|30|29|27|24|16|29|13|9|18|19|10|20|11|15|9|6|10|17|17|13|18|15|18|27|25|33|37|43|29|37|42|47|63|66|78|91|113|81|80|91|97|93|100|92|87|99|92|92|72|97|90|86|87|68|82|92|97|95|87|96|78|76|81|91|71|81|89|88|80|91|89|96|96|80|361|82|101|85|104|122|117|118|129|107|107|75|77|74|78|85|97|77|57|
2014-11-28|2|1_CTs|ct3||86|78|68|67|58|61|48|32|29|32|19|34|28|20|27|12|21|19|10|17|28|30|31|36|42|45|53|55|66|105|121|124|121|127|108|139|161|135|180|174|159|157|183|198|191|207|201|177|197|182|186|181|181|174|183|176|192|167|203|201|213|203|202|211|151|180|196|191|184|180|182|176|193|177|206|190|155|473|181|217|177|189|222|212|217|221|223|204|204|217|212|207|179|217|196|188|
2014-11-28|2|1_CTs|ct4||46|45|41|45|36|35|31|19|39|25|14|13|15|22|27|9|11|12|18|16|18|13|28|24|28|33|22|32|46|54|71|67|79|124|114|121|142|132|133|146|111|119|137|145|110|129|127|130|124|138|134|152|96|137|108|109|120|123|110|127|125|121|127|153|114|131|95|95|132|121|96|103|105|105|120|143|69|359|117|123|119|118|103|128|139|121|147|155|127|121|113|155|177|127|120|139|
2014-11-28|2|1_CTs|ct5||91|70|71|85|54|56|32|31|54|27|29|22|21|28|31|22|20|21|20|19|26|21|33|22|33|40|37|43|49|57|88|121|123|175|161|177|182|170|196|219|181|170|201|221|198|181|187|227|242|197|197|222|167|183|189|177|194|203|185|190|224|198|230|240|179|202|203|168|186|211|178|203|187|200|177|204|124|177|211|175|191|181|195|196|195|190|206|206|213|191|196|225|238|207|191|203|
2014-11-28|2|1_CTs|ct6||30|20|33|33|19|19|16|14|15|10|8|10|14|13|11|7|11|9|5|7|9|4|11|8|15|10|10|11|10|17|17|18|18|27|28|30|32|32|36|52|44|43|57|48|52|45|41|55|43|57|49|57|47|47|41|48|46|39|45|54|56|49|62|58|58|65|56|59|45|61|47|53|53|56|53|69|35|298|67|61|71|54|57|63|68|64|72|52|49|42|43|46|53|40|50|61|
2014-11-28|2|1_CTs|ct17||92|86|96|79|68|82|57|50|35|32|32|50|34|25|30|25|26|20|20|21|42|40|40|47|47|53|59|63|67|105|134|151|153|151|144|156|205|184|256|236|209|195|221|257|229|257|227|218|242|229|217|249|207|207|202|203|210|220|238|211|241|261|238|244|191|219|213|206|245|232|227|224|234|226|246|238|172|502|197|216|223|237|260|255|273|281|242|238|236|236|234|210|223|217|218|236|
2014-11-28|2|1_CTs|CT19||39|37|31|23|19|16|11|14|7|11|5|10|14|5|7|1|4|8|9|4|6|10|7|12|12|16|21|29|32|34|62|64|75|94|76|94|103|92|116|110|99|105|109|109|125|133|128|108|129|115|114|126|126|93|108|102|89|93|111|122|112|125|136|140|103|139|129|121|129|137|125|127|136|115|135|112|96|376|120|122|112|127|104|106|104|121|123|107|118|110|119|154|131|96|114|112|
2014-11-28|2|1_CTs|CT20||51|38|31|31|29|21|18|21|28|22|23|8|6|4|9|18|7|11|13|4|6|5|9|10|12|21|20|26|27|40|38|49|66|91|84|85|80|88|84|94|72|69|78|93|73|75|70|81|79|77|68|63|81|65|76|64|71|68|82|73|76|66|83|84|61|93|62|60|100|89|93|102|83|105|100|99|72|350|86|91|85|78|79|77|85|73|61|59|70|71|76|49|72|75|63|60|
2014-11-28|2|1_CTs|CT21||22|21|21|20|13|7|10|4|15|6|8|5|1|5|4|5|1|3|8|2|5|5|6|4|8|6|9|12|11|16|23|25|37|49|50|52|51|56|51|49|44|39|50|56|41|41|51|52|41|45|33|29|48|44|34|33|33|35|48|42|35|31|49|56|40|51|35|39|54|49|52|53|45|58|48|42|44|291|41|41|47|35|31|34|44|36|36|28|32|28|41|16|38|22|27|38|
