2013-09-05|6|1_CTs|CT1||0|2|1|2|1|0|1|2|0|0|0|0|0|1|0|0|0|1|1|1|2|2|0|6|8|6|1|1|2|1|3|8|6|5|3|5|6|9|6|7|7|7|10|7|3|10|2|1|4|6|4|6|5|4|4|4|8|3|3|6|4|1|3|3|6|4|4|6|6|5|4|3|3|3|3|1|2|4|3|2|5|2|5|3|1|0|3|2|2|2|3|13|15|4|0|2|
2013-09-05|6|1_CTs|CT3||12|7|9|13|4|5|5|3|4|5|4|4|4|5|0|1|12|18|9|23|32|17|33|34|21|25|34|40|46|51|76|63|70|67|96|77|66|77|73|54|51|64|63|44|65|48|41|62|44|61|48|44|38|57|54|36|51|43|54|58|53|42|50|53|45|51|49|45|45|51|44|63|34|46|46|39|53|42|43|34|36|36|39|34|34|24|18|15|20|24|19|19|20|12|19|18|
2013-09-05|6|1_CTs|CT4||11|7|7|2|5|6|4|5|2|0|3|3|2|0|0|1|0|0|4|3|3|2|0|3|2|2|0|5|4|5|5|13|13|12|16|20|6|23|21|19|22|24|29|23|23|21|25|23|22|32|19|29|18|19|13|28|24|27|27|32|24|27|31|23|19|28|21|27|17|30|32|34|35|37|34|30|29|23|7|28|28|26|32|14|19|14|9|13|10|16|14|8|10|4|6|8|
2013-09-05|6|1_CTs|CT5||19|16|16|11|17|6|9|7|8|5|3|6|6|6|2|5|3|5|5|10|11|8|10|10|8|9|15|19|26|22|30|43|38|70|63|62|73|67|73|64|73|68|89|73|69|69|66|73|54|65|83|64|66|88|55|50|45|66|73|72|70|79|66|74|65|81|76|65|60|53|66|79|75|87|87|71|49|50|58|36|53|48|46|51|36|48|48|34|31|32|41|36|36|30|23|23|
2013-09-05|6|1_CTs|CT6||31|27|17|18|15|4|3|8|3|3|4|4|3|4|4|2|5|6|10|9|8|9|13|11|18|15|10|17|37|34|46|81|94|85|119|133|142|118|113|113|112|104|91|94|104|93|109|109|90|97|78|71|91|69|79|80|79|105|117|119|84|93|95|74|107|103|101|91|90|91|117|109|125|95|106|99|93|86|94|75|81|68|89|66|73|57|53|57|58|60|42|44|37|50|28|28|
2013-09-05|6|1_CTs|CT7||5|8|2|7|5|6|1|1|3|0|2|0|0|1|0|3|2|0|0|0|4|3|1|5|3|4|2|6|4|13|17|18|27|21|27|35|28|37|26|36|21|29|24|26|25|18|20|31|20|25|19|28|21|27|19|17|15|25|22|14|18|35|17|15|20|23|37|17|25|24|32|37|26|21|33|31|17|17|22|28|18|20|18|23|15|11|8|8|8|10|7|8|5|7|7|16|
2013-09-05|6|1_CTs|CT8||37|37|36|34|26|14|28|14|15|18|8|14|16|17|8|9|4|7|10|9|8|8|19|33|27|31|38|51|73|101|138|165|199|214|219|214|202|166|199|176|138|154|144|139|116|123|133|113|138|131|149|140|148|117|121|116|145|142|175|152|140|149|133|166|119|145|142|154|153|171|176|166|188|196|212|173|182|180|155|150|140|151|143|113|102|82|95|68|71|72|62|45|80|48|45|46|
2013-09-05|6|1_CTs|CT9||39|55|43|31|18|25|17|14|13|12|9|11|10|9|6|7|7|8|5|8|17|16|19|38|37|32|41|73|77|80|130|160|179|205|254|281|248|254|226|217|211|194|184|184|188|201|182|175|195|173|191|189|177|174|172|178|182|185|169|199|195|179|176|177|212|195|202|207|233|224|238|244|207|233|238|227|194|202|167|178|144|152|126|127|100|95|92|114|92|72|89|77|58|62|61|64|
2013-09-05|6|1_CTs|CT10||27|29|19|17|18|19|7|8|3|4|5|4|13|5|7|3|8|6|6|8|10|16|16|20|25|19|21|42|51|47|64|106|106|111|165|147|169|171|191|170|135|141|137|143|120|142|130|126|123|136|149|112|137|120|120|129|113|136|117|151|143|135|140|124|152|156|160|162|163|201|196|218|191|180|177|161|165|148|156|142|114|126|96|81|79|79|77|63|60|61|62|52|45|39|42|29|
2013-09-05|6|1_CTs|CT11||39|28|25|18|14|13|12|10|9|8|11|6|8|11|8|6|8|8|8|8|17|12|16|27|31|36|41|76|77|96|176|235|202|267|278|305|310|323|257|233|240|201|201|196|187|185|163|160|172|160|177|172|194|175|170|169|175|188|184|188|192|158|151|175|184|172|192|187|175|164|181|187|175|185|177|178|158|145|140|132|139|131|116|103|78|94|86|57|61|55|44|25|45|45|35|31|
2013-09-05|6|1_CTs|CT12||39|37|20|23|18|18|18|12|8|4|10|1|10|5|10|6|6|6|11|8|14|19|15|21|24|24|28|38|62|54|99|127|116|159|174|198|216|216|204|176|171|145|159|157|163|157|146|127|172|157|164|135|169|145|151|155|145|160|146|162|182|164|155|152|166|179|184|180|209|205|240|229|234|220|246|214|218|185|180|163|141|151|120|97|102|80|75|73|72|70|62|51|58|45|48|39|
2013-09-05|6|1_CTs|CT15||17|14|15|15|8|13|6|6|5|3|0|8|1|3|3|7|5|5|7|6|17|15|17|21|17|25|20|26|42|47|68|100|109|102|124|134|121|99|99|112|77|84|86|63|72|64|62|65|68|83|61|66|78|78|56|67|71|80|59|83|63|60|65|49|55|70|80|76|84|66|94|110|68|94|112|74|67|74|65|73|46|55|52|52|46|30|35|36|30|18|18|22|18|15|9|18|
2013-09-05|6|1_CTs|CT16||42|34|23|20|26|26|9|9|6|3|10|7|12|9|6|5|6|8|9|7|14|12|15|22|22|24|24|54|46|65|120|173|167|173|221|228|230|239|248|231|197|184|180|199|168|171|162|175|179|152|169|157|169|159|157|140|153|172|173|188|172|179|143|183|156|181|203|192|174|173|172|207|197|180|167|182|166|146|169|148|156|142|127|108|96|102|98|80|75|67|61|52|55|45|45|44|
2013-09-05|6|1_CTs|CT17||23|20|15|9|13|9|7|6|5|4|4|2|5|1|3|3|0|5|2|1|0|2|1|5|7|7|6|11|13|15|35|40|34|46|62|75|68|47|57|64|58|70|49|48|75|73|71|62|61|63|82|60|67|44|59|57|63|59|77|66|63|73|71|63|75|65|65|68|86|97|75|75|77|100|89|86|85|88|79|73|52|69|55|45|44|33|28|46|33|32|40|28|22|25|25|25|
2013-09-05|6|1_CTs|CT18||65|67|44|49|40|33|26|22|18|18|16|11|17|17|7|12|6|9|14|19|26|18|25|17|30|40|53|55|72|89|130|196|190|220|245|246|263|259|294|263|244|236|230|222|221|214|191|237|216|193|215|205|221|220|193|180|188|206|221|233|231|232|209|220|217|235|207|250|228|228|231|284|244|261|263|252|242|223|231|190|207|169|163|168|127|147|151|134|119|102|103|94|97|90|75|77|
2013-09-05|6|1_CTs|CT19||42|41|28|27|19|15|17|14|12|11|8|8|6|5|10|5|5|5|7|7|6|2|7|10|10|10|13|13|18|27|46|48|73|83|102|123|152|111|128|118|121|121|106|140|129|143|128|139|127|136|119|144|131|104|108|122|101|109|121|130|135|112|135|127|128|139|149|133|169|172|190|159|156|174|170|197|169|160|162|154|123|129|116|91|85|83|80|74|74|57|57|41|56|46|52|34|
2013-09-05|6|1_CTs|CT20||24|39|11|12|16|10|5|10|10|4|2|1|2|2|3|2|3|4|6|5|10|11|14|10|22|13|21|30|25|28|63|63|81|85|122|124|107|136|104|40|102|112|106|136|126|40|5|104|110|120|103|102|96|86|99|99|8|90|119|6|120|132|125|89|90|97|89|60|43|108|91|116|35|5|81|54|95|97|21|71|38|88|31|61|74|74|64|10|1|45|30|43|49|37|39|32|
2013-09-05|6|1_CTs|CT21||78|58|71|56|34|24|22|17|17|20|17|12|14|12|7|11|11|18|20|44|41|35|50|47|45|68|66|101|120|166|229|238|276|275|362|317|287|310|305|257|260|264|210|236|218|187|181|210|219|216|226|185|190|164|201|197|217|215|243|252|238|219|264|223|225|237|213|212|185|206|212|245|206|239|243|248|241|211|227|189|184|179|188|156|151|139|117|104|94|102|95|90|83|75|69|75|
2013-09-05|6|1_CTs|CT22||119|88|65|53|65|48|30|32|35|27|31|29|21|19|24|26|29|22|38|57|60|44|50|75|48|64|79|72|95|132|167|168|201|203|260|235|259|244|252|265|236|228|256|220|249|217|260|254|237|269|274|228|261|257|194|218|207|236|251|232|256|274|282|267|277|312|300|299|338|364|339|363|345|361|361|311|336|332|280|274|259|240|211|200|140|148|145|125|138|146|106|106|113|112|111|106|
2013-09-05|6|1_CTs|CT23||57|49|55|49|41|25|35|23|20|21|17|17|18|20|12|12|11|15|12|15|19|19|39|49|41|49|63|82|102|120|216|246|271|325|329|374|310|284|298|274|249|246|220|204|204|214|178|206|218|222|211|211|226|182|208|191|216|195|248|228|236|238|209|265|212|205|250|264|248|267|284|284|282|293|310|277|266|276|273|227|228|222|205|194|153|131|127|115|109|94|103|83|96|78|70|78|
2013-09-05|6|1_CTs|CT24||80|67|45|47|59|25|30|25|26|15|26|20|12|16|14|21|21|15|24|18|35|19|26|39|39|49|53|69|90|120|152|181|216|219|268|296|286|327|282|289|250|222|249|264|259|249|242|254|237|249|276|213|224|222|214|208|225|251|269|256|285|265|242|260|254|309|280|291|314|341|342|365|404|385|422|350|346|360|293|255|267|262|187|179|157|149|133|143|145|128|125|115|119|97|102|101|
