2014-05-04|3|1_CTs|ct1||89|72|68|70|63|49|34|37|20|19|26|21|14|17|11|17|13|11|12|8|14|14|10|14|10|16|24|22|16|28|27|23|31|33|40|34|40|51|56|68|74|77|62|79|92|101|100|88|99|118|157|132|154|151|137|107|101|82|99|92|114|100|127|116|121|120|127|96|128|89|110|120|125|112|112|102|103|100|122|103|126|105|103|96|95|92|77|63|59|61|43|59|55|72|51|52|
2014-05-04|3|1_CTs|ct3||165|155|147|110|115|124|79|95|64|44|52|60|33|37|62|35|40|25|38|45|42|31|29|40|36|49|46|35|38|47|50|45|44|64|86|76|84|86|93|108|119|120|121|95|115|138|148|146|141|152|180|172|169|203|153|158|160|146|145|163|170|160|178|168|152|170|171|146|157|139|161|149|152|142|142|146|145|130|140|139|149|181|157|131|147|136|120|98|86|87|78|88|87|89|87|68|
2014-05-04|3|1_CTs|ct5||145|142|137|155|124|100|115|91|106|81|86|82|57|87|69|70|56|51|50|43|39|38|35|27|27|25|31|32|21|33|40|45|69|63|81|86|96|94|129|106|119|124|103|116|129|162|145|178|150|186|177|204|181|180|149|140|135|114|140|141|149|180|165|204|220|180|178|187|153|177|171|141|156|166|145|170|170|140|146|156|157|152|151|135|135|105|103|107|107|97|107|106|94|131|120|104|
2014-05-04|3|1_CTs|ct6||15|14|12|15|11|12|4|3|7|9|1|4|6|2|7|3|8|9|0|5|4|1|4|5|5|4|4|5|4|9|6|8|5|6|2|7|10|6|6|13|9|8|11|28|14|13|20|14|21|21|21|25|20|19|12|9|17|11|18|14|27|22|34|26|24|26|20|24|25|20|21|23|30|22|26|29|35|30|26|29|20|36|23|19|22|26|19|12|18|13|14|13|28|14|10|11|
2014-05-04|3|1_CTs|ct7||178|133|148|165|122|143|140|141|135|100|124|115|118|124|121|94|81|93|95|77|62|74|60|70|59|61|60|53|41|53|42|53|44|53|47|51|63|64|76|72|64|73|79|84|94|92|105|126|136|124|113|130|124|119|134|135|108|93|117|128|147|134|119|153|177|141|147|139|155|149|125|120|120|128|128|135|150|145|126|107|140|134|136|109|116|100|100|102|100|113|105|102|141|101|97|97|
2014-05-04|3|1_CTs|ct8||115|79|82|94|83|76|80|89|73|50|54|61|69|61|53|49|33|47|49|26|35|32|24|36|32|30|27|23|20|32|16|21|22|26|25|35|39|35|39|41|42|40|44|44|50|51|62|52|79|67|59|60|56|56|65|53|54|48|73|69|77|77|68|90|80|75|84|71|81|82|73|72|60|64|67|68|85|78|70|55|65|70|78|56|69|58|54|58|63|62|57|63|64|55|49|57|
2014-05-04|3|1_CTs|ct9||420|432|443|850|1490|1609|194|285|697|431|300|327|181|201|204|85|90|107|70|116|63|104|103|73|121|89|38|42|20|32|29|50|40|42|79|57|54|84|69|71|79|86|99|91|108|117|98|119|106|126|123|140|126|116|111|83|98|89|92|102|103|104|124|106|128|118|135|105|129|106|128|111|148|117|120|122|90|118|127|111|117|130|161|135|263|196|226|167|156|182|128|142|155|106|326|143|
2014-05-04|3|1_CTs|ct10||101|91|81|86|78|72|64|74|115|114|101|81|100|95|84|76|71|71|63|58|54|45|42|48|38|31|38|34|33|29|34|23|28|26|24|23|27|32|35|46|44|42|45|56|66|75|67|64|91|83|77|109|76|98|90|56|66|60|55|90|96|85|85|105|114|86|119|83|115|111|119|110|87|101|104|95|112|101|96|105|118|130|108|103|98|82|84|63|82|82|76|77|75|68|80|77|
2014-05-04|3|1_CTs|ct13||272|763|944|1462|378|531|563|2569|1144|1003|1674|1890|2451|3154|2789|1258|1467|2320|2294|2023|2111|1867|1417|3155|2936|3449|108|2740|3271|581|1149|119|109|124|156|138|146|769|448|298|212|194|143|428|300|1453|896|340|315|233|352|249|313|235|318|138|178|147|298|214|225|204|238|247|247|257|258|217|241|199|222|249|205|228|238|238|261|317|252|329|317|306|379|604|188|865|269|362|2111|2093|3342|2518|3232|2380|2562|1610|
2014-05-04|3|1_CTs|ct14||71|70|75|53|47|41|47|34|29|22|34|17|22|13|13|13|12|7|14|12|12|10|16|10|17|14|21|23|26|45|80|68|43|35|46|57|47|58|55|87|78|72|82|94|62|91|94|97|95|117|134|180|156|142|99|119|102|128|122|118|142|154|175|135|166|159|135|187|171|198|180|198|185|166|190|129|158|196|163|166|150|153|154|120|118|120|139|123|125|112|124|109|97|78|92|73|
2014-05-04|3|1_CTs|CT16||148|124|165|149|129|88|93|102|123|114|95|81|86|85|72|57|66|103|62|77|52|82|58|63|35|79|66|60|200|36|109|19|30|39|32|51|32|63|58|163|68|72|124|83|92|86|85|113|112|110|122|103|131|154|95|106|89|80|96|96|113|118|113|119|161|91|137|174|143|138|174|165|190|147|183|147|139|176|156|184|115|127|136|146|106|120|85|93|83|68|68|90|99|91|78|51|
2014-05-04|3|1_CTs|ct18||132|131|101|106|130|112|90|94|142|124|122|99|121|112|100|93|91|88|79|76|75|63|53|57|51|38|57|43|44|42|33|34|34|34|35|43|39|48|57|67|59|67|74|89|95|100|91|95|120|118|117|127|123|135|105|100|99|89|108|110|136|134|121|154|168|129|155|136|151|154|159|167|122|132|150|127|164|137|133|144|154|154|153|153|122|123|107|91|101|94|91|117|101|94|93|104|
2014-05-04|3|1_CTs|ct19||1|0|1|0|0|0|0|2|0|0|1|0|0|1|1|1|0|0|0|0|1|3|0|1|0|0|0|0|3|0|2|3|0|2|2|2|0|2|3|2|2|1|2|1|1|3|3|4|2|3|2|3|0|6|3|3|3|3|1|1|2|2|3|2|4|2|4|4|0|7|2|5|4|2|3|1|1|5|5|0|1|3|2|0|5|2|0|3|0|1|2|0|1|0|0|0|
2014-05-04|3|1_CTs|ct20||0|0|0|0|0|0|0|0|0|0|0|0|0|0|0|0|0|0|0|0|0|0|0|0|0|0|0|0|0|0|0|0|0|0|0|0|0|0|0|0|0|0|0|0|0|0|0|0|0|0|0|0|0|0|0|0|0|0|0|0|0|0|0|0|0|0|0|0|0|0|0|0|0|0|0|0|0|0|0|0|0|0|0|0|0|0|0|0|0|0|0|0|0|0|9|0|
2014-05-04|3|1_CTs|ct22||9|5|12|3|7|2|0|3|1|0|3|2|4|4|1|1|1|2|2|2|4|4|0|1|1|1|0|0|0|0|1|3|2|1|5|1|4|4|5|8|6|4|1|3|3|7|8|10|13|6|6|8|3|7|9|3|6|4|7|8|4|5|7|12|8|5|5|3|9|7|7|4|9|29|7|7|7|2|3|5|11|4|4|3|10|8|5|4|3|2|6|6|3|6|4|5|
2014-05-04|3|1_CTs|CT23||89|102|73|81|91|67|58|30|45|40|44|28|34|34|19|15|23|26|27|27|21|34|12|24|16|11|23|17|36|33|35|42|43|55|53|55|69|73|93|101|114|110|95|122|152|155|163|163|196|194|214|246|212|176|220|185|145|138|142|147|150|137|151|175|155|180|163|148|149|160|135|166|174|160|148|142|167|129|180|126|177|172|149|144|114|105|121|116|129|108|106|90|108|89|92|90|
2014-05-04|3|1_CTs|ct24||321|293|299|246|209|199|184|169|118|103|119|99|85|84|57|52|56|59|67|53|52|57|74|62|84|76|111|135|124|173|218|216|160|175|202|220|218|269|283|350|319|331|415|438|385|422|518|494|556|572|607|670|669|589|572|558|492|524|489|545|601|566|697|620|669|698|697|727|713|747|740|749|723|712|672|614|748|758|673|640|627|692|585|544|512|470|463|440|436|453|426|394|342|338|302|253|
