2012-04-20|7|1_CTs|CT1||37|21|26|26|12|20|9|12|4|6|8|4|6|4|8|5|5|1|8|5|11|7|6|12|12|16|20|26|35|74|88|144|167|204|214|234|212|206|218|201|179|154|152|152|142|141|146|138|136|140|136|148|132|141|115|119|150|144|157|173|145|148|149|148|165|124|167|177|172|170|168|184|181|176|164|186|174|152|116|136|102|117|90|94|82|93|83|76|57|50|51|63|45|58|44|45|
2012-04-20|7|1_CTs|CT2||108|86|100|90|46|44|42|44|38|42|20|14|12|22|16|18|24|22|32|24|26|34|40|36|36|41|82|73|96|150|190|315|364|458|500|506|474|350|447|336|363|360|343|263|244|350|317|270|269|285|280|273|311|315|332|242|334|393|392|229|175|162|150|199|190|170|183|190|213|180|227|258|167|161|150|101|133|213|151|160|182|153|144|140|116|94|95|66|64|68|72|67|62|61|62|61|
2012-04-20|7|1_CTs|CT4||25|31|24|22|21|7|16|27|24|19|24|31|12|11|6|5|12|14|6|8|17|10|2|8|14|4|5|2|0|2|3|8|15|11|17|11|13|12|14|15|16|14|22|18|24|12|15|12|36|14|28|25|19|16|31|19|32|18|18|17|36|22|38|33|46|37|64|46|73|76|67|93|69|69|72|50|32|37|50|41|41|32|30|21|21|41|22|27|22|22|21|18|24|28|20|34|
2012-04-20|7|1_CTs|CT6||54|34|30|38|31|29|18|14|25|13|10|20|22|18|10|8|15|10|9|10|7|11|8|12|10|10|19|15|24|33|52|92|162|210|163|169|185|141|159|125|130|140|145|148|131|134|133|139|148|124|154|145|139|134|125|143|157|140|146|153|172|153|183|186|187|226|223|217|253|226|239|252|211|224|242|196|194|191|194|173|150|138|106|108|102|86|78|68|75|76|74|71|61|68|54|52|
2012-04-20|7|1_CTs|CT7||53|34|28|35|25|12|10|11|20|6|15|10|11|10|12|3|8|5|8|10|12|10|12|12|12|18|27|25|40|47|65|78|106|107|121|137|127|129|118|133|120|129|96|100|123|105|133|114|114|123|94|117|117|110|101|112|116|121|102|119|119|135|117|139|147|100|146|146|164|163|190|162|167|162|150|165|152|171|150|129|122|113|102|90|81|69|74|61|60|57|58|65|51|41|50|58|
2012-04-20|7|1_CTs|CT8||129|97|81|77|73|43|41|31|34|22|25|21|27|35|21|20|28|27|42|59|80|61|63|84|74|116|119|163|198|217|337|394|434|449|416|414|439|433|372|360|348|358|327|367|292|355|361|299|335|320|314|375|272|310|308|314|314|354|353|337|334|378|389|343|341|338|354|350|378|365|356|423|359|364|395|367|323|320|309|287|283|292|231|257|217|248|185|186|199|186|175|179|146|152|135|154|
2012-04-20|7|1_CTs|CT9||87|65|42|47|45|31|31|23|30|16|17|14|13|14|18|9|18|18|20|23|40|28|35|48|47|64|60|87|108|138|201|245|249|267|260|284|269|256|239|254|229|220|229|248|209|228|221|198|218|195|207|220|182|212|192|220|187|206|242|228|246|225|226|257|238|223|217|243|244|248|224|269|259|222|252|241|216|219|201|193|192|180|192|170|170|164|159|122|140|111|132|117|114|101|95|110|
2012-04-20|7|1_CTs|CT10||126|105|115|95|87|78|60|59|74|48|44|37|37|52|37|62|53|43|49|31|42|43|36|44|44|51|65|67|73|89|131|156|207|239|262|275|236|210|249|227|185|262|230|230|246|261|256|291|264|274|258|217|284|246|219|290|245|273|274|284|265|199|312|247|308|324|340|341|316|336|281|339|299|332|318|303|331|307|267|294|272|250|254|201|223|173|166|162|173|165|140|140|122|141|143|143|
2012-04-20|7|1_CTs|CT11||111|115|103|100|82|62|46|56|60|45|35|33|31|42|43|46|52|47|36|38|33|42|45|51|40|56|74|70|85|110|135|183|213|234|265|226|298|209|241|250|201|241|226|249|234|328|287|363|295|243|277|298|386|254|251|297|308|341|272|398|396|249|822|708|386|288|303|352|444|413|339|233|185|219|227|274|351|304|255|229|256|218|246|200|204|162|145|145|163|159|145|146|135|136|123|134|
2012-04-20|7|1_CTs|CT12||70|53|52|44|49|23|30|19|20|14|19|16|24|14|13|8|18|10|13|15|9|13|4|19|16|22|23|29|38|42|87|126|216|210|212|197|237|184|221|201|168|203|170|207|197|199|192|167|235|188|225|232|206|199|195|218|206|212|205|207|214|222|231|245|238|275|308|295|307|315|330|297|322|292|342|287|298|301|252|234|242|222|210|173|169|155|123|127|100|103|97|104|97|86|76|94|
2012-04-20|7|1_CTs|CT13||11|9|12|6|8|5|2|6|2|2|6|2|1|3|2|2|3|2|5|5|4|5|2|4|7|6|8|9|16|19|21|36|60|57|57|65|71|60|43|75|59|49|46|41|64|41|40|50|48|50|38|58|64|46|41|49|41|59|49|58|44|62|55|78|49|52|56|72|82|79|79|73|79|82|67|91|76|78|75|65|53|66|54|36|38|25|29|26|16|25|21|27|19|22|25|29|
2012-04-20|7|1_CTs|CT14||155|127|115|112|88|62|40|51|66|48|44|26|33|43|35|30|51|36|42|45|51|47|54|52|60|54|97|100|126|169|195|289|314|382|410|418|444|373|326|362|317|342|309|315|325|395|366|370|359|379|362|341|379|349|319|326|344|377|370|400|399|377|411|387|436|443|467|498|551|499|551|575|571|602|575|501|516|566|446|413|418|399|326|311|263|256|199|197|222|209|194|183|186|178|155|169|
2012-04-20|7|1_CTs|CT15||20|16|13|15|6|6|10|10|4|7|2|5|8|4|7|6|3|3|5|7|5|4|6|7|10|8|8|17|15|26|29|71|102|127|107|116|89|73|69|53|55|54|43|52|50|35|48|42|50|43|49|52|49|56|58|47|55|47|46|66|48|39|86|55|87|117|117|115|122|95|112|104|84|89|75|80|106|75|79|60|64|52|56|40|37|36|38|32|28|33|50|29|33|30|20|19|
