2012-03-07|6|1_CTs|CT1||0|1|0|1|0|1|3|7|1|2|0|1|0|0|1|0|1|0|1|2|2|2|2|5|8|1|8|4|3|6|8|4|44|24|16|11|10|9|6|6|2|7|9|3|12|3|2|5|7|5|5|2|6|8|2|5|8|7|5|3|3|6|7|6|4|5|4|5|5|8|8|8|5|8|3|2|6|6|3|1|2|0|3|2|2|3|3|1|1|1|8|15|6|1|1|2|
2012-03-07|6|1_CTs|CT3||24|12|9|6|3|3|4|5|3|4|0|1|2|3|5|4|8|10|12|14|21|22|20|38|20|49|35|45|50|52|59|83|75|112|99|111|99|82|84|68|52|52|47|48|66|44|50|50|33|60|47|46|60|52|47|39|57|53|58|50|47|49|33|44|54|78|54|66|52|67|62|59|47|62|53|52|53|47|44|36|32|31|18|33|38|20|26|22|29|24|11|8|17|10|28|19|
2012-03-07|6|1_CTs|CT4||10|5|5|5|6|4|6|2|2|0|2|1|2|3|1|3|1|1|2|2|1|0|3|2|2|1|4|3|7|4|14|29|65|45|9|17|29|30|32|33|29|33|24|35|30|29|32|39|35|34|33|33|42|45|34|35|33|44|29|35|38|31|28|42|36|32|38|50|39|44|59|52|53|60|66|60|50|37|43|43|45|40|25|19|21|30|21|23|15|17|21|6|18|13|7|7|
2012-03-07|6|1_CTs|CT5||23|16|12|9|6|5|3|10|4|6|8|3|3|3|2|5|5|1|2|10|8|5|7|11|11|10|14|27|22|36|36|54|72|72|72|70|84|67|61|79|76|96|80|79|76|73|71|73|71|69|72|59|60|61|62|95|74|62|82|86|79|70|75|61|54|68|74|84|92|87|84|86|69|73|60|89|65|60|58|76|55|52|50|44|31|53|37|30|27|33|38|34|24|29|23|24|
2012-03-07|6|1_CTs|CT6||23|26|27|18|5|7|11|6|3|2|5|7|8|1|1|3|7|3|3|5|6|6|10|14|17|14|22|24|40|37|77|119|151|193|177|204|169|144|130|121|107|94|94|99|110|101|97|97|93|104|98|87|89|119|101|121|115|133|138|111|131|113|113|122|100|116|106|134|153|139|131|127|166|131|129|113|118|123|110|98|101|124|93|71|85|66|63|42|70|59|66|41|40|44|46|42|
2012-03-07|6|1_CTs|CT7||5|6|6|5|2|1|4|4|1|2|3|1|1|1|2|3|2|1|3|1|1|0|1|6|1|5|6|10|10|11|9|30|36|35|47|39|41|37|37|27|27|27|22|30|20|21|22|24|18|26|35|24|18|26|21|14|22|35|24|25|26|29|26|14|17|17|28|20|17|28|34|33|23|34|40|33|27|19|15|18|14|18|10|11|9|14|12|7|5|6|4|8|6|3|5|5|
2012-03-07|6|1_CTs|CT8||39|24|20|16|21|16|13|14|11|14|9|12|20|11|3|5|2|2|10|5|8|8|15|24|28|30|44|51|80|118|155|214|227|246|229|222|243|223|231|203|165|151|147|150|133|150|124|127|122|137|149|143|184|137|151|153|170|173|139|179|153|188|136|128|165|133|144|146|155|168|176|198|198|199|208|196|173|160|160|171|162|117|127|113|111|86|74|71|81|70|59|75|73|51|59|43|
2012-03-07|6|1_CTs|CT9||49|39|43|26|16|18|16|12|9|13|8|10|10|3|8|5|5|8|6|10|13|19|18|39|49|41|56|80|77|131|186|307|300|340|356|330|400|387|374|262|222|202|212|198|181|193|181|187|220|208|196|210|200|193|218|218|258|241|230|212|228|255|260|218|271|304|296|273|281|316|329|344|297|313|308|270|270|259|231|188|192|185|140|131|109|126|104|108|78|107|104|80|86|63|59|67|
2012-03-07|6|1_CTs|CT10||38|26|16|18|18|10|11|4|9|9|4|8|3|5|4|5|2|5|5|5|8|11|13|25|23|33|38|48|53|75|122|141|178|178|186|222|195|180|200|172|174|165|155|147|171|168|140|149|210|162|166|151|154|147|144|133|151|150|146|150|175|229|254|311|301|308|179|168|257|267|244|209|208|229|238|241|218|219|188|167|183|156|136|123|98|87|89|59|56|68|78|61|43|47|37|31|
2012-03-07|6|1_CTs|CT11||26|20|12|16|8|8|8|10|4|5|8|19|6|5|3|6|6|8|5|13|12|22|17|39|35|45|66|93|101|146|229|337|385|362|350|320|338|312|317|275|225|229|163|172|177|173|168|177|166|205|217|233|204|191|182|210|245|228|220|202|186|170|186|185|177|202|212|233|243|251|218|250|233|246|194|227|176|167|161|141|160|143|114|128|89|110|86|73|53|88|43|17|56|43|51|48|
2012-03-07|6|1_CTs|CT12||23|29|21|22|19|14|8|8|7|11|10|11|5|4|5|8|3|5|4|5|6|15|14|26|21|35|48|58|63|83|129|193|272|285|281|300|282|250|240|202|169|174|138|166|158|158|143|156|140|172|176|188|181|185|160|188|194|193|209|191|164|215|268|311|291|311|317|320|322|300|318|298|255|314|351|287|255|262|194|201|200|188|154|136|104|97|90|85|59|71|60|52|52|53|33|36|
2012-03-07|6|1_CTs|CT13||32|43|27|28|12|19|13|7|7|9|5|12|7|4|7|6|5|4|3|10|10|18|22|44|39|49|53|75|78|109|163|212|265|271|291|320|301|323|290|178|187|168|174|183|144|163|173|162|164|162|189|179|154|161|180|166|192|210|215|230|225|226|210|199|236|228|239|213|228|258|292|263|243|256|264|261|193|229|184|162|161|140|116|111|91|98|78|72|64|76|68|52|52|50|47|43|
2012-03-07|6|1_CTs|CT14||29|18|16|12|9|8|10|8|5|8|7|3|6|5|3|3|3|6|4|4|2|13|10|17|18|21|18|21|37|34|54|65|92|83|99|96|99|109|103|82|91|74|107|95|86|98|87|100|114|109|117|108|115|110|98|109|113|113|117|126|133|163|209|282|282|266|249|240|202|194|166|180|176|170|182|164|143|173|138|113|133|101|86|75|75|69|65|53|43|64|50|35|34|30|25|43|
2012-03-07|6|1_CTs|CT15||15|21|10|9|3|9|2|4|5|2|2|2|8|6|2|3|4|3|2|4|7|8|8|19|18|30|24|38|48|60|93|138|209|172|178|190|190|178|150|106|72|76|65|89|70|73|72|79|77|84|99|89|86|83|67|78|84|96|77|75|92|85|70|63|57|78|101|85|76|112|113|121|93|115|93|101|82|99|57|63|62|59|41|44|46|49|35|35|33|23|16|19|22|19|25|19|
2012-03-07|6|1_CTs|CT16||38|33|15|21|16|11|12|9|4|11|12|11|7|6|2|3|4|7|6|11|10|10|15|28|21|40|40|59|80|110|154|225|290|283|276|290|273|239|265|242|205|228|183|182|181|200|171|183|164|188|214|187|172|179|175|188|184|192|190|173|184|180|160|153|159|155|188|191|231|230|221|228|207|236|240|197|191|174|167|164|157|160|124|115|100|112|105|62|61|83|59|71|59|47|61|45|
2012-03-07|6|1_CTs|CT17||9|6|9|8|6|1|2|9|3|2|0|3|2|0|3|1|1|0|1|1|1|0|1|4|5|9|8|5|14|29|28|60|63|55|78|47|39|54|48|46|29|37|53|39|32|52|43|33|37|36|38|39|46|49|36|29|23|42|42|43|44|34|45|48|47|38|27|41|54|62|55|51|39|67|48|51|48|50|36|43|43|37|26|28|21|28|11|20|18|16|11|10|13|11|8|20|
2012-03-07|6|1_CTs|CT18||58|57|37|45|24|20|13|23|15|14|17|13|16|13|6|15|11|8|12|24|14|16|25|32|28|45|48|77|85|125|177|237|311|318|285|337|306|313|297|293|252|287|249|247|248|225|253|204|219|224|241|219|224|214|205|265|263|262|274|254|251|264|245|228|245|245|272|288|297|291|292|293|274|334|317|308|287|220|243|245|188|204|170|135|146|154|132|118|92|113|113|101|98|87|86|76|
2012-03-07|6|1_CTs|CT19||31|25|23|19|19|11|13|15|8|9|5|5|10|4|5|4|6|2|2|7|5|2|8|4|8|13|17|19|24|42|66|99|162|176|163|184|179|153|142|130|143|123|132|135|104|144|117|131|132|135|125|132|144|124|131|139|142|131|145|142|128|147|159|166|161|157|171|181|196|177|202|223|173|220|210|211|195|198|165|153|155|141|113|111|93|77|67|62|68|60|40|53|62|54|34|47|
2012-03-07|6|1_CTs|CT20||27|24|12|10|3|6|8|2|5|2|4|5|3|4|4|2|3|4|3|6|5|11|12|18|16|22|23|32|37|53|69|98|131|158|159|132|148|114|140|123|97|122|90|93|81|56|132|117|112|113|10|22|75|113|78|121|6|130|115|110|144|111|129|28|56|97|71|57|144|143|145|88|47|94|150|110|26|97|114|81|60|90|77|59|13|69|55|54|44|38|56|45|57|39|30|42|
2012-03-07|6|1_CTs|CT21||56|55|31|35|20|21|13|13|11|8|11|9|8|12|14|11|8|17|20|26|25|26|36|42|40|53|77|97|138|210|249|323|343|387|387|362|344|326|297|297|277|266|223|249|231|209|213|229|201|196|219|232|212|231|194|218|232|241|254|235|230|212|211|180|203|228|216|233|223|262|253|236|262|268|281|227|229|243|225|207|187|166|145|145|139|132|103|100|110|114|98|67|86|97|79|65|
2012-03-07|6|1_CTs|CT22||96|64|54|50|48|37|25|26|21|27|22|16|14|23|19|19|20|23|34|25|32|41|42|50|56|89|99|79|116|126|154|184|199|268|285|308|264|278|291|278|237|226|253|237|243|236|243|256|247|252|283|234|239|270|228|231|276|268|313|265|255|300|296|299|309|334|328|396|405|378|351|386|346|371|381|348|312|356|309|292|256|259|199|204|160|168|150|146|122|165|151|130|102|108|105|80|
2012-03-07|6|1_CTs|CT23||36|33|29|29|19|14|14|19|9|16|8|5|9|8|5|9|6|5|9|15|10|17|19|26|22|24|41|50|66|102|132|210|234|266|243|275|208|219|247|192|150|148|159|151|118|113|125|145|148|137|137|145|143|152|143|139|165|171|129|183|150|163|145|135|158|151|181|184|182|201|193|231|202|231|236|200|200|186|157|176|149|134|108|102|99|72|96|77|83|56|60|77|66|50|59|50|
2012-03-07|6|1_CTs|CT24||63|59|54|41|30|23|23|22|18|21|10|7|10|11|13|16|9|8|12|17|19|23|18|31|36|51|75|87|105|127|177|227|257|304|319|337|326|305|320|285|234|234|263|241|236|240|281|269|250|283|259|231|243|244|227|230|254|330|213|282|255|256|339|345|334|381|362|373|378|398|390|382|371|388|386|351|399|357|350|320|299|250|222|179|173|149|135|117|109|143|128|112|111|99|99|87|
