2013-01-22|7|1_CTs|CT1||23|19|12|11|7|6|7|3|6|6|2|1|6|6|4|3|5|0|3|0|5|2|7|9|8|15|24|24|33|53|124|166|216|209|177|181|192|206|198|199|215|223|208|188|120|124|116|100|115|108|117|128|110|123|109|113|126|124|130|134|133|154|136|136|129|145|145|157|156|169|157|182|159|171|164|183|129|120|112|122|103|123|86|91|78|84|60|44|41|45|37|31|33|27|29|27|
2013-01-22|7|1_CTs|CT2||32|48|22|30|26|20|18|6|16|2|6|14|6|6|6|6|6|0|6|8|4|10|8|14|17|14|42|40|48|68|162|234|338|386|414|380|274|332|303|241|270|305|155|223|206|221|273|218|229|225|190|211|223|179|226|151|171|250|225|202|298|227|223|215|216|164|301|283|252|287|281|174|296|295|297|259|228|258|205|191|199|184|156|146|160|98|140|99|90|114|59|34|54|52|58|62|
2013-01-22|7|1_CTs|CT4||8|18|22|13|21|12|9|15|16|25|18|4|6|22|10|11|6|8|15|14|3|5|2|4|1|1|1|2|0|4|2|10|14|24|10|18|14|15|6|9|12|21|18|17|5|8|7|20|19|11|14|20|11|28|10|23|24|12|19|25|13|22|40|30|53|61|49|36|63|76|61|109|74|66|76|63|60|58|64|60|70|58|51|33|16|27|35|11|24|23|18|15|22|20|21|10|
2013-01-22|7|1_CTs|CT6||34|25|30|22|16|15|19|17|11|11|16|3|9|6|3|8|7|6|3|4|11|5|13|6|11|8|18|23|32|46|73|127|176|195|167|201|143|151|131|133|93|109|113|133|125|133|140|139|133|118|113|122|168|123|101|136|113|138|151|143|146|126|157|171|176|180|215|215|224|240|242|248|234|254|223|256|245|202|212|177|167|132|123|112|93|81|78|69|53|58|62|46|43|41|58|51|
2013-01-22|7|1_CTs|CT7||27|27|19|22|16|11|14|4|6|10|3|7|5|11|5|4|6|5|7|10|12|4|7|17|10|17|21|36|41|59|77|97|95|143|133|126|117|118|106|93|99|119|106|110|140|135|115|96|107|72|100|115|100|94|78|104|103|109|107|127|105|97|112|117|117|114|118|133|147|165|157|160|191|182|176|159|167|138|109|113|102|112|101|78|60|74|60|56|47|46|41|33|44|27|25|31|
2013-01-22|7|1_CTs|CT8||73|78|50|54|42|48|42|25|30|18|22|27|25|32|15|29|24|20|38|43|50|53|66|72|104|120|123|129|206|266|359|480|489|391|360|394|357|395|520|355|415|418|406|367|311|280|347|338|314|324|314|309|279|308|274|309|299|356|317|345|361|293|354|308|324|336|390|363|343|376|374|341|394|361|372|353|314|299|308|276|278|218|220|189|186|151|171|146|125|165|98|109|86|96|100|113|
2013-01-22|7|1_CTs|CT12||49|40|35|24|22|25|16|20|15|13|24|6|11|9|4|6|7|5|7|7|8|10|16|15|19|18|22|34|35|59|85|176|234|244|255|282|221|218|190|210|177|166|156|171|184|192|182|193|204|175|183|207|205|218|181|194|159|190|208|189|189|210|211|224|225|231|295|261|291|303|324|285|315|341|313|310|306|261|278|243|236|195|174|144|137|125|106|99|90|98|76|65|73|54|46|60|
2013-01-22|7|1_CTs|CT13||13|10|5|10|7|2|3|2|1|1|2|2|2|2|3|2|1|2|3|2|2|2|3|5|3|5|11|16|16|20|28|43|55|65|72|55|50|51|41|57|58|46|30|53|65|59|47|43|39|36|50|53|49|36|40|41|53|46|45|39|48|47|61|55|49|49|59|59|50|64|61|68|63|73|64|64|69|74|47|60|38|41|38|26|26|32|15|24|26|19|25|13|29|21|20|21|
2013-01-22|7|1_CTs|CT14||99|72|63|50|51|60|39|44|48|32|26|28|27|23|23|28|24|25|32|28|40|32|49|59|63|65|83|104|128|168|209|296|374|363|425|426|388|402|372|336|324|297|293|308|316|336|311|351|351|377|319|363|361|342|281|302|319|376|347|332|372|352|380|360|380|420|404|482|474|471|540|504|519|500|512|478|496|493|411|400|369|346|303|254|205|212|174|148|160|184|158|131|127|99|126|102|
2013-01-22|7|1_CTs|CT15||15|16|14|18|5|5|11|10|13|10|5|5|4|9|1|4|4|8|4|3|6|5|6|7|8|10|11|10|27|32|48|88|192|224|203|217|203|161|105|100|65|80|81|72|97|63|77|88|69|49|80|73|57|87|72|99|80|68|93|66|84|60|101|99|153|169|167|187|216|171|232|193|172|161|186|149|143|137|106|113|110|76|86|49|42|41|47|41|24|49|44|28|32|18|24|23|
