2011-12-17|2|1_CTs|ct1||135|129|125|126|107|105|87|45|51|44|54|34|24|28|34|27|17|21|21|24|23|20|23|25|32|27|24|42|41|42|52|64|63|57|90|111|146|156|134|131|123|138|153|129|141|128|148|147|139|143|142|137|150|152|140|146|137|150|137|151|135|125|121|126|128|154|130|153|117|111|139|127|124|119|127|112|128|114|145|146|142|146|153|141|140|139|129|127|127|123|117|138|117|129|134|141|
2011-12-17|2|1_CTs|ct2||36|48|44|62|45|53|30|31|26|33|22|20|20|21|19|20|18|14|17|20|19|21|15|19|16|17|12|17|20|17|19|20|23|18|19|21|47|70|56|47|33|36|63|71|60|69|70|59|37|47|42|45|51|47|57|56|62|50|49|64|45|41|49|53|80|61|49|61|70|30|44|37|26|51|39|39|41|40|54|35|49|41|64|59|47|45|41|30|30|36|23|21|28|32|22|28|
2011-12-17|2|1_CTs|ct3||204|199|170|215|186|174|153|106|96|127|84|89|74|75|69|63|64|56|50|56|57|56|55|56|54|59|47|72|64|64|78|82|99|112|115|132|141|156|181|187|167|179|185|191|194|192|222|207|227|228|204|219|217|216|213|180|186|208|210|221|200|187|196|204|190|225|215|201|254|186|197|201|182|209|197|220|192|219|244|205|221|198|240|225|216|226|196|178|194|186|182|194|171|183|186|186|
2011-12-17|2|1_CTs|ct4||119|144|93|95|96|78|91|87|61|48|67|43|49|35|49|55|48|46|50|24|34|29|34|38|31|37|25|35|40|52|40|31|45|57|70|75|84|92|82|107|99|115|115|121|118|107|138|133|134|138|115|142|135|134|141|145|106|110|126|125|128|132|121|164|132|138|145|144|147|123|156|114|116|135|134|134|117|118|136|110|127|111|113|98|97|103|89|96|92|82|81|102|86|98|75|79|
2011-12-17|2|1_CTs|ct5||216|226|161|167|145|125|149|126|112|79|88|70|67|78|71|91|70|59|63|43|49|37|49|46|47|39|42|50|41|65|60|59|66|75|94|118|111|136|102|155|147|161|179|200|203|181|207|206|190|214|183|209|212|210|237|203|192|176|189|179|184|205|184|211|204|228|218|214|191|196|226|187|221|217|228|226|238|211|205|182|217|202|166|164|170|165|152|146|144|137|146|176|147|148|123|150|
2011-12-17|2|1_CTs|ct6||168|298|151|127|111|105|118|103|88|85|85|67|73|62|74|90|79|59|58|40|40|37|39|30|41|29|31|29|30|38|40|31|41|35|49|63|59|70|62|75|69|80|79|89|98|171|187|123|124|134|136|129|125|144|210|156|122|121|119|123|118|139|116|154|181|228|146|142|125|133|142|126|143|173|170|135|139|134|155|117|138|121|111|108|113|115|97|103|85|93|98|102|115|119|92|87|
2011-12-17|2|1_CTs|ct17||203|207|185|235|187|182|151|137|109|109|80|85|58|74|55|41|51|44|43|51|43|41|51|46|47|57|54|56|64|64|65|75|80|98|99|106|124|125|143|158|167|161|158|174|146|178|191|190|186|188|181|203|207|185|199|172|155|163|192|172|186|183|186|187|176|208|189|169|211|184|190|193|179|204|188|203|195|226|209|202|217|194|227|191|194|194|191|172|188|190|179|199|184|171|183|180|
2011-12-17|2|1_CTs|CT19||117|100|89|88|99|68|74|76|51|51|42|50|26|30|24|23|25|11|36|11|12|14|15|18|10|18|22|26|29|26|28|32|23|74|78|57|69|67|83|85|82|87|96|117|93|117|101|109|105|121|128|106|137|100|112|104|93|102|119|101|109|103|115|111|104|127|110|133|110|106|129|109|146|134|120|119|113|133|122|100|114|133|107|94|119|111|103|90|117|92|93|102|92|94|66|86|
2011-12-17|2|1_CTs|CT20||102|90|70|82|80|75|74|59|56|61|68|58|53|52|57|60|41|33|25|25|16|19|24|25|21|17|13|25|25|30|25|32|22|34|45|52|42|51|48|56|83|61|74|59|72|78|67|73|79|71|92|68|93|69|84|89|77|60|76|80|84|82|78|66|82|74|74|88|87|88|87|81|96|86|116|95|84|80|80|93|83|88|76|80|61|80|72|69|67|62|56|58|54|60|59|63|
2011-12-17|2|1_CTs|CT21||51|52|38|55|36|35|30|30|21|33|24|29|22|22|18|18|10|17|11|6|6|8|13|9|11|8|11|8|10|16|16|18|10|15|19|27|25|30|31|35|47|44|45|48|42|46|32|40|35|41|64|42|57|49|43|57|40|40|47|37|35|56|39|45|66|41|56|60|44|53|47|56|60|57|55|44|40|43|37|41|34|45|42|42|34|34|40|24|28|34|34|38|36|41|30|36|
