2011-08-28|7|1_CTs|CT1||24|29|16|23|20|11|14|9|5|10|7|10|11|3|4|3|7|6|4|3|9|9|4|4|3|10|9|12|8|10|15|17|7|9|12|16|15|20|14|18|28|37|31|43|40|33|38|38|59|39|43|35|49|39|38|35|51|39|40|38|50|56|54|51|48|53|50|42|62|64|46|55|60|69|66|60|59|66|57|62|57|56|47|47|42|48|46|54|39|37|34|63|54|42|33|27|
2011-08-28|7|1_CTs|CT2||23|19|31|26|24|21|16|20|18|15|14|11|8|12|12|7|8|9|13|10|9|21|7|11|17|14|13|19|17|12|27|14|19|28|34|38|14|10|18|33|54|39|31|56|4|5|1|14|58|26|46|26|31|55|57|45|40|64|56|65|94|76|53|65|50|60|30|60|49|62|58|50|88|84|76|63|53|71|76|61|62|74|49|67|71|54|31|44|43|55|43|31|43|47|45|33|
2011-08-28|7|1_CTs|CT4||71|71|69|45|64|67|66|37|49|52|52|47|46|42|60|32|34|39|37|20|20|25|27|26|16|12|6|10|11|7|3|11|4|1|2|0|0|1|2|0|5|2|1|4|4|9|11|3|4|3|12|8|5|4|5|7|5|6|5|7|13|11|11|11|8|18|12|39|32|22|24|16|14|23|22|14|4|15|6|4|30|7|9|14|14|14|26|23|31|53|52|52|52|63|57|64|
2011-08-28|7|1_CTs|CT6||35|22|21|19|29|20|21|20|7|14|11|7|18|10|11|10|17|6|13|15|9|5|6|9|16|13|8|7|10|11|14|19|16|21|19|26|22|23|34|27|32|35|27|59|44|63|43|48|48|45|57|56|44|38|43|38|45|48|55|38|48|51|53|52|59|50|49|58|59|61|59|61|59|84|61|85|73|62|67|72|62|47|57|37|45|54|60|45|26|29|33|30|42|37|21|35|
2011-08-28|7|1_CTs|CT7||45|34|39|32|23|25|24|22|13|24|31|14|17|9|9|14|8|8|17|14|20|12|10|19|16|18|12|21|19|22|26|19|14|20|21|19|24|18|33|34|38|31|39|42|34|48|52|39|78|56|59|55|45|46|58|42|46|50|45|47|51|52|63|44|66|63|40|60|64|67|58|67|84|57|94|70|44|58|61|62|59|52|51|38|49|49|48|60|45|41|33|43|55|46|33|39|
2011-08-28|7|1_CTs|CT8||120|103|82|57|77|70|59|40|44|57|49|36|43|32|31|26|54|47|54|50|48|53|29|58|73|68|71|74|92|93|98|101|93|84|106|102|105|88|98|111|124|124|132|138|128|129|169|172|193|163|165|177|181|176|181|179|175|163|166|178|211|196|162|189|173|231|219|247|178|195|221|236|253|245|251|243|246|261|259|223|242|215|202|229|200|233|143|175|165|182|187|214|173|175|132|148|
2011-08-28|7|1_CTs|CT9||83|59|61|42|47|35|38|33|38|29|23|21|29|24|17|16|34|23|38|26|22|23|21|40|32|40|48|41|45|60|59|59|42|50|53|58|68|44|57|77|65|77|70|100|77|67|82|88|105|111|87|111|103|94|95|99|118|115|119|104|119|132|117|109|101|120|122|117|107|117|125|124|140|126|144|142|137|121|152|118|140|118|122|109|115|127|88|104|111|105|100|129|93|107|82|78|
2011-08-28|7|1_CTs|CT10||98|100|84|85|89|55|69|71|52|71|54|60|70|66|61|52|68|53|52|41|44|31|45|52|39|42|50|40|50|60|57|48|52|60|69|82|65|82|72|100|84|89|91|107|94|121|129|126|118|106|134|124|124|107|104|118|104|111|96|115|110|120|128|160|179|168|154|152|143|147|128|146|152|137|118|155|152|148|160|154|159|143|131|124|106|108|128|100|104|131|124|111|106|103|88|72|
2011-08-28|7|1_CTs|CT11||98|95|82|68|86|57|73|62|50|40|43|60|57|65|43|48|54|50|50|40|42|44|40|46|50|27|48|50|54|44|74|53|74|67|85|88|74|94|85|90|91|101|91|115|132|133|133|148|117|102|126|132|135|113|105|118|116|121|108|105|122|145|130|141|179|136|169|170|153|151|131|131|140|126|118|136|154|128|157|150|123|138|118|132|104|118|121|118|99|112|129|117|109|133|98|81|
2011-08-28|7|1_CTs|CT12||52|33|33|37|35|28|18|35|20|22|17|21|24|17|20|20|21|8|12|18|13|11|8|16|15|11|22|10|15|20|26|20|28|35|28|22|37|28|40|65|68|62|64|57|68|72|70|70|86|87|93|85|109|83|79|78|69|69|74|66|69|79|93|87|85|84|66|91|85|87|84|86|87|112|100|95|112|125|109|124|95|79|83|71|80|77|71|73|46|56|50|65|58|47|50|51|
2011-08-28|7|1_CTs|CT13||15|16|16|11|10|9|11|9|5|6|8|8|3|2|3|4|1|4|3|5|3|2|3|5|2|6|1|6|9|6|12|7|8|10|7|7|8|10|13|9|6|10|13|20|14|19|23|15|14|19|23|28|26|21|29|21|18|21|33|15|26|19|24|16|29|15|12|23|15|25|29|23|36|24|24|30|27|26|27|29|25|29|28|16|16|23|28|29|25|24|22|25|35|23|6|9|
2011-08-28|7|1_CTs|CT14||100|103|94|74|107|76|76|64|61|54|51|45|60|65|39|55|48|50|54|41|59|43|57|60|63|55|66|80|73|82|99|91|83|81|96|102|103|123|124|142|122|133|143|148|156|185|192|182|214|179|178|178|160|143|126|153|136|153|143|157|138|175|186|179|205|198|217|202|203|221|184|192|207|200|197|179|182|180|207|183|220|197|151|155|134|154|156|155|101|111|139|146|163|183|122|93|
2011-08-28|7|1_CTs|CT15||7|16|8|7|9|12|6|3|3|4|3|3|9|1|3|5|10|6|7|11|1|2|8|11|7|8|3|6|6|7|7|12|2|8|5|18|7|8|12|15|15|17|29|27|22|28|20|21|22|20|26|24|32|15|23|22|19|17|29|12|15|18|24|21|24|22|21|13|20|30|19|28|30|30|15|26|30|31|18|25|24|22|24|23|23|17|24|15|11|12|10|15|18|20|15|15|
