2015-12-10|2|1_CTs|ct1||56|307|47|32|32|24|20|18|25|17|13|13|18|13|16|22|12|17|15|17|11|28|24|260|39|43|56|77|352|115|137|367|167|424|168|411|170|196|443|471|186|448|464|201|444|194|424|453|433|196|142|238|221|194|192|185|178|188|435|710|190|186|463|437|400|181|425|167|154|162|171|165|410|408|158|422|410|182|201|448|469|713|204|188|154|382|140|371|112|112|359|128|104|107|110|100|
2015-12-10|2|1_CTs|ct2||40|294|33|16|23|16|13|10|14|11|6|9|7|6|13|11|11|11|13|7|9|16|13|245|16|23|283|32|301|45|42|303|67|62|67|309|72|84|349|374|81|352|372|98|344|335|334|118|108|354|75|140|118|355|81|58|81|361|86|339|101|112|389|372|319|107|116|119|101|84|92|111|346|74|75|97|340|334|96|341|360|127|119|109|59|78|76|51|50|59|54|65|58|49|65|58|
2015-12-10|2|1_CTs|ct3||71|85|58|53|39|52|32|22|28|19|20|17|15|12|21|11|14|19|19|20|8|27|28|46|41|46|57|70|329|91|216|493|141|150|144|143|657|178|172|182|169|455|199|386|313|469|204|500|229|204|407|215|222|220|201|177|183|187|205|210|480|703|463|745|441|202|177|204|216|187|213|213|458|193|164|433|176|692|205|447|488|459|214|180|170|412|154|104|137|372|122|144|379|128|120|377|
2015-12-10|2|1_CTs|ct4||66|53|31|38|22|25|23|279|14|17|16|6|10|10|12|4|15|13|21|9|7|14|19|13|24|29|24|38|282|48|323|80|82|100|127|122|153|105|420|116|402|135|127|153|117|126|166|356|162|147|142|151|645|130|328|160|399|138|388|161|139|401|140|156|173|128|397|153|135|355|93|97|383|105|374|91|100|110|110|105|124|100|98|101|91|337|98|71|80|79|97|87|96|370|87|354|
2015-12-10|2|1_CTs|ct5||111|85|77|61|39|52|33|33|25|27|27|18|21|16|22|15|27|17|24|24|10|20|29|22|35|28|30|39|58|54|89|105|141|406|172|411|226|174|200|200|198|200|436|233|225|232|217|461|230|225|189|241|217|218|310|329|452|444|470|226|204|246|210|498|488|478|235|260|748|460|192|450|936|443|166|419|169|398|195|155|433|175|156|156|131|140|177|654|131|131|123|394|161|187|408|130|
2015-12-10|2|1_CTs|ct6||88|118|89|308|34|51|34|32|21|20|25|270|14|276|26|18|271|267|28|15|11|15|22|24|33|30|24|292|49|45|60|76|91|103|117|125|132|131|389|144|395|141|140|151|163|151|108|450|450|432|167|177|675|423|127|154|150|428|409|199|198|481|209|468|422|196|442|200|448|393|156|406|163|151|129|386|380|129|138|157|389|404|127|132|371|370|122|131|128|363|647|115|131|434|163|411|
2015-12-10|2|1_CTs|ct17||91|104|86|68|304|64|45|288|293|27|36|278|26|267|20|19|29|22|33|26|9|37|33|58|306|317|318|79|93|101|366|161|147|698|163|450|200|441|203|517|458|466|251|267|504|489|733|784|269|263|700|501|506|274|454|524|228|473|498|248|259|258|278|522|243|228|243|243|249|739|244|483|240|521|487|236|202|502|251|247|1307|243|762|216|195|179|179|130|155|409|151|422|138|164|144|146|
2015-12-10|2|1_CTs|CT19||45|39|26|28|16|273|11|16|11|6|8|5|9|3|5|6|2|5|8|261|2|5|5|15|10|19|17|32|301|44|51|556|586|88|343|359|605|99|359|104|113|608|138|545|211|364|371|113|378|400|377|382|344|120|370|99|630|376|126|348|114|107|141|381|391|115|640|399|401|610|387|378|117|137|141|114|367|357|632|608|116|609|92|84|91|70|86|322|321|56|73|78|71|77|88|91|
2015-12-10|2|1_CTs|CT20||35|46|34|39|29|19|262|22|13|21|13|11|20|8|6|5|8|8|8|6|7|8|266|14|267|9|261|23|25|31|38|300|1057|95|86|342|344|348|90|81|76|339|77|75|337|336|329|320|88|322|61|341|67|69|534|113|66|567|560|330|79|73|97|76|82|89|347|94|604|598|88|350|605|78|94|1078|594|343|94|336|332|582|67|69|63|62|57|45|69|58|62|56|55|67|57|62|
2015-12-10|2|1_CTs|CT21||23|23|12|18|9|9|10|11|7|250|4|7|7|3|2|1|1|3|3|2|2|4|5|4|5|245|5|8|15|19|55|255|20|52|309|41|303|314|54|43|50|41|42|44|309|51|499|39|306|283|31|51|39|30|58|47|31|41|292|46|43|44|309|52|42|55|50|290|49|532|50|304|298|284|51|530|312|48|35|289|282|32|271|36|28|28|29|25|30|31|30|29|30|301|29|44|
