2017-04-20|3|1_CTs|ct1||54|31|31|23|12|12|11|4|9|3|3|3|5|1|2|1|2|1|0|5|2|6|6|7|9|14|28|42|45|338|119|158|449|186|170|573|262|442|174|184|157|147|159|144|170|424|140|143|156|387|134|144|415|136|133|115|127|158|148|137|142|651|155|424|419|158|179|185|176|190|450|172|442|189|197|443|190|165|183|188|164|157|138|370|109|97|94|63|56|60|77|77|66|66|65|61|
2017-04-20|3|1_CTs|ct3||91|314|68|69|52|56|40|22|19|16|26|8|26|20|14|16|18|14|16|24|17|32|34|38|47|52|70|363|107|422|212|500|238|244|230|483|231|505|259|242|177|175|212|194|201|171|192|201|464|237|245|512|252|245|235|225|478|739|246|248|267|233|193|165|242|486|242|517|452|226|469|505|196|207|205|231|233|222|227|750|261|708|469|969|180|173|150|121|126|129|393|124|387|119|96|111|
2017-04-20|3|1_CTs|ct5||165|126|87|96|84|64|47|32|40|38|27|16|22|29|279|9|12|19|25|11|12|10|24|21|277|14|290|49|333|88|125|178|222|211|277|269|514|265|514|255|730|214|464|225|436|221|222|207|257|228|258|258|527|268|252|209|475|229|245|242|750|259|261|259|514|280|280|818|534|283|289|315|1109|328|326|833|331|289|296|284|531|304|277|248|241|209|195|173|417|154|384|164|184|163|189|174|
2017-04-20|3|1_CTs|ct6||11|266|10|0|4|5|0|1|1|0|0|9|2|0|1|4|3|2|2|0|3|5|8|7|9|13|270|19|25|287|55|44|306|73|68|328|311|80|79|67|49|53|303|59|306|49|76|61|64|54|58|56|299|49|59|44|53|68|79|72|71|318|302|67|50|55|62|291|43|67|333|60|594|96|81|51|69|67|46|58|50|52|52|45|284|33|19|23|20|22|15|16|23|14|17|19|
2017-04-20|3|1_CTs|ct7||0|9|90|324|69|90|276|51|51|45|286|26|38|34|13|29|16|24|14|20|18|18|29|31|27|287|45|40|65|323|85|361|360|118|143|148|145|149|144|140|148|393|403|159|161|167|168|175|172|155|143|396|156|414|412|151|146|411|180|167|388|98|70|90|71|59|64|311|50|306|35|53|43|46|50|77|69|51|126|420|157|153|101|138|152|146|382|352|117|646|368|639|145|137|398|376|
2017-04-20|3|1_CTs|ct8||63|44|72|45|36|27|26|30|21|17|12|12|15|14|6|14|8|8|7|9|8|9|12|18|13|271|21|18|42|295|46|316|307|65|75|97|98|100|100|93|103|346|106|110|108|384|113|123|118|133|137|386|127|118|366|126|118|631|129|124|386|648|393|117|104|124|129|376|374|352|113|353|95|129|123|650|142|118|142|122|127|132|129|91|98|92|335|68|73|87|82|84|103|77|96|330|
2017-04-20|3|1_CTs|ct9||469|84|80|65|58|54|78|55|46|56|41|42|29|40|39|28|36|38|22|13|21|34|38|39|40|36|52|86|99|709|2832|695|357|1116|401|248|167|167|221|248|433|1079|1812|1546|1011|1957|2768|1437|589|245|545|950|1114|1340|518|947|2305|1622|1233|3158|1919|1817|3140|2039|575|155|185|387|411|70|94|97|90|128|126|181|159|243|159|248|1309|479|391|1665|1679|238|373|187|177|162|110|443|169|160|390|135|
2017-04-20|3|1_CTs|ct10||80|82|83|58|53|55|44|55|53|31|32|28|27|23|30|19|18|13|21|30|24|17|34|24|27|22|33|38|34|61|92|120|158|168|169|172|166|182|167|153|138|148|145|150|142|157|151|137|142|151|160|142|126|143|132|141|120|126|141|144|147|144|174|159|148|161|165|169|173|148|120|155|143|154|141|142|140|134|130|156|144|165|139|132|141|107|96|104|101|104|121|116|91|111|117|105|
2017-04-20|3|1_CTs|ct13||253|201|361|2417|113|118|574|392|1265|657|474|452|449|656|208|314|376|739|394|530|301|155|1099|1077|130|489|149|462|968|157|242|197|262|262|272|338|367|314|244|247|245|1024|506|231|518|496|292|236|304|542|280|259|258|723|319|306|251|220|220|256|252|251|561|265|324|292|205|139|110|56|0|72|257|255|494|229|531|278|247|0|0|0|0|0|0|0|0|0|0|0|0|0|0|0|0|0|
2017-04-20|3|1_CTs|CT16||407|347|374|103|72|55|72|60|45|46|45|17|24|306|23|16|49|32|28|23|25|27|48|48|36|66|42|57|69|88|112|148|198|170|190|472|225|170|187|182|197|227|215|151|464|212|236|187|197|216|188|168|172|443|150|155|150|186|179|186|162|208|179|235|195|183|161|440|448|195|196|209|470|190|483|217|196|196|214|205|187|469|176|190|415|407|129|128|104|115|124|388|111|150|117|126|
2017-04-20|3|1_CTs|ct22||7|8|1|3|2|1|2|0|0|2|2|3|1|3|2|3|0|1|2|2|1|0|4|3|4|4|1|6|7|7|9|18|29|16|17|16|23|21|28|19|22|18|31|23|20|19|31|22|27|36|24|22|22|19|20|24|24|17|25|25|30|19|38|30|24|30|36|49|54|40|40|42|38|40|62|48|33|32|17|28|26|21|19|12|9|11|7|13|6|10|13|6|6|10|11|7|
2017-04-20|3|1_CTs|CT23||995|245|543|184|52|38|46|21|36|69|370|313|137|61|34|29|42|46|69|66|146|501|1187|1376|1531|1896|770|398|165|179|457|262|327|342|305|391|801|199|164|157|143|393|127|125|141|401|142|141|167|159|189|444|182|171|157|147|431|184|202|175|452|444|176|456|224|220|242|512|572|316|300|332|571|354|333|313|563|301|303|292|251|769|475|189|434|385|142|108|120|99|367|117|118|97|91|78|
2017-04-20|3|1_CTs|ct24||65|55|50|44|35|21|16|23|13|10|13|7|16|10|17|10|9|10|15|27|17|32|44|315|302|136|248|418|479|898|831|815|781|791|558|894|624|554|516|574|1068|794|804|547|768|759|507|438|441|456|468|763|448|435|678|421|418|1023|506|515|1024|488|522|493|482|498|657|938|906|699|938|633|551|546|515|745|510|514|489|724|370|374|564|294|233|239|182|146|200|178|163|139|153|125|122|93|
