2012-11-14|22|1_CTs|CT1||21|11|22|4|10|8|6|6|1|2|3|5|2|4|3|1|4|8|2|6|5|9|17|12|18|19|24|39|45|84|125|143|198|219|210|216|213|203|169|105|81|80|63|68|54|54|66|59|60|87|88|65|78|68|71|71|61|62|76|80|85|87|64|74|78|72|88|95|68|112|89|99|98|99|102|84|86|63|61|64|47|46|53|31|22|30|26|26|25|20|22|17|19|22|17|13|
2012-11-14|22|1_CTs|CT2||12|12|11|9|4|3|1|4|3|1|0|1|3|3|0|1|2|3|0|3|3|2|6|18|16|15|16|17|23|30|56|71|83|96|98|84|81|83|86|48|43|40|29|34|36|25|40|37|34|33|32|34|44|34|35|30|39|100|138|133|146|141|160|173|156|164|169|183|195|250|243|255|243|246|207|207|177|146|154|122|116|110|101|97|74|66|58|60|63|59|55|59|49|44|53|33|
2012-11-14|22|1_CTs|CT3||57|46|47|29|20|15|9|9|15|6|4|14|9|5|8|5|9|8|6|8|13|16|23|33|47|53|68|78|122|194|288|322|347|407|431|395|394|394|349|233|204|182|168|178|183|180|189|162|193|163|170|201|196|187|195|201|218|227|215|203|199|204|230|230|221|214|259|271|262|318|322|308|325|316|281|255|223|205|200|183|157|158|150|128|94|106|97|104|104|92|83|83|70|71|78|64|
2012-11-14|22|1_CTs|CT4||31|30|24|20|17|12|14|12|7|7|9|4|2|4|6|1|3|6|5|9|4|14|12|19|31|47|46|62|81|125|125|151|187|222|200|205|218|208|171|198|145|150|135|136|128|147|143|127|156|146|153|149|176|138|147|136|130|155|148|124|148|148|159|177|149|189|195|209|239|233|220|225|211|245|231|222|195|207|191|173|163|162|115|140|83|71|87|67|67|70|61|37|53|56|42|28|
2012-11-14|22|1_CTs|CT5||43|32|19|21|18|15|15|15|14|5|11|4|5|4|9|2|5|7|5|7|5|15|14|26|30|35|36|57|89|117|170|216|239|287|248|256|286|244|213|209|179|157|169|164|154|148|132|158|162|162|173|165|177|174|162|147|178|182|175|163|178|174|190|178|166|224|238|249|249|273|297|271|279|281|275|246|262|227|210|190|169|167|139|117|102|86|85|73|72|70|60|57|60|61|38|33|
2012-11-14|22|1_CTs|CT6||24|22|24|19|15|10|12|12|6|3|13|4|3|4|3|2|3|3|4|3|4|10|8|18|18|19|19|24|36|56|62|77|101|101|127|109|130|121|105|107|78|90|77|85|74|95|74|107|83|99|114|98|97|102|97|87|86|105|94|91|82|112|121|107|78|125|130|134|169|153|141|163|146|163|197|158|154|128|138|125|112|109|91|72|56|63|46|44|36|50|36|34|26|42|31|25|
2012-11-14|22|1_CTs|CT7||6|6|7|2|1|3|1|4|0|0|0|1|1|2|1|1|0|1|0|0|1|3|3|4|3|9|4|7|8|16|17|30|43|38|48|33|40|43|49|20|18|15|17|21|26|17|21|12|17|25|30|17|31|20|24|22|22|21|21|14|28|20|25|20|27|21|22|25|33|31|35|29|27|30|20|25|28|19|19|9|22|20|18|12|10|10|7|9|8|4|10|9|6|4|3|6|
2012-11-14|22|1_CTs|CT8||30|16|14|10|10|15|9|6|11|5|3|5|2|1|4|0|3|3|4|4|2|5|9|4|6|10|18|12|21|38|60|91|87|100|121|123|82|99|90|73|81|70|61|72|61|68|67|85|79|76|80|77|83|94|87|80|93|90|98|82|76|85|102|109|106|78|110|95|98|119|109|129|122|130|116|103|110|100|96|79|72|73|68|72|55|55|46|28|39|41|35|30|33|33|34|32|
2012-11-14|22|1_CTs|CT9||42|32|18|22|16|7|6|12|10|3|2|11|4|2|6|6|5|8|4|7|16|21|25|26|49|59|73|108|172|253|357|353|381|346|349|348|332|290|272|221|245|199|206|185|190|180|152|166|159|171|185|202|201|171|196|198|218|212|209|202|182|188|178|165|181|238|230|241|212|209|235|222|235|219|203|183|167|161|152|164|136|119|117|114|85|80|87|76|80|73|65|44|68|39|43|41|
2012-11-14|22|1_CTs|CT10||1|2|0|0|1|0|0|1|0|0|0|1|0|1|0|0|0|1|0|0|0|0|1|0|5|1|1|3|4|5|14|15|29|26|19|15|12|7|4|4|7|2|4|4|5|4|8|4|8|4|6|3|6|7|3|5|5|5|6|6|4|3|1|2|3|7|7|4|8|6|4|6|4|6|2|3|4|4|7|2|2|1|3|4|1|2|0|1|1|3|4|9|4|2|5|1|
