2011-12-04|3|1_CTs|ct1||112|104|86|75|56|63|68|61|42|35|29|21|22|16|20|11|17|15|12|8|12|15|14|13|13|18|11|18|14|18|20|27|24|23|26|31|26|45|37|64|74|111|87|115|109|92|76|96|76|90|99|112|129|130|124|104|117|120|121|121|148|135|157|168|153|150|156|164|158|155|163|130|143|129|128|123|137|111|106|114|90|89|107|83|69|68|69|77|64|57|57|59|66|52|58|45|
2011-12-04|3|1_CTs|ct3||262|272|268|229|169|192|162|163|118|99|98|81|69|60|62|51|58|32|38|49|22|41|43|42|42|63|51|56|48|51|69|88|46|62|79|75|72|107|107|22|11|7|1|3|70|235|174|249|188|209|248|276|274|313|319|269|282|281|297|279|318|318|346|397|380|353|350|380|367|386|377|387|329|311|325|324|305|278|278|268|244|215|246|210|197|177|179|178|192|161|151|155|143|119|151|132|
2011-12-04|3|1_CTs|ct5||275|175|185|211|161|168|152|131|109|138|116|102|96|109|128|86|78|62|81|95|87|60|72|47|74|120|90|68|68|86|96|90|93|75|86|65|86|60|121|71|28|36|17|27|25|144|218|195|226|175|265|267|268|248|272|248|258|202|250|208|279|304|269|349|312|332|286|301|281|271|312|324|343|322|553|396|1413|5804|5856|8800|11213|10025|8816|7829|7380|7173|7538|9272|11248|10703|5491|3774|3293|1000|142|107|
2011-12-04|3|1_CTs|ct6||0|0|0|0|0|0|0|0|0|0|0|0|0|0|0|0|0|0|0|0|0|0|0|0|0|0|0|0|0|0|0|0|0|0|0|0|0|0|0|0|0|0|0|0|0|0|0|0|0|0|0|0|0|0|0|0|0|0|0|0|0|0|0|0|0|0|0|0|0|0|0|0|0|79|169|181|167|193|162|125|187|232|175|110|100|80|99|94|77|86|65|68|80|84|74|76|
2011-12-04|3|1_CTs|ct7||161|170|181|138|150|154|121|139|147|145|138|109|105|94|111|94|89|76|51|53|57|46|32|47|51|40|40|41|39|40|39|34|42|42|36|36|47|52|58|26|0|0|0|2|1|64|41|57|99|98|96|114|103|104|130|228|160|94|124|126|149|163|141|173|200|317|275|251|166|185|204|210|220|215|194|203|232|202|161|137|245|299|170|120|117|98|91|90|107|97|75|63|112|96|71|84|
2011-12-04|3|1_CTs|ct9||139|92|119|121|124|108|105|107|80|52|64|83|56|89|91|87|87|66|59|49|59|43|43|41|24|33|23|33|51|42|29|38|43|43|36|55|53|41|60|78|71|90|101|122|128|106|87|52|42|60|84|113|132|101|103|97|110|89|107|102|129|109|127|151|115|115|133|114|122|99|130|141|115|117|133|119|113|120|97|90|71|97|80|95|59|72|106|83|97|59|83|52|93|54|63|65|
2011-12-04|3|1_CTs|ct10||66|76|94|110|68|88|94|95|72|89|84|110|83|111|103|87|73|95|78|80|76|64|56|67|75|62|58|53|63|32|40|28|32|33|24|29|33|33|34|51|61|56|75|93|83|52|80|96|71|76|105|115|98|101|107|97|60|68|73|72|101|93|89|96|111|96|82|89|79|96|92|112|114|98|109|90|96|80|69|74|92|62|56|84|60|64|49|52|59|45|42|48|41|49|49|52|
2011-12-04|3|1_CTs|CT11||30|34|44|37|23|37|28|35|23|30|20|24|22|30|27|27|29|28|26|20|12|27|28|16|21|20|19|24|27|19|21|19|19|15|16|17|19|20|23|27|41|27|30|30|41|35|26|30|22|28|30|34|36|33|34|39|32|30|21|30|34|38|38|31|32|36|34|34|27|30|34|45|35|42|50|47|41|39|32|32|39|37|32|25|34|25|24|26|34|20|22|22|24|17|25|18|
2011-12-04|3|1_CTs|CT12||17|29|30|38|22|35|41|36|35|36|42|40|39|57|39|48|42|49|28|40|40|48|27|39|45|29|28|32|29|18|21|21|19|21|16|18|15|19|15|13|4|11|4|3|11|16|20|28|20|22|22|19|24|21|23|25|17|15|19|22|25|20|17|17|19|11|18|16|18|24|23|28|22|25|22|21|29|24|16|24|24|22|21|29|22|25|24|18|22|14|15|19|21|22|17|24|
2011-12-04|3|1_CTs|CT16||34|31|24|26|27|24|28|17|22|20|20|25|14|17|20|11|17|14|12|11|7|17|6|14|15|11|9|9|6|6|6|3|6|10|4|12|10|7|10|7|7|9|11|13|7|24|16|10|16|22|14|22|27|16|7|17|17|15|20|12|20|10|13|18|16|22|19|22|14|23|23|20|18|17|23|22|24|26|22|18|20|15|19|11|9|15|12|14|25|12|7|11|13|12|12|12|
2011-12-04|3|1_CTs|ct17||82|98|112|97|83|96|109|86|70|82|79|71|57|78|58|51|59|67|59|64|58|58|42|59|72|54|47|42|45|45|42|38|36|32|38|49|36|49|65|73|74|74|88|117|112|94|125|129|127|146|141|189|143|163|152|140|134|142|126|151|135|158|166|165|186|160|156|150|155|181|157|158|158|175|158|134|155|142|120|146|154|121|127|119|93|66|89|71|75|72|61|71|55|64|62|60|
2011-12-04|3|1_CTs|ct18||113|123|141|151|112|134|135|125|116|121|124|141|117|149|124|99|91|120|114|102|99|94|58|83|95|71|74|70|74|50|57|43|50|48|44|46|41|52|64|79|102|99|120|144|117|109|122|130|111|139|164|177|149|163|147|164|103|124|119|119|146|122|134|148|161|154|145|136|151|147|147|137|137|166|127|132|155|115|115|123|139|110|117|121|86|82|73|76|88|68|71|74|76|87|70|70|
2011-12-04|3|1_CTs|ct19||3|5|0|1|3|1|2|1|0|0|0|1|1|0|0|1|0|0|0|0|0|3|0|2|0|1|1|1|2|0|5|4|1|5|1|6|1|4|0|3|3|4|4|3|2|2|4|4|3|6|8|3|3|1|5|3|2|6|3|4|3|2|4|4|3|7|2|7|3|6|2|3|6|1|5|3|0|4|2|6|5|3|2|5|3|6|2|0|2|1|3|2|0|4|0|2|
2011-12-04|3|1_CTs|ct20||121|137|114|119|95|90|88|86|90|87|62|65|58|68|54|56|30|35|37|28|32|44|23|22|23|30|26|36|34|18|39|36|42|34|45|40|45|57|70|97|131|124|140|167|170|115|115|132|123|148|156|142|157|154|138|138|137|148|152|139|143|153|145|167|163|162|159|177|171|178|151|145|150|165|146|139|150|166|143|141|137|133|98|100|95|86|78|70|81|71|80|81|70|58|61|50|
2011-12-04|3|1_CTs|ct22||8|3|3|2|6|2|3|4|14|7|0|4|3|0|1|4|0|2|4|3|1|5|4|2|3|2|1|0|2|0|3|2|1|3|2|4|5|5|3|3|6|7|3|8|4|5|8|7|6|7|5|8|9|7|13|11|5|7|5|4|11|9|6|18|19|13|8|9|9|13|8|9|6|13|25|11|9|16|5|7|8|7|3|3|1|6|1|2|4|3|4|3|4|5|5|6|
2011-12-04|3|1_CTs|CT23||116|111|69|86|49|53|41|70|44|60|43|39|34|19|29|16|17|31|24|27|26|23|21|27|24|25|17|17|22|27|37|35|47|33|23|30|52|35|57|182|283|355|267|340|287|92|105|120|97|121|116|127|128|166|115|128|120|146|157|135|124|138|148|170|168|168|160|165|197|129|155|155|177|146|188|172|190|167|142|136|145|148|120|116|94|105|97|87|83|72|67|76|106|76|60|92|
2011-12-04|3|1_CTs|ct24||314|293|244|243|226|195|163|174|147|130|119|95|94|85|69|80|61|47|64|46|60|55|51|58|75|76|104|111|96|128|174|233|140|116|165|176|164|221|285|347|316|349|492|527|481|430|419|423|465|471|508|544|530|571|569|544|515|568|572|595|676|682|749|683|662|714|730|686|717|787|692|636|674|608|642|640|518|513|464|446|477|421|396|338|297|327|304|313|298|307|297|246|216|212|196|152|
