2014-11-20|7|1_CTs|CT1||73|54|50|46|54|26|33|25|23|17|13|15|22|13|9|19|11|15|15|16|20|18|24|25|39|36|53|78|87|149|212|315|347|355|351|368|355|364|373|350|335|322|269|253|237|243|234|262|245|236|264|252|231|252|262|245|264|261|292|286|280|300|282|260|250|264|268|295|293|285|273|289|290|316|309|297|298|277|249|236|225|189|153|167|143|148|140|80|115|112|102|108|90|104|101|77|
2014-11-20|7|1_CTs|CT2||44|22|26|25|8|18|10|16|10|26|10|10|0|10|2|7|6|5|8|6|11|16|9|20|24|19|37|31|34|55|105|183|194|341|345|297|310|306|337|162|119|196|185|302|205|146|242|205|244|133|221|197|192|212|182|140|159|218|167|206|178|205|181|158|149|196|213|175|261|226|253|239|230|145|293|258|208|201|206|181|190|132|85|84|86|82|57|83|79|69|69|63|56|56|49|54|
2014-11-20|7|1_CTs|CT4||35|50|25|28|23|17|16|20|15|13|17|13|12|6|4|8|5|6|3|7|10|6|3|5|6|3|2|5|9|6|13|18|41|33|21|32|35|42|42|28|14|27|19|32|19|36|28|40|35|27|45|44|34|19|24|38|29|53|40|31|42|46|40|51|86|56|55|66|86|86|64|70|64|95|118|82|82|73|90|46|61|68|76|65|68|44|43|60|71|41|61|35|26|27|34|60|
2014-11-20|7|1_CTs|CT5||0|0|0|0|0|0|0|0|0|0|0|0|0|0|0|0|0|0|0|0|0|0|0|0|0|0|0|0|0|0|0|0|0|0|0|0|0|0|0|0|0|0|0|0|0|0|0|0|0|3|3|1|1|0|0|0|0|0|0|0|0|13|1|0|0|0|0|0|0|0|0|0|0|0|0|0|0|0|0|0|0|0|0|0|0|0|0|0|0|0|0|0|0|0|0|0|
2014-11-20|7|1_CTs|CT6||26|28|23|31|32|7|13|9|14|11|14|10|3|9|2|3|9|8|7|4|6|3|7|4|8|10|11|12|22|47|56|75|145|145|132|132|135|114|106|118|98|112|119|102|91|102|132|119|118|106|89|120|140|148|112|133|112|135|139|142|113|133|128|147|150|171|205|195|216|212|244|238|243|175|237|196|192|144|160|149|116|106|101|92|92|73|50|57|74|59|57|65|37|57|37|36|
2014-11-20|7|1_CTs|CT7||34|31|22|22|19|22|8|6|10|6|5|9|15|6|3|5|8|5|8|6|17|7|5|20|19|11|27|36|40|60|62|92|105|99|132|115|112|103|113|111|98|112|101|106|113|124|111|133|115|95|107|96|132|112|100|99|104|95|110|95|112|123|120|115|123|151|122|125|144|168|167|164|166|174|186|163|187|160|158|131|90|108|81|64|86|61|61|58|49|59|39|36|44|35|46|32|
2014-11-20|7|1_CTs|CT8||82|73|52|64|42|37|43|22|23|33|18|26|19|37|17|20|18|31|45|46|65|73|79|112|109|98|109|130|170|243|306|394|425|431|417|445|408|428|358|338|335|289|308|296|281|301|285|285|233|316|314|292|274|279|259|262|310|308|308|325|310|274|292|323|293|338|338|324|303|360|349|365|356|404|369|436|313|325|280|300|252|311|220|185|172|182|143|134|136|118|183|112|115|134|95|117|
2014-11-20|7|1_CTs|CT12||28|17|17|19|20|10|9|13|7|14|12|9|10|5|2|7|4|5|10|8|4|7|3|5|8|5|8|14|14|28|35|50|76|75|67|85|37|51|42|69|33|70|50|53|48|76|85|61|72|72|65|69|49|62|58|78|50|63|49|45|76|61|66|66|44|70|67|87|119|130|143|100|105|106|99|130|145|120|68|86|96|73|64|75|69|70|48|43|48|37|31|33|45|38|31|20|
2014-11-20|7|1_CTs|CT13||13|13|9|10|7|9|1|3|3|1|5|5|4|0|0|4|1|2|1|4|2|2|0|3|4|6|5|11|15|24|30|42|43|44|68|54|60|42|58|52|52|64|46|69|62|68|55|53|61|45|60|34|52|41|45|42|46|47|52|56|77|73|47|59|67|72|64|65|88|82|77|78|88|83|84|96|100|86|69|51|41|55|65|31|40|34|34|39|24|22|20|19|22|12|22|13|
2014-11-20|7|1_CTs|CT15||19|20|18|14|13|2|9|6|10|4|12|4|5|9|1|5|8|4|8|7|5|2|9|4|7|10|16|9|22|23|37|99|185|182|185|183|155|155|79|69|60|69|61|86|38|76|23|0|0|16|59|113|71|75|61|0|0|0|0|0|0|43|88|103|124|149|165|214|165|190|203|209|175|133|150|111|110|87|88|104|64|85|56|40|38|35|24|38|26|31|36|32|31|48|26|18|
