2017-03-14|6|1_CTs|CT1||1|1|1|0|1|1|0|1|1|0|0|0|0|0|0|1|0|1|0|0|2|0|2|3|3|4|5|1|5|11|291|87|395|121|114|78|32|31|29|40|13|13|11|8|8|11|174|99|10|6|3|6|7|10|11|3|6|14|262|7|9|11|5|7|6|8|17|13|10|10|16|12|6|10|7|18|10|5|4|5|6|2|4|2|4|5|2|1|1|4|5|3|0|0|0|1|
2017-03-14|6|1_CTs|CT3||14|4|5|10|6|5|2|1|1|4|0|6|5|3|5|4|4|4|3|10|14|18|18|23|22|29|25|36|42|57|53|330|85|119|102|91|503|82|73|72|39|308|43|44|37|41|37|44|35|42|44|51|41|40|38|256|41|49|50|43|271|289|33|33|40|280|47|280|50|63|48|56|61|66|74|295|63|51|525|268|256|30|22|272|26|19|18|17|23|17|18|14|20|29|21|19|
2017-03-14|6|1_CTs|CT4||7|4|6|3|2|2|5|1|2|2|1|2|1|1|0|2|2|2|0|1|1|1|0|0|1|3|0|6|5|15|18|35|72|49|16|28|31|27|26|29|29|22|23|36|19|25|22|18|32|36|29|31|48|26|26|21|37|35|289|23|34|26|41|31|25|39|50|50|49|43|50|60|42|59|47|41|56|45|300|27|34|30|33|288|24|14|16|14|15|6|14|11|6|17|7|10|
2017-03-14|6|1_CTs|CT5||6|16|7|10|6|5|8|6|6|1|2|4|3|0|3|3|7|2|7|3|9|7|6|12|9|13|20|14|22|31|308|56|98|228|291|119|397|154|118|114|94|346|75|61|62|72|66|69|73|75|55|62|57|46|291|61|83|68|331|77|73|66|84|68|69|58|75|76|333|92|355|91|77|90|100|75|73|68|68|61|68|43|43|41|38|37|39|281|30|34|30|26|26|22|16|271|
2017-03-14|6|1_CTs|CT7||8|6|7|1|1|3|1|1|2|256|1|2|3|1|2|1|1|1|4|2|3|2|1|3|8|259|5|13|268|17|23|31|40|35|31|39|29|28|29|53|23|25|26|25|27|27|24|32|23|35|28|33|27|26|30|24|30|32|23|252|28|25|26|26|21|31|29|33|22|20|26|19|19|24|16|24|22|27|20|33|18|18|17|13|11|6|268|19|15|8|13|4|7|6|7|5|
2017-03-14|6|1_CTs|CT8||39|31|23|17|15|7|8|13|10|5|5|6|11|7|9|5|5|5|6|5|12|14|19|29|23|27|41|49|319|122|621|445|217|194|161|157|182|171|386|188|156|141|158|381|131|143|286|188|128|377|131|144|147|201|297|281|161|410|399|151|159|388|157|375|399|411|168|371|613|198|175|449|430|199|188|633|167|173|168|349|149|117|367|557|86|275|64|78|62|59|58|58|63|56|42|44|
2017-03-14|6|1_CTs|CT10||22|27|27|12|11|8|10|9|7|6|1|8|3|3|3|4|7|1|2|3|9|13|12|13|26|25|31|37|55|79|131|179|423|173|182|169|166|211|194|182|180|176|165|160|134|149|151|371|159|143|140|138|153|392|411|165|143|164|392|144|134|402|147|143|407|437|183|223|434|205|224|212|220|209|231|459|191|463|193|162|154|147|636|96|93|85|76|66|308|316|61|44|55|42|37|33|
2017-03-14|6|1_CTs|CT11||26|17|22|17|7|8|11|3|3|9|6|4|3|3|4|5|264|8|13|8|11|14|14|37|35|39|31|316|369|161|285|289|193|200|164|237|291|517|498|230|214|438|217|220|169|654|383|531|172|168|170|186|219|420|455|681|196|211|222|213|180|688|184|455|169|472|239|225|207|232|213|220|212|210|467|436|160|172|152|175|145|157|126|369|115|87|70|91|308|64|61|295|60|294|45|34|
2017-03-14|6|1_CTs|CT12||39|23|27|20|13|6|11|9|10|5|8|9|6|1|3|2|5|10|5|2|13|13|20|17|28|34|42|44|64|99|166|463|566|682|437|315|319|306|261|504|203|450|209|197|162|176|213|429|192|445|164|166|185|224|418|173|176|214|681|176|459|434|185|210|437|507|513|304|775|288|250|226|493|219|224|449|196|295|249|232|203|209|151|144|130|101|95|344|73|305|328|57|67|50|57|44|
2017-03-14|6|1_CTs|CT15||19|22|16|15|14|8|5|8|9|1|7|5|7|4|8|7|11|265|12|15|17|19|245|25|31|36|41|60|77|99|157|447|271|269|419|199|201|415|203|187|136|105|132|101|306|353|478|177|105|118|134|387|106|117|131|115|134|123|339|365|119|113|103|371|130|153|400|191|449|237|195|197|397|158|657|599|39|138|404|118|106|66|296|309|49|58|284|53|58|49|36|27|38|32|33|33|
2017-03-14|6|1_CTs|CT16||32|30|25|16|11|14|11|7|6|10|8|5|6|6|5|6|10|5|11|9|13|12|11|20|27|29|36|76|86|356|462|270|586|295|280|279|256|503|474|274|224|225|233|232|398|187|424|692|193|441|198|186|197|205|453|191|227|466|206|209|192|681|191|201|201|226|219|247|461|220|243|227|229|227|208|482|210|191|411|187|147|172|147|117|106|79|92|355|79|75|339|52|67|63|49|45|
2017-03-14|6|1_CTs|CT17||10|7|3|4|4|2|2|3|1|3|5|1|2|1|3|0|0|1|0|2|0|2|3|1|1|4|2|3|5|18|19|35|294|83|71|97|95|592|84|56|43|40|57|42|49|45|59|60|62|66|45|46|51|56|51|39|52|51|318|50|62|322|59|48|53|63|78|338|89|91|85|107|83|107|103|112|96|319|323|63|49|52|52|28|35|19|28|26|262|22|19|25|18|15|15|11|
2017-03-14|6|1_CTs|CT18||38|51|25|33|23|19|19|12|15|9|3|12|10|7|11|9|18|4|13|12|18|17|20|26|38|292|51|314|109|126|466|539|294|177|156|131|189|714|183|212|241|789|524|251|217|259|378|317|222|496|210|225|197|245|229|221|222|230|254|254|253|472|245|263|239|513|512|270|539|292|290|297|558|302|562|550|282|523|512|745|228|182|178|161|149|354|616|116|98|103|103|80|109|338|60|317|
2017-03-14|6|1_CTs|CT19||27|19|29|21|267|13|11|15|6|264|6|5|4|4|8|3|2|7|2|4|8|6|2|6|5|10|16|14|31|49|311|94|479|186|180|218|217|194|187|167|139|387|126|132|359|142|288|461|145|127|142|403|165|154|144|102|147|138|400|155|135|152|384|404|132|165|445|709|219|220|238|216|214|255|246|222|217|421|444|657|179|135|120|94|336|326|74|325|63|60|52|48|48|57|54|32|
2017-03-14|6|1_CTs|CT20||145|15|14|6|14|5|6|4|1|8|9|4|2|2|5|2|10|1|4|8|5|8|9|13|17|14|15|25|36|44|52|345|145|106|93|111|406|377|4|48|107|36|133|108|5|362|129|49|66|374|120|107|112|361|362|9|24|47|16|118|44|339|127|337|126|107|105|371|33|29|139|146|166|147|137|639|155|363|347|24|90|43|54|64|69|57|53|40|318|295|298|37|44|44|32|25|
2017-03-14|6|1_CTs|CT21||52|45|40|33|21|18|14|8|9|7|14|21|18|17|6|15|20|20|19|35|35|34|287|61|68|316|87|147|395|478|541|357|594|448|474|535|332|315|323|321|277|230|505|257|399|234|472|198|206|190|473|490|207|397|441|217|213|713|437|213|213|254|223|240|190|235|235|253|478|291|483|258|494|295|288|289|233|208|233|664|182|144|126|355|358|113|343|326|117|364|101|329|102|79|92|69|
2017-03-14|6|1_CTs|CT23||51|35|44|24|203|32|11|20|13|16|15|10|16|12|13|5|13|10|13|10|15|28|34|36|46|60|59|89|140|177|496|540|587|356|301|278|249|503|512|270|276|204|234|231|199|208|226|201|212|456|217|233|446|227|658|448|241|247|267|523|225|496|222|747|738|255|501|273|310|337|562|306|319|315|568|566|331|544|307|324|281|194|198|172|137|104|102|114|102|98|317|74|87|105|76|72|
