2014-10-11|2|1_CTs|ct1||123|145|136|145|101|64|71|59|43|55|37|36|34|27|30|29|24|34|32|30|27|35|37|40|28|38|49|53|44|71|72|97|102|81|102|110|111|110|142|148|165|197|174|195|175|170|185|171|209|168|166|195|192|190|184|170|174|171|186|199|179|177|190|145|152|157|151|142|155|140|135|138|134|164|148|147|156|164|153|179|152|169|158|170|191|172|173|137|130|136|143|114|118|102|135|134|
2014-10-11|2|1_CTs|ct2||69|69|69|75|57|54|43|41|35|37|23|23|28|27|24|25|24|34|29|26|24|25|19|20|15|22|21|25|23|26|33|31|41|30|37|35|59|49|53|71|74|95|82|83|87|84|73|76|76|89|90|72|94|83|71|66|81|69|77|73|69|92|93|108|128|108|111|119|107|133|81|112|109|147|109|115|106|114|140|123|125|131|154|111|136|109|85|76|87|55|77|75|66|58|83|70|
2014-10-11|2|1_CTs|ct3||137|162|144|181|136|102|87|84|64|83|69|59|60|45|44|38|44|44|49|49|35|43|45|51|32|36|41|56|42|57|75|74|76|92|101|100|112|123|143|133|165|176|212|215|158|186|180|174|206|223|174|203|206|208|198|162|204|177|194|193|200|183|191|204|234|220|236|207|216|246|243|205|233|230|205|188|190|195|231|205|215|234|222|238|167|216|201|145|165|161|157|153|177|138|148|189|
2014-10-11|2|1_CTs|ct4||73|100|83|70|79|63|68|59|45|43|60|46|48|35|37|39|31|42|28|26|36|30|27|24|26|32|31|30|41|37|29|65|42|55|64|78|68|81|90|94|99|92|118|122|116|113|121|112|120|110|129|133|115|138|119|109|110|83|110|123|94|123|114|108|111|114|119|109|121|125|118|124|105|117|98|100|100|89|116|106|97|90|115|94|88|101|100|91|85|76|93|109|95|129|98|100|
2014-10-11|2|1_CTs|ct5||166|177|149|118|119|92|114|87|76|60|76|73|59|54|51|62|48|64|48|43|58|39|36|35|31|40|56|57|44|49|43|75|53|77|98|103|116|122|141|150|157|147|168|173|186|157|192|184|193|201|171|190|194|226|191|214|175|183|192|194|189|187|169|147|123|161|140|161|123|149|163|170|183|211|181|220|208|207|236|228|193|184|229|191|153|188|196|149|150|132|150|175|180|203|185|175|
2014-10-11|2|1_CTs|ct6||33|41|45|40|35|34|36|28|24|20|32|32|31|18|16|25|17|31|22|20|26|20|13|19|18|12|15|17|16|14|15|22|14|21|18|22|31|26|26|28|36|38|42|34|38|36|49|49|40|45|45|52|39|55|37|33|35|45|40|46|42|43|46|40|45|56|50|56|45|42|44|52|49|75|67|71|57|63|67|47|58|48|55|63|43|40|51|46|43|45|38|54|50|53|47|42|
2014-10-11|2|1_CTs|ct17||159|182|175|202|163|133|129|98|88|98|78|71|79|62|60|44|59|41|46|62|46|43|54|54|34|48|47|58|61|59|87|85|90|85|113|115|135|174|162|168|177|238|223|236|196|238|217|250|227|238|214|225|225|243|206|196|222|211|208|228|239|229|208|211|228|231|233|227|230|219|251|211|240|217|222|230|219|249|218|224|227|205|268|265|191|230|233|162|194|174|167|161|175|173|169|197|
2014-10-11|2|1_CTs|CT19||68|73|65|75|49|43|60|38|40|35|35|29|39|16|21|25|13|16|19|8|13|8|18|16|10|19|16|26|27|27|23|44|40|42|55|52|55|72|57|82|66|99|92|116|102|97|116|100|116|119|117|123|105|121|129|80|94|105|115|94|109|111|103|105|116|125|123|120|105|126|108|103|104|135|109|125|103|123|118|111|95|99|107|120|84|90|88|59|77|77|78|79|88|96|71|66|
2014-10-11|2|1_CTs|CT20||67|75|74|49|70|71|65|62|62|47|46|48|41|49|52|41|25|30|28|41|30|25|13|22|16|19|27|15|19|26|18|28|29|44|32|51|63|68|49|83|69|63|67|70|81|80|72|84|84|80|85|80|77|92|81|81|88|80|67|73|79|69|68|81|76|91|70|86|81|83|99|71|92|69|80|75|86|62|86|88|79|74|88|76|82|63|73|60|66|56|64|74|75|90|72|61|
2014-10-11|2|1_CTs|CT21||37|45|42|32|49|51|39|33|37|25|13|18|19|20|21|19|10|10|7|10|15|10|8|9|9|7|10|6|8|7|9|15|15|26|22|26|36|34|34|40|52|31|47|41|58|52|46|53|56|52|50|48|58|57|55|37|52|49|45|51|55|41|53|58|60|72|75|52|68|77|68|62|68|66|61|71|52|60|49|58|48|52|46|47|27|35|42|26|32|41|34|42|47|53|38|42|
