2017-06-29|6|1_CTs|CT1||1|0|0|1|0|0|0|2|0|0|0|1|0|0|0|1|0|1|1|0|3|3|4|1|3|3|2|3|7|3|15|18|30|25|48|34|45|26|29|46|11|11|15|8|15|263|11|10|2|8|11|7|6|7|8|6|11|11|11|11|12|7|15|10|13|10|4|7|271|13|7|10|10|19|13|5|3|7|8|4|4|4|10|9|8|6|6|11|3|4|3|2|2|0|6|2|
2017-06-29|6|1_CTs|CT3||18|17|11|15|18|6|3|4|1|1|1|3|8|3|5|2|3|4|15|18|12|14|20|243|34|30|33|37|34|44|63|68|69|90|342|306|70|76|70|68|327|65|45|62|65|62|326|51|41|65|52|42|52|48|48|46|44|268|295|45|304|57|52|55|58|65|53|50|51|74|65|63|54|78|72|62|57|275|44|38|50|31|26|30|27|43|23|36|30|32|20|25|22|22|22|34|
2017-06-29|6|1_CTs|CT4||6|5|6|5|3|4|2|5|2|1|3|2|0|1|1|0|0|1|0|2|1|1|2|1|1|1|2|4|9|12|9|14|9|22|15|21|26|26|23|273|22|18|23|19|22|20|22|26|24|30|21|279|35|33|16|41|22|20|26|26|21|26|21|289|40|42|34|37|39|48|44|45|45|50|44|50|36|27|27|24|22|23|15|25|22|18|14|7|9|11|12|12|12|271|271|14|
2017-06-29|6|1_CTs|CT6||25|29|18|19|6|9|8|5|8|2|2|6|1|4|5|0|6|6|6|7|9|17|12|16|15|21|24|19|34|280|74|92|119|331|138|129|111|135|95|339|346|93|116|116|341|154|358|111|325|121|103|118|76|89|307|133|111|117|310|366|117|112|121|125|112|105|353|122|124|104|117|351|116|120|123|119|108|118|106|110|337|108|87|75|78|83|86|58|318|71|71|34|76|299|299|40|
2017-06-29|6|1_CTs|CT7||11|10|7|3|3|2|0|0|1|3|4|3|3|0|3|2|0|0|6|0|2|1|2|4|6|1|6|9|14|19|18|15|28|32|38|43|33|47|39|31|33|31|35|22|24|33|23|27|263|30|27|284|29|38|24|28|22|22|25|25|35|23|24|24|25|24|27|27|25|34|17|29|31|29|20|17|264|22|27|26|27|26|19|23|17|21|24|13|8|9|8|13|10|11|12|8|
2017-06-29|6|1_CTs|CT8||50|61|38|260|27|22|228|20|10|10|13|15|14|12|14|7|4|236|7|10|6|13|20|19|24|31|42|57|329|110|378|414|204|371|430|370|394|161|179|488|478|131|143|139|545|362|414|377|345|381|141|163|146|120|388|317|169|168|171|503|328|394|160|369|387|437|405|146|163|196|165|175|178|189|388|663|359|163|145|155|388|160|142|126|376|98|106|88|253|74|81|307|72|81|76|58|
2017-06-29|6|1_CTs|CT10||36|41|27|27|18|16|9|6|10|9|5|6|12|6|8|8|3|7|3|2|7|14|11|22|24|22|32|48|308|330|87|115|366|159|190|468|197|162|189|311|278|163|144|400|154|171|130|375|895|131|149|131|138|135|117|117|378|147|413|133|410|167|186|196|572|1329|471|237|468|199|490|233|239|212|229|230|233|213|183|705|167|175|474|209|147|163|640|366|632|71|61|306|56|59|41|46|
2017-06-29|6|1_CTs|CT11||48|273|29|19|16|13|10|272|11|4|8|7|9|11|3|8|2|4|6|2|12|273|25|30|37|36|57|72|100|132|478|241|485|523|524|508|260|744|241|216|487|469|475|177|169|200|179|185|178|180|205|424|430|196|159|186|157|183|220|214|195|183|174|431|195|182|397|424|188|201|186|704|202|200|700|184|168|194|164|187|161|166|389|357|637|117|96|127|323|68|297|311|71|311|52|54|
2017-06-29|6|1_CTs|CT12||66|49|39|38|32|18|15|7|15|15|7|5|14|5|10|8|8|5|8|6|11|21|13|27|25|36|36|51|310|101|363|668|192|474|286|518|267|278|219|604|350|191|184|437|189|224|175|185|457|472|226|427|193|188|163|176|449|428|466|702|203|197|231|226|248|740|546|280|793|299|530|551|323|273|296|231|540|292|236|246|207|212|232|245|472|202|383|167|368|350|88|79|83|74|67|54|
2017-06-29|6|1_CTs|CT15||40|37|25|19|13|14|7|14|11|15|3|11|7|11|7|5|10|8|20|18|23|23|27|43|37|41|46|74|76|90|120|192|431|234|485|230|202|454|425|160|157|128|542|137|354|346|127|119|120|127|134|128|121|115|131|123|121|116|376|395|398|141|177|153|173|730|434|215|662|232|214|691|183|184|226|173|137|141|161|227|632|109|85|86|314|88|71|64|276|57|260|60|45|44|41|37|
2017-06-29|6|1_CTs|CT16||51|62|34|21|25|18|8|8|8|9|13|12|14|8|8|9|3|6|8|1|10|15|21|19|33|260|48|66|345|365|167|187|446|461|254|1019|529|521|231|256|232|208|489|184|454|224|182|182|183|434|200|187|170|211|422|447|156|207|440|201|196|200|183|190|454|202|181|182|707|191|207|470|214|467|501|208|196|204|179|429|195|183|167|398|391|128|110|97|826|81|68|66|80|73|59|51|
2017-06-29|6|1_CTs|CT17||19|14|10|12|232|7|6|2|9|11|2|4|1|0|0|1|0|6|0|3|1|2|1|0|0|4|7|8|14|13|16|31|25|39|57|65|319|324|61|59|300|50|41|44|44|58|50|58|300|58|64|51|58|52|53|55|567|59|58|46|60|58|54|63|66|71|68|84|89|98|96|77|97|92|347|80|100|72|65|51|56|44|285|281|36|35|30|31|19|292|28|282|19|26|292|11|
2017-06-29|6|1_CTs|CT19||53|41|33|28|28|25|14|19|19|17|9|8|8|267|7|8|6|6|5|8|10|7|5|5|7|266|19|20|27|294|59|80|98|127|167|196|174|418|414|161|146|144|131|387|148|416|133|140|146|160|157|597|135|107|120|115|125|140|154|148|141|161|130|154|172|673|180|203|212|260|244|210|250|206|733|264|225|469|190|158|407|160|351|112|121|77|598|75|67|85|72|71|54|76|59|52|
2017-06-29|6|1_CTs|CT20||28|23|26|14|10|16|7|4|252|10|4|4|4|8|9|5|4|5|5|4|9|11|12|13|18|13|14|18|294|47|52|328|92|111|86|123|126|371|132|99|611|107|104|97|365|120|39|118|611|113|67|16|41|20|98|108|619|108|372|610|111|118|70|49|121|331|122|122|122|131|126|113|98|18|343|353|358|103|108|72|13|88|97|68|86|76|19|49|315|58|78|62|49|59|52|37|
2017-06-29|6|1_CTs|CT21||84|82|61|48|37|34|27|25|14|15|21|22|21|19|16|17|217|28|29|51|37|38|48|76|84|71|101|140|159|214|247|337|528|547|528|521|296|275|249|490|252|425|245|449|252|251|478|213|666|708|219|196|174|187|219|207|412|733|477|222|219|255|188|211|232|490|219|245|227|213|257|243|228|278|240|474|235|402|231|220|211|189|396|368|149|136|121|391|117|139|115|94|115|122|94|92|
2017-06-29|6|1_CTs|CT22||0|0|0|0|0|0|0|0|0|0|0|0|0|0|0|0|0|8|0|0|0|0|0|0|0|0|0|0|0|0|0|0|0|0|0|0|0|0|0|0|0|0|0|0|0|0|0|0|0|0|0|0|0|0|0|0|0|0|0|0|0|0|0|0|0|0|0|0|0|0|0|0|0|0|0|0|0|0|0|0|0|0|0|0|0|0|0|0|0|0|0|0|0|0|0|0|
2017-06-29|6|1_CTs|CT23||91|85|64|60|43|34|17|23|19|17|24|15|19|13|22|12|11|12|269|24|16|25|41|41|54|47|75|85|395|349|738|541|556|285|541|499|443|207|244|250|743|442|444|223|459|456|225|225|672|218|224|210|488|207|223|691|247|245|511|241|517|490|244|514|235|532|514|260|283|518|516|283|272|260|303|266|258|463|221|211|263|257|216|197|161|163|148|148|136|635|137|114|115|97|112|83|
2017-06-29|6|1_CTs|CT24||317|72|49|249|43|39|38|33|22|17|18|23|20|8|19|20|17|215|12|21|22|27|30|48|35|47|66|82|131|130|166|197|247|502|553|555|345|308|286|272|247|511|476|496|469|239|235|279|267|233|222|707|246|475|239|236|462|479|497|292|515|278|292|309|339|565|538|352|614|368|897|366|376|364|356|349|371|625|564|509|303|239|247|458|224|190|173|151|361|156|363|124|120|370|93|86|
