2011-03-13|6|1_CTs|CT1||1|3|0|0|1|0|0|0|2|0|1|0|2|0|1|1|0|0|1|0|2|0|1|1|2|3|3|3|3|1|1|2|1|1|2|3|2|1|2|1|3|3|2|3|1|5|2|5|1|0|5|6|3|2|2|0|3|2|2|6|5|1|2|3|3|1|2|1|0|4|2|3|3|1|1|2|3|2|2|4|1|2|2|2|1|2|0|1|0|1|2|1|1|2|1|1|
2011-03-13|6|1_CTs|CT3||14|16|3|8|10|14|6|4|2|4|1|4|6|4|3|3|5|6|15|12|12|15|11|36|23|29|46|40|39|41|45|45|30|32|42|27|34|40|32|46|36|42|42|31|37|44|32|44|50|44|41|56|39|43|45|52|55|45|31|52|47|33|32|47|44|43|42|61|55|53|59|49|79|81|47|53|45|43|41|38|55|27|37|21|26|28|38|21|23|32|24|12|26|31|18|18|
2011-03-13|6|1_CTs|CT4||11|16|4|6|5|8|2|4|3|2|8|2|4|4|0|2|3|3|4|1|4|3|1|2|2|1|2|0|3|4|3|5|5|7|3|8|3|2|5|5|6|8|9|16|17|12|13|18|20|19|15|12|24|11|21|15|18|14|18|17|20|25|17|24|21|22|25|28|19|22|29|26|23|22|28|27|17|16|23|14|24|29|14|16|18|10|10|12|15|8|14|13|9|16|14|10|
2011-03-13|6|1_CTs|CT5||23|13|17|17|21|17|14|14|14|15|14|13|8|11|11|10|12|3|11|12|11|8|9|12|3|4|10|4|10|11|13|12|11|14|14|8|20|14|14|28|20|13|14|19|19|21|26|25|29|21|23|10|19|14|25|31|19|11|25|24|20|14|17|27|25|40|43|44|35|33|31|33|40|32|47|43|34|32|35|51|36|42|45|38|32|20|27|16|21|23|32|31|15|23|16|21|
2011-03-13|6|1_CTs|CT6||26|31|26|18|25|24|19|11|7|11|17|7|7|5|6|8|14|8|9|11|6|5|4|6|11|14|10|9|13|9|17|10|14|12|18|27|36|21|31|38|51|42|60|59|40|73|64|80|54|94|84|86|87|100|86|82|73|74|65|68|71|77|86|87|86|91|91|89|67|87|98|74|77|86|79|82|99|102|84|72|73|70|75|49|55|38|38|33|49|40|48|36|32|30|27|21|
2011-03-13|6|1_CTs|CT7||5|5|3|3|3|5|5|0|2|3|2|5|0|3|3|1|3|1|4|2|3|0|0|6|3|0|3|2|4|2|3|3|1|2|3|7|8|4|10|3|5|9|21|11|11|7|16|14|14|24|15|13|12|16|8|11|17|19|12|20|8|19|19|20|18|17|12|17|17|26|20|20|22|18|19|15|27|15|10|18|20|12|11|9|13|10|10|6|7|14|11|10|12|6|8|12|
2011-03-13|6|1_CTs|CT8||62|52|42|37|42|30|26|22|23|25|27|14|24|19|21|15|24|20|14|3|9|5|13|12|10|12|12|17|18|24|32|28|15|20|29|34|48|40|38|49|56|59|56|72|59|51|77|87|62|77|67|73|89|91|92|92|87|92|103|104|130|116|85|106|99|90|100|123|108|119|105|116|139|120|126|137|143|150|122|106|112|95|78|77|69|52|78|65|48|74|68|53|54|45|54|43|
2011-03-13|6|1_CTs|CT9||54|46|46|54|31|33|46|21|32|21|24|26|33|25|18|15|20|21|22|20|20|12|14|32|20|31|33|34|39|44|50|49|38|32|54|59|53|64|65|89|65|71|88|89|85|94|95|102|114|105|113|122|124|120|135|116|101|134|116|152|119|149|151|145|151|152|132|146|164|154|157|169|149|144|174|161|155|164|115|118|126|92|81|92|68|86|82|84|68|70|73|77|53|58|58|43|
2011-03-13|6|1_CTs|CT10||40|50|38|35|25|22|40|15|15|17|25|18|11|21|16|13|7|15|10|15|7|10|9|13|8|20|28|21|27|22|27|41|30|37|28|39|37|49|43|69|56|59|65|56|70|85|115|89|84|80|97|94|77|114|95|80|91|91|81|86|90|109|111|124|108|125|129|91|135|112|105|108|109|106|106|145|105|119|103|99|83|84|133|69|62|40|61|65|54|75|91|72|40|47|38|38|
2011-03-13|6|1_CTs|CT11||49|36|28|30|24|18|19|15|21|21|17|19|20|10|15|11|10|6|8|8|11|6|10|7|15|27|31|26|27|39|49|35|26|35|46|46|35|50|66|72|66|83|82|86|82|80|58|76|81|103|100|120|102|101|90|97|85|97|84|115|124|114|108|103|106|109|107|118|97|99|120|102|118|107|92|104|98|86|97|120|91|86|75|62|56|64|54|52|42|43|56|53|47|38|37|34|
2011-03-13|6|1_CTs|CT12||33|44|35|33|29|27|43|8|18|30|22|16|27|17|14|10|12|17|11|8|11|12|11|14|15|29|26|20|20|25|28|44|29|41|30|44|36|58|52|73|74|70|86|92|78|82|115|95|100|103|101|123|100|112|89|92|98|86|86|87|112|105|104|114|100|135|123|102|132|131|103|118|111|108|113|128|121|119|98|108|106|95|112|76|63|55|48|55|55|65|68|75|36|35|27|49|
2011-03-13|6|1_CTs|CT13||27|22|23|26|19|18|23|9|17|12|13|11|11|10|12|8|17|5|12|11|10|2|8|19|18|12|26|25|24|24|27|37|18|23|34|32|36|38|42|59|48|47|59|62|52|59|65|59|66|79|71|80|76|66|68|81|69|73|72|102|64|93|84|75|83|85|74|90|78|113|93|97|97|94|106|82|116|97|76|81|90|64|62|41|38|55|37|51|40|45|41|41|48|32|35|31|
2011-03-13|6|1_CTs|CT14||24|30|27|20|26|14|27|15|13|10|9|10|19|11|7|7|8|14|10|7|3|9|9|15|8|18|19|12|5|13|16|25|28|29|23|15|20|36|33|39|38|28|42|71|41|34|64|56|73|57|62|83|68|76|67|63|49|60|47|71|69|75|68|71|77|78|75|70|78|100|77|66|72|79|78|88|77|71|56|65|63|58|54|47|49|51|41|33|46|40|56|50|30|32|30|35|
2011-03-13|6|1_CTs|CT15||15|14|13|12|14|17|10|5|6|7|1|7|5|7|5|7|9|5|8|8|5|7|18|13|11|13|13|14|17|14|22|27|15|14|23|19|25|37|35|32|37|38|43|40|30|41|39|50|50|48|43|42|42|46|42|38|46|40|62|53|43|47|53|50|44|46|61|80|54|69|64|77|62|85|65|61|70|57|58|72|55|43|44|26|29|36|27|30|25|32|13|26|29|19|21|18|
2011-03-13|6|1_CTs|CT16||56|50|34|34|44|27|29|18|20|18|24|16|16|18|22|16|14|7|13|9|12|7|9|11|9|21|25|27|32|25|27|34|27|33|37|36|44|45|56|70|55|78|77|68|76|87|86|91|87|114|108|115|108|135|102|107|86|112|102|113|115|135|125|133|124|128|128|121|120|137|127|112|127|110|109|142|123|113|121|121|114|111|99|81|72|68|73|69|57|72|66|64|59|55|44|50|
2011-03-13|6|1_CTs|CT17||18|29|7|15|6|14|17|3|5|5|7|7|6|7|2|3|5|3|2|5|3|2|4|2|3|11|4|5|4|4|8|6|4|8|10|4|9|18|5|8|9|20|31|41|38|34|59|45|40|37|42|47|45|61|64|37|41|47|53|43|63|46|52|61|68|51|67|56|76|58|60|65|72|60|64|67|54|58|34|51|52|33|33|32|51|36|32|32|27|41|28|21|14|21|21|25|
2011-03-13|6|1_CTs|CT18||85|61|52|56|58|43|39|40|31|39|42|33|26|34|28|28|28|23|27|28|24|21|22|20|16|25|32|34|37|40|38|36|38|41|51|52|56|46|65|67|83|104|81|97|104|115|117|117|127|127|134|148|157|146|147|137|136|124|148|146|178|169|169|199|182|179|177|194|191|197|170|207|188|179|195|187|174|167|157|156|138|144|144|115|120|87|96|85|76|85|105|90|78|65|53|63|
2011-03-13|6|1_CTs|CT19||58|46|38|28|27|29|36|28|26|26|23|29|24|21|21|18|20|16|14|12|14|22|14|15|13|24|15|19|10|22|18|20|25|18|19|25|30|32|38|50|48|63|53|51|66|56|87|79|81|89|99|92|94|111|91|86|83|72|73|69|86|94|101|110|109|96|104|101|109|95|113|99|116|104|126|132|130|95|101|91|86|80|71|62|58|50|42|44|46|48|42|35|36|48|32|29|
2011-03-13|6|1_CTs|CT20||22|18|18|15|19|25|11|11|7|14|12|12|12|11|6|11|9|8|9|10|12|6|18|7|13|11|20|15|20|20|21|27|21|18|30|26|31|30|2|24|48|55|58|41|63|60|44|36|82|56|18|73|31|100|8|68|75|94|45|23|70|81|84|84|90|52|88|49|97|97|88|96|10|74|97|80|83|59|43|71|20|54|27|48|68|10|42|26|32|30|23|23|32|19|18|21|
2011-03-13|6|1_CTs|CT21||82|72|65|65|55|48|26|36|44|36|29|29|21|28|12|15|22|30|20|19|24|16|19|31|31|47|50|54|38|57|76|75|38|53|87|53|73|91|74|97|97|99|119|113|101|123|142|130|125|131|152|163|157|164|147|156|148|168|170|163|206|209|204|219|185|222|203|210|210|221|213|241|227|213|239|240|225|217|215|196|195|152|149|131|138|124|139|140|145|142|144|113|110|87|75|81|
2011-03-13|6|1_CTs|CT22||112|106|85|77|70|89|63|64|58|51|61|48|50|44|50|33|37|48|51|32|43|43|50|75|55|77|81|79|77|84|65|92|65|73|95|124|88|121|122|115|126|121|132|152|153|145|159|193|211|181|187|195|197|179|172|192|167|165|186|180|187|211|213|208|191|225|220|208|211|237|210|195|231|224|236|204|232|213|182|192|191|195|184|135|131|127|128|120|115|134|122|120|99|77|94|99|
2011-03-13|6|1_CTs|CT23||80|80|48|62|57|65|46|33|31|41|43|19|27|31|25|16|26|15|23|13|19|19|18|28|30|31|32|40|42|55|69|68|48|45|63|60|72|74|87|104|85|120|92|114|115|109|136|143|150|141|141|136|173|161|145|159|158|137|161|189|198|209|169|177|181|165|188|207|175|176|173|179|184|192|217|220|227|220|211|176|145|146|116|108|115|108|130|91|92|113|114|72|93|66|68|62|
2011-03-13|6|1_CTs|CT24||109|99|78|63|74|57|54|33|50|54|38|37|47|25|37|25|13|34|30|17|28|27|27|27|34|39|38|37|46|54|47|57|47|53|66|60|60|77|73|85|89|88|93|93|101|84|106|127|130|124|150|167|149|146|162|121|126|122|140|108|151|149|139|173|182|165|222|170|179|187|191|165|173|207|190|181|162|192|172|163|150|142|129|124|101|105|87|107|87|117|166|126|90|95|76|88|
