2013-07-18|3|1_CTs|ct1||62|48|44|33|33|24|19|10|13|8|17|12|13|6|5|5|1|6|7|10|5|8|6|19|12|26|28|27|40|68|94|132|169|187|224|221|188|200|191|168|166|156|145|154|153|179|148|159|150|169|164|204|205|154|161|145|187|162|180|213|216|178|178|183|187|205|222|222|223|211|194|199|201|198|218|227|206|233|216|220|195|189|162|151|145|103|95|99|105|94|81|71|87|68|76|84|
2013-07-18|3|1_CTs|ct3||84|62|78|75|55|28|49|31|33|21|16|27|17|18|11|17|16|14|10|19|29|15|30|46|23|32|52|47|65|90|134|178|197|243|251|261|254|254|268|225|240|237|219|231|236|248|210|233|240|224|208|269|260|230|222|227|223|237|238|251|263|201|228|235|245|222|235|249|233|205|198|204|199|189|204|234|208|227|198|219|216|229|224|200|197|166|180|180|136|143|133|124|140|121|107|128|
2013-07-18|3|1_CTs|ct5||147|104|136|104|83|62|49|45|45|38|36|20|25|22|22|22|11|15|16|15|20|13|17|19|20|22|21|39|34|57|109|119|140|187|217|200|243|216|214|210|201|181|172|192|182|196|190|224|189|216|228|198|253|211|196|192|212|210|191|218|225|215|220|245|239|262|278|295|282|290|284|264|306|270|320|274|295|273|253|265|251|270|218|187|183|181|152|157|150|144|148|144|152|143|133|156|
2013-07-18|3|1_CTs|ct6||13|11|7|4|7|2|1|6|3|3|3|0|3|1|0|1|0|3|1|3|5|1|1|3|7|3|8|8|16|20|36|38|45|57|45|59|65|65|64|61|52|32|34|25|43|37|35|47|57|30|47|42|39|45|44|37|43|45|52|62|73|55|58|37|52|50|42|44|50|64|56|55|48|64|47|59|54|68|53|49|39|43|38|32|31|23|20|27|17|21|25|11|20|18|12|16|
2013-07-18|3|1_CTs|ct7||109|128|182|114|109|80|69|62|70|54|43|49|39|25|29|36|28|26|21|26|31|22|26|29|37|37|33|38|51|54|76|82|101|120|128|140|154|160|149|147|142|162|165|160|145|178|163|172|184|220|203|199|184|161|168|149|167|171|186|199|198|181|72|106|116|94|167|178|182|147|81|89|116|48|83|104|95|146|163|173|154|167|146|151|151|158|130|132|154|121|151|139|141|143|155|172|
2013-07-18|3|1_CTs|ct9||91|82|69|75|52|48|47|48|49|40|36|22|29|29|42|26|22|33|22|23|16|18|28|25|28|33|31|50|46|75|100|116|154|197|202|190|207|219|207|196|174|144|180|198|183|170|161|182|163|185|147|143|135|132|138|131|161|170|197|196|169|184|174|186|184|168|186|169|164|202|219|196|200|200|175|165|168|192|182|164|172|141|147|141|127|103|109|87|112|91|99|93|92|86|86|85|
2013-07-18|3|1_CTs|ct10||99|107|91|86|69|67|46|55|47|43|51|50|39|30|34|30|27|26|30|22|18|20|22|24|21|29|39|33|39|31|58|76|76|114|142|155|167|173|137|155|135|133|125|126|132|130|133|144|138|134|141|132|124|141|130|127|139|135|137|153|160|140|140|141|139|154|164|156|152|146|154|159|140|166|146|139|165|164|140|148|136|135|146|123|118|120|104|99|74|77|101|94|109|120|122|110|
2013-07-18|3|1_CTs|ct13||502|184|387|1569|1379|1444|1300|1455|1777|1548|1057|73|62|70|2032|2178|2812|84|268|634|1427|1954|1199|82|85|465|594|277|137|246|148|212|170|262|262|294|265|274|265|289|273|267|242|270|295|236|310|301|293|385|278|428|538|403|465|569|355|1192|448|321|405|224|741|336|272|317|346|249|236|279|283|313|260|248|294|250|267|357|227|276|299|290|287|312|359|280|576|271|229|459|269|228|276|448|256|335|
2013-07-18|3|1_CTs|ct14||55|49|34|25|24|29|18|11|17|9|10|5|12|9|13|3|6|10|1|7|9|14|15|20|21|33|52|105|160|202|270|278|283|287|282|280|288|315|288|293|265|221|206|176|178|152|171|184|172|168|188|171|141|159|169|157|204|170|188|191|211|222|175|175|151|177|167|151|178|205|201|245|220|241|239|246|253|248|212|192|210|162|141|121|144|131|102|82|77|88|71|67|69|60|73|72|
2013-07-18|3|1_CTs|CT16||93|71|88|66|52|60|28|24|49|39|34|30|17|30|20|25|22|23|21|13|14|13|23|29|24|23|34|26|53|61|62|87|102|127|124|167|136|123|122|162|160|128|149|161|159|178|152|155|124|114|161|153|140|165|115|121|106|133|131|123|146|150|153|130|164|174|171|181|148|186|180|206|217|236|204|187|181|181|192|156|162|139|131|141|146|91|107|104|101|65|83|92|88|84|77|80|
2013-07-18|3|1_CTs|ct17||94|98|58|77|46|48|42|27|30|26|25|27|18|21|22|19|9|17|20|12|15|19|25|30|22|28|45|39|39|67|100|138|183|224|263|294|296|305|258|259|242|208|228|214|175|192|200|192|197|188|196|218|219|181|173|187|176|202|222|228|216|217|202|182|220|221|211|215|209|232|217|201|220|233|201|201|229|232|195|183|201|181|180|173|151|153|138|120|102|89|95|82|114|98|95|101|
2013-07-18|3|1_CTs|ct18||128|123|107|98|79|84|59|59|61|54|58|46|47|42|40|35|29|33|34|29|25|27|28|29|35|50|55|59|69|76|111|121|161|223|235|243|231|259|233|251|210|187|192|199|173|166|195|190|177|177|187|166|199|161|176|169|200|186|194|210|238|172|194|186|179|230|203|180|180|190|183|215|168|208|176|182|205|219|187|187|186|162|182|149|169|162|151|130|110|120|130|131|141|144|142|133|
2013-07-18|3|1_CTs|ct19||1|2|1|0|1|1|0|0|0|0|0|1|0|0|0|2|0|0|1|0|0|0|1|4|0|6|6|5|7|5|10|4|11|5|8|6|7|5|8|10|6|5|4|2|8|5|13|4|11|11|6|8|3|6|8|6|5|6|5|3|5|6|3|5|5|8|6|7|5|3|6|9|7|4|6|10|7|5|8|9|6|8|4|4|5|4|8|5|0|0|1|2|0|1|3|1|
2013-07-18|3|1_CTs|ct22||17|5|2|4|4|6|3|0|2|1|2|3|0|2|0|2|1|2|0|0|2|0|1|3|1|5|1|3|2|5|11|10|13|17|20|21|33|31|23|24|21|27|24|15|17|19|18|24|26|30|23|28|18|24|23|26|20|21|16|27|24|34|29|30|26|24|33|35|40|36|42|61|45|53|45|47|42|43|32|21|32|22|25|13|25|19|6|10|7|5|6|9|10|4|5|19|
2013-07-18|3|1_CTs|CT23||123|111|61|63|62|62|43|38|23|20|20|14|20|13|16|5|7|14|6|6|13|9|9|11|11|16|30|36|52|67|109|129|177|217|241|301|272|235|237|244|183|194|192|169|180|187|204|223|219|242|221|288|279|220|235|208|232|254|229|270|246|235|223|251|262|301|289|314|378|376|366|359|415|437|419|407|437|390|378|376|359|341|275|279|216|206|167|181|194|190|137|134|136|99|125|133|
2013-07-18|3|1_CTs|ct24||224|174|150|125|127|109|71|62|58|39|43|44|42|27|32|22|31|31|33|54|46|60|72|106|125|175|250|411|583|785|876|1020|1004|834|891|895|888|895|967|930|899|919|841|816|833|737|766|774|768|785|839|764|706|749|707|716|749|801|814|912|815|839|741|765|672|738|691|723|693|795|863|923|877|923|923|972|918|953|816|839|757|731|655|564|534|483|425|381|367|330|320|309|291|314|279|259|
