2014-11-18|3|1_CTs|ct1||27|34|15|13|17|8|6|7|7|6|6|1|2|6|1|3|4|3|7|3|6|6|9|9|16|12|32|41|53|81|151|179|229|242|214|240|211|221|204|185|198|195|164|142|153|174|183|168|191|173|209|191|175|181|177|137|144|155|193|194|160|186|192|160|170|199|180|209|182|196|213|189|187|214|195|182|201|223|194|191|168|121|119|114|79|88|84|97|86|77|69|60|82|41|57|44|
2014-11-18|3|1_CTs|ct3||50|48|26|27|18|29|14|21|13|9|9|4|5|11|13|14|14|21|15|22|15|20|26|29|26|32|62|66|80|118|192|196|239|240|256|238|240|212|255|235|264|259|263|226|227|246|235|208|211|211|210|241|248|221|224|198|225|214|240|233|241|193|221|228|185|192|190|199|161|156|176|168|171|174|170|114|150|182|177|159|155|122|142|132|87|88|92|101|87|84|75|86|98|48|60|52|
2014-11-18|3|1_CTs|ct5||89|76|48|44|37|37|25|16|23|18|15|14|14|11|14|16|12|14|12|9|4|5|10|9|20|15|23|37|57|70|108|142|204|213|244|248|241|210|210|161|184|198|164|192|165|183|204|218|204|218|239|245|236|250|173|165|210|230|207|239|217|209|208|247|250|266|290|281|300|269|267|293|292|262|201|199|239|279|278|232|243|210|186|171|151|139|109|151|152|174|140|132|122|117|94|108|
2014-11-18|3|1_CTs|ct6||10|6|6|4|0|0|1|0|1|2|1|3|2|0|1|0|0|1|1|1|4|0|4|5|4|5|14|16|32|30|40|43|69|65|94|74|67|63|77|69|74|69|48|64|57|59|55|45|52|56|47|53|58|57|69|55|55|67|62|65|74|63|83|59|48|51|52|46|69|37|59|48|55|52|57|55|48|61|59|57|46|55|47|34|30|19|23|18|17|25|16|22|17|10|5|10|
2014-11-18|3|1_CTs|ct7||72|82|65|45|35|40|47|30|29|31|16|39|15|7|17|20|21|16|22|22|19|16|25|34|32|40|30|42|54|53|75|116|120|104|141|148|144|164|160|132|158|150|165|173|172|149|174|182|180|190|188|195|195|163|144|155|146|159|184|192|184|214|198|191|148|73|56|0|0|18|48|48|48|41|63|41|58|128|155|148|137|142|114|112|99|89|96|119|99|102|111|91|100|78|90|97|
2014-11-18|3|1_CTs|ct8||34|34|27|23|19|21|20|20|14|22|8|15|7|7|10|15|13|16|15|12|10|10|17|20|13|21|22|22|30|40|39|59|70|60|76|85|92|87|86|86|90|98|116|124|117|105|103|114|111|123|124|120|141|111|92|98|94|109|107|109|102|140|124|129|139|135|130|118|137|137|126|117|113|122|106|90|121|73|92|88|74|94|62|65|61|39|51|70|55|69|57|50|50|46|41|54|
2014-11-18|3|1_CTs|ct9||236|200|97|133|82|72|156|113|85|66|129|102|253|89|41|35|14|19|16|35|30|38|34|33|67|78|51|53|82|101|180|264|315|318|415|345|403|353|639|1470|388|284|318|474|361|234|222|287|345|240|205|233|207|256|280|278|347|337|278|233|220|236|235|237|248|246|245|260|279|304|235|245|179|159|272|347|551|313|251|256|369|285|200|228|588|672|295|237|732|286|515|2425|1243|415|2909|302|
2014-11-18|3|1_CTs|ct10||65|52|40|40|31|22|33|28|23|29|17|16|12|7|10|11|7|7|13|13|9|16|20|21|16|19|29|38|30|46|83|113|145|163|172|178|159|166|146|134|113|127|126|120|114|127|127|140|126|146|129|134|139|125|111|137|143|159|146|134|153|134|138|141|134|133|146|135|144|140|145|93|89|68|107|112|131|127|121|134|115|137|122|117|98|78|86|77|105|99|76|92|87|77|66|88|
2014-11-18|3|1_CTs|ct13||142|124|105|92|76|88|79|54|60|56|45|42|36|44|46|51|36|56|42|40|38|42|70|56|68|78|76|119|88|131|171|233|230|271|287|236|278|205|224|247|232|251|259|277|247|258|268|896|251|301|569|257|321|258|291|350|307|871|259|254|337|254|543|259|361|291|222|252|242|291|218|207|220|207|148|150|252|237|272|283|286|292|281|247|235|233|218|287|265|240|221|224|206|198|156|204|
2014-11-18|3|1_CTs|ct14||22|23|23|21|8|12|10|8|8|8|6|3|3|10|4|8|9|3|4|11|10|11|10|18|22|37|77|134|215|300|284|288|274|276|271|254|272|269|272|292|245|213|224|217|222|164|153|169|179|177|184|189|175|159|165|183|201|176|193|200|167|182|215|170|163|177|185|201|195|219|214|245|226|226|199|202|233|235|216|224|220|152|136|104|76|96|90|93|81|92|72|67|48|57|60|46|
2014-11-18|3|1_CTs|CT16||67|58|72|69|26|29|29|47|62|32|27|41|24|25|74|32|9|11|20|28|24|21|30|34|94|57|29|25|55|99|91|106|97|124|153|171|149|173|186|172|150|165|147|132|173|170|195|162|161|196|160|139|131|169|130|129|191|195|152|164|191|210|208|230|201|179|211|197|194|187|217|263|238|306|269|226|287|225|205|216|162|170|159|145|116|111|118|105|69|105|110|85|82|83|108|123|
2014-11-18|3|1_CTs|ct18||83|64|60|48|39|29|40|36|26|26|20|16|16|7|14|12|7|12|15|12|15|20|23|38|27|30|40|58|60|95|146|173|243|246|282|287|266|257|224|218|197|191|162|182|147|177|183|185|180|179|194|198|176|162|164|199|195|191|207|195|170|166|211|188|164|156|219|170|173|158|169|180|75|120|121|187|174|175|199|171|162|189|173|148|124|110|112|101|113|118|106|110|109|95|85|103|
2014-11-18|3|1_CTs|ct19||1|1|0|0|0|0|0|0|0|0|0|0|1|0|0|0|0|0|0|0|0|2|2|0|1|7|4|9|18|8|11|3|6|6|8|9|11|9|7|13|3|8|6|3|6|5|3|7|2|6|9|5|5|6|7|4|4|6|8|6|8|5|8|8|8|4|4|6|7|3|16|3|7|7|8|7|5|11|8|5|5|7|6|8|12|3|5|5|0|1|0|2|0|2|1|4|
2014-11-18|3|1_CTs|ct22||5|3|1|2|1|1|2|2|2|1|0|1|1|1|0|0|1|3|1|0|0|0|3|2|0|1|2|3|1|5|4|13|17|14|20|12|16|5|24|21|21|21|18|13|23|20|24|18|20|26|25|27|26|18|23|24|22|26|36|29|27|30|28|33|24|40|43|49|67|59|48|43|64|62|58|54|84|51|36|32|27|21|13|13|14|11|6|9|7|6|4|3|6|5|4|5|
2014-11-18|3|1_CTs|CT23||97|85|51|51|46|28|26|16|17|24|14|12|10|6|5|2|12|11|8|1|4|9|19|16|17|27|40|48|52|78|195|288|309|378|379|381|329|343|302|272|262|246|225|230|229|239|302|291|294|302|295|343|376|316|281|307|276|327|286|343|289|339|343|387|406|404|453|462|490|564|557|532|590|640|544|438|529|565|500|515|516|420|373|352|297|228|207|248|255|252|206|178|199|150|127|116|
2014-11-18|3|1_CTs|ct24||131|104|94|72|47|55|41|51|34|23|27|18|21|27|26|23|22|29|35|48|47|59|69|102|142|170|336|509|788|943|912|992|968|933|943|912|938|872|888|990|929|831|972|873|829|796|694|768|736|777|816|792|791|734|721|780|816|831|869|829|736|692|780|725|686|816|796|742|756|760|797|894|807|776|704|772|813|817|818|771|717|533|473|418|314|345|278|297|312|280|280|243|211|270|246|171|
