2013-08-26|6|1_CTs|CT1||1|0|0|1|0|0|0|3|0|0|0|1|0|0|0|1|0|2|1|0|3|3|0|4|5|3|4|0|4|2|4|1|2|5|6|6|4|4|1|5|3|5|3|4|0|3|2|1|2|4|4|3|5|3|6|0|2|3|3|2|1|2|9|3|3|3|0|2|2|7|5|2|2|5|3|1|2|4|4|2|1|3|2|0|1|1|1|1|0|0|0|9|11|3|1|0|
2013-08-26|6|1_CTs|CT3||5|9|3|5|11|15|7|3|2|3|1|2|0|0|5|5|6|6|15|12|13|24|31|25|31|33|21|40|41|49|56|55|56|53|50|60|62|43|50|53|49|42|57|44|34|37|43|49|35|37|64|41|49|44|29|31|31|49|57|42|38|37|32|36|37|45|33|43|45|51|52|41|41|44|38|40|41|32|44|31|30|35|19|15|24|21|21|23|19|13|23|12|19|10|18|7|
2013-08-26|6|1_CTs|CT4||6|3|6|2|2|3|4|2|2|0|0|2|1|0|0|2|0|0|0|1|1|1|2|0|1|2|0|3|6|6|5|9|10|7|13|10|14|16|7|13|10|18|18|8|12|13|14|15|26|17|17|26|26|16|10|23|18|19|22|15|25|14|16|15|25|17|17|27|18|19|22|23|22|29|19|29|25|29|26|27|15|24|12|21|10|11|11|11|7|9|9|13|7|8|4|8|
2013-08-26|6|1_CTs|CT5||21|12|9|11|10|5|4|3|10|4|4|3|3|3|3|3|6|5|3|4|3|8|7|9|11|16|15|9|22|27|37|31|42|48|53|55|60|55|51|53|54|52|56|46|58|55|48|61|54|66|52|49|43|60|67|58|68|39|53|66|59|63|54|68|67|74|68|59|48|58|51|77|56|60|61|50|60|45|46|47|38|42|47|40|34|35|26|24|23|22|27|26|26|23|23|26|
2013-08-26|6|1_CTs|CT6||10|8|7|7|5|8|9|6|3|3|2|3|2|1|2|3|6|3|9|5|8|12|9|16|15|7|12|13|14|29|31|60|56|75|113|106|96|110|85|73|96|77|75|61|71|67|77|74|73|73|89|65|80|61|54|67|78|67|80|87|76|75|73|79|67|80|61|72|80|73|110|68|88|93|73|76|76|63|68|69|72|56|64|48|40|42|41|45|40|45|37|19|25|37|25|24|
2013-08-26|6|1_CTs|CT7||6|4|2|6|3|1|2|1|1|3|0|0|0|2|1|1|1|1|1|0|0|3|4|6|4|5|3|6|11|11|7|15|18|23|29|23|15|21|20|19|12|12|26|19|25|12|20|16|22|21|20|20|18|18|15|16|20|22|13|19|25|24|18|15|16|13|9|18|17|19|24|20|25|29|20|23|15|16|22|15|20|13|14|11|11|14|13|8|4|7|3|3|6|5|5|3|
2013-08-26|6|1_CTs|CT8||48|37|38|28|14|28|15|12|15|7|8|11|24|6|3|8|2|5|5|4|3|17|17|18|11|26|34|45|72|89|123|140|160|178|184|216|183|187|177|134|140|119|117|121|109|121|115|112|99|100|109|110|127|111|103|118|152|124|133|109|124|133|122|133|122|119|132|123|137|131|139|149|142|176|156|156|126|145|134|137|116|106|96|81|77|84|70|57|74|53|52|57|46|39|53|60|
2013-08-26|6|1_CTs|CT9||29|29|22|26|17|15|15|15|14|8|7|11|7|8|8|8|5|10|12|6|11|17|18|30|31|35|32|60|58|82|126|126|121|165|206|261|197|204|199|175|149|144|164|152|149|153|167|149|176|156|172|156|122|142|140|154|131|162|147|158|168|161|144|172|174|165|169|170|172|174|183|173|193|187|194|164|175|175|145|139|132|105|109|93|77|77|71|80|65|57|57|42|61|48|58|38|
2013-08-26|6|1_CTs|CT10||25|15|16|6|14|7|11|7|18|8|5|5|4|3|3|1|4|8|1|6|10|12|5|25|22|25|19|34|41|46|91|77|96|82|106|118|116|100|121|103|109|110|110|121|125|114|113|112|105|111|94|111|110|115|96|91|94|122|107|115|93|105|111|118|119|105|111|124|133|131|114|132|150|150|145|140|132|129|115|93|87|80|74|66|62|55|44|52|41|37|42|33|30|41|29|26|
2013-08-26|6|1_CTs|CT11||30|21|24|19|19|12|7|15|7|4|6|6|7|4|3|5|3|9|6|11|14|14|17|26|23|15|39|59|61|82|157|154|177|215|224|220|221|217|199|189|170|172|176|150|169|138|146|154|141|150|118|119|136|136|151|119|129|153|172|151|148|140|164|179|145|138|142|128|127|175|139|125|148|156|147|134|121|124|100|121|112|106|91|83|66|75|61|57|56|36|38|34|46|56|28|37|
2013-08-26|6|1_CTs|CT12||24|19|19|11|14|7|11|15|11|7|5|3|7|0|5|2|4|7|2|6|17|13|15|21|21|19|31|40|40|60|81|97|93|113|132|145|174|136|140|114|115|149|121|122|150|120|119|136|131|127|110|123|139|115|118|105|117|149|134|155|125|138|136|129|128|142|114|134|152|155|170|145|189|207|166|170|171|152|133|111|127|103|74|71|65|67|52|62|60|62|43|39|47|50|34|29|
2013-08-26|6|1_CTs|CT15||13|12|7|13|13|5|6|7|6|5|1|3|3|4|3|5|2|5|7|6|11|10|11|15|15|17|15|26|26|40|58|65|60|79|109|137|97|82|69|69|59|66|53|58|71|44|60|68|55|61|58|54|58|42|41|67|57|61|49|64|69|77|55|47|53|68|57|66|60|72|65|75|70|74|76|56|56|54|47|41|43|37|30|28|27|30|24|22|22|20|13|16|17|11|11|11|
2013-08-26|6|1_CTs|CT16||35|18|31|18|21|13|15|7|15|8|3|5|7|4|4|4|4|9|4|5|5|14|6|21|25|25|20|41|53|64|110|101|142|136|184|187|176|152|174|151|125|123|164|147|156|148|148|125|125|153|120|123|119|125|128|100|135|140|145|146|143|149|140|171|137|142|126|124|143|149|125|136|156|157|145|129|114|136|126|124|106|110|105|88|82|82|70|54|52|41|42|35|41|55|28|34|
2013-08-26|6|1_CTs|CT17||11|10|11|9|5|5|8|5|4|3|3|4|3|1|0|2|2|3|3|1|3|2|3|4|6|2|4|9|13|17|27|35|32|45|49|56|60|53|62|54|41|51|49|48|47|55|45|45|61|60|62|50|56|44|55|47|38|54|45|67|60|47|60|68|74|63|69|73|70|65|74|84|90|83|77|68|69|86|65|68|59|46|44|47|38|35|25|30|32|26|31|26|19|23|20|20|
2013-08-26|6|1_CTs|CT18||58|34|36|28|34|23|16|7|22|11|7|10|5|4|11|7|11|12|10|8|10|18|15|22|26|37|39|45|77|87|144|134|140|179|195|238|221|196|219|203|182|177|178|178|203|190|184|198|166|196|166|170|159|174|159|151|179|168|207|203|201|204|159|215|186|206|204|188|163|206|178|202|203|193|188|208|194|189|158|166|136|128|149|117|111|117|97|83|82|78|85|68|68|84|63|67|
2013-08-26|6|1_CTs|CT19||27|20|17|11|12|14|14|12|12|8|6|6|5|3|1|7|6|5|2|5|4|5|4|5|5|3|8|13|18|35|42|54|49|74|84|85|109|107|109|104|97|103|100|109|93|118|103|119|122|115|107|93|105|100|95|66|88|88|95|123|113|102|110|110|119|135|127|111|118|139|134|152|146|137|142|130|121|135|123|113|110|82|72|74|61|63|64|62|59|59|44|48|39|51|36|30|
2013-08-26|6|1_CTs|CT20||13|10|14|7|5|5|2|4|4|3|4|1|2|2|0|2|4|1|5|5|7|4|12|7|8|17|14|18|24|38|48|49|52|85|82|89|88|96|100|82|98|89|95|101|33|86|105|62|52|30|109|110|90|87|93|86|87|83|103|16|85|88|91|94|94|103|77|93|91|104|95|98|14|93|39|87|96|61|40|62|8|45|34|63|55|40|46|41|51|40|33|28|21|27|17|12|
2013-08-26|6|1_CTs|CT21||97|74|51|38|52|35|38|20|17|32|14|14|10|10|17|15|20|20|24|18|33|25|30|52|39|43|68|101|100|159|200|227|236|311|284|294|311|265|258|257|230|203|203|189|218|165|194|200|181|218|202|194|167|169|178|194|177|202|223|213|194|217|192|212|193|182|185|190|209|199|194|198|176|214|221|196|213|173|186|154|162|146|141|114|97|111|97|97|85|82|89|77|86|73|78|70|
2013-08-26|6|1_CTs|CT22||83|60|48|47|39|37|33|29|22|31|14|15|8|18|24|21|21|25|33|37|57|53|50|48|66|60|52|67|95|99|130|152|150|191|206|208|225|235|192|191|193|204|221|216|241|187|210|265|239|222|239|206|204|219|185|206|235|201|190|234|218|247|252|231|239|263|238|250|313|332|316|297|308|358|311|277|305|279|239|224|230|173|161|165|136|136|127|102|113|106|103|93|95|88|92|67|
2013-08-26|6|1_CTs|CT23||57|55|35|32|30|31|27|16|17|18|11|16|19|9|7|12|6|12|7|10|12|28|30|40|25|42|48|75|108|129|173|211|237|257|283|317|271|261|253|215|169|193|199|223|166|173|189|182|188|179|213|175|185|201|174|175|219|185|220|207|197|209|182|204|200|202|209|203|211|209|234|237|244|251|260|261|219|221|216|186|181|164|141|107|104|113|99|95|95|81|79|100|72|61|55|92|
2013-08-26|6|1_CTs|CT24||63|52|70|32|34|38|27|28|19|19|11|20|4|9|8|9|7|11|13|13|24|28|28|32|34|37|42|74|87|117|138|155|148|189|264|241|269|234|217|200|196|196|188|203|174|209|158|224|203|223|228|223|214|207|176|171|175|211|211|231|250|235|244|219|239|247|230|230|271|281|348|295|338|383|339|271|288|304|234|261|235|193|154|139|130|102|111|90|103|92|78|99|86|90|77|64|
