2017-06-17|6|1_CTs|CT1||3|4|2|2|2|1|0|0|1|2|1|2|0|0|0|0|0|1|2|0|2|0|0|1|1|5|2|2|1|1|2|6|1|4|7|5|3|262|7|4|5|5|5|10|6|4|6|11|4|4|3|3|3|8|8|10|8|4|4|2|2|4|5|4|6|4|1|7|4|5|3|4|5|2|3|3|3|3|1|4|0|1|5|3|2|2|3|3|0|3|1|0|4|1|1|259|
2017-06-17|6|1_CTs|CT3||15|286|15|6|9|9|4|234|7|4|7|5|6|11|4|10|15|10|11|21|23|15|19|233|21|221|32|30|44|267|43|38|34|284|40|33|40|42|43|52|39|38|53|38|33|37|43|39|30|55|36|47|52|39|272|32|30|30|232|47|35|38|30|35|35|27|40|32|48|36|33|31|44|33|31|32|30|255|32|33|20|33|25|24|22|24|36|18|22|28|20|15|21|25|10|8|
2017-06-17|6|1_CTs|CT4||5|6|5|6|6|8|4|3|3|243|5|2|1|1|3|4|3|3|3|2|1|2|4|3|1|2|1|3|4|2|4|5|3|7|9|11|13|9|13|15|16|10|10|12|14|11|11|12|14|21|27|15|10|15|15|12|19|17|9|13|17|14|17|10|17|22|15|10|14|11|16|13|12|13|18|20|22|16|14|13|20|20|22|11|13|22|15|13|8|13|8|11|13|20|9|6|
2017-06-17|6|1_CTs|CT6||53|293|19|22|19|19|24|6|11|10|10|4|10|6|6|8|5|10|7|6|10|5|9|8|19|8|20|19|32|34|24|33|46|33|44|48|55|796|62|75|71|79|93|78|104|76|100|102|111|116|106|94|95|84|86|306|62|68|276|302|61|49|59|46|66|75|43|299|59|71|45|54|50|44|63|56|60|65|60|79|88|332|82|102|574|87|43|62|52|55|48|296|36|33|272|238|
2017-06-17|6|1_CTs|CT7||3|6|6|6|4|3|6|1|5|3|1|2|0|2|0|0|1|2|0|2|3|2|0|6|2|2|4|4|5|8|11|11|13|14|18|24|12|13|15|18|21|18|19|17|20|34|18|18|21|13|17|14|17|13|12|14|11|7|11|14|16|19|8|13|9|5|9|257|43|223|15|10|10|9|15|269|11|13|9|16|272|21|13|16|20|15|11|18|7|6|12|10|4|8|8|10|
2017-06-17|6|1_CTs|CT8||61|62|36|41|23|22|248|21|28|23|24|23|17|16|19|18|28|10|9|9|10|15|21|17|19|24|20|35|37|253|71|78|299|66|91|75|72|75|94|85|311|81|83|105|102|79|88|319|86|86|79|97|70|79|540|62|81|77|68|75|70|87|80|290|89|67|87|81|75|77|77|315|72|115|84|345|97|310|78|94|343|332|89|88|82|84|65|70|61|313|71|271|64|61|319|275|
2017-06-17|6|1_CTs|CT10||45|36|42|31|20|21|20|19|23|20|16|18|10|18|7|7|12|9|12|16|8|5|16|19|18|22|31|289|289|34|38|47|53|303|69|70|79|338|83|105|98|364|103|101|115|123|138|125|140|138|145|123|109|134|143|401|126|124|349|339|341|326|91|85|300|77|94|75|326|67|85|72|69|81|87|81|100|83|83|78|342|371|337|318|325|75|66|57|58|66|58|55|63|304|61|322|
2017-06-17|6|1_CTs|CT11||299|44|29|31|23|19|28|23|20|10|16|269|13|15|12|7|12|6|8|9|13|12|24|38|25|34|46|45|52|61|78|85|79|90|127|132|370|144|161|159|158|139|372|144|129|107|118|149|122|389|93|120|113|147|152|372|143|353|362|106|102|87|88|91|77|93|83|98|344|101|86|90|72|339|77|114|365|98|104|106|374|112|102|105|342|103|77|584|76|77|61|321|294|212|136|310|
2017-06-17|6|1_CTs|CT12||62|58|65|48|284|30|30|23|27|23|23|23|14|13|15|6|266|13|15|12|9|14|14|26|26|36|33|53|43|46|53|70|58|69|88|113|106|366|110|129|132|643|160|129|404|145|160|171|155|161|405|150|416|451|186|436|183|146|108|110|113|367|103|327|100|91|109|349|93|99|90|587|87|107|115|606|104|113|104|87|106|106|345|85|84|89|92|51|328|98|59|82|300|61|76|75|
2017-06-17|6|1_CTs|CT15||40|39|28|22|16|19|226|10|12|17|17|17|10|12|8|11|8|15|14|16|29|25|20|27|31|27|31|39|59|494|305|328|83|60|85|81|288|77|101|116|111|99|104|86|321|105|97|101|88|336|80|64|88|74|67|69|73|65|70|75|64|73|79|285|106|75|62|70|81|79|306|523|67|55|72|66|65|304|81|71|74|71|57|52|269|58|55|47|46|262|35|54|23|47|284|35|
2017-06-17|6|1_CTs|CT16||47|46|45|32|31|25|25|29|29|15|14|18|14|22|4|5|250|7|264|9|14|11|20|26|24|20|292|40|50|56|578|63|79|75|108|118|102|370|137|156|144|153|399|131|140|144|131|398|139|139|137|400|113|116|113|125|103|337|343|114|118|350|97|350|93|95|104|94|107|101|103|342|95|92|107|374|106|105|97|126|121|140|123|101|119|365|78|355|78|83|78|320|330|64|68|317|
2017-06-17|6|1_CTs|CT17||15|22|22|14|16|7|11|5|5|6|6|8|7|8|1|4|5|2|6|2|2|2|4|1|2|7|6|248|5|7|10|5|6|9|14|15|19|283|25|29|27|39|38|33|49|52|43|35|43|47|34|36|53|26|35|21|45|22|14|14|13|8|11|7|13|5|12|7|4|6|4|5|7|8|9|7|7|250|9|6|12|12|264|4|10|9|8|3|19|17|22|14|27|20|26|21|
2017-06-17|6|1_CTs|CT19||306|53|44|36|280|31|35|20|22|21|18|21|25|16|13|7|9|12|6|10|14|10|7|252|11|13|20|20|15|25|30|289|35|30|44|68|291|67|82|311|331|101|110|131|136|102|105|106|120|127|107|150|130|368|94|74|103|80|79|88|70|337|79|278|81|58|333|312|76|66|85|84|72|74|89|94|84|77|355|85|90|598|81|66|83|329|70|59|61|59|59|63|57|290|46|48|
2017-06-17|6|1_CTs|CT20||308|33|287|11|281|15|11|17|10|17|11|7|4|5|4|6|6|12|9|6|13|9|10|6|17|11|18|19|31|34|294|42|43|60|311|63|76|74|79|81|89|82|72|120|97|112|116|105|7|338|113|363|601|81|65|21|67|79|21|314|67|67|52|61|11|46|51|61|53|61|57|27|38|3|55|308|21|303|36|41|69|4|55|64|63|63|50|6|42|22|43|307|41|66|41|31|
2017-06-17|6|1_CTs|CT21||92|98|70|44|247|52|40|33|40|28|19|236|23|28|22|25|26|28|23|43|58|48|51|60|56|278|76|77|92|102|135|134|133|372|175|148|152|174|172|396|166|155|193|398|154|156|169|170|156|168|149|148|598|131|148|290|130|131|373|407|168|122|166|137|141|132|148|124|158|137|139|591|142|139|369|337|158|378|135|163|153|401|142|146|124|112|140|120|123|112|99|94|314|107|102|87|
2017-06-17|6|1_CTs|CT22||0|0|0|0|0|0|0|0|2|0|0|0|0|0|0|0|0|0|0|0|0|0|0|0|0|0|0|0|0|0|0|0|0|0|0|0|0|0|0|0|0|0|0|0|0|0|0|0|0|0|0|0|0|0|0|0|0|0|4|0|0|0|0|0|0|0|0|0|0|0|0|0|0|0|0|0|0|0|0|0|0|0|0|0|0|0|0|0|0|0|0|0|0|0|0|0|
2017-06-17|6|1_CTs|CT23||90|90|65|52|292|38|47|31|33|33|31|30|22|28|264|21|287|30|19|21|22|20|29|29|283|49|41|60|77|78|115|125|117|122|144|138|397|861|157|134|133|147|163|575|165|169|160|145|130|133|129|154|370|127|142|124|143|119|363|125|137|133|355|144|626|118|312|363|125|132|125|360|118|159|355|132|159|372|138|133|173|141|116|117|114|120|326|109|105|330|101|85|93|106|87|301|
2017-06-17|6|1_CTs|CT24||95|79|58|67|53|54|47|37|29|37|274|240|286|29|20|24|32|274|23|32|29|28|31|28|50|45|36|70|58|61|78|102|82|92|103|122|297|359|128|133|130|133|399|148|357|173|174|187|468|374|427|190|435|177|448|154|192|165|134|352|141|150|140|126|574|403|121|391|344|144|125|129|121|124|135|123|161|364|156|157|154|563|126|126|385|318|123|101|105|295|113|327|108|354|105|99|
