2016-06-25|2|1_CTs|ct1||110|103|94|308|328|62|59|319|53|40|33|34|40|23|36|30|24|277|22|29|28|35|25|296|289|50|56|577|318|86|93|117|79|105|112|137|131|390|393|921|412|151|165|176|183|178|178|166|168|400|445|174|414|162|169|663|135|166|98|606|169|183|432|183|201|196|686|180|423|410|435|444|438|202|194|201|452|663|175|457|448|163|406|126|339|98|345|94|96|343|410|642|694|172|186|169|
2016-06-25|2|1_CTs|ct2||55|60|62|284|50|57|52|47|41|41|23|33|36|21|26|25|20|14|14|15|15|24|18|20|274|26|25|530|23|23|24|34|29|45|46|43|50|551|62|324|73|79|92|75|86|80|92|309|68|55|309|78|337|77|76|576|60|323|103|590|85|78|338|338|106|95|96|71|74|94|84|344|90|341|100|112|361|410|659|412|375|81|83|61|298|67|45|68|77|363|344|85|619|102|356|603|
2016-06-25|2|1_CTs|ct3||135|131|127|337|86|588|351|77|71|54|49|54|52|41|41|46|22|34|27|28|29|31|31|50|288|298|54|52|61|77|338|99|322|100|97|100|133|140|396|162|148|391|194|194|456|183|444|422|444|151|702|174|160|169|151|401|395|374|167|176|205|195|437|171|723|193|680|176|408|418|166|439|445|454|207|198|449|482|219|236|441|437|424|130|151|130|121|371|360|366|125|386|442|468|209|720|
2016-06-25|2|1_CTs|ct4||82|84|113|349|337|71|68|67|315|57|56|299|39|39|47|269|41|35|40|18|35|23|31|37|30|32|26|32|36|47|42|62|38|54|321|59|70|82|354|97|115|371|110|121|382|119|622|117|123|125|139|127|359|388|380|112|119|123|379|89|128|385|120|100|141|131|125|119|133|108|623|400|386|385|166|137|660|144|406|141|367|90|123|101|112|351|111|93|81|68|95|136|394|130|139|373|
2016-06-25|2|1_CTs|ct5||157|405|438|136|647|363|107|103|97|69|75|56|307|66|59|41|58|311|49|37|38|36|38|41|42|39|274|47|45|318|71|83|67|83|102|107|115|406|393|408|429|205|176|194|182|148|212|443|183|168|182|696|426|206|200|427|160|178|155|407|187|204|203|186|462|219|189|218|205|204|237|496|229|243|238|234|485|500|211|213|206|168|194|427|407|407|165|144|135|146|460|479|219|236|231|207|
2016-06-25|2|1_CTs|ct6||178|145|149|124|623|360|111|332|89|578|73|52|315|50|55|46|41|46|278|29|40|289|32|37|43|288|43|31|42|48|58|55|47|59|61|76|77|95|101|99|116|114|111|116|132|114|375|361|391|138|371|139|136|159|386|145|113|368|369|350|146|409|421|150|402|669|167|175|163|166|160|187|168|159|159|175|175|699|415|168|410|127|393|131|128|113|373|113|107|366|133|176|438|467|247|490|
2016-06-25|2|1_CTs|ct17||415|147|166|143|369|120|638|85|103|342|65|64|56|86|58|318|49|562|279|42|296|47|43|51|37|52|54|62|69|78|336|109|337|90|119|136|152|169|157|450|180|186|225|250|232|214|217|207|241|455|980|215|214|693|753|726|180|171|460|464|220|238|220|234|238|225|222|496|450|467|217|223|985|485|251|248|719|526|530|765|265|197|208|166|401|166|141|139|376|140|161|155|703|196|220|240|
2016-06-25|2|1_CTs|CT19||68|52|64|273|302|52|38|290|38|24|29|20|18|19|14|15|13|21|17|9|14|15|9|13|20|17|23|26|286|288|297|52|279|40|43|310|64|72|60|78|83|598|84|114|106|109|336|80|604|347|98|817|347|305|316|340|64|60|557|84|90|86|611|354|110|351|111|90|98|335|857|118|361|106|611|118|360|857|348|634|602|326|348|72|68|48|51|50|56|38|186|217|74|101|97|324|
2016-06-25|2|1_CTs|CT20||86|74|84|83|341|63|67|310|49|59|55|52|47|49|43|28|35|25|27|26|272|25|17|15|23|24|271|13|27|25|278|41|31|40|39|47|43|321|61|80|559|71|91|86|64|325|82|83|340|324|576|327|319|321|833|76|47|74|573|342|327|74|283|79|70|73|88|78|74|78|69|71|66|80|74|335|336|330|340|595|580|831|77|323|310|61|70|44|59|293|49|331|82|346|87|324|
2016-06-25|2|1_CTs|CT21||301|45|295|283|37|530|269|36|275|23|281|24|24|18|17|15|12|266|9|13|8|12|8|7|10|238|10|6|13|11|13|21|9|25|22|31|29|541|286|299|41|43|303|48|300|51|309|313|59|54|291|303|295|51|259|529|51|294|552|291|302|307|297|287|53|53|52|317|45|54|58|48|512|59|293|50|52|60|57|309|53|50|524|301|768|33|39|27|37|506|27|293|56|58|56|550|
