2011-12-18|2|1_CTs|ct1||133|119|131|119|81|92|80|53|43|46|49|40|31|36|23|17|18|23|18|12|14|14|20|17|9|23|17|24|17|24|34|44|35|26|44|62|80|90|41|1|1|0|1|1|2|2|0|3|52|114|105|101|113|121|125|138|134|120|146|131|145|136|128|107|115|137|135|123|135|126|129|125|122|126|124|124|131|105|95|100|102|100|99|74|73|62|74|82|68|58|48|55|55|47|37|37|
2011-12-18|2|1_CTs|ct2||44|27|29|31|47|35|40|27|21|23|22|21|25|15|12|19|18|15|14|11|15|18|11|16|14|15|17|18|8|11|17|16|15|14|19|15|33|40|21|9|1|4|2|3|0|2|3|3|21|34|15|34|36|27|62|43|42|35|55|37|53|32|58|49|62|44|34|37|39|33|40|45|41|41|35|25|23|21|16|23|30|24|18|19|17|15|16|17|13|13|11|10|14|6|11|6|
2011-12-18|2|1_CTs|ct3||221|201|207|217|177|167|153|109|86|93|95|87|94|73|69|57|52|54|55|40|45|49|37|48|35|50|47|56|42|41|58|52|52|57|64|59|81|81|77|48|83|77|80|74|93|118|110|120|163|202|144|121|145|141|164|181|175|197|199|175|202|200|169|161|183|192|176|183|194|167|174|160|209|174|219|198|184|155|139|145|147|137|143|116|108|93|110|113|106|83|85|83|85|81|64|60|
2011-12-18|2|1_CTs|ct4||116|127|76|104|125|105|99|90|81|78|70|44|67|48|43|40|32|38|35|30|46|35|38|21|33|21|26|23|22|21|35|33|35|34|27|26|46|49|58|54|53|45|56|71|106|85|65|71|81|89|95|75|77|105|101|84|88|81|103|104|109|137|130|131|127|119|106|112|126|135|138|136|117|133|125|141|117|118|90|92|99|78|84|66|57|44|62|61|51|44|63|55|55|56|54|44|
2011-12-18|2|1_CTs|ct5||177|199|162|167|174|146|156|136|122|106|89|85|89|76|70|64|58|53|50|45|61|47|58|37|51|27|42|31|28|26|52|51|43|41|47|43|75|68|73|78|103|94|100|135|104|143|113|128|103|128|125|127|129|158|157|141|135|132|142|178|167|202|191|215|208|182|200|194|230|205|247|205|216|192|205|208|193|189|157|145|148|115|134|116|84|94|100|77|111|67|92|77|80|100|81|72|
2011-12-18|2|1_CTs|ct6||135|143|125|127|121|99|117|114|104|79|81|86|80|66|75|62|56|44|49|32|42|36|45|39|39|28|30|25|28|20|26|33|30|37|33|34|1|1|3|1|1|0|2|4|9|30|3|0|21|143|128|110|82|115|138|107|90|67|74|101|91|104|107|117|167|167|138|138|135|130|146|157|163|153|136|147|119|131|123|108|110|135|139|84|65|59|72|75|62|45|54|53|62|66|50|50|
2011-12-18|2|1_CTs|ct17||219|216|207|246|211|179|161|141|94|100|97|97|85|72|78|50|52|48|43|43|44|50|42|35|32|39|36|43|31|29|47|49|46|39|57|53|59|75|70|41|58|67|56|72|76|134|119|120|150|186|127|131|122|135|130|148|163|190|175|173|193|192|159|167|183|163|176|177|172|184|146|165|177|187|219|196|193|167|147|132|136|138|155|115|108|101|103|94|102|89|78|82|76|78|54|57|
2011-12-18|2|1_CTs|CT19||91|101|94|93|75|86|72|68|67|51|37|46|48|43|34|27|20|20|12|11|19|15|12|6|11|13|16|14|17|11|24|20|22|19|25|21|39|33|39|26|34|31|35|34|43|61|65|63|71|96|82|83|74|69|80|75|80|104|91|85|88|88|107|95|89|90|99|109|87|120|95|114|96|99|131|109|109|105|86|90|76|94|74|64|52|57|54|52|61|56|43|45|42|36|46|27|
2011-12-18|2|1_CTs|CT20||83|65|70|87|63|70|68|66|72|61|57|57|69|61|48|58|42|43|41|30|32|21|32|13|15|14|11|12|15|11|26|18|14|15|20|18|23|24|32|35|47|48|45|50|44|66|68|54|58|68|63|46|60|94|63|56|62|52|59|75|106|81|77|87|90|86|70|84|95|94|79|96|85|88|82|76|89|87|65|56|59|67|52|48|54|35|48|36|41|34|36|39|39|46|33|46|
2011-12-18|2|1_CTs|CT21||35|44|36|39|39|37|33|27|37|26|24|28|28|22|22|21|20|26|18|17|19|7|11|7|5|3|3|4|12|7|17|8|7|6|15|12|9|12|20|21|20|25|20|27|29|35|34|33|31|39|39|39|38|66|37|31|38|23|44|41|54|41|54|43|40|45|49|48|53|44|45|61|53|51|35|47|43|51|41|41|28|35|27|33|33|16|25|14|15|18|18|17|11|20|19|32|
