2016-08-26|2|1_CTs|ct1||342|80|50|66|60|55|38|34|31|23|25|28|15|24|20|22|25|17|21|16|19|26|31|38|34|34|62|81|74|118|136|143|113|148|188|177|167|174|196|198|187|188|201|195|188|148|139|168|184|178|188|213|178|171|184|141|166|183|158|199|195|191|188|177|175|190|187|159|169|158|182|184|159|161|177|180|174|192|202|200|189|184|202|194|206|179|183|154|150|137|142|132|115|157|137|112|
2016-08-26|2|1_CTs|ct2||308|57|42|46|42|25|29|24|20|15|14|11|10|12|9|12|14|8|12|5|11|10|13|15|21|25|23|29|16|31|43|34|33|54|66|66|64|75|72|81|88|93|102|94|95|108|93|110|103|104|82|80|102|79|81|75|82|109|79|84|94|106|96|101|83|82|81|73|69|70|67|82|72|70|77|89|90|96|100|100|99|95|131|111|138|129|93|96|86|77|92|86|69|71|81|72|
2016-08-26|2|1_CTs|ct3||61|47|48|43|49|38|26|29|25|24|13|19|12|18|14|12|16|9|17|11|11|19|18|23|26|16|42|44|61|70|80|92|68|94|108|102|110|113|126|128|124|129|136|144|148|116|134|156|144|133|133|124|127|118|124|98|89|134|108|120|142|118|129|125|123|122|122|107|121|112|115|113|124|128|117|121|126|125|127|120|105|128|119|135|145|102|124|108|108|112|94|94|89|107|93|79|
2016-08-26|2|1_CTs|ct4||37|33|26|34|22|23|21|23|19|5|8|6|9|9|8|11|8|1|9|9|8|7|9|9|14|12|9|19|20|34|28|37|37|294|27|39|51|52|45|51|45|71|49|20|74|56|62|72|81|65|69|90|34|61|52|58|44|57|62|67|61|69|63|28|76|86|80|54|69|65|66|53|59|69|65|61|67|68|65|69|53|72|48|55|46|45|60|60|41|45|46|45|48|61|56|42|
2016-08-26|2|1_CTs|ct5||124|108|106|84|69|76|65|61|52|33|39|33|22|31|28|33|24|19|25|27|21|27|19|22|33|35|27|44|53|75|85|98|120|136|165|144|153|178|151|184|204|202|218|218|224|205|243|206|219|231|221|184|206|192|160|206|181|201|237|218|248|214|217|226|214|207|213|204|201|190|213|202|216|180|177|184|194|213|189|212|159|167|150|185|173|146|167|184|167|163|170|164|178|185|169|135|
2016-08-26|2|1_CTs|ct6||141|110|116|93|80|60|50|41|44|25|33|30|25|20|20|29|20|16|28|21|21|19|21|31|32|28|35|37|41|58|66|72|79|348|105|105|116|115|122|127|136|128|150|169|146|161|165|156|171|172|157|166|160|154|140|155|147|158|170|181|156|173|158|196|145|196|170|154|199|164|176|149|142|147|175|149|148|176|151|148|152|133|129|141|142|126|141|132|137|150|136|137|149|168|197|174|
2016-08-26|2|1_CTs|ct17||119|107|99|100|109|75|58|76|61|41|48|42|28|67|24|34|42|32|35|44|23|60|50|37|310|40|54|60|82|95|99|154|128|392|201|179|192|205|223|247|252|237|214|234|185|212|252|241|239|239|221|241|237|215|180|210|173|208|209|232|250|245|231|243|255|217|236|205|232|213|231|229|238|227|202|229|228|245|260|246|210|242|242|265|259|213|224|198|206|194|194|179|196|170|185|158|
2016-08-26|2|1_CTs|CT19||43|29|42|32|25|20|17|22|17|8|13|6|8|8|8|10|10|7|7|9|267|10|13|11|10|9|18|26|33|33|47|59|52|57|69|61|77|83|85|94|83|110|87|98|90|107|112|118|100|114|94|98|93|97|83|84|76|82|84|71|83|90|78|79|94|89|101|82|110|105|100|89|92|111|92|122|88|89|119|93|92|351|80|85|93|80|84|72|64|61|65|51|331|68|73|48|
2016-08-26|2|1_CTs|CT20||47|67|60|64|47|63|42|33|42|38|50|28|25|28|22|12|13|20|21|10|17|20|13|24|17|21|16|25|27|24|30|46|60|70|68|72|75|79|340|85|77|79|75|82|84|76|66|75|84|67|82|64|87|70|70|63|67|71|73|85|78|58|63|60|64|75|86|62|75|78|72|78|76|72|70|83|75|71|68|65|85|71|74|85|70|328|77|66|60|71|69|64|81|77|327|59|
2016-08-26|2|1_CTs|CT21||31|43|37|31|20|27|20|15|12|12|17|11|9|6|10|6|3|9|9|5|7|7|7|267|8|7|9|18|10|13|17|23|46|44|38|50|44|45|46|41|54|38|48|48|43|53|53|46|58|61|61|50|43|51|42|47|37|40|45|50|53|55|302|48|57|43|50|47|53|44|45|43|51|42|44|50|55|44|65|48|48|58|47|51|37|46|45|32|33|40|37|35|40|49|32|37|
