2015-08-05|3|1_CTs|ct1||44|44|38|18|13|20|14|14|8|5|6|14|10|11|8|8|6|8|0|6|5|6|6|13|18|16|20|40|48|335|104|136|140|205|193|236|208|462|186|177|186|154|185|171|130|173|146|161|170|175|168|180|149|137|141|144|151|166|163|198|163|141|172|162|163|139|169|166|166|178|162|189|193|195|207|206|189|173|164|134|153|128|132|120|106|87|94|85|102|86|77|66|63|55|47|47|
2015-08-05|3|1_CTs|ct3||106|99|74|63|46|47|28|49|32|28|17|27|29|34|21|19|20|16|11|23|19|20|21|27|35|45|48|68|67|97|139|158|171|210|201|242|239|242|234|245|231|233|229|244|202|228|238|207|231|232|188|234|233|193|203|195|188|231|236|232|236|208|228|179|216|207|451|458|202|199|197|437|203|203|162|184|196|172|194|164|191|207|188|180|165|185|138|399|97|136|148|95|92|95|99|353|
2015-08-05|3|1_CTs|ct5||154|138|101|106|81|58|57|51|47|30|26|28|28|21|16|25|23|20|18|20|16|15|18|20|18|24|22|47|49|49|89|150|148|191|208|255|225|209|229|195|462|190|209|196|204|227|237|236|193|239|232|235|234|217|439|441|183|210|222|204|220|216|510|233|250|230|256|274|312|303|277|240|305|309|292|284|296|530|247|235|230|235|461|172|153|125|117|394|147|144|119|133|147|155|134|140|
2015-08-05|3|1_CTs|ct6||28|21|19|12|5|8|10|4|7|6|2|1|3|2|4|2|3|3|3|6|5|5|6|11|10|5|9|13|12|24|37|35|31|40|40|53|53|49|45|39|41|36|42|44|50|39|43|31|36|45|49|35|33|32|32|37|38|47|47|45|43|33|37|55|37|44|39|42|42|36|45|41|61|31|54|71|42|45|40|49|38|29|45|35|28|25|19|19|24|26|18|23|26|23|17|22|
2015-08-05|3|1_CTs|ct7||124|96|106|98|88|57|58|56|52|52|39|24|38|20|23|24|27|26|31|24|31|29|25|32|40|37|49|43|53|50|62|75|96|102|117|134|141|132|142|138|136|146|157|170|151|177|174|180|174|169|181|176|164|127|162|125|161|159|163|195|168|167|171|182|163|182|177|185|188|177|198|173|164|66|79|64|63|111|126|146|135|155|143|134|131|120|138|131|124|142|127|150|135|148|144|124|
2015-08-05|3|1_CTs|ct8||61|57|58|40|36|35|31|22|24|23|21|13|14|10|21|22|8|3|13|13|25|31|18|17|18|20|29|21|33|29|44|44|60|52|61|82|82|88|82|86|97|89|87|120|108|129|128|115|112|124|120|116|114|82|103|84|102|109|114|131|96|104|117|125|107|122|128|136|140|118|138|129|117|143|133|131|125|128|88|83|100|94|91|83|82|70|89|95|82|74|80|106|94|90|91|81|
2015-08-05|3|1_CTs|ct9||80|81|78|78|53|55|62|47|49|51|45|38|33|27|33|17|21|20|12|19|22|30|20|27|29|34|51|52|50|67|120|154|197|198|232|722|243|210|207|438|174|181|183|169|174|149|197|143|138|163|140|150|153|163|117|117|172|312|537|573|243|156|162|174|199|280|213|231|537|725|166|217|319|222|212|176|152|238|157|185|357|157|119|128|108|80|104|107|80|69|83|79|74|71|88|99|
2015-08-05|3|1_CTs|ct10||67|83|59|68|35|40|50|27|33|56|40|30|25|21|25|19|18|13|20|14|12|15|17|18|20|18|25|28|32|40|57|62|70|68|100|112|128|112|102|103|100|86|110|103|119|92|97|106|114|95|94|122|116|121|108|88|103|110|117|127|129|124|119|117|128|92|118|122|122|138|133|119|128|147|131|120|121|127|108|108|119|119|103|94|88|85|73|78|89|83|60|73|92|95|92|60|
2015-08-05|3|1_CTs|ct13||194|220|187|388|107|103|119|80|100|96|78|57|58|38|57|58|48|57|56|56|59|38|62|62|67|100|87|100|158|160|170|184|209|220|248|264|260|500|210|309|240|211|957|919|630|269|733|1009|241|286|198|55|117|169|264|226|252|275|242|242|241|270|263|269|274|272|270|303|204|287|252|230|255|241|241|269|267|269|309|264|248|545|398|252|252|202|250|211|234|200|177|204|232|175|201|196|
2015-08-05|3|1_CTs|ct14||0|0|1|0|0|0|0|0|0|0|0|0|0|0|0|0|0|0|0|0|0|0|0|0|7|35|309|106|153|192|245|253|240|249|252|277|237|267|264|233|470|182|193|196|197|445|175|163|153|152|158|164|137|142|139|139|402|190|183|159|171|416|180|141|132|146|156|175|154|166|177|180|210|219|230|228|204|217|202|195|179|429|140|142|130|90|83|341|92|96|92|73|57|39|73|74|
2015-08-05|3|1_CTs|CT16||70|78|77|63|67|71|47|48|27|38|39|13|19|24|8|19|15|21|9|14|19|10|13|24|17|27|31|39|37|57|70|92|129|123|123|131|124|122|128|382|387|129|125|133|149|111|132|143|137|153|151|111|140|133|101|376|126|141|168|123|135|159|119|126|107|135|177|180|199|191|146|177|185|220|181|179|159|182|148|155|161|146|114|99|103|93|78|102|83|81|97|86|100|49|89|89|
2015-08-05|3|1_CTs|ct18||80|90|76|77|56|51|55|42|39|67|45|29|29|23|30|19|21|14|19|18|16|24|18|28|30|23|40|45|60|76|97|97|121|154|175|169|184|188|150|172|142|135|178|145|176|148|156|169|156|129|140|156|148|143|138|138|135|158|168|176|171|140|154|148|136|125|169|163|153|179|169|141|164|173|156|169|162|171|126|143|150|153|131|118|115|124|89|107|126|109|80|102|112|110|111|81|
2015-08-05|3|1_CTs|ct19||0|2|2|1|1|1|0|2|0|0|0|0|0|0|0|0|0|0|0|0|0|2|0|4|3|4|0|5|4|5|4|5|9|1|6|6|7|5|7|4|6|5|2|6|5|3|6|5|8|6|2|4|6|5|6|5|6|6|5|4|3|7|3|6|5|6|5|5|5|8|6|6|3|5|6|3|8|4|7|4|9|4|5|7|2|5|4|5|3|3|0|4|0|1|0|0|
2015-08-05|3|1_CTs|ct22||2|2|3|2|1|0|2|1|1|0|0|0|0|0|1|0|0|0|0|0|2|2|2|0|0|2|1|4|3|3|13|10|9|14|15|23|13|14|20|13|18|12|20|15|15|19|16|19|25|21|23|22|18|20|14|16|21|16|24|14|13|15|22|21|17|16|31|32|37|33|32|21|42|50|36|28|38|30|27|20|13|14|8|8|8|7|6|3|8|6|6|8|7|4|6|7|
2015-08-05|3|1_CTs|CT23||1879|1803|1690|1649|1523|786|843|502|373|276|1138|1427|839|582|2056|1344|1009|822|316|333|379|412|369|227|7|27|8|43|68|66|111|164|236|527|294|311|333|252|246|247|240|221|200|248|238|274|261|252|261|294|271|311|329|267|271|266|247|266|254|290|233|269|548|311|308|317|319|376|382|421|428|716|454|522|511|742|477|430|420|305|369|590|279|212|231|189|198|138|164|190|148|128|152|139|121|367|
2015-08-05|3|1_CTs|ct24||186|184|147|364|84|95|63|57|44|41|34|26|27|35|30|27|24|35|30|34|53|315|72|92|99|163|250|403|830|750|858|1143|1130|780|860|886|827|873|851|1110|1122|804|863|792|785|768|730|703|712|707|721|756|727|638|592|890|681|784|758|760|715|722|719|694|640|622|634|667|692|702|720|1009|788|886|827|823|840|833|793|710|681|1179|851|538|498|418|371|339|328|325|590|329|307|264|285|258|
