2011-03-12|3|1_CTs|ct1||93|88|80|62|63|42|47|35|28|30|28|25|20|14|17|9|9|11|15|8|8|17|17|5|15|16|22|39|29|41|42|64|66|66|86|83|95|114|125|115|116|112|111|113|154|148|131|138|140|149|131|148|168|167|148|143|133|138|135|122|140|159|157|152|150|110|89|99|121|116|103|108|110|128|99|121|147|157|155|132|139|171|169|144|154|135|116|116|78|110|87|111|90|109|110|98|
2011-03-12|3|1_CTs|ct3||239|242|215|204|155|136|117|97|106|88|74|71|55|49|59|38|41|28|48|41|30|43|48|49|65|57|79|104|93|140|150|177|170|200|231|245|231|304|328|283|266|299|273|315|314|346|350|387|331|371|329|377|377|342|343|345|307|304|318|325|217|10|16|4|341|292|253|287|279|307|249|301|254|252|233|284|302|308|325|333|332|397|445|404|454|348|293|317|243|261|249|258|240|283|326|339|
2011-03-12|3|1_CTs|ct5||695|793|747|738|443|1129|962|991|1191|2049|1353|1189|1112|473|671|937|1133|2162|326|64|71|505|2568|2389|4563|4076|3732|3335|3302|3080|2999|3342|3069|3232|1705|163|177|331|787|677|307|271|269|266|205|212|268|307|333|278|243|262|299|299|344|245|250|303|276|324|149|1|2|0|288|322|257|291|208|241|264|253|295|300|289|305|343|323|553|677|3473|4492|3729|2982|3226|3433|3097|3161|3251|3118|3198|3274|3242|3355|3223|2958|
2011-03-12|3|1_CTs|ct6||141|137|127|85|85|78|74|79|69|65|50|51|45|54|155|283|43|32|45|29|27|23|30|23|16|22|26|32|31|28|59|57|54|67|83|101|73|78|25|70|113|136|131|124|128|128|145|171|152|182|185|159|197|173|185|123|125|125|120|79|39|1|1|0|50|70|127|108|100|131|132|159|177|179|169|165|212|170|59|53|212|210|118|105|111|101|99|83|81|84|99|456|176|134|171|238|
2011-03-12|3|1_CTs|ct7||158|193|142|129|100|84|93|91|83|76|90|78|93|70|79|59|55|44|46|37|51|37|57|39|40|36|47|24|42|41|52|40|51|69|50|88|87|102|93|99|113|130|154|129|145|142|169|165|167|179|190|177|227|177|165|135|120|128|116|64|0|0|0|0|0|0|0|2|12|53|69|76|75|99|76|125|127|48|13|93|102|147|116|98|106|115|124|115|100|97|125|99|128|133|226|316|
2011-03-12|3|1_CTs|ct9||102|84|89|69|101|88|97|69|86|76|72|55|62|61|53|58|54|58|54|48|47|47|53|32|38|37|32|46|41|52|60|58|58|74|89|81|78|117|100|113|122|99|114|109|111|118|107|135|115|137|119|130|147|122|127|118|117|118|125|116|122|135|112|147|111|103|108|100|83|102|96|118|122|106|133|129|128|143|123|125|133|136|139|101|116|99|76|80|72|75|92|107|94|111|107|99|
2011-03-12|3|1_CTs|ct10||95|113|95|89|96|93|81|93|79|92|87|88|90|85|70|82|70|69|57|57|51|59|62|35|39|47|41|29|43|51|39|42|40|38|44|54|61|50|76|82|76|68|66|92|86|89|86|98|96|96|97|112|118|128|104|101|69|90|102|116|128|112|106|104|117|110|117|106|107|125|108|111|122|125|147|127|116|118|113|124|114|94|115|107|87|97|91|67|71|72|74|82|63|85|79|93|
2011-03-12|3|1_CTs|CT11||43|17|40|37|27|23|33|28|13|31|16|26|14|22|14|15|29|20|19|11|20|10|10|7|14|13|20|18|23|22|28|18|22|15|25|25|28|35|34|37|38|35|38|34|35|31|41|46|32|41|39|36|47|32|38|36|36|33|48|31|32|9|4|8|40|51|48|40|51|35|41|47|35|52|48|38|57|54|60|53|56|44|34|35|37|43|36|26|40|27|25|26|35|34|28|44|
2011-03-12|3|1_CTs|CT12||28|40|29|42|34|37|35|38|40|30|31|43|46|40|41|29|37|39|31|35|27|36|36|25|17|28|20|21|25|23|27|26|18|14|17|25|27|21|23|27|29|14|18|18|18|18|23|22|20|28|16|28|25|21|16|22|20|22|18|9|14|3|1|1|18|25|34|25|23|24|26|19|24|22|34|22|29|28|14|30|30|36|31|40|25|33|36|34|34|27|30|30|21|31|30|32|
2011-03-12|3|1_CTs|CT16||24|27|16|26|22|12|15|14|23|12|19|15|15|16|23|17|16|10|11|9|11|11|13|6|7|9|10|3|6|8|9|13|11|15|12|14|13|18|17|12|22|17|18|18|12|18|19|18|28|14|24|16|14|26|23|21|14|16|22|28|45|32|38|34|35|35|25|25|18|30|21|24|20|36|25|25|24|33|39|56|39|27|33|24|25|15|16|18|12|16|17|17|11|18|24|21|
2011-03-12|3|1_CTs|ct17||129|133|92|103|87|89|104|90|71|95|85|80|69|66|58|73|55|69|59|63|59|63|41|34|51|45|41|47|41|41|53|62|55|69|96|98|123|107|127|139|149|157|146|185|154|160|188|180|180|201|200|218|241|251|191|214|179|197|216|223|203|212|200|214|207|211|239|181|176|222|180|198|174|222|206|185|186|195|174|188|175|202|167|197|143|156|110|101|102|129|109|112|103|116|117|133|
2011-03-12|3|1_CTs|ct18||154|135|130|125|124|120|109|123|111|112|112|112|110|103|94|121|86|94|70|80|67|76|75|43|46|65|51|45|58|63|52|63|56|64|71|83|108|82|116|120|101|107|104|129|130|123|119|139|139|136|132|171|181|175|160|160|121|143|167|152|160|178|171|160|177|145|143|128|134|165|139|141|154|156|170|174|171|166|159|153|158|137|161|141|147|123|125|114|114|107|113|124|96|117|123|149|
2011-03-12|3|1_CTs|ct19||2|5|0|3|1|0|1|0|1|0|1|0|1|0|0|0|0|0|0|0|0|1|4|1|7|3|6|2|8|3|2|5|4|5|7|4|4|10|7|3|8|6|8|6|5|5|3|4|4|7|5|1|7|4|9|5|2|15|0|9|3|5|3|5|7|4|2|7|3|6|5|6|4|4|13|2|6|3|6|3|1|7|7|4|5|5|6|4|3|2|0|0|5|1|1|1|
2011-03-12|3|1_CTs|ct20||74|87|76|71|55|46|37|36|36|45|29|24|27|27|18|17|17|19|16|21|18|12|13|16|18|20|19|27|32|37|35|54|62|59|89|102|115|140|141|118|113|94|115|136|98|119|140|135|132|143|165|145|143|138|169|152|163|185|165|187|151|151|101|103|86|78|141|158|156|146|131|175|140|122|135|156|138|140|143|176|136|174|174|173|148|130|106|107|88|92|97|113|109|108|116|107|
2011-03-12|3|1_CTs|ct22||12|14|3|3|0|4|5|2|3|5|0|5|3|1|4|1|1|3|2|3|5|2|4|6|5|4|2|1|2|3|2|3|6|3|4|5|10|10|9|9|13|6|9|10|10|12|11|13|12|14|18|11|20|12|11|10|16|13|13|9|22|24|38|25|21|10|17|20|15|22|11|12|14|24|16|14|19|28|20|10|23|7|13|7|11|14|12|8|11|8|7|4|7|11|16|11|
2011-03-12|3|1_CTs|CT23||137|129|93|84|91|38|54|60|53|57|44|45|35|37|24|36|23|23|13|16|21|13|25|16|12|30|24|32|19|32|35|53|57|68|70|104|76|80|93|122|125|118|135|136|145|155|138|145|194|183|184|164|204|216|187|178|156|154|147|140|209|364|347|381|271|179|148|175|188|188|218|210|223|253|211|235|244|251|242|191|171|179|153|119|107|122|112|112|79|89|117|110|89|111|159|107|
2011-03-12|3|1_CTs|ct24||237|251|215|172|148|144|128|119|102|123|86|60|53|63|71|59|45|56|47|52|62|73|70|81|94|121|158|176|201|275|353|405|351|406|491|584|614|671|645|762|604|561|658|688|609|638|643|674|605|647|699|654|626|685|719|714|713|801|859|788|751|764|678|714|685|673|632|601|580|564|602|620|581|609|602|631|643|666|621|692|597|725|683|714|602|465|387|339|364|335|359|336|320|324|398|337|
