2014-06-22|3|1_CTs|ct1||72|75|53|40|51|33|44|32|36|19|15|19|15|14|20|12|11|11|10|8|9|10|12|7|6|13|18|14|20|22|24|24|35|33|35|17|32|41|50|46|49|48|57|67|59|73|84|90|84|69|81|71|94|99|78|65|83|91|75|77|72|91|105|98|106|117|87|95|97|100|79|97|81|85|84|101|98|104|105|89|83|88|75|78|56|61|69|72|86|89|82|62|47|28|24|24|
2014-06-22|3|1_CTs|ct3||103|89|81|59|67|46|48|40|38|22|12|19|11|13|18|7|8|20|15|10|14|8|10|5|11|22|21|32|16|33|35|47|53|27|42|52|45|61|59|65|45|61|69|80|78|117|79|88|79|79|74|72|85|81|67|74|82|105|83|87|72|99|113|135|111|127|108|118|110|113|105|136|93|89|94|101|97|89|102|123|109|111|99|70|60|62|77|107|103|81|104|75|57|60|46|57|
2014-06-22|3|1_CTs|ct5||79|72|79|54|67|54|48|36|38|27|24|37|24|25|18|16|22|17|26|10|22|19|7|17|8|14|6|15|19|30|37|32|36|35|49|38|61|50|72|48|54|73|75|61|70|47|76|82|75|87|96|88|91|100|89|81|72|93|63|86|72|81|109|113|99|120|80|91|91|112|109|118|109|101|83|103|105|137|147|110|131|120|99|104|80|82|87|77|84|95|112|80|86|53|46|69|
2014-06-22|3|1_CTs|ct6||15|20|13|12|12|11|3|10|4|2|4|6|4|7|5|3|6|4|4|2|3|3|2|6|4|4|3|4|5|3|10|4|7|6|11|5|13|7|3|9|12|9|8|19|15|12|12|22|25|15|13|21|21|20|19|31|15|16|24|21|29|32|22|28|25|25|16|39|19|32|22|25|23|25|15|27|23|24|30|29|21|28|23|22|19|17|19|17|22|24|22|22|17|6|6|5|
2014-06-22|3|1_CTs|ct7||15|6|8|13|6|14|11|5|8|5|9|13|5|11|8|14|3|5|6|16|12|15|7|5|13|15|6|5|1|10|9|8|9|14|17|14|15|23|14|11|17|15|15|9|17|10|15|11|13|2|7|8|8|5|0|1|3|8|2|4|5|3|3|4|8|8|6|1|2|1|6|2|1|1|1|55|54|93|106|110|98|81|89|90|77|74|75|79|80|88|78|86|69|59|51|56|
2014-06-22|3|1_CTs|ct8||14|12|13|12|11|10|9|7|7|7|15|11|7|14|9|14|25|29|11|16|16|16|11|5|12|13|9|9|1|9|12|9|12|22|17|6|18|14|19|15|17|10|18|4|11|8|11|8|10|9|7|4|4|4|1|3|4|3|0|3|2|2|1|2|7|4|6|0|2|1|4|3|3|5|1|29|24|51|60|66|58|41|37|51|30|38|38|43|43|49|47|47|42|33|44|32|
2014-06-22|3|1_CTs|ct9||109|132|91|187|133|164|155|104|98|97|91|66|82|117|89|73|67|61|61|56|54|69|39|53|36|29|35|45|30|36|33|38|40|47|37|44|52|46|35|64|65|67|70|79|75|63|67|84|91|97|82|93|91|106|94|92|87|95|107|105|95|94|99|82|90|101|68|83|92|90|93|88|96|101|83|82|86|104|102|92|104|85|81|86|75|59|68|59|68|103|80|61|61|45|36|43|
2014-06-22|3|1_CTs|ct10||111|133|111|109|121|122|122|126|108|117|118|107|117|127|107|101|100|100|95|101|90|60|66|53|57|49|42|46|47|39|38|44|40|26|40|51|37|48|53|49|56|73|74|56|65|86|79|94|105|115|95|100|96|97|97|95|95|92|87|78|110|86|107|85|126|136|106|118|122|125|124|96|113|104|105|122|113|104|90|100|82|101|99|68|86|97|87|74|67|79|82|73|45|40|27|39|
2014-06-22|3|1_CTs|ct13||249|278|321|244|295|250|271|260|224|251|248|228|191|293|383|262|502|207|231|309|186|168|287|298|174|434|1234|224|541|1827|738|506|338|523|421|877|912|210|493|162|194|172|187|985|1295|258|199|211|211|266|548|338|287|1383|1523|231|201|205|467|314|2065|998|219|597|564|1681|1161|2024|576|284|564|319|306|968|1170|357|957|1320|241|274|317|1415|293|1605|452|262|224|184|164|234|213|195|160|150|107|141|
2014-06-22|3|1_CTs|ct14||72|73|44|54|61|44|30|49|19|31|32|16|19|22|20|16|19|8|11|14|11|8|12|12|12|14|31|27|24|36|57|67|31|35|39|58|64|47|60|58|69|60|57|67|73|90|68|85|74|74|95|97|111|104|86|91|82|72|77|101|132|126|119|133|108|100|120|143|107|126|124|100|119|137|126|114|118|111|132|139|113|127|80|99|99|94|105|85|100|98|116|81|63|37|28|27|
2014-06-22|3|1_CTs|CT16||135|147|146|96|138|142|123|118|127|112|102|87|77|93|139|102|78|74|72|130|77|58|55|50|67|52|38|43|40|100|18|35|29|54|41|34|50|33|33|91|71|58|73|96|94|87|82|68|89|93|118|107|109|107|140|119|118|147|114|106|90|104|125|95|112|105|94|92|111|115|160|137|105|111|139|129|189|130|189|148|121|104|121|83|99|85|141|54|72|83|78|54|61|41|50|58|
2014-06-22|3|1_CTs|ct18||150|159|130|124|128|121|148|156|118|134|125|120|118|144|111|108|113|110|104|99|96|73|74|65|63|57|66|58|54|42|53|56|48|35|54|67|37|69|63|65|70|89|78|74|91|115|108|116|124|133|116|117|124|134|128|126|140|118|116|106|115|121|133|127|157|142|129|146|153|143|136|141|141|137|139|147|118|135|108|105|109|122|121|97|114|114|118|103|96|96|106|87|67|45|36|54|
2014-06-22|3|1_CTs|ct19||0|0|1|1|3|3|1|3|1|0|1|0|0|1|0|0|2|0|2|2|0|2|0|1|0|0|1|0|3|2|2|2|1|2|3|4|0|1|5|0|2|0|4|0|3|1|0|3|3|1|2|1|2|1|3|1|0|4|2|4|4|0|1|1|2|1|0|2|2|0|2|0|3|2|1|6|0|1|4|2|1|2|3|1|0|2|0|1|1|0|3|2|0|0|1|1|
2014-06-22|3|1_CTs|ct20||0|0|0|0|0|0|0|1|0|0|0|0|0|0|0|4|0|0|0|0|0|0|0|0|0|0|0|0|0|0|0|0|0|0|0|0|0|0|0|0|0|0|0|0|0|0|0|0|0|0|0|0|0|0|0|0|0|0|0|0|0|0|0|0|0|0|0|0|0|0|0|0|0|0|0|0|0|0|0|0|0|0|0|0|0|0|0|0|0|0|0|0|0|0|0|0|
2014-06-22|3|1_CTs|ct22||5|4|3|4|12|9|1|3|2|5|2|1|8|2|4|4|3|1|3|2|0|4|1|1|3|0|0|0|3|0|2|3|7|3|3|3|4|1|3|3|6|2|7|2|3|5|5|9|6|9|7|5|3|8|7|6|5|3|8|7|5|5|4|9|12|13|12|7|5|5|7|10|2|29|7|2|8|15|7|8|11|5|6|4|4|4|4|4|6|6|3|4|0|2|1|3|
2014-06-22|3|1_CTs|CT23||137|118|106|77|92|86|58|50|67|52|46|34|55|47|36|35|31|16|22|37|17|16|23|13|15|26|21|25|29|28|38|49|50|54|40|50|73|75|91|73|106|78|110|123|106|125|144|146|127|150|166|172|170|170|115|127|126|117|123|118|104|145|155|145|151|195|166|158|139|145|129|152|134|158|159|157|181|148|183|143|174|149|121|119|83|88|106|90|109|85|109|79|74|43|41|45|
2014-06-22|3|1_CTs|ct24||305|284|266|237|241|187|165|178|131|146|114|103|86|95|83|70|53|47|66|66|71|61|69|62|52|83|104|128|115|168|201|208|136|174|165|211|223|245|308|306|313|321|358|393|384|442|399|449|474|422|434|480|451|493|445|452|433|420|420|506|549|590|568|568|543|530|609|583|518|592|540|574|570|563|561|545|571|522|541|600|521|525|501|432|394|444|405|409|454|491|417|335|253|171|103|122|
