2011-03-15|7|1_CTs|CT1||32|23|15|16|16|10|9|2|7|7|3|3|2|2|2|2|8|1|5|5|7|2|7|13|12|19|22|28|47|91|143|195|217|112|130|110|130|151|190|215|216|228|224|201|201|199|176|142|124|131|134|130|140|136|130|126|149|160|158|169|152|159|147|173|163|167|156|156|142|197|183|174|200|189|179|195|144|156|128|144|128|102|85|73|79|67|76|52|55|53|56|44|42|44|35|36|
2011-03-15|7|1_CTs|CT2||65|45|61|35|30|21|20|23|25|36|22|11|10|22|11|8|3|14|15|18|12|17|30|28|27|37|54|96|107|145|230|213|277|347|277|376|335|289|376|365|258|265|214|263|201|263|211|234|236|243|257|226|218|246|221|263|257|258|278|291|288|236|179|304|296|288|266|315|272|307|254|259|326|375|326|317|290|258|246|222|265|230|447|138|166|139|126|141|135|139|122|159|113|84|70|66|
2011-03-15|7|1_CTs|CT4||63|42|51|34|34|31|33|39|31|21|35|16|19|20|18|11|22|2|12|9|9|11|11|11|8|10|6|19|17|24|16|27|36|51|57|33|35|40|71|55|41|42|44|48|57|86|69|98|49|65|71|64|74|63|78|51|70|75|97|55|65|74|64|55|89|85|69|92|117|107|120|101|113|88|112|107|85|81|62|102|76|44|54|68|96|78|64|48|71|52|57|62|68|85|49|78|
2011-03-15|7|1_CTs|CT5||0|0|0|0|0|0|0|0|0|0|0|0|0|0|0|0|0|0|0|0|0|0|0|0|0|0|0|0|0|0|0|0|0|0|0|0|0|0|0|0|0|0|0|0|0|0|2|2|0|0|0|0|0|0|0|0|0|0|0|0|0|0|0|0|0|0|0|0|0|0|0|0|0|0|0|0|0|0|0|0|0|0|0|0|0|0|0|0|0|0|0|0|0|0|0|0|
2011-03-15|7|1_CTs|CT6||36|24|19|25|16|15|8|10|12|10|4|9|6|5|8|4|10|2|8|2|7|3|9|8|14|15|17|19|32|55|72|110|144|182|175|192|154|122|132|151|145|108|136|126|123|134|132|154|146|135|130|139|132|145|142|122|136|138|167|144|179|138|161|172|195|197|191|168|194|196|263|201|218|232|214|204|228|171|160|137|152|151|101|103|89|90|82|80|85|54|50|50|37|41|42|40|
2011-03-15|7|1_CTs|CT7||56|27|23|17|14|12|8|14|10|19|13|5|8|4|7|7|7|3|5|15|17|9|19|20|23|25|32|48|57|74|100|103|136|153|153|146|142|146|118|136|147|133|119|163|155|158|130|157|143|131|141|126|147|112|138|125|146|156|158|158|150|145|135|157|154|161|174|188|163|152|181|172|178|174|177|189|187|191|171|164|152|129|105|107|77|93|83|82|80|78|85|60|56|56|55|39|
2011-03-15|7|1_CTs|CT8||99|80|66|41|42|34|32|30|31|25|25|21|16|15|20|14|13|22|36|48|46|55|58|85|115|129|149|181|224|314|376|459|440|458|408|447|444|358|412|403|387|416|428|403|396|395|354|356|305|365|324|323|309|330|334|355|330|364|357|345|385|403|373|335|324|370|362|383|354|388|389|361|393|401|379|390|344|370|361|317|291|323|275|263|214|203|191|164|200|157|156|133|160|132|137|104|
2011-03-15|7|1_CTs|CT9||48|42|33|24|22|23|17|15|23|10|13|17|12|9|11|9|11|7|17|23|23|30|34|45|52|70|84|116|121|195|226|245|288|268|288|287|262|260|265|236|236|248|256|246|241|219|203|207|200|176|191|167|175|197|180|168|188|199|205|200|210|234|215|182|184|188|207|194|201|226|214|186|202|229|222|204|182|189|176|145|155|145|134|131|111|107|86|90|105|73|81|66|75|77|80|60|
2011-03-15|7|1_CTs|CT10||96|86|70|56|41|41|48|45|32|36|22|27|31|20|31|16|20|18|33|26|29|36|21|37|48|66|68|87|90|134|206|226|286|302|327|344|264|263|267|239|229|240|241|278|269|296|257|307|292|296|307|278|279|262|213|240|232|245|292|255|282|287|294|298|343|296|318|300|285|284|340|343|285|344|302|303|318|318|305|311|264|272|241|193|183|188|148|171|158|173|142|131|124|126|127|116|
2011-03-15|7|1_CTs|CT11||84|86|69|49|36|31|31|41|34|43|22|40|31|20|23|13|15|13|26|29|33|32|37|37|57|64|86|102|100|151|197|235|261|244|281|268|269|246|226|213|222|207|218|243|228|294|244|284|273|299|301|253|254|301|234|206|224|227|272|260|256|261|263|244|204|193|246|248|283|266|285|261|232|269|266|252|264|310|255|255|225|229|204|191|172|166|152|151|147|149|140|131|119|132|115|118|
2011-03-15|7|1_CTs|CT12||74|54|59|66|37|41|32|17|12|37|19|16|21|17|14|13|7|16|5|13|22|11|20|19|25|38|34|56|57|108|141|216|294|276|273|322|265|230|257|249|229|203|193|252|256|236|249|254|260|279|294|261|295|268|277|239|220|246|257|277|316|270|309|337|367|379|377|448|459|427|442|456|449|365|452|326|299|243|226|269|358|525|307|363|258|210|177|181|139|176|185|298|224|321|500|124|
2011-03-15|7|1_CTs|CT13||14|9|6|6|9|6|3|6|1|5|8|0|1|2|3|1|1|0|2|5|3|3|7|8|10|8|13|21|23|33|45|53|70|77|96|104|79|88|67|81|68|65|75|77|80|61|62|71|60|50|60|48|62|48|54|47|49|72|79|69|63|72|69|87|63|52|79|74|82|89|76|79|90|101|74|82|98|92|66|86|66|58|47|57|39|40|33|35|29|33|32|20|40|27|21|12|
2011-03-15|7|1_CTs|CT14||2061|1532|1070|1020|997|896|847|658|651|500|542|516|601|524|560|513|515|465|563|592|668|859|992|1013|836|936|985|992|975|1005|1058|1130|1030|1680|1559|1432|1105|786|637|710|675|2422|3344|3706|3332|3711|2993|3448|1997|1981|1397|970|975|2286|3270|2513|2321|1793|1054|408|427|413|401|393|420|433|482|491|541|514|577|568|566|573|561|520|525|572|514|452|473|398|329|306|296|235|242|229|221|212|208|182|151|186|160|154|
2011-03-15|7|1_CTs|CT15||11|11|4|3|6|4|6|4|4|2|0|3|3|1|1|2|1|2|4|2|3|1|3|2|4|3|5|5|12|10|24|45|92|107|72|91|94|59|63|48|40|40|44|39|34|45|40|48|25|48|34|42|49|35|39|37|39|42|46|44|43|36|61|38|51|82|88|80|62|60|114|74|92|72|77|85|90|37|57|44|45|32|34|21|27|21|23|25|25|21|20|19|10|11|12|11|
