2013-11-28|3|1_CTs|ct1||55|42|38|26|15|11|12|8|8|10|10|7|10|5|2|1|6|2|6|5|7|5|10|15|17|13|31|47|82|107|146|210|258|254|234|220|248|216|173|229|207|216|208|209|173|161|153|164|163|180|164|161|169|169|153|170|168|206|205|213|184|211|175|199|184|162|169|191|179|206|212|205|199|214|224|209|205|200|201|211|207|178|166|166|151|121|99|119|97|104|104|96|82|81|74|66|
2013-11-28|3|1_CTs|ct3||69|77|47|38|32|17|31|23|19|24|21|15|13|3|8|13|10|12|16|20|26|19|21|42|47|42|86|98|128|171|207|258|300|302|256|269|270|263|208|293|221|233|215|258|225|240|227|235|234|224|254|233|226|238|227|227|225|250|252|229|240|247|222|245|223|235|220|209|203|234|181|180|182|174|157|204|211|198|222|211|230|206|224|246|193|143|141|155|126|105|124|89|119|120|119|101|
2013-11-28|3|1_CTs|ct5||101|83|88|113|52|45|30|23|25|29|12|17|15|11|15|12|13|11|16|16|9|6|13|16|17|31|22|43|47|71|113|159|188|239|221|234|222|205|248|197|187|191|179|202|169|158|205|201|223|223|216|216|222|223|203|183|217|201|217|242|251|248|240|249|257|276|284|299|310|313|283|238|194|220|239|241|299|275|280|267|269|277|245|199|161|175|166|152|175|161|125|170|143|161|160|138|
2013-11-28|3|1_CTs|ct6||8|3|5|5|3|3|3|2|3|3|1|3|2|0|2|2|0|4|0|4|2|5|3|0|2|7|8|13|17|39|46|51|74|84|84|84|66|43|26|84|75|78|61|67|60|60|45|45|53|42|59|57|67|67|45|44|53|72|76|71|82|92|74|41|67|61|65|71|70|85|59|64|78|76|71|60|81|56|85|67|59|43|50|35|39|24|20|22|24|26|17|12|28|17|15|12|
2013-11-28|3|1_CTs|ct7||96|78|96|112|70|45|42|41|38|43|24|21|32|19|25|19|20|16|29|26|24|21|33|30|36|38|53|59|64|103|113|145|145|195|162|177|180|166|145|158|175|161|141|177|182|153|188|183|165|165|170|205|160|162|150|164|176|173|185|197|183|191|188|97|107|116|91|149|122|63|51|63|38|52|48|66|49|76|161|201|179|184|177|178|176|138|132|155|135|105|105|108|133|158|158|127|
2013-11-28|3|1_CTs|ct8||49|45|50|60|30|31|25|20|27|30|12|13|15|12|17|8|12|4|18|24|12|17|19|23|22|27|32|41|52|56|55|82|86|103|94|97|106|117|105|108|109|93|87|108|119|102|111|117|95|99|107|128|99|95|94|97|111|105|101|111|123|99|116|117|131|139|150|133|131|119|111|133|124|127|130|246|101|124|109|107|97|99|81|81|80|60|63|60|73|58|66|64|65|84|73|64|
2013-11-28|3|1_CTs|ct9||100|93|73|84|78|54|49|37|31|47|43|24|26|20|25|24|29|27|17|19|38|32|25|38|43|36|31|40|68|64|127|158|224|251|274|244|258|199|211|219|234|261|193|285|192|213|167|167|187|160|175|159|204|211|190|225|186|181|191|181|168|211|243|183|172|184|207|161|119|147|137|153|196|112|123|175|216|189|191|190|177|191|139|149|117|108|122|110|117|106|89|76|93|97|106|120|
2013-11-28|3|1_CTs|ct10||70|62|60|47|48|29|32|49|32|34|36|14|9|10|21|13|12|14|27|18|15|23|16|19|11|28|22|36|45|60|78|94|149|145|160|177|144|139|141|122|115|118|95|95|109|109|104|88|97|117|111|106|136|132|99|103|123|141|117|131|114|129|134|123|125|127|127|114|127|123|130|112|146|129|118|115|106|138|124|115|135|127|123|99|101|107|95|74|85|83|77|81|59|77|73|71|
2013-11-28|3|1_CTs|ct13||176|142|156|146|116|90|98|68|103|78|64|61|42|52|52|48|44|58|77|64|45|63|64|90|58|90|94|101|116|158|203|255|246|230|230|232|184|246|240|212|184|205|194|238|201|267|261|276|288|260|250|271|299|282|312|272|253|252|193|156|201|264|216|270|94|0|0|0|0|0|0|0|0|0|0|0|0|0|0|0|0|0|0|150|269|292|264|245|228|241|207|231|217|240|215|230|
2013-11-28|3|1_CTs|ct14||45|36|23|16|19|14|12|10|7|10|7|6|7|6|7|5|5|6|6|8|9|9|17|18|20|38|70|132|191|269|313|297|294|295|284|294|295|288|288|291|298|236|245|225|160|169|157|181|155|155|235|200|166|180|185|203|175|214|207|195|189|187|204|150|164|177|191|165|187|229|244|224|243|254|245|259|221|163|158|214|154|157|141|117|104|115|82|104|92|98|79|81|69|94|58|73|
2013-11-28|3|1_CTs|CT16||54|52|53|55|63|46|29|24|32|23|26|12|19|27|12|11|15|15|16|10|17|9|13|30|20|31|24|26|49|50|100|114|126|178|181|162|170|179|189|173|177|158|175|146|148|115|157|196|152|135|150|206|171|150|134|128|121|166|141|152|148|159|135|157|168|200|202|197|169|223|204|179|193|243|251|196|232|213|220|219|166|166|149|136|122|108|106|108|76|94|77|82|83|96|100|87|
2013-11-28|3|1_CTs|ct17||66|52|51|51|39|30|20|17|15|27|14|14|10|11|17|5|8|14|17|12|8|18|18|22|21|29|24|31|61|79|126|182|265|256|297|283|292|301|278|195|191|178|201|159|148|108|173|156|174|163|199|174|181|170|177|137|190|194|194|204|206|214|192|169|165|197|174|199|208|203|205|129|123|109|141|180|170|185|173|172|159|172|140|130|118|105|126|90|90|93|90|73|77|76|75|67|
2013-11-28|3|1_CTs|ct18||81|79|70|56|59|45|41|52|44|42|36|21|19|21|28|11|19|18|26|19|18|34|27|32|22|15|38|56|75|76|124|160|226|221|251|227|228|230|234|205|169|180|145|155|154|154|149|145|168|125|175|132|163|157|139|138|161|158|169|171|145|194|161|152|133|152|156|153|150|177|161|176|174|145|147|176|217|170|173|144|162|165|167|137|124|125|125|109|117|89|110|111|85|94|105|101|
2013-11-28|3|1_CTs|ct19||0|1|1|0|0|0|0|0|0|0|0|0|0|0|0|0|0|0|0|0|0|1|2|2|3|0|0|7|10|6|8|4|6|6|5|7|7|9|7|6|7|6|7|2|5|3|3|6|4|3|5|7|9|4|4|5|5|2|7|5|10|6|5|4|7|7|1|4|5|10|6|9|4|6|4|7|2|6|5|11|6|2|4|4|5|5|2|4|0|3|0|0|0|3|0|3|
2013-11-28|3|1_CTs|ct22||7|8|6|1|3|3|2|4|0|0|0|2|0|0|3|1|0|4|4|2|1|0|0|1|4|2|1|2|8|7|16|13|27|16|31|24|15|24|13|24|30|20|19|22|23|22|27|28|28|26|29|31|18|28|15|26|21|22|20|31|28|21|23|22|19|37|34|51|52|60|64|54|74|79|59|65|57|42|43|32|26|19|12|19|28|11|5|5|3|4|12|6|9|17|11|11|
2013-11-28|3|1_CTs|CT23||137|122|100|40|39|31|30|18|20|22|13|13|23|11|12|6|14|9|4|6|15|7|13|10|19|15|26|51|69|96|152|221|276|328|313|303|326|286|236|269|205|219|189|213|205|203|204|234|221|248|252|302|302|248|221|221|245|253|243|242|237|281|237|294|266|308|314|343|369|422|435|406|294|451|425|417|421|445|411|408|407|384|341|259|249|234|216|225|212|219|203|181|149|157|168|126|
2013-11-28|3|1_CTs|ct24||166|142|107|66|74|70|66|40|42|33|25|28|26|29|31|18|24|25|35|46|51|53|76|100|133|183|303|587|711|979|1058|916|929|904|997|939|894|797|754|807|941|936|976|876|758|803|744|752|739|736|920|875|870|738|771|809|797|877|901|932|878|864|800|824|733|810|796|782|789|914|831|871|891|934|954|897|832|810|855|711|690|640|610|507|469|416|356|390|371|329|327|334|286|294|255|219|
