2013-07-04|3|1_CTs|ct1||63|57|30|31|14|27|17|23|19|19|7|9|7|6|4|4|5|5|7|7|4|8|14|18|22|22|35|30|42|64|95|159|179|213|224|228|227|218|219|201|178|150|182|156|158|151|148|161|191|157|175|228|195|168|175|168|167|178|187|192|172|170|165|173|167|178|145|181|155|182|213|209|205|231|204|210|202|198|176|162|199|201|190|125|149|119|118|100|114|95|89|92|81|84|97|93|
2013-07-04|3|1_CTs|ct3||254|100|106|192|170|49|43|43|53|172|82|32|22|31|275|42|18|69|51|28|49|177|33|56|78|53|58|78|84|108|155|183|226|280|274|264|268|317|391|295|262|286|293|280|273|261|264|290|283|263|236|348|250|252|250|236|228|270|243|283|254|255|227|219|220|225|218|246|202|170|218|191|228|205|208|244|207|202|227|227|220|226|298|323|273|331|226|316|213|199|220|237|319|455|411|296|
2013-07-04|3|1_CTs|ct5||140|125|133|101|91|66|64|52|56|44|37|16|22|29|14|26|22|37|22|15|12|14|19|21|15|23|22|35|40|62|120|126|165|181|236|199|264|227|185|223|195|185|198|198|244|237|240|239|206|217|259|222|220|211|220|197|185|187|191|254|232|331|270|233|253|265|250|273|251|246|285|297|288|309|279|272|238|246|282|260|255|280|254|208|217|182|143|139|155|147|146|126|177|141|152|163|
2013-07-04|3|1_CTs|ct6||18|9|4|12|4|5|7|4|5|4|4|5|6|1|1|0|1|2|0|4|2|2|2|3|5|6|11|16|17|20|28|37|39|44|59|71|76|74|76|50|42|50|48|38|56|49|62|36|39|44|45|48|57|49|44|41|51|72|59|50|61|70|59|30|39|37|48|44|48|41|54|48|44|73|61|85|75|66|57|51|57|43|44|40|31|27|28|22|16|25|35|15|14|13|15|13|
2013-07-04|3|1_CTs|ct7||147|146|178|138|111|88|70|52|53|67|50|42|51|27|22|32|31|21|31|52|18|20|21|28|32|38|40|43|44|64|75|83|106|124|157|182|160|155|147|169|138|147|170|175|171|189|167|181|210|197|193|187|185|184|162|160|153|161|202|172|196|196|194|172|201|188|192|179|192|160|170|159|170|79|100|147|150|159|170|185|197|158|167|158|183|139|121|113|129|140|130|127|157|155|150|174|
2013-07-04|3|1_CTs|ct9||106|104|97|104|80|75|62|64|58|38|49|47|41|30|34|28|44|39|37|45|26|26|31|30|26|29|28|38|41|69|127|144|167|199|209|256|232|239|186|240|229|325|186|167|230|200|198|195|190|211|169|154|126|123|159|144|174|176|177|190|159|157|189|161|194|192|163|177|185|186|191|195|175|204|185|188|163|197|189|177|196|170|156|139|105|123|102|93|112|87|87|100|95|94|82|95|
2013-07-04|3|1_CTs|ct10||106|105|66|103|61|61|58|48|46|44|37|34|34|23|33|42|25|40|24|35|36|32|26|30|29|35|33|28|35|49|71|92|109|115|162|167|165|169|157|146|155|117|139|137|143|135|165|125|154|134|128|141|143|124|127|130|121|143|142|145|140|164|143|131|155|129|155|150|158|158|158|155|136|175|156|160|161|140|133|117|136|116|118|134|106|102|113|105|95|99|103|102|101|112|109|115|
2013-07-04|3|1_CTs|ct13||218|1204|250|341|344|434|148|768|191|610|403|133|191|246|256|839|183|436|382|688|301|86|398|479|428|100|280|742|3639|112|236|460|772|230|257|595|424|384|804|1968|417|456|307|271|224|333|750|503|305|273|234|297|223|219|304|311|271|294|268|288|230|285|369|296|202|296|290|261|659|471|234|300|215|389|282|315|290|269|412|256|245|481|942|474|349|286|2841|818|2079|1295|1349|360|1359|1600|818|233|
2013-07-04|3|1_CTs|ct14||40|49|45|45|26|18|13|17|13|16|9|10|11|8|7|5|8|8|5|5|13|10|15|20|31|42|67|112|177|209|255|289|263|284|292|289|293|277|284|286|252|233|216|222|176|193|152|142|138|184|187|196|186|166|152|188|176|177|175|175|186|180|171|170|154|155|158|164|192|194|234|214|220|245|257|227|250|223|228|211|207|177|166|161|142|127|106|94|88|79|75|85|83|94|79|70|
2013-07-04|3|1_CTs|CT16||103|115|104|87|74|50|44|36|41|51|35|23|25|29|32|17|22|28|34|29|27|24|11|28|26|26|29|23|29|58|83|99|106|166|165|171|172|159|148|137|152|140|123|125|176|117|161|136|141|124|140|124|113|111|129|116|130|134|134|144|159|143|156|134|159|147|180|177|199|205|195|176|211|197|218|229|220|184|153|195|171|148|160|118|130|78|78|67|81|82|90|98|76|78|96|91|
2013-07-04|3|1_CTs|ct17||114|91|77|75|63|59|54|36|31|31|30|27|22|25|23|29|29|19|14|28|16|19|27|33|18|40|32|51|55|81|104|175|195|279|308|303|225|309|294|294|258|234|239|219|204|205|205|192|193|193|196|209|199|176|194|185|191|227|216|234|212|222|188|208|211|207|226|211|241|237|216|218|211|238|209|220|201|183|204|175|205|170|201|171|147|117|109|115|130|120|133|99|131|139|136|115|
2013-07-04|3|1_CTs|ct18||127|120|100|104|77|78|75|63|56|54|43|45|41|34|40|41|35|44|33|40|42|31|33|49|38|49|48|51|70|98|131|176|197|248|254|264|269|228|234|214|208|195|209|211|206|210|207|166|174|194|189|190|169|165|170|157|190|180|187|197|219|210|219|182|170|164|185|192|205|206|194|179|175|205|211|209|213|186|177|166|193|171|190|167|156|130|128|126|134|137|142|119|148|135|153|154|
2013-07-04|3|1_CTs|ct19||0|4|0|2|0|0|0|0|0|1|0|0|1|0|0|1|0|0|0|0|0|0|6|1|2|5|5|5|9|7|8|4|13|9|8|7|6|7|7|8|6|2|6|6|2|6|4|4|5|7|5|3|4|6|9|10|5|3|7|7|5|8|6|7|4|8|6|6|5|3|8|5|9|8|7|2|1|5|2|4|9|11|5|5|8|5|2|5|4|4|0|3|1|0|5|2|
2013-07-04|3|1_CTs|ct20||62|74|50|39|19|23|19|16|27|11|17|13|7|14|4|7|7|5|11|20|7|12|16|22|23|25|48|46|87|106|148|152|174|170|176|185|144|164|178|161|176|187|194|154|195|139|171|151|154|144|146|167|146|159|140|150|161|158|181|152|193|148|175|162|151|158|133|147|151|166|167|170|169|158|181|167|162|167|170|95|127|163|157|159|142|137|115|100|108|92|106|108|88|68|87|63|
2013-07-04|3|1_CTs|ct22||11|6|6|2|6|1|2|2|1|2|2|0|1|1|2|1|2|4|1|2|0|1|1|0|6|1|3|3|5|3|9|11|17|16|19|20|25|28|20|22|26|27|14|21|26|22|24|25|18|27|21|40|26|18|17|20|29|17|18|20|21|26|25|27|22|25|30|32|50|45|37|47|37|43|33|49|44|44|32|32|32|23|25|19|22|9|7|9|10|8|6|9|7|3|5|5|
2013-07-04|3|1_CTs|CT23||103|109|79|45|35|41|26|31|24|32|21|18|14|16|13|11|15|13|15|11|8|17|13|13|31|21|38|36|55|75|110|151|209|257|289|290|305|288|253|203|193|198|242|201|176|205|208|210|259|244|268|303|277|244|223|263|258|212|247|260|269|252|234|259|282|288|287|345|319|369|393|401|427|439|447|422|403|453|409|367|328|391|349|254|241|217|198|164|213|209|142|160|148|125|127|116|
2013-07-04|3|1_CTs|ct24||228|216|205|150|112|81|65|72|49|44|54|49|41|28|33|23|35|40|37|54|56|66|80|101|135|189|298|429|629|795|923|906|910|884|880|951|870|878|935|879|893|916|957|889|820|813|773|704|682|776|818|849|817|713|684|767|730|736|746|874|837|748|774|696|702|711|715|780|736|857|862|876|913|937|895|928|886|822|845|898|781|708|729|681|573|533|432|430|389|370|387|393|326|385|347|308|
