2015-11-25|2|1_CTs|ct1||52|291|38|18|29|12|28|17|10|13|8|9|15|8|10|11|11|14|16|20|11|31|30|41|37|46|58|82|336|113|118|143|153|141|160|441|170|163|180|173|198|187|444|440|460|676|185|171|194|167|184|429|399|395|425|670|178|177|200|452|444|176|200|187|191|173|400|162|151|134|374|142|403|152|149|178|162|199|184|427|156|143|155|138|115|116|105|95|107|114|112|82|88|75|70|68|
2015-11-25|2|1_CTs|ct2||34|24|19|19|21|12|14|270|8|12|7|5|11|4|7|8|8|8|13|12|10|17|14|23|16|18|25|26|268|36|39|46|57|40|60|319|65|76|351|98|102|81|107|340|317|80|97|105|333|75|100|86|318|318|340|63|68|81|110|91|331|105|94|99|98|95|77|73|69|311|537|67|340|67|84|85|83|84|335|90|85|71|82|96|54|50|313|52|36|31|281|51|55|551|43|39|
2015-11-25|2|1_CTs|ct3||64|49|45|38|295|18|29|18|16|14|20|9|11|13|9|13|16|16|16|21|13|280|26|46|38|38|55|324|76|97|109|118|109|142|151|159|153|157|183|165|190|163|204|210|211|424|190|196|190|171|170|162|154|173|439|926|426|174|193|471|175|217|206|199|213|182|171|172|404|405|674|172|165|175|158|188|174|176|208|444|417|147|412|151|115|122|92|104|98|93|94|351|89|328|96|71|
2015-11-25|2|1_CTs|ct4||47|34|50|25|283|18|17|19|14|255|16|2|11|18|10|13|4|3|7|8|10|9|17|12|22|31|20|41|42|38|70|77|354|369|128|121|110|114|124|142|126|119|117|121|138|368|114|128|115|107|363|138|108|105|99|89|376|106|151|123|116|144|134|118|115|391|333|118|378|101|358|379|99|112|351|100|363|102|104|361|90|90|92|78|89|67|77|61|66|70|73|347|82|335|60|47|
2015-11-25|2|1_CTs|ct5||95|578|68|44|46|33|25|36|19|19|18|9|20|26|12|13|13|9|6|14|20|21|24|17|25|37|279|39|42|52|104|117|149|173|149|179|183|178|162|201|194|169|428|190|455|184|186|201|217|183|173|451|177|166|161|125|179|176|458|188|172|210|192|430|256|234|208|191|207|191|406|187|696|159|170|147|432|400|416|150|154|149|153|125|145|623|620|88|120|107|110|128|374|108|83|336|
2015-11-25|2|1_CTs|ct6||308|59|56|54|300|40|25|31|17|24|273|11|24|23|16|11|11|7|12|15|20|276|22|278|25|35|20|39|304|50|71|74|92|106|109|635|120|635|123|140|397|115|137|152|144|398|651|147|408|400|283|291|153|138|128|134|647|131|175|432|150|180|172|145|170|169|410|402|155|398|129|404|379|144|358|369|145|115|126|134|139|119|121|100|117|89|355|86|78|95|97|365|110|336|92|75|
2015-11-25|2|1_CTs|ct17||98|69|315|55|296|30|296|31|27|23|18|14|20|24|7|17|21|14|13|283|13|29|32|51|54|51|58|341|76|607|146|159|141|155|176|446|203|188|204|231|477|204|242|241|496|233|227|504|507|214|214|482|466|425|218|209|991|202|236|261|213|205|509|252|525|203|493|207|222|464|211|235|493|215|193|255|492|223|258|474|218|186|177|414|161|402|105|105|138|110|354|136|114|101|95|94|
2015-11-25|2|1_CTs|CT19||44|33|277|16|241|11|9|7|9|9|6|7|1|4|2|10|260|4|1|6|11|5|7|18|13|10|23|23|41|43|62|82|67|84|99|367|376|351|132|615|361|371|624|634|112|366|608|368|616|117|108|107|357|96|611|612|322|354|118|114|372|133|111|113|115|364|130|611|367|128|578|387|895|149|112|607|634|119|125|369|108|613|321|69|88|77|50|47|58|46|43|313|289|33|41|286|
2015-11-25|2|1_CTs|CT20||42|30|33|22|23|19|18|18|16|20|275|5|7|5|6|5|5|2|7|2|4|7|264|8|8|12|272|26|28|269|57|61|76|348|79|89|92|92|593|82|342|75|89|78|88|70|82|69|81|80|335|340|69|74|319|303|68|299|67|303|340|84|78|337|81|74|62|77|848|89|90|84|94|67|70|84|96|338|75|77|78|323|71|312|56|301|299|43|45|42|40|60|59|65|46|51|
2015-11-25|2|1_CTs|CT21||30|24|14|263|12|15|8|13|11|6|3|2|3|228|0|1|1|2|4|5|3|2|5|6|5|5|5|15|19|13|37|34|36|53|45|45|48|54|37|311|301|50|56|296|40|50|49|44|47|44|46|298|302|302|31|32|42|41|46|50|297|49|49|52|44|562|33|303|59|290|48|43|310|45|49|53|38|37|45|46|51|47|41|34|31|27|28|19|27|32|266|31|31|35|20|265|
