2016-12-16|3|1_CTs|ct3||92|351|82|64|59|51|52|28|18|26|30|31|41|25|25|13|15|23|34|22|17|21|288|29|36|41|47|71|101|127|408|188|208|204|463|198|302|644|450|466|207|185|178|210|460|449|199|459|443|221|468|177|451|175|186|183|197|181|193|192|205|711|457|195|201|199|160|196|176|400|417|434|116|71|67|55|55|73|418|227|183|214|215|217|198|189|166|409|182|147|140|159|192|189|449|150|
2016-12-16|3|1_CTs|ct5||218|451|405|640|107|352|82|322|58|315|48|53|292|35|33|27|16|25|37|19|22|20|17|19|39|33|25|305|76|80|116|453|208|272|288|518|268|487|204|480|206|198|438|193|209|234|232|261|511|247|527|511|281|532|282|241|221|220|220|268|262|256|547|313|305|604|553|339|313|319|809|481|167|425|144|387|408|163|304|279|283|295|519|231|457|465|193|188|165|427|676|178|242|280|537|286|
2016-12-16|3|1_CTs|ct6||12|18|8|5|7|3|3|2|2|3|1|0|3|2|3|2|1|2|3|0|1|4|4|2|13|9|13|21|21|283|32|46|324|50|85|82|61|55|79|324|46|315|72|67|65|68|72|62|289|47|63|69|49|50|48|59|64|49|313|88|82|317|70|42|59|76|63|84|79|79|66|62|76|74|53|72|77|58|580|78|61|305|70|66|318|45|37|20|18|39|20|26|31|40|27|17|
2016-12-16|3|1_CTs|ct7||149|141|125|358|94|336|56|59|61|62|292|38|32|25|29|31|262|22|25|23|23|276|26|27|33|41|269|48|64|57|296|352|363|126|127|127|347|139|363|406|152|670|407|152|415|425|176|937|405|821|70|73|75|358|156|155|162|427|652|413|181|421|421|103|87|78|72|73|59|56|43|312|42|20|289|25|285|283|61|20|0|0|0|0|0|0|0|0|10|167|200|137|187|123|124|356|
2016-12-16|3|1_CTs|ct8||318|72|67|49|52|303|28|30|20|27|263|14|16|9|11|16|13|12|10|14|11|6|15|13|14|17|250|23|31|29|31|314|315|67|80|70|82|96|325|104|120|625|107|587|360|130|130|362|378|142|145|135|125|364|113|114|115|126|362|114|107|629|125|138|155|130|129|152|128|128|118|103|347|360|107|318|107|337|348|117|98|95|94|123|130|120|108|374|108|104|97|93|124|127|136|100|
2016-12-16|3|1_CTs|ct9||109|122|368|110|121|607|61|350|137|78|57|46|300|55|319|87|43|293|42|26|34|44|34|31|38|38|50|318|96|100|193|342|320|299|286|540|527|264|227|202|275|215|474|487|286|253|804|280|286|457|266|250|206|178|173|191|879|1174|322|293|812|399|948|715|2079|527|664|625|132|116|665|428|179|123|189|114|159|169|211|231|266|485|239|250|216|185|184|417|174|227|407|174|206|231|231|243|
2016-12-16|3|1_CTs|ct10||97|102|100|106|89|70|71|55|66|55|39|51|52|36|30|32|33|51|36|32|34|29|27|29|35|43|29|33|27|55|77|101|133|149|160|179|152|132|146|158|138|122|135|117|139|147|133|152|141|143|129|150|127|123|142|125|166|137|146|124|134|129|141|161|149|176|160|161|148|178|148|151|155|158|151|138|140|143|148|141|152|122|119|129|145|134|110|140|110|114|108|130|111|104|94|90|
2016-12-16|3|1_CTs|ct13||338|268|697|244|867|1192|644|418|150|1637|3858|1885|384|981|2173|106|2531|583|931|1287|2745|3001|774|677|415|506|1226|1124|1241|581|225|1269|442|454|469|729|420|711|845|1150|808|273|1043|278|478|488|383|728|433|283|290|311|316|242|252|249|243|520|411|256|286|602|374|273|276|246|486|651|1007|233|232|710|165|408|150|139|142|204|224|579|292|1927|311|343|251|302|756|289|257|228|234|283|262|276|847|845|
2016-12-16|3|1_CTs|CT16||148|161|136|110|374|81|61|69|316|293|37|40|56|38|39|34|25|41|29|36|40|23|31|27|18|28|34|49|67|319|380|142|179|220|211|423|465|214|182|707|728|190|201|283|651|207|185|227|177|213|234|191|173|193|172|195|156|200|201|205|190|458|464|247|230|480|503|268|484|762|476|478|232|469|480|188|473|223|215|210|224|462|714|185|190|193|164|391|131|137|131|152|155|174|182|152|
2016-12-16|3|1_CTs|ct22||7|9|3|11|261|2|5|1|2|4|257|4|0|3|4|3|2|1|3|0|3|1|0|2|2|5|6|5|2|3|10|8|269|16|12|17|17|271|22|15|23|23|272|286|24|270|16|19|21|33|33|19|26|5|0|10|21|23|16|22|278|0|0|0|33|30|31|32|37|45|40|25|28|48|41|30|44|23|43|36|28|33|281|20|22|269|17|8|8|21|266|9|12|14|5|14|
2016-12-16|3|1_CTs|CT23||191|558|724|592|346|304|1194|475|235|249|699|877|1344|536|768|631|1038|3236|6140|7304|3545|355|1178|227|2165|800|652|1702|1507|771|872|871|929|1011|820|1456|1667|2104|1378|847|93|111|1128|1660|1347|240|131|387|165|165|412|295|1644|2526|1816|665|460|646|437|453|818|501|962|463|778|568|591|618|883|794|1683|829|815|545|847|623|1904|732|318|428|156|180|420|389|843|372|124|428|1555|1018|882|787|1274|1305|1976|1441|
2016-12-16|3|1_CTs|ct24||117|94|66|63|39|40|27|20|14|18|17|19|18|17|24|16|10|10|13|17|25|39|299|55|61|108|461|593|416|759|849|1129|852|571|499|825|1171|1025|563|1027|562|500|488|867|768|536|537|556|526|799|551|514|771|462|721|673|737|468|490|515|1280|491|785|519|974|781|469|430|729|492|1027|493|493|474|489|510|518|533|502|521|532|1000|644|616|853|235|472|167|422|408|184|173|194|411|167|154|
