2014-01-08|2|1_CTs|ct1||47|32|46|25|24|30|11|11|12|11|13|12|9|7|4|8|6|13|12|16|22|22|23|30|38|37|39|73|77|101|91|113|122|165|161|163|170|161|170|179|173|194|182|207|196|207|174|163|162|176|189|214|191|169|183|182|161|190|174|183|194|198|200|168|172|167|176|146|150|150|154|137|163|143|153|132|133|139|135|174|142|150|142|127|118|94|68|81|83|64|71|74|77|63|66|66|
2014-01-08|2|1_CTs|ct2||27|23|22|15|14|20|4|9|10|10|9|6|4|6|5|4|3|3|6|8|15|15|10|10|24|19|14|30|25|31|32|27|35|50|57|51|60|58|60|77|66|88|91|101|94|75|71|66|61|70|67|72|78|76|69|73|73|78|75|90|94|77|84|66|77|78|81|50|67|57|58|49|72|72|78|68|69|61|60|74|57|69|60|57|59|41|28|35|33|42|40|39|45|39|33|29|
2014-01-08|2|1_CTs|ct3||49|39|41|37|27|30|18|23|21|7|16|13|10|14|11|7|8|14|13|16|26|22|24|32|40|39|43|63|82|70|65|94|97|143|131|133|146|154|151|142|156|154|191|205|197|171|183|158|168|144|154|178|176|147|151|181|143|169|149|194|189|180|189|196|174|146|161|150|156|121|169|134|159|161|156|157|149|148|132|137|156|151|125|132|110|96|89|86|82|70|75|73|68|69|60|80|
2014-01-08|2|1_CTs|ct4||43|28|32|18|19|24|26|21|10|17|7|4|6|0|11|7|9|7|7|7|8|6|21|15|24|24|24|24|33|38|49|60|88|116|102|133|131|105|113|128|122|106|104|153|136|116|107|107|135|131|110|120|116|116|79|105|110|108|116|134|120|103|129|117|94|103|131|109|111|103|105|92|93|83|92|100|89|81|90|102|98|74|67|77|61|51|47|60|43|39|47|55|51|50|48|50|
2014-01-08|2|1_CTs|ct5||61|45|51|26|23|33|42|30|24|22|19|7|10|9|12|10|10|9|3|15|21|13|21|21|31|24|31|27|43|40|62|88|116|169|152|171|176|140|163|193|162|153|183|195|190|184|191|186|189|157|148|186|172|153|143|179|170|163|175|193|162|163|226|187|173|168|200|165|168|172|193|154|164|174|149|141|145|146|139|131|157|134|115|117|99|85|94|93|67|86|86|96|79|85|77|67|
2014-01-08|2|1_CTs|ct6||21|18|20|12|75|431|507|488|483|501|501|499|497|498|499|399|348|474|304|239|10|4|4|11|8|12|6|12|10|15|19|24|27|20|28|34|27|33|38|39|36|43|41|63|54|52|39|32|48|34|26|47|42|48|41|47|37|42|47|54|47|36|189|468|539|510|553|535|545|516|80|53|36|46|50|41|37|42|43|43|55|428|524|519|510|398|132|512|69|22|17|31|20|22|17|11|
2014-01-08|2|1_CTs|ct17||63|52|43|44|35|37|30|26|18|15|24|12|22|19|16|7|12|17|17|17|31|25|36|50|49|53|46|67|81|84|75|100|119|152|161|149|193|218|183|183|188|207|222|212|217|198|216|177|193|183|159|185|181|203|169|183|181|188|187|218|197|230|223|211|211|191|198|182|174|176|179|163|179|198|197|185|188|194|162|156|178|171|148|145|135|119|110|96|87|83|98|97|70|94|80|81|
2014-01-08|2|1_CTs|CT19||22|17|18|14|9|20|17|5|7|9|4|7|5|3|2|6|8|5|7|7|10|6|7|6|12|17|11|24|34|36|39|52|56|76|70|75|80|96|91|88|86|99|107|121|112|96|108|105|98|94|104|90|108|79|80|86|80|100|70|99|102|111|106|112|103|103|115|93|98|124|106|108|97|115|108|102|100|115|101|99|101|90|74|67|56|58|46|53|39|35|39|45|31|31|35|45|
2014-01-08|2|1_CTs|CT20||28|33|39|23|16|21|20|22|13|14|17|15|8|9|7|2|5|9|5|8|13|7|3|8|10|10|23|18|28|27|44|62|59|81|75|89|95|90|92|90|75|77|73|67|70|86|79|62|68|71|77|65|70|54|55|69|57|61|71|79|65|79|92|76|77|71|84|77|84|85|90|82|86|77|86|82|84|79|63|81|59|70|58|60|67|52|38|39|40|53|40|44|38|48|36|43|
2014-01-08|2|1_CTs|CT21||13|10|18|9|6|7|12|12|6|4|3|4|3|4|2|5|4|3|3|1|3|2|2|3|5|5|8|9|5|17|30|40|30|50|42|57|51|48|55|50|42|48|41|34|51|44|58|43|43|41|42|31|41|42|28|36|33|34|43|33|34|47|57|46|42|42|49|48|43|51|42|39|41|50|44|50|47|42|28|41|29|42|39|29|38|28|15|23|20|23|23|22|27|20|21|24|
