2015-03-13|6|1_CTs|CT1||2|2|1|1|0|0|0|1|1|0|0|1|0|0|0|1|0|2|0|1|2|2|0|3|2|1|3|4|2|1|12|60|109|77|328|68|76|90|331|97|330|14|5|10|6|9|9|7|11|14|11|9|13|11|6|4|7|7|3|5|6|5|9|6|7|5|7|25|14|8|8|4|4|2|15|15|5|8|3|4|4|3|4|9|6|1|3|1|2|4|3|1|0|0|0|1|
2015-03-13|6|1_CTs|CT3||12|12|5|3|4|5|4|5|8|1|5|0|1|3|9|5|9|10|12|14|18|25|19|27|29|27|34|266|269|48|63|76|86|84|98|365|342|69|68|297|59|328|39|51|49|59|56|296|44|37|57|62|44|42|40|47|48|49|50|58|311|55|40|47|298|59|47|297|46|303|50|78|82|68|99|346|536|57|69|82|324|55|282|35|33|24|31|19|27|22|13|25|16|15|18|15|
2015-03-13|6|1_CTs|CT4||9|7|7|260|6|4|0|2|2|0|3|2|0|1|0|1|3|0|2|2|0|1|2|0|3|0|1|5|7|6|3|21|63|51|29|17|32|26|272|32|21|18|23|19|15|284|11|17|16|27|32|286|2|36|282|29|32|29|25|20|25|31|36|28|37|37|37|54|40|34|45|550|290|47|274|300|44|60|19|24|33|31|23|16|3|6|270|11|16|5|8|13|249|17|15|15|
2015-03-13|6|1_CTs|CT5||15|17|19|19|14|10|6|7|15|2|8|5|6|5|1|8|4|6|5|9|3|10|4|10|269|267|10|21|19|42|33|55|81|69|72|105|98|79|90|320|90|84|83|81|79|67|86|326|72|323|58|67|71|82|49|56|331|311|70|75|78|74|76|332|80|90|74|86|76|316|84|329|63|65|98|81|94|321|315|71|64|55|302|549|48|310|39|40|32|26|529|35|19|34|27|20|
2015-03-13|6|1_CTs|CT6||31|34|16|21|14|15|6|5|261|2|8|1|5|4|2|3|7|3|4|6|11|10|8|19|12|17|21|16|28|42|66|89|639|218|190|424|171|631|132|110|112|109|103|368|101|335|85|354|99|97|95|93|106|98|106|355|120|360|114|97|101|112|94|102|132|102|118|110|154|155|116|104|133|133|116|111|135|121|109|105|109|101|103|283|81|69|74|58|61|321|45|57|36|37|37|33|
2015-03-13|6|1_CTs|CT7||2|3|7|2|3|2|0|1|1|0|2|2|0|1|1|6|0|1|2|0|1|3|1|4|10|4|6|15|10|17|281|30|34|33|39|301|59|39|45|35|37|31|30|21|21|29|23|29|33|22|24|28|290|19|26|20|20|17|21|12|20|34|34|20|28|20|35|40|32|40|27|20|22|17|26|23|278|19|25|26|29|23|34|20|282|10|278|18|15|10|13|10|12|13|8|7|
2015-03-13|6|1_CTs|CT8||49|44|23|18|18|16|23|16|9|17|9|10|23|248|11|14|13|6|7|6|10|10|23|25|26|34|282|57|72|95|646|212|487|445|184|433|188|177|206|162|178|641|164|391|145|152|146|385|133|389|166|370|143|151|137|376|416|405|424|403|177|142|146|378|397|206|186|206|183|177|175|441|187|213|447|158|416|181|177|182|161|363|395|356|101|361|101|104|346|94|80|77|308|82|81|63|
2015-03-13|6|1_CTs|CT9||299|58|40|45|13|21|10|10|11|11|17|14|9|5|7|10|8|263|8|12|19|23|28|36|38|305|48|65|76|124|186|564|557|610|401|875|575|577|362|608|606|808|734|179|480|191|219|195|452|451|199|486|189|700|209|211|720|220|205|203|200|218|188|212|453|225|250|510|273|309|576|371|373|342|371|616|865|350|323|552|335|552|170|421|140|117|122|113|104|97|82|338|335|89|316|71|
2015-03-13|6|1_CTs|CT10||33|32|34|11|278|16|269|14|10|14|14|3|7|9|13|8|13|10|6|13|13|17|14|22|27|37|29|46|58|68|103|131|131|425|166|171|139|152|426|142|155|148|169|409|160|404|124|409|141|155|175|166|140|153|147|366|150|147|676|173|150|174|434|422|171|184|216|249|222|250|499|227|224|271|267|264|237|223|202|212|188|690|653|153|122|112|83|70|59|85|68|295|60|50|45|43|
2015-03-13|6|1_CTs|CT11||21|277|26|19|13|18|6|5|7|9|6|9|7|1|4|2|5|6|7|9|11|11|9|29|31|300|310|577|98|400|247|283|125|320|92|332|96|83|96|372|127|448|200|168|177|180|175|441|190|175|196|205|463|180|178|196|197|186|695|429|196|173|205|422|444|170|197|199|472|197|462|173|182|462|465|151|163|412|160|146|426|141|161|656|116|372|87|70|82|318|45|58|54|54|37|49|
2015-03-13|6|1_CTs|CT12||42|36|34|28|21|27|16|11|12|13|8|6|7|7|250|7|11|4|7|13|13|19|9|29|31|33|48|299|71|81|395|167|488|511|513|509|507|251|256|221|220|189|437|436|177|440|176|699|186|456|190|197|185|203|177|172|417|180|196|700|465|211|468|487|465|219|237|574|562|280|784|274|559|263|219|205|237|207|266|482|272|464|186|153|160|129|369|94|79|95|83|66|68|66|59|65|
2015-03-13|6|1_CTs|CT15||30|15|19|19|11|14|9|7|6|5|12|4|3|5|11|13|6|11|9|13|25|33|20|44|42|54|300|319|65|109|131|181|197|504|226|231|210|226|211|219|228|204|137|364|122|121|120|107|120|354|398|156|118|98|374|376|114|132|110|106|94|109|125|359|387|118|387|168|452|171|408|735|192|397|146|199|447|234|198|178|342|158|115|93|76|66|66|570|60|307|47|44|299|48|40|33|
2015-03-13|6|1_CTs|CT16||33|33|39|16|21|16|11|15|12|14|14|7|7|4|10|8|264|11|8|8|12|269|11|23|33|44|42|60|73|126|686|231|240|236|232|230|492|221|249|499|227|204|210|211|177|188|188|449|193|190|191|198|455|435|185|183|184|175|447|187|410|183|209|185|177|173|476|236|242|219|204|426|457|683|202|217|460|176|461|164|186|418|167|668|161|97|105|86|70|81|77|302|324|58|58|45|
2015-03-13|6|1_CTs|CT17||15|20|9|10|4|270|6|3|4|5|5|5|0|1|0|5|6|2|2|2|2|4|1|4|9|4|11|15|24|33|50|74|107|125|136|195|92|364|109|102|100|76|83|45|68|314|107|375|148|78|82|367|76|46|62|59|63|47|320|44|71|321|312|71|47|56|54|61|62|63|81|70|80|76|335|72|327|82|66|75|68|567|44|52|49|32|56|40|23|29|25|25|26|28|12|15|
2015-03-13|6|1_CTs|CT18||59|63|55|43|34|26|282|279|27|22|27|13|14|19|10|15|267|15|11|18|14|26|20|28|293|39|44|63|95|145|172|242|305|279|280|303|579|765|280|248|264|742|512|497|226|231|262|221|220|487|214|450|221|262|205|487|487|233|256|256|259|506|252|497|276|533|279|499|556|497|288|259|284|294|319|560|571|270|483|493|482|483|211|435|181|148|136|123|111|113|598|117|101|117|84|335|
2015-03-13|6|1_CTs|CT19||31|39|30|28|20|22|19|16|14|9|12|13|6|8|4|8|9|7|6|7|3|10|5|16|13|8|13|18|33|36|325|96|171|163|155|167|168|152|134|124|125|129|642|375|157|138|142|398|143|158|139|642|184|126|114|125|384|131|123|393|133|153|130|172|140|167|174|193|677|197|482|220|479|724|227|499|225|232|199|438|205|158|115|112|111|102|353|92|62|73|322|63|67|60|57|61|
2015-03-13|6|1_CTs|CT20||30|33|25|22|10|11|14|12|3|6|8|3|5|7|2|9|6|3|3|8|6|12|12|15|17|21|17|25|38|5|43|83|114|397|41|364|143|330|49|115|124|63|312|356|399|134|141|380|126|636|96|376|325|47|86|110|129|118|94|365|74|63|135|60|124|110|47|115|134|67|3|32|72|164|382|143|402|146|379|124|74|59|344|35|46|72|72|63|61|92|262|61|59|54|55|304|
2015-03-13|6|1_CTs|CT21||60|40|30|32|22|15|19|21|26|17|11|242|12|15|20|10|13|18|24|33|277|37|47|61|67|71|82|93|121|441|243|332|382|583|608|603|594|289|276|310|255|761|251|485|213|473|441|712|206|404|458|509|204|218|192|200|208|450|973|677|217|226|226|242|475|234|236|448|235|276|447|261|557|294|325|563|499|285|241|260|245|251|185|181|148|146|142|117|361|339|108|98|105|90|88|338|
2015-03-13|6|1_CTs|CT22||76|74|66|50|56|289|25|31|21|22|34|24|17|18|24|31|25|24|24|276|46|301|57|51|72|56|76|84|99|369|642|186|429|261|552|312|273|284|500|238|226|245|432|266|232|470|255|250|247|248|277|292|485|730|244|238|483|478|286|287|256|517|307|295|313|349|335|584|887|423|409|397|390|391|391|390|841|622|600|345|578|263|525|469|218|200|199|148|121|407|392|149|353|146|347|110|
2015-03-13|6|1_CTs|CT23||77|69|46|37|30|22|25|254|23|22|17|19|20|16|18|19|15|16|14|13|21|17|272|45|44|56|53|98|123|155|239|301|821|344|360|353|343|329|1009|288|295|291|261|204|191|476|227|208|203|215|482|511|220|236|220|211|270|230|281|248|511|293|479|237|240|315|503|314|302|324|557|284|349|844|351|588|335|554|310|577|303|301|212|201|155|147|148|142|132|130|358|110|107|109|103|358|
2015-03-13|6|1_CTs|CT24||305|72|58|268|40|40|272|30|22|18|18|15|15|12|13|17|271|19|14|24|29|25|28|38|47|44|52|86|380|134|169|222|296|598|332|594|374|586|576|555|261|302|497|265|262|496|249|510|259|270|470|495|281|258|483|221|251|251|291|284|298|303|566|760|334|345|361|388|400|425|414|663|422|669|435|654|612|905|392|381|556|585|271|232|203|174|158|144|151|384|123|111|116|117|110|101|
