2011-11-07|7|1_CTs|CT1||19|13|14|13|9|7|11|2|7|1|0|3|3|2|0|1|5|3|2|0|2|7|3|8|10|11|14|22|37|64|101|144|204|210|217|208|205|218|215|215|174|156|137|133|136|146|128|136|105|126|118|128|132|138|121|130|111|148|157|137|145|173|155|157|150|156|150|166|163|152|175|168|160|187|191|163|144|138|143|116|101|116|68|72|69|51|67|59|45|44|43|36|30|29|31|17|
2011-11-07|7|1_CTs|CT2||16|19|14|10|8|15|5|8|11|6|6|3|3|2|0|4|4|4|2|6|4|7|6|8|12|18|22|20|39|64|94|117|160|277|219|239|236|188|174|130|99|100|55|88|63|70|47|71|36|96|70|104|40|100|85|89|75|121|98|69|70|98|116|89|116|134|109|138|122|137|111|115|180|178|127|141|139|96|114|93|88|85|85|74|53|61|61|58|44|36|40|31|41|27|29|31|
2011-11-07|7|1_CTs|CT4||28|20|38|22|20|15|18|19|22|13|7|12|10|14|6|5|7|5|5|10|5|5|5|5|9|4|2|5|3|1|1|7|4|12|16|12|11|18|9|21|14|29|17|12|21|16|5|19|22|23|52|19|24|25|28|27|22|20|22|25|17|39|39|22|36|52|55|69|63|67|87|66|58|70|86|83|55|53|44|47|58|61|44|27|25|46|46|33|20|23|28|40|57|22|30|23|
2011-11-07|7|1_CTs|CT6||31|23|18|18|9|21|24|10|9|14|7|15|7|12|4|5|9|9|8|7|9|2|4|12|10|12|17|15|31|46|61|87|149|197|145|191|161|158|150|144|143|126|139|155|165|138|144|148|138|146|133|136|160|127|125|130|140|157|165|131|175|168|207|181|187|244|251|237|233|288|217|289|257|244|209|230|245|194|182|163|175|128|105|89|77|79|74|109|53|60|58|68|54|49|34|42|
2011-11-07|7|1_CTs|CT7||28|29|14|20|19|12|17|6|5|3|8|5|7|3|3|4|10|2|2|7|7|6|12|17|15|18|32|27|45|52|68|69|86|110|122|97|108|138|103|97|108|103|115|133|92|119|108|105|121|117|101|104|123|115|96|110|131|104|103|107|116|107|141|140|109|132|116|127|151|144|168|165|163|121|163|164|163|153|146|144|140|93|78|59|73|48|67|65|52|46|55|44|47|40|34|35|
2011-11-07|7|1_CTs|CT8||98|90|65|53|56|45|33|34|30|28|20|11|12|16|5|13|18|24|28|42|46|59|75|81|94|121|147|168|218|283|336|418|405|454|417|398|362|380|340|325|348|345|339|337|326|311|313|352|333|306|310|339|299|288|288|310|325|355|377|361|359|346|390|359|340|354|369|357|397|368|354|347|370|331|403|360|317|317|301|301|264|250|218|185|177|197|162|160|155|166|145|144|111|117|108|97|
2011-11-07|7|1_CTs|CT9||52|57|56|35|43|24|23|24|28|18|12|5|10|7|4|5|14|14|15|19|36|29|34|44|56|60|76|101|124|146|182|251|248|245|259|263|257|247|249|221|215|214|232|228|222|230|195|243|231|209|204|207|212|186|193|229|207|225|251|262|229|215|239|258|204|216|219|233|240|240|240|230|218|228|227|240|197|208|198|170|160|141|121|125|113|114|109|89|86|99|97|77|53|75|58|61|
2011-11-07|7|1_CTs|CT10||93|73|52|57|49|51|35|30|40|33|26|29|27|22|17|14|8|18|28|26|25|33|36|33|45|53|46|75|87|98|148|174|243|260|250|265|251|239|247|229|193|239|268|255|289|327|261|300|279|275|276|276|282|257|214|242|247|261|257|256|273|314|333|254|297|366|307|317|347|320|358|308|326|364|266|296|299|299|301|269|267|233|222|171|181|152|134|147|179|132|151|127|98|94|129|92|
2011-11-07|7|1_CTs|CT11||102|88|73|61|48|50|40|45|47|39|21|36|29|27|27|24|10|17|35|29|29|34|45|50|56|94|75|93|100|136|170|219|251|251|249|262|245|262|255|223|238|242|295|297|324|356|401|406|351|323|364|384|350|338|292|319|308|299|301|288|357|350|314|245|318|358|254|260|304|192|197|221|278|205|191|225|243|269|290|237|267|279|259|167|187|179|154|143|154|137|137|134|126|124|106|121|
2011-11-07|7|1_CTs|CT12||50|35|25|32|23|20|27|21|23|7|10|10|11|6|5|5|7|10|8|11|8|6|9|5|20|18|20|25|37|56|83|125|200|211|228|263|221|221|214|187|181|170|191|185|168|199|207|166|216|220|217|237|216|184|173|184|167|208|210|200|220|209|239|239|241|274|317|302|307|343|332|331|327|338|328|318|340|286|260|243|236|213|170|162|137|114|122|115|96|100|75|95|84|81|39|60|
2011-11-07|7|1_CTs|CT13||15|9|4|8|7|3|4|5|3|1|2|0|1|0|0|1|0|1|1|3|6|0|3|5|3|12|12|12|20|31|36|45|46|64|61|52|76|66|68|85|74|49|71|82|64|43|53|43|64|71|49|60|57|61|41|72|62|51|62|60|68|51|64|62|50|58|47|74|93|84|116|98|78|95|106|106|93|83|72|83|64|46|28|27|42|31|39|29|28|29|28|17|22|17|15|10|
2011-11-07|7|1_CTs|CT14||106|77|83|51|57|43|39|39|36|29|26|16|18|27|26|25|13|13|28|27|37|39|50|65|65|94|116|114|133|201|214|263|328|400|371|420|369|355|348|298|300|297|280|309|334|334|363|334|378|416|431|453|426|413|381|397|482|463|496|483|430|383|381|409|390|414|452|472|466|484|535|525|526|507|555|469|502|457|454|423|397|340|291|201|238|202|205|185|204|169|182|189|143|122|114|126|
2011-11-07|7|1_CTs|CT15||12|8|8|8|9|11|8|9|5|5|3|6|9|3|5|1|2|1|6|4|6|2|5|12|9|5|6|14|19|27|23|60|86|123|90|140|127|76|70|75|60|44|33|64|49|44|54|61|31|53|63|57|49|53|54|46|40|64|53|65|52|51|71|54|69|84|104|119|97|109|128|97|95|90|103|89|81|83|69|57|53|64|33|29|33|35|27|37|21|26|27|29|23|24|21|13|
