2016-07-12|2|1_CTs|ct1||57|62|47|48|30|29|26|22|17|10|14|9|11|18|13|12|6|14|15|19|17|23|26|38|35|48|67|71|100|117|146|144|158|147|176|177|167|174|169|172|188|194|197|193|179|201|417|127|107|90|130|170|162|181|166|176|176|179|181|196|190|208|178|207|160|148|125|166|152|154|166|158|141|148|164|141|162|167|149|200|146|163|163|166|140|127|117|122|85|118|99|86|82|84|76|71|
2016-07-12|2|1_CTs|ct2||46|44|37|33|33|54|42|14|14|9|16|5|12|14|8|20|8|7|7|13|13|11|11|16|15|23|35|25|26|39|45|41|36|50|58|68|74|75|76|85|95|103|96|96|84|112|120|118|110|140|126|135|88|96|339|100|83|73|80|112|72|117|101|113|95|81|93|83|69|79|91|79|74|84|70|65|72|72|78|99|80|82|76|71|70|88|73|61|65|48|66|51|52|55|63|49|
2016-07-12|2|1_CTs|ct3||65|81|75|69|46|29|41|14|21|15|17|14|17|21|14|14|4|12|15|23|16|32|25|31|28|36|57|63|71|100|127|127|117|124|138|147|156|164|163|156|174|188|200|218|199|188|183|146|155|160|184|230|199|159|186|163|201|168|192|196|179|213|185|204|144|132|191|210|156|159|183|161|167|155|149|148|167|177|161|182|171|164|154|157|410|126|127|126|121|112|120|103|88|71|90|80|
2016-07-12|2|1_CTs|ct4||59|59|46|40|21|30|30|23|23|15|20|21|11|15|25|8|12|14|13|10|12|9|16|15|28|42|20|37|46|47|68|74|103|88|125|121|121|143|122|132|139|137|137|128|134|135|123|134|105|140|146|149|139|128|385|119|120|164|135|158|151|133|141|128|154|151|131|127|130|133|127|128|135|108|118|129|122|129|127|117|101|104|105|108|119|94|113|114|87|113|84|85|88|86|84|88|
2016-07-12|2|1_CTs|ct5||110|88|81|69|42|44|45|28|26|29|34|26|24|25|33|14|22|12|16|13|20|17|22|19|27|42|27|49|62|65|110|113|125|146|153|174|197|226|198|175|217|193|209|181|196|242|213|221|179|224|198|201|221|220|198|226|201|219|215|245|227|238|212|213|236|225|244|359|328|208|245|192|185|176|198|198|179|189|221|158|161|167|169|153|156|144|159|163|142|184|159|133|125|122|134|133|
2016-07-12|2|1_CTs|ct6||97|93|87|68|52|37|38|33|29|28|32|24|21|10|29|15|27|17|17|15|21|11|19|24|30|33|35|40|48|51|66|89|85|100|108|118|122|140|117|128|147|116|141|136|134|161|162|169|152|187|170|158|170|145|155|174|135|144|161|170|169|185|192|178|197|186|187|188|177|181|195|171|166|153|143|422|168|150|168|171|130|137|130|126|399|142|133|123|122|132|137|125|123|120|132|127|
2016-07-12|2|1_CTs|ct17||93|89|77|79|51|39|45|29|28|27|26|27|23|31|18|27|4|18|13|27|23|27|39|40|45|46|69|85|78|111|143|140|125|160|156|193|186|196|206|208|186|216|237|254|255|178|194|126|215|234|236|231|299|219|236|221|225|232|259|203|229|246|246|157|158|175|212|248|204|235|232|210|208|240|209|193|219|215|226|218|484|363|291|174|203|152|146|149|162|132|140|120|111|90|121|105|
2016-07-12|2|1_CTs|CT19||39|38|22|33|15|19|15|12|12|8|14|9|8|6|9|6|3|8|7|6|10|7|12|11|12|24|16|33|37|44|63|61|72|63|72|77|75|87|83|79|97|93|85|89|89|71|34|24|16|73|96|82|104|103|80|90|86|81|95|92|124|118|95|69|84|86|381|115|101|96|94|91|102|103|97|86|93|99|122|119|352|79|86|69|79|65|75|58|59|60|66|54|46|49|43|45|
2016-07-12|2|1_CTs|CT20||55|54|299|23|26|20|29|28|21|27|17|16|15|9|11|13|8|6|4|7|8|5|15|6|12|6|12|30|29|37|42|50|64|59|82|75|87|102|82|80|97|84|80|68|65|41|50|61|44|57|61|52|72|70|325|81|74|71|72|76|79|69|69|63|54|60|82|77|72|51|55|66|69|80|83|70|58|82|91|70|336|90|72|71|327|72|79|63|54|69|69|67|68|73|78|63|
2016-07-12|2|1_CTs|CT21||34|30|26|10|15|16|11|11|10|11|6|7|8|5|6|6|4|4|4|2|1|3|5|3|6|8|9|13|19|17|24|32|39|43|49|47|61|47|46|43|54|46|46|53|52|43|287|30|30|46|44|44|53|299|312|51|53|53|35|52|50|45|50|255|43|44|53|39|45|46|37|34|47|56|46|49|49|306|51|44|48|46|36|59|49|29|44|36|31|38|39|33|40|303|46|39|
