2016-03-14|7|1_CTs|CT1||28|23|21|18|15|12|10|5|9|6|5|5|4|260|8|3|3|9|8|7|8|13|14|16|21|22|22|37|44|67|97|135|161|439|184|179|192|191|191|178|290|277|392|127|122|117|123|118|102|364|118|368|113|359|97|107|104|112|375|399|110|123|106|117|130|391|132|135|132|159|140|150|137|160|143|127|149|109|118|108|339|87|78|69|76|58|51|47|52|48|59|50|50|39|550|30|
2016-03-14|7|1_CTs|CT2||22|24|13|270|12|8|9|10|16|4|13|2|11|6|2|6|5|4|7|3|5|9|9|13|9|14|23|25|36|36|62|100|157|161|145|151|393|158|144|91|345|6|33|90|30|20|76|44|36|56|66|103|58|53|319|90|45|350|346|295|21|8|1|4|44|343|81|80|83|72|19|152|106|103|29|25|32|21|16|66|65|34|53|62|46|42|48|40|10|31|42|31|28|32|25|11|
2016-03-14|7|1_CTs|CT4||20|14|22|11|6|13|11|15|7|11|13|12|7|6|6|2|6|4|2|262|11|0|4|1|2|3|6|3|10|5|14|15|54|49|47|29|66|37|30|28|36|26|43|298|53|39|45|54|40|50|62|54|48|35|39|37|57|41|55|29|57|52|295|55|84|56|63|323|113|97|359|336|95|66|78|83|68|76|47|77|74|36|54|31|34|37|32|38|41|34|40|51|293|39|42|27|
2016-03-14|7|1_CTs|CT6||28|21|18|18|18|8|4|4|6|8|4|5|2|3|2|8|5|1|3|1|4|7|2|8|2|6|16|18|26|38|300|92|140|671|149|163|376|126|100|326|124|101|89|92|332|106|101|93|94|359|102|128|123|110|83|366|125|352|101|103|368|110|145|385|152|186|192|462|450|205|176|202|202|417|142|146|189|112|117|369|118|88|321|72|81|51|56|67|50|74|49|55|49|39|28|33|
2016-03-14|7|1_CTs|CT7||20|9|11|15|13|4|2|6|6|6|5|7|4|1|0|7|10|0|4|7|11|6|10|12|16|19|23|35|39|57|52|87|113|362|152|395|374|131|115|92|128|648|131|113|106|118|105|381|102|111|110|363|104|101|99|111|112|127|109|356|384|97|92|112|381|153|125|133|141|134|158|190|159|191|203|170|170|129|105|131|123|102|70|60|54|53|38|46|52|47|51|298|53|40|35|36|
2016-03-14|7|1_CTs|CT8||97|79|57|42|48|29|35|25|15|15|20|20|16|20|21|33|23|292|39|55|58|93|356|93|92|110|113|175|187|578|407|452|495|469|472|721|409|701|733|464|398|457|375|353|319|585|329|573|320|353|574|319|281|547|287|863|346|346|352|371|351|347|603|614|340|361|349|317|632|338|380|393|371|356|354|374|378|328|322|567|284|250|217|186|206|166|386|144|151|161|664|155|151|148|120|110|
2016-03-14|7|1_CTs|CT12||38|26|26|20|22|10|6|7|4|7|6|3|2|3|4|2|7|2|0|7|2|8|10|8|10|8|18|31|48|47|332|380|214|232|213|202|210|203|173|136|290|292|141|162|668|411|181|446|427|193|161|442|195|176|179|143|176|191|160|429|157|404|711|217|219|233|260|546|528|308|317|260|291|551|480|272|283|257|212|206|192|150|132|371|109|95|81|107|75|87|78|331|64|53|41|47|
2016-03-14|7|1_CTs|CT13||8|4|5|5|4|1|1|1|1|4|4|2|1|0|0|2|2|0|0|1|1|3|1|1|1|5|9|16|23|18|21|42|47|56|67|57|70|69|64|52|68|68|41|46|52|54|43|302|45|55|51|65|37|303|305|296|62|49|37|35|46|59|56|59|56|59|78|51|56|66|71|71|72|358|69|89|79|67|41|43|61|52|23|24|23|20|21|19|30|22|21|28|31|18|17|7|
2016-03-14|7|1_CTs|CT14||107|85|71|69|66|48|39|41|37|282|35|18|17|19|33|41|29|34|31|53|316|81|84|86|80|74|92|129|378|169|275|304|378|460|481|765|705|424|351|315|455|458|285|303|574|392|597|931|903|419|636|621|385|624|323|575|355|594|360|380|368|636|612|387|711|499|505|518|845|871|603|1119|659|897|627|549|573|1309|509|405|428|302|521|233|227|214|402|186|185|177|193|166|161|184|394|401|
2016-03-14|7|1_CTs|CT15||15|6|18|13|17|3|5|2|9|11|6|1|2|1|3|7|2|0|2|2|8|10|5|15|4|10|12|19|28|31|38|69|128|139|194|178|154|152|76|65|76|318|50|52|55|64|98|55|60|81|330|91|71|72|341|99|84|340|73|76|80|304|109|126|412|221|189|185|163|223|217|168|169|155|123|133|117|91|81|336|59|69|303|35|43|48|45|60|43|43|46|34|43|36|19|37|
