2014-11-06|2|1_CTs|ct1||52|48|55|49|40|40|22|20|27|11|18|13|18|13|9|16|12|15|17|17|22|22|39|31|37|40|41|89|89|122|115|139|140|162|182|193|170|192|190|197|195|183|194|194|206|208|214|217|184|186|178|224|180|181|159|162|179|184|189|214|173|190|168|173|168|171|182|160|170|166|129|157|163|124|130|153|144|167|157|163|172|152|183|155|137|120|110|101|98|81|96|96|69|71|79|71|
2014-11-06|2|1_CTs|ct2||44|31|33|43|41|29|23|13|20|14|18|15|16|14|11|12|11|14|9|12|12|10|17|13|21|15|20|36|21|39|43|47|42|59|67|78|67|79|75|81|94|85|95|100|93|92|96|93|90|96|95|101|78|93|79|76|77|81|90|97|98|98|80|76|72|87|79|76|86|70|77|82|83|66|74|70|65|90|81|96|94|81|85|87|75|61|55|58|49|37|59|52|49|43|52|39|
2014-11-06|2|1_CTs|ct3||68|74|75|70|59|60|42|25|30|30|26|26|21|14|21|14|13|12|23|23|23|32|44|43|42|46|50|88|66|94|122|115|105|123|152|159|144|147|166|186|167|174|194|217|203|199|220|228|188|185|189|193|187|180|172|159|173|190|172|199|194|212|202|170|178|183|222|172|179|163|175|174|184|181|179|151|162|192|177|163|201|144|158|160|137|137|122|114|111|88|112|102|104|88|95|82|
2014-11-06|2|1_CTs|ct4||57|51|54|66|33|37|37|22|24|17|23|20|9|13|15|12|11|11|22|13|15|18|32|31|26|30|31|42|36|57|62|76|76|116|115|149|135|115|123|143|126|137|126|127|149|116|124|134|121|136|152|151|133|116|97|108|105|125|125|135|141|135|128|107|130|125|137|121|125|104|119|121|117|103|89|101|90|95|124|100|76|112|112|95|83|79|78|68|39|57|56|70|59|77|80|57|
2014-11-06|2|1_CTs|ct5||102|84|90|93|51|59|52|49|30|27|31|36|28|26|19|23|19|18|30|29|23|23|43|30|32|51|26|60|47|75|83|115|108|166|166|202|185|200|170|174|190|178|186|178|180|213|215|193|221|213|205|204|213|198|165|164|182|230|207|219|228|239|201|209|217|208|223|220|202|197|173|207|196|183|168|167|146|166|151|150|159|155|152|160|145|106|118|125|97|95|111|112|110|128|140|97|
2014-11-06|2|1_CTs|ct6||33|27|37|25|26|17|17|16|16|9|11|14|11|8|9|12|9|9|14|13|8|11|13|17|12|16|15|13|11|15|22|22|20|21|24|38|38|45|36|45|39|40|49|50|56|67|53|59|49|47|50|67|68|61|44|49|45|53|61|64|64|55|60|61|68|47|62|47|67|51|61|56|65|65|47|46|48|50|52|49|59|47|45|46|42|40|49|42|28|38|41|31|36|41|52|40|
2014-11-06|2|1_CTs|ct17||76|97|84|100|88|91|67|47|46|29|29|37|35|25|24|19|24|19|25|28|30|30|56|54|51|54|43|102|82|114|119|155|155|171|191|188|193|191|197|260|228|215|220|235|245|248|247|260|240|246|217|244|219|208|180|200|193|221|233|226|234|237|249|235|241|234|244|227|224|218|213|226|248|232|215|211|195|249|198|226|214|170|186|175|177|142|150|159|125|96|117|110|116|109|116|109|
2014-11-06|2|1_CTs|CT19||34|37|43|24|23|26|21|17|14|8|10|6|10|8|5|7|4|5|9|6|6|5|12|14|13|11|9|34|36|52|58|73|63|95|90|100|105|87|80|124|100|105|127|112|122|119|123|145|120|113|113|117|123|94|66|71|94|108|104|107|117|114|117|101|118|135|138|120|128|113|117|126|148|134|120|99|124|126|100|118|118|93|88|75|90|66|68|56|56|43|59|45|51|44|41|41|
2014-11-06|2|1_CTs|CT20||43|39|44|41|43|16|24|19|26|29|21|15|12|10|9|11|14|5|7|14|12|9|9|16|10|13|18|18|29|31|46|62|74|99|94|87|93|93|87|75|81|87|81|84|69|78|79|68|61|79|78|73|78|60|65|82|75|77|80|69|85|80|73|105|79|91|80|86|93|83|77|94|78|85|89|90|87|89|83|85|75|81|78|68|64|50|61|51|53|42|56|52|62|54|71|41|
2014-11-06|2|1_CTs|CT21||23|22|20|23|29|7|12|7|8|15|13|4|5|4|2|7|6|3|2|2|6|4|4|7|8|6|9|8|14|16|31|29|38|53|52|47|44|45|42|40|49|51|47|43|50|39|49|41|41|57|52|53|46|46|32|47|35|47|56|49|81|39|47|43|56|56|32|52|50|49|41|46|49|43|44|46|45|54|52|37|41|45|41|47|38|25|25|28|32|29|39|24|32|50|40|23|
