2012-06-22|6|1_CTs|CT1||1|0|2|2|0|0|0|0|1|1|0|1|0|1|0|1|0|2|1|0|2|3|2|3|5|6|10|3|2|4|9|10|7|5|12|6|9|11|3|12|5|4|1|7|11|4|4|4|5|4|9|5|9|9|1|9|3|5|6|5|7|6|4|7|4|1|6|5|4|3|2|7|1|3|3|6|3|3|3|2|1|3|4|4|1|3|3|1|2|3|6|14|4|3|2|4|
2012-06-22|6|1_CTs|CT4||11|17|10|10|6|11|1|7|2|1|2|2|4|1|2|1|1|0|4|4|1|1|4|1|3|3|1|2|3|11|9|13|20|15|30|33|31|24|12|31|28|18|9|22|13|22|16|25|41|33|39|27|36|33|30|31|29|30|34|33|35|26|25|25|29|29|41|38|17|41|45|40|52|47|48|39|35|44|26|37|33|23|22|21|24|23|16|25|10|21|12|19|19|16|14|9|
2012-06-22|6|1_CTs|CT5||19|24|10|15|15|16|13|17|14|10|4|5|5|13|4|4|3|7|6|6|4|6|14|16|19|18|16|17|32|35|42|44|54|59|79|86|72|59|59|67|76|76|87|75|53|73|74|74|72|82|75|76|74|77|67|70|63|81|81|76|68|60|67|65|76|53|103|87|76|88|78|66|72|65|56|58|65|67|50|58|40|41|38|50|39|48|38|51|38|58|39|25|41|37|34|28|
2012-06-22|6|1_CTs|CT6||22|23|19|13|19|15|6|9|7|3|4|4|4|4|5|6|4|6|7|5|10|9|14|18|17|21|20|24|35|46|76|85|117|157|145|172|170|148|137|142|103|115|97|106|109|99|94|92|103|131|97|100|83|104|100|115|109|104|124|95|127|102|111|87|112|120|135|118|122|128|122|134|121|119|111|104|132|103|113|87|89|84|71|86|67|83|60|68|62|56|58|65|57|56|54|44|
2012-06-22|6|1_CTs|CT7||8|6|5|3|4|4|5|2|1|4|0|2|0|1|0|3|0|2|0|1|3|2|0|2|5|7|4|7|14|7|7|23|21|31|34|45|35|29|30|22|22|22|29|21|23|21|20|20|13|23|27|29|24|25|25|30|20|28|32|24|23|24|18|23|28|28|25|19|18|23|24|34|37|25|22|18|35|22|17|24|15|18|17|14|13|11|8|13|18|14|9|11|13|6|5|2|
2012-06-22|6|1_CTs|CT8||49|37|39|32|30|22|18|14|16|9|10|11|14|12|3|7|10|14|11|8|9|14|20|29|22|26|47|44|88|120|149|183|227|217|231|242|209|232|201|187|171|156|160|140|125|148|131|132|118|154|162|153|145|125|145|140|159|144|165|168|138|164|141|127|176|162|140|175|181|185|164|186|186|197|176|174|182|152|163|141|147|129|122|113|106|99|108|109|102|76|95|60|78|68|75|66|
2012-06-22|6|1_CTs|CT9||64|67|51|39|28|32|22|28|10|17|12|10|10|9|10|5|7|7|13|9|11|31|28|38|47|47|39|79|82|120|169|196|246|311|334|364|316|319|288|258|228|197|205|209|189|217|225|191|179|211|223|197|200|190|174|201|207|190|223|223|220|227|221|203|230|253|255|253|264|236|268|286|285|251|246|220|215|210|214|195|163|165|145|138|125|108|113|85|118|104|90|98|98|80|78|69|
2012-06-22|6|1_CTs|CT10||30|27|29|25|19|21|11|21|6|17|9|9|8|4|8|4|7|5|6|7|8|14|19|25|27|31|24|52|57|77|98|133|143|169|217|213|180|170|194|174|163|142|141|148|150|139|126|142|147|149|128|155|141|148|135|138|143|156|146|158|131|144|165|174|180|196|193|206|209|233|247|224|233|226|213|237|191|231|178|161|162|128|103|120|100|85|79|74|83|70|56|67|58|67|56|48|
2012-06-22|6|1_CTs|CT11||35|30|17|24|12|17|11|11|11|7|12|9|4|5|9|5|8|10|5|8|13|23|22|35|36|48|59|87|113|119|195|248|313|315|337|313|269|325|259|256|226|209|191|184|216|197|187|194|195|185|218|197|196|205|174|187|204|207|196|184|211|213|183|165|206|198|204|204|214|230|197|194|208|166|201|162|149|136|150|157|146|182|106|123|109|91|92|71|75|72|54|66|58|54|46|47|
2012-06-22|6|1_CTs|CT12||46|37|33|31|18|18|13|19|6|16|12|8|9|3|5|10|5|6|10|10|11|22|21|26|32|29|40|60|66|79|128|168|179|226|264|273|219|229|240|213|178|175|169|179|171|153|155|184|166|181|173|178|164|203|174|175|186|183|193|173|188|187|181|194|212|226|246|246|277|280|278|274|293|276|271|271|231|242|197|182|186|172|135|126|107|108|78|82|85|81|65|75|70|72|59|66|
2012-06-22|6|1_CTs|CT13||41|28|28|21|17|15|16|13|5|9|6|3|7|2|3|6|2|4|7|4|9|18|19|23|40|32|25|46|45|66|86|120|146|172|202|236|206|173|177|144|123|109|141|108|108|119|130|99|94|125|128|114|97|124|101|122|114|108|142|120|112|125|122|100|129|141|136|134|145|118|149|167|154|148|117|121|151|128|114|108|87|84|80|69|81|57|53|47|73|55|48|55|50|42|31|30|
2012-06-22|6|1_CTs|CT14||27|15|32|19|12|8|10|17|3|7|8|4|6|6|7|6|6|5|6|4|9|11|19|18|14|19|14|23|26|50|38|66|79|79|101|122|104|112|116|95|96|93|93|101|116|115|94|123|111|101|98|97|95|100|111|101|87|149|118|112|107|108|106|117|139|128|149|158|150|154|191|176|174|185|177|127|175|159|146|118|129|129|85|73|80|68|61|61|46|61|59|59|60|40|41|41|
2012-06-22|6|1_CTs|CT15||20|21|11|21|15|6|9|6|8|4|3|6|7|2|3|5|2|7|6|5|19|14|21|25|26|22|22|31|43|54|80|102|129|157|170|195|153|112|132|93|87|94|87|88|76|63|71|79|76|85|87|100|90|87|80|77|67|74|78|78|78|71|55|82|79|84|87|91|82|76|100|86|97|64|57|89|70|71|80|72|56|46|55|63|39|41|28|40|43|29|23|26|36|24|21|24|
2012-06-22|6|1_CTs|CT16||46|36|32|30|20|21|18|18|11|22|11|14|4|8|10|6|6|8|5|9|13|12|18|25|29|43|36|60|80|87|131|181|195|232|232|239|175|260|199|207|212|198|189|179|202|188|180|184|176|179|181|190|176|181|158|185|179|179|217|179|163|169|179|199|207|176|186|195|204|210|203|219|216|197|196|200|165|159|155|178|132|145|116|124|112|93|103|85|95|101|65|74|75|72|54|51|
2012-06-22|6|1_CTs|CT17||37|49|19|19|13|15|9|11|6|10|3|11|3|5|7|1|2|1|7|5|4|8|5|4|3|7|9|15|14|22|33|46|58|74|68|87|90|64|67|71|54|64|65|66|64|70|76|87|63|81|79|78|67|74|56|75|69|77|71|63|78|73|66|89|81|89|95|83|80|99|88|129|97|110|106|108|103|104|95|84|89|75|44|58|47|33|54|21|54|49|50|35|46|35|44|33|
2012-06-22|6|1_CTs|CT18||63|73|47|38|44|37|34|33|33|26|13|11|11|18|14|14|9|16|13|16|14|18|35|26|39|52|47|64|89|115|148|216|214|269|300|286|297|283|298|265|247|231|282|236|238|256|223|229|230|256|213|232|207|231|212|228|214|257|264|274|259|245|257|233|262|248|299|278|266|298|273|288|302|269|278|271|282|227|258|225|208|203|156|165|149|146|124|141|116|141|127|92|122|110|90|96|
2012-06-22|6|1_CTs|CT19||73|67|49|30|28|26|18|24|17|16|10|20|5|12|6|7|4|11|14|8|7|12|11|7|7|12|20|28|32|41|67|71|128|136|134|164|137|140|163|135|137|136|122|140|122|155|147|122|133|142|142|133|130|109|115|109|132|117|129|120|146|141|138|165|145|180|166|191|203|199|169|195|178|188|217|197|175|187|166|154|147|122|100|108|104|80|72|89|75|67|77|63|73|61|53|48|
2012-06-22|6|1_CTs|CT20||25|24|25|10|16|12|11|9|8|9|3|3|6|6|3|4|3|3|10|6|10|12|18|14|24|17|28|29|44|52|71|88|105|141|131|134|26|132|132|118|129|110|128|102|99|118|131|128|126|34|119|68|21|40|118|110|103|133|128|74|70|119|18|114|114|118|137|122|140|127|45|104|68|35|119|124|151|105|68|93|25|52|30|83|64|73|7|66|51|63|52|18|46|45|42|41|
2012-06-22|6|1_CTs|CT23||80|68|53|59|49|29|27|27|24|23|18|11|20|15|13|12|13|17|18|18|17|29|36|43|34|54|77|76|129|186|246|286|322|357|383|338|323|331|321|282|270|274|242|230|217|220|209|233|218|220|250|251|227|221|228|221|230|264|265|274|249|251|260|237|290|287|283|289|268|258|274|338|332|302|330|281|277|283|269|262|234|237|196|184|163|150|142|162|162|136|150|104|124|125|110|102|
2012-06-22|6|1_CTs|CT24||66|74|52|45|62|46|41|32|25|33|28|28|19|21|12|10|16|14|22|19|30|23|33|40|49|51|55|91|98|147|158|233|278|313|308|314|310|295|323|303|276|277|272|276|249|273|275|266|254|268|297|286|239|257|248|257|257|252|298|303|320|339|316|308|316|364|386|405|406|394|391|427|436|463|433|417|404|375|393|299|312|242|232|198|173|156|183|149|150|118|132|147|125|143|140|130|
