2014-04-21|2|1_CTs|ct1||15|19|12|9|11|8|17|21|16|13|20|26|11|16|15|10|5|11|4|9|9|16|9|32|31|43|46|61|67|102|114|122|153|137|165|186|187|194|189|189|193|202|203|205|204|187|186|201|181|183|186|190|192|195|155|170|152|205|188|117|153|179|144|162|190|190|174|168|178|149|177|174|152|205|163|186|166|142|164|158|134|170|145|143|131|119|111|86|78|96|91|95|83|81|54|49|
2014-04-21|2|1_CTs|ct2||3|0|3|1|0|0|0|3|5|14|11|20|15|17|14|6|3|6|4|6|4|9|5|8|12|20|23|19|24|32|32|42|43|38|56|72|65|71|86|70|95|79|85|106|93|76|71|80|75|77|87|101|69|82|66|64|60|90|97|83|95|93|118|102|78|89|89|80|70|73|87|82|70|72|66|71|85|84|75|65|62|68|61|74|67|60|55|44|50|42|51|44|57|50|31|28|
2014-04-21|2|1_CTs|ct3||79|75|66|53|64|37|62|42|66|16|22|31|21|27|25|22|8|22|7|9|11|13|16|28|41|43|48|48|60|80|98|99|124|129|144|116|159|155|187|165|167|174|190|211|194|184|196|195|154|183|181|190|165|171|165|155|121|173|168|164|174|194|209|203|194|194|185|163|193|180|182|160|156|206|173|168|169|172|158|170|141|160|139|147|106|125|127|95|85|98|99|100|94|91|64|77|
2014-04-21|2|1_CTs|ct4||27|19|27|39|27|10|18|18|10|11|8|8|14|16|8|7|5|4|7|13|8|8|14|19|28|21|25|31|34|38|70|70|88|89|93|97|116|109|99|127|117|88|102|104|112|124|116|113|132|116|105|133|100|94|94|100|111|101|114|106|123|106|100|127|109|111|131|108|89|95|109|120|75|94|112|97|94|101|97|90|88|95|96|88|79|74|97|62|71|98|64|69|43|69|59|53|
2014-04-21|2|1_CTs|ct5||46|38|47|44|41|36|40|34|22|26|31|30|28|38|25|18|8|14|15|20|8|20|17|25|27|29|32|52|45|51|84|97|113|134|132|150|160|178|158|191|187|154|169|170|168|201|181|182|193|175|164|187|171|157|165|165|157|166|180|170|197|169|170|184|196|194|190|182|171|150|181|184|179|147|171|169|176|153|146|149|139|152|126|114|140|111|139|109|107|119|114|115|83|108|103|93|
2014-04-21|2|1_CTs|ct6||0|1|0|0|0|0|0|3|0|3|11|8|20|11|12|5|2|3|6|6|4|5|6|4|11|11|12|13|14|17|26|19|29|21|29|23|25|34|33|141|534|122|110|114|122|140|155|146|137|130|143|153|124|118|119|101|97|138|145|142|152|141|137|158|154|138|161|147|162|121|158|156|162|184|310|411|495|535|541|541|352|44|39|36|38|37|26|24|40|42|23|35|23|29|33|16|
2014-04-21|2|1_CTs|ct17||116|114|99|111|101|74|79|63|74|25|29|30|33|30|25|35|18|31|11|19|16|20|22|37|45|53|52|48|61|87|109|108|138|144|160|178|157|198|234|193|220|205|225|265|223|216|203|239|193|202|179|207|194|197|195|189|166|210|194|183|215|193|206|224|205|197|206|210|212|192|216|214|200|224|234|215|223|209|201|196|178|186|169|176|167|129|137|128|96|119|131|112|99|103|91|99|
2014-04-21|2|1_CTs|CT19||42|35|37|38|42|22|29|28|22|7|7|8|10|5|6|1|4|7|3|6|5|6|4|6|8|13|18|22|23|35|49|61|72|74|81|103|90|90|74|100|111|105|123|124|116|115|121|106|122|98|100|110|112|125|94|81|75|102|111|103|111|104|111|118|126|106|79|132|133|102|118|109|107|134|135|115|130|109|111|115|100|96|96|78|67|70|59|55|50|67|62|57|52|52|33|33|
2014-04-21|2|1_CTs|CT20||48|24|30|37|37|44|29|16|12|20|15|9|13|7|6|3|3|6|3|7|6|4|6|15|13|12|15|22|20|21|34|43|64|67|78|66|97|81|82|96|82|79|78|65|67|65|70|66|77|79|62|71|78|67|65|65|67|59|81|87|81|87|82|79|87|70|69|86|80|68|88|74|111|93|81|79|92|96|92|78|83|92|66|70|68|56|40|60|41|49|54|67|47|29|46|43|
2014-04-21|2|1_CTs|CT21||18|8|16|13|13|10|15|8|3|7|1|2|6|2|3|2|1|2|2|8|2|2|1|3|8|7|6|15|6|12|19|25|32|43|41|34|59|42|57|46|49|35|48|48|36|50|56|40|47|48|37|43|44|45|32|37|35|42|50|57|51|39|47|59|54|46|46|53|47|53|47|55|57|48|66|53|54|45|48|37|46|47|48|38|37|36|24|24|25|26|29|28|26|24|30|28|
