2011-12-07|7|1_CTs|CT1||30|29|26|20|11|10|8|5|6|3|9|5|6|6|3|5|4|5|3|1|4|1|6|7|7|23|16|17|33|53|82|163|202|194|123|449|469|439|373|233|166|150|160|146|149|154|141|152|144|140|127|164|134|134|161|134|152|156|147|155|173|146|166|153|161|155|171|182|153|167|167|173|179|170|189|183|177|167|149|144|125|127|115|106|81|85|60|73|68|71|71|56|69|62|41|53|
2011-12-07|7|1_CTs|CT2||107|112|152|271|295|399|446|428|432|342|268|187|207|243|223|192|210|158|189|292|313|144|91|86|125|137|154|247|198|287|288|980|789|570|501|566|2167|3629|585|5435|4971|2270|1365|358|386|412|187|175|177|164|154|150|1866|882|437|1002|850|1109|797|2134|2292|2512|2325|2625|3452|4436|4540|3421|1563|934|268|361|334|265|512|574|565|503|1421|2415|351|320|381|265|216|161|241|210|462|269|160|154|175|174|184|178|
2011-12-07|7|1_CTs|CT4||55|24|44|29|30|18|26|20|20|19|17|12|23|14|11|6|8|7|10|7|4|8|5|6|6|4|2|0|6|6|6|10|9|18|6|12|13|14|22|8|18|19|24|19|22|27|27|29|27|28|22|19|39|20|28|28|41|23|33|29|31|48|45|48|48|54|53|59|98|61|104|91|77|53|67|66|59|58|69|57|80|72|52|54|52|35|31|26|38|34|45|47|74|69|31|72|
2011-12-07|7|1_CTs|CT6||52|53|44|36|32|30|17|16|22|16|11|18|11|11|9|4|9|11|6|8|9|4|11|8|11|9|10|12|27|42|62|107|165|195|178|175|162|184|136|132|139|155|136|167|155|167|175|161|156|164|176|136|133|201|152|150|149|163|181|173|187|188|236|221|177|222|268|242|289|234|299|278|292|258|254|213|230|222|199|192|209|164|135|117|116|88|87|97|103|71|83|93|84|69|67|70|
2011-12-07|7|1_CTs|CT7||37|25|18|30|18|14|17|14|15|8|8|15|8|6|6|5|1|6|7|8|10|10|8|19|13|6|32|35|40|46|72|66|87|108|138|115|108|102|99|136|114|123|102|109|127|113|115|135|100|134|122|133|112|112|115|115|106|119|139|160|133|139|141|166|131|137|145|174|165|170|179|165|158|148|165|183|172|154|130|152|139|101|94|109|76|79|55|95|49|85|70|72|60|47|62|59|
2011-12-07|7|1_CTs|CT8||92|96|62|61|47|39|51|42|33|23|23|22|11|30|24|20|16|16|46|51|51|50|71|86|99|148|143|185|206|249|314|392|418|441|402|360|382|379|395|395|349|366|338|319|352|363|331|314|380|366|358|341|340|337|333|298|316|409|353|403|373|334|370|382|379|359|391|382|453|414|401|377|379|426|403|371|305|378|341|303|315|282|252|207|217|213|190|199|219|211|192|151|161|152|155|137|
2011-12-07|7|1_CTs|CT9||63|49|57|47|39|36|38|32|26|19|13|14|13|6|22|9|15|12|17|35|22|29|34|48|52|86|82|107|104|133|191|218|264|261|288|307|220|278|245|266|249|244|223|220|242|232|212|216|241|229|251|243|226|240|203|212|215|256|223|295|218|243|255|255|257|243|223|241|218|251|251|230|250|246|254|244|184|246|217|214|193|207|163|140|140|158|137|129|142|133|135|112|113|111|110|91|
2011-12-07|7|1_CTs|CT10||84|93|91|84|96|56|78|36|41|42|40|33|24|39|22|27|18|22|26|32|33|23|45|40|53|50|66|59|79|94|121|182|225|253|267|269|255|278|235|254|249|249|258|276|284|275|300|264|282|304|281|303|300|301|255|286|277|289|271|306|313|303|318|318|315|312|300|308|346|306|316|319|324|317|325|320|282|353|313|300|253|253|244|217|195|173|155|176|167|159|148|182|178|165|163|135|
2011-12-07|7|1_CTs|CT11||115|89|82|84|79|55|78|48|47|43|42|27|32|33|26|30|22|34|21|33|37|29|43|44|61|56|74|76|94|128|140|180|244|252|236|259|275|286|252|263|256|261|238|290|329|266|308|529|278|275|350|364|418|329|331|305|318|311|327|319|234|273|278|272|196|195|382|420|202|185|222|194|235|262|211|218|229|241|263|310|281|292|224|205|190|191|197|183|155|190|170|188|154|167|172|153|
2011-12-07|7|1_CTs|CT12||62|71|46|41|36|35|27|16|20|13|18|20|17|16|7|13|7|8|8|10|7|9|14|11|16|16|14|32|36|56|102|138|217|228|243|262|234|213|185|197|186|194|204|183|192|207|258|214|208|235|234|221|199|230|236|203|225|230|226|243|204|261|270|284|266|256|345|314|310|288|343|368|336|363|333|337|348|300|308|273|277|264|205|193|179|128|128|144|132|119|113|119|113|106|107|95|
2011-12-07|7|1_CTs|CT13||12|8|12|7|8|9|7|1|4|3|3|2|1|1|1|2|2|0|3|6|4|0|4|8|0|5|14|9|17|29|40|39|66|73|73|63|51|62|74|69|68|79|63|48|63|49|66|72|65|76|69|61|66|49|53|75|52|65|68|76|53|70|99|93|84|50|78|77|81|102|97|80|91|88|92|95|101|75|70|74|58|60|47|42|30|30|27|32|36|39|26|31|23|19|28|26|
2011-12-07|7|1_CTs|CT14||113|110|87|76|92|62|60|36|47|50|29|31|30|37|28|27|22|23|29|32|37|34|43|67|88|74|101|87|130|167|186|255|343|348|430|371|379|374|374|352|330|310|301|317|344|367|372|364|361|356|380|339|395|373|345|357|378|390|392|406|398|433|399|437|393|421|458|525|498|541|545|536|541|622|513|547|529|481|449|465|444|387|325|307|258|214|208|214|215|235|196|193|173|191|172|146|
2011-12-07|7|1_CTs|CT15||25|25|13|10|9|11|10|5|12|4|3|9|3|4|3|3|3|8|6|8|6|4|6|10|7|8|8|11|18|22|32|53|102|111|104|115|82|63|32|52|60|59|41|46|53|48|55|50|47|42|59|56|65|91|108|72|58|56|76|57|48|65|75|78|84|79|129|110|106|123|132|142|107|94|105|70|75|75|73|52|72|53|56|43|40|26|26|37|41|22|40|29|28|26|15|22|
