2011-08-26|3|1_CTs|ct1||63|73|41|50|34|24|23|22|14|16|13|9|15|11|3|1|6|4|12|12|9|6|16|19|20|23|26|42|57|82|121|163|149|188|198|207|221|210|205|173|168|168|151|143|163|155|163|162|151|181|163|169|151|158|144|140|170|167|170|192|167|183|150|182|159|174|160|173|182|188|178|178|185|212|175|172|157|186|161|151|147|134|128|104|128|88|87|101|102|99|86|72|98|110|90|86|
2011-08-26|3|1_CTs|ct3||171|196|135|136|99|79|91|59|54|31|36|21|38|40|29|16|16|23|25|28|43|37|50|85|47|79|84|109|134|172|240|345|381|401|396|504|431|514|467|412|403|457|382|375|394|368|401|382|396|385|358|396|363|384|328|321|348|338|414|484|395|431|378|392|370|366|355|334|333|334|363|377|404|380|328|340|293|290|303|334|286|352|269|279|415|232|220|243|241|232|227|231|236|223|249|259|
2011-08-26|3|1_CTs|ct5||183|162|117|111|85|104|92|88|67|67|78|65|60|23|45|30|31|43|21|45|33|46|39|66|48|58|74|93|141|129|169|206|198|266|309|341|337|330|325|277|329|277|313|364|291|273|304|255|297|266|275|296|302|270|291|277|293|255|286|341|377|426|385|248|265|271|268|249|259|290|395|294|327|346|375|289|329|257|306|307|268|262|226|226|218|192|199|204|126|166|153|181|173|207|150|194|
2011-08-26|3|1_CTs|ct6||100|116|76|68|62|56|37|59|41|32|32|37|34|20|20|25|29|26|26|11|9|4|13|15|23|14|27|35|30|56|99|98|109|144|157|209|159|159|173|178|166|175|170|165|169|152|185|185|170|192|190|188|208|176|153|121|179|180|171|195|209|191|180|228|222|222|235|218|282|255|275|244|257|277|240|257|245|258|206|192|189|161|131|139|92|102|111|106|121|104|101|105|90|119|94|121|
2011-08-26|3|1_CTs|ct7||127|114|86|92|93|89|55|73|42|67|51|59|47|31|26|26|24|37|29|22|20|24|29|37|29|33|35|40|51|59|72|77|93|110|140|153|161|165|131|151|180|147|178|189|125|183|164|189|195|178|211|169|173|152|165|184|170|158|189|195|187|232|196|208|233|196|200|201|237|218|214|191|235|204|184|170|210|210|156|157|155|158|116|118|116|97|92|110|111|109|120|118|127|132|110|186|
2011-08-26|3|1_CTs|ct9||111|81|114|109|67|76|69|75|52|65|75|64|43|46|39|40|32|39|37|24|31|31|24|28|32|31|37|67|58|75|80|76|127|126|160|179|158|172|169|145|150|143|151|155|134|144|136|129|109|116|114|129|107|137|108|123|118|147|108|165|143|158|107|124|150|130|134|125|132|127|144|139|157|144|148|156|149|153|134|113|109|91|102|85|76|80|87|86|97|83|94|90|67|80|92|87|
2011-08-26|3|1_CTs|ct10||75|67|70|68|63|86|45|55|48|61|42|59|31|31|34|24|35|30|33|29|28|32|22|23|24|19|32|27|29|31|41|53|49|72|104|108|103|108|109|101|111|104|117|101|97|87|97|98|97|128|103|93|98|79|99|94|87|76|102|106|105|134|107|122|105|104|101|126|127|99|124|122|132|113|109|108|118|89|94|86|91|89|84|82|85|84|79|83|60|67|58|76|81|69|77|84|
2011-08-26|3|1_CTs|CT11||25|29|23|25|17|17|18|16|14|12|22|13|20|10|20|22|19|16|17|15|8|9|17|16|12|9|16|16|28|30|37|40|34|42|38|53|55|52|59|52|54|41|64|55|53|43|50|47|43|52|51|47|59|57|43|39|53|58|46|43|48|63|44|62|43|43|58|54|57|61|52|42|62|54|51|61|53|57|56|45|40|42|39|42|44|45|37|27|41|39|41|36|24|31|26|36|
2011-08-26|3|1_CTs|CT12||23|25|27|34|27|32|20|29|28|32|21|26|23|15|21|18|12|20|21|14|20|23|18|14|15|11|16|17|15|15|18|18|16|17|28|36|35|33|46|34|46|36|42|36|26|37|33|40|37|39|30|27|38|19|34|33|28|24|21|27|32|36|35|33|26|27|35|31|44|31|35|29|45|33|26|31|37|31|28|28|30|26|26|34|32|32|34|35|21|25|28|29|27|27|34|35|
2011-08-26|3|1_CTs|ct14||0|0|0|0|0|0|0|0|0|0|0|0|0|0|0|0|0|0|0|0|0|0|0|0|0|0|0|0|0|0|0|0|0|0|0|0|0|0|0|0|0|0|0|0|0|0|1|0|0|0|1|1|0|0|0|0|1|1|0|0|0|0|0|0|0|0|0|0|0|0|0|0|0|1|0|0|0|0|0|0|0|0|0|0|0|0|0|0|0|0|0|0|0|0|0|0|
2011-08-26|3|1_CTs|CT16||23|18|11|25|13|16|17|15|5|13|15|12|16|12|5|9|8|7|5|3|8|4|6|8|6|11|9|7|8|6|14|22|17|28|19|27|24|27|27|25|31|31|21|30|32|21|24|20|19|30|27|28|30|38|19|23|24|33|21|27|31|27|33|27|28|34|30|41|37|34|28|27|29|40|32|30|35|33|30|16|23|25|30|15|24|13|11|13|21|13|19|20|15|22|16|26|
2011-08-26|3|1_CTs|ct17||116|88|89|80|66|78|43|57|35|33|31|29|31|40|28|20|23|39|34|18|24|27|31|24|35|24|35|48|54|69|96|133|118|175|218|237|301|242|233|250|230|194|198|206|211|180|213|182|190|230|187|231|201|179|186|175|201|197|183|190|216|236|191|205|182|223|182|203|204|189|214|196|210|205|200|183|196|199|185|161|145|149|135|152|115|109|114|106|126|110|84|101|119|94|109|104|
2011-08-26|3|1_CTs|ct18||117|83|97|86|85|97|63|74|60|74|59|71|47|41|43|30|38|45|40|26|31|38|33|38|35|29|49|50|56|62|78|76|119|127|179|178|186|168|192|171|157|139|169|143|148|141|137|127|161|153|124|156|145|128|140|133|114|141|161|167|149|169|155|149|146|143|150|157|162|148|152|154|174|175|168|150|160|150|155|129|143|129|129|117|123|105|116|129|105|108|78|115|133|109|109|107|
2011-08-26|3|1_CTs|ct19||1|1|0|0|3|0|2|0|0|0|0|0|1|0|0|0|0|0|0|2|1|0|2|3|3|4|5|4|6|12|8|6|5|8|7|9|4|9|7|6|7|6|3|6|7|5|6|6|7|9|4|7|8|4|8|6|6|4|1|8|6|11|5|6|6|6|9|7|7|5|7|5|12|6|5|5|6|6|3|8|5|7|4|5|5|4|4|2|2|2|2|2|1|0|0|0|
2011-08-26|3|1_CTs|ct20||78|52|62|48|44|36|24|18|23|13|14|9|12|9|4|5|9|5|7|13|12|9|17|16|15|28|34|45|56|80|102|132|134|143|153|163|174|162|181|180|156|160|109|126|118|138|123|130|129|110|102|123|112|112|98|103|95|134|148|146|120|136|126|133|120|124|117|137|115|116|124|112|143|146|146|133|140|130|128|121|146|115|110|129|93|112|100|86|91|102|74|92|86|92|110|90|
2011-08-26|3|1_CTs|ct22||6|7|7|0|5|1|1|3|2|3|0|1|2|3|0|1|3|5|1|4|1|2|2|0|2|0|1|5|4|7|0|16|7|11|20|21|16|17|23|29|14|12|16|20|13|13|23|20|28|23|20|16|22|23|19|29|18|23|21|29|21|22|24|19|26|28|30|38|44|35|36|39|35|28|32|29|19|31|25|19|15|13|9|10|10|9|4|5|3|2|9|6|1|8|6|3|
2011-08-26|3|1_CTs|CT23||79|88|66|60|35|35|28|35|38|37|22|20|18|22|20|14|12|11|8|9|12|8|9|15|19|24|28|25|35|65|87|117|129|157|237|243|237|193|168|168|181|162|152|146|172|171|194|175|166|188|201|204|208|185|170|174|193|220|197|213|220|243|226|237|240|225|245|256|323|318|303|345|338|386|368|340|321|313|280|242|199|207|168|168|160|122|102|124|135|111|91|95|109|101|78|125|
2011-08-26|3|1_CTs|ct24||236|237|230|180|173|139|99|74|82|61|52|52|40|39|30|26|28|25|50|48|44|63|79|88|102|154|258|389|477|632|755|864|939|979|912|962|855|908|937|895|819|747|763|753|644|711|661|652|629|607|704|729|644|598|593|625|591|669|726|706|697|714|706|621|609|629|610|648|638|700|738|671|826|868|870|790|726|711|677|629|597|553|498|499|406|421|399|388|371|386|330|340|301|319|299|300|
