2014-10-01|6|1_CTs|CT1||2|1|0|1|1|0|1|1|0|0|1|1|0|0|0|1|0|1|1|0|2|2|0|2|2|0|4|2|3|2|11|58|153|102|101|128|86|57|55|10|5|1|10|18|4|4|5|8|8|4|6|8|6|9|4|6|6|9|11|9|5|9|4|8|9|9|14|11|12|3|8|13|3|10|5|5|5|4|4|6|5|3|6|4|0|1|2|1|0|0|1|3|2|1|1|1|
2014-10-01|6|1_CTs|CT3||12|10|9|9|6|2|3|5|5|6|4|3|3|3|4|6|4|7|12|21|24|28|24|24|34|26|34|43|51|59|77|90|98|108|94|101|99|100|82|84|63|64|47|61|48|57|61|49|60|72|59|58|55|52|54|49|44|62|55|64|50|49|59|67|64|66|61|74|70|60|69|72|59|70|69|69|55|52|52|44|40|40|43|27|28|35|18|23|17|14|16|17|27|21|25|9|
2014-10-01|6|1_CTs|CT4||4|5|5|3|4|2|2|0|0|0|2|0|2|0|0|0|0|1|0|1|0|1|1|0|2|0|2|2|3|5|11|24|77|35|26|33|35|19|15|16|15|17|13|18|17|22|20|27|28|32|27|28|45|46|32|20|24|30|24|36|13|0|0|0|25|21|42|28|30|46|36|40|31|40|59|65|49|38|31|44|24|23|29|18|13|15|12|16|26|11|8|13|8|13|13|10|
2014-10-01|6|1_CTs|CT5||14|20|18|6|11|13|6|7|6|6|4|2|5|5|1|5|3|3|2|3|5|4|5|9|13|11|17|20|14|27|28|51|61|66|79|91|113|94|72|68|68|73|90|76|81|61|59|65|74|73|82|68|74|53|75|67|76|65|67|70|20|0|0|0|62|76|76|78|71|83|80|70|97|86|89|75|62|71|79|61|62|39|38|48|29|36|38|36|29|33|32|23|25|35|17|23|
2014-10-01|6|1_CTs|CT6||25|39|16|16|13|6|4|2|4|4|2|3|6|6|1|3|5|4|0|7|11|9|11|12|11|16|19|22|29|41|74|92|178|214|190|195|175|145|139|104|88|93|91|106|102|99|102|88|85|84|90|86|101|139|94|104|96|97|125|117|100|116|112|101|120|100|118|116|158|176|140|134|117|117|128|130|123|116|113|116|98|105|101|81|70|62|71|58|69|52|47|43|43|49|31|22|
2014-10-01|6|1_CTs|CT7||1|5|1|3|1|2|4|4|0|2|2|0|1|3|0|0|1|1|0|1|1|0|0|3|6|1|3|7|15|12|28|27|31|42|42|47|43|41|42|31|26|24|20|24|26|22|20|22|32|22|32|30|38|22|25|26|17|26|23|23|23|26|16|29|27|26|31|25|35|29|35|38|38|39|21|35|23|26|25|18|28|18|17|22|8|13|12|12|9|8|9|7|8|12|11|3|
2014-10-01|6|1_CTs|CT8||41|41|22|26|18|18|15|16|8|11|10|11|16|14|9|5|7|7|8|10|15|8|22|26|16|38|44|58|85|127|182|217|246|230|220|188|179|175|178|191|170|129|121|155|109|143|132|145|144|153|172|188|151|158|146|136|134|154|151|158|156|172|148|162|161|138|161|181|189|187|199|199|235|185|186|195|189|186|184|153|169|137|132|122|81|88|72|80|78|90|63|76|70|52|58|45|
2014-10-01|6|1_CTs|CT9||59|51|49|35|21|18|13|12|7|8|13|8|12|7|6|8|5|6|4|11|12|16|26|42|38|39|56|54|94|134|220|312|380|389|437|411|407|324|277|254|234|182|198|190|191|200|207|225|193|203|229|220|194|213|201|219|211|218|201|235|221|196|243|368|363|331|263|268|279|308|369|334|286|364|359|293|259|254|264|271|224|162|205|170|120|103|97|102|95|110|94|91|77|60|63|53|
2014-10-01|6|1_CTs|CT10||33|23|25|14|12|10|9|7|8|4|10|3|3|2|4|4|2|5|5|6|11|11|12|18|27|26|35|46|40|54|119|138|177|170|177|194|194|175|184|185|171|164|150|144|135|137|155|149|140|142|167|153|169|154|132|142|153|148|136|146|170|181|166|110|184|204|184|227|240|263|261|229|253|246|256|260|233|240|221|181|135|132|134|105|87|85|76|65|74|69|60|54|60|45|35|35|
2014-10-01|6|1_CTs|CT11||43|19|21|16|18|19|10|7|8|4|6|3|6|4|5|4|4|6|7|7|9|10|21|25|28|41|63|67|107|137|248|329|199|181|186|167|182|242|248|246|240|200|191|194|183|191|193|152|192|180|196|227|195|199|191|191|207|120|195|196|195|209|211|217|200|205|207|223|213|224|190|222|193|201|202|168|170|177|149|159|159|117|109|100|81|89|82|96|58|69|59|58|51|42|34|35|
2014-10-01|6|1_CTs|CT12||58|33|35|22|17|17|15|14|10|2|10|4|6|2|5|2|4|5|7|4|9|15|12|16|34|27|39|45|54|70|151|209|292|335|288|301|306|288|257|255|206|173|160|87|140|161|203|190|190|156|211|209|216|217|179|172|198|188|204|174|195|224|180|226|240|255|248|282|312|279|277|284|313|319|305|316|316|283|267|219|177|163|154|141|96|94|91|92|103|99|82|55|80|52|48|48|
2014-10-01|6|1_CTs|CT15||19|23|18|17|8|9|10|11|6|7|11|5|14|8|10|5|10|5|14|8|23|19|27|40|45|38|48|60|92|99|140|205|225|260|238|236|203|214|166|176|136|124|118|110|126|128|107|105|118|122|136|133|121|93|112|118|105|127|119|133|113|97|125|217|200|209|144|146|141|208|216|187|147|219|169|151|156|123|150|172|121|130|151|71|57|35|49|45|43|32|36|49|38|37|38|30|
2014-10-01|6|1_CTs|CT16||23|24|22|16|21|16|7|7|9|8|8|5|8|6|6|7|3|5|10|10|7|6|11|23|25|23|40|62|78|99|179|270|319|277|276|330|302|286|297|243|218|211|198|185|185|191|189|186|201|188|190|195|217|189|181|213|181|210|198|193|204|200|172|208|191|205|227|231|221|234|225|237|258|231|224|236|202|224|180|185|167|136|152|129|96|105|102|96|76|65|72|70|62|58|40|33|
2014-10-01|6|1_CTs|CT17||8|6|6|5|3|3|5|2|2|5|1|1|0|2|1|2|1|2|3|1|0|2|4|5|5|2|5|7|11|21|17|30|52|54|27|26|35|24|30|35|36|30|24|30|23|31|48|47|27|44|45|36|59|40|37|28|23|32|22|14|11|0|0|0|25|27|32|25|30|48|48|50|47|82|54|50|44|40|34|25|24|20|21|22|13|19|9|23|19|11|13|8|7|8|8|4|
2014-10-01|6|1_CTs|CT18||53|66|51|30|40|34|19|17|22|16|18|13|16|15|10|14|10|6|6|12|18|14|21|25|32|44|46|69|94|137|174|280|304|343|249|155|182|169|285|277|255|241|268|228|232|226|224|202|239|240|257|239|228|224|241|221|241|220|224|251|86|0|0|0|209|254|246|295|290|292|273|251|309|324|330|276|284|273|279|216|214|174|177|182|139|139|130|131|109|117|108|91|99|96|71|63|
2014-10-01|6|1_CTs|CT19||37|36|38|27|21|14|16|11|11|2|11|10|4|8|5|7|6|1|7|7|4|9|7|9|5|6|13|14|25|37|56|109|211|176|151|171|167|150|122|179|128|121|124|150|139|122|152|154|155|133|157|143|164|136|131|133|119|129|128|128|38|0|0|0|157|163|174|199|177|233|214|228|224|273|249|254|217|210|206|169|139|131|127|106|97|67|69|83|70|78|71|50|43|55|53|42|
2014-10-01|6|1_CTs|CT20||30|27|15|22|11|4|10|6|6|7|6|4|8|3|3|7|4|1|6|4|7|14|7|16|12|26|15|29|26|50|57|93|149|138|150|177|157|115|99|28|122|43|72|109|91|124|135|116|91|117|116|133|141|128|108|63|57|80|99|26|54|0|0|0|120|8|153|88|145|123|148|92|63|147|112|32|154|52|66|109|15|40|19|88|89|51|81|68|57|66|52|46|57|38|34|15|
2014-10-01|6|1_CTs|CT21||80|67|43|41|32|23|12|24|11|10|6|20|17|20|13|18|19|24|26|44|37|50|43|58|54|75|76|120|135|222|291|333|344|344|345|346|338|366|302|293|258|241|254|252|228|236|235|205|222|237|209|248|215|199|229|237|200|237|253|249|204|245|220|260|255|273|234|225|208|254|265|252|254|281|256|263|230|218|212|228|159|175|190|132|132|126|113|120|103|91|107|99|99|85|83|72|
2014-10-01|6|1_CTs|CT22||95|87|70|60|41|35|31|23|31|26|31|19|23|24|18|16|27|31|31|44|55|58|74|50|57|67|85|90|101|145|182|197|225|256|305|297|297|273|259|245|230|282|251|222|230|237|245|269|296|306|258|274|279|257|253|265|224|277|280|253|252|280|290|296|307|298|341|298|355|406|418|388|391|420|428|363|364|349|313|285|263|237|186|185|165|160|140|135|165|141|112|115|126|136|115|110|
2014-10-01|6|1_CTs|CT23||74|66|39|40|26|29|21|21|12|24|13|19|14|25|18|8|8|11|14|14|23|21|39|39|32|55|63|82|99|193|261|345|366|350|399|345|347|372|329|300|257|211|216|246|186|207|202|212|225|240|265|271|247|231|221|236|255|259|267|251|237|236|250|289|272|272|270|309|328|301|322|352|324|349|348|342|302|298|298|267|274|220|204|170|119|122|113|107|123|113|95|101|120|88|81|90|
2014-10-01|6|1_CTs|CT24||76|84|50|39|40|33|31|26|20|20|18|14|9|18|16|16|17|17|12|26|20|20|28|29|37|43|58|77|96|140|188|251|289|349|351|376|374|351|304|300|291|260|260|253|238|244|265|232|250|271|282|276|266|287|270|252|252|288|288|319|265|247|297|300|286|308|345|366|388|437|424|395|432|423|443|429|400|405|405|381|292|285|226|229|177|143|147|135|144|122|127|107|106|121|91|78|
