2017-02-25|7|1_CTs|CT1||65|57|47|28|30|38|298|32|32|280|25|35|18|21|24|277|22|17|19|20|10|13|24|13|22|17|30|32|28|292|50|306|40|44|59|70|67|70|319|60|77|80|92|75|86|357|109|108|93|368|356|350|363|95|89|96|83|83|74|97|83|612|87|101|317|107|355|91|351|108|86|100|102|855|330|89|76|75|599|73|77|83|344|78|61|61|45|48|55|298|302|42|47|55|285|42|
2017-02-25|7|1_CTs|CT2||128|122|79|78|333|86|62|61|64|338|58|58|32|38|36|24|280|50|26|34|36|38|38|304|46|58|48|310|82|72|360|616|353|117|155|166|196|532|220|244|500|240|268|213|288|461|321|293|174|152|156|157|174|202|287|238|498|509|296|233|759|513|210|395|729|1536|99|101|158|279|206|200|204|512|488|210|529|220|365|228|201|152|168|188|126|160|169|106|134|367|128|101|102|134|117|222|
2017-02-25|7|1_CTs|CT4||34|28|33|27|40|20|29|12|29|21|20|32|8|14|17|11|15|11|13|6|268|11|3|6|8|3|5|4|6|3|2|4|1|0|8|7|3|5|15|18|9|6|14|13|21|12|13|13|23|10|12|23|28|21|14|20|10|11|7|15|16|22|26|280|24|24|27|17|21|41|21|28|19|27|24|20|21|259|274|10|18|15|24|25|16|22|20|26|31|33|36|31|34|39|49|44|
2017-02-25|7|1_CTs|CT6||299|62|46|39|26|32|281|30|26|20|14|21|24|23|14|20|15|12|10|11|11|10|7|16|13|14|17|20|19|21|27|30|40|41|61|52|36|50|73|72|79|88|110|98|99|382|366|121|367|119|118|115|357|122|366|83|339|88|105|337|596|76|105|366|365|368|118|374|109|103|104|127|125|100|104|99|106|111|97|84|322|88|55|35|48|58|45|300|43|39|40|53|55|53|34|41|
2017-02-25|7|1_CTs|CT7||68|51|29|20|27|19|28|29|15|10|20|21|16|10|16|8|10|9|18|11|10|4|17|17|10|14|22|22|26|29|50|287|45|44|50|49|46|63|52|71|74|101|100|341|110|340|355|350|125|83|101|99|89|92|343|87|71|90|89|84|91|349|75|84|319|96|100|69|92|90|87|96|87|348|96|78|72|333|84|73|80|55|322|299|33|48|46|48|51|46|26|39|31|27|277|37|
2017-02-25|7|1_CTs|CT8||201|127|98|76|64|61|53|75|58|57|38|313|30|290|38|36|315|61|36|58|57|76|65|87|342|91|111|397|392|159|176|183|185|487|219|230|274|229|235|523|269|485|271|248|323|505|550|267|283|282|284|514|271|294|247|239|219|471|265|471|231|556|268|263|500|257|516|426|292|286|273|525|762|497|520|239|252|223|228|253|221|255|201|425|406|170|132|148|102|349|103|122|671|139|144|124|
2017-02-25|7|1_CTs|CT12||72|78|314|50|37|43|38|25|39|30|26|25|23|21|22|12|13|20|269|15|9|20|266|274|22|17|22|24|28|30|35|41|304|44|58|85|77|83|97|114|134|144|138|420|165|390|167|182|213|696|192|456|207|185|437|146|397|405|416|148|153|137|146|425|144|169|152|188|191|150|178|174|433|149|431|157|163|147|149|126|111|125|102|349|85|333|75|340|62|83|63|76|56|81|52|328|
2017-02-25|7|1_CTs|CT13||27|273|13|5|6|6|10|7|1|3|6|4|1|4|258|2|0|0|1|3|1|3|4|5|3|2|7|6|6|12|14|20|12|16|18|17|16|21|12|26|279|37|293|24|39|53|27|39|50|29|34|43|46|41|62|39|33|48|28|41|36|52|36|529|68|305|276|28|41|39|33|56|38|299|48|42|40|33|291|40|34|31|296|30|24|40|19|25|24|284|15|14|21|255|21|16|
2017-02-25|7|1_CTs|CT14||226|183|134|133|126|93|92|104|101|89|68|73|63|74|64|57|56|62|66|51|71|66|91|78|78|115|100|391|125|99|159|402|157|660|185|228|223|248|501|282|566|811|330|339|313|602|314|340|375|860|602|619|356|359|307|326|273|504|294|292|288|559|301|585|561|530|821|307|371|321|338|361|344|581|331|542|320|530|287|274|258|224|240|432|180|167|173|149|428|663|152|161|404|169|168|145|
2017-02-25|7|1_CTs|CT15||12|12|8|8|8|13|10|266|10|8|7|6|8|4|3|7|4|3|3|3|1|259|1|4|5|6|12|17|9|11|266|17|9|266|12|18|14|12|19|24|21|40|21|38|33|34|28|284|31|31|30|35|29|40|34|28|22|34|38|24|29|31|27|26|282|23|25|33|30|28|31|25|279|12|25|30|24|263|19|22|276|16|19|23|15|20|10|21|8|11|6|15|17|15|10|14|
