2016-01-23|7|1_CTs|CT1||57|39|45|34|34|26|32|289|21|27|32|26|25|20|19|16|10|18|12|271|16|25|12|14|19|17|23|25|25|30|32|32|43|39|60|69|59|61|75|344|88|97|84|90|98|90|110|354|77|95|354|110|97|93|103|85|77|85|105|98|103|121|120|404|154|892|130|120|400|153|394|383|348|355|107|94|331|92|97|78|335|89|335|102|76|86|56|49|49|51|47|35|54|53|49|43|
2016-01-23|7|1_CTs|CT2||72|320|66|293|50|46|34|22|43|38|30|20|10|22|12|32|20|5|24|24|22|20|21|18|26|30|28|27|40|44|60|48|74|72|126|106|140|101|127|142|112|144|187|100|394|11|67|355|92|146|184|148|139|183|58|380|168|169|178|178|166|41|39|272|26|51|12|7|155|134|427|129|434|396|117|141|141|120|134|110|137|145|159|109|107|362|77|64|64|72|76|90|318|327|65|81|
2016-01-23|7|1_CTs|CT4||38|64|42|60|67|35|46|47|43|28|35|25|24|19|26|18|268|10|11|19|12|10|10|9|4|1|10|8|6|3|0|2|5|3|2|263|5|8|13|11|12|8|11|5|284|18|14|12|14|14|17|27|21|21|22|27|11|21|19|15|15|32|49|56|38|33|28|33|14|34|47|44|44|36|35|44|31|32|35|22|42|33|45|34|40|54|47|29|28|57|35|35|73|48|52|68|
2016-01-23|7|1_CTs|CT6||47|44|293|305|289|29|41|290|37|20|25|22|19|12|15|7|8|17|20|11|11|9|9|5|12|12|7|10|31|14|29|21|14|51|67|63|65|57|58|80|342|94|90|89|105|126|138|362|128|150|112|143|389|129|107|109|102|109|108|108|98|117|132|126|136|150|155|148|414|151|413|130|124|141|122|109|105|97|339|91|70|74|325|63|67|64|53|56|49|46|49|61|56|53|51|304|
2016-01-23|7|1_CTs|CT7||49|62|290|32|27|18|14|16|18|13|26|16|17|13|11|9|6|15|8|10|12|10|11|7|15|15|14|17|21|19|288|25|31|49|54|60|68|75|56|323|77|572|91|79|337|98|94|352|101|117|102|348|118|119|102|116|81|82|104|91|89|332|91|94|100|98|118|106|108|109|137|124|107|89|119|107|92|85|106|97|78|83|60|61|70|52|313|52|37|45|75|40|37|30|43|74|
2016-01-23|7|1_CTs|CT8||164|135|127|99|103|347|84|95|93|342|354|48|62|56|54|84|59|78|75|117|124|355|98|128|138|140|164|398|398|172|488|177|248|283|549|303|558|525|279|311|515|338|293|354|595|332|304|294|293|328|300|570|267|324|289|267|468|265|288|286|295|1083|594|340|356|569|347|357|869|367|346|299|280|260|233|268|268|546|227|503|248|230|214|237|176|178|412|138|131|397|128|124|158|127|149|124|
2016-01-23|7|1_CTs|CT12||86|51|317|56|45|45|133|192|47|33|292|26|19|19|17|23|13|15|19|26|12|15|12|264|13|23|16|23|32|27|23|39|26|47|330|70|107|85|102|141|395|397|402|165|146|157|179|433|184|170|439|455|454|187|456|146|142|389|156|155|156|180|185|216|241|257|232|245|488|228|547|253|232|455|186|146|428|160|144|149|109|114|378|93|105|97|86|75|90|82|316|83|70|68|74|77|
2016-01-23|7|1_CTs|CT13||28|33|16|13|12|11|9|10|8|8|8|7|5|7|2|5|2|4|0|5|3|2|3|3|3|3|8|6|5|8|16|10|17|19|287|21|24|32|21|26|29|22|30|31|33|39|42|288|72|43|44|50|57|46|304|38|39|57|62|45|46|37|34|35|49|39|45|44|48|34|57|313|38|36|49|56|51|44|52|35|34|40|30|31|30|25|25|25|30|25|12|17|13|20|30|38|
2016-01-23|7|1_CTs|CT14||182|148|151|106|131|103|333|91|87|98|80|51|331|60|50|47|58|56|321|54|81|344|74|81|69|59|317|79|86|92|403|406|119|159|159|187|226|478|220|495|238|788|831|265|552|317|305|312|279|311|311|335|613|368|344|517|259|273|264|288|302|313|342|365|382|671|660|426|426|410|728|418|392|1123|341|319|338|305|267|254|248|218|473|218|211|175|147|177|124|382|129|147|174|421|407|178|
2016-01-23|7|1_CTs|CT15||31|32|14|33|14|23|24|17|15|12|24|18|14|4|9|12|4|4|6|8|6|15|8|6|12|13|10|5|21|13|13|11|15|30|31|34|293|315|39|48|63|47|315|65|53|65|52|62|62|65|73|66|72|68|60|55|58|72|62|69|41|53|67|81|52|75|48|73|323|90|80|44|318|75|66|44|56|52|50|61|42|53|40|56|43|38|38|26|34|27|22|48|44|306|42|28|
