2013-07-12|2|1_CTs|ct1||106|79|106|72|61|49|32|31|23|22|17|22|11|18|15|17|13|14|13|16|18|19|16|27|25|25|28|60|67|67|103|107|128|133|136|176|163|158|165|157|157|166|174|184|183|165|189|194|165|157|178|169|169|166|168|164|146|169|168|195|181|177|175|127|177|173|155|158|170|147|113|156|95|123|123|163|141|152|156|181|196|188|187|188|150|127|159|135|127|118|110|101|114|125|145|124|
2013-07-12|2|1_CTs|ct2||64|69|61|44|49|50|39|28|19|22|20|26|23|26|16|14|19|15|14|14|25|19|19|23|29|22|24|29|38|36|57|64|79|73|76|106|96|93|125|110|116|110|132|112|122|146|128|135|129|122|147|108|130|124|107|109|85|125|122|125|124|117|115|134|124|133|159|149|130|146|154|147|130|140|120|118|104|131|103|130|112|124|133|163|107|125|143|107|92|87|68|81|84|100|89|101|
2013-07-12|2|1_CTs|ct3||87|80|89|58|73|58|71|36|29|31|33|41|33|26|31|27|18|17|23|20|36|23|33|24|31|38|32|57|57|66|82|100|109|113|89|130|111|133|126|145|137|152|144|150|145|170|154|137|126|125|117|103|117|141|143|127|142|145|150|164|151|144|113|142|145|142|145|138|119|99|135|107|132|114|126|103|111|146|140|149|127|116|124|179|116|150|196|158|167|130|119|102|114|129|142|128|
2013-07-12|2|1_CTs|ct4||54|66|61|52|49|45|52|32|22|21|24|27|12|25|26|20|18|20|25|15|19|15|27|25|25|25|33|27|36|27|46|69|88|97|104|81|77|113|118|112|100|93|98|122|124|93|99|114|104|87|104|121|94|101|112|104|101|97|108|107|98|100|104|100|85|91|103|107|109|103|97|95|83|95|93|85|71|93|95|76|97|87|104|108|95|76|64|89|92|91|76|69|77|76|73|67|
2013-07-12|2|1_CTs|ct5||115|128|115|95|83|83|75|67|43|48|34|47|24|45|25|28|25|29|29|24|35|23|25|32|34|42|35|42|42|49|71|88|110|149|147|151|158|165|180|159|169|182|174|199|200|191|195|197|190|181|195|160|181|210|195|177|171|170|173|183|175|187|193|209|188|195|185|212|202|173|184|185|169|167|163|156|161|187|154|152|174|187|158|177|164|144|119|147|165|140|146|127|155|166|148|113|
2013-07-12|2|1_CTs|ct6||103|103|149|98|74|71|66|49|40|39|46|41|30|25|29|20|18|19|27|19|26|20|26|27|25|30|36|31|29|46|56|53|72|82|100|120|108|110|114|126|128|129|126|148|151|141|155|150|152|151|171|158|132|149|174|155|140|152|184|152|159|176|190|185|181|177|183|178|174|159|182|195|155|138|157|160|153|149|143|132|142|153|132|124|120|109|106|109|132|121|102|103|120|137|180|104|
2013-07-12|2|1_CTs|ct17||81|81|95|59|64|54|58|34|26|28|27|38|27|32|21|18|16|21|21|17|26|18|19|21|13|27|27|43|41|47|64|92|78|84|75|112|109|109|93|126|112|127|115|63|129|100|82|94|107|80|97|56|69|59|91|86|108|99|137|104|113|89|84|89|93|77|99|98|87|81|83|103|77|100|70|61|101|95|87|97|104|70|135|141|124|133|153|150|148|105|129|103|103|109|155|126|
2013-07-12|2|1_CTs|CT19||0|0|2|0|0|0|0|0|1|0|0|0|2|0|0|0|0|0|0|0|0|0|0|0|0|0|2|0|0|1|2|0|1|5|3|0|3|0|0|1|0|1|3|0|0|2|3|0|0|0|0|0|0|0|5|0|0|1|0|3|2|3|0|0|0|0|2|0|0|0|0|0|0|0|0|0|3|1|2|2|0|0|0|0|0|2|0|0|0|1|0|0|0|0|0|0|
2013-07-12|2|1_CTs|CT20||93|84|64|79|74|71|53|51|60|62|69|37|45|43|37|27|20|20|27|19|22|22|21|22|13|28|33|41|46|62|57|82|95|107|98|94|103|102|85|101|73|83|85|82|90|75|70|85|86|75|48|47|44|49|79|86|62|90|75|76|93|92|88|76|76|80|80|85|79|86|80|66|105|70|48|59|51|61|74|91|69|66|101|95|95|106|85|104|114|93|91|101|87|92|91|105|
2013-07-12|2|1_CTs|CT21||30|25|19|26|25|20|20|17|13|20|15|14|17|7|7|5|3|5|8|5|0|3|5|7|5|7|6|10|14|12|17|24|36|44|52|48|49|42|43|48|38|44|45|40|44|38|33|41|42|41|35|28|39|39|30|24|42|37|43|27|29|37|51|47|49|45|46|43|43|46|43|50|49|47|32|42|39|34|39|41|48|27|37|42|38|45|26|46|34|40|33|35|46|44|31|33|
