2016-08-27|2|1_CTs|ct1||93|93|95|79|67|58|67|49|40|50|53|35|26|33|40|35|31|28|28|32|24|35|33|39|35|40|45|60|63|64|79|86|77|84|104|105|115|116|115|131|145|130|144|169|173|153|157|171|172|151|172|413|142|146|135|159|131|145|147|415|170|170|152|145|165|174|146|169|174|161|151|156|161|161|188|162|150|187|179|176|156|173|158|165|168|159|139|158|140|123|125|131|141|154|159|382|
2016-08-27|2|1_CTs|ct2||69|57|55|59|49|45|48|49|33|31|34|28|17|22|9|19|15|14|12|19|13|20|21|19|15|23|28|30|23|17|30|284|33|27|302|44|38|46|52|56|61|57|72|64|79|69|66|74|81|67|66|320|61|72|61|86|68|71|71|70|70|75|74|82|82|68|73|73|63|72|64|60|66|72|88|70|80|86|101|97|85|106|88|88|98|106|83|84|79|71|99|65|71|93|90|329|
2016-08-27|2|1_CTs|ct3||65|76|63|71|46|44|40|50|38|35|41|25|22|23|30|30|19|12|19|24|17|28|20|28|30|23|25|42|36|39|60|52|52|49|63|73|63|87|89|82|38|10|16|113|112|121|119|119|135|117|129|103|108|99|99|96|99|107|102|103|132|117|116|113|95|122|95|116|127|113|102|107|94|118|109|129|115|133|126|127|99|97|96|103|108|108|112|112|110|85|96|101|94|108|93|102|
2016-08-27|2|1_CTs|ct4||49|40|47|33|32|22|29|20|20|20|17|12|8|16|15|15|8|9|7|8|10|9|11|16|11|22|15|15|13|18|11|23|17|18|27|30|35|33|37|45|46|42|53|75|65|49|62|49|65|67|56|77|61|48|67|12|60|61|66|54|65|50|62|56|488|522|517|538|527|539|308|54|61|60|59|74|67|82|57|59|41|62|40|41|57|42|34|42|52|40|34|53|60|60|43|48|
2016-08-27|2|1_CTs|ct5||139|141|157|103|119|84|105|82|65|76|62|55|43|46|44|50|39|33|31|29|39|42|29|34|40|49|37|42|48|48|43|64|54|66|82|103|94|106|135|132|153|150|160|177|212|178|147|198|196|204|191|209|192|439|182|179|170|187|175|182|180|184|199|198|202|178|180|195|193|184|214|200|170|202|168|198|226|209|209|183|151|178|141|137|154|148|123|135|167|142|152|171|177|173|168|374|
2016-08-27|2|1_CTs|ct6||153|134|142|116|118|104|88|90|63|79|64|51|41|34|39|36|28|29|18|277|32|28|30|24|38|34|41|34|35|31|40|51|44|55|56|71|64|74|103|92|102|90|84|132|135|129|111|135|152|380|113|128|133|131|112|115|127|129|117|136|114|136|150|144|158|147|152|142|149|142|163|137|147|147|146|146|146|165|152|146|148|148|380|113|126|128|111|129|134|124|130|150|163|142|202|397|
2016-08-27|2|1_CTs|ct17||116|146|164|137|114|108|97|106|87|89|89|75|61|62|50|59|47|72|58|55|40|87|54|55|49|70|55|50|68|91|82|105|80|94|84|135|124|164|162|171|162|161|173|207|213|193|214|197|202|179|198|221|187|205|177|201|193|195|185|440|223|219|205|217|196|221|211|214|234|210|185|199|204|207|206|232|241|236|213|244|208|215|172|173|184|199|199|192|195|166|174|177|177|176|199|166|
2016-08-27|2|1_CTs|CT19||49|43|46|41|31|32|38|25|21|27|21|25|18|27|12|279|10|7|11|8|7|6|17|16|8|13|13|26|21|29|281|294|23|35|29|56|45|315|68|51|66|59|71|88|73|82|87|98|69|83|75|335|63|53|64|63|73|70|59|64|80|93|88|93|70|67|71|81|80|89|67|85|88|73|335|80|92|93|329|81|78|91|324|67|65|70|69|68|67|83|60|50|60|63|65|71|
2016-08-27|2|1_CTs|CT20||73|88|76|68|65|65|69|57|57|57|48|57|44|45|41|37|36|35|39|30|33|17|16|16|23|22|20|14|20|276|25|27|31|45|42|41|55|54|53|55|56|59|74|71|77|73|59|67|73|78|63|66|77|65|62|571|76|50|70|65|78|68|75|74|67|65|62|75|78|52|73|66|75|78|80|71|85|65|83|128|266|66|78|326|78|76|69|66|69|328|58|69|83|72|74|321|
2016-08-27|2|1_CTs|CT21||45|54|33|42|35|26|29|23|29|16|21|18|23|19|15|13|18|7|16|15|16|5|7|5|14|7|11|5|5|9|13|14|14|23|25|22|32|31|35|36|37|29|45|56|59|49|50|51|54|54|43|42|51|33|51|36|54|48|38|47|55|49|40|50|54|47|64|42|42|45|46|43|39|47|55|43|56|41|44|52|51|45|57|298|41|45|37|28|30|33|34|55|46|36|39|58|
