2016-06-17|6|1_CTs|CT1||6|2|0|3|0|1|0|1|0|1|0|1|0|0|0|1|0|1|0|1|1|1|2|3|2|3|4|244|4|266|13|14|30|35|46|43|21|34|16|11|14|6|13|9|10|12|6|3|8|8|7|7|4|7|4|8|8|7|7|5|8|10|7|9|10|7|11|12|10|9|7|10|7|4|7|3|6|6|3|3|1|4|8|9|8|9|5|4|2|2|0|1|2|1|4|2|
2016-06-17|6|1_CTs|CT3||17|21|13|13|9|8|4|3|2|0|2|2|2|6|3|5|11|6|9|20|18|21|24|19|31|29|273|44|34|46|57|325|76|94|89|90|285|75|57|65|76|66|63|60|50|221|299|38|63|56|71|50|56|53|47|39|40|43|45|37|47|59|63|53|293|63|70|324|53|57|55|72|60|67|330|62|55|54|47|58|42|58|50|35|41|38|34|21|23|25|23|23|16|27|20|25|
2016-06-17|6|1_CTs|CT4||10|10|2|5|4|2|4|3|0|1|2|5|0|1|1|2|1|1|0|1|1|3|1|256|3|0|0|3|9|9|13|6|270|32|16|31|40|26|201|97|24|29|23|25|29|30|30|26|284|30|283|22|40|35|24|16|15|32|31|21|20|29|37|30|28|14|39|34|49|43|47|30|46|49|45|40|39|38|28|20|33|39|27|25|18|18|22|14|18|14|16|13|22|12|13|11|
2016-06-17|6|1_CTs|CT5||27|17|10|18|11|264|11|6|4|7|8|11|5|4|7|3|6|6|2|9|7|9|6|7|14|264|16|17|26|39|48|51|307|57|75|125|355|596|579|59|69|73|87|65|77|82|68|74|72|61|85|73|54|34|76|70|63|62|321|306|338|66|72|67|335|335|67|324|80|79|71|81|64|83|318|336|100|84|75|75|65|38|54|44|33|45|43|49|27|39|279|33|28|34|26|22|
2016-06-17|6|1_CTs|CT6||36|45|16|16|11|14|6|4|7|3|6|5|3|1|3|3|8|9|14|4|9|11|18|10|18|18|14|24|43|46|72|91|148|141|174|155|431|143|106|131|107|373|125|119|112|349|127|115|123|109|590|115|106|116|102|103|95|128|136|119|96|115|130|107|138|382|105|138|149|390|127|133|122|356|346|132|106|114|108|112|115|137|106|99|90|93|72|284|75|73|66|558|89|303|46|47|
2016-06-17|6|1_CTs|CT7||5|3|5|4|5|229|3|2|0|2|1|0|3|2|0|0|2|0|1|2|4|2|3|2|5|4|7|11|10|15|21|20|36|45|29|48|29|43|42|30|44|34|25|28|24|25|21|27|279|28|21|23|23|29|19|20|25|31|272|267|28|28|28|28|30|26|20|26|34|29|30|28|40|23|35|26|26|26|21|37|23|29|24|26|22|16|27|7|17|10|5|268|8|11|9|6|
2016-06-17|6|1_CTs|CT8||51|40|24|264|22|233|17|12|14|16|8|250|16|13|9|4|4|8|4|2|15|11|32|31|23|23|38|60|62|325|145|176|476|438|201|172|414|203|205|376|154|177|151|367|158|149|396|153|379|129|154|171|150|136|131|124|153|152|135|144|152|164|163|155|165|203|168|455|185|189|386|163|360|195|187|187|169|173|162|165|158|403|151|388|113|100|96|89|93|92|88|82|75|79|91|56|
2016-06-17|6|1_CTs|CT10||31|41|32|25|22|23|16|11|7|5|12|11|5|1|5|6|8|2|4|8|6|9|14|25|263|26|32|38|69|71|96|131|150|157|177|207|168|194|429|184|156|404|169|382|412|148|130|124|156|158|162|155|174|152|368|141|123|144|159|168|179|171|162|172|461|187|458|453|197|213|212|463|455|203|225|221|189|220|465|184|193|169|153|401|147|588|84|74|74|61|62|61|61|70|43|46|
2016-06-17|6|1_CTs|CT11||296|39|21|24|270|11|11|14|8|7|4|2|7|4|5|3|5|4|5|9|15|7|277|35|35|40|61|348|93|397|456|275|271|297|297|256|243|512|252|244|190|439|191|190|62|165|178|197|422|444|463|193|183|418|164|417|186|187|192|196|182|181|213|426|185|189|216|212|200|166|431|457|692|204|206|167|173|165|403|442|169|150|164|404|154|127|104|90|75|77|71|56|58|306|61|51|
2016-06-17|6|1_CTs|CT12||43|33|44|43|25|273|18|14|6|7|11|8|8|5|4|3|12|8|7|10|7|12|9|23|31|26|43|59|317|78|136|167|205|256|274|319|270|519|496|218|444|177|199|181|173|206|199|182|439|217|246|188|198|429|181|175|162|201|445|192|198|212|233|227|730|503|241|282|300|768|795|536|529|269|294|264|265|275|246|249|246|225|200|436|185|131|106|350|93|97|73|337|83|81|71|78|
2016-06-17|6|1_CTs|CT15||26|265|27|26|24|19|12|8|10|8|16|264|8|8|11|3|8|14|10|19|29|20|34|261|71|41|48|62|88|91|111|165|428|210|215|196|448|431|371|406|157|125|130|135|139|373|106|125|113|118|136|140|124|151|131|372|148|136|148|131|165|165|172|161|695|202|478|208|217|188|172|469|186|198|181|190|165|385|372|399|133|172|147|100|97|94|75|67|64|62|51|295|55|58|44|36|
2016-06-17|6|1_CTs|CT16||39|40|32|26|23|17|15|17|14|9|7|8|14|5|10|5|4|3|5|12|20|8|14|29|21|32|44|332|73|125|170|224|233|273|268|286|268|487|508|237|220|730|218|720|207|466|184|443|198|212|410|195|205|205|402|176|164|441|191|197|444|205|191|206|456|222|214|721|223|479|464|192|466|232|502|239|211|213|201|220|190|195|197|168|399|401|147|110|115|87|80|77|72|78|59|64|
2016-06-17|6|1_CTs|CT17||50|33|46|37|23|25|18|18|17|11|12|18|6|7|8|3|7|9|6|9|4|8|6|7|10|8|23|28|23|44|55|343|81|133|162|449|160|160|135|129|155|621|142|126|137|153|143|165|140|159|178|146|153|637|155|152|154|159|141|130|135|138|158|417|435|169|189|195|206|218|475|207|479|224|210|202|203|206|181|176|161|155|152|100|122|122|108|88|331|95|96|317|82|69|80|79|
2016-06-17|6|1_CTs|CT18||345|327|45|57|40|26|19|19|20|20|19|18|14|14|15|11|12|13|6|23|284|19|280|29|38|43|54|76|103|127|200|227|267|277|295|225|750|546|528|275|243|279|280|503|264|519|454|244|244|242|500|249|236|486|429|226|211|504|756|228|256|240|235|221|264|271|522|522|285|288|268|306|240|276|263|280|276|542|286|235|227|201|466|454|164|174|153|139|116|128|364|131|100|112|96|94|
2016-06-17|6|1_CTs|CT19||46|42|43|37|25|25|15|18|11|19|10|12|5|5|6|7|6|12|5|14|4|7|8|6|9|265|20|30|21|35|55|79|353|136|188|215|432|153|151|154|145|145|131|239|560|412|148|163|171|175|159|164|377|382|402|140|139|392|133|393|138|153|161|173|407|182|435|204|194|207|465|206|200|232|181|220|205|217|408|184|177|147|374|121|135|365|90|337|87|88|90|73|75|61|66|46|
2016-06-17|6|1_CTs|CT20||26|23|26|8|271|8|11|7|8|4|6|8|1|9|9|2|0|2|6|3|9|7|11|13|277|274|28|27|301|561|321|57|95|135|145|114|24|136|369|393|113|6|385|71|347|378|76|112|130|47|325|60|107|52|10|60|349|10|610|72|133|95|36|100|368|110|7|114|36|64|283|114|100|95|13|141|119|14|364|322|36|63|35|279|41|119|60|17|17|73|69|21|57|61|47|42|
2016-06-17|6|1_CTs|CT21||74|73|50|51|35|19|19|261|15|13|20|17|9|17|17|13|12|22|24|36|38|304|497|59|301|67|327|121|153|208|263|307|302|331|315|277|254|273|294|489|267|250|248|246|205|455|434|206|206|217|479|230|464|238|194|424|234|216|458|225|235|263|284|243|456|241|491|237|265|461|762|267|276|248|504|510|243|237|205|229|230|435|159|411|196|169|118|366|394|124|132|120|117|128|93|112|
2016-06-17|6|1_CTs|CT23||79|54|34|293|274|26|18|20|20|21|10|17|250|29|12|232|8|14|10|12|20|26|40|50|40|51|68|90|99|164|232|257|558|307|339|339|289|515|307|515|496|267|226|576|359|209|226|221|450|474|466|248|240|207|190|203|205|235|486|532|236|245|279|260|279|305|493|286|321|331|558|311|310|295|309|273|256|299|262|281|271|477|244|476|372|170|134|134|367|136|135|366|97|354|106|74|
2016-06-17|6|1_CTs|CT24||0|0|0|0|0|0|0|0|0|0|0|0|0|0|0|0|0|0|0|0|0|0|0|0|0|0|0|0|0|0|0|0|0|0|0|0|0|0|0|0|0|0|0|0|0|0|0|0|0|0|0|0|0|0|0|0|0|0|0|0|0|0|0|0|0|0|0|0|0|0|0|0|0|0|0|0|0|0|0|0|0|2|0|0|0|0|0|0|0|0|0|0|0|0|0|0|
