2011-08-25|22|1_CTs|CT1||21|18|16|20|7|7|8|7|2|4|2|3|8|5|4|6|3|3|7|4|11|11|17|16|18|20|26|22|38|40|60|47|75|75|83|98|91|80|71|84|78|70|75|68|71|63|63|68|58|53|68|70|60|40|62|59|65|53|52|70|58|68|61|57|46|83|57|91|65|55|60|60|77|64|57|64|63|61|75|77|67|77|51|62|27|26|27|26|21|21|28|18|22|21|16|24|
2011-08-25|22|1_CTs|CT2||40|65|33|54|15|16|21|14|9|12|8|11|2|8|4|9|2|5|8|5|13|9|21|25|21|25|35|50|49|69|99|99|121|127|144|143|114|134|126|124|162|129|128|113|115|114|109|120|118|120|129|109|104|91|97|128|126|102|133|99|118|117|146|120|115|127|121|130|138|116|142|140|140|128|123|159|126|147|154|144|116|141|106|78|61|62|48|44|50|50|48|51|53|67|72|32|
2011-08-25|22|1_CTs|CT3||58|75|35|70|32|20|26|24|15|21|13|11|5|3|5|7|8|6|8|11|15|13|24|33|21|39|44|52|64|107|123|144|151|163|192|205|183|218|146|161|182|180|158|150|142|178|153|157|173|175|172|157|128|130|150|151|149|161|181|139|183|185|190|188|139|167|152|188|178|172|149|204|213|166|192|200|170|165|184|194|226|188|171|141|100|83|77|77|67|61|61|72|86|90|79|65|
2011-08-25|22|1_CTs|CT4||29|36|17|22|21|18|9|9|7|3|12|7|3|5|7|4|1|4|4|2|3|8|12|16|30|23|31|37|46|62|58|86|80|112|122|121|133|134|108|116|114|111|136|124|121|115|118|121|140|117|108|98|107|112|87|113|116|137|106|114|131|130|141|118|143|141|122|121|118|118|128|145|116|144|152|154|142|137|138|114|112|108|102|89|70|67|56|43|38|49|42|36|54|102|137|63|
2011-08-25|22|1_CTs|CT5||46|34|24|27|20|23|20|9|11|8|12|14|4|8|4|4|3|3|5|12|6|13|19|26|28|21|29|42|54|71|72|100|86|130|141|130|143|159|144|132|135|129|146|126|131|125|110|128|133|128|140|120|110|125|106|113|120|129|132|138|136|131|142|124|152|146|147|143|141|140|160|163|151|172|153|177|166|174|163|149|127|133|104|112|94|75|63|52|47|63|49|37|49|112|139|55|
2011-08-25|22|1_CTs|CT6||35|35|27|55|36|15|10|6|7|7|6|7|7|6|4|5|2|3|7|6|12|7|15|19|22|8|23|18|35|37|34|38|48|61|67|61|58|73|60|69|86|65|95|84|82|83|82|79|100|74|80|77|86|75|62|77|72|89|81|87|89|86|95|93|111|114|107|99|91|107|94|112|91|119|117|104|112|111|114|97|76|81|52|63|52|51|40|31|39|47|38|38|48|96|130|44|
2011-08-25|22|1_CTs|CT7||5|7|5|4|0|3|4|0|2|1|0|1|2|4|0|3|1|1|5|0|3|0|3|4|1|3|3|6|7|7|15|12|30|22|24|23|9|13|28|20|26|16|17|18|19|20|15|16|15|16|25|20|19|12|13|17|23|13|13|20|20|22|14|14|18|24|16|25|20|19|25|26|19|19|13|36|16|21|15|24|15|18|12|19|7|7|7|6|6|11|10|6|9|11|8|2|
2011-08-25|22|1_CTs|CT8||12|12|7|7|6|11|7|5|3|5|3|4|2|1|0|1|5|3|6|2|1|1|3|4|6|6|9|6|11|22|18|30|33|42|46|58|62|57|54|61|70|67|71|51|59|55|23|29|38|33|28|23|23|21|23|12|35|23|30|45|43|43|51|41|32|38|39|40|49|58|42|51|42|45|38|32|30|37|37|23|25|23|23|21|17|21|12|5|16|10|4|13|9|14|11|12|
2011-08-25|22|1_CTs|CT9||43|31|23|30|19|10|9|12|10|9|10|7|4|3|7|5|7|6|3|15|17|15|22|34|20|17|47|54|63|116|131|172|184|210|217|212|203|226|185|177|157|156|144|165|143|146|121|127|136|127|158|122|110|110|140|127|121|136|179|138|131|152|126|146|113|126|127|139|103|130|136|117|151|154|106|147|119|115|125|124|158|134|123|113|86|57|59|55|52|42|6|41|58|122|92|59|
2011-08-25|22|1_CTs|CT10||1|1|0|1|1|0|0|1|3|0|0|0|0|0|1|1|0|3|1|1|2|3|5|4|4|11|3|1|3|2|5|5|7|4|5|2|6|4|3|4|1|4|4|0|2|3|5|3|5|4|2|2|1|10|2|4|3|4|3|3|2|2|5|5|4|1|2|5|8|3|4|4|6|1|7|4|4|3|2|1|2|3|4|2|0|2|2|3|3|2|12|25|8|2|1|3|
