2011-10-11|2|1_CTs|ct1||32|20|16|14|15|8|10|13|7|6|3|2|2|7|4|5|4|12|5|12|10|15|22|26|23|29|37|45|60|72|103|117|104|116|121|127|112|104|117|125|114|130|141|150|136|125|122|125|120|124|131|118|120|149|99|115|102|113|126|130|115|126|133|138|127|107|119|115|99|106|99|81|109|127|116|103|108|91|115|112|103|107|93|72|68|87|76|78|67|68|74|67|55|49|50|42|
2011-10-11|2|1_CTs|ct2||20|15|10|10|6|9|3|4|3|4|2|5|4|2|2|3|4|5|4|2|6|7|6|12|13|16|16|18|15|24|25|32|29|41|45|44|41|50|61|61|73|68|67|64|63|64|69|74|72|74|67|72|74|67|64|59|54|66|73|75|66|56|57|66|70|56|46|45|38|48|47|49|51|55|52|49|62|70|61|58|62|61|37|49|36|36|21|32|24|20|29|23|27|19|25|18|
2011-10-11|2|1_CTs|ct3||82|60|46|49|36|26|28|26|25|19|13|12|11|12|8|13|11|18|14|19|16|32|46|38|46|61|65|78|88|117|136|164|149|159|170|176|162|163|197|208|181|214|229|215|200|181|201|209|230|201|211|189|191|210|195|173|180|176|202|224|177|187|210|204|212|181|191|170|159|181|182|155|170|220|211|174|187|185|201|196|181|202|145|136|119|150|113|133|114|124|138|116|115|97|96|82|
2011-10-11|2|1_CTs|ct4||38|44|25|21|20|24|19|13|14|9|8|7|8|2|13|8|6|5|11|7|7|5|19|26|23|30|34|35|46|58|60|93|106|136|138|139|140|132|129|114|143|112|117|124|166|126|131|136|170|157|139|156|137|144|134|108|127|108|128|152|133|140|140|143|114|136|130|132|146|121|120|124|124|105|105|106|103|101|115|98|95|95|80|70|73|66|75|69|71|65|73|77|83|79|88|54|
2011-10-11|2|1_CTs|ct5||73|66|51|52|32|30|30|22|20|20|22|9|13|10|12|7|7|7|14|10|11|16|24|28|23|24|42|48|55|70|85|132|134|193|207|204|210|183|179|175|176|200|206|203|206|216|185|229|243|226|239|242|201|209|218|163|195|175|192|230|215|220|227|263|196|220|221|222|222|193|198|167|212|182|198|182|172|158|168|151|166|141|139|94|126|119|133|110|112|94|105|129|129|119|124|87|
2011-10-11|2|1_CTs|ct6||46|39|40|35|28|23|24|21|16|18|16|10|6|7|9|6|9|5|15|6|10|10|16|24|26|22|28|32|40|39|53|74|72|91|90|94|87|95|102|105|97|115|105|102|136|113|111|124|143|141|127|144|127|108|117|112|125|115|136|146|141|149|128|135|136|133|144|152|143|115|122|111|138|94|116|122|94|111|99|102|108|76|100|76|81|88|88|71|71|67|89|89|94|97|75|58|
2011-10-11|2|1_CTs|ct17||77|59|55|45|40|23|25|20|17|19|12|11|8|16|12|10|7|13|12|15|15|26|27|34|33|43|42|57|73|95|119|138|157|137|166|179|175|166|185|177|178|204|201|186|194|152|185|203|202|211|183|183|167|208|186|157|162|158|184|202|170|186|188|198|184|209|164|179|155|168|165|159|184|189|191|202|214|168|191|177|155|201|138|125|121|133|127|127|119|126|118|120|89|100|80|72|
2011-10-11|2|1_CTs|CT19||45|25|25|18|11|16|10|11|10|14|11|9|2|6|5|5|8|6|5|4|4|12|14|12|12|18|18|29|34|60|61|79|92|79|88|108|100|83|94|87|111|99|123|106|112|106|111|98|139|126|96|118|94|114|91|93|84|85|118|115|107|118|122|124|99|117|102|123|108|124|138|124|129|129|123|119|125|98|118|137|107|107|90|64|64|80|63|56|73|63|48|62|54|46|42|44|
2011-10-11|2|1_CTs|CT20||38|37|30|24|22|27|14|21|23|8|10|5|10|7|2|7|5|2|1|5|6|10|11|9|14|13|19|30|33|30|43|74|79|98|101|91|100|83|89|77|76|74|69|67|73|73|69|86|84|80|90|72|75|68|65|64|69|74|84|78|81|86|92|80|91|81|81|73|85|87|86|90|92|83|77|110|90|94|81|60|75|77|66|42|48|48|57|55|56|57|54|56|43|65|44|46|
2011-10-11|2|1_CTs|CT21||25|22|14|11|15|14|9|10|10|5|5|1|3|4|1|3|3|2|2|3|2|4|3|6|5|6|7|10|19|23|25|51|56|53|64|61|57|52|49|43|41|47|57|79|57|59|52|50|60|49|56|34|51|38|33|36|33|52|42|52|45|52|62|49|56|55|45|39|59|63|51|57|58|46|60|39|41|56|56|32|50|36|36|20|24|29|36|31|23|34|36|35|40|37|31|20|
