2012-04-23|2|1_CTs|ct1||22|28|15|15|13|10|14|10|9|11|7|6|8|2|0|5|2|9|9|6|6|17|12|12|15|17|30|35|46|69|82|97|93|108|107|108|108|105|123|72|123|124|135|127|134|132|142|102|112|134|113|115|126|123|112|129|128|125|135|134|126|118|136|130|126|120|91|120|104|117|117|99|94|113|99|89|98|97|90|99|79|82|82|75|73|61|56|56|50|54|47|43|41|40|40|37|
2012-04-23|2|1_CTs|ct2||10|10|8|7|2|3|5|7|3|3|1|1|4|2|0|0|3|1|4|2|5|8|7|10|13|13|16|19|10|23|24|24|28|27|45|41|55|51|56|31|64|61|70|70|79|56|58|60|44|65|52|48|64|49|49|35|45|48|63|52|59|58|62|54|51|54|26|47|51|47|39|53|46|37|35|51|41|46|41|48|36|30|41|40|21|26|30|16|17|21|10|17|19|9|14|19|
2012-04-23|2|1_CTs|ct3||63|63|38|33|24|15|20|18|19|20|13|14|26|9|7|10|10|6|16|7|21|31|29|34|43|44|54|60|68|99|111|139|130|142|132|189|167|183|185|315|203|199|212|212|213|180|219|212|177|210|184|171|207|192|186|178|179|206|219|211|203|189|214|190|194|213|160|180|188|205|185|182|179|157|163|169|188|175|152|183|139|139|153|130|121|107|109|91|111|100|91|81|76|66|63|73|
2012-04-23|2|1_CTs|ct4||61|36|33|22|19|15|19|16|7|10|11|10|6|8|14|9|3|4|9|7|8|12|21|24|16|24|31|30|39|56|55|74|100|105|140|126|132|139|119|93|137|110|155|133|121|124|135|117|150|138|118|120|132|119|105|111|125|101|144|122|146|136|100|120|117|126|141|145|112|126|129|112|94|103|100|96|107|108|113|97|97|99|88|88|77|57|65|47|55|54|77|51|59|51|51|52|
2012-04-23|2|1_CTs|ct5||73|54|40|31|31|25|26|29|11|11|12|10|11|10|11|15|7|9|11|14|11|18|21|25|20|20|28|37|44|59|72|109|133|128|180|200|179|201|195|114|189|187|200|181|206|185|214|183|218|193|186|179|173|188|150|189|171|180|203|202|223|210|156|211|189|212|208|205|174|191|207|193|171|145|156|197|169|193|167|175|167|144|126|106|119|72|90|84|73|102|104|80|84|96|76|73|
2012-04-23|2|1_CTs|ct6||67|42|32|25|29|21|23|26|11|13|7|4|7|5|10|6|4|7|12|9|18|13|15|17|17|18|20|21|32|31|55|53|65|75|98|83|101|95|92|63|118|97|127|106|130|114|126|118|134|140|129|115|127|129|101|119|117|136|151|131|141|152|127|144|139|142|144|153|140|123|134|132|118|124|112|108|117|114|105|105|112|86|88|86|80|67|72|62|68|58|71|64|67|70|71|64|
2012-04-23|2|1_CTs|ct17||62|61|42|33|21|15|22|19|16|15|15|10|14|11|5|13|6|7|14|8|12|26|18|21|29|28|35|50|62|84|96|125|132|126|146|176|164|180|184|95|190|155|198|207|193|165|183|202|198|205|173|181|179|165|184|165|159|192|190|185|197|174|201|192|185|203|161|184|175|170|189|183|182|171|169|172|184|185|162|188|153|135|159|138|120|104|100|81|112|90|77|79|73|66|51|65|
2012-04-23|2|1_CTs|CT19||37|36|28|14|20|11|10|10|9|5|7|9|6|7|5|3|8|2|6|5|9|10|8|10|13|12|19|31|39|45|56|77|76|79|94|100|109|98|122|280|124|91|139|141|123|108|138|146|142|125|114|130|130|87|110|101|96|112|119|108|132|114|114|120|127|128|126|114|120|122|140|121|126|124|131|108|116|142|118|130|113|97|97|93|70|58|54|44|64|45|45|50|45|28|19|45|
2012-04-23|2|1_CTs|CT20||58|32|26|24|22|26|13|13|14|10|13|14|12|7|7|10|6|5|5|5|5|9|4|10|15|12|20|21|26|32|41|53|70|77|100|95|95|94|85|51|84|63|66|84|78|81|89|85|66|58|75|73|70|62|71|74|74|72|92|80|70|86|80|74|74|79|85|68|86|74|94|83|82|77|80|84|92|81|80|74|85|85|61|80|67|55|57|36|54|53|59|48|45|39|51|33|
2012-04-23|2|1_CTs|CT21||35|21|16|13|10|15|6|10|10|8|3|5|5|3|1|7|2|0|1|2|2|2|0|4|10|3|5|9|14|15|31|35|43|42|62|61|61|53|41|32|44|49|48|49|54|38|61|47|51|32|40|43|39|46|51|51|40|50|52|47|44|45|48|48|46|40|52|44|46|49|52|48|53|37|53|48|49|47|49|39|54|43|44|43|28|29|30|18|28|28|28|33|30|26|35|20|
