2017-09-13|2|1_CTs|ct1||76|45|50|47|48|35|34|27|16|23|21|16|11|13|15|12|13|12|13|17|27|26|35|33|48|42|72|95|100|122|164|165|147|172|165|403|176|189|192|199|193|191|202|453|211|474|454|202|188|202|456|207|197|197|182|157|186|706|454|449|457|188|197|185|206|182|158|152|385|596|238|160|422|187|176|167|172|164|164|708|166|163|167|166|132|118|124|99|110|99|109|86|100|92|92|87|
2017-09-13|2|1_CTs|ct2||61|40|31|33|35|17|26|21|14|12|9|6|8|10|5|8|10|3|8|10|13|14|23|18|26|26|28|32|36|42|60|68|52|59|79|82|90|87|111|94|373|98|126|115|124|115|111|103|87|84|91|346|118|100|93|93|101|101|95|361|110|94|109|95|111|372|92|93|307|95|78|106|84|104|85|75|92|107|106|370|111|104|131|106|88|89|81|66|68|58|71|48|62|69|314|49|
2017-09-13|2|1_CTs|ct3||46|41|39|24|27|27|22|16|11|14|17|12|9|8|252|265|8|7|10|10|13|19|28|19|31|30|43|57|61|77|85|96|85|120|349|355|112|115|127|372|130|130|136|380|134|125|143|124|371|131|371|138|334|139|642|104|382|134|406|137|141|123|130|111|389|121|113|115|108|371|115|591|122|380|106|114|119|97|362|377|611|347|362|120|96|90|96|63|76|75|70|63|72|61|64|56|
2017-09-13|2|1_CTs|ct4||286|28|20|22|18|13|9|11|11|8|5|7|8|8|9|4|9|9|7|4|7|10|20|8|10|17|17|30|22|33|50|52|62|74|79|99|63|84|87|99|74|332|80|81|91|337|62|340|71|345|356|344|79|350|80|82|99|345|340|97|77|84|102|57|46|94|115|92|78|190|239|73|57|71|90|79|60|70|106|81|76|76|35|49|61|47|53|50|51|38|39|50|46|50|47|55|
2017-09-13|2|1_CTs|ct5||83|90|58|571|54|51|28|41|35|22|26|26|20|15|23|15|20|17|17|14|18|16|290|27|25|289|27|58|65|75|103|105|130|159|155|152|160|149|143|154|146|152|133|169|156|182|157|420|435|175|668|417|161|168|408|153|180|174|160|422|428|164|166|188|162|191|184|181|423|387|179|174|164|147|154|137|132|142|665|402|152|147|387|121|369|378|135|132|133|115|115|98|113|114|104|384|
2017-09-13|2|1_CTs|ct6||74|85|55|318|64|57|36|36|34|282|29|20|28|19|26|19|273|18|13|18|13|17|42|29|30|27|36|59|318|66|87|81|84|132|118|640|398|137|127|666|146|129|135|394|392|430|175|410|699|164|414|422|420|424|408|157|410|664|153|199|417|415|427|163|456|188|465|186|688|187|196|687|423|163|156|173|152|150|433|391|153|165|388|117|131|106|656|365|103|369|119|387|128|132|114|139|
2017-09-13|2|1_CTs|ct17||95|92|95|323|61|53|61|42|33|40|48|30|19|20|23|20|18|24|24|29|35|40|52|30|62|312|67|77|91|119|113|146|411|177|182|190|216|197|220|180|218|491|219|504|256|469|253|234|727|225|493|528|233|241|212|466|247|1021|493|239|506|258|481|239|474|244|255|499|480|476|236|232|230|245|234|255|161|182|236|485|459|210|220|216|196|179|160|139|165|151|163|123|127|138|114|104|
2017-09-13|2|1_CTs|CT19||31|37|29|277|26|18|25|22|9|8|13|14|1|6|11|10|6|9|6|10|11|11|19|10|16|18|34|32|57|53|63|78|329|349|89|94|101|107|331|106|92|372|107|380|134|132|126|641|349|146|126|121|375|116|118|114|626|357|131|106|138|113|122|111|388|117|133|149|394|400|144|126|402|331|176|139|120|132|381|130|379|113|80|95|83|335|73|48|49|48|50|56|61|51|59|47|
2017-09-13|2|1_CTs|CT20||50|50|41|33|28|36|23|33|24|40|33|13|17|21|15|12|10|15|13|10|10|14|279|8|252|272|19|27|23|32|38|308|56|65|73|355|88|89|328|336|335|84|86|68|76|93|79|75|81|321|74|573|80|319|590|322|74|324|335|339|74|322|64|79|76|585|323|76|77|74|71|328|96|88|75|82|76|332|317|62|93|81|76|340|61|52|67|51|71|59|71|328|61|308|316|320|
2017-09-13|2|1_CTs|CT21||18|39|21|17|23|22|11|11|11|237|9|4|7|4|2|3|1|3|4|6|3|10|13|3|261|7|6|12|13|19|29|20|40|45|47|286|52|50|295|43|309|50|53|41|295|272|300|283|280|287|294|517|48|49|46|40|27|52|46|50|305|40|303|58|34|48|57|50|49|40|37|44|49|48|299|48|44|47|51|305|48|54|51|51|47|273|30|26|33|34|32|554|283|38|30|34|
