2011-05-18|7|1_CTs|CT1||36|26|27|25|11|15|7|14|9|7|4|5|6|1|2|4|5|2|9|3|6|5|5|13|14|13|18|27|34|56|104|145|185|208|204|203|205|206|183|211|179|152|147|143|136|119|148|124|135|117|118|126|154|137|137|126|120|136|156|145|147|143|146|144|134|144|133|151|156|170|153|199|172|179|165|162|157|129|133|141|99|102|70|57|55|53|43|68|57|61|64|70|38|53|45|38|
2011-05-18|7|1_CTs|CT2||90|74|57|34|43|35|42|19|32|18|19|16|12|12|11|14|11|6|14|7|14|19|16|33|27|44|56|77|84|86|152|156|261|304|429|345|357|351|178|232|181|245|217|247|161|122|240|252|222|204|187|277|256|238|231|206|202|218|175|279|248|261|258|296|233|270|171|266|330|258|324|288|262|339|234|259|259|310|279|216|174|205|166|156|129|143|89|140|144|132|133|106|77|94|81|60|
2011-05-18|7|1_CTs|CT4||42|47|45|60|60|30|36|37|21|25|18|13|20|20|13|27|14|13|20|21|14|12|17|11|15|8|13|16|8|12|7|24|38|38|40|44|35|45|46|34|35|25|24|27|36|41|50|39|54|47|56|57|38|46|57|40|58|53|54|66|53|56|62|67|61|65|55|76|95|82|112|130|103|79|74|73|86|115|89|82|53|44|48|37|26|31|39|43|58|44|62|62|86|77|37|61|
2011-05-18|7|1_CTs|CT6||37|41|38|26|22|19|21|16|14|8|6|13|10|11|8|10|8|8|8|4|4|9|9|18|9|16|13|24|49|37|61|67|128|154|160|144|143|158|126|101|148|123|109|138|139|147|115|132|156|110|133|155|120|126|146|116|124|137|120|157|141|161|162|152|155|157|179|171|190|197|226|239|233|197|198|193|227|175|158|130|150|128|101|77|73|61|49|66|58|55|53|59|43|47|51|42|
2011-05-18|7|1_CTs|CT7||56|49|44|32|25|16|13|8|13|12|13|12|12|7|8|6|8|7|4|11|12|10|7|13|14|20|56|34|53|78|71|97|126|142|163|110|111|122|145|155|150|124|127|124|138|118|117|120|133|128|125|140|117|114|150|128|141|160|141|122|135|152|138|131|163|128|156|155|151|159|148|189|178|194|159|173|202|170|174|150|118|125|91|82|78|69|49|54|86|61|60|72|52|71|38|51|
2011-05-18|7|1_CTs|CT8||121|100|83|82|57|60|40|24|37|31|18|28|22|29|31|21|17|28|33|49|63|70|81|87|111|125|156|196|205|230|301|369|365|445|415|401|392|412|420|380|355|385|366|332|322|327|334|343|294|342|305|319|326|302|311|269|305|356|379|344|326|328|334|378|301|336|365|405|361|346|374|396|360|408|387|360|363|354|348|286|235|239|214|197|150|197|143|176|184|172|205|148|181|137|129|114|
2011-05-18|7|1_CTs|CT9||55|54|59|35|44|30|24|15|20|12|16|14|12|15|13|11|13|15|10|16|25|34|34|33|48|61|82|84|98|109|148|204|209|238|234|237|245|256|250|237|213|207|202|181|194|188|175|208|191|172|170|150|188|167|176|164|172|194|230|182|179|193|179|192|183|195|191|187|182|191|190|209|201|194|224|190|223|204|196|159|125|130|97|98|94|99|94|104|86|100|86|70|86|72|57|57|
2011-05-18|7|1_CTs|CT10||117|82|77|82|73|70|56|54|42|36|37|32|31|33|28|30|20|28|35|40|27|30|37|37|47|42|62|76|84|103|136|161|220|254|248|258|261|223|216|206|230|237|218|232|240|221|269|267|273|276|283|247|289|241|227|225|214|238|288|244|286|270|290|287|288|270|349|326|317|343|339|276|319|316|318|299|325|315|304|274|263|247|179|177|173|131|126|160|147|128|156|140|133|140|109|124|
2011-05-18|7|1_CTs|CT11||112|72|86|76|75|66|52|56|44|32|37|38|34|32|36|43|21|42|34|45|23|42|50|44|58|66|85|85|120|122|153|176|217|231|256|259|256|285|210|228|203|225|212|236|245|236|273|265|278|253|263|301|285|257|212|242|227|254|269|286|281|309|287|351|307|287|327|310|306|283|244|265|264|309|265|276|269|267|263|231|224|237|191|183|153|134|132|153|153|121|144|147|136|136|119|111|
2011-05-18|7|1_CTs|CT12||63|70|41|41|33|33|28|23|16|11|11|23|20|13|14|13|10|10|10|8|5|8|15|21|25|18|18|23|40|51|95|124|185|202|221|227|236|206|177|188|189|175|155|175|202|197|188|181|225|200|191|213|213|179|199|183|175|207|207|201|209|214|196|233|214|275|259|278|262|274|303|363|323|310|306|296|292|314|271|248|221|173|154|135|117|101|102|115|93|103|92|105|90|73|87|67|
2011-05-18|7|1_CTs|CT13||20|17|11|11|4|7|3|5|6|4|4|1|2|2|4|3|2|0|0|3|3|4|4|4|1|6|14|19|18|23|41|48|60|50|59|47|45|52|81|69|87|76|69|43|59|50|61|61|50|62|56|74|55|45|58|73|61|68|56|51|67|66|61|55|54|49|56|69|53|59|73|71|84|77|71|85|90|69|84|65|63|38|34|31|40|30|22|27|42|26|24|22|23|29|13|16|
2011-05-18|7|1_CTs|CT14||141|115|82|94|80|69|57|47|50|47|30|25|28|42|27|29|30|29|34|38|33|35|56|53|89|84|91|128|136|190|218|257|331|415|404|489|452|424|380|348|314|334|309|298|347|318|356|376|368|356|346|351|366|348|336|331|329|405|376|411|368|388|365|416|415|416|440|524|511|517|495|538|570|534|540|550|497|559|502|407|429|344|272|255|234|195|165|217|229|173|178|192|173|177|133|152|
2011-05-18|7|1_CTs|CT15||16|19|10|10|7|8|6|2|10|4|2|4|3|2|4|6|1|0|1|4|1|3|3|4|3|6|10|8|9|10|25|33|86|96|87|88|66|67|50|38|56|36|37|38|50|37|29|28|46|42|38|41|46|71|69|40|38|41|49|51|42|41|44|41|39|61|69|74|66|71|84|83|92|71|57|56|72|59|54|50|36|29|24|24|8|26|23|28|20|25|26|19|18|23|13|11|
