2011-09-03|22|1_CTs|CT1||21|23|16|18|12|9|13|12|8|6|12|8|4|12|9|7|5|6|4|8|8|6|17|15|12|22|30|26|23|26|40|27|33|48|35|49|41|53|49|63|51|74|58|52|57|65|56|59|60|63|56|46|65|40|51|45|32|43|38|30|40|55|48|49|48|41|56|56|38|45|39|57|51|54|57|68|45|57|51|45|66|48|51|40|43|37|39|34|27|26|30|27|29|26|16|15|
2011-09-03|22|1_CTs|CT2||12|15|11|9|7|1|10|2|5|7|6|0|6|7|7|4|5|6|1|4|3|6|6|10|15|16|17|19|16|24|26|32|22|22|31|26|16|23|22|27|25|34|26|18|19|22|37|34|29|32|25|24|30|33|24|31|22|25|32|28|21|42|27|30|35|30|29|34|27|22|23|34|26|30|26|25|23|25|23|23|18|16|17|16|16|18|18|22|20|20|24|16|7|12|14|17|
2011-09-03|22|1_CTs|CT3||59|59|56|43|42|25|26|25|26|24|26|13|20|28|18|15|13|16|11|12|9|20|18|33|30|48|35|48|40|66|70|76|80|84|101|81|81|91|96|118|109|133|114|101|123|131|133|140|151|148|135|141|153|146|124|142|121|120|133|121|128|150|152|134|127|135|150|149|149|124|102|135|124|134|121|129|117|133|125|109|97|83|92|97|71|79|77|81|73|86|70|58|60|53|61|60|
2011-09-03|22|1_CTs|CT4||41|47|32|22|21|21|15|16|21|14|17|17|11|14|13|8|9|8|5|6|14|9|10|25|19|21|30|33|36|39|42|56|35|57|59|67|78|83|74|80|86|98|106|85|113|115|93|138|106|104|122|105|127|94|83|76|81|59|106|96|76|97|88|99|91|121|95|117|83|112|92|97|122|99|99|81|104|88|85|113|89|83|56|65|68|44|57|59|45|39|49|36|40|31|51|37|
2011-09-03|22|1_CTs|CT5||57|39|30|23|35|16|13|16|22|18|14|17|8|17|15|14|15|12|7|14|8|16|17|25|24|20|27|40|37|53|42|65|40|60|63|81|99|79|99|98|106|103|125|112|104|138|131|125|117|134|131|125|140|102|104|93|97|94|104|77|102|102|106|111|99|112|105|115|119|97|100|97|107|119|97|94|111|83|103|107|81|88|71|68|76|48|61|65|58|45|50|48|51|39|48|39|
2011-09-03|22|1_CTs|CT6||38|33|27|15|17|15|17|12|17|11|12|9|10|21|26|7|7|8|6|3|8|14|9|11|18|21|9|23|27|30|30|36|22|27|44|43|43|43|49|63|75|60|74|89|92|89|77|101|84|84|74|81|98|74|72|68|65|62|67|80|65|69|78|71|74|81|78|74|67|69|68|69|67|81|51|60|72|62|65|76|66|51|36|40|47|29|35|38|50|40|43|31|27|27|35|26|
2011-09-03|22|1_CTs|CT7||8|6|4|4|2|1|5|4|5|5|5|4|1|0|3|1|1|0|2|1|3|0|1|3|2|4|1|7|6|6|5|5|6|11|10|16|9|12|12|17|15|20|17|13|13|15|21|24|20|16|21|11|8|14|16|8|9|13|16|12|16|12|10|19|9|23|16|19|16|11|13|12|11|15|16|15|10|13|12|12|14|14|11|8|10|10|15|1|5|9|5|8|6|7|7|7|
2011-09-03|22|1_CTs|CT8||15|6|5|6|7|5|3|6|5|3|2|2|1|4|4|0|4|1|1|2|1|1|3|2|1|3|4|2|5|8|6|9|19|26|13|27|26|28|35|35|47|47|64|41|63|53|69|55|68|71|70|76|83|65|59|73|48|51|50|52|46|52|73|55|58|54|63|71|61|47|53|48|57|68|47|62|54|49|56|45|40|37|41|37|35|28|32|29|33|30|26|18|16|18|18|20|
2011-09-03|22|1_CTs|CT9||46|39|32|34|31|20|14|18|15|14|13|17|7|8|9|12|8|13|7|16|11|22|27|24|30|29|43|51|37|56|63|89|74|75|92|105|112|99|124|127|127|113|143|112|137|120|117|113|112|119|123|105|96|110|105|92|93|99|106|99|117|119|97|105|103|101|116|101|103|82|111|86|76|107|82|87|95|89|95|91|70|95|90|71|60|73|55|53|62|51|21|36|44|43|52|40|
2011-09-03|22|1_CTs|CT10||0|3|1|0|1|0|0|3|0|1|0|2|0|0|1|1|0|2|0|3|5|1|3|3|2|5|1|2|3|6|1|4|4|6|2|1|3|2|1|4|1|2|4|2|3|2|3|5|4|3|3|2|1|1|2|2|2|7|1|2|4|2|3|4|1|2|2|5|3|2|0|1|3|3|3|0|3|3|6|2|3|3|2|2|3|2|2|22|4|5|11|14|10|0|2|2|
