2014-07-05|2|1_CTs|ct1||107|104|112|99|81|101|71|51|56|54|46|40|28|37|26|33|24|25|23|17|31|28|29|36|32|40|59|69|52|87|73|80|69|71|121|128|120|129|153|150|145|154|154|181|185|193|190|188|202|189|156|186|183|161|160|165|150|153|155|151|181|159|191|180|177|178|179|183|190|168|171|153|159|142|145|162|155|179|174|189|177|164|175|175|162|171|161|123|147|141|139|107|117|132|125|112|
2014-07-05|2|1_CTs|ct2||66|71|62|55|47|49|41|50|54|50|34|31|26|30|26|33|22|19|24|17|21|22|24|16|16|17|30|31|16|36|32|25|43|26|40|52|47|37|51|63|71|61|73|78|81|52|79|78|64|51|66|64|69|55|74|55|65|63|54|62|72|67|66|67|77|77|71|73|72|76|50|56|59|60|72|75|70|92|72|74|82|83|83|109|92|98|88|80|99|74|67|64|58|59|68|68|
2014-07-05|2|1_CTs|ct3||151|151|135|132|102|114|86|88|84|54|66|63|47|49|35|46|46|35|51|24|42|44|50|47|39|49|61|59|62|59|60|65|77|63|110|108|118|114|130|153|136|153|176|157|184|173|179|172|183|172|160|191|164|164|160|141|149|145|139|169|171|145|174|188|183|195|172|191|178|178|158|168|157|153|164|171|152|177|193|177|185|195|184|164|175|179|150|156|159|160|144|133|130|138|143|141|
2014-07-05|2|1_CTs|ct4||99|94|78|87|79|71|66|58|51|57|44|48|39|46|42|24|32|49|35|28|34|39|41|28|32|34|33|36|37|28|33|51|42|48|59|52|68|72|85|85|83|79|100|99|121|105|82|96|105|100|126|93|105|113|82|90|93|80|115|93|81|117|118|125|125|114|112|103|115|85|108|102|118|107|93|115|119|127|115|108|114|97|72|98|94|71|90|89|76|98|90|79|73|94|81|82|
2014-07-05|2|1_CTs|ct5||151|165|141|130|144|122|111|113|83|81|78|68|73|73|61|50|55|61|50|37|52|60|45|40|37|39|42|54|48|40|43|65|63|59|82|90|93|120|137|115|133|118|140|156|160|165|180|167|165|167|172|180|178|175|141|168|163|117|162|142|158|173|163|175|165|201|170|174|182|130|171|147|175|176|185|192|181|198|191|188|177|168|129|156|123|146|139|150|124|137|137|141|111|148|147|139|
2014-07-05|2|1_CTs|ct6||38|43|44|41|44|44|35|29|31|24|22|20|20|28|21|20|18|21|19|18|18|12|18|16|13|13|11|13|15|14|12|19|16|14|13|16|24|26|31|26|31|33|33|33|44|39|48|41|46|43|113|506|531|537|524|522|429|187|48|34|39|37|41|46|52|44|46|43|57|50|35|47|51|57|48|45|61|50|45|59|52|50|44|41|37|48|45|50|40|42|49|39|46|45|47|41|
2014-07-05|2|1_CTs|ct17||170|167|158|167|158|153|113|117|109|84|89|78|72|72|45|62|61|60|57|41|57|47|54|52|54|63|72|80|59|68|72|76|74|79|105|145|128|124|151|164|137|162|202|179|235|175|183|192|198|201|182|210|202|198|169|185|162|166|172|201|191|195|206|232|221|225|208|221|212|184|208|222|194|155|212|197|168|226|218|211|221|215|200|190|204|171|176|173|167|164|149|172|145|144|174|177|
2014-07-05|2|1_CTs|CT19||73|51|50|62|44|49|51|42|32|28|28|34|18|32|19|12|11|13|12|11|6|14|10|15|18|19|15|28|39|21|27|23|37|37|52|52|65|57|65|77|72|77|95|95|86|102|78|191|131|69|79|84|80|94|75|50|67|58|78|98|80|95|101|114|111|93|76|123|98|112|108|105|87|95|74|82|87|117|112|108|101|78|76|89|82|78|85|77|74|76|70|79|63|67|69|56|
2014-07-05|2|1_CTs|CT20||66|73|72|85|74|67|65|60|52|54|61|45|52|56|39|32|32|35|33|17|15|14|17|16|25|20|20|20|29|20|25|28|27|37|34|39|53|51|61|45|72|60|81|81|72|78|74|88|80|88|74|67|67|68|70|71|62|73|74|71|69|69|80|69|74|88|80|82|93|74|72|72|84|80|72|79|85|102|100|74|76|101|82|80|62|68|67|62|66|64|56|56|63|82|62|68|
2014-07-05|2|1_CTs|CT21||43|53|39|50|43|27|19|23|21|29|17|6|25|25|22|9|17|14|8|9|1|11|9|8|10|10|10|7|12|11|10|18|13|21|14|24|37|28|32|38|43|41|48|58|43|52|60|66|49|50|48|44|62|39|49|36|47|63|46|49|52|49|59|59|54|36|58|47|44|42|49|46|56|44|50|44|62|54|47|47|49|39|51|49|46|45|40|30|30|41|32|31|39|43|29|40|
