2012-10-08|2|1_CTs|ct1||8|9|9|7|4|8|3|2|7|8|1|6|4|1|4|1|5|4|4|5|6|10|10|13|7|16|8|17|12|12|17|19|24|30|16|32|60|78|77|33|41|49|45|41|31|0|0|0|0|0|0|0|0|0|22|39|35|30|34|33|46|34|41|40|38|43|44|38|55|43|29|53|45|57|43|32|47|36|22|30|43|17|17|23|18|19|11|11|16|20|21|11|14|7|10|10|
2012-10-08|2|1_CTs|ct2||16|21|21|6|13|11|8|9|11|10|4|5|7|4|4|7|4|5|5|6|8|10|8|17|12|13|13|15|18|12|26|33|33|29|34|36|61|75|87|59|61|71|65|75|54|0|0|0|0|0|0|0|0|0|26|52|67|38|60|58|58|56|52|53|56|50|54|48|51|46|38|55|59|42|51|41|45|50|31|49|47|43|31|49|34|39|32|28|24|29|38|23|26|22|27|23|
2012-10-08|2|1_CTs|ct3||57|52|59|37|32|34|22|26|37|21|17|22|17|12|10|16|15|12|13|19|18|17|30|33|49|41|47|63|70|79|117|127|114|138|128|159|157|184|169|170|147|211|184|196|210|187|196|194|178|170|161|173|139|164|154|145|181|145|183|179|177|171|184|191|172|157|200|176|177|179|164|184|199|162|167|160|161|178|143|177|146|142|147|122|136|109|106|95|95|113|114|76|78|68|64|69|
2012-10-08|2|1_CTs|ct4||38|35|22|25|22|22|30|27|34|28|15|7|2|7|9|7|7|9|9|7|13|9|17|19|24|20|27|27|32|47|76|84|99|95|121|91|121|113|134|138|113|114|107|119|116|128|131|118|131|102|97|99|111|92|93|104|107|111|96|111|113|102|115|123|107|119|105|114|98|87|110|110|88|84|86|97|97|70|78|88|76|87|77|88|74|54|54|79|63|62|66|77|56|42|52|50|
2012-10-08|2|1_CTs|ct5||46|59|36|44|34|29|34|33|41|36|17|17|6|13|7|8|9|14|9|16|21|9|19|19|18|19|28|47|38|57|76|126|122|133|156|137|155|162|161|168|160|173|170|182|183|189|219|190|187|154|162|146|168|161|157|143|183|176|166|178|158|197|192|172|171|185|181|167|178|164|190|151|140|164|155|133|169|128|132|139|153|118|119|131|126|100|76|93|93|88|108|103|86|86|84|70|
2012-10-08|2|1_CTs|ct6||111|98|91|62|63|49|53|56|50|36|26|21|14|15|16|8|14|17|21|18|35|19|29|42|45|45|64|87|89|118|175|222|235|235|258|269|254|244|303|274|282|299|305|273|315|322|327|291|281|259|288|269|287|278|270|252|283|270|275|352|276|267|350|268|279|275|289|279|285|210|268|281|238|249|260|231|233|218|249|268|233|245|214|211|209|207|162|195|207|200|201|167|174|122|132|110|
2012-10-08|2|1_CTs|ct17||40|43|45|34|20|32|20|19|27|19|19|15|6|11|8|8|5|12|10|12|11|14|18|18|34|28|25|49|52|68|97|128|119|112|136|153|147|161|158|162|160|215|183|191|179|173|185|182|180|149|158|159|140|138|154|132|168|135|166|174|172|168|182|181|166|183|180|180|168|162|177|161|190|172|157|157|174|158|156|162|155|125|115|131|114|105|94|85|89|69|98|72|65|68|73|68|
2012-10-08|2|1_CTs|CT19||18|28|26|11|7|14|12|15|12|8|4|4|5|4|4|5|4|9|4|9|7|8|7|10|13|9|12|25|27|40|56|78|69|67|91|95|86|104|95|93|98|124|84|99|115|112|109|106|111|111|99|88|88|86|91|77|102|83|96|106|96|97|107|106|86|110|106|120|111|133|124|144|116|120|132|116|95|104|87|105|95|75|65|66|55|57|47|57|47|45|51|44|43|33|26|41|
2012-10-08|2|1_CTs|CT20||35|37|22|22|17|13|22|20|19|15|15|4|12|4|8|7|4|11|4|5|5|4|10|14|14|12|16|24|17|43|43|70|82|74|94|90|86|92|80|90|73|78|64|73|83|63|79|67|73|63|69|60|71|66|57|74|67|71|72|63|70|78|68|59|78|77|81|77|75|77|85|77|76|95|70|94|76|85|79|78|80|71|64|71|47|65|44|61|56|42|53|47|42|47|36|35|
2012-10-08|2|1_CTs|CT21||26|23|17|12|10|6|11|10|7|3|9|1|4|2|1|3|1|6|0|5|3|2|2|4|6|8|6|6|10|23|34|38|55|47|58|55|44|55|44|42|35|49|31|45|56|41|48|43|32|40|43|34|46|35|39|51|34|39|49|43|46|45|31|47|38|54|45|41|55|42|46|48|40|48|54|44|38|53|55|43|50|38|57|38|26|26|27|31|35|26|29|17|28|33|22|25|
