2016-04-25|7|1_CTs|CT1||29|40|19|34|15|276|24|12|25|14|12|9|15|12|12|6|272|12|11|11|14|15|14|16|15|16|17|29|27|24|36|36|25|46|303|39|41|46|50|60|68|70|71|80|73|67|82|76|73|60|585|70|54|61|66|90|62|74|77|76|88|89|87|95|88|90|84|82|102|330|76|92|91|323|92|90|67|80|65|323|69|81|62|75|54|57|63|58|309|50|47|59|44|47|48|34|
2016-04-25|7|1_CTs|CT2||537|245|291|372|212|236|465|183|162|157|416|130|113|57|33|24|29|294|313|40|25|46|21|45|42|12|16|71|39|22|91|223|373|47|9|374|351|1693|2945|1165|301|1332|1647|2405|930|837|296|538|192|187|1365|1831|3266|3110|1815|3810|1278|726|1200|262|234|202|559|312|630|445|467|555|565|935|470|4681|317|485|704|1319|3024|4348|2336|1522|1055|774|636|249|170|675|132|167|200|234|137|74|85|59|107|187|
2016-04-25|7|1_CTs|CT4||24|41|40|42|284|184|117|19|12|19|15|26|23|19|15|7|14|7|8|3|13|2|8|7|4|5|4|2|1|1|0|1|3|11|4|4|10|7|4|5|4|4|2|7|9|8|4|16|11|9|11|14|17|17|15|269|4|19|16|19|6|23|14|31|32|23|40|24|18|23|22|25|17|18|28|22|31|15|37|19|27|30|17|23|21|26|29|37|44|45|42|39|51|53|27|46|
2016-04-25|7|1_CTs|CT6||28|29|17|20|21|29|21|10|10|15|12|8|10|9|9|4|9|13|4|8|9|0|5|9|5|3|4|8|15|10|17|12|15|14|23|17|25|35|23|31|36|43|41|44|49|52|53|61|56|52|306|59|61|47|61|286|49|46|50|57|67|67|62|59|74|79|84|66|85|80|91|572|80|64|71|71|77|66|81|57|329|78|68|49|39|50|54|64|33|43|289|44|47|38|35|33|
2016-04-25|7|1_CTs|CT7||31|28|28|16|11|13|4|12|10|11|9|13|9|6|7|11|10|7|9|11|6|4|6|4|4|11|14|15|26|16|23|23|27|33|24|29|31|34|32|37|41|44|45|48|67|69|67|58|56|57|61|58|57|53|304|59|49|39|54|62|61|59|79|65|60|61|90|78|73|325|66|68|67|66|86|70|70|68|70|84|76|57|67|45|54|43|44|43|45|29|38|32|38|35|27|27|
2016-04-25|7|1_CTs|CT8||102|96|81|61|57|33|294|43|43|27|24|32|26|37|27|22|32|36|39|65|72|67|330|100|85|340|100|119|111|122|163|159|113|124|141|151|125|140|154|146|125|175|163|168|192|203|470|442|500|405|478|228|204|221|201|987|219|198|256|252|248|264|247|235|237|307|252|217|278|306|301|556|281|285|321|576|297|589|541|276|748|256|501|230|279|267|228|187|200|224|201|196|193|185|137|131|
2016-04-25|7|1_CTs|CT12||28|38|26|30|27|33|22|21|21|16|17|13|17|7|10|10|10|18|10|10|265|5|6|9|4|12|6|13|17|11|33|21|31|16|27|43|43|42|50|56|50|76|83|75|92|108|373|109|339|92|84|108|103|351|95|77|86|78|101|100|99|118|81|97|127|133|113|133|135|130|115|125|128|141|112|117|136|377|402|129|372|124|80|97|72|65|330|88|321|333|53|318|56|55|42|52|
2016-04-25|7|1_CTs|CT13||13|11|14|4|4|4|0|2|5|3|2|0|2|5|4|4|1|3|3|2|1|1|3|1|1|3|5|7|5|6|5|13|8|10|6|9|10|10|9|8|19|22|21|11|34|28|25|17|15|24|25|31|23|18|22|19|31|25|33|22|36|30|36|41|31|33|48|34|38|34|27|43|29|33|33|27|30|30|292|40|38|23|34|26|51|22|25|25|29|25|22|18|281|14|17|20|
2016-04-25|7|1_CTs|CT14||125|111|119|99|59|336|53|59|84|61|46|42|45|43|31|40|45|39|69|48|46|59|75|57|59|72|101|102|83|98|105|114|114|114|135|370|133|125|169|156|183|206|458|175|185|205|501|225|221|240|493|496|202|203|185|454|441|427|217|231|230|248|803|513|269|269|287|542|554|595|355|338|315|587|329|343|293|267|507|266|254|470|201|213|690|187|431|189|431|153|151|154|414|151|157|121|
2016-04-25|7|1_CTs|CT15||26|21|35|18|22|19|22|17|12|17|7|13|14|13|15|7|11|4|7|8|9|1|5|8|4|2|9|6|20|14|12|12|9|15|13|18|19|28|286|30|22|45|25|41|52|32|34|44|38|43|44|44|50|57|48|44|48|51|41|44|51|65|49|53|49|75|51|79|64|76|68|75|63|47|62|63|65|54|61|49|49|68|59|41|32|47|59|55|46|52|41|305|45|34|25|42|
