2016-09-22|3|1_CTs|ct3||78|63|75|51|61|41|22|20|21|27|20|26|10|12|18|28|11|26|13|28|20|16|31|41|299|46|63|127|90|135|189|206|228|217|453|239|220|491|494|233|231|233|226|544|701|240|221|480|250|215|452|474|732|461|219|233|192|215|231|238|454|229|204|443|209|211|194|183|179|409|220|193|163|196|186|184|182|216|207|205|457|235|254|206|440|187|156|140|134|404|124|128|134|101|114|140|
2016-09-22|3|1_CTs|ct5||139|103|93|340|329|313|41|294|41|36|28|21|29|23|19|13|14|17|13|12|16|14|15|16|271|22|31|53|54|83|131|182|194|253|247|531|252|491|502|467|182|194|198|207|201|722|219|227|239|249|255|521|270|228|488|211|221|240|219|218|748|292|266|278|784|322|315|338|319|861|332|609|362|326|538|292|579|324|278|278|289|283|293|221|225|196|197|181|152|434|416|392|170|212|471|206|
2016-09-22|3|1_CTs|ct6||8|8|9|2|1|256|5|1|2|2|3|0|0|0|0|1|1|1|0|1|1|2|5|8|2|6|12|19|27|41|33|53|84|78|82|89|74|62|72|79|83|66|63|67|60|62|51|47|53|51|48|61|55|293|32|53|311|61|63|59|48|49|51|315|301|57|54|48|63|45|49|62|67|60|68|72|68|66|63|309|57|39|36|31|29|27|24|27|21|19|24|17|28|17|11|11|
2016-09-22|3|1_CTs|ct7||118|101|86|81|98|55|50|45|47|41|34|39|34|26|23|24|27|19|24|16|19|23|20|28|42|38|54|59|59|76|95|98|112|387|136|147|161|139|151|146|145|168|164|172|166|198|181|180|177|183|187|452|197|418|171|161|165|177|181|190|193|175|110|101|67|82|63|75|82|319|338|57|45|65|68|70|62|98|132|163|158|173|156|168|161|158|137|159|138|143|146|122|145|180|180|174|
2016-09-22|3|1_CTs|ct8||73|52|42|49|308|31|28|21|23|20|21|18|10|10|19|13|15|8|15|10|13|10|10|13|35|53|35|24|31|60|70|51|80|339|82|107|124|89|103|98|96|108|101|121|111|141|136|141|145|120|143|384|145|98|117|121|109|125|120|152|125|143|150|159|156|150|121|140|391|137|143|125|132|151|136|132|146|163|121|110|116|116|94|116|106|97|93|98|96|90|100|341|94|115|115|116|
2016-09-22|3|1_CTs|ct9||104|133|118|86|82|322|43|38|47|43|41|36|26|24|14|23|23|22|34|27|34|27|30|289|50|44|48|51|96|100|206|208|508|367|388|244|308|804|275|554|311|245|250|251|278|1256|272|913|1213|422|287|274|484|224|206|195|731|312|292|233|454|485|216|209|484|224|234|138|110|147|382|77|120|84|92|169|246|494|151|225|214|209|188|191|151|129|144|114|127|118|80|113|135|128|115|119|
2016-09-22|3|1_CTs|ct10||84|82|84|74|55|50|39|45|43|37|39|29|33|20|24|18|23|19|20|20|20|25|29|29|20|26|25|35|38|57|75|120|154|137|171|155|162|159|143|153|118|120|127|144|114|115|153|122|136|145|153|126|141|122|145|111|129|122|159|148|130|149|136|137|135|147|143|163|156|157|154|154|168|151|140|144|136|148|139|127|125|121|156|147|126|102|107|100|102|103|107|145|92|120|107|103|
2016-09-22|3|1_CTs|ct13||186|156|151|133|128|147|104|84|89|61|316|66|68|70|57|46|90|52|52|55|49|316|340|327|166|86|82|91|113|156|441|212|215|279|257|245|271|246|482|223|232|213|205|222|250|252|502|282|232|218|199|230|265|251|252|272|737|244|212|224|240|285|446|516|440|246|530|259|742|262|309|414|269|283|295|200|243|268|251|491|285|211|269|270|490|252|268|258|266|236|222|220|279|530|536|203|
2016-09-22|3|1_CTs|CT16||120|124|113|89|78|60|48|46|27|58|38|59|72|67|30|42|22|44|14|22|59|24|26|287|20|31|28|51|76|80|132|180|192|199|222|218|215|495|196|217|210|705|245|160|433|997|217|483|216|476|215|233|213|202|205|186|175|165|202|246|469|462|219|216|505|237|512|214|242|786|486|261|253|507|292|322|264|286|268|508|262|225|206|219|410|135|135|140|115|125|110|371|152|153|166|155|
2016-09-22|3|1_CTs|ct22||4|2|3|1|2|2|0|2|1|1|1|0|0|1|0|1|2|1|2|1|3|2|1|2|0|2|6|8|3|5|12|18|278|7|13|12|22|20|23|19|18|10|9|25|21|14|17|24|12|24|17|28|21|19|18|19|19|27|23|29|295|32|18|29|34|19|24|32|43|276|42|51|44|47|26|37|36|546|29|22|25|20|17|20|24|9|9|11|2|4|8|10|6|2|10|24|
2016-09-22|3|1_CTs|CT23||5168|4711|3558|1281|974|378|238|359|520|552|561|656|702|765|587|1512|1095|1296|1296|1210|777|733|745|448|1271|722|704|349|591|1067|1725|3514|4173|867|3092|4052|3572|288|361|113|102|103|413|2738|2930|2123|2631|1762|283|682|470|196|164|146|144|151|177|217|764|1680|1692|3001|2354|2503|2355|2141|2513|2461|2378|2502|1897|2207|2739|2312|1923|2265|2688|2406|1038|2045|1657|290|229|168|243|328|463|217|209|271|556|407|311|364|281|737|
2016-09-22|3|1_CTs|ct24||331|63|51|300|36|32|20|25|14|16|271|14|10|11|14|19|7|11|27|20|21|37|42|56|60|135|473|352|726|609|643|630|635|611|556|853|810|781|818|817|855|828|535|532|498|479|439|410|433|436|512|469|443|685|425|398|1166|495|759|494|942|428|463|719|484|521|753|520|764|523|773|774|512|488|504|750|488|692|409|428|450|388|306|270|231|192|438|167|160|134|420|399|140|142|381|107|
