2014-09-03|3|1_CTs|ct1||40|38|29|25|30|14|12|18|11|7|9|10|5|9|2|3|4|7|2|8|5|7|11|19|12|17|25|32|62|77|93|134|165|195|211|236|199|220|191|195|179|142|184|188|154|177|159|164|140|181|203|192|180|159|159|138|166|177|188|177|197|216|203|183|201|199|180|199|193|186|196|208|208|225|222|200|223|203|192|201|204|204|171|122|128|120|112|97|91|83|79|73|76|58|60|58|
2014-09-03|3|1_CTs|ct3||83|65|64|30|53|26|24|31|31|16|15|15|21|15|13|13|8|16|12|17|16|29|33|33|25|50|46|56|65|94|139|166|166|224|228|272|236|258|269|235|259|234|247|236|238|224|226|244|231|227|229|238|231|206|213|184|226|232|242|228|248|238|260|224|233|238|197|254|244|220|233|203|221|193|189|216|195|212|195|227|213|235|202|194|198|186|187|157|143|130|113|111|116|94|105|101|
2014-09-03|3|1_CTs|ct5||103|103|94|88|39|42|40|54|42|42|33|26|23|19|19|20|9|24|21|17|12|15|18|23|20|18|25|26|55|74|99|133|187|185|202|242|214|215|219|205|188|151|187|200|211|211|210|221|201|235|240|233|227|216|195|191|183|213|227|240|249|253|243|233|289|275|232|263|288|295|322|310|306|326|328|300|290|318|312|247|273|250|205|185|146|151|125|125|154|136|129|147|125|155|149|146|
2014-09-03|3|1_CTs|ct6||5|5|5|9|4|7|4|1|2|2|2|2|0|1|1|0|0|1|0|1|1|1|3|4|2|9|8|16|20|19|38|48|47|49|61|63|71|58|41|54|46|67|58|53|60|61|59|51|62|57|67|57|68|40|34|34|41|52|62|65|48|57|66|72|57|59|55|42|40|47|41|48|54|40|66|57|53|55|46|41|42|42|33|23|31|23|22|27|19|23|26|17|25|14|18|12|
2014-09-03|3|1_CTs|ct7||110|131|115|92|83|85|65|57|63|51|45|38|35|94|35|57|48|145|64|20|22|17|35|97|35|47|31|38|49|53|70|96|114|144|132|146|132|155|145|147|167|161|180|169|172|175|182|176|181|194|180|163|171|187|170|176|155|184|170|199|170|217|200|198|216|189|218|187|87|62|77|97|58|47|66|60|88|74|142|186|173|178|165|154|146|116|155|111|129|160|135|126|139|130|140|144|
2014-09-03|3|1_CTs|ct8||76|64|60|36|40|37|19|34|52|27|22|11|13|22|14|10|15|14|18|10|14|12|22|15|20|26|17|26|28|29|33|50|61|73|68|94|74|99|92|85|87|106|96|109|112|114|107|124|113|132|100|98|105|106|97|97|88|102|105|137|100|134|103|105|131|128|156|142|161|130|151|137|120|115|143|128|142|142|102|88|105|106|99|102|81|48|60|69|65|97|87|73|86|71|80|71|
2014-09-03|3|1_CTs|ct9||91|87|90|82|82|62|51|57|42|49|41|38|31|30|31|26|28|21|26|13|22|23|30|18|28|41|28|36|49|73|112|141|170|213|218|242|234|250|205|209|177|171|171|176|175|181|148|169|161|157|157|156|155|149|150|156|146|165|178|141|168|169|167|162|200|148|172|204|185|145|185|190|219|176|179|194|217|209|181|140|158|138|159|114|114|100|93|98|93|117|68|108|82|70|113|109|
2014-09-03|3|1_CTs|ct10||69|86|81|59|51|45|52|41|42|37|43|28|22|21|27|17|22|17|22|13|22|16|24|22|15|18|26|24|36|42|52|90|90|116|135|154|129|138|142|130|137|114|122|125|124|134|137|113|135|115|120|132|129|128|106|113|121|131|128|132|134|146|141|145|128|140|144|161|151|141|154|143|153|169|145|145|149|119|121|132|132|116|120|125|108|90|90|74|84|88|88|94|93|103|84|82|
2014-09-03|3|1_CTs|ct13||151|174|178|138|108|102|96|96|96|90|98|81|94|47|72|74|64|62|62|88|65|65|127|74|48|106|120|132|101|524|1812|403|585|682|1641|294|475|403|240|686|1280|524|206|361|246|620|244|282|269|253|283|248|283|332|1788|1117|1143|308|234|260|423|1683|252|277|283|372|433|220|222|162|115|0|0|0|124|520|247|271|330|246|329|297|287|259|256|227|211|204|237|234|208|229|196|230|177|215|
2014-09-03|3|1_CTs|ct14||40|45|50|33|33|22|18|8|10|10|11|11|8|6|7|7|8|6|6|7|7|17|11|17|17|36|49|112|147|223|271|269|268|269|265|266|263|260|267|249|264|199|197|234|199|180|194|195|157|167|179|172|167|151|137|150|185|183|194|184|186|162|195|170|161|144|150|194|155|165|212|205|223|228|234|214|135|170|179|122|176|147|153|119|115|89|86|97|85|82|74|78|61|62|73|66|
2014-09-03|3|1_CTs|CT16||86|82|84|73|42|52|54|48|41|47|22|17|36|15|23|19|19|9|16|12|13|19|13|22|19|13|16|32|45|58|68|106|130|122|146|136|190|165|167|172|153|151|154|148|158|145|135|141|129|136|149|143|124|138|138|116|144|128|151|140|153|170|179|176|192|162|172|197|205|193|207|221|197|218|227|211|190|231|190|166|199|163|137|115|101|109|90|111|72|83|71|94|104|70|92|94|
2014-09-03|3|1_CTs|ct18||87|106|112|81|59|55|57|49|54|48|51|32|25|23|32|22|26|21|25|11|24|21|39|29|25|27|37|37|64|90|118|137|179|203|244|232|239|219|237|229|186|184|212|175|179|161|173|177|182|163|162|178|176|195|166|167|183|209|187|193|199|150|189|206|173|166|178|178|174|172|203|176|197|236|201|202|191|188|160|169|194|168|155|146|126|130|115|93|107|114|111|120|121|117|106|104|
2014-09-03|3|1_CTs|ct19||0|0|1|0|0|0|1|1|0|1|0|0|0|0|0|0|0|1|0|0|1|2|2|1|2|6|8|9|3|6|6|6|6|4|3|13|8|8|6|7|6|7|6|6|7|5|6|4|7|8|5|5|4|6|4|7|4|3|7|4|5|5|3|0|3|6|3|5|7|10|6|6|7|3|4|6|4|5|5|6|6|1|5|7|3|4|2|3|1|3|1|1|0|1|0|0|
2014-09-03|3|1_CTs|ct22||7|2|0|2|1|0|1|1|1|0|0|0|1|0|0|0|1|1|1|1|3|2|4|0|2|2|1|1|6|9|6|12|15|11|20|21|16|23|17|19|20|19|17|24|21|20|19|21|20|27|27|29|17|16|22|21|16|27|25|16|15|18|26|25|20|29|28|35|38|38|31|49|59|56|54|35|33|40|29|36|28|12|17|18|19|21|9|7|8|6|3|7|8|3|8|30|
2014-09-03|3|1_CTs|CT23||39|33|30|21|19|13|13|15|8|10|3|7|7|7|5|3|3|3|4|2|2|3|6|5|9|8|7|12|27|37|55|77|78|94|106|108|109|92|92|88|74|57|80|81|81|83|78|78|302|585|409|252|255|234|266|489|571|600|520|412|333|312|175|84|102|109|93|111|120|124|132|145|159|165|162|161|144|140|143|126|146|111|119|91|68|66|72|66|71|60|47|43|48|51|41|55|
2014-09-03|3|1_CTs|ct24||185|221|161|105|106|93|74|42|45|46|33|38|42|29|30|30|28|36|29|33|47|67|76|99|111|174|263|427|585|839|992|899|929|901|931|883|841|911|888|890|876|865|918|850|823|777|780|779|695|708|757|804|750|724|741|708|704|804|838|808|782|783|788|737|713|662|663|797|626|790|817|837|839|903|851|932|920|886|819|783|661|650|578|592|496|452|402|384|316|342|305|337|271|292|274|254|
