2011-07-24|22|1_CTs|CT1||27|17|12|13|16|14|11|7|7|10|8|4|6|7|7|8|5|12|6|5|9|7|9|16|19|22|19|22|13|29|29|24|16|22|27|21|30|21|34|34|38|49|44|37|49|35|44|42|47|35|44|42|40|40|34|33|31|31|32|42|33|32|44|38|55|52|55|53|53|46|54|58|53|46|57|70|65|52|50|56|40|65|44|38|35|38|33|30|47|39|38|25|28|21|23|31|
2011-07-24|22|1_CTs|CT2||18|8|12|5|13|3|9|5|5|5|2|4|5|6|8|3|3|5|1|2|5|3|5|6|9|16|14|13|13|22|13|12|18|19|14|16|19|17|15|21|24|22|22|25|22|22|14|18|26|26|21|24|19|19|27|29|21|22|25|31|29|30|19|30|32|31|30|23|30|22|28|33|24|31|25|19|24|25|31|26|19|25|31|15|18|25|17|18|21|16|12|16|19|16|9|13|
2011-07-24|22|1_CTs|CT3||60|58|38|35|44|17|26|30|26|17|14|14|21|23|22|13|19|15|14|15|12|15|15|19|23|27|31|34|28|47|44|45|41|57|45|53|52|60|64|59|74|86|71|85|88|94|70|95|107|99|110|101|101|65|101|100|86|81|93|104|110|86|113|147|111|109|115|104|104|88|117|118|113|105|105|113|102|103|120|107|95|94|100|94|86|106|77|78|81|80|58|74|66|62|81|57|
2011-07-24|22|1_CTs|CT4||48|30|25|28|21|22|14|15|17|13|15|11|9|19|15|10|13|8|9|10|12|8|7|16|19|14|20|16|17|21|26|31|34|30|33|40|28|37|53|52|66|58|59|59|57|71|69|84|79|76|61|77|107|71|70|69|51|56|62|72|62|77|77|72|80|76|88|66|80|91|88|103|94|75|81|91|94|108|117|92|102|132|107|58|62|63|62|53|50|47|47|52|34|61|36|31|
2011-07-24|22|1_CTs|CT5||41|32|24|20|27|25|18|9|19|17|10|14|3|13|14|9|13|8|8|15|9|10|13|17|22|26|25|23|11|23|35|42|30|29|49|45|36|46|52|50|62|83|63|67|61|80|71|79|85|90|81|75|85|74|64|76|65|65|70|74|76|64|89|84|82|70|98|91|100|81|104|105|86|78|87|91|90|96|101|102|113|103|76|66|75|68|74|68|60|39|56|52|45|46|37|40|
2011-07-24|22|1_CTs|CT6||39|32|19|14|17|13|6|10|12|17|8|1|7|7|10|3|7|3|7|9|8|11|11|10|14|17|18|20|8|22|15|33|19|13|36|30|20|35|37|39|39|46|36|51|33|47|51|53|54|62|66|65|58|48|51|64|47|47|50|47|42|57|61|61|60|63|49|63|56|60|71|60|47|52|52|55|56|52|59|88|58|68|51|51|50|44|57|47|41|29|35|31|26|34|19|26|
2011-07-24|22|1_CTs|CT7||9|4|7|2|0|7|2|3|4|4|1|3|3|0|1|1|1|2|1|1|0|3|0|2|6|5|4|3|2|5|6|14|3|7|9|5|3|7|7|7|7|18|15|12|9|6|13|25|6|10|10|9|13|12|9|6|11|6|8|7|11|9|12|8|18|11|11|11|14|13|16|15|18|15|19|19|21|12|12|21|11|18|13|8|10|14|16|14|13|12|13|11|10|13|5|12|
2011-07-24|22|1_CTs|CT8||7|10|1|6|6|3|2|3|3|0|2|2|2|1|2|3|4|3|3|2|0|3|6|3|3|8|0|4|3|2|4|5|2|3|6|4|8|5|13|1|6|10|9|14|10|11|9|15|8|11|16|15|12|7|8|10|16|11|11|15|6|10|14|14|13|13|15|21|18|7|10|16|16|14|13|9|17|12|13|17|8|8|13|16|15|13|18|9|13|7|12|14|7|11|7|7|
2011-07-24|22|1_CTs|CT9||39|30|24|27|23|18|20|13|11|19|12|9|10|12|6|7|7|10|9|11|9|10|7|12|18|15|25|27|18|33|42|42|26|29|46|36|35|55|59|56|64|76|80|74|85|66|66|68|81|76|81|83|74|66|77|73|67|69|77|88|98|76|78|92|72|66|95|83|78|63|72|101|86|88|102|93|100|90|95|98|100|97|68|87|79|76|71|59|71|56|53|50|39|50|48|52|
2011-07-24|22|1_CTs|CT10||2|1|0|2|0|1|1|1|1|1|0|3|0|0|0|1|0|1|0|0|2|0|0|0|5|1|2|2|3|2|1|1|0|3|2|2|2|1|1|4|0|3|5|2|0|3|3|2|4|2|4|1|1|5|3|4|2|1|3|4|2|2|2|3|1|1|1|0|4|4|10|1|2|2|10|4|3|1|4|2|0|1|2|1|3|1|3|3|3|1|5|1|1|0|5|1|
