2016-02-18|7|1_CTs|CT1||30|31|29|24|19|21|19|15|14|16|12|6|11|15|4|7|6|8|4|10|8|18|13|21|21|280|21|36|42|300|84|125|169|166|177|178|176|189|164|389|165|126|146|111|885|119|115|97|110|108|98|110|116|115|106|110|356|107|109|635|129|385|134|135|120|102|107|141|131|142|141|141|380|148|160|141|141|391|124|122|116|105|338|60|68|316|57|47|58|73|82|53|57|309|54|32|
2016-02-18|7|1_CTs|CT2||48|54|38|294|31|20|14|20|12|22|14|22|14|6|10|4|8|14|10|16|16|20|25|22|27|25|50|48|41|107|169|640|266|111|205|309|292|538|165|448|447|371|378|24|167|67|81|18|62|34|30|43|33|116|68|46|22|91|71|83|193|466|149|440|94|8|10|6|14|231|135|237|291|256|270|460|246|248|211|141|408|139|106|126|110|116|78|67|85|80|354|321|77|82|76|302|
2016-02-18|7|1_CTs|CT4||33|35|17|30|25|14|13|11|13|9|9|6|8|5|9|4|7|2|2|5|4|4|5|261|2|0|3|1|8|7|14|10|49|41|30|33|46|42|42|33|44|45|38|45|30|36|53|46|78|37|65|60|29|47|45|53|72|561|42|50|43|34|66|85|92|314|82|45|353|98|89|117|131|343|92|79|77|47|337|55|52|66|46|44|44|32|36|36|28|49|50|31|297|47|52|53|
2016-02-18|7|1_CTs|CT6||35|41|30|19|22|19|9|8|7|10|10|10|5|1|2|8|3|10|4|5|6|2|4|7|6|7|12|23|34|28|40|85|184|410|153|208|343|125|359|102|84|86|106|81|91|90|338|386|105|101|99|369|363|93|110|114|375|115|119|387|124|145|116|397|143|182|160|175|200|214|216|219|191|447|434|451|187|164|155|142|361|117|80|98|85|61|55|309|59|51|54|44|323|39|43|302|
2016-02-18|7|1_CTs|CT7||30|34|279|20|21|13|16|12|14|3|12|2|11|5|1|6|9|2|5|1|5|2|10|12|18|22|13|40|41|44|66|90|123|372|130|159|319|105|110|122|91|376|101|102|106|102|115|99|103|115|116|104|115|79|364|97|119|117|102|115|116|358|371|114|117|140|157|131|389|154|424|187|191|664|190|180|169|411|123|146|110|101|79|88|60|75|47|43|66|53|45|37|46|37|27|31|
2016-02-18|7|1_CTs|CT8||101|77|64|50|29|33|26|24|13|20|18|291|17|24|19|16|16|33|34|45|59|76|67|91|85|95|149|399|185|342|319|402|444|499|466|489|482|448|967|660|353|329|367|335|567|315|545|294|329|277|322|307|281|322|292|546|305|888|592|352|345|596|346|362|333|313|368|375|650|611|415|364|388|402|411|415|375|326|348|297|304|291|446|231|193|179|406|154|404|444|186|142|151|149|148|115|
2016-02-18|7|1_CTs|CT12||305|53|35|30|31|17|267|11|17|11|8|13|9|6|3|10|4|5|5|7|5|8|3|9|16|12|20|36|46|44|79|631|238|230|487|250|216|204|452|163|161|164|170|124|674|140|152|432|197|190|192|458|459|174|160|437|168|186|168|428|197|190|212|210|226|256|259|265|532|554|307|305|303|306|278|301|287|541|293|261|462|177|148|113|136|111|96|89|87|327|92|72|74|55|65|49|
2016-02-18|7|1_CTs|CT13||18|13|3|5|2|2|8|2|3|1|3|2|2|1|0|2|0|1|2|1|1|1|2|5|2|4|4|23|10|22|41|531|52|61|56|47|45|49|59|63|46|39|45|43|39|35|56|48|44|40|43|49|42|45|47|45|300|41|563|301|43|45|304|63|41|63|75|55|60|319|66|88|87|83|334|90|88|70|65|57|62|57|40|52|297|26|20|24|277|17|33|27|22|273|14|277|
2016-02-18|7|1_CTs|CT14||149|134|95|84|71|66|303|46|293|55|41|282|24|51|18|281|14|27|320|293|63|51|75|91|84|64|83|124|172|163|241|551|370|423|471|449|391|394|684|330|605|604|347|320|567|284|605|333|359|384|357|356|642|603|326|616|358|846|363|360|629|625|397|383|460|487|468|782|1031|579|586|627|620|620|631|585|599|804|744|454|396|361|259|257|735|199|184|437|469|448|452|175|168|178|157|158|
2016-02-18|7|1_CTs|CT15||8|29|15|11|19|17|4|11|10|8|13|10|3|3|6|6|0|10|6|6|3|6|4|11|6|12|12|15|28|27|47|83|187|260|181|170|161|391|95|64|67|53|60|35|54|41|59|67|68|66|53|68|75|90|94|104|93|322|82|57|91|114|84|121|147|191|151|143|199|239|230|187|139|163|153|387|99|95|344|79|85|66|61|51|44|28|36|33|37|51|47|46|48|30|22|41|
