2013-12-15|2|1_CTs|ct1||136|130|127|135|117|97|103|80|64|59|63|47|32|33|35|32|31|29|25|25|28|20|18|24|30|26|35|41|36|27|48|53|45|76|12|6|1|1|2|8|5|7|0|2|1|7|1|0|1|8|1|137|165|189|145|118|139|157|188|157|160|160|137|148|114|122|141|160|154|145|145|138|156|134|117|84|84|126|141|142|146|137|151|149|125|128|127|117|100|101|84|68|58|69|51|39|
2013-12-15|2|1_CTs|ct2||68|51|84|96|56|50|54|45|42|37|42|33|28|25|27|24|31|20|25|17|26|25|12|18|17|21|23|22|16|10|22|28|17|27|8|4|3|3|3|2|4|1|1|1|2|3|2|2|0|4|1|55|66|66|83|115|83|53|75|65|93|82|102|94|81|113|88|67|65|59|71|76|60|62|88|69|61|36|49|123|50|39|73|57|37|37|40|41|30|25|23|32|23|31|28|31|
2013-12-15|2|1_CTs|ct3||204|184|202|216|181|129|149|120|80|70|88|76|48|65|59|41|48|53|48|39|44|32|28|32|27|35|33|33|29|25|37|40|31|43|11|1|4|1|1|11|0|0|1|1|3|2|0|2|3|1|5|57|115|129|101|128|116|158|139|186|192|169|173|193|193|210|178|158|171|156|175|166|174|169|133|149|171|155|157|180|181|163|174|168|164|121|131|146|115|100|96|91|72|82|64|62|
2013-12-15|2|1_CTs|ct4||108|131|101|105|109|85|86|66|57|61|45|49|52|43|58|53|52|46|46|48|33|33|34|23|25|34|42|44|30|26|25|20|24|27|29|36|61|43|43|50|45|53|58|77|72|83|75|91|36|57|61|69|81|81|87|74|93|95|98|122|98|98|118|104|107|108|100|106|116|108|149|121|138|136|168|128|135|126|155|158|113|92|148|106|89|92|131|97|72|88|119|80|85|58|52|59|
2013-12-15|2|1_CTs|ct5||191|198|171|163|145|138|128|104|90|87|63|73|72|65|71|54|73|63|70|56|35|43|47|39|38|45|48|51|35|34|34|34|39|41|42|77|90|88|103|119|78|101|92|127|129|123|127|131|126|110|135|114|152|134|126|111|166|173|167|183|175|159|201|191|176|172|181|148|149|172|203|196|199|207|259|223|196|199|233|230|216|140|216|170|143|133|189|136|112|124|173|127|125|90|72|81|
2013-12-15|2|1_CTs|ct6||38|40|31|43|40|35|29|29|25|26|24|20|28|16|24|20|26|23|26|24|16|14|12|7|14|13|13|18|15|14|9|11|6|11|4|2|0|1|3|2|3|1|1|150|439|239|3|3|1|4|5|65|93|87|88|108|105|99|100|107|108|130|160|142|154|225|184|268|514|376|428|451|350|120|38|41|40|29|26|34|34|30|25|35|25|22|28|26|16|29|21|21|22|11|23|15|
2013-12-15|2|1_CTs|ct17||250|223|247|239|198|179|157|163|109|95|116|99|61|73|80|61|73|60|49|58|50|45|39|47|28|49|43|54|36|36|46|34|38|48|42|73|83|86|79|110|102|104|113|138|123|121|139|151|141|127|145|84|122|138|128|138|146|170|161|167|193|194|180|176|185|212|195|190|199|206|188|211|176|178|168|186|202|180|188|188|212|183|228|195|193|142|161|155|126|129|121|103|95|96|73|73|
2013-12-15|2|1_CTs|CT19||104|123|92|110|103|59|62|64|41|48|37|29|34|42|28|21|17|22|18|14|12|7|8|9|10|8|15|11|12|9|18|10|10|14|16|27|32|29|23|40|30|27|43|50|43|41|63|54|52|45|44|54|68|65|66|88|82|69|72|90|95|93|95|83|82|87|103|105|109|110|98|127|117|101|129|123|128|110|136|87|106|135|137|97|99|92|114|81|86|70|75|62|47|44|32|25|
2013-12-15|2|1_CTs|CT20||75|58|72|39|55|49|67|52|74|70|50|51|44|49|52|44|45|30|22|39|20|19|36|19|19|16|13|14|14|15|19|7|16|15|25|20|36|26|38|35|33|49|52|56|49|52|59|66|73|81|74|68|64|51|59|52|68|50|62|68|60|61|56|76|69|76|82|74|70|71|98|67|91|99|74|90|87|84|61|90|71|67|86|65|42|47|49|55|43|45|40|44|38|40|35|35|
2013-12-15|2|1_CTs|CT21||40|33|49|19|26|20|31|18|28|32|25|28|17|13|24|21|19|13|6|14|9|13|16|14|7|8|4|10|5|5|6|3|4|12|14|7|17|14|20|11|14|24|30|32|30|23|34|31|39|41|31|52|40|29|37|26|41|27|41|37|37|36|32|57|42|37|43|43|37|51|50|43|46|30|41|32|38|39|24|40|31|30|44|26|28|26|26|22|14|17|20|20|18|15|16|21|
