2017-09-23|3|1_CTs|ct1||589|65|46|53|39|48|25|31|28|19|19|20|13|17|12|12|11|9|15|13|14|9|8|5|23|14|16|33|26|29|563|59|58|53|55|328|92|99|82|85|92|110|615|111|107|604|114|137|113|126|128|130|127|127|116|118|358|119|116|393|124|900|645|132|110|135|134|125|98|95|110|127|362|114|379|106|113|113|138|373|117|119|113|105|100|85|324|574|304|65|63|52|64|66|60|313|
2017-09-23|3|1_CTs|ct3||306|557|273|239|473|443|153|161|155|394|116|147|122|628|88|336|80|97|89|338|341|75|87|69|122|90|97|194|159|120|203|479|467|205|274|519|311|336|318|374|333|401|624|399|673|391|408|460|437|477|496|458|470|482|444|410|922|665|381|407|424|475|441|958|928|427|441|437|883|415|661|454|905|691|683|647|656|697|691|429|444|432|981|839|362|348|524|803|272|298|561|255|561|327|318|806|
2017-09-23|3|1_CTs|ct5||444|150|425|122|124|118|96|619|371|95|312|61|58|316|58|56|299|36|43|47|27|30|25|21|36|35|29|44|54|37|65|73|327|92|124|140|416|898|176|440|171|199|218|193|199|205|473|228|488|237|466|497|243|517|519|211|202|208|204|1001|238|441|259|222|480|514|262|264|253|498|250|257|504|272|510|246|262|264|246|253|702|226|190|188|414|373|129|117|121|382|399|399|155|171|440|424|
2017-09-23|3|1_CTs|ct6||272|266|12|10|7|3|7|6|4|3|2|5|3|3|2|1|3|2|5|4|3|1|2|2|7|6|12|3|12|9|13|13|270|8|26|20|18|260|285|27|21|25|278|32|34|32|31|30|301|36|41|35|39|290|40|35|41|21|30|21|34|35|35|26|295|33|27|44|42|288|35|37|35|34|33|44|42|36|36|34|28|29|29|34|23|23|27|18|24|19|16|22|18|24|15|13|
2017-09-23|3|1_CTs|ct7||142|112|120|364|106|93|360|329|343|87|79|64|65|63|64|55|41|43|55|43|33|37|40|35|37|51|39|45|41|542|47|47|63|52|81|79|93|120|622|119|102|111|121|360|127|121|138|151|144|147|146|135|410|421|141|127|132|150|119|406|136|397|151|152|443|142|156|159|177|176|171|163|924|164|426|180|164|430|161|658|145|135|129|377|135|133|134|339|114|121|370|140|153|371|125|398|
2017-09-23|3|1_CTs|ct8||88|64|85|64|65|51|65|293|47|41|40|27|31|27|27|20|18|20|34|11|20|20|17|17|18|20|530|19|21|26|34|28|35|32|63|52|70|73|328|79|78|73|80|322|94|87|618|100|118|96|93|101|103|109|84|83|107|105|79|103|89|92|98|99|135|102|109|107|115|111|120|123|390|120|380|377|108|384|112|618|97|72|75|331|105|91|84|306|82|84|335|82|93|88|80|355|
2017-09-23|3|1_CTs|ct9||126|132|390|93|135|369|116|138|175|115|80|75|337|80|88|80|55|60|72|392|57|60|43|46|49|49|44|48|72|110|332|88|84|136|390|731|576|527|1390|705|1408|2409|2151|1235|1707|395|3164|3106|3048|1023|1150|1415|851|2298|1258|1163|1988|2243|365|600|212|265|2065|258|1121|576|483|295|869|1113|2687|1291|726|180|219|248|210|389|454|1068|672|173|167|246|815|803|790|106|396|124|363|146|138|134|130|131|
2017-09-23|3|1_CTs|ct10||121|121|112|111|131|113|102|110|139|105|116|105|90|92|115|86|95|97|84|99|78|62|79|53|45|66|41|62|38|51|44|39|48|45|64|73|75|76|84|107|85|98|81|115|136|129|140|118|119|126|139|148|107|148|132|103|129|103|103|112|117|136|120|135|137|140|118|115|149|135|156|166|140|144|145|137|153|133|139|129|142|138|122|142|118|100|126|99|88|106|98|85|122|118|100|88|
2017-09-23|3|1_CTs|ct13||239|521|220|208|228|208|192|197|237|190|431|153|162|152|186|192|170|173|161|170|137|106|130|359|120|82|100|126|136|390|128|119|161|144|203|323|350|442|468|205|192|237|207|515|496|224|530|504|251|236|249|281|244|263|289|218|247|234|199|234|513|214|494|229|513|527|225|142|0|0|0|0|0|0|0|0|0|0|0|0|0|0|0|21|776|487|901|2142|374|217|2597|482|490|276|298|476|
2017-09-23|3|1_CTs|CT16||101|107|366|623|134|118|102|127|109|99|81|60|588|347|64|74|57|62|55|62|57|62|50|40|62|62|42|55|41|41|44|59|61|65|83|108|367|119|118|131|125|102|413|165|127|403|432|408|131|147|178|154|158|420|132|140|120|125|127|142|166|152|121|151|419|164|160|141|693|156|402|151|180|183|171|399|157|201|182|180|171|180|142|156|141|147|371|119|343|72|107|119|124|361|388|130|
2017-09-23|3|1_CTs|ct22||9|2|9|3|9|1|2|4|1|3|2|1|1|2|2|0|3|3|4|0|3|3|4|1|1|4|2|2|5|7|5|8|1|8|5|9|6|6|15|13|16|19|7|19|13|17|7|24|23|15|10|22|18|13|13|8|16|18|8|8|15|17|12|10|18|12|15|15|16|18|17|10|8|9|6|11|21|8|13|259|9|266|8|13|23|256|12|14|9|12|7|265|10|6|12|276|
2017-09-23|3|1_CTs|ct24||131|356|133|117|72|67|49|43|44|42|34|33|287|259|31|284|284|23|25|31|27|293|277|47|56|69|112|367|120|439|255|250|714|508|573|885|357|612|693|441|1117|335|1134|653|616|345|894|634|665|430|371|328|413|392|646|392|832|617|367|663|391|934|689|413|394|366|419|684|643|720|442|660|966|467|710|662|632|410|916|530|684|693|1098|647|557|476|689|159|409|174|457|396|439|190|192|193|
