2015-07-18|2|1_CTs|ct1||117|116|111|77|97|333|68|51|51|307|41|42|34|40|29|30|24|22|28|24|25|27|33|30|32|36|57|58|60|71|83|82|76|355|107|142|121|385|169|173|169|154|164|177|186|178|426|524|342|202|446|447|179|166|182|659|433|150|400|168|162|182|163|187|410|436|684|183|178|159|182|196|426|451|186|186|176|439|181|209|440|216|201|197|179|188|161|83|359|85|79|71|125|138|114|113|
2015-07-18|2|1_CTs|ct2||77|71|54|58|65|67|57|36|49|544|44|35|34|26|23|25|17|25|276|16|24|16|18|18|19|23|31|26|24|21|27|28|31|46|47|47|299|311|74|67|75|60|74|80|595|80|338|340|75|76|88|77|75|59|65|332|86|69|70|340|70|75|75|78|332|331|840|77|70|72|328|81|368|343|66|81|87|343|336|103|89|112|107|116|362|111|129|130|116|116|116|105|110|93|84|114|
2015-07-18|2|1_CTs|ct3||135|140|114|114|122|110|109|74|75|76|77|57|59|53|44|46|37|34|42|39|44|48|44|45|308|43|58|61|309|56|74|89|63|98|99|123|130|120|411|422|180|409|154|449|711|194|447|188|202|196|177|467|182|437|174|180|171|398|418|414|409|189|186|177|181|180|451|418|175|142|187|188|182|462|211|450|206|179|221|198|191|230|211|203|216|206|55|35|310|42|43|44|32|56|52|59|
2015-07-18|2|1_CTs|ct4||84|103|343|72|83|99|71|62|63|58|42|51|32|308|63|38|39|45|35|32|29|32|33|34|289|37|35|304|38|52|26|45|38|51|54|67|57|67|79|371|96|360|97|102|100|349|126|123|366|113|119|133|105|104|98|102|91|88|360|108|357|124|106|99|112|376|369|351|100|114|362|96|96|111|107|117|387|105|112|109|91|96|130|101|342|160|258|49|48|54|41|314|60|57|85|74|
2015-07-18|2|1_CTs|ct5||142|153|145|123|136|141|106|359|349|86|71|66|45|65|73|55|56|59|48|55|39|50|40|43|36|296|43|55|48|52|166|199|61|85|91|120|349|107|120|150|157|165|425|191|438|430|217|209|182|202|202|206|707|169|151|208|419|154|168|416|157|188|168|698|443|180|722|438|419|166|186|174|451|227|221|217|219|192|192|165|175|157|325|293|162|221|321|399|154|146|141|130|168|151|205|182|
2015-07-18|2|1_CTs|ct6||58|50|37|70|49|557|35|29|32|33|21|22|20|22|28|23|26|23|18|20|265|14|17|11|17|13|12|16|14|19|13|17|18|19|24|27|24|21|21|293|39|36|30|296|40|39|43|46|37|38|43|305|48|46|37|49|45|42|307|298|55|43|37|46|310|50|306|562|50|42|46|296|49|312|59|51|62|58|58|55|39|46|68|54|61|57|64|56|51|66|68|62|71|68|359|98|
2015-07-18|2|1_CTs|ct17||168|167|412|160|150|135|135|94|351|88|107|72|74|72|329|60|45|66|53|57|60|323|47|61|63|56|69|337|71|80|85|108|348|370|117|133|136|152|180|175|221|208|193|191|467|221|222|334|413|733|205|236|487|218|213|215|475|178|454|453|195|460|228|474|226|222|225|487|224|204|205|235|478|244|236|512|496|204|249|233|239|248|266|240|255|234|83|61|95|38|53|43|43|29|24|60|
2015-07-18|2|1_CTs|CT19||70|324|319|44|302|297|42|45|28|31|30|23|16|22|22|13|8|11|18|11|13|16|14|261|11|15|26|21|26|23|23|45|36|42|307|60|320|55|96|93|87|73|359|88|109|84|94|351|104|355|106|101|100|82|88|337|72|82|332|334|332|361|87|79|93|336|360|89|101|97|86|96|350|89|357|103|125|105|88|98|101|118|118|103|351|366|61|56|53|555|40|34|54|41|63|62|
2015-07-18|2|1_CTs|CT20||84|61|80|56|61|76|300|306|38|38|54|300|301|49|53|25|30|31|29|274|12|15|19|15|12|19|25|284|27|25|29|37|34|33|30|37|53|52|51|72|68|324|77|66|56|63|47|322|62|83|335|328|315|63|71|323|55|68|70|313|69|335|62|81|72|65|67|581|62|335|75|78|77|581|80|78|81|71|66|84|325|81|74|88|85|340|83|83|95|334|90|86|107|344|93|89|
2015-07-18|2|1_CTs|CT21||294|36|37|41|37|37|24|23|15|16|26|13|275|21|281|12|14|8|13|10|6|6|9|249|8|12|11|17|10|16|15|23|15|18|19|23|30|295|32|306|558|46|63|53|32|299|563|290|43|56|57|292|38|44|49|47|30|301|49|50|63|57|57|302|58|43|48|311|47|59|53|47|58|55|51|58|43|297|42|51|58|304|297|55|51|48|41|74|302|50|308|52|70|42|47|56|
