2017-04-13|3|1_CTs|ct1||199|38|43|20|12|16|6|10|6|4|8|4|3|6|1|1|4|1|5|2|6|7|4|7|12|275|18|44|44|67|115|152|175|188|194|189|195|407|147|150|395|393|394|147|636|151|372|168|121|670|409|146|157|171|439|183|153|179|164|160|143|162|155|152|152|155|128|422|158|176|179|134|153|394|152|111|146|128|133|138|376|106|108|124|104|79|85|75|60|55|55|61|58|63|72|63|
2017-04-13|3|1_CTs|ct3||71|96|344|60|37|47|24|38|18|280|22|15|20|23|25|13|18|12|25|279|18|28|34|26|52|304|321|106|85|151|470|226|472|255|232|208|419|170|203|193|170|439|185|186|194|195|462|698|177|278|170|215|136|193|226|253|239|220|771|705|749|476|474|214|225|245|180|230|775|216|218|456|473|218|215|200|224|223|200|444|487|187|751|219|209|198|184|170|392|150|123|138|392|135|136|149|
2017-04-13|3|1_CTs|ct5||201|206|130|103|83|60|61|49|42|36|32|295|25|19|20|19|21|13|21|18|15|13|22|273|25|20|292|45|69|74|130|159|448|228|248|277|253|257|260|494|520|207|245|209|473|236|478|245|248|291|797|311|276|328|332|327|501|267|502|542|526|491|511|284|811|274|552|541|298|298|571|280|300|536|288|260|506|266|229|210|237|217|191|215|191|438|165|445|148|663|430|162|177|192|482|188|
2017-04-13|3|1_CTs|ct6||15|9|9|6|4|2|4|2|3|3|2|2|0|1|0|2|2|1|1|2|3|3|3|8|9|6|14|33|30|47|36|46|298|63|67|586|64|61|71|68|56|319|54|49|54|56|59|313|62|63|76|54|67|50|282|56|61|54|46|61|59|65|48|47|51|45|51|46|51|49|47|42|55|62|56|57|55|45|43|299|48|36|36|30|26|28|21|26|32|16|25|20|20|16|15|23|
2017-04-13|3|1_CTs|ct7||0|0|0|0|0|0|0|342|62|63|34|45|36|38|47|32|28|15|20|31|27|30|285|30|42|38|41|58|65|76|92|77|112|150|148|153|153|141|139|421|149|398|172|176|193|169|436|190|184|158|113|370|277|35|80|66|149|396|185|150|175|114|60|49|319|25|44|78|66|306|51|100|128|99|165|153|695|166|169|146|133|151|142|167|145|154|138|147|148|125|141|141|144|178|164|409|
2017-04-13|3|1_CTs|ct8||106|79|52|51|48|35|26|30|28|25|18|25|19|23|13|19|9|4|14|14|12|14|18|20|20|18|17|21|38|45|53|44|70|79|86|86|360|102|103|615|106|99|127|121|403|130|384|146|134|141|129|140|138|150|133|384|120|112|144|353|356|410|131|116|130|154|385|361|155|608|125|124|139|135|125|870|632|137|133|101|357|104|106|122|367|91|91|94|108|87|89|93|353|131|120|360|
2017-04-13|3|1_CTs|ct9||96|99|73|68|81|64|52|49|43|47|306|57|34|103|222|39|44|30|34|30|39|29|27|33|39|38|41|141|73|100|431|226|194|224|590|328|850|274|259|211|589|304|1155|138|703|808|350|547|1445|2175|1963|1259|902|141|254|448|314|286|1109|885|786|630|1507|932|302|781|244|521|838|1014|641|1140|657|752|661|379|959|1468|247|190|183|625|205|481|403|164|134|374|245|201|163|323|142|139|888|93|
2017-04-13|3|1_CTs|ct10||99|87|101|62|66|57|48|58|62|51|34|34|28|38|22|26|26|31|27|18|29|25|17|25|28|24|37|28|34|49|76|105|117|113|149|148|155|148|152|126|138|163|129|136|136|143|125|159|146|125|148|162|126|158|153|144|155|171|149|143|147|145|147|175|157|151|155|155|164|170|153|165|166|179|148|162|139|137|116|118|121|128|111|119|115|103|120|112|82|121|96|91|95|92|112|103|
2017-04-13|3|1_CTs|ct13||212|230|437|146|128|98|119|106|128|86|82|84|70|82|56|70|75|320|70|68|80|67|76|87|80|84|344|128|102|395|210|405|222|230|523|236|268|258|244|232|576|262|238|260|237|281|229|234|212|234|260|234|264|277|505|304|254|290|232|498|244|250|522|311|544|219|227|258|518|502|500|250|256|247|293|259|200|245|239|216|258|271|257|270|265|248|244|241|244|258|208|236|208|516|499|258|
2017-04-13|3|1_CTs|CT16||619|125|95|76|93|76|76|60|64|42|41|37|44|23|40|48|41|39|22|292|48|28|28|23|38|24|315|58|72|90|104|122|397|129|448|162|443|163|185|170|167|191|193|174|209|173|173|207|211|229|241|495|456|242|216|228|172|209|220|211|225|471|222|234|458|193|457|227|201|179|479|204|225|229|233|452|216|202|202|213|184|198|442|168|147|148|129|90|361|392|101|94|406|151|900|120|
2017-04-13|3|1_CTs|ct22||9|4|9|4|6|4|3|4|1|5|2|1|3|1|1|0|0|0|1|3|1|1|3|3|1|5|3|3|3|10|12|9|18|18|15|17|24|15|25|23|25|28|15|20|32|32|27|30|23|30|38|42|36|28|28|21|23|20|19|286|26|40|28|34|25|20|29|25|31|39|41|14|23|19|281|13|24|17|10|13|17|7|16|8|18|8|10|10|6|9|10|15|5|267|17|10|
2017-04-13|3|1_CTs|CT23||1542|1914|3376|3747|2648|1022|86|90|367|190|572|186|430|229|401|155|197|396|118|212|218|429|264|223|371|60|328|313|1116|1033|1039|1375|1760|859|167|562|667|937|154|136|119|128|129|151|122|152|146|147|137|217|478|465|250|293|765|202|206|212|190|190|210|478|460|462|215|250|214|238|245|511|258|482|224|528|235|227|468|199|191|195|145|1220|2587|2523|2268|2347|2257|2368|2433|1666|2518|1616|1116|979|2443|2161|
2017-04-13|3|1_CTs|ct24||875|71|47|46|44|40|37|23|24|41|19|21|270|45|22|14|9|14|27|16|30|43|298|57|86|374|224|361|445|610|877|1126|576|533|541|791|814|572|556|553|537|568|540|550|544|529|742|777|554|542|520|778|769|528|814|539|732|501|496|462|466|979|984|433|614|468|470|724|443|410|436|468|715|664|485|745|411|414|376|624|598|336|838|337|503|215|192|201|149|421|162|145|148|405|375|119|
