2016-06-04|3|1_CTs|ct1||0|0|1|0|0|0|0|0|0|0|0|0|0|0|0|0|0|0|0|0|0|0|0|0|0|0|0|0|0|0|0|0|0|0|0|0|0|0|0|0|1|1|0|0|0|0|1|2|0|0|0|0|1|0|0|1|1|0|0|0|1|0|0|0|1|0|0|1|0|0|0|0|1|6|3|3|3|1|0|1|2|0|0|0|0|1|1|2|1|0|0|1|0|0|0|0|
2016-06-04|3|1_CTs|ct3||140|138|144|119|351|351|83|78|68|67|58|68|48|44|53|48|30|47|44|30|37|35|27|36|40|54|71|86|55|83|94|110|377|131|400|146|656|184|177|483|446|416|481|226|191|195|716|202|199|210|186|204|205|181|213|714|199|182|196|196|187|465|171|179|718|474|482|210|202|451|136|167|126|181|463|507|221|213|487|211|218|240|223|747|458|704|458|188|189|152|155|157|419|160|166|155|
2016-06-04|3|1_CTs|ct5||177|218|210|195|404|135|406|116|121|341|84|65|63|67|331|61|36|298|263|39|29|24|25|26|28|21|34|36|51|50|77|83|65|94|379|134|629|135|432|164|173|182|433|709|457|410|190|425|235|217|240|739|227|257|260|451|710|192|197|198|201|434|224|229|488|485|239|244|496|233|250|717|493|192|225|238|239|227|240|259|428|195|200|150|151|399|404|116|158|174|459|459|167|427|177|698|
2016-06-04|3|1_CTs|ct6||18|33|10|7|11|8|8|3|7|7|4|3|3|3|7|2|0|4|226|1|4|8|4|4|5|4|7|8|14|8|14|15|14|17|18|25|25|34|21|24|20|23|20|533|29|30|31|41|25|29|35|36|30|37|35|278|29|30|32|43|24|40|23|47|41|43|44|37|39|48|35|41|35|38|36|28|34|46|35|36|40|25|37|28|23|21|30|14|19|32|25|16|27|22|18|17|
2016-06-04|3|1_CTs|ct7||172|158|175|157|390|401|140|124|132|370|112|354|139|113|111|79|80|65|113|287|46|47|550|57|101|49|302|53|52|56|75|353|64|541|356|588|88|85|118|112|353|382|119|126|379|399|144|148|150|148|143|652|405|142|381|115|147|153|398|393|147|406|141|393|152|157|171|173|172|435|176|412|152|172|150|192|684|200|172|176|162|391|398|125|135|393|112|128|149|661|164|169|382|135|411|171|
2016-06-04|3|1_CTs|ct8||109|351|82|99|72|344|336|74|72|307|55|44|53|304|62|289|37|32|30|243|27|19|19|20|22|24|28|30|34|22|34|35|40|508|329|51|61|53|59|314|311|90|73|76|74|93|98|76|93|352|86|363|90|87|67|78|345|98|77|329|99|328|97|79|106|103|113|102|101|115|109|92|95|114|93|114|368|154|126|122|116|96|102|87|80|77|68|77|77|82|88|106|85|82|115|95|
2016-06-04|3|1_CTs|ct9||143|698|144|166|122|139|119|110|123|98|96|81|72|94|104|72|579|61|61|70|60|64|68|67|303|39|50|67|57|65|100|98|106|85|139|153|401|147|155|209|199|179|163|471|690|454|164|207|189|167|182|257|1047|449|727|864|552|246|429|241|221|255|186|436|438|698|171|439|143|175|211|427|452|503|457|185|170|186|469|224|443|679|182|183|441|164|157|170|158|197|387|167|128|121|370|128|
2016-06-04|3|1_CTs|ct10||116|122|108|129|114|113|121|95|108|128|114|95|119|120|119|82|96|84|79|67|45|53|44|51|60|56|47|52|42|37|47|58|54|51|59|69|62|72|68|77|83|108|109|111|105|128|113|137|118|125|132|131|146|149|139|102|119|142|130|127|117|118|144|134|149|148|129|122|127|162|137|144|144|136|145|132|133|142|167|138|157|147|123|143|115|120|129|120|116|117|129|129|94|118|96|88|
2016-06-04|3|1_CTs|ct13||247|252|211|354|677|626|263|534|2111|471|792|1152|1220|737|439|1484|592|1444|1490|1670|903|118|96|76|142|118|134|224|132|129|168|183|150|138|188|200|194|187|500|203|174|225|505|221|246|238|229|246|230|252|270|300|262|228|485|274|505|1027|554|288|383|115|311|1446|402|204|283|561|561|331|577|279|483|182|192|318|245|470|270|208|786|253|658|518|235|375|788|1178|1155|712|678|580|3868|2799|246|1280|
2016-06-04|3|1_CTs|ct14||316|310|49|56|34|34|38|42|20|21|17|14|14|10|16|14|7|265|10|7|21|15|16|23|20|16|42|48|47|92|123|140|76|103|108|142|395|164|399|193|420|125|137|165|129|145|144|392|131|147|129|158|393|158|381|399|373|375|142|139|132|175|150|182|405|124|405|119|373|147|353|397|140|381|159|417|421|406|145|164|424|159|151|407|128|132|114|100|81|87|80|85|355|317|330|63|
2016-06-04|3|1_CTs|CT16||136|112|113|137|107|109|102|90|80|96|74|78|73|75|69|56|48|314|56|319|62|48|48|66|32|52|51|69|45|300|63|64|75|66|99|109|105|107|110|131|120|106|373|108|141|113|133|418|156|125|159|379|133|409|150|148|195|172|110|117|152|102|136|137|397|143|135|160|139|163|171|142|430|434|216|181|176|174|185|175|439|170|166|179|175|204|313|150|174|690|143|389|123|365|121|137|
2016-06-04|3|1_CTs|ct18||155|154|138|151|142|136|136|123|131|151|128|116|133|143|122|99|100|94|85|88|59|74|55|58|67|72|59|70|54|57|68|81|84|85|96|99|102|111|123|134|131|158|157|158|135|170|158|198|178|184|183|152|192|193|197|179|220|182|174|171|165|182|180|164|210|201|187|164|176|222|192|188|203|193|209|176|185|208|233|189|231|232|172|187|187|178|203|204|188|173|161|164|142|149|150|134|
2016-06-04|3|1_CTs|ct19||1|1|3|4|4|1|1|1|3|0|1|0|2|2|1|0|0|0|0|0|1|2|1|0|2|3|2|5|4|3|1|4|1|4|2|7|3|1|3|4|7|4|1|2|5|4|2|3|2|4|3|4|1|5|2|3|6|1|2|2|3|1|4|5|2|3|3|1|4|3|3|4|4|5|1|2|2|1|2|4|1|1|3|5|4|4|0|0|1|1|0|2|0|2|0|1|
2016-06-04|3|1_CTs|ct20||1|0|0|0|0|0|0|0|0|0|0|0|0|0|0|0|0|0|0|0|0|0|0|0|0|0|0|0|0|0|0|0|0|0|0|0|0|0|0|0|0|0|0|0|0|0|0|0|0|0|0|0|0|0|0|0|0|0|0|0|0|0|0|0|0|0|0|0|0|0|0|0|0|0|0|0|0|0|0|0|0|0|0|0|0|0|0|0|0|0|0|0|0|0|0|0|
2016-06-04|3|1_CTs|ct22||12|4|4|4|5|2|3|1|2|0|2|0|2|1|2|2|3|2|4|1|1|2|2|2|1|2|2|0|3|1|3|3|4|5|6|5|5|4|11|7|18|9|11|12|17|14|13|15|12|15|11|14|20|9|9|6|12|8|10|9|8|13|11|12|14|16|6|12|12|8|12|8|10|7|7|6|9|4|7|4|9|9|3|6|8|6|6|3|4|8|5|9|4|2|10|7|
2016-06-04|3|1_CTs|CT23||175|141|134|103|76|93|84|73|59|50|54|47|43|36|53|25|30|39|31|25|22|34|22|17|21|17|25|34|42|52|62|81|90|80|113|109|628|151|159|189|428|406|475|218|238|520|254|240|276|522|267|250|555|586|814|240|498|261|247|233|486|529|241|265|527|761|480|260|293|312|489|216|151|180|494|307|317|255|782|222|505|451|221|183|182|181|131|154|189|147|191|163|199|149|171|171|
2016-06-04|3|1_CTs|ct24||378|140|116|350|335|67|49|45|45|41|37|30|267|31|32|35|16|27|24|25|30|29|298|54|57|68|93|112|133|202|533|298|459|286|556|323|559|630|660|466|409|349|893|683|664|785|1427|1425|1026|1054|867|858|796|732|470|748|357|431|638|436|511|598|914|1130|1078|765|1053|809|996|785|1032|781|713|723|1004|767|691|786|1065|829|1038|1050|478|455|575|303|524|223|490|219|181|192|699|185|158|140|
