2013-01-29|22|1_CTs|CT1||16|9|8|6|4|5|2|3|4|4|2|5|3|5|2|2|2|3|5|3|5|11|8|18|23|19|25|34|34|58|105|143|204|210|193|193|187|176|118|114|110|77|64|75|68|65|68|73|58|63|90|84|82|92|82|116|90|89|76|92|81|67|79|63|86|113|135|174|129|140|118|102|91|106|86|84|74|67|77|65|58|63|43|46|32|36|28|21|24|30|19|15|17|15|14|11|
2013-01-29|22|1_CTs|CT2||24|22|25|10|14|15|8|8|4|10|4|6|4|2|5|3|4|6|7|5|3|13|20|31|33|30|34|56|73|80|137|202|231|262|281|297|289|244|214|177|161|163|169|161|124|146|139|152|133|131|166|162|150|146|166|175|196|157|153|165|159|141|145|159|144|170|269|277|249|252|271|267|213|223|224|206|183|173|138|123|114|109|91|64|74|77|71|64|56|48|48|49|50|33|40|33|
2013-01-29|22|1_CTs|CT3||39|35|35|19|22|17|14|10|10|13|8|7|10|8|2|4|6|5|9|7|11|18|24|35|41|37|42|65|103|117|210|316|353|395|397|411|362|358|344|249|245|196|216|164|185|199|208|173|183|146|189|200|232|257|248|282|290|221|227|226|204|205|218|226|221|220|300|327|299|319|317|322|267|271|270|276|198|208|191|178|160|158|143|103|114|111|84|97|83|77|77|81|73|47|65|69|
2013-01-29|22|1_CTs|CT4||28|20|14|17|15|9|12|12|5|17|8|9|4|3|6|2|1|5|6|4|8|9|17|27|24|24|29|50|79|98|114|135|196|197|205|221|223|176|227|176|167|187|167|152|142|148|129|167|146|124|125|134|143|130|154|108|141|147|141|151|157|159|155|142|160|199|169|197|204|201|191|209|223|220|236|199|185|183|173|182|149|132|117|78|83|70|65|80|42|60|43|46|36|38|49|29|
2013-01-29|22|1_CTs|CT5||33|33|21|17|11|9|13|13|8|13|10|8|6|5|6|7|2|7|5|8|7|14|16|26|26|33|34|55|60|98|137|188|239|308|291|277|306|270|278|228|214|212|198|155|146|148|168|174|166|150|170|177|178|188|183|146|185|186|188|184|173|159|191|166|176|215|232|272|246|255|251|301|269|252|279|275|228|235|186|187|182|148|137|93|108|83|76|89|53|75|57|45|41|47|55|29|
2013-01-29|22|1_CTs|CT6||28|27|19|12|15|8|9|6|4|11|5|6|8|1|3|5|2|1|3|5|7|7|11|18|26|13|22|29|42|37|55|71|74|111|110|110|121|120|125|105|100|86|94|86|74|96|96|88|107|104|94|93|88|91|91|82|99|107|109|113|110|104|114|113|87|105|129|132|140|160|124|161|147|145|157|144|156|127|141|98|105|94|79|71|76|70|45|63|44|50|40|33|39|32|30|20|
2013-01-29|22|1_CTs|CT7||5|3|1|1|1|3|3|0|1|0|0|2|0|1|1|0|0|3|2|0|0|1|0|4|6|3|5|7|6|9|15|32|40|43|39|47|46|46|32|39|28|22|19|23|25|25|22|20|19|23|27|28|26|19|25|25|22|25|20|29|27|25|28|32|23|18|20|19|28|26|38|29|35|35|36|26|24|27|19|18|17|20|17|11|9|12|18|10|9|7|8|8|5|4|6|5|
2013-01-29|22|1_CTs|CT8||20|23|14|10|1|7|3|5|6|4|4|4|2|1|1|0|2|7|1|1|0|3|3|2|11|6|9|17|8|27|53|76|99|109|97|110|108|80|101|87|81|65|65|50|54|73|77|66|93|76|77|76|60|68|64|62|78|77|64|79|71|76|70|93|85|81|82|105|99|100|93|90|127|112|96|98|116|103|69|91|80|64|75|61|54|47|37|46|35|49|42|33|30|24|27|32|
2013-01-29|22|1_CTs|CT9||33|30|18|19|13|14|10|7|9|11|6|3|11|8|2|5|4|7|5|8|14|10|22|31|36|44|58|71|113|167|278|357|373|358|364|321|310|381|324|323|310|243|213|163|171|181|200|188|152|154|186|206|244|246|233|229|239|203|216|193|201|194|175|187|178|231|220|236|221|212|216|237|187|202|189|169|152|158|132|124|136|124|95|98|91|87|72|71|70|64|51|38|24|45|50|26|
2013-01-29|22|1_CTs|CT10||0|1|0|2|0|0|1|0|0|0|0|0|0|2|0|0|0|2|0|0|1|3|4|3|2|10|8|4|3|8|5|19|58|60|17|18|20|16|8|9|15|12|8|7|3|2|7|8|6|8|5|4|20|12|6|3|9|2|7|4|6|8|7|5|7|6|8|6|7|7|2|4|0|2|3|1|3|2|4|0|0|1|1|4|1|2|1|2|1|2|1|11|16|0|2|2|
