2012-07-31|22|1_CTs|CT1||16|10|13|7|6|10|4|5|5|4|4|7|6|4|5|4|4|8|4|10|16|13|11|28|13|15|29|26|39|54|66|73|83|163|181|195|160|166|117|83|102|112|146|108|108|124|142|107|83|61|87|87|70|66|54|61|65|70|59|81|69|65|85|81|58|69|83|66|80|63|80|70|66|86|68|81|72|59|59|51|55|46|40|34|34|32|36|35|27|22|25|20|20|25|25|15|
2012-07-31|22|1_CTs|CT2||24|30|23|12|20|12|9|9|10|5|6|5|11|1|2|5|8|10|6|9|7|17|16|33|31|29|35|51|59|77|100|117|135|205|250|297|290|247|201|172|168|199|227|193|187|214|206|172|172|141|147|134|136|137|115|141|133|134|137|135|145|142|185|161|145|125|146|138|144|147|182|157|156|161|152|148|128|159|119|104|106|100|94|85|78|73|69|70|51|63|48|46|57|56|33|41|
2012-07-31|22|1_CTs|CT3||43|32|30|30|27|19|13|13|15|8|12|9|15|9|5|6|10|8|9|10|10|17|26|33|31|34|41|63|77|108|157|150|159|223|283|328|325|307|287|244|240|243|272|288|236|242|266|228|233|211|166|193|162|178|135|170|177|181|210|200|197|209|215|248|185|171|210|191|220|188|238|216|235|229|229|198|197|202|158|151|147|137|120|121|110|106|103|90|79|86|75|88|88|60|61|49|
2012-07-31|22|1_CTs|CT4||0|0|0|0|0|0|0|0|0|0|0|0|0|0|0|0|0|0|0|0|0|0|0|0|0|0|0|0|0|0|0|0|0|0|0|0|0|0|0|0|0|0|0|0|0|0|0|151|113|144|140|124|120|113|113|131|127|128|127|136|158|147|156|130|151|139|141|120|147|164|166|155|165|206|175|169|181|164|159|116|121|129|104|114|77|80|56|72|58|49|45|62|40|52|41|43|
2012-07-31|22|1_CTs|CT5||41|28|23|11|19|14|15|8|10|12|15|3|6|2|5|6|3|4|4|7|10|14|14|17|30|25|35|47|65|83|90|123|153|161|193|207|195|190|219|196|147|169|148|150|163|174|166|158|175|144|162|149|150|133|122|147|148|169|152|150|167|176|161|142|160|164|169|169|178|195|195|205|218|229|205|217|192|203|162|177|134|124|137|112|98|88|74|79|72|65|47|59|60|47|43|42|
2012-07-31|22|1_CTs|CT6||25|19|22|12|11|10|13|7|6|6|5|1|5|2|4|5|4|4|2|2|8|8|11|11|17|16|17|26|26|34|44|56|61|67|78|79|95|90|110|63|70|96|89|87|90|96|122|108|97|102|86|87|93|80|86|78|79|106|123|78|97|110|107|90|99|127|103|115|113|118|124|132|125|145|129|130|128|129|118|116|85|92|81|91|67|44|57|47|52|48|43|26|46|43|21|33|
2012-07-31|22|1_CTs|CT7||3|4|1|1|1|5|0|1|0|1|0|0|1|0|0|2|2|3|0|3|3|2|1|7|3|7|5|9|8|11|13|20|24|21|29|27|32|34|31|22|36|30|30|24|28|25|14|22|26|20|13|25|20|22|19|21|23|16|14|27|31|20|20|27|19|20|19|16|16|25|21|20|17|20|16|27|21|24|14|22|17|12|12|14|13|12|7|12|8|13|8|8|9|12|14|8|
2012-07-31|22|1_CTs|CT8||17|16|9|13|8|5|5|1|7|5|6|4|3|1|0|0|1|1|1|0|5|2|0|2|9|3|8|18|11|13|25|30|32|47|48|67|62|61|50|77|42|46|45|47|52|48|39|47|80|81|45|59|49|36|40|77|71|57|81|74|64|62|33|58|38|29|21|46|81|38|25|46|52|29|41|30|35|40|40|37|32|22|24|17|22|15|17|18|14|4|12|8|14|5|11|6|
2012-07-31|22|1_CTs|CT9||40|22|21|21|16|17|10|7|13|8|6|9|8|5|7|6|10|5|7|5|12|18|21|32|29|44|64|70|82|123|176|165|211|173|216|219|245|269|290|247|220|200|188|220|202|199|182|214|173|146|161|181|147|141|136|156|170|189|196|208|176|175|185|163|183|157|173|175|164|165|169|162|158|162|167|150|118|124|122|129|114|109|99|91|75|84|65|59|63|60|53|51|58|46|28|39|
2012-07-31|22|1_CTs|CT10||0|1|3|4|0|0|0|1|0|0|0|1|0|1|1|0|2|1|1|0|2|3|2|4|6|2|6|7|1|3|4|3|3|5|4|5|8|8|7|5|5|1|5|8|4|4|4|4|7|6|2|4|2|7|3|4|3|8|7|4|4|4|2|5|6|2|3|4|9|7|3|2|6|3|3|5|3|5|0|2|0|0|0|1|2|3|0|5|0|2|2|12|9|8|0|1|
