2011-09-21|7|1_CTs|CT1||28|27|19|11|17|14|12|11|11|9|3|6|3|7|1|5|4|3|3|4|5|7|7|7|12|18|14|14|27|47|96|141|186|158|201|230|229|217|221|208|176|142|144|141|141|127|126|145|130|127|141|124|114|121|107|119|135|142|123|152|151|152|155|145|137|159|143|170|147|165|176|184|170|167|160|162|147|150|149|115|105|87|78|79|69|66|70|62|41|56|50|42|50|45|45|33|
2011-09-21|7|1_CTs|CT2||28|41|20|13|20|17|8|11|17|8|8|9|8|3|11|5|3|3|6|10|9|14|19|21|20|25|26|31|57|77|107|129|178|260|276|191|168|139|151|142|169|248|197|84|92|89|102|71|126|177|41|78|91|122|90|114|141|27|101|112|116|98|78|129|132|104|113|125|166|141|133|115|119|130|75|105|116|149|103|94|91|79|84|65|74|108|88|83|88|98|90|66|46|42|69|33|
2011-09-21|7|1_CTs|CT4||59|41|43|31|11|20|10|14|14|24|27|23|19|23|16|7|18|19|19|9|2|13|9|17|13|8|9|9|11|12|19|27|38|46|47|24|37|29|24|49|49|34|36|40|40|29|20|38|50|51|60|35|37|33|32|41|49|48|51|47|42|58|80|80|62|98|82|112|123|99|110|86|110|97|106|99|77|105|87|90|77|77|51|48|44|57|46|73|53|58|72|321|81|40|62|56|
2011-09-21|7|1_CTs|CT6||41|36|36|29|26|14|16|20|14|13|12|16|5|12|6|10|5|12|4|10|9|6|12|12|4|12|20|21|24|35|47|78|139|135|126|155|153|130|152|115|110|119|129|119|114|121|148|136|148|139|97|127|126|116|159|122|147|118|154|119|156|144|144|153|143|198|175|178|166|193|208|228|197|187|195|170|168|175|163|165|169|145|105|103|96|70|62|63|74|65|64|57|38|35|52|45|
2011-09-21|7|1_CTs|CT7||47|45|52|20|16|20|9|12|13|10|7|9|10|9|9|6|9|8|9|8|11|10|14|17|19|17|30|33|45|59|71|84|99|131|130|86|118|118|122|140|107|139|113|102|147|130|107|108|142|131|134|101|114|116|106|109|129|122|123|135|123|122|122|131|108|122|127|135|149|161|138|167|148|174|146|159|178|180|141|136|130|117|108|83|85|72|65|73|74|68|48|60|63|53|38|40|
2011-09-21|7|1_CTs|CT8||77|106|87|85|58|49|43|31|17|27|28|30|23|19|27|18|22|25|35|51|51|59|71|85|77|125|132|188|215|272|341|374|463|405|366|389|384|359|363|384|376|338|354|324|336|339|338|331|329|322|370|322|355|276|258|349|303|335|343|389|305|357|336|387|354|362|385|353|357|364|365|421|396|385|366|371|316|357|318|291|264|260|242|209|182|160|201|171|150|149|174|129|151|103|133|115|
2011-09-21|7|1_CTs|CT9||63|62|58|49|37|25|21|20|20|17|15|22|21|13|15|7|16|14|16|23|28|37|32|44|49|78|90|106|110|131|171|233|269|254|242|255|285|266|260|250|245|259|238|216|206|191|242|218|212|204|227|214|190|175|172|194|177|200|196|235|220|210|215|218|244|220|228|191|210|203|223|221|234|226|209|215|204|203|226|180|182|154|156|109|119|102|115|110|95|88|110|344|76|69|77|62|
2011-09-21|7|1_CTs|CT10||98|91|76|82|69|51|65|53|38|62|47|42|45|26|34|44|18|29|31|27|31|35|23|41|47|47|62|68|72|90|120|172|252|241|243|257|242|210|244|210|242|209|243|243|238|255|268|286|274|269|251|270|256|269|261|234|236|249|259|255|303|300|275|261|277|278|272|301|307|324|313|306|328|315|294|287|255|313|304|294|281|251|213|196|196|170|172|156|179|153|141|134|121|117|130|133|
2011-09-21|7|1_CTs|CT11||90|91|77|87|67|49|60|50|39|48|40|50|47|33|27|46|15|24|30|35|34|51|37|42|54|61|86|94|74|111|146|172|242|292|252|239|244|216|233|253|239|210|236|261|248|273|234|281|304|273|282|286|275|265|244|258|234|244|306|275|293|275|277|278|272|253|303|273|205|189|200|259|253|173|199|240|263|265|271|247|274|224|200|179|200|166|178|172|163|159|136|143|110|131|139|113|
2011-09-21|7|1_CTs|CT12||55|63|48|37|36|31|25|22|30|21|20|9|5|17|6|17|9|13|9|8|10|12|16|6|18|25|21|24|29|46|84|126|210|192|215|245|227|184|206|151|182|174|181|166|178|191|202|198|200|211|198|194|202|194|219|193|197|187|215|234|207|201|213|213|189|211|278|278|287|295|293|301|301|327|310|285|302|265|273|262|234|200|169|171|154|120|107|102|95|91|92|103|82|76|77|81|
2011-09-21|7|1_CTs|CT13||18|14|16|5|5|3|2|4|1|1|0|0|1|3|2|2|1|2|4|2|2|6|6|5|5|4|10|12|16|27|30|38|47|53|72|50|60|51|67|62|40|74|59|53|54|39|51|50|48|66|41|50|56|46|56|64|68|51|58|67|77|65|78|67|64|62|58|68|69|76|65|62|82|99|72|79|70|72|71|56|54|42|30|26|29|37|26|30|28|25|21|24|30|32|22|19|
2011-09-21|7|1_CTs|CT14||117|109|102|91|68|46|63|60|44|44|49|32|46|29|27|25|29|31|31|35|32|36|53|55|74|83|103|113|135|173|221|292|324|427|417|428|365|395|351|346|328|312|321|304|312|344|382|396|385|377|368|357|345|341|330|304|351|343|366|408|379|388|381|401|412|410|456|432|502|505|508|526|544|523|537|479|525|511|472|410|428|352|293|285|243|226|224|228|212|189|182|192|151|139|155|140|
2011-09-21|7|1_CTs|CT15||14|21|11|11|19|14|10|5|7|6|2|11|3|6|5|7|5|5|0|9|3|3|6|10|3|9|11|20|13|19|33|51|139|159|95|139|100|80|86|73|50|38|48|51|72|57|36|39|66|69|57|45|59|115|139|71|99|74|91|68|74|40|45|69|66|131|147|104|141|102|133|138|122|114|109|78|95|86|84|75|105|66|51|41|29|39|48|41|32|32|36|28|28|30|18|14|
