2013-01-26|7|1_CTs|CT1||35|51|28|38|28|25|20|20|21|9|10|9|9|12|6|3|15|4|13|5|8|7|14|12|8|17|14|15|9|10|13|28|27|35|54|58|62|73|60|92|81|93|86|97|97|87|120|115|115|114|121|119|110|127|104|89|112|96|79|131|122|115|128|127|133|130|117|105|127|121|100|100|113|84|112|104|103|89|89|92|85|66|55|57|61|65|55|42|37|36|52|31|39|41|35|36|
2013-01-26|7|1_CTs|CT2||100|83|76|50|50|60|61|35|32|24|18|28|34|22|28|20|12|16|14|12|10|22|16|14|34|28|24|32|18|30|40|62|67|78|119|119|137|134|109|185|148|144|229|227|209|216|200|182|324|232|185|159|193|268|222|245|288|147|206|224|209|207|229|226|246|234|240|184|244|206|212|174|177|249|310|226|144|210|188|165|136|124|138|104|107|124|84|76|67|77|86|65|69|84|91|60|
2013-01-26|7|1_CTs|CT4||31|29|25|30|31|20|34|18|37|28|10|20|27|20|15|16|11|16|5|18|12|18|10|6|4|5|4|3|7|0|2|0|1|0|2|4|5|2|1|3|2|3|1|9|0|2|5|3|10|11|4|11|6|5|11|11|6|7|15|6|11|15|10|8|18|18|16|26|15|22|34|13|21|10|6|27|19|16|21|25|16|14|10|17|8|11|10|15|17|18|12|22|19|36|29|43|
2013-01-26|7|1_CTs|CT6||70|68|61|37|38|32|35|45|27|31|33|20|21|23|19|13|7|19|11|10|16|20|15|16|18|11|16|14|17|28|26|21|36|40|55|57|68|81|73|80|74|122|107|149|115|103|114|154|129|156|152|146|141|181|148|87|87|110|103|118|132|126|135|132|191|162|155|158|127|159|156|172|174|177|152|163|162|140|163|129|136|108|91|69|67|41|50|64|51|55|52|54|54|56|59|56|
2013-01-26|7|1_CTs|CT7||57|52|37|26|35|22|21|23|15|19|24|10|17|14|19|12|13|14|11|8|16|10|6|13|16|19|19|15|30|19|21|30|27|35|54|45|48|72|73|86|83|80|92|89|109|73|115|112|107|118|100|89|97|103|76|108|100|77|100|96|73|98|96|100|109|107|114|89|89|103|110|103|114|96|76|108|91|92|85|96|87|69|55|45|54|42|58|40|39|45|48|47|44|45|30|43|
2013-01-26|7|1_CTs|CT8||133|119|93|98|48|59|60|52|45|43|39|39|38|36|40|37|28|45|52|57|60|69|75|87|97|85|96|111|106|116|161|151|144|162|207|246|222|229|239|255|245|268|291|275|245|260|256|286|294|337|259|252|265|262|226|241|232|265|272|280|330|308|297|295|276|257|234|283|294|271|243|274|255|240|239|240|253|229|274|242|248|208|195|152|170|144|130|117|125|147|131|99|120|138|123|117|
2013-01-26|7|1_CTs|CT12||92|84|82|75|58|55|44|38|29|27|37|37|38|37|37|24|21|19|22|17|20|22|27|31|27|20|21|22|24|26|42|34|33|56|62|83|90|96|96|130|119|135|149|160|150|180|176|179|181|204|225|235|222|206|199|152|140|139|150|179|165|171|167|188|212|203|198|204|176|210|196|240|199|207|190|207|227|183|212|185|167|168|121|126|107|114|69|88|73|84|75|68|84|95|77|84|
2013-01-26|7|1_CTs|CT13||40|23|17|20|16|5|6|9|6|5|5|6|6|7|10|4|3|7|3|1|2|3|3|2|5|10|9|4|8|12|5|12|10|17|32|26|23|36|29|41|35|32|43|45|41|42|56|70|55|55|44|51|53|57|53|40|49|49|50|50|42|38|48|57|70|62|51|33|41|52|49|42|48|36|30|47|48|44|39|53|49|33|33|24|22|25|23|16|15|22|21|18|13|28|14|25|
2013-01-26|7|1_CTs|CT14||164|159|144|126|112|103|77|80|73|62|80|50|70|58|75|51|45|35|49|61|82|77|72|102|61|85|93|76|85|97|93|95|118|137|166|142|197|189|193|229|212|245|234|251|259|295|267|318|278|311|311|290|341|337|302|283|268|265|268|277|299|309|303|322|346|332|308|359|333|320|344|343|370|358|332|311|300|299|299|281|264|254|213|160|192|140|130|118|120|132|129|133|122|160|172|145|
2013-01-26|7|1_CTs|CT15||55|19|31|20|27|10|20|9|10|18|19|9|7|9|10|2|14|8|4|13|15|14|18|6|13|11|15|15|14|19|16|21|25|23|21|46|45|51|45|62|61|72|62|74|90|58|70|73|80|80|69|64|92|80|81|52|67|65|51|72|91|68|70|54|97|85|79|75|59|74|52|82|90|50|67|66|79|79|66|67|88|66|41|48|48|38|33|26|33|31|29|32|37|25|33|30|
