2011-11-12|3|1_CTs|ct1||120|125|104|104|81|75|53|44|34|39|24|22|24|21|22|22|12|15|18|14|20|12|7|24|17|20|26|29|29|38|56|64|48|44|84|96|124|134|125|146|124|126|132|149|140|138|174|141|166|190|192|160|171|190|161|121|130|144|134|52|2|5|0|0|100|163|194|157|126|128|151|135|154|136|160|127|133|130|149|151|164|161|173|176|161|129|131|97|74|108|100|75|132|108|78|131|
2011-11-12|3|1_CTs|ct3||344|309|256|221|172|179|133|112|108|89|112|61|47|62|68|53|47|42|51|40|59|57|50|73|67|66|80|87|88|87|159|162|127|172|235|262|283|304|294|368|305|284|321|340|296|346|388|327|399|391|390|383|389|412|379|304|308|325|270|107|0|6|3|0|3|9|375|338|284|290|313|283|362|381|345|346|353|316|314|365|395|401|440|418|468|382|338|316|249|250|306|228|315|325|302|343|
2011-11-12|3|1_CTs|ct5||191|161|191|139|120|130|102|97|89|110|82|84|82|95|103|93|104|88|99|77|53|66|55|61|66|77|70|75|66|78|75|125|91|85|146|168|143|153|200|180|200|208|183|222|198|277|219|231|227|231|277|263|285|242|246|258|213|255|214|65|2|6|3|8|5|3|334|322|299|243|293|247|264|279|266|254|279|274|282|286|265|224|279|251|220|229|234|205|206|164|180|166|258|237|213|169|
2011-11-12|3|1_CTs|ct6||144|117|126|126|107|95|102|77|78|86|65|52|45|55|75|57|54|63|46|31|34|29|28|28|25|27|26|40|36|41|55|60|76|89|109|115|78|109|107|106|126|138|119|141|128|120|162|155|155|163|165|211|210|248|203|177|141|127|127|36|1|0|0|0|0|0|86|180|145|179|206|200|191|173|181|184|174|188|165|153|174|126|139|126|109|79|67|97|86|101|77|104|104|111|107|148|
2011-11-12|3|1_CTs|ct7||160|133|159|137|126|112|113|88|92|109|90|79|97|91|102|60|52|57|55|42|37|31|40|43|25|41|40|47|38|49|43|50|64|60|81|77|113|91|104|119|117|120|111|125|147|147|155|167|180|179|175|205|206|230|192|162|158|140|116|77|4|0|3|14|3|7|1|6|45|128|157|168|166|157|167|156|153|162|153|138|146|142|127|116|117|104|85|101|101|123|115|131|117|119|139|167|
2011-11-12|3|1_CTs|ct9||146|138|136|138|121|118|113|147|118|135|112|101|78|83|66|96|103|87|57|64|67|49|27|38|29|33|38|45|48|52|61|54|57|66|90|115|94|121|131|119|129|143|128|138|131|136|143|114|125|139|113|116|164|128|124|121|127|135|124|149|150|150|133|176|145|150|130|147|140|116|122|140|106|141|141|127|131|128|136|125|103|102|108|119|115|92|95|83|85|91|74|105|117|106|114|110|
2011-11-12|3|1_CTs|ct10||100|79|92|97|73|101|89|103|91|91|105|92|96|104|111|85|97|101|103|89|74|81|73|49|48|50|42|43|45|28|39|36|40|36|39|49|48|62|75|82|62|80|66|80|106|91|96|119|99|108|100|127|116|105|121|106|87|86|83|113|105|117|109|112|101|112|110|120|108|114|119|111|129|124|125|142|105|97|104|101|82|92|89|73|88|86|85|72|81|82|64|75|83|95|86|76|
2011-11-12|3|1_CTs|CT11||43|44|46|47|41|28|34|30|32|35|33|32|24|27|37|26|37|30|28|28|30|25|19|24|14|21|27|25|22|25|31|27|27|30|43|27|34|51|34|43|41|41|29|44|38|44|38|42|48|51|64|49|56|50|54|42|44|42|28|25|11|3|5|10|5|20|70|70|53|48|39|57|50|53|64|57|53|25|51|49|40|46|50|44|31|44|35|38|37|33|33|31|26|39|31|33|
2011-11-12|3|1_CTs|CT12||39|31|29|41|22|35|42|50|50|49|44|54|56|50|65|38|53|51|58|51|48|43|43|29|30|32|21|34|33|17|19|20|17|20|8|20|22|25|20|26|24|22|18|18|30|27|20|27|22|16|18|24|20|20|22|18|14|14|7|0|0|0|1|0|2|1|32|17|23|21|18|30|32|21|25|27|32|19|30|25|21|38|25|15|29|24|33|30|27|36|28|34|25|32|33|29|
2011-11-12|3|1_CTs|CT16||32|19|31|37|14|21|33|23|28|20|16|15|21|21|24|20|23|14|18|17|11|17|7|7|12|8|9|10|7|10|9|12|9|9|15|16|20|16|14|22|13|14|18|23|20|27|16|17|21|20|18|24|24|24|19|26|17|18|20|33|29|40|37|34|35|30|32|44|23|26|29|39|33|32|24|23|22|17|24|31|26|22|35|15|20|27|16|18|20|19|17|22|20|21|27|19|
2011-11-12|3|1_CTs|ct17||133|111|128|146|106|115|102|107|98|88|88|103|76|86|69|80|86|78|85|77|67|79|74|48|48|67|50|59|53|45|59|64|60|74|87|85|123|131|137|148|122|148|147|171|180|176|191|198|187|197|216|220|219|230|215|219|155|169|174|217|207|185|164|195|191|189|186|201|180|183|207|197|216|183|194|232|170|188|173|156|152|161|169|160|158|176|118|137|147|102|92|115|117|117|127|99|
2011-11-12|3|1_CTs|ct18||150|126|135|137|124|138|121|123|133|120|149|118|127|128|122|104|117|124|120|88|89|99|88|63|58|57|63|81|52|43|66|57|54|61|69|92|94|108|120|141|113|132|117|112|148|148|145|147|130|133|136|213|170|158|166|154|143|120|127|199|159|153|177|169|169|180|175|173|161|152|144|167|198|172|170|174|163|133|162|145|134|134|146|128|158|136|114|119|119|125|123|135|130|135|130|123|
2011-11-12|3|1_CTs|ct19||0|2|0|4|1|6|1|1|0|1|0|2|0|0|1|0|2|0|1|0|1|0|6|1|3|5|3|5|4|3|4|3|2|4|7|4|9|4|4|7|7|11|3|5|5|3|3|6|3|7|7|1|4|4|3|4|7|4|5|2|9|8|7|3|2|3|5|3|3|5|4|4|2|5|5|4|9|7|2|8|4|5|3|6|0|5|2|3|1|2|0|0|0|4|1|3|
2011-11-12|3|1_CTs|ct20||82|94|89|73|68|70|55|53|35|36|45|38|32|26|23|15|22|18|16|17|18|19|21|24|17|27|29|26|32|49|53|57|51|57|77|102|114|150|125|131|110|118|134|133|107|140|132|160|143|145|152|152|137|154|131|132|157|162|153|199|196|198|190|204|190|188|187|148|135|132|164|131|149|157|142|141|131|137|164|158|151|161|177|164|145|141|111|105|98|90|111|101|98|96|115|115|
2011-11-12|3|1_CTs|ct22||8|5|8|10|6|6|3|7|2|4|3|5|4|4|15|3|5|2|5|6|5|1|3|8|4|5|3|4|3|5|4|8|10|8|2|10|4|7|8|8|10|9|7|13|11|12|10|14|15|22|22|12|13|20|18|10|5|13|12|4|1|0|0|2|41|61|34|24|21|20|14|19|19|16|12|15|19|13|12|10|11|4|8|15|17|9|8|17|5|7|11|14|22|10|11|6|
2011-11-12|3|1_CTs|CT23||153|133|108|88|95|81|55|48|40|54|50|35|49|35|48|32|15|29|23|29|21|18|16|24|16|32|18|21|22|28|44|68|57|62|78|77|99|77|115|137|135|111|135|144|117|155|165|156|191|181|208|193|211|227|225|160|186|168|177|103|0|0|1|0|98|354|251|210|235|201|216|171|255|214|214|217|212|210|192|207|177|173|170|171|126|123|116|87|78|85|101|87|134|136|84|128|
2011-11-12|3|1_CTs|ct24||337|319|243|216|198|198|133|145|124|96|99|90|85|83|66|57|45|60|64|54|56|75|98|91|118|103|201|198|190|278|339|473|365|429|546|652|619|711|742|761|684|631|633|692|663|688|673|726|696|713|684|727|649|688|652|688|686|685|676|469|454|510|530|529|518|507|659|658|637|615|629|680|658|682|628|604|620|625|673|640|558|673|643|632|551|483|453|376|379|387|359|367|345|341|365|321|
