2014-06-04|6|1_CTs|CT1||1|1|0|1|0|0|0|2|0|0|0|1|0|0|0|1|0|1|0|1|1|1|2|3|2|0|3|3|1|8|10|49|125|124|94|118|75|55|53|19|6|2|4|4|5|9|5|6|6|3|7|5|7|4|9|7|5|6|5|1|5|8|7|8|6|5|6|15|3|10|4|6|6|10|4|3|2|6|2|3|3|3|4|5|2|1|1|8|4|1|1|1|0|1|1|2|
2014-06-04|6|1_CTs|CT3||13|9|5|6|13|10|5|3|3|2|3|0|4|3|4|0|5|5|5|14|21|20|23|30|33|25|30|37|42|59|61|63|87|65|95|90|106|131|98|72|80|51|50|58|46|59|45|55|58|55|29|62|53|45|43|64|45|56|56|49|57|51|69|42|53|68|66|51|71|76|46|56|69|67|64|60|59|42|44|45|51|42|37|42|15|27|22|16|12|14|15|13|31|22|16|10|
2014-06-04|6|1_CTs|CT4||7|6|4|7|5|3|9|1|1|5|2|1|0|0|2|2|1|0|1|1|0|1|1|0|2|3|2|4|2|7|12|19|64|42|25|24|44|22|14|25|23|23|23|21|19|9|12|26|30|35|22|29|42|23|37|24|23|35|27|28|27|32|38|38|30|30|24|44|47|48|49|52|37|48|58|47|45|36|34|28|42|22|23|12|13|17|17|13|20|10|11|13|10|13|14|9|
2014-06-04|6|1_CTs|CT5||18|17|15|11|20|16|10|8|7|10|9|6|5|4|6|3|5|3|7|3|7|9|4|9|9|11|14|13|16|38|35|49|70|76|93|114|103|71|101|85|71|76|82|59|64|62|72|80|71|57|69|67|62|49|73|76|61|73|64|93|77|64|88|76|92|82|81|62|69|81|73|82|78|67|87|88|64|72|69|70|76|50|53|44|29|51|34|33|30|29|27|24|15|21|24|24|
2014-06-04|6|1_CTs|CT6||32|39|25|14|23|8|11|5|9|2|5|3|2|4|1|5|0|3|5|5|6|9|12|15|19|17|17|18|27|36|72|107|167|195|185|192|156|164|126|121|108|102|108|103|97|95|88|106|97|90|100|99|112|117|81|110|97|131|106|130|92|114|107|97|109|110|106|114|125|150|120|114|121|138|124|112|117|128|103|95|105|97|104|76|74|78|76|53|68|84|49|65|40|51|42|30|
2014-06-04|6|1_CTs|CT7||1|3|2|5|5|4|3|0|2|1|1|2|0|4|1|0|1|2|2|3|4|2|3|2|4|4|2|6|16|13|28|23|35|43|39|30|32|45|45|27|28|28|28|22|27|25|29|23|23|17|28|23|33|29|24|26|25|24|19|26|23|27|21|27|23|36|28|22|27|30|39|27|24|52|37|35|23|30|26|23|17|33|12|19|13|11|10|11|14|11|11|6|9|13|5|9|
2014-06-04|6|1_CTs|CT8||44|47|32|27|22|15|15|20|11|17|7|8|14|12|8|8|5|7|6|8|12|8|21|17|27|27|47|61|89|111|145|206|245|237|246|203|202|195|179|152|136|170|178|154|141|135|164|156|120|160|175|164|153|139|139|148|159|186|163|168|140|177|160|139|170|169|151|178|216|174|216|199|222|176|200|201|185|162|196|170|149|172|132|113|107|109|79|97|78|71|80|71|75|61|81|55|
2014-06-04|6|1_CTs|CT9||55|58|41|37|35|14|8|13|20|8|7|9|5|6|7|7|6|5|7|9|11|14|20|40|42|50|53|80|96|106|170|278|318|331|352|346|351|299|264|261|232|193|193|180|194|163|200|180|204|191|191|196|208|207|213|181|204|209|222|234|192|199|198|213|204|260|228|237|260|349|306|305|320|342|296|273|261|318|326|294|188|158|150|128|140|109|97|96|104|87|79|89|76|72|57|68|
2014-06-04|6|1_CTs|CT10||30|27|32|17|11|13|18|7|7|10|6|7|8|5|7|3|3|5|4|4|7|10|11|20|26|24|31|43|55|73|96|128|174|170|161|176|137|175|161|147|159|154|157|156|150|153|141|127|148|157|146|160|139|165|130|126|133|134|155|168|163|148|165|135|161|158|188|218|198|223|201|227|196|226|225|248|226|193|184|201|172|158|121|122|100|75|81|63|51|67|66|62|48|41|43|48|
2014-06-04|6|1_CTs|CT11||42|35|24|19|10|7|7|8|5|4|12|5|6|8|4|5|4|7|10|7|7|13|15|31|30|39|60|81|86|116|242|327|248|198|196|205|245|230|263|267|217|217|182|174|189|174|182|158|155|186|173|181|225|182|173|177|192|204|208|189|177|176|172|183|188|227|194|241|220|211|215|189|209|206|190|193|190|187|163|173|175|139|111|111|95|96|67|73|74|65|42|64|45|38|32|30|
2014-06-04|6|1_CTs|CT12||42|32|33|21|22|15|18|11|7|9|9|7|3|3|5|4|6|8|7|6|9|14|15|23|26|26|36|54|60|85|140|194|268|312|272|315|273|272|263|198|178|215|177|182|201|161|181|181|152|173|169|188|206|206|172|161|182|203|190|217|191|192|215|183|216|252|273|264|308|311|287|303|304|322|266|271|268|260|261|226|200|200|148|132|131|117|91|88|76|66|91|58|57|50|57|51|
2014-06-04|6|1_CTs|CT15||11|11|7|6|11|8|3|5|3|3|4|2|1|3|2|2|0|5|6|4|11|8|18|24|18|19|37|32|48|67|101|108|196|192|170|178|188|160|123|101|89|81|84|90|63|78|69|81|66|70|91|100|104|73|76|68|90|85|81|84|66|66|76|68|82|92|103|115|130|161|165|148|174|156|131|99|131|160|146|102|56|66|47|49|32|34|34|38|33|26|27|16|23|23|16|19|
2014-06-04|6|1_CTs|CT16||33|43|26|20|17|17|12|12|10|8|12|9|11|10|9|6|5|5|9|7|9|9|9|22|25|39|38|60|71|93|175|241|311|309|301|291|279|296|278|264|219|212|195|186|175|200|204|162|166|155|207|187|207|231|180|186|177|183|177|202|184|195|180|206|187|209|199|206|241|222|237|223|210|243|240|223|205|229|189|167|175|174|142|142|100|110|87|78|67|82|57|86|52|64|37|51|
2014-06-04|6|1_CTs|CT17||20|32|20|13|13|8|7|7|6|7|2|4|5|1|2|1|4|1|2|4|1|3|1|5|8|9|10|8|15|26|42|65|84|93|73|65|86|84|68|73|61|57|57|59|68|63|70|67|55|70|67|68|65|69|76|82|80|61|68|83|79|68|92|82|71|73|96|78|99|92|98|92|87|104|89|126|101|103|101|90|88|76|69|46|49|57|53|40|48|30|40|34|34|38|27|33|
2014-06-04|6|1_CTs|CT18||74|54|44|33|40|44|28|23|18|19|18|18|12|14|10|8|11|10|11|7|14|21|15|18|29|44|42|60|87|128|167|243|322|329|283|223|213|286|314|275|237|245|220|255|238|226|228|230|201|218|234|234|227|249|225|214|215|233|235|273|252|230|233|264|233|247|253|258|278|290|290|295|275|284|315|289|231|272|245|233|221|181|193|170|135|157|118|115|105|113|100|95|83|83|73|90|
2014-06-04|6|1_CTs|CT19||35|40|27|27|17|18|17|11|10|8|9|7|5|4|3|5|4|3|9|6|5|6|2|4|10|11|11|18|33|29|51|89|157|158|149|166|173|163|133|122|126|131|128|122|133|132|142|142|134|136|142|145|154|146|131|131|132|135|146|131|139|154|145|159|147|149|173|186|157|217|205|220|206|235|227|196|212|197|189|153|159|147|113|111|102|88|81|58|72|59|58|56|54|40|47|44|
2014-06-04|6|1_CTs|CT20||33|24|21|16|15|6|11|6|6|4|3|8|0|1|3|3|4|1|5|4|5|13|15|7|17|17|22|33|22|52|68|78|110|123|137|64|97|155|130|125|110|119|102|49|61|23|104|126|93|20|118|100|124|128|107|118|111|99|124|96|40|34|114|99|48|93|97|51|82|3|110|138|126|97|59|8|123|122|43|57|66|103|76|82|60|75|59|65|54|61|43|56|39|33|30|21|
2014-06-04|6|1_CTs|CT21||79|58|40|41|31|40|24|24|16|13|13|11|16|10|13|16|18|22|21|31|37|42|42|61|57|65|74|104|128|183|256|273|300|284|346|355|312|403|353|277|308|254|220|215|244|225|231|232|209|221|207|224|203|197|218|222|197|265|253|219|232|215|267|211|228|229|240|219|250|269|258|210|297|308|274|264|242|254|237|202|193|188|163|179|124|125|112|107|111|95|94|81|114|73|87|67|
2014-06-04|6|1_CTs|CT22||81|68|73|57|46|54|32|28|34|22|21|36|17|23|19|23|20|22|27|45|49|53|63|64|55|65|76|80|109|122|166|185|228|253|308|288|302|291|294|253|251|253|250|247|254|250|244|272|271|302|243|282|268|251|248|233|240|291|257|289|268|292|273|271|283|348|296|349|346|352|400|418|371|372|425|382|356|347|343|295|263|266|237|201|174|152|182|128|139|115|124|123|118|127|113|96|
2014-06-04|6|1_CTs|CT23||70|75|47|26|44|31|28|24|16|20|12|14|8|18|13|13|10|9|13|13|21|21|35|28|48|40|69|102|125|150|224|288|350|352|358|355|318|346|319|306|250|242|256|234|217|213|241|212|224|214|217|236|224|221|211|256|226|267|265|238|242|285|267|250|259|263|271|304|334|323|320|310|356|344|342|309|296|307|306|274|272|242|219|177|148|147|118|140|113|113|103|113|100|103|111|69|
2014-06-04|6|1_CTs|CT24||73|63|38|40|41|43|30|28|27|20|22|14|11|10|17|17|10|20|23|26|28|23|28|31|38|42|56|68|103|159|191|244|308|330|331|357|373|393|342|326|303|291|263|284|266|248|291|271|262|265|274|275|278|255|220|250|261|250|270|321|297|263|251|276|292|311|308|336|334|385|382|398|387|416|425|415|388|412|346|345|311|298|230|213|209|183|162|129|126|129|139|124|136|124|109|112|
