2016-02-27|7|1_CTs|CT1||46|47|37|40|33|26|34|278|20|23|29|23|22|17|15|12|16|22|18|17|19|20|17|19|14|19|29|28|20|29|37|300|49|34|60|70|79|64|74|90|88|85|349|87|352|341|93|104|353|92|101|99|100|94|96|618|107|94|100|87|117|100|95|359|101|107|363|92|103|99|362|102|354|106|93|102|94|84|104|346|76|75|95|324|75|55|59|50|54|298|54|46|45|50|41|48|
2016-02-27|7|1_CTs|CT2||40|27|35|28|23|9|18|20|23|22|11|7|261|249|5|9|5|14|8|13|12|13|16|7|8|15|16|16|14|282|35|27|25|31|2|37|60|42|326|76|67|58|46|65|20|40|28|293|1|23|16|5|6|55|42|38|12|56|338|80|87|80|53|115|67|318|72|309|69|42|53|42|318|52|52|66|80|72|76|61|67|73|69|42|48|44|39|41|36|40|22|27|35|25|24|549|
2016-02-27|7|1_CTs|CT4||22|45|18|282|25|18|25|23|17|14|19|13|19|13|13|10|13|261|10|17|7|5|5|5|6|3|1|1|0|3|7|2|11|6|7|3|11|8|13|8|11|9|5|6|7|16|20|29|17|20|27|281|20|26|280|23|35|25|19|9|28|21|31|36|29|26|14|35|34|38|19|267|20|31|300|31|27|31|36|36|28|37|25|18|30|23|23|34|25|35|32|40|41|21|28|37|
2016-02-27|7|1_CTs|CT5||0|0|0|0|0|0|0|0|0|0|0|0|0|0|0|0|0|0|0|0|0|0|0|0|0|0|0|0|0|0|0|0|0|0|0|0|0|0|0|0|0|0|0|0|0|0|0|0|0|0|0|0|0|1|0|0|0|0|0|0|0|0|0|0|0|0|0|0|0|0|0|0|0|0|0|0|0|0|0|0|0|0|0|0|0|0|0|0|0|0|0|0|0|0|0|0|
2016-02-27|7|1_CTs|CT6||61|47|32|36|30|34|286|24|26|19|11|13|12|18|18|8|9|4|17|21|10|8|3|4|0|6|11|13|20|12|18|17|29|31|96|60|54|70|58|76|82|96|104|609|105|123|151|140|122|108|116|109|124|372|118|356|353|350|356|129|378|378|128|150|143|97|106|116|101|109|105|106|110|119|141|123|110|110|91|108|93|67|63|57|56|54|43|50|48|29|34|24|31|35|44|58|
2016-02-27|7|1_CTs|CT7||59|36|38|31|31|18|12|12|17|272|15|20|12|12|10|16|9|9|12|14|10|21|20|10|20|20|15|23|25|19|32|38|34|34|60|65|69|74|70|79|65|72|90|122|106|106|103|96|360|113|108|76|115|111|355|374|93|65|102|108|83|95|94|84|112|87|99|365|100|106|369|73|92|81|350|331|82|79|124|98|325|74|68|53|63|55|42|43|36|33|36|38|42|40|32|45|
2016-02-27|7|1_CTs|CT8||602|132|100|108|75|58|76|68|296|39|34|47|296|36|35|40|35|299|33|51|78|64|95|80|230|189|101|346|114|148|174|193|149|136|187|489|220|251|242|286|526|283|272|245|283|294|519|271|284|531|282|289|820|536|291|832|243|244|542|293|540|315|575|273|280|259|288|526|526|277|528|517|280|238|214|285|249|249|284|262|244|498|723|191|168|167|384|395|123|364|112|127|119|412|116|103|
2016-02-27|7|1_CTs|CT12||332|71|56|48|42|42|40|286|32|20|28|22|13|24|23|16|9|18|16|20|13|14|14|15|7|10|15|27|25|26|32|34|47|43|335|61|74|91|94|397|388|123|164|430|165|172|181|193|179|197|196|152|447|177|189|414|665|417|412|141|163|173|179|174|182|144|130|184|149|145|171|159|426|186|716|174|185|183|151|173|407|116|123|363|74|89|339|65|68|71|50|52|67|41|55|86|
2016-02-27|7|1_CTs|CT13||21|17|14|14|9|5|5|4|9|7|9|10|7|4|5|5|2|3|3|9|7|4|6|2|6|7|6|6|9|8|16|19|14|10|22|29|285|25|37|36|25|25|32|43|35|42|50|39|298|39|34|35|309|54|309|56|40|46|44|48|40|53|52|45|36|38|47|55|53|47|314|35|42|41|28|38|36|53|78|42|32|37|39|34|30|289|21|287|20|29|22|25|28|27|21|33|
2016-02-27|7|1_CTs|CT14||194|170|144|148|367|87|345|76|84|336|77|70|48|65|64|61|59|63|71|54|75|83|68|78|92|79|86|89|96|103|124|408|136|153|187|213|453|243|230|243|507|245|287|832|291|572|317|293|316|349|335|590|623|331|304|310|270|524|506|306|309|282|292|325|332|540|295|859|357|371|335|323|592|350|296|320|290|322|340|314|272|262|462|437|159|157|166|430|153|164|156|451|153|164|174|448|
2016-02-27|7|1_CTs|CT15||35|36|24|25|25|22|23|17|17|10|8|18|9|10|11|1|5|10|4|18|7|9|2|5|4|12|11|8|13|11|22|14|24|20|45|24|32|56|41|50|297|38|48|54|61|63|41|57|54|64|70|59|103|71|60|77|81|64|68|63|71|55|49|82|82|60|60|36|50|50|55|42|67|53|55|59|53|53|71|78|328|36|58|308|21|49|22|35|27|18|27|33|20|29|33|35|
