2011-09-08|22|1_CTs|CT1||15|14|16|6|8|7|12|9|4|2|5|5|5|1|4|4|5|7|3|5|9|8|13|16|16|21|24|32|31|48|82|108|110|121|148|138|113|125|131|125|102|78|95|62|86|85|76|56|58|76|65|77|70|78|64|66|81|74|81|62|66|61|82|68|74|84|77|100|61|82|87|90|76|95|76|106|83|97|74|64|58|58|61|47|28|42|43|42|20|37|26|19|18|24|21|13|
2011-09-08|22|1_CTs|CT2||13|11|9|7|9|4|4|5|3|4|2|4|3|1|1|3|0|1|5|2|7|5|7|11|11|18|19|20|25|28|40|43|49|50|51|58|53|61|52|45|55|44|42|40|48|42|36|42|39|37|40|46|42|32|39|37|63|43|41|40|51|42|44|39|49|46|62|43|43|48|39|45|34|48|40|53|51|37|40|34|31|32|29|30|20|20|25|25|14|17|21|17|17|21|12|10|
2011-09-08|22|1_CTs|CT3||59|46|35|31|29|21|15|17|17|15|11|14|16|13|8|8|8|11|8|8|11|16|20|32|42|43|45|59|78|110|171|202|219|263|285|286|281|272|271|259|225|187|218|205|201|209|183|173|194|180|179|193|207|176|178|180|226|190|227|188|206|200|252|218|224|249|285|227|230|238|231|272|227|252|244|296|300|266|227|208|178|173|142|121|116|111|109|96|99|93|87|73|89|79|70|58|
2011-09-08|22|1_CTs|CT4||39|24|31|24|20|22|7|14|12|15|6|11|5|8|14|13|3|10|4|8|7|10|9|19|35|21|33|46|57|54|91|112|120|143|142|206|195|192|172|175|175|167|163|158|185|147|131|152|152|155|137|105|142|129|149|135|150|130|147|155|200|232|215|220|233|213|201|192|201|203|179|211|236|226|251|227|195|158|177|163|155|126|125|108|87|64|67|72|62|75|49|49|46|49|35|42|
2011-09-08|22|1_CTs|CT5||45|28|29|24|21|20|15|16|10|8|8|12|8|6|13|14|6|13|5|6|7|16|14|15|37|22|39|37|69|60|109|127|137|175|178|229|235|228|237|194|183|164|180|164|171|164|130|182|169|142|158|158|176|150|131|141|155|170|177|160|205|206|216|197|227|222|207|207|241|256|224|243|239|248|261|262|268|222|217|190|182|165|142|122|111|73|80|67|68|75|53|51|54|53|38|46|
2011-09-08|22|1_CTs|CT6||29|25|21|17|15|15|10|7|10|4|4|9|4|2|7|7|6|3|8|2|9|9|12|14|23|20|20|26|32|32|54|53|69|78|71|108|99|104|127|100|82|98|108|105|98|118|96|90|111|105|94|101|76|92|80|90|93|114|130|104|150|178|201|177|165|184|150|127|139|131|141|153|143|181|193|162|167|150|129|130|126|117|81|73|64|62|54|48|43|40|39|46|45|38|34|34|
2011-09-08|22|1_CTs|CT7||3|1|5|3|2|1|0|2|2|1|0|1|1|2|1|1|0|1|1|1|0|2|3|3|1|1|5|4|6|11|13|22|19|19|24|30|34|43|30|21|28|18|22|26|26|25|23|36|19|18|23|24|21|26|23|18|15|19|32|24|24|15|19|25|25|20|30|26|20|22|31|22|23|22|34|30|22|25|15|14|20|11|16|11|13|9|15|12|9|9|5|10|7|7|5|7|
2011-09-08|22|1_CTs|CT8||9|10|4|5|2|2|2|2|4|2|0|1|3|3|0|0|0|3|2|2|0|0|1|6|4|3|5|1|9|6|16|23|16|21|38|31|37|35|35|29|24|27|30|35|21|34|34|25|37|22|24|25|23|21|29|34|26|26|39|35|40|40|30|38|30|17|35|30|25|38|41|39|42|58|30|42|32|45|45|29|37|42|28|19|36|17|27|14|19|11|8|7|10|14|14|7|
2011-09-08|22|1_CTs|CT9||24|23|22|24|16|16|9|10|9|10|11|12|8|10|7|6|9|4|7|11|11|20|14|37|31|35|58|78|79|132|191|240|257|292|287|323|307|299|280|223|224|211|184|180|206|174|187|168|158|145|168|171|181|181|135|133|171|172|179|118|138|138|181|166|175|198|209|172|191|154|181|150|163|155|193|202|187|187|176|173|148|108|116|112|94|81|88|70|49|54|48|52|55|34|35|39|
2011-09-08|22|1_CTs|CT10||0|2|0|3|0|0|0|2|1|0|0|1|0|0|0|0|2|2|1|3|3|1|3|4|9|3|2|1|5|2|6|3|4|6|6|10|9|7|12|3|7|5|4|7|6|7|6|7|9|1|5|2|9|5|4|5|9|6|6|1|7|5|7|4|7|3|5|6|3|6|3|4|6|2|6|9|3|9|6|3|8|3|3|2|4|1|1|1|2|10|11|12|22|5|0|2|
