2011-05-05|22|1_CTs|CT1||15|13|16|14|7|4|6|7|8|10|4|2|0|3|5|3|1|3|7|8|6|6|18|22|22|28|25|40|60|82|126|166|190|210|198|169|127|153|147|121|134|73|78|74|66|88|84|60|65|80|84|69|87|87|70|77|90|95|76|84|71|73|87|70|79|88|93|109|90|113|96|118|97|101|100|92|102|102|84|68|63|46|41|40|49|33|32|30|32|42|34|30|21|35|17|13|
2011-05-05|22|1_CTs|CT2||36|28|25|20|17|9|7|13|11|7|7|8|3|4|1|2|7|5|8|6|6|9|21|28|27|40|38|68|86|99|154|201|217|228|254|235|196|225|214|164|171|166|175|153|126|176|157|132|156|140|166|131|162|137|135|158|156|171|146|158|134|134|167|155|178|202|188|205|203|203|203|249|246|246|203|208|230|198|172|161|131|113|89|92|83|83|66|63|69|84|68|73|54|58|50|36|
2011-05-05|22|1_CTs|CT3||66|39|40|38|29|16|15|14|15|17|10|15|7|8|5|4|6|7|5|7|12|14|29|41|34|45|55|84|97|153|248|319|331|366|374|339|297|311|312|220|239|202|232|214|183|193|192|209|211|199|197|214|225|204|188|223|224|233|244|216|218|213|227|226|225|268|250|277|270|305|324|333|282|301|309|296|272|279|230|212|201|188|162|140|125|141|113|91|110|125|102|103|89|76|85|61|
2011-05-05|22|1_CTs|CT4||69|48|43|26|30|11|17|13|7|7|7|11|7|9|10|5|4|7|7|3|11|13|14|21|29|42|33|53|59|90|121|155|200|173|211|204|187|207|185|186|175|157|154|171|158|153|138|134|152|166|151|144|158|143|147|143|158|166|174|163|167|158|166|163|171|191|193|222|215|222|221|232|232|231|221|224|212|206|218|194|156|145|141|101|103|84|69|62|76|78|78|71|63|52|52|50|
2011-05-05|22|1_CTs|CT5||59|45|28|27|26|21|21|10|11|6|9|7|8|6|10|6|7|7|6|7|11|15|19|23|33|37|36|65|64|95|120|183|248|294|294|290|272|251|243|227|200|169|170|155|172|184|171|148|162|188|167|156|175|173|161|156|179|187|187|197|203|183|195|188|204|227|221|259|242|278|262|297|296|282|282|325|286|282|233|237|191|164|129|116|97|92|71|77|89|111|93|66|62|55|42|46|
2011-05-05|22|1_CTs|CT6||32|36|25|21|22|12|13|8|5|8|6|2|4|7|3|5|3|2|1|8|9|10|13|21|19|16|22|34|30|43|65|64|87|118|105|107|148|107|108|121|94|90|94|80|89|105|103|91|103|91|111|106|95|113|112|108|100|124|116|107|112|122|134|124|135|122|136|144|146|160|203|173|162|123|174|186|168|178|139|146|118|102|89|75|69|57|49|50|73|95|74|50|48|35|46|31|
2011-05-05|22|1_CTs|CT7||5|5|5|4|2|2|1|1|2|0|1|1|0|1|0|1|0|1|2|3|1|0|4|4|3|5|5|10|11|5|23|23|35|42|42|37|30|32|37|31|32|20|22|22|19|29|28|20|18|22|31|22|36|21|25|21|17|26|22|29|18|14|32|22|29|30|31|37|23|37|28|33|41|36|35|39|35|33|21|27|17|12|11|17|14|8|12|8|10|18|11|12|8|13|6|6|
2011-05-05|22|1_CTs|CT8||12|6|6|6|0|3|0|1|2|2|1|1|1|0|0|0|1|0|1|0|0|1|2|0|5|2|4|7|3|9|11|20|37|35|42|41|40|40|43|25|21|41|16|40|32|23|24|28|36|32|35|29|35|34|34|23|39|40|61|36|42|32|47|42|35|36|47|39|53|46|45|61|46|32|50|49|52|51|53|45|29|35|26|15|15|14|24|7|23|15|13|15|8|11|11|7|
2011-05-05|22|1_CTs|CT9||34|28|23|21|16|11|15|7|13|7|10|11|3|9|5|6|10|5|5|9|12|19|26|45|34|45|73|98|112|161|255|345|377|350|367|351|301|293|290|246|226|214|194|181|192|173|159|169|173|182|193|184|169|182|170|189|213|198|206|207|204|209|183|174|184|206|193|200|202|219|215|222|194|198|232|246|191|168|165|154|130|135|97|102|84|73|62|59|79|114|94|63|63|38|58|34|
2011-05-05|22|1_CTs|CT10||0|1|0|1|0|0|0|1|0|0|0|2|0|1|1|1|0|1|3|2|2|2|6|4|9|6|9|4|4|3|10|6|32|29|10|16|33|11|17|8|5|6|6|6|11|5|5|10|4|3|5|7|12|0|4|8|7|4|8|4|7|12|5|5|9|11|14|10|4|5|5|8|4|5|7|13|9|3|2|5|5|5|1|1|2|1|1|1|1|4|14|35|24|2|2|3|
