2012-08-29|3|1_CTs|ct1||49|51|30|33|24|19|12|12|19|9|8|6|14|5|3|4|5|6|3|7|12|9|4|15|17|17|20|33|30|60|87|117|143|191|210|224|225|204|196|189|165|164|162|173|136|119|162|145|148|148|164|190|156|142|129|144|149|184|179|189|173|129|169|141|134|159|159|145|152|172|193|175|189|206|221|217|178|154|164|172|169|140|130|129|112|99|88|60|85|82|65|71|67|65|61|63|
2012-08-29|3|1_CTs|ct3||143|102|99|85|87|65|47|42|28|37|35|20|20|18|25|17|10|32|14|34|38|37|38|53|55|54|67|89|131|160|241|276|333|391|434|472|457|436|419|497|472|408|440|484|407|341|388|476|330|356|428|464|472|417|405|355|333|411|411|400|375|367|368|355|326|348|320|304|298|324|326|360|323|323|343|379|341|311|343|327|343|345|282|348|304|268|218|180|190|230|181|186|153|195|167|171|
2012-08-29|3|1_CTs|ct5||105|67|72|59|51|44|37|42|31|22|17|27|33|22|27|17|23|10|42|23|28|21|37|31|46|54|68|56|76|105|109|157|172|208|228|271|231|243|228|222|218|221|198|173|203|237|229|211|188|191|207|227|228|191|153|197|189|222|247|209|235|211|191|204|179|207|182|193|221|237|210|244|205|257|248|247|258|246|214|234|188|184|190|171|124|158|135|130|127|143|109|144|155|95|122|136|
2012-08-29|3|1_CTs|ct6||163|80|90|69|55|43|44|37|37|26|23|22|21|17|17|14|13|19|11|10|12|12|7|17|19|21|26|21|28|50|72|106|110|149|140|190|166|158|170|155|134|146|159|135|154|141|157|165|182|165|216|185|167|185|138|150|154|172|181|162|177|187|182|197|192|208|239|225|263|259|266|258|260|286|262|272|228|258|211|229|224|204|162|136|135|114|98|84|92|124|94|82|93|74|118|146|
2012-08-29|3|1_CTs|ct7||173|120|111|98|84|64|66|66|52|52|36|43|33|20|29|18|18|21|12|17|19|17|19|23|37|33|34|30|38|52|65|72|91|130|112|153|143|154|152|141|133|143|151|160|164|166|149|190|173|172|204|167|164|177|167|158|155|172|178|172|177|214|181|177|197|208|199|225|200|190|185|212|191|210|187|177|219|179|189|178|187|169|134|129|132|110|100|73|106|111|99|94|119|113|138|210|
2012-08-29|3|1_CTs|ct9||84|78|59|58|61|50|34|39|31|30|40|32|25|34|29|32|28|18|16|21|21|14|29|18|24|41|50|29|51|62|84|111|116|140|182|182|176|155|167|166|141|144|168|145|129|125|156|151|137|146|124|110|117|115|108|102|116|119|129|146|138|113|128|119|113|143|126|143|148|147|136|172|160|175|174|153|169|149|128|128|109|132|107|107|87|68|83|74|88|89|93|79|61|57|75|102|
2012-08-29|3|1_CTs|ct10||62|50|61|59|49|32|40|37|36|31|33|38|25|21|20|28|19|17|22|16|26|12|19|21|25|25|11|27|21|26|39|53|74|82|78|108|105|108|113|89|111|93|106|100|85|100|91|124|103|98|108|118|96|83|99|81|92|105|109|106|104|100|110|100|122|96|99|116|113|119|115|149|126|125|118|116|97|111|93|86|82|93|75|77|63|77|67|61|65|66|56|68|71|67|75|77|
2012-08-29|3|1_CTs|CT11||30|25|18|22|23|10|17|15|10|21|10|14|7|12|14|16|7|15|7|13|15|12|13|23|12|19|18|19|19|24|39|48|33|46|47|56|55|55|72|63|49|61|62|56|52|65|49|43|51|48|48|68|54|49|42|47|43|55|59|52|48|49|47|61|54|55|67|67|72|67|48|67|60|60|67|54|58|49|49|55|65|55|43|52|43|35|32|29|30|40|37|24|37|23|28|34|
2012-08-29|3|1_CTs|CT12||28|18|24|27|19|14|17|17|17|18|22|12|15|11|7|15|14|11|10|10|19|6|15|13|18|14|7|15|16|14|12|17|24|28|18|30|34|29|35|40|31|34|30|36|34|29|32|26|32|29|37|26|36|30|38|31|29|32|31|38|37|27|34|34|36|34|31|37|47|31|37|32|34|45|30|29|23|32|25|34|29|26|34|31|31|30|24|23|27|31|19|26|16|27|28|28|
2012-08-29|3|1_CTs|ct14||0|0|0|0|0|0|0|1|0|0|0|1|0|0|0|0|0|0|0|0|0|0|0|0|0|0|0|0|1|0|0|0|0|0|0|0|0|0|0|0|0|0|0|0|0|0|0|0|0|0|0|0|0|0|0|0|0|0|0|0|0|0|0|0|0|0|0|0|0|0|0|0|0|0|0|0|0|0|0|0|0|0|0|0|0|0|0|0|0|0|0|0|0|0|0|0|
2012-08-29|3|1_CTs|ct15||0|1|0|0|0|0|1|1|0|0|0|1|0|0|0|0|0|1|0|0|0|0|0|0|0|1|0|0|1|0|2|2|0|1|1|0|1|2|0|0|0|0|0|3|0|0|0|0|1|0|0|1|0|0|0|1|1|1|0|2|0|2|1|0|1|2|2|0|0|0|1|0|2|2|1|0|0|0|0|0|2|1|0|0|0|0|0|1|0|0|0|1|2|0|0|2|
2012-08-29|3|1_CTs|CT16||63|51|38|46|55|49|30|36|38|26|23|20|24|25|18|15|8|12|7|12|13|11|9|11|7|11|25|19|26|43|40|80|66|84|87|90|72|90|83|97|108|91|64|100|75|107|111|70|76|77|86|95|88|69|79|64|95|84|95|100|104|75|98|86|72|98|82|87|128|102|99|119|147|129|102|104|97|104|112|78|99|104|69|82|69|35|43|52|52|38|50|53|61|47|55|60|
2012-08-29|3|1_CTs|ct17||61|66|51|44|47|29|35|26|28|23|34|25|21|21|20|26|11|13|15|16|15|18|11|22|33|29|26|32|54|62|78|105|154|181|202|237|217|230|215|212|205|189|187|161|164|161|139|167|167|182|166|194|175|164|164|151|170|199|177|198|181|181|172|177|197|179|174|187|179|185|146|194|190|191|195|171|169|167|152|172|145|149|139|147|108|122|83|99|95|94|87|86|76|85|102|90|
2012-08-29|3|1_CTs|ct18||86|74|83|76|77|44|50|43|53|53|56|43|35|25|35|28|28|17|19|22|29|16|29|31|38|40|31|46|53|59|94|120|140|168|160|192|191|199|209|189|177|162|171|149|145|140|142|169|143|139|142|164|160|125|170|130|161|173|165|165|154|157|160|185|159|153|170|156|155|165|166|171|192|198|131|147|170|160|135|143|131|137|127|145|99|117|109|95|87|90|101|103|106|95|109|107|
2012-08-29|3|1_CTs|ct19||1|2|0|1|0|2|0|0|0|0|0|0|0|0|0|0|0|0|0|0|1|1|2|2|5|5|7|5|9|4|7|9|9|7|4|7|5|5|9|7|7|3|5|6|5|6|3|3|6|4|7|4|3|9|5|8|5|3|7|3|8|7|7|5|9|5|10|5|5|6|13|6|8|5|10|6|7|5|6|8|6|9|4|3|6|5|2|7|0|1|1|1|0|2|0|0|
2012-08-29|3|1_CTs|ct20||82|66|68|61|46|33|37|26|25|32|32|18|22|14|15|9|11|8|17|13|13|20|18|19|15|23|44|58|65|94|113|154|157|187|192|194|176|173|184|217|176|165|175|180|169|169|182|163|160|166|164|170|181|152|145|160|153|185|190|199|186|182|178|174|169|188|168|206|215|184|204|189|167|186|208|157|175|172|186|187|184|189|181|160|133|124|116|105|91|89|90|78|92|89|103|91|
2012-08-29|3|1_CTs|ct22||6|5|5|2|1|1|2|1|0|0|3|1|2|1|4|1|0|3|1|1|2|1|4|4|2|2|0|1|4|5|5|8|9|14|22|18|28|21|19|18|17|21|16|22|19|25|22|17|20|12|23|23|25|14|18|15|19|16|21|23|13|22|30|29|21|31|23|28|36|26|33|40|50|29|36|34|36|28|20|24|19|18|14|13|13|5|7|4|6|4|4|9|3|4|6|3|
2012-08-29|3|1_CTs|CT23||92|58|49|48|28|23|21|31|29|19|15|14|32|12|17|17|17|8|8|7|16|10|3|12|17|18|18|21|32|55|68|103|164|182|182|251|254|189|207|200|175|149|176|160|169|159|154|173|176|209|234|225|202|187|172|176|178|208|186|206|205|183|181|212|211|240|274|223|313|296|391|320|403|412|416|390|360|340|359|303|306|262|215|181|158|133|140|114|115|150|110|79|83|93|84|96|
2012-08-29|3|1_CTs|ct24||202|181|135|125|93|92|63|64|41|49|39|25|27|30|31|28|31|37|45|44|47|62|82|91|91|155|213|373|456|615|816|905|934|1018|925|888|887|858|912|895|832|826|760|705|663|637|600|651|616|667|624|675|610|610|571|606|700|744|767|737|733|685|685|644|559|636|592|627|643|690|699|749|693|821|857|847|771|777|708|702|605|614|577|466|422|376|369|329|343|302|327|319|287|235|278|274|
