2012-06-14|6|1_CTs|CT1||1|1|1|2|0|0|0|1|0|0|0|3|1|1|0|1|0|0|2|0|2|3|1|5|4|8|3|3|5|5|6|6|26|13|7|8|16|10|6|6|5|6|8|2|3|5|1|3|3|3|3|4|10|5|5|5|3|4|4|1|3|1|0|6|6|5|7|8|8|5|5|1|5|2|3|7|7|7|2|2|1|1|2|2|2|2|3|0|1|2|0|14|15|9|6|4|
2012-06-14|6|1_CTs|CT4||5|4|7|3|6|4|1|0|1|2|2|2|2|1|2|0|0|2|1|2|0|1|1|1|2|4|2|2|8|7|12|11|5|15|24|7|28|33|25|33|26|28|26|24|27|27|20|29|27|44|33|40|32|36|25|29|26|27|34|34|32|45|27|40|36|36|31|45|35|46|46|48|57|50|48|42|43|37|32|33|36|26|21|14|23|21|23|17|15|14|15|15|26|12|9|7|
2012-06-14|6|1_CTs|CT5||31|16|15|13|8|10|4|0|4|3|6|8|3|5|4|4|5|6|8|8|9|6|13|9|15|11|17|19|24|34|42|47|71|69|70|88|85|71|74|81|67|49|60|65|73|81|72|68|69|78|69|64|73|73|76|61|77|88|70|77|73|72|45|63|57|55|88|67|89|79|70|55|68|78|59|52|55|59|30|48|43|60|27|38|35|44|46|40|30|39|38|34|36|25|22|24|
2012-06-14|6|1_CTs|CT6||27|25|15|16|7|3|5|5|6|3|2|7|2|4|9|5|2|5|7|4|10|9|9|15|12|14|23|14|31|57|69|97|121|157|156|181|161|148|130|120|134|101|117|102|95|113|98|101|107|94|107|102|91|83|106|107|110|107|114|119|106|119|107|103|103|135|125|129|148|148|110|125|117|160|116|109|80|101|97|90|105|89|87|73|84|65|59|64|52|61|45|53|37|49|33|23|
2012-06-14|6|1_CTs|CT7||2|7|4|3|2|3|1|2|1|1|0|0|3|0|2|1|1|2|1|1|3|0|4|3|3|3|3|7|10|10|20|13|40|32|39|38|42|31|30|33|24|17|29|28|31|14|16|25|17|23|26|27|30|27|33|23|24|24|30|24|32|22|19|20|25|37|19|17|31|23|28|39|28|41|27|24|26|24|21|15|15|11|8|11|11|8|6|7|13|6|6|8|6|8|6|5|
2012-06-14|6|1_CTs|CT8||39|31|21|18|17|15|8|13|7|8|9|8|8|12|6|3|8|10|5|8|7|14|20|26|23|33|42|49|83|117|145|192|235|216|202|202|216|218|184|191|158|149|134|144|126|131|134|130|125|125|140|150|145|133|157|158|151|141|153|158|165|145|165|153|150|170|156|160|167|161|154|179|187|192|177|163|163|157|150|137|129|114|118|113|92|93|77|69|99|77|85|68|77|59|65|73|
2012-06-14|6|1_CTs|CT9||40|45|30|26|17|18|12|16|12|10|6|6|11|7|9|7|5|4|6|8|17|15|27|33|43|39|61|70|96|127|163|246|256|309|344|367|341|299|317|252|230|208|230|213|202|194|215|193|198|196|218|225|211|188|211|208|224|232|186|209|210|225|208|241|220|221|248|259|261|267|277|279|265|300|261|229|212|212|196|200|153|182|156|144|127|118|83|107|89|88|86|97|61|64|70|61|
2012-06-14|6|1_CTs|CT10||30|23|28|12|12|13|12|8|9|5|7|6|3|4|3|3|5|6|4|4|6|7|15|20|27|29|30|56|64|62|97|133|177|166|177|219|211|196|210|196|151|163|142|168|130|153|160|164|156|175|138|160|148|169|142|135|178|128|153|156|151|155|163|153|167|181|167|174|216|196|191|196|229|246|242|211|142|158|158|155|140|123|113|122|95|78|77|77|57|79|64|54|53|58|52|44|
2012-06-14|6|1_CTs|CT11||20|28|19|17|11|14|9|13|5|3|7|10|4|3|9|7|4|4|7|7|13|17|12|36|40|44|64|88|111|137|209|285|323|309|339|320|240|288|289|288|256|222|234|206|176|196|200|196|191|192|227|204|228|188|186|188|189|210|196|204|177|188|215|213|223|240|215|233|222|238|216|195|204|196|240|193|189|141|156|151|133|132|99|119|103|110|65|81|51|64|60|72|44|54|37|41|
2012-06-14|6|1_CTs|CT12||25|28|35|22|12|17|20|4|8|9|10|8|4|7|6|3|6|6|6|8|10|11|10|23|31|29|46|61|64|67|106|149|240|260|246|293|293|269|289|243|196|171|218|201|185|170|191|180|183|187|167|194|190|219|171|175|184|187|188|162|184|178|191|189|220|238|216|268|261|250|232|271|256|271|298|271|252|203|174|184|174|155|136|128|105|90|89|85|58|72|71|77|65|63|52|40|
2012-06-14|6|1_CTs|CT13||17|28|20|18|8|9|6|7|11|7|2|4|8|2|5|2|3|5|4|7|14|8|21|25|29|28|27|43|49|64|96|129|160|188|191|257|188|182|190|128|114|124|126|130|131|94|118|112|116|111|120|128|113|115|133|112|118|117|107|124|130|125|110|134|116|132|125|138|139|145|154|172|126|181|134|108|115|112|109|97|90|76|86|75|60|47|39|49|60|47|51|36|28|40|46|30|
2012-06-14|6|1_CTs|CT14||18|23|24|14|14|10|11|3|8|7|6|2|5|4|9|2|2|9|7|1|5|6|9|20|20|20|21|34|42|26|45|67|78|100|87|112|114|102|103|103|96|94|98|95|103|94|99|120|115|110|91|93|110|110|101|105|98|112|119|128|92|105|112|105|100|128|142|141|155|154|148|159|165|158|188|163|157|130|121|130|108|88|94|87|52|50|48|51|47|60|55|48|54|41|35|27|
2012-06-14|6|1_CTs|CT15||6|21|11|10|0|4|1|6|4|5|4|8|6|1|6|3|3|6|2|8|11|13|24|22|14|21|18|34|46|66|72|103|160|172|181|182|153|140|118|107|83|97|91|86|91|70|85|63|67|82|70|85|73|79|76|80|85|113|90|80|79|68|74|80|86|87|88|94|93|86|96|87|92|94|93|85|75|57|65|52|44|46|44|46|26|23|34|24|33|29|26|20|23|16|13|11|
2012-06-14|6|1_CTs|CT16||28|27|25|14|19|9|9|14|5|6|7|8|9|3|4|5|7|6|3|4|8|6|15|22|28|38|41|58|77|84|157|179|257|250|256|249|268|246|251|265|210|190|206|213|190|170|172|219|168|181|210|198|202|179|178|157|188|165|190|210|174|175|186|196|183|214|194|192|201|203|202|218|198|245|251|202|182|169|167|140|137|128|106|112|116|86|74|85|74|75|69|59|53|60|50|51|
2012-06-14|6|1_CTs|CT17||12|14|16|7|5|5|6|3|5|3|4|3|1|1|4|4|2|0|1|0|1|2|3|4|5|9|12|22|15|17|32|44|47|82|73|96|67|86|73|69|72|77|95|88|90|62|84|79|70|81|79|69|76|79|86|74|87|103|82|73|81|91|74|77|96|75|76|80|110|103|100|105|123|101|107|115|110|107|69|79|51|83|72|46|58|36|44|54|22|36|35|46|24|27|17|22|
2012-06-14|6|1_CTs|CT18||62|52|35|26|23|25|10|7|21|14|19|16|9|12|11|8|8|14|14|16|18|16|26|19|34|43|49|63|90|116|162|216|282|250|280|319|296|296|281|281|287|259|240|253|240|237|232|245|202|222|241|255|246|240|224|215|249|247|239|278|254|245|234|255|251|261|266|270|302|278|260|299|274|285|286|271|246|235|179|209|194|204|151|147|148|146|119|138|126|116|111|99|90|83|80|77|
2012-06-14|6|1_CTs|CT19||33|31|30|23|15|19|12|5|12|8|6|11|9|9|7|3|7|6|5|6|6|8|8|9|11|14|17|24|23|40|57|81|124|150|114|175|185|159|152|139|132|129|146|146|118|123|141|123|154|150|145|139|171|148|106|142|126|143|146|142|135|145|144|149|169|160|160|162|188|167|183|204|211|205|203|206|206|174|153|150|134|132|126|88|84|72|64|78|63|78|60|50|56|46|45|36|
2012-06-14|6|1_CTs|CT20||12|14|11|18|12|9|3|5|4|2|8|7|2|3|2|6|8|3|5|7|8|12|14|19|20|30|16|27|37|54|66|67|101|129|152|153|131|24|31|137|131|74|43|110|134|118|126|51|68|98|129|105|86|111|77|52|13|43|99|102|22|131|124|41|78|117|112|151|154|107|39|131|15|22|102|36|80|120|94|94|87|79|84|65|10|49|66|73|49|67|41|49|52|28|40|37|
2012-06-14|6|1_CTs|CT23||65|51|43|33|30|19|17|19|12|20|12|10|12|14|10|4|11|17|16|9|16|28|37|35|26|55|66|67|108|151|231|287|299|356|363|352|340|320|316|295|265|268|245|238|209|190|190|227|222|205|247|229|232|225|240|254|226|258|255|283|266|263|250|262|231|233|272|301|286|277|305|310|326|328|280|303|264|264|243|251|214|192|203|171|157|144|135|114|142|122|131|138|125|98|104|86|
2012-06-14|6|1_CTs|CT24||48|57|57|31|26|23|19|26|23|18|28|9|14|12|18|6|8|8|13|22|23|32|20|39|42|43|59|77|109|143|189|230|237|324|326|339|360|322|330|310|325|252|277|282|247|283|256|245|278|268|288|261|250|253|245|272|278|239|288|237|293|267|275|292|290|281|340|374|247|399|372|410|410|396|427|382|374|350|297|287|298|290|214|182|172|169|151|133|127|118|149|115|132|107|103|68|
