2016-06-21|7|1_CTs|CT1||38|37|31|27|11|21|14|15|12|14|10|7|13|8|9|6|6|10|5|8|12|14|11|18|15|24|29|41|45|68|95|115|127|405|167|181|201|184|162|165|119|412|114|143|102|360|120|140|101|106|113|365|106|103|101|369|110|118|121|138|122|120|121|121|378|113|110|116|121|126|126|123|121|119|136|138|367|640|127|92|80|328|79|82|63|50|63|247|136|332|58|52|59|58|57|307|
2016-06-21|7|1_CTs|CT2||19|666|1487|862|925|561|578|505|663|364|628|158|77|311|582|247|533|588|392|769|893|164|121|119|130|64|133|100|72|171|180|115|528|1661|2361|333|546|250|252|734|186|165|139|180|625|404|133|151|172|125|442|166|388|395|107|548|29|47|76|92|55|444|90|94|95|102|356|185|349|53|126|70|318|98|1096|1913|2341|2102|25|343|98|76|46|36|141|2241|3987|4370|837|139|160|194|249|178|60|47|
2016-06-21|7|1_CTs|CT4||46|67|28|33|62|47|30|26|14|27|24|18|16|24|12|25|8|18|21|10|6|11|7|8|7|1|5|5|19|13|7|23|25|39|283|39|49|41|294|33|33|45|55|29|45|33|40|41|60|32|41|55|50|37|42|20|14|24|26|12|15|9|26|17|27|31|57|51|96|92|355|358|87|86|124|84|81|71|78|89|95|65|51|51|45|36|59|61|296|39|49|50|52|56|60|312|
2016-06-21|7|1_CTs|CT6||27|18|35|29|15|21|8|15|14|10|14|11|8|3|8|6|6|2|7|5|4|3|6|5|4|9|17|14|37|24|32|76|86|102|116|136|143|122|112|108|357|74|94|105|99|93|91|121|102|108|97|120|113|111|103|113|110|99|106|120|148|100|632|110|113|141|174|180|176|146|432|427|200|178|161|417|166|153|158|393|107|384|99|101|90|63|71|70|55|53|53|302|41|52|42|39|
2016-06-21|7|1_CTs|CT7||24|19|18|15|8|12|8|19|11|6|7|8|11|2|4|4|7|3|5|8|9|4|7|12|13|16|24|36|32|60|69|69|80|354|109|123|135|131|117|93|120|393|94|112|362|146|113|125|103|102|117|114|124|86|105|377|98|110|111|112|121|118|112|123|400|148|136|391|144|162|184|180|187|156|149|138|143|168|166|380|126|378|86|76|349|59|69|40|70|312|46|299|40|36|31|52|
2016-06-21|7|1_CTs|CT8||143|120|100|63|47|39|35|40|41|40|289|31|32|273|30|34|34|45|48|67|312|85|71|110|89|655|176|456|239|295|391|447|426|434|478|484|442|444|435|718|469|419|476|404|876|336|359|601|348|879|327|322|593|290|347|843|570|597|345|627|326|546|332|294|554|337|621|581|386|634|366|634|362|393|379|358|338|361|330|373|325|258|253|213|224|200|171|180|169|178|428|401|416|152|398|400|
2016-06-21|7|1_CTs|CT12||41|39|37|39|21|30|13|14|15|14|9|17|7|6|5|10|11|5|5|12|7|5|9|11|9|21|23|41|61|309|58|113|134|176|207|201|236|189|187|178|168|162|144|167|171|182|176|189|195|190|222|473|183|165|170|154|698|158|181|420|697|182|190|473|188|247|225|235|292|285|322|583|281|341|589|575|260|533|521|240|245|206|180|150|647|378|119|95|107|81|344|90|338|71|59|60|
2016-06-21|7|1_CTs|CT13||10|9|6|5|4|3|2|10|4|1|4|1|0|1|2|0|2|0|4|3|1|0|2|3|4|3|6|17|14|14|26|20|31|52|52|44|41|39|44|45|53|64|37|313|77|55|42|38|50|46|45|49|51|38|50|53|43|60|51|302|59|50|42|58|65|76|570|52|76|79|327|72|77|62|66|56|66|78|71|52|63|52|44|32|57|39|27|25|31|21|24|21|25|18|15|20|
2016-06-21|7|1_CTs|CT14||163|129|113|608|70|70|47|51|53|58|41|30|42|35|34|38|292|549|37|301|49|47|74|69|88|591|111|122|161|182|517|286|356|708|656|512|481|483|421|682|411|594|403|357|878|409|623|625|400|400|408|668|362|611|374|345|333|386|639|917|669|470|456|444|489|504|796|531|571|629|701|883|695|651|1154|569|578|571|564|464|490|409|850|325|549|226|238|429|231|451|453|172|455|196|160|154|
2016-06-21|7|1_CTs|CT15||35|21|29|19|18|20|16|19|9|15|14|7|2|3|6|7|5|262|3|5|6|3|10|8|8|8|14|21|33|18|37|69|93|355|393|171|183|684|398|97|370|90|114|357|337|105|80|98|91|66|78|83|75|71|81|84|86|98|113|99|123|106|110|123|173|174|186|181|187|427|202|410|182|196|171|169|161|391|396|163|115|114|326|84|93|67|57|45|48|41|51|39|54|304|38|42|
