2015-12-05|3|1_CTs|ct1||105|85|326|60|58|50|47|26|29|30|31|24|32|257|21|20|12|274|10|13|275|15|9|8|13|20|287|32|34|26|40|53|59|326|90|98|129|645|140|163|380|375|412|148|149|155|171|160|160|152|175|162|159|449|182|175|416|156|180|173|193|190|198|450|188|440|196|209|175|180|172|443|149|421|130|134|121|666|374|159|154|178|168|173|908|182|132|139|118|106|76|351|94|98|343|89|
2015-12-05|3|1_CTs|ct3||436|188|168|130|231|101|100|52|92|100|115|61|54|303|42|450|326|79|110|323|348|182|108|61|196|331|75|57|40|65|93|83|86|186|125|162|179|246|243|242|507|435|498|273|214|236|484|233|223|289|282|249|488|560|241|398|360|543|1065|298|329|300|302|520|498|779|254|249|162|182|204|188|150|124|123|79|408|128|121|156|661|194|431|189|135|387|104|122|113|119|148|418|166|466|178|171|
2015-12-05|3|1_CTs|ct5||473|676|218|154|137|121|109|335|90|77|62|328|59|56|62|63|36|45|38|259|282|18|24|29|25|24|22|34|43|47|70|78|69|91|360|116|143|370|381|148|177|152|645|170|179|181|735|456|178|223|245|807|248|259|256|373|331|216|442|210|201|476|739|978|254|247|271|248|274|260|248|494|502|263|256|229|280|735|249|245|760|502|485|458|456|405|166|178|155|192|449|440|444|206|213|753|
2015-12-05|3|1_CTs|ct6||31|14|16|15|18|11|4|6|5|3|6|8|3|4|2|4|1|1|4|2|2|4|2|7|5|4|9|9|9|7|17|9|13|13|17|19|21|29|35|32|16|36|32|31|37|25|37|34|32|42|36|35|34|53|43|421|161|46|295|30|45|303|49|41|39|45|37|44|41|41|50|41|44|29|288|39|33|38|49|26|20|36|285|44|27|19|19|13|30|35|22|27|26|24|20|25|
2015-12-05|3|1_CTs|ct7||437|457|171|156|149|121|116|363|631|92|103|105|101|98|94|96|59|69|63|52|51|31|60|61|57|54|56|42|47|49|58|56|61|78|67|75|87|328|101|95|108|121|377|388|144|373|143|165|148|190|199|367|64|144|166|156|146|410|157|926|165|175|156|148|685|199|186|185|188|158|105|91|92|72|77|319|96|72|93|69|95|106|159|167|425|187|430|168|441|187|182|190|179|221|195|224|
2015-12-05|3|1_CTs|ct8||366|378|112|91|285|106|60|60|319|43|52|51|313|48|51|52|24|38|29|25|28|283|19|26|288|29|33|30|25|25|32|24|29|43|41|52|56|289|76|62|57|74|329|351|97|94|88|84|99|115|176|137|132|101|100|109|89|605|91|609|91|361|95|95|368|126|133|120|370|119|114|127|373|101|94|124|386|349|373|107|132|133|383|101|103|139|134|114|128|127|131|102|141|401|123|157|
2015-12-05|3|1_CTs|ct9||116|378|404|148|117|83|78|86|323|78|98|87|64|362|92|80|56|58|67|56|69|59|41|35|33|37|302|55|293|44|70|59|59|69|347|93|126|132|155|399|158|397|173|152|138|143|412|401|165|154|153|439|154|437|152|138|167|434|396|177|167|430|178|184|188|190|192|184|216|205|233|433|187|217|204|170|709|703|186|165|180|144|149|146|135|124|125|103|82|80|77|93|115|108|119|107|
2015-12-05|3|1_CTs|ct10||108|117|139|98|110|100|103|102|87|103|101|77|87|98|85|66|72|81|73|50|48|49|55|56|51|52|38|56|43|51|49|37|48|46|53|56|61|59|63|89|99|107|111|103|94|112|126|110|120|141|145|121|138|142|133|130|109|111|100|104|109|132|130|126|129|128|145|139|128|146|146|171|148|153|153|148|116|145|138|130|108|136|132|96|103|105|84|100|89|86|93|102|92|101|102|92|
2015-12-05|3|1_CTs|ct13||535|794|264|222|193|227|195|178|164|178|178|436|143|129|172|145|153|446|145|122|108|372|132|379|1483|1566|104|116|644|136|120|128|123|124|145|450|194|163|213|165|466|210|259|318|237|262|251|241|226|530|248|313|533|539|252|403|359|507|467|249|475|257|232|222|234|508|501|212|215|209|214|439|208|222|237|260|230|487|242|227|220|228|260|220|454|379|215|254|248|237|198|250|268|252|267|257|
2015-12-05|3|1_CTs|ct14||320|58|314|558|41|290|30|22|26|18|24|23|15|21|16|8|9|10|12|12|10|11|10|13|21|21|26|56|306|77|110|362|85|106|114|157|156|419|188|205|172|141|434|162|182|171|401|179|180|165|157|197|155|147|157|158|156|159|163|200|231|207|487|227|474|451|478|223|227|458|474|226|234|372|345|240|207|478|213|479|229|195|492|191|427|156|124|80|82|322|84|76|82|83|87|330|
2015-12-05|3|1_CTs|CT16||130|412|112|150|127|80|119|83|91|92|74|112|68|100|83|57|43|59|71|100|310|46|47|29|48|55|59|50|42|28|44|59|66|72|330|90|98|355|120|90|142|112|627|136|166|158|379|141|162|175|184|215|697|224|192|407|185|192|433|161|163|181|203|164|221|208|186|194|201|279|222|489|268|308|249|246|233|537|206|509|243|253|176|421|138|183|149|150|127|415|96|105|401|140|120|154|
2015-12-05|3|1_CTs|ct18||140|158|154|112|141|128|144|125|104|124|127|104|100|117|100|86|87|91|101|71|75|73|75|63|66|60|55|63|64|70|52|65|66|74|97|94|106|113|131|138|158|147|162|138|164|181|177|153|179|201|189|164|187|200|177|187|178|170|166|157|181|226|199|189|187|210|206|208|212|246|211|234|223|230|227|221|179|220|193|186|159|205|194|175|165|165|134|154|129|134|147|136|155|154|152|130|
2015-12-05|3|1_CTs|ct19||1|3|0|1|0|2|1|2|1|0|0|0|1|0|0|1|0|0|0|0|0|0|4|1|4|1|3|5|4|5|1|4|2|4|3|4|3|4|0|7|4|2|1|3|4|2|4|1|2|3|10|7|3|11|6|7|1|3|4|2|1|1|3|4|2|2|2|2|2|1|2|3|4|3|1|4|2|1|7|5|8|2|2|2|4|3|3|1|7|2|0|1|1|8|0|0|
2015-12-05|3|1_CTs|ct22||6|8|7|3|3|1|1|3|3|7|1|3|6|4|2|3|1|2|1|4|6|1|1|0|0|1|4|0|4|1|2|7|8|7|9|13|13|12|9|17|7|19|20|8|6|20|24|20|17|16|25|17|20|257|21|17|11|19|15|18|11|11|21|12|12|15|12|14|13|14|274|11|15|268|16|11|10|12|12|12|11|12|10|5|9|6|5|6|4|9|11|9|9|10|4|5|
2015-12-05|3|1_CTs|CT23||757|156|149|380|131|372|100|83|46|62|63|67|79|37|29|31|16|31|29|42|46|24|20|269|23|34|36|40|46|34|54|82|97|160|432|149|193|178|149|228|236|708|225|240|224|253|504|267|197|262|291|317|613|342|338|516|246|270|260|278|587|529|282|277|327|543|270|585|226|796|549|301|576|669|368|213|277|536|246|292|797|263|193|228|163|157|162|129|140|139|128|137|156|153|156|690|
2015-12-05|3|1_CTs|ct24||515|1023|503|481|182|152|151|346|120|99|107|70|322|580|55|304|58|65|49|71|321|63|81|358|105|133|926|491|228|599|425|737|388|493|790|719|720|1052|1173|933|810|1043|1315|810|1049|793|1049|831|797|1308|792|837|1069|999|827|1017|813|1055|1044|851|1128|842|1629|1137|1092|1021|823|886|830|895|1333|853|867|844|853|774|783|760|854|1070|1302|809|1040|944|809|487|446|394|423|582|884|619|382|620|378|565|
