2011-03-27|3|1_CTs|ct1||109|120|91|51|0|0|0|25|82|59|56|47|22|40|24|24|21|22|17|21|24|14|19|16|12|19|22|18|23|20|22|33|25|26|27|29|28|40|46|68|54|47|67|60|66|72|71|80|90|85|95|97|114|93|111|108|103|104|120|121|131|117|149|148|139|120|155|110|116|141|127|117|121|136|125|124|125|113|142|120|122|109|118|122|99|94|79|88|89|63|88|62|51|61|52|53|
2011-03-27|3|1_CTs|ct3||284|309|251|144|0|0|0|62|216|227|167|157|100|100|84|67|82|64|52|59|52|62|64|55|63|73|72|99|88|130|118|107|74|99|106|93|109|101|189|156|148|131|166|168|155|184|170|186|191|221|213|242|237|244|245|220|254|274|268|291|306|305|345|348|353|312|344|301|300|325|304|302|326|310|292|309|293|287|306|265|285|270|269|248|236|260|200|192|193|174|184|166|151|147|167|149|
2011-03-27|3|1_CTs|ct5||266|155|134|125|0|0|0|62|174|214|172|121|151|122|140|110|120|122|98|127|89|130|98|99|82|80|71|65|58|92|119|105|63|64|65|90|91|59|86|120|135|148|155|162|152|140|178|156|213|192|202|182|162|225|190|218|239|205|227|234|262|264|246|185|288|266|252|264|248|277|201|288|296|254|292|267|292|268|319|265|271|239|230|276|244|185|204|202|214|179|147|139|220|169|143|165|
2011-03-27|3|1_CTs|ct6||169|224|171|85|0|0|0|35|137|113|97|95|85|79|84|78|74|48|58|53|55|31|38|40|29|37|26|33|25|36|47|34|40|64|63|50|43|50|51|50|61|139|78|134|78|64|163|92|97|118|97|125|362|265|111|97|88|86|200|109|96|332|131|121|210|173|162|114|147|146|127|142|133|123|140|141|135|162|149|178|118|123|146|108|90|82|88|94|90|72|80|77|69|94|77|78|
2011-03-27|3|1_CTs|ct7||285|270|201|103|0|0|0|48|183|152|110|115|113|134|120|122|124|87|92|80|62|58|65|54|38|30|38|36|38|48|34|37|36|40|47|40|37|56|32|47|54|59|59|60|61|55|80|98|106|116|87|117|113|100|89|118|92|93|106|93|107|137|121|149|144|191|171|150|191|162|138|151|173|168|171|161|176|186|174|213|130|121|128|102|93|84|72|82|98|101|80|76|96|115|87|95|
2011-03-27|3|1_CTs|ct9||108|126|114|62|0|0|0|32|110|81|78|81|81|87|54|65|65|59|72|59|40|66|42|41|40|40|54|48|35|27|38|25|36|39|37|38|43|43|53|52|51|62|84|64|88|56|77|83|78|89|84|93|91|109|84|77|87|74|88|93|112|107|106|125|102|115|116|91|107|89|90|101|106|102|111|99|108|118|104|105|122|98|98|80|94|71|93|85|78|70|82|90|70|84|77|69|
2011-03-27|3|1_CTs|ct10||104|89|84|74|0|0|0|35|110|113|110|86|116|130|119|117|130|135|123|101|113|106|89|98|85|73|71|65|78|79|69|49|48|30|35|31|33|39|31|30|40|44|49|80|58|63|57|59|53|62|47|66|64|68|60|80|74|68|69|70|59|74|85|82|86|78|103|94|100|109|111|103|86|109|118|85|108|106|107|100|98|88|86|79|90|79|76|68|57|69|50|47|62|47|61|53|
2011-03-27|3|1_CTs|CT11||25|39|35|16|0|0|0|10|36|25|30|25|19|10|21|24|30|25|10|21|19|20|20|25|17|21|15|12|20|17|25|17|13|20|13|19|18|20|19|12|25|23|26|19|24|30|26|31|33|25|40|24|26|32|26|19|28|24|28|32|42|38|33|32|48|32|32|24|35|31|35|26|35|31|45|33|30|44|34|28|42|40|39|27|34|31|34|25|25|17|18|26|29|33|22|19|
2011-03-27|3|1_CTs|CT12||30|29|33|19|0|0|0|9|36|35|45|37|40|74|50|56|49|56|69|44|54|51|37|53|51|39|45|29|43|30|28|27|31|22|17|20|18|21|14|16|21|20|12|24|25|23|19|13|17|17|15|15|17|18|15|24|12|13|18|23|20|22|18|28|15|17|26|26|27|25|20|28|19|25|18|16|18|23|24|35|25|23|24|25|26|33|32|21|23|29|18|20|19|15|18|15|
2011-03-27|3|1_CTs|CT16||22|28|26|15|0|0|0|8|27|21|25|18|20|20|16|16|10|16|12|10|26|20|4|16|12|10|14|5|6|12|9|9|9|8|7|3|5|9|9|7|6|9|9|10|7|13|14|11|5|12|8|12|18|13|13|13|9|15|15|17|16|16|23|17|21|20|20|19|15|18|17|9|30|23|19|24|22|29|19|18|19|23|17|22|17|16|13|20|12|15|9|12|7|19|14|22|
2011-03-27|3|1_CTs|ct17||132|120|107|87|0|0|0|38|134|145|109|86|107|119|88|114|106|83|79|74|88|103|82|103|80|75|60|64|63|68|45|64|50|40|49|43|45|63|44|76|74|72|100|117|96|123|128|128|119|149|111|150|161|170|151|160|145|156|142|146|141|200|190|186|164|177|182|197|198|194|196|215|210|246|204|226|218|201|194|191|168|171|149|157|156|112|98|140|87|103|90|74|99|74|91|86|
2011-03-27|3|1_CTs|ct18||155|132|127|105|0|0|0|57|155|165|143|127|142|166|139|163|149|154|171|139|130|135|112|117|108|88|91|92|99|92|84|72|57|40|42|43|48|51|42|48|67|58|76|111|75|77|89|93|76|92|82|90|95|93|105|104|86|106|110|93|97|95|145|127|139|130|149|134|144|148|151|132|149|175|172|115|157|147|158|148|142|112|127|121|123|127|95|110|91|92|85|65|78|80|86|86|
2011-03-27|3|1_CTs|ct19||1|1|0|5|0|0|0|0|4|0|0|0|0|1|0|0|0|0|1|0|0|0|2|0|1|2|0|10|3|1|4|3|2|0|4|3|5|2|2|4|5|4|3|3|4|8|5|6|2|5|4|2|5|3|8|10|3|6|1|4|3|6|13|3|4|7|3|5|4|4|4|5|4|2|5|7|2|4|7|8|4|3|9|1|1|8|1|1|1|4|0|3|1|2|1|0|
2011-03-27|3|1_CTs|ct20||122|99|103|57|0|0|0|29|86|86|80|41|47|42|40|34|30|33|25|29|23|15|27|20|19|22|26|16|22|38|34|32|25|21|25|35|28|29|40|65|53|40|58|66|63|70|60|65|97|76|66|86|85|102|94|83|79|95|101|84|111|126|111|125|119|119|119|126|123|139|112|157|127|121|115|111|97|124|128|118|122|103|118|108|95|83|68|67|66|58|60|60|51|55|44|50|
2011-03-27|3|1_CTs|ct22||11|5|5|1|0|0|0|1|2|4|3|1|6|3|2|2|3|6|3|1|2|3|3|1|3|5|3|8|3|8|10|5|4|2|6|5|9|2|2|8|3|5|5|4|3|4|2|2|8|6|9|7|4|3|6|12|5|8|9|6|8|7|3|14|14|11|8|4|8|5|4|7|5|10|4|12|11|5|8|7|7|11|4|11|9|3|3|6|4|5|5|6|0|5|1|1|
2011-03-27|3|1_CTs|CT23||148|106|85|40|0|0|0|21|63|64|64|48|39|51|41|38|42|41|23|32|24|22|23|25|26|28|26|28|27|28|40|41|43|36|36|43|44|54|59|61|66|80|64|70|97|77|74|112|124|107|151|134|143|106|116|105|145|101|120|124|135|122|138|162|143|155|140|128|136|152|147|146|147|148|136|147|195|162|172|136|170|168|132|150|115|97|97|93|95|86|91|80|99|92|60|74|
2011-03-27|3|1_CTs|ct24||321|276|273|136|0|0|0|71|243|212|182|144|121|118|127|102|65|69|66|72|52|52|70|79|82|86|99|100|90|166|191|211|158|167|147|187|192|210|277|323|282|261|310|305|304|317|328|369|397|395|447|450|436|511|489|512|462|444|520|524|555|638|602|616|598|647|604|638|634|631|655|653|672|654|664|603|612|621|588|577|558|544|504|488|453|368|368|378|346|329|312|276|335|265|227|226|
