2012-05-28|22|1_CTs|CT1||23|8|19|6|5|8|3|5|10|3|4|0|1|1|5|2|6|8|8|7|14|13|17|19|24|17|26|43|39|70|85|120|176|197|218|199|161|146|139|118|88|88|78|88|69|66|59|73|69|71|67|79|86|89|71|72|93|89|92|81|78|74|68|85|71|75|76|87|93|78|89|85|122|105|82|100|82|72|75|46|48|52|43|45|36|30|38|39|30|25|18|20|21|23|20|21|
2012-05-28|22|1_CTs|CT2||39|26|25|13|8|9|4|13|13|5|6|8|2|4|5|3|11|6|8|9|9|10|22|36|29|35|49|65|69|105|108|199|224|267|286|254|256|250|212|200|174|159|153|140|150|118|148|148|149|148|163|144|144|138|167|179|161|160|165|140|162|147|155|179|166|167|184|172|163|215|217|222|221|222|254|204|198|187|157|146|124|124|110|86|87|63|86|67|67|62|48|52|52|43|41|36|
2012-05-28|22|1_CTs|CT3||46|31|48|31|16|19|8|13|17|10|5|8|7|5|3|7|8|4|8|7|15|14|22|37|28|43|54|77|92|140|182|275|292|357|398|360|335|332|312|283|219|193|185|205|163|175|201|193|202|208|206|193|196|220|204|231|236|203|229|215|221|217|206|228|227|252|218|224|234|323|316|321|288|292|286|240|229|207|203|187|176|173|146|124|134|109|92|91|86|96|74|78|82|67|72|43|
2012-05-28|22|1_CTs|CT4||25|27|22|20|10|5|9|9|8|8|5|5|4|6|5|0|2|4|2|6|8|5|19|15|24|28|28|45|52|69|100|165|159|178|209|201|204|181|182|195|158|120|157|141|146|126|158|137|124|152|133|163|142|158|137|138|136|157|155|154|135|140|169|163|138|185|194|194|164|221|209|218|199|234|232|210|185|210|200|160|176|133|113|111|93|97|99|70|54|54|53|37|44|46|35|31|
2012-05-28|22|1_CTs|CT5||23|25|27|24|5|13|8|18|8|8|8|8|5|1|11|3|2|5|4|5|7|10|15|13|25|20|34|49|61|85|128|190|278|282|275|262|289|245|241|226|182|147|146|151|158|170|170|176|151|163|159|199|184|185|161|195|166|177|168|196|176|182|209|176|169|243|239|244|225|265|272|266|264|292|312|286|243|229|211|197|181|171|127|130|87|107|99|83|54|58|45|54|58|44|39|37|
2012-05-28|22|1_CTs|CT6||24|20|14|14|8|5|5|7|7|12|2|7|3|4|4|5|0|2|3|3|4|11|14|12|12|15|23|25|30|35|48|73|71|95|121|114|134|109|112|112|83|88|89|72|91|99|94|101|100|107|105|107|100|98|100|99|92|87|106|110|93|97|105|109|118|126|141|128|139|157|163|159|160|156|182|167|145|141|128|116|110|91|87|78|69|80|53|61|41|48|43|52|40|31|32|29|
2012-05-28|22|1_CTs|CT7||10|4|5|2|1|1|1|6|2|0|2|1|0|0|1|0|3|2|2|2|1|1|3|2|7|2|5|14|4|15|8|18|43|38|38|38|38|33|33|26|38|18|20|23|20|21|14|17|24|15|23|19|29|26|27|22|29|29|24|24|29|19|21|28|19|20|23|29|26|36|39|31|43|41|30|30|30|26|11|22|12|13|15|16|13|7|15|11|10|13|4|11|9|12|4|4|
2012-05-28|22|1_CTs|CT8||15|11|14|11|6|8|6|6|3|2|1|3|2|4|4|1|3|0|2|0|1|1|4|5|5|5|8|9|15|20|30|57|67|107|66|83|80|86|88|86|68|53|64|79|69|49|80|83|71|80|75|69|75|101|63|84|76|63|81|64|73|72|55|48|48|54|50|66|66|81|91|98|84|91|93|98|91|81|90|84|60|100|56|52|47|45|45|31|34|36|29|25|19|23|18|10|
2012-05-28|22|1_CTs|CT9||25|28|25|22|16|11|16|13|7|4|6|3|3|3|6|6|8|4|5|6|14|20|10|29|19|32|61|90|110|145|222|345|355|325|373|320|354|313|318|277|223|213|175|178|179|183|204|189|156|173|159|214|183|192|201|184|220|194|196|227|217|210|205|185|179|242|225|214|225|271|261|205|228|214|232|187|147|147|152|137|153|128|110|109|95|95|71|72|56|56|56|53|53|49|47|33|
2012-05-28|22|1_CTs|CT10||0|1|0|2|0|0|0|1|0|0|0|1|0|0|0|0|1|1|1|0|4|2|2|2|9|1|12|2|3|5|6|9|57|11|15|7|20|8|8|7|4|8|5|5|6|5|3|3|6|5|1|3|6|6|2|4|3|4|3|7|4|2|1|6|4|9|6|7|12|5|2|7|7|1|2|5|0|3|2|2|1|3|0|3|3|0|0|0|1|2|4|10|8|0|1|1|
