2016-06-24|6|1_CTs|CT1||4|2|0|2|1|0|0|2|1|0|0|1|1|0|0|0|0|1|2|0|2|1|2|6|4|2|2|2|5|4|10|25|21|24|31|41|36|25|17|11|17|7|16|7|5|5|4|16|14|7|12|12|6|4|5|5|7|8|7|9|10|7|6|3|6|10|17|10|10|13|11|9|4|9|8|6|3|3|4|7|10|8|5|7|7|7|2|1|2|2|4|1|2|2|0|6|
2016-06-24|6|1_CTs|CT3||28|14|256|14|9|6|6|13|3|4|5|10|2|3|5|7|8|9|25|15|17|25|13|30|32|40|33|40|50|55|303|71|326|105|356|94|87|285|93|85|72|63|64|61|61|76|58|302|44|63|51|53|48|53|50|54|55|60|58|46|46|40|296|43|60|48|58|59|64|73|303|88|50|64|78|54|63|47|48|50|40|46|44|42|26|22|279|30|27|22|21|23|15|31|24|17|
2016-06-24|6|1_CTs|CT4||14|10|9|7|7|2|5|3|3|4|2|1|1|0|3|1|1|5|1|2|0|2|0|2|3|2|2|2|10|11|8|11|13|22|27|27|33|42|32|35|21|276|27|18|16|23|29|28|34|25|36|11|34|32|37|21|22|25|286|27|22|287|26|32|39|42|40|34|31|36|39|38|32|39|46|32|40|37|33|33|28|25|22|21|20|17|16|14|22|15|15|6|9|16|17|9|
2016-06-24|6|1_CTs|CT5||29|22|22|20|14|11|8|13|7|6|4|5|9|9|4|6|6|3|6|8|5|7|10|13|9|12|16|26|20|292|306|49|309|64|83|86|83|355|82|66|92|71|345|59|85|68|72|73|566|74|322|85|54|63|56|68|81|84|65|76|79|79|75|79|74|60|80|74|73|341|57|75|93|88|77|84|81|84|65|62|58|58|56|54|46|50|45|19|49|33|28|21|35|36|24|41|
2016-06-24|6|1_CTs|CT6||50|39|273|16|13|8|6|12|5|3|7|2|8|8|4|6|4|7|8|11|8|10|15|18|20|11|19|31|37|42|69|98|108|148|419|157|158|403|375|140|134|116|379|354|379|98|124|638|369|114|105|109|103|123|89|93|611|135|123|119|139|116|117|100|118|140|129|369|150|136|130|120|139|126|110|124|168|411|393|108|123|101|107|92|365|59|69|375|60|49|59|52|54|41|51|56|
2016-06-24|6|1_CTs|CT7||6|8|258|5|7|1|4|4|1|2|0|1|1|0|0|0|1|0|2|3|1|1|0|3|6|4|5|11|10|19|28|37|34|47|37|50|37|34|38|26|32|30|21|26|26|21|26|20|19|33|23|35|26|19|26|21|31|28|27|36|27|29|27|23|280|33|25|33|37|28|32|41|28|26|24|28|23|27|29|21|14|32|21|21|20|9|16|15|12|12|11|17|7|13|10|7|
2016-06-24|6|1_CTs|CT8||60|59|37|31|30|24|20|16|14|18|14|13|22|17|8|14|10|7|5|10|13|16|20|37|26|31|270|578|78|359|167|179|219|195|205|193|180|194|188|185|175|167|390|144|145|157|137|139|141|167|402|143|155|139|131|159|367|178|166|672|162|162|382|132|150|162|184|196|172|658|173|462|167|193|198|184|167|158|172|162|378|646|133|133|94|355|326|98|79|92|355|322|73|89|93|65|
2016-06-24|6|1_CTs|CT10||42|34|27|25|18|21|13|12|8|8|7|6|7|1|4|3|7|8|0|7|6|11|10|20|26|22|32|39|52|76|122|114|401|179|683|202|193|183|445|195|184|406|126|395|396|164|168|132|134|126|116|132|155|139|400|113|350|145|139|134|182|167|425|215|179|181|175|470|206|244|205|488|246|263|537|261|229|196|211|187|422|137|147|115|104|343|75|74|94|64|64|55|76|60|53|54|
2016-06-24|6|1_CTs|CT11||39|296|23|33|25|16|254|13|11|8|7|10|5|259|2|3|3|7|7|6|14|11|16|37|31|34|65|89|105|151|230|268|264|278|293|289|538|277|256|252|205|193|199|449|194|442|166|162|350|318|186|186|183|158|174|164|388|694|181|154|165|167|407|175|421|183|197|453|184|212|205|194|177|175|174|185|159|158|172|147|433|452|125|139|124|358|100|75|76|65|79|320|54|67|67|308|
2016-06-24|6|1_CTs|CT12||65|52|36|32|22|18|17|17|12|9|8|9|6|6|5|4|5|11|8|7|7|9|16|24|25|25|49|42|60|91|405|435|437|265|1038|283|789|290|250|237|199|692|174|429|435|177|209|192|215|184|465|200|192|173|194|169|416|199|184|184|447|459|483|508|226|256|252|775|267|548|273|298|553|297|270|257|270|267|791|234|492|212|186|147|143|100|83|357|360|92|82|334|351|86|75|68|
2016-06-24|6|1_CTs|CT15||48|287|280|20|19|10|10|10|11|12|7|6|12|14|9|15|10|5|13|20|20|22|28|31|41|44|59|59|72|93|145|146|157|196|462|248|240|225|447|182|129|619|122|100|110|102|123|110|610|122|127|133|139|125|110|113|104|140|123|114|109|115|378|105|598|137|139|135|144|181|220|184|140|204|171|140|116|111|127|112|354|349|99|94|79|320|60|55|51|296|51|58|298|62|56|44|
2016-06-24|6|1_CTs|CT16||49|38|29|31|31|24|15|14|11|12|11|10|6|4|4|1|262|7|5|11|11|14|9|25|31|31|39|84|74|117|459|229|234|258|534|273|296|259|502|235|220|217|174|448|221|197|191|419|449|189|184|207|189|195|168|160|172|199|183|178|441|429|172|184|441|191|449|228|196|453|215|230|195|224|486|226|210|193|197|192|176|435|181|155|397|137|112|93|97|83|85|304|57|87|77|61|
2016-06-24|6|1_CTs|CT17||62|60|297|29|27|19|32|11|21|6|12|6|4|11|4|11|4|7|11|7|9|5|7|6|9|12|14|16|32|36|65|92|101|107|396|196|201|186|142|151|148|164|652|147|120|128|156|152|141|370|156|128|152|115|399|337|182|401|151|158|137|155|159|160|184|141|180|193|200|480|230|233|214|241|190|193|192|198|163|197|191|153|113|102|107|96|84|103|89|83|68|95|96|69|65|61|
2016-06-24|6|1_CTs|CT18||84|70|56|52|45|40|24|27|21|17|14|17|19|17|12|12|13|12|18|18|20|20|18|29|30|45|49|92|102|393|200|251|765|264|577|288|300|854|328|261|285|514|268|226|263|231|499|226|239|230|226|249|190|248|182|459|224|239|244|229|245|272|222|488|255|259|269|261|247|513|250|282|282|289|274|300|299|269|492|225|460|210|206|201|167|144|174|375|137|389|118|110|362|121|116|102|
2016-06-24|6|1_CTs|CT19||42|36|45|29|26|23|28|8|20|8|13|6|9|10|6|7|2|9|12|6|5|4|6|7|11|9|16|27|27|44|51|588|97|135|388|172|193|186|393|405|155|159|146|420|135|391|156|159|139|155|147|168|131|126|128|375|611|137|152|134|390|159|661|168|177|184|430|209|192|724|214|205|197|234|222|188|199|216|190|202|432|168|109|119|117|95|352|103|91|82|76|71|318|65|67|53|
2016-06-24|6|1_CTs|CT20||40|35|30|14|13|13|8|7|7|5|5|2|7|5|2|6|10|4|8|7|8|12|9|11|14|23|19|33|50|48|40|84|334|117|328|20|74|403|95|95|142|384|134|142|124|110|112|359|87|77|322|39|114|102|114|108|108|111|72|93|123|4|99|373|87|104|118|50|67|375|347|51|116|9|72|51|54|46|72|98|21|103|82|76|333|42|39|333|75|93|67|369|483|22|46|46|
2016-06-24|6|1_CTs|CT21||89|80|295|41|43|41|32|44|20|21|15|20|17|10|22|18|20|23|33|54|44|55|62|324|55|85|590|122|158|236|305|327|309|373|575|312|560|537|312|556|271|477|459|441|231|245|247|254|710|222|236|226|211|203|224|211|218|230|247|422|227|214|476|260|254|473|484|241|253|254|273|271|233|272|241|241|209|472|238|208|196|182|214|423|198|419|122|152|368|140|128|116|105|103|122|107|
2016-06-24|6|1_CTs|CT23||345|81|60|312|45|21|32|31|25|18|23|18|26|21|16|18|241|10|24|24|21|36|38|49|51|56|71|103|113|178|480|258|323|319|328|318|549|291|528|301|286|501|486|237|723|233|450|211|495|467|460|242|203|204|445|497|217|248|249|227|463|220|473|258|260|246|259|303|541|551|313|299|331|301|320|292|278|528|256|291|196|248|224|203|669|144|396|137|141|134|129|386|355|121|128|96|
