2015-11-02|2|1_CTs|ct1||42|28|26|17|26|270|12|15|15|6|12|10|16|11|16|10|8|18|14|29|13|31|26|24|33|46|57|84|97|109|107|137|378|135|405|416|413|664|413|181|184|434|431|186|189|445|193|153|402|150|134|412|131|126|132|442|415|443|167|437|157|147|163|118|141|419|163|131|175|138|143|120|137|133|379|161|117|391|140|134|120|373|116|359|106|84|87|73|65|62|70|58|69|56|58|62|
2015-11-02|2|1_CTs|ct2||32|17|262|15|21|11|11|13|5|4|7|7|8|45|8|6|7|9|8|16|6|87|34|13|14|71|31|28|39|291|40|49|38|38|293|73|75|80|332|343|330|89|353|99|350|87|99|307|73|114|84|65|88|88|325|348|336|93|72|87|76|350|128|116|88|125|96|76|382|112|95|73|326|117|69|108|81|73|64|371|73|69|68|79|80|98|80|37|34|36|553|43|42|293|42|31|
2015-11-02|2|1_CTs|ct3||47|41|31|23|25|20|21|17|21|9|13|8|14|15|16|9|12|257|16|23|17|28|25|32|46|41|45|58|88|97|94|90|112|122|149|134|142|215|602|167|946|184|666|452|219|205|196|431|157|163|406|163|151|391|144|180|424|716|445|177|166|204|432|173|188|443|153|162|225|429|173|163|163|151|166|171|142|398|179|148|399|144|112|112|126|90|349|85|312|90|305|66|87|65|68|83|
2015-11-02|2|1_CTs|ct4||38|41|23|25|19|22|21|18|19|13|12|7|8|12|7|7|3|10|9|6|8|13|18|22|18|28|28|34|51|41|65|71|84|116|122|114|126|189|332|127|370|134|113|377|99|388|128|380|361|113|130|123|116|87|103|371|372|376|635|138|648|142|137|145|150|136|103|130|115|107|95|96|98|112|98|90|91|85|362|91|104|88|74|54|83|56|68|62|308|74|56|63|322|58|305|42|
2015-11-02|2|1_CTs|ct5||331|314|296|45|47|34|38|25|27|19|15|16|19|19|11|19|7|18|16|18|14|17|22|25|27|25|289|304|316|57|84|101|131|135|408|172|433|436|429|198|970|204|180|208|419|202|194|192|175|170|232|181|210|407|420|178|673|190|211|225|495|190|237|221|215|235|252|489|452|429|173|179|178|168|168|160|171|144|165|138|129|137|362|91|111|86|105|106|88|110|359|104|104|91|85|91|
2015-11-02|2|1_CTs|ct6||71|65|42|38|47|35|31|24|25|23|13|16|16|12|19|15|13|13|15|24|273|20|16|22|30|22|39|28|47|56|64|67|353|94|113|114|129|136|376|121|640|145|376|383|380|403|150|145|383|390|153|130|151|619|365|387|148|161|409|152|415|164|178|182|157|176|187|182|413|403|136|398|148|369|137|379|128|111|386|129|376|358|97|96|356|81|71|89|89|93|591|77|90|79|75|65|
2015-11-02|2|1_CTs|ct17||50|54|37|34|292|32|29|18|40|19|17|9|16|18|19|11|12|30|15|26|19|27|36|37|46|54|62|67|94|87|145|124|134|137|433|436|161|186|189|227|712|480|462|236|234|501|243|240|201|211|435|464|174|166|183|203|437|493|506|220|198|213|206|187|227|199|177|172|712|213|215|204|432|201|233|207|195|178|226|192|194|178|147|120|138|104|121|104|91|95|364|76|93|89|89|77|
2015-11-02|2|1_CTs|CT19||24|16|13|16|16|13|9|261|11|5|5|4|3|7|3|7|4|7|5|11|6|7|8|13|12|16|17|35|45|36|63|61|324|73|618|93|101|109|99|107|365|367|125|845|124|345|147|596|358|367|117|358|88|78|89|600|348|590|124|359|370|146|115|131|152|145|147|125|1131|141|121|370|363|140|633|613|114|365|98|351|119|81|64|48|69|49|57|303|37|45|297|284|45|33|31|30|
2015-11-02|2|1_CTs|CT20||296|29|26|21|15|18|270|13|9|13|5|5|3|5|6|3|1|5|7|260|4|7|6|7|10|16|18|24|27|31|38|61|70|71|77|612|94|346|82|330|78|63|75|78|66|84|74|333|79|59|88|322|79|314|104|785|69|61|321|339|309|301|74|311|82|81|70|82|339|75|91|89|93|81|350|576|71|65|340|63|587|71|316|44|55|310|49|51|38|308|44|35|293|44|44|35|
2015-11-02|2|1_CTs|CT21||29|14|14|14|8|8|10|5|6|2|7|1|3|3|2|1|0|3|4|2|1|3|2|1|4|9|8|13|11|11|25|278|39|304|47|575|47|314|41|302|43|34|51|301|304|42|51|41|51|39|36|45|45|285|296|39|36|49|40|49|294|20|55|41|55|298|47|289|270|314|49|58|42|51|43|259|29|40|44|40|41|38|29|30|26|27|30|26|23|25|16|18|22|22|24|21|
