2011-08-23|7|1_CTs|CT1||23|17|13|17|13|5|3|9|5|2|7|5|6|3|3|5|3|4|2|2|9|4|10|12|8|11|9|16|26|45|54|69|84|96|109|139|135|139|127|126|103|107|117|101|103|84|97|93|90|110|90|109|85|91|73|72|79|99|109|118|107|88|96|104|107|86|101|99|105|99|124|91|109|131|123|114|97|107|79|88|76|74|58|63|53|51|48|40|39|35|38|28|35|34|23|19|
2011-08-23|7|1_CTs|CT2||24|25|14|13|20|11|19|8|11|5|10|7|3|3|2|7|5|2|3|5|6|6|8|12|12|19|21|20|34|25|54|65|70|91|109|124|93|122|89|79|63|87|82|86|75|45|82|74|95|75|99|73|93|88|143|75|93|106|102|64|90|97|71|105|101|90|93|112|124|108|81|108|101|109|118|97|89|82|80|89|91|85|65|51|49|38|51|40|49|42|44|32|44|33|30|34|
2011-08-23|7|1_CTs|CT4||37|42|50|45|43|61|42|51|25|34|42|27|32|23|14|15|16|8|9|6|17|8|10|13|13|5|10|3|4|12|6|12|13|15|24|28|23|21|16|17|17|28|24|18|31|20|16|32|20|26|35|32|29|23|19|23|18|22|12|22|21|33|24|32|24|32|39|54|69|48|52|44|40|66|59|49|38|39|49|53|31|24|20|32|29|33|47|65|50|38|40|47|54|59|61|69|
2011-08-23|7|1_CTs|CT6||29|21|34|20|9|12|22|15|15|4|2|9|8|8|15|3|4|4|1|4|4|4|13|12|8|13|11|15|17|22|38|53|66|64|97|87|88|89|73|126|106|94|100|119|106|96|119|103|91|116|108|80|86|97|70|85|122|101|125|89|105|124|105|117|97|117|112|105|120|125|126|146|146|130|129|138|117|109|113|116|76|72|60|51|66|57|47|46|46|36|46|37|37|36|45|29|
2011-08-23|7|1_CTs|CT7||34|33|28|24|19|16|18|9|8|5|8|4|11|4|5|5|9|10|5|6|11|1|11|20|16|25|21|33|29|47|47|58|78|70|74|101|110|90|90|106|85|98|111|103|121|104|98|111|85|102|90|89|97|99|76|79|94|97|105|116|92|96|99|116|106|114|129|99|126|130|122|118|95|141|120|116|123|109|116|90|89|98|75|58|53|71|63|36|43|51|48|58|47|44|48|31|
2011-08-23|7|1_CTs|CT8||90|87|70|38|51|46|50|33|39|43|23|20|22|19|22|22|14|23|32|46|42|58|48|92|79|117|112|143|150|176|271|302|316|292|360|338|308|300|341|316|269|283|314|283|279|288|326|278|316|299|273|272|234|231|245|262|241|261|244|322|302|304|278|327|272|301|301|302|306|284|311|305|324|306|342|264|291|248|275|238|245|181|196|212|161|184|117|142|146|140|142|152|115|93|119|94|
2011-08-23|7|1_CTs|CT9||62|43|42|32|34|26|29|21|26|20|19|14|14|13|20|11|13|12|17|16|27|25|30|45|45|59|53|70|71|121|164|177|189|184|228|199|212|189|222|174|196|166|195|189|179|195|207|180|204|177|165|147|152|149|145|157|141|162|164|202|179|184|185|194|167|157|186|169|168|162|172|177|181|193|208|191|169|149|170|148|148|106|124|101|106|105|83|75|92|82|71|78|70|52|83|62|
2011-08-23|7|1_CTs|CT10||78|75|62|69|66|56|64|60|36|36|40|32|28|33|24|29|20|17|22|30|27|28|28|44|39|48|51|63|55|81|112|134|134|146|184|201|205|184|198|190|217|215|234|212|229|230|232|221|214|260|251|208|213|193|206|190|218|191|213|263|246|245|268|258|279|291|263|266|286|280|275|246|255|285|272|242|285|250|235|257|244|216|162|170|145|152|130|118|137|108|121|131|121|111|96|97|
2011-08-23|7|1_CTs|CT11||87|64|71|61|80|47|52|56|33|47|37|29|42|32|24|26|20|19|37|27|20|31|45|50|58|46|75|66|78|94|120|148|141|165|223|252|182|217|201|247|263|265|312|260|263|255|250|224|237|262|233|227|228|164|204|179|194|195|207|235|260|249|259|251|252|272|245|271|286|241|248|226|249|247|248|224|239|238|224|221|209|197|156|163|160|142|125|121|126|124|128|122|115|100|107|87|
2011-08-23|7|1_CTs|CT12||49|35|40|26|23|18|26|29|9|14|7|10|10|12|8|8|7|4|4|8|6|12|16|12|16|18|22|19|26|43|55|71|88|83|135|124|127|142|141|136|135|150|131|159|154|172|143|149|144|157|174|159|148|147|137|129|153|152|162|163|168|172|160|179|158|164|164|165|181|209|225|191|211|209|228|200|207|178|182|180|139|131|125|107|122|94|69|77|73|64|68|64|78|58|50|61|
2011-08-23|7|1_CTs|CT13||20|13|9|9|12|5|5|3|1|4|3|1|2|3|2|0|2|1|2|3|2|2|1|6|4|6|6|16|13|25|19|33|36|43|41|47|51|37|47|44|36|54|45|35|47|39|37|51|35|31|37|34|32|39|30|33|28|34|49|32|31|36|47|48|46|50|42|48|47|58|49|37|36|63|49|53|48|44|56|49|46|43|32|29|21|21|22|18|18|27|31|12|23|17|17|17|
2011-08-23|7|1_CTs|CT14||122|108|66|64|83|39|51|50|43|44|32|20|44|31|27|20|25|17|30|29|26|31|41|57|74|81|96|95|120|142|154|204|208|210|293|303|271|341|268|274|277|295|281|310|310|263|320|315|297|311|346|270|277|295|254|241|246|254|279|308|328|336|319|330|343|358|362|363|400|446|440|404|435|462|444|363|383|413|369|364|333|258|228|210|192|173|156|139|157|168|157|160|125|127|114|108|
2011-08-23|7|1_CTs|CT15||5|9|9|12|3|6|4|4|2|3|1|7|7|2|1|3|1|4|2|3|3|4|7|4|4|4|9|6|15|16|13|30|27|35|41|22|42|31|29|46|33|34|27|44|38|38|40|39|45|50|49|39|33|38|34|36|41|30|46|46|24|46|47|41|33|50|34|44|32|51|45|46|68|48|51|61|40|49|43|34|34|41|26|34|29|33|25|18|28|18|21|14|21|12|14|17|
