2012-08-15|2|1_CTs|ct1||77|60|66|58|42|31|18|20|23|20|12|12|16|12|11|13|9|7|9|13|9|8|11|11|16|16|31|30|29|50|42|57|48|53|54|62|57|55|78|61|76|78|93|104|108|134|117|125|99|124|110|112|100|76|129|126|103|117|96|114|103|129|135|120|122|147|117|138|125|112|120|121|119|113|97|117|101|97|116|100|95|111|93|78|86|84|102|79|78|59|65|61|52|59|53|60|
2012-08-15|2|1_CTs|ct2||36|32|42|27|19|21|17|11|10|11|7|12|7|4|4|12|5|6|6|8|7|5|5|6|10|8|16|16|12|13|15|21|15|16|26|31|28|29|32|19|32|22|32|43|68|34|36|29|32|50|33|37|40|39|34|30|37|32|43|37|23|36|31|28|21|37|32|37|33|36|40|34|27|34|30|27|33|35|40|26|39|48|38|33|44|27|27|35|17|18|21|16|31|20|15|28|
2012-08-15|2|1_CTs|ct3||146|137|129|122|102|87|63|64|54|63|40|55|42|31|28|32|25|24|30|31|26|30|23|25|37|39|44|51|44|62|73|85|86|79|84|98|88|99|124|100|122|122|141|163|176|181|181|173|167|184|167|172|147|142|169|175|159|161|159|154|152|196|200|177|175|219|178|200|198|166|182|204|172|174|157|181|160|173|203|154|153|163|167|118|145|139|146|141|116|103|125|109|115|115|103|109|
2012-08-15|2|1_CTs|ct4||81|73|66|64|60|42|41|47|50|42|42|36|41|27|21|25|27|27|26|12|25|27|29|25|22|15|25|22|36|32|28|42|42|46|36|49|51|53|48|56|65|60|67|74|59|101|85|82|81|97|116|112|84|66|69|119|104|89|100|119|97|109|103|123|96|124|117|92|115|123|118|109|94|121|104|126|148|94|110|117|88|95|98|101|88|76|64|83|82|77|72|84|89|77|94|82|
2012-08-15|2|1_CTs|ct5||133|116|132|113|102|74|75|62|79|67|64|64|66|36|26|37|32|41|28|26|27|38|39|41|33|43|38|37|58|58|62|73|68|81|59|98|74|80|88|90|96|100|115|111|130|157|142|144|156|126|169|164|162|163|137|179|156|157|177|178|170|182|187|202|166|199|202|190|172|206|194|208|187|202|173|201|206|157|186|185|172|160|170|137|146|128|123|139|124|126|118|123|147|147|164|125|
2012-08-15|2|1_CTs|ct6||142|137|124|137|86|92|65|68|80|78|54|66|54|40|37|27|29|35|21|24|29|20|24|29|35|32|36|48|47|56|58|70|79|58|61|70|56|63|66|77|82|81|89|91|116|111|109|127|106|104|140|144|141|115|106|135|114|132|108|144|146|145|146|171|164|192|181|171|179|173|158|190|186|179|160|189|195|178|178|154|148|145|146|117|120|128|100|104|116|126|109|132|150|148|165|135|
2012-08-15|2|1_CTs|ct17||135|115|117|120|107|70|65|59|63|68|47|59|47|29|25|33|23|29|27|27|14|24|23|23|30|29|29|31|34|49|60|73|67|79|71|100|84|78|97|105|98|116|125|145|140|170|157|156|151|148|166|168|120|136|157|143|151|148|154|163|135|171|192|193|175|204|183|180|177|163|175|178|174|160|143|157|149|170|166|128|136|174|143|125|121|127|125|122|104|117|116|92|96|101|102|82|
2012-08-15|2|1_CTs|CT19||51|48|49|39|50|27|31|27|36|34|26|32|29|25|14|11|7|13|11|11|10|8|4|12|9|10|23|16|14|24|29|37|36|33|37|39|32|39|45|49|41|60|41|69|54|80|66|65|60|80|84|68|83|54|67|72|65|59|58|77|75|70|75|94|93|98|91|80|81|78|76|95|82|83|70|92|80|75|73|63|69|74|69|61|66|65|51|75|57|54|45|48|57|43|47|40|
2012-08-15|2|1_CTs|CT20||55|57|55|55|45|51|34|34|42|40|39|43|47|39|35|24|22|17|22|12|14|14|13|15|20|22|15|16|22|17|23|21|21|28|20|30|35|28|40|40|44|43|53|58|65|58|46|60|60|69|66|60|50|69|59|62|66|61|52|56|59|57|57|76|71|69|68|74|68|66|71|68|59|63|65|72|71|68|71|69|75|57|67|61|50|52|51|59|52|58|51|51|55|54|47|53|
2012-08-15|2|1_CTs|CT21||32|32|26|26|28|19|18|12|17|13|13|17|16|14|11|8|10|5|10|5|6|7|5|8|7|7|7|4|5|13|7|5|12|15|14|17|21|16|21|25|30|29|33|38|28|39|42|45|41|56|56|46|36|43|41|35|34|44|42|39|45|45|41|34|61|49|34|65|46|56|47|40|54|42|42|44|48|38|46|48|44|32|46|41|30|40|36|23|25|28|22|32|30|27|26|35|
