2011-03-09|22|1_CTs|CT1||5|9|8|6|8|3|5|2|3|3|1|2|5|0|1|3|2|2|1|2|8|7|5|21|16|22|27|44|50|88|100|116|128|134|135|145|129|125|122|101|102|85|71|91|94|58|64|75|79|73|75|87|96|90|82|90|77|92|80|91|67|79|91|74|65|82|74|84|67|92|92|106|94|105|94|80|75|63|85|66|71|52|51|50|52|32|31|26|18|30|21|22|15|20|13|21|
2011-03-09|22|1_CTs|CT2||13|19|12|17|11|11|9|12|3|3|2|4|4|2|2|2|5|6|1|2|6|11|9|18|28|32|34|48|66|93|123|136|166|184|172|167|185|154|145|137|136|131|111|114|127|127|110|122|107|118|121|127|122|124|120|159|136|132|148|135|126|122|137|129|132|129|122|124|143|146|175|154|181|189|143|151|126|115|106|88|100|84|89|87|73|58|55|59|52|53|48|31|38|42|36|36|
2011-03-09|22|1_CTs|CT3||19|38|25|32|19|21|12|14|12|8|11|4|13|1|3|3|12|9|4|4|11|19|21|37|33|44|56|66|113|144|189|233|262|261|261|290|260|261|235|249|210|208|194|216|214|191|214|193|188|182|167|204|188|193|193|228|200|208|214|245|210|220|216|229|223|208|212|247|240|245|284|276|275|288|284|260|254|232|205|181|185|166|153|135|125|119|98|98|109|92|67|77|74|70|78|68|
2011-03-09|22|1_CTs|CT4||36|26|24|14|13|17|5|10|10|10|7|1|3|4|8|7|2|4|3|5|4|9|6|21|27|30|34|63|60|84|119|108|144|150|164|184|180|173|172|151|142|155|144|164|163|144|148|140|146|154|143|140|152|127|143|143|156|139|178|189|181|179|170|167|157|183|173|161|198|188|175|173|202|203|191|216|209|180|188|147|155|169|139|107|83|69|76|78|74|70|66|39|57|41|39|38|
2011-03-09|22|1_CTs|CT5||34|23|18|11|13|14|5|9|7|9|6|2|4|5|6|10|3|3|3|6|8|12|14|21|29|29|41|64|65|74|118|144|172|173|210|185|171|193|208|169|156|154|186|176|190|170|168|172|160|61|172|186|173|156|150|162|166|175|180|195|195|171|177|182|184|201|179|202|209|208|222|237|263|258|261|245|244|217|221|184|184|184|167|113|103|98|79|84|80|71|78|37|63|37|46|41|
2011-03-09|22|1_CTs|CT6||18|21|13|4|12|6|3|10|3|7|6|5|2|4|4|3|3|3|4|2|5|7|15|7|19|17|34|33|32|34|69|50|55|90|83|94|91|107|90|88|79|92|90|101|112|100|107|101|97|110|106|96|79|82|81|96|103|112|126|111|112|109|112|114|133|141|121|139|142|134|155|137|148|181|169|154|146|137|137|99|104|115|92|72|50|64|76|51|47|48|49|40|46|38|63|32|
2011-03-09|22|1_CTs|CT7||3|6|1|2|3|2|0|3|0|1|0|1|0|1|0|2|0|3|0|2|2|1|1|4|1|3|4|8|9|16|14|21|34|26|36|27|28|30|30|26|32|31|22|12|29|26|17|18|25|28|29|26|25|25|35|27|30|32|30|36|32|25|24|29|24|27|30|21|19|29|28|27|39|27|31|29|17|14|14|18|14|19|22|15|15|11|12|10|7|9|7|3|4|5|1|7|
2011-03-09|22|1_CTs|CT8||8|5|5|3|1|2|2|0|1|3|0|2|4|1|0|0|3|1|0|3|2|4|1|3|4|2|10|9|12|6|19|20|31|28|35|49|39|48|37|38|35|24|44|33|38|33|37|42|34|31|28|38|37|29|20|37|37|84|96|89|37|34|45|39|46|50|39|49|49|91|107|101|94|89|63|68|63|76|59|70|58|75|56|45|45|48|48|41|39|32|21|29|29|19|26|39|
2011-03-09|22|1_CTs|CT9||22|27|17|10|15|9|10|6|3|5|9|6|3|4|4|8|4|9|3|12|17|15|19|32|30|42|69|101|120|153|215|254|278|257|247|254|235|214|244|288|224|196|227|222|226|188|194|183|166|164|151|173|180|161|180|201|185|185|219|206|184|177|169|195|154|189|166|181|154|167|173|192|169|176|193|187|167|168|142|131|143|111|104|109|97|76|79|64|80|78|58|35|54|40|46|41|
2011-03-09|22|1_CTs|CT10||0|0|0|3|7|0|0|0|0|0|0|1|0|0|1|1|1|3|1|1|5|0|4|5|3|10|20|8|4|10|7|8|12|5|6|10|5|8|5|8|4|6|4|2|5|3|6|5|7|2|4|4|7|5|3|4|4|3|4|5|1|3|4|6|6|12|9|3|7|6|4|6|4|5|8|5|3|6|2|4|2|1|3|6|3|0|4|1|0|6|1|13|19|7|1|2|
