2016-07-05|7|1_CTs|CT1||40|29|26|18|20|25|17|13|12|10|11|8|8|11|8|5|11|3|8|10|12|13|11|18|23|24|22|43|59|64|74|121|151|160|135|178|440|178|176|115|670|101|120|116|112|109|115|121|114|114|374|368|109|109|96|618|104|114|131|374|112|120|627|123|111|123|98|141|121|392|125|123|641|139|123|111|629|126|96|88|107|89|59|80|75|69|71|55|58|50|58|67|52|62|44|380|
2016-07-05|7|1_CTs|CT2||33|23|37|51|36|299|293|42|60|100|80|36|66|47|579|3551|4075|3884|3471|3127|3045|2785|2615|2567|2566|2681|2477|2554|2458|2757|2223|2421|3639|3821|3306|2278|1581|824|760|751|315|623|244|366|234|198|299|646|517|576|194|229|216|180|227|429|230|531|456|319|636|480|2003|2320|1042|400|401|430|397|434|631|1306|1266|1265|1246|286|215|455|326|1082|1203|553|285|275|1493|2567|4200|1181|1227|2498|1285|1329|1437|1995|2842|1549|
2016-07-05|7|1_CTs|CT4||28|36|30|14|22|26|25|19|23|19|21|18|28|8|14|3|10|6|2|4|10|4|3|2|3|3|2|3|11|6|8|10|39|46|43|65|60|85|31|28|40|40|37|35|37|289|38|46|37|46|29|33|36|35|23|295|302|43|51|47|39|48|48|78|80|96|75|70|88|108|103|100|108|91|109|98|72|92|95|73|99|296|64|39|53|24|37|34|57|286|60|289|51|316|63|45|
2016-07-05|7|1_CTs|CT6||44|28|25|19|21|13|14|9|11|19|19|8|4|3|3|3|12|7|1|3|5|6|6|9|9|7|10|21|22|26|299|312|327|371|388|135|104|369|90|120|95|90|99|106|118|134|114|633|361|102|368|106|96|101|103|363|351|81|635|118|108|107|135|109|131|156|161|395|427|145|176|174|426|183|418|398|147|147|137|125|109|635|88|266|130|321|75|59|46|55|66|305|53|45|42|50|
2016-07-05|7|1_CTs|CT7||37|19|29|15|13|18|14|6|7|17|13|12|11|4|4|9|6|7|9|3|7|10|5|10|16|15|29|288|33|44|60|62|86|92|109|129|115|119|117|382|384|374|92|111|120|118|115|99|106|92|127|108|122|353|348|104|118|99|106|377|132|111|118|112|110|364|383|393|139|161|440|187|671|707|158|174|155|142|128|133|109|105|93|82|82|75|68|71|52|48|73|38|49|47|81|294|
2016-07-05|7|1_CTs|CT8||128|104|345|328|251|141|24|31|31|22|22|26|26|29|30|283|35|34|36|53|47|326|69|111|93|110|163|190|239|289|356|927|672|387|921|436|395|407|381|720|422|639|403|345|391|347|400|635|641|592|338|364|373|333|306|601|339|323|626|365|364|413|329|337|383|391|514|724|636|645|403|397|590|414|432|646|327|286|316|347|316|777|269|221|205|192|169|198|174|432|167|171|431|133|382|133|
2016-07-05|7|1_CTs|CT12||50|36|36|37|33|22|16|23|13|14|17|11|12|9|0|6|12|7|5|9|6|10|8|9|265|7|16|37|51|48|58|361|138|164|186|239|208|427|176|428|416|179|197|191|225|204|448|189|198|208|189|451|179|438|412|426|172|164|154|179|183|142|702|184|209|219|236|256|275|545|292|308|302|285|593|293|242|274|259|252|242|470|204|391|123|130|90|99|345|87|76|77|349|607|57|39|
2016-07-05|7|1_CTs|CT13||17|9|12|12|4|1|6|3|2|6|5|2|4|2|1|3|2|0|4|1|2|3|3|3|1|2|6|14|11|23|24|27|31|316|35|48|47|36|53|59|61|53|32|37|41|44|296|303|51|38|52|51|56|300|41|43|54|33|50|56|54|45|47|305|39|45|55|47|49|72|62|62|78|69|56|330|71|53|56|39|48|54|50|38|30|44|28|35|22|20|24|20|19|21|25|20|
2016-07-05|7|1_CTs|CT14||135|146|120|101|243|139|85|312|66|48|39|37|50|303|37|299|289|31|560|49|44|62|65|75|91|88|87|389|405|468|233|580|346|921|716|497|466|917|436|363|398|332|363|379|342|389|400|427|377|646|388|373|464|357|860|581|387|377|652|673|428|389|862|515|966|519|505|764|802|888|654|629|1207|650|641|563|527|595|476|532|726|689|334|280|287|264|215|223|211|217|448|197|197|709|185|488|
2016-07-05|7|1_CTs|CT15||29|23|17|17|17|11|8|16|7|7|6|5|4|3|4|4|15|10|8|1|10|4|3|7|6|13|9|18|16|32|66|61|67|89|109|165|127|86|114|336|72|96|65|317|95|67|59|64|61|57|93|77|70|77|61|59|68|84|86|75|70|102|340|98|122|117|179|146|387|182|179|161|405|126|124|353|95|102|77|116|90|85|65|56|65|46|61|52|59|45|48|57|42|33|26|286|
