2011-10-27|6|1_CTs|CT1||0|1|1|2|0|0|0|1|1|0|0|2|1|1|0|1|1|2|0|3|3|3|3|6|7|9|9|7|5|4|12|8|28|42|40|39|26|35|23|18|15|13|9|11|9|6|5|3|10|13|10|8|8|7|12|3|7|7|4|6|10|8|10|10|9|6|8|12|24|18|9|8|9|6|2|6|4|7|1|5|5|4|5|4|3|1|1|1|4|0|8|34|37|24|2|2|
2011-10-27|6|1_CTs|CT3||18|18|14|10|8|4|9|0|3|1|4|5|3|2|2|3|2|9|6|14|21|26|14|28|42|43|35|46|53|60|56|89|107|111|148|143|98|111|118|108|97|89|73|59|65|62|56|55|81|73|74|50|62|58|47|55|65|55|55|51|46|61|64|56|78|67|49|90|62|72|73|85|84|58|79|68|68|60|48|53|63|53|40|26|32|19|27|26|31|29|43|29|32|18|21|13|
2011-10-27|6|1_CTs|CT4||9|1|6|4|0|2|1|1|0|0|0|1|0|1|0|0|0|0|0|1|1|1|0|1|0|0|0|2|5|8|9|3|57|31|14|12|20|30|34|30|39|38|38|22|22|30|36|15|24|28|41|31|46|54|44|36|35|38|30|36|31|26|41|28|30|34|46|63|35|47|52|53|54|46|57|54|51|40|42|37|35|10|31|23|31|10|23|13|17|11|15|17|16|10|11|8|
2011-10-27|6|1_CTs|CT5||16|7|12|12|12|13|7|12|7|3|4|3|5|4|2|2|3|3|7|5|7|4|9|9|10|19|13|17|13|26|37|38|73|102|90|78|108|118|129|132|121|113|113|94|78|71|72|70|69|85|55|66|61|61|70|69|79|67|64|63|82|69|69|85|59|72|61|76|78|78|60|70|75|72|89|75|50|58|48|55|58|64|24|39|23|27|25|22|35|42|30|39|33|29|28|25|
2011-10-27|6|1_CTs|CT6||19|14|16|16|13|7|4|3|7|5|6|5|2|2|4|3|8|7|3|5|8|6|13|9|16|15|21|24|38|53|73|99|157|186|163|153|174|194|144|145|110|120|104|108|96|104|101|101|100|90|103|98|83|124|110|116|106|120|106|115|110|120|114|108|104|122|98|145|144|150|154|157|130|126|130|123|116|93|97|97|98|113|102|77|85|60|71|66|67|62|50|46|54|49|61|34|
2011-10-27|6|1_CTs|CT7||2|2|4|5|2|2|1|1|1|0|0|1|3|0|0|2|0|2|1|1|1|1|1|2|6|2|4|9|12|13|18|25|37|32|33|28|29|29|29|28|34|30|29|24|21|25|35|21|19|34|22|28|31|25|17|26|23|22|30|25|20|28|20|23|27|35|33|29|30|30|29|25|38|37|32|25|22|21|21|23|19|17|17|23|14|9|13|12|13|14|5|10|10|5|5|6|
2011-10-27|6|1_CTs|CT8||31|40|26|21|25|21|16|10|16|12|5|12|15|7|7|0|8|4|6|7|6|11|15|23|26|38|42|49|96|126|197|211|248|215|223|209|196|165|162|196|194|182|175|157|133|141|132|123|126|133|137|136|138|135|140|143|168|149|168|152|128|152|157|133|159|157|153|187|173|187|173|189|185|213|173|175|173|181|169|148|156|139|137|106|99|101|100|86|71|98|79|98|78|69|64|62|
2011-10-27|6|1_CTs|CT9||41|37|41|27|33|20|10|11|16|12|13|11|12|12|5|4|7|5|3|21|18|17|22|38|41|44|54|71|98|140|212|310|312|330|348|338|341|364|434|389|363|326|255|210|208|213|234|207|219|260|229|249|273|265|206|241|205|226|219|220|207|229|243|335|285|273|251|284|296|321|356|362|321|315|321|307|262|236|225|206|211|197|152|138|118|146|108|89|111|96|85|79|84|77|73|50|
2011-10-27|6|1_CTs|CT10||40|22|23|17|14|11|11|3|10|11|8|5|7|9|2|3|4|7|5|4|6|11|14|23|28|42|35|114|190|213|245|283|260|181|198|238|220|218|198|238|217|208|184|175|151|178|157|152|183|148|178|143|162|161|159|153|152|161|160|175|144|200|169|166|176|197|210|217|227|230|225|237|231|263|263|225|192|221|187|172|132|145|132|127|106|91|92|97|69|81|76|64|57|38|41|45|
2011-10-27|6|1_CTs|CT11||33|28|20|15|12|11|3|9|8|4|17|7|10|3|3|6|7|6|1|12|23|17|15|41|35|30|46|96|102|136|193|260|282|233|242|233|276|226|260|285|311|298|220|219|175|190|180|159|174|208|199|186|199|193|142|183|168|188|213|178|186|203|236|233|202|193|220|218|232|230|215|218|222|184|212|168|159|136|144|160|140|152|128|93|79|100|87|76|63|55|66|5|59|42|52|34|
2011-10-27|6|1_CTs|CT12||35|24|26|12|16|12|2|6|10|11|6|9|4|6|5|3|5|5|3|12|7|11|21|26|34|41|34|117|178|187|259|275|303|292|276|315|315|270|276|269|215|217|191|185|158|191|154|186|190|203|186|182|197|209|163|176|179|198|191|186|193|191|219|191|198|216|261|285|263|287|311|297|278|304|346|315|275|266|204|212|197|192|147|126|119|120|94|92|89|91|83|53|66|62|54|46|
2011-10-27|6|1_CTs|CT13||9|8|8|8|10|3|4|5|1|1|2|3|6|7|2|2|2|2|0|4|2|7|10|10|15|16|18|26|33|31|60|81|99|83|100|92|95|99|107|100|73|77|54|46|49|42|45|34|53|54|38|57|69|41|39|43|44|51|46|45|39|55|47|57|56|50|47|38|50|52|65|74|54|57|63|44|44|43|42|41|40|29|23|38|21|31|21|18|24|26|17|19|11|21|12|11|
2011-10-27|6|1_CTs|CT14||32|17|20|9|12|7|6|8|11|6|4|9|4|6|2|2|3|5|2|8|4|8|14|17|10|20|20|77|194|188|196|194|205|190|190|191|167|141|139|146|131|124|117|91|85|102|89|121|112|115|110|95|120|99|100|112|121|116|111|126|110|119|113|137|137|142|127|164|164|153|194|192|163|200|178|178|169|164|155|128|127|112|99|79|77|80|57|54|54|63|75|47|41|50|44|24|
2011-10-27|6|1_CTs|CT15||12|20|12|9|3|6|4|2|6|6|6|3|5|2|8|4|3|4|4|7|7|10|16|16|16|23|23|34|43|67|111|152|216|187|195|189|206|144|191|183|138|140|103|93|92|80|112|59|90|118|85|111|147|97|68|94|80|92|79|83|86|68|79|125|92|83|86|93|84|117|145|131|108|122|115|102|82|70|75|63|50|67|41|58|42|33|37|35|29|35|24|13|25|20|17|12|
2011-10-27|6|1_CTs|CT16||44|38|26|21|20|17|15|11|6|7|8|6|10|5|3|6|3|12|4|4|13|9|11|21|28|30|50|50|85|82|127|174|237|203|201|212|258|230|247|228|264|237|238|214|196|193|198|166|171|203|196|179|209|179|174|171|160|184|210|190|192|184|222|174|186|207|213|235|220|239|221|217|234|258|244|212|173|192|165|180|119|147|147|136|103|97|98|109|85|74|81|67|68|39|63|46|
2011-10-27|6|1_CTs|CT17||17|9|20|12|8|7|3|6|7|7|4|2|1|6|0|0|2|2|1|2|2|0|4|3|4|4|8|7|8|13|15|36|43|72|78|66|65|54|41|79|87|46|33|37|53|33|47|37|47|64|49|61|69|88|53|60|51|62|70|77|35|45|39|43|43|40|44|48|52|47|53|50|64|50|73|114|38|48|39|56|44|68|35|31|32|27|26|30|30|31|34|25|30|16|16|6|
2011-10-27|6|1_CTs|CT18||57|59|40|32|21|36|18|21|21|10|12|11|10|6|12|9|6|15|15|8|18|13|19|24|21|50|41|61|76|102|155|189|285|209|270|279|271|199|146|181|211|297|257|270|241|231|260|227|208|242|204|245|216|248|215|254|203|217|239|248|239|249|256|277|232|277|266|284|286|297|288|319|317|312|318|315|255|261|225|226|206|224|176|199|143|147|138|124|125|132|124|110|99|85|94|84|
2011-10-27|6|1_CTs|CT19||56|32|50|36|22|13|18|19|13|13|9|15|6|9|4|6|6|5|2|4|6|7|13|13|13|12|17|24|27|44|76|141|220|216|174|210|192|189|185|206|169|184|124|143|132|141|130|161|144|138|154|133|147|162|124|134|125|135|134|133|146|141|160|155|164|182|195|197|178|205|232|228|187|242|231|238|211|199|173|163|158|168|135|81|88|93|85|76|75|72|58|49|82|63|58|44|
2011-10-27|6|1_CTs|CT20||24|13|17|11|14|5|10|3|7|4|1|6|2|5|5|4|0|2|3|8|2|6|10|11|19|21|16|26|37|55|60|95|128|159|175|51|57|66|175|134|129|126|125|137|88|40|120|108|103|65|120|10|101|78|46|118|125|115|50|103|139|143|59|116|35|126|126|116|66|96|134|148|120|149|120|139|83|107|105|104|91|7|70|22|74|70|46|54|56|68|40|40|33|42|41|27|
2011-10-27|6|1_CTs|CT21||51|64|61|42|38|28|16|11|16|7|7|18|12|12|13|11|10|15|12|21|27|25|34|50|52|59|82|86|113|184|221|283|317|321|363|351|308|299|300|337|297|310|290|247|256|254|248|207|245|275|268|238|236|216|222|230|218|218|237|242|232|263|239|243|263|264|246|257|243|245|284|312|232|247|256|268|233|235|222|196|228|199|149|140|152|102|110|127|113|106|105|112|88|77|102|96|
2011-10-27|6|1_CTs|CT22||80|81|74|45|45|33|28|25|31|37|44|23|17|18|18|13|18|25|26|30|19|34|27|69|70|78|85|108|146|176|209|259|279|308|339|349|288|308|285|322|280|239|222|251|246|268|251|271|294|305|233|246|256|276|249|252|270|305|274|265|266|301|280|321|299|295|307|341|267|384|391|419|375|402|388|387|332|360|365|301|277|240|230|206|187|187|174|141|150|152|146|129|152|138|133|116|
2011-10-27|6|1_CTs|CT23||50|60|41|26|33|40|26|20|27|15|15|10|12|15|9|7|12|6|8|14|14|19|27|38|41|57|63|92|115|175|267|324|356|382|361|377|332|277|280|309|287|306|307|243|238|225|225|217|223|246|243|253|252|266|247|259|265|240|285|246|242|260|262|251|282|266|291|314|289|370|323|346|332|357|304|280|290|287|308|268|247|260|183|194|164|137|159|143|119|136|117|125|118|100|104|70|
2011-10-27|6|1_CTs|CT24||73|72|57|40|45|27|21|17|23|18|22|14|16|13|12|5|19|10|11|16|19|19|25|44|50|37|65|95|116|218|249|298|323|247|358|339|319|340|325|347|311|227|270|275|262|235|300|254|284|288|244|273|254|244|267|247|273|274|269|261|265|310|301|269|307|311|344|371|365|359|411|401|416|383|439|404|386|392|350|340|317|307|215|213|210|169|140|137|130|160|126|117|147|123|89|117|
