2015-03-14|6|1_CTs|CT1||1|1|0|1|3|0|0|1|1|0|0|0|0|0|0|1|0|0|2|2|3|0|1|1|0|2|2|3|1|2|2|0|4|2|0|6|5|2|3|1|5|1|8|6|6|5|10|2|5|5|9|1|8|5|3|4|6|8|3|2|5|1|6|1|8|3|2|4|3|3|4|4|4|2|259|2|5|4|3|5|6|3|5|2|1|2|0|2|0|3|2|1|2|1|1|1|
2015-03-14|6|1_CTs|CT3||20|253|6|10|9|7|13|3|4|6|5|3|3|3|4|6|8|8|10|11|11|21|22|32|28|294|33|33|36|47|36|35|39|29|25|34|42|26|34|39|38|26|35|32|30|38|22|34|42|285|43|39|42|36|248|27|59|227|36|33|46|42|34|43|31|252|268|35|25|290|39|35|27|22|30|22|28|24|27|18|20|33|23|18|6|22|10|13|16|14|8|276|10|13|16|12|
2015-03-14|6|1_CTs|CT4||7|12|12|11|6|4|4|5|4|4|3|5|3|5|3|1|3|2|1|2|0|2|0|3|2|5|2|1|2|10|4|7|4|6|8|11|23|24|22|35|23|12|25|13|19|10|21|18|33|25|27|21|29|23|19|2|6|3|20|18|32|20|5|11|15|17|280|13|4|11|15|10|12|10|15|17|14|29|27|25|16|24|21|18|16|16|9|6|6|8|9|11|6|10|6|264|
2015-03-14|6|1_CTs|CT5||22|18|16|23|16|11|14|20|13|14|12|9|9|14|15|12|7|12|11|11|10|12|8|11|12|13|15|14|11|23|18|21|31|22|27|279|49|53|55|42|47|48|39|50|310|52|47|69|47|46|54|46|52|47|315|57|41|298|60|56|42|57|50|52|57|59|46|52|58|311|68|47|43|41|49|70|55|294|63|316|65|60|47|301|44|38|300|31|31|24|9|22|285|39|27|31|
2015-03-14|6|1_CTs|CT6||56|25|20|15|18|18|16|14|9|11|3|10|8|11|8|6|10|2|10|8|7|13|7|18|15|22|22|19|18|29|19|31|35|23|274|54|291|66|71|73|68|329|76|87|111|112|88|103|110|352|128|345|110|109|91|114|79|75|92|88|102|96|342|115|109|81|105|100|87|83|78|78|74|78|63|64|91|333|100|350|93|78|61|56|49|51|290|299|31|36|277|35|30|37|35|37|
2015-03-14|6|1_CTs|CT7||4|3|7|3|4|7|6|2|1|1|4|1|2|0|3|0|0|2|3|2|1|1|3|2|3|2|2|4|4|7|9|7|14|12|16|16|14|19|22|22|24|18|18|18|25|27|25|26|18|20|16|19|23|21|20|22|21|16|22|18|22|27|27|18|15|23|21|21|29|20|13|8|15|271|14|19|13|18|21|16|14|15|23|22|9|15|10|8|8|7|6|6|4|9|8|8|
2015-03-14|6|1_CTs|CT8||297|41|57|71|125|88|556|42|22|22|13|28|256|14|12|13|15|15|9|9|10|13|22|20|27|18|15|32|36|47|47|58|54|300|84|88|93|105|104|101|326|357|90|94|81|99|102|109|127|332|109|355|343|121|116|601|160|324|144|143|150|177|151|158|157|404|399|148|122|135|106|119|123|117|121|120|125|358|131|354|112|120|124|98|94|546|61|58|316|58|53|67|53|81|294|72|
2015-03-14|6|1_CTs|CT9||65|46|41|62|296|285|53|37|27|25|19|282|21|20|19|15|23|14|276|13|17|16|14|285|41|35|40|48|45|308|70|337|74|336|102|142|116|138|135|152|134|155|149|662|417|163|431|182|177|183|187|179|176|171|186|154|165|164|148|454|159|188|204|194|213|182|419|144|123|424|158|138|159|153|146|129|145|409|154|148|123|124|116|105|76|349|833|72|77|63|80|70|74|71|69|66|
2015-03-14|6|1_CTs|CT10||43|40|31|30|21|20|16|16|17|17|16|21|16|8|15|17|11|10|14|9|6|11|14|25|26|16|27|28|32|18|44|52|47|57|321|84|85|105|91|126|140|390|126|141|137|115|142|142|137|118|155|130|152|406|375|91|94|95|107|120|385|115|367|97|124|113|378|112|150|104|118|120|111|357|98|373|126|165|174|191|203|156|354|67|346|65|53|54|39|53|40|29|38|47|37|23|
2015-03-14|6|1_CTs|CT11||40|42|21|31|21|22|18|18|16|16|9|15|6|12|11|7|9|5|8|7|11|271|11|30|30|37|41|306|39|44|339|85|92|359|146|148|147|167|151|131|131|136|135|400|134|133|146|149|156|401|195|190|144|161|406|409|136|411|407|144|121|142|402|142|138|116|131|124|115|139|98|113|134|119|386|106|119|126|117|130|116|114|370|91|79|84|564|53|55|46|572|305|311|310|57|46|
2015-03-14|6|1_CTs|CT12||50|57|32|44|27|26|16|20|23|274|12|21|19|9|20|10|11|14|22|8|10|14|12|29|31|26|29|29|37|28|54|55|67|63|340|368|127|127|123|146|136|173|135|161|422|148|160|163|422|148|169|194|202|186|130|122|115|134|148|125|409|154|168|402|150|150|124|384|159|153|132|122|657|109|122|135|140|176|191|189|192|151|119|352|85|67|59|565|72|50|310|45|52|52|50|291|
2015-03-14|6|1_CTs|CT15||30|26|255|27|25|26|30|18|12|14|13|9|255|6|8|2|11|13|18|15|244|30|22|32|27|36|26|300|36|46|59|69|82|68|335|91|92|102|98|105|99|103|98|127|111|82|355|120|94|356|94|99|109|113|343|343|98|93|95|108|92|98|374|111|99|377|594|97|85|88|82|64|83|66|337|73|86|92|78|69|60|76|76|68|53|51|39|276|46|42|286|28|43|39|27|36|
2015-03-14|6|1_CTs|CT16||49|34|289|30|29|27|278|23|18|18|14|19|9|13|268|19|8|9|11|15|10|15|17|27|24|24|39|50|288|38|64|82|75|100|131|138|115|140|160|150|154|139|141|160|406|155|158|169|177|437|197|193|179|428|411|413|145|131|421|164|395|159|165|392|145|123|152|138|176|126|119|124|394|147|147|122|150|165|131|159|404|142|135|108|112|110|838|65|54|58|48|54|58|68|56|33|
2015-03-14|6|1_CTs|CT17||20|11|11|13|13|11|9|10|10|5|7|3|8|12|12|4|4|4|4|3|2|0|4|6|4|6|6|266|3|12|8|19|10|16|24|36|32|36|53|42|36|53|45|51|52|53|60|51|71|324|84|40|67|60|58|42|51|305|42|56|282|50|47|48|41|45|303|34|61|61|42|41|55|75|37|30|40|34|43|36|34|37|34|42|28|32|25|29|15|16|20|23|25|25|22|18|
2015-03-14|6|1_CTs|CT18||86|61|46|56|48|277|319|49|32|33|24|291|21|26|35|34|21|21|24|24|21|27|280|22|32|32|48|51|41|63|320|81|84|103|357|380|157|163|209|213|186|172|176|210|218|217|220|481|217|456|240|442|212|222|720|215|175|176|210|475|452|239|199|188|207|206|189|188|218|191|188|180|181|179|177|194|181|198|208|436|197|194|162|421|139|612|140|85|100|75|326|319|339|107|86|831|
2015-03-14|6|1_CTs|CT19||49|32|37|37|32|30|24|31|29|21|20|17|21|20|20|13|13|18|20|8|12|7|12|19|15|14|16|12|22|21|31|29|30|288|42|67|88|108|114|133|104|109|95|116|137|147|383|124|131|418|153|134|147|391|145|125|367|137|123|122|107|122|159|162|120|106|120|142|135|137|119|130|151|150|382|389|153|386|157|111|104|102|111|83|77|72|66|79|57|312|66|54|41|308|51|552|
2015-03-14|6|1_CTs|CT20||36|26|16|27|23|13|18|15|17|16|7|10|8|11|14|7|14|7|8|4|265|11|10|16|11|12|13|11|20|27|35|25|42|301|305|64|69|90|40|95|74|118|105|364|127|146|55|57|126|109|387|125|75|402|128|26|91|117|121|6|108|379|80|49|74|605|97|101|18|323|129|225|340|59|95|92|98|92|17|20|15|27|52|329|68|63|54|25|35|41|48|278|30|51|37|35|
2015-03-14|6|1_CTs|CT21||76|78|59|48|59|53|36|24|33|25|21|26|20|23|20|16|19|24|26|29|30|281|296|49|50|70|73|64|76|96|98|120|115|368|382|195|162|155|428|445|404|399|143|193|437|190|172|204|177|195|201|216|177|424|428|909|453|379|202|217|716|234|228|213|216|462|444|193|169|431|188|176|176|180|180|433|406|665|170|165|171|186|138|154|130|313|107|356|85|85|330|340|88|84|107|75|
2015-03-14|6|1_CTs|CT22||327|106|83|82|74|292|301|51|57|286|39|37|38|276|29|38|32|36|37|46|45|59|67|63|79|81|76|63|100|93|106|359|97|97|118|141|134|153|152|195|419|194|192|199|477|221|230|242|261|238|236|203|246|250|490|215|208|204|393|455|218|237|194|236|249|448|215|246|237|476|305|396|237|274|195|220|245|232|254|194|229|198|395|405|369|134|603|117|106|106|339|86|117|113|114|95|
2015-03-14|6|1_CTs|CT23||83|75|62|62|131|112|355|48|30|30|24|32|22|17|20|26|21|35|13|16|19|267|27|31|62|39|255|51|53|76|74|338|85|351|138|137|153|164|173|420|182|175|152|406|165|152|672|447|210|655|186|189|467|402|427|183|186|405|207|220|203|266|249|232|248|484|225|210|187|415|301|295|180|167|166|421|212|688|170|448|173|161|179|385|389|354|337|78|88|97|84|307|281|90|79|337|
2015-03-14|6|1_CTs|CT24||371|93|320|63|71|73|301|60|51|524|33|24|30|32|272|29|38|30|21|29|31|33|29|35|39|44|61|252|69|72|82|97|80|93|90|131|114|108|137|160|138|166|163|187|454|182|413|207|217|476|219|229|215|481|186|446|158|439|162|182|695|206|247|229|237|215|470|220|191|196|207|186|435|211|681|195|463|478|494|307|275|221|193|135|129|337|96|85|327|101|86|98|99|340|86|83|
