2012-10-18|2|1_CTs|ct1||16|16|12|8|11|6|3|4|8|5|2|5|4|2|0|2|3|5|4|3|8|11|10|16|17|12|9|18|15|20|16|25|30|21|30|47|34|43|35|54|50|18|0|0|32|31|0|0|2|14|37|31|35|49|23|44|28|36|37|33|49|33|32|30|43|44|28|36|28|36|33|34|28|30|26|31|31|29|46|32|43|39|38|26|31|23|5|16|13|18|15|14|20|21|18|17|
2012-10-18|2|1_CTs|ct2||27|29|20|16|16|11|11|7|11|6|5|6|6|5|3|3|3|6|8|7|7|14|11|10|19|15|14|19|15|17|20|22|30|25|36|49|40|47|47|39|59|25|0|0|36|42|0|0|7|23|56|43|54|45|48|51|43|55|54|61|61|63|59|59|62|44|43|56|50|43|47|35|45|40|31|55|49|58|52|47|66|57|45|54|61|41|11|34|42|30|31|26|32|31|36|41|
2012-10-18|2|1_CTs|ct3||61|96|58|57|46|34|46|26|29|21|12|21|17|16|12|20|11|19|18|22|25|29|26|30|41|41|61|53|87|71|83|101|122|107|145|147|148|168|168|163|166|62|0|0|145|137|0|0|8|74|180|188|161|175|166|155|150|155|173|193|188|166|186|198|189|174|152|212|171|160|169|177|146|190|165|167|152|190|188|174|183|186|134|144|161|142|38|115|113|119|98|99|106|97|115|109|
2012-10-18|2|1_CTs|ct4||57|53|49|33|25|26|30|22|10|17|22|16|11|5|19|8|12|16|15|14|16|9|19|28|19|28|26|36|28|34|55|82|82|96|109|95|98|105|93|109|110|40|0|0|96|66|0|0|8|44|110|107|106|102|105|101|90|99|104|117|117|114|139|108|89|119|122|122|85|99|104|103|101|103|102|83|90|87|81|96|98|71|104|88|76|58|32|45|67|45|69|71|56|70|73|48|
2012-10-18|2|1_CTs|ct5||68|89|66|49|39|34|45|36|28|21|18|15|21|23|16|15|17|21|13|16|26|15|20|23|21|20|30|46|44|54|60|105|119|154|152|143|155|153|159|161|161|53|0|0|286|128|0|0|155|233|156|151|154|154|155|143|150|176|138|158|179|176|195|170|174|168|183|161|174|152|165|150|176|184|145|137|190|171|129|139|175|113|149|388|129|117|39|84|97|98|88|109|101|102|100|77|
2012-10-18|2|1_CTs|ct6||130|128|115|85|61|48|46|48|42|30|23|25|21|16|21|15|15|16|20|22|29|25|18|38|39|52|75|78|96|87|138|201|226|268|263|238|260|204|241|253|237|91|0|0|376|190|0|0|19|144|330|273|268|245|264|272|249|264|253|308|281|276|293|242|245|255|256|258|235|203|223|237|210|226|228|191|224|233|232|228|260|214|274|220|218|191|81|167|182|191|184|177|209|184|240|279|
2012-10-18|2|1_CTs|ct17||53|91|58|48|47|31|40|27|24|25|15|23|10|14|10|14|13|15|21|15|25|18|16|22|25|29|43|45|65|60|69|101|116|113|137|137|148|149|163|168|176|51|0|0|150|129|0|0|16|58|159|177|164|152|147|140|151|135|154|170|175|162|202|190|169|208|172|186|185|177|179|188|173|190|171|164|165|190|185|171|197|187|130|125|156|133|30|110|119|118|92|89|104|83|99|106|
2012-10-18|2|1_CTs|CT19||37|36|32|17|15|13|14|12|15|18|14|12|7|7|3|4|2|5|3|11|12|11|5|6|7|14|18|18|37|37|43|53|71|80|82|97|80|91|95|77|113|30|0|0|102|79|0|0|154|61|107|122|100|79|95|81|72|85|94|116|116|91|129|104|96|119|103|116|100|134|131|128|117|114|119|105|115|112|121|99|107|107|86|321|78|70|20|51|53|56|42|43|57|43|44|45|
2012-10-18|2|1_CTs|CT20||56|42|30|35|33|18|24|14|24|27|14|18|13|6|11|4|7|20|10|4|14|11|10|12|20|20|14|29|27|24|60|60|70|81|80|96|94|97|88|88|80|23|0|0|80|53|0|0|4|192|75|69|71|58|67|67|61|69|74|74|69|69|71|77|84|76|62|69|91|77|84|85|87|88|71|81|94|77|89|78|85|71|72|83|67|54|19|47|52|36|63|50|55|69|53|47|
2012-10-18|2|1_CTs|CT21||28|33|20|14|17|13|14|7|10|11|4|3|6|5|3|2|3|7|3|5|6|5|4|6|9|9|5|13|15|15|38|40|43|57|46|58|51|55|46|55|47|15|0|0|39|28|0|0|6|20|36|37|36|33|45|35|35|42|46|39|32|43|41|41|53|46|45|48|29|44|56|54|46|36|47|45|43|43|37|55|37|45|35|299|38|30|9|33|31|20|31|26|42|45|28|27|
