2012-02-15|6|1_CTs|CT1||1|1|1|2|1|0|1|1|0|0|1|2|0|0|1|3|0|3|1|2|4|1|6|3|11|5|7|3|8|4|10|12|43|16|13|7|9|8|5|12|8|5|4|3|5|4|5|6|3|3|7|10|20|11|10|7|6|5|10|11|6|7|11|4|7|4|11|8|9|9|7|6|8|5|6|4|3|6|3|2|2|2|2|2|1|3|0|4|1|1|5|14|10|1|2|3|
2012-02-15|6|1_CTs|CT3||17|19|5|7|1|7|2|1|2|1|1|2|1|3|3|5|4|4|5|8|20|11|13|22|29|33|44|44|52|58|64|85|82|116|112|89|82|60|59|55|56|55|52|49|46|35|33|40|49|52|57|52|55|54|40|43|41|53|64|52|53|54|50|49|56|67|43|80|76|47|56|54|54|65|71|52|46|44|39|34|37|21|32|24|28|25|14|19|17|14|18|5|18|19|12|20|
2012-02-15|6|1_CTs|CT4||8|8|5|7|3|3|3|2|5|1|1|5|0|4|3|2|1|0|2|3|0|1|3|1|1|3|3|1|6|12|18|30|54|55|6|19|23|31|25|22|13|29|18|24|33|28|9|31|35|28|32|36|48|34|32|29|28|28|32|36|36|31|29|38|36|44|35|48|44|49|45|50|44|51|47|39|52|52|44|47|36|36|36|26|26|14|14|17|16|20|15|10|19|6|12|17|
2012-02-15|6|1_CTs|CT5||31|15|17|15|10|9|10|11|6|9|4|5|9|6|5|6|5|5|3|5|7|8|5|13|12|10|10|23|20|43|34|56|80|63|68|91|87|75|79|73|82|80|78|66|83|53|80|78|64|66|76|79|64|52|64|65|78|64|66|63|59|64|76|71|71|77|78|83|77|71|72|80|79|81|84|80|66|68|52|62|69|56|50|42|42|41|42|16|12|28|27|29|32|22|26|29|
2012-02-15|6|1_CTs|CT6||21|24|14|18|13|10|8|6|6|10|3|2|2|8|4|7|3|3|7|6|9|7|9|16|17|12|19|25|33|47|70|96|151|170|173|186|187|134|123|119|114|119|112|91|112|105|98|105|99|92|84|106|104|85|115|112|113|129|125|110|99|103|133|109|91|121|115|124|139|128|121|120|121|144|112|120|109|121|110|98|88|105|100|66|63|73|64|69|58|63|45|40|45|29|35|35|
2012-02-15|6|1_CTs|CT7||5|3|4|2|1|1|0|2|1|4|2|1|2|1|2|0|0|0|2|0|2|0|3|4|1|2|5|9|9|7|12|26|36|13|40|34|38|38|23|27|31|24|29|32|19|14|26|19|20|22|28|26|27|28|22|28|16|24|28|32|28|25|25|19|22|19|19|21|27|30|27|28|28|36|28|26|35|22|19|22|10|17|12|16|10|17|8|11|15|8|10|6|5|7|4|9|
2012-02-15|6|1_CTs|CT8||58|43|30|26|19|13|10|11|20|11|11|8|17|8|4|6|8|5|8|6|5|7|24|19|25|35|38|44|77|104|165|209|232|215|232|220|211|218|213|164|153|153|142|129|132|132|151|130|143|149|141|152|136|135|146|129|150|160|159|173|146|153|161|152|147|172|147|183|173|175|173|173|202|177|177|171|174|173|170|164|136|113|125|118|97|78|85|84|74|72|81|90|61|60|56|51|
2012-02-15|6|1_CTs|CT9||45|44|28|27|26|17|8|16|15|20|13|10|13|10|6|8|3|11|11|13|9|13|21|28|46|45|40|77|86|117|206|301|310|317|330|310|293|335|264|231|224|212|174|196|186|193|187|190|164|206|187|222|199|199|212|215|218|212|214|195|242|197|217|225|235|234|246|258|249|305|282|293|278|234|256|211|225|239|219|182|161|189|152|136|119|105|102|84|83|94|66|71|77|71|63|52|
2012-02-15|6|1_CTs|CT10||64|49|39|24|30|25|20|17|25|15|12|48|27|14|15|19|9|5|5|3|11|15|21|21|27|37|42|40|60|76|105|145|197|178|212|201|220|196|167|169|179|155|153|155|143|142|149|147|160|166|156|162|156|167|155|114|133|204|165|171|165|143|166|166|192|274|219|242|203|201|191|318|390|324|297|226|178|203|195|169|154|153|107|110|89|82|131|96|67|63|53|51|55|55|50|72|
2012-02-15|6|1_CTs|CT11||31|24|22|15|13|16|5|10|11|2|10|8|11|8|3|8|8|9|6|15|20|13|20|25|32|46|68|87|115|135|210|324|356|320|337|289|306|327|253|249|217|201|191|196|197|174|191|178|175|190|173|212|189|167|195|202|189|206|201|197|218|192|170|158|177|186|225|220|231|215|214|222|220|192|182|162|139|161|170|123|143|146|124|102|86|83|60|71|55|62|35|23|52|39|32|45|
2012-02-15|6|1_CTs|CT12||41|31|23|20|14|14|14|16|13|12|7|9|10|5|7|6|3|6|5|9|9|13|19|21|24|32|49|40|65|86|144|170|244|279|293|272|303|239|226|183|207|169|134|164|150|161|176|161|166|172|174|184|183|169|168|166|156|184|181|173|209|167|175|188|201|273|264|287|239|238|253|280|294|265|292|244|270|227|229|198|159|180|144|125|93|82|88|69|62|59|49|62|58|51|41|47|
2012-02-15|6|1_CTs|CT13||11|15|4|9|6|2|1|2|3|4|1|3|3|4|2|0|0|1|4|4|4|9|7|8|17|13|13|20|22|20|58|43|67|53|56|49|56|55|42|36|36|36|39|41|40|35|39|37|31|39|28|42|35|44|29|38|33|42|49|30|45|67|194|193|181|214|210|212|213|240|226|240|235|241|226|197|227|191|164|156|126|163|98|93|91|85|64|54|78|80|57|58|58|46|41|41|
2012-02-15|6|1_CTs|CT14||20|23|24|16|10|11|9|13|10|6|4|3|5|3|5|5|2|2|3|0|4|8|7|18|13|16|30|21|41|45|50|63|87|96|107|116|100|111|107|67|94|88|89|79|94|109|75|85|101|94|97|91|91|102|82|85|103|97|103|111|96|104|135|113|123|166|157|167|149|166|155|150|177|178|164|138|142|144|123|129|104|110|83|85|70|58|57|55|43|48|52|38|49|29|29|43|
2012-02-15|6|1_CTs|CT15||13|13|8|7|8|3|4|2|3|7|5|5|2|5|5|1|1|3|6|0|10|5|11|16|22|18|23|45|41|62|118|143|184|170|161|170|151|143|107|89|100|84|81|70|71|58|67|59|64|69|82|94|85|90|57|80|66|84|75|75|71|60|79|62|85|85|60|93|89|101|84|92|81|103|86|75|97|66|58|68|64|63|42|40|31|32|23|23|31|27|21|24|9|17|14|13|
2012-02-15|6|1_CTs|CT16||32|28|32|18|15|19|7|9|15|8|11|8|13|5|5|5|6|4|7|6|15|4|15|19|24|35|42|62|77|93|133|213|292|264|243|267|263|260|219|219|228|186|199|194|192|139|167|193|171|148|189|208|176|178|185|184|181|195|176|196|195|182|189|182|162|188|190|215|215|227|207|207|207|222|233|182|178|184|173|152|149|150|128|107|77|113|87|82|79|71|59|47|54|48|41|62|
2012-02-15|6|1_CTs|CT17||5|6|6|6|1|0|5|6|4|5|2|1|0|0|1|2|0|3|1|0|2|2|1|3|7|6|0|6|5|7|22|27|36|55|45|44|52|29|44|34|24|30|24|33|23|36|36|26|24|23|32|34|31|37|44|41|32|36|23|20|32|40|36|33|39|36|35|48|36|37|36|43|24|42|36|40|48|56|46|35|38|34|30|30|20|16|18|14|18|17|10|8|9|16|7|3|
2012-02-15|6|1_CTs|CT18||75|48|48|31|31|24|21|23|20|22|15|14|23|19|9|9|15|13|8|11|11|19|19|26|30|43|46|77|87|147|150|231|289|299|317|317|301|281|278|256|287|254|282|221|257|202|230|240|217|218|244|264|215|232|239|227|238|221|257|222|248|247|266|233|236|253|254|317|282|312|285|282|274|272|307|287|276|271|229|204|240|195|185|150|141|138|165|144|102|113|100|102|88|73|77|82|
2012-02-15|6|1_CTs|CT19||39|36|29|25|12|14|26|17|12|13|8|10|11|5|6|4|5|13|6|3|7|4|6|6|8|8|11|19|26|39|59|96|156|197|146|168|185|150|152|105|158|133|123|125|145|132|137|131|133|152|128|126|138|122|145|130|109|142|130|153|145|162|157|130|172|184|167|192|163|177|204|200|194|204|175|180|208|190|173|129|147|148|103|97|89|78|55|65|55|66|49|36|55|54|43|34|
2012-02-15|6|1_CTs|CT20||20|13|15|6|6|8|11|1|8|7|7|5|10|3|5|3|3|1|3|0|8|6|9|18|21|13|24|36|30|58|45|93|120|116|41|152|144|115|111|113|99|119|32|76|118|94|122|120|6|113|119|42|68|112|99|61|112|120|63|52|125|117|127|81|118|29|101|65|141|136|138|73|136|92|43|105|111|117|54|2|34|56|36|29|59|66|62|35|58|44|45|40|39|15|26|25|
2012-02-15|6|1_CTs|CT21||60|63|50|19|21|17|25|17|18|13|10|11|7|7|10|11|13|13|20|21|25|23|28|29|56|59|77|96|117|169|235|326|334|368|341|359|329|304|292|243|284|249|241|216|241|216|200|208|183|223|214|230|245|223|206|220|204|239|262|249|239|284|223|237|211|251|247|269|265|236|202|257|231|261|245|221|223|242|240|176|185|154|162|131|127|128|115|98|100|90|88|80|68|76|59|60|
2012-02-15|6|1_CTs|CT22||114|82|70|74|50|42|37|31|35|30|20|26|24|21|21|19|15|18|19|32|33|20|41|44|62|77|75|96|110|132|165|168|199|249|296|318|302|222|267|214|262|224|234|229|226|228|229|260|262|236|274|250|255|220|230|233|236|293|265|289|298|265|315|277|329|329|370|394|360|373|369|354|372|316|322|291|352|337|279|276|226|247|215|162|171|163|147|144|132|137|131|118|90|102|101|90|
2012-02-15|6|1_CTs|CT23||45|42|28|17|24|9|10|10|19|14|10|3|11|11|5|5|4|8|6|10|10|7|21|19|24|29|35|53|63|88|130|176|226|240|262|261|204|227|193|151|177|147|143|131|112|125|123|117|129|138|144|145|133|161|128|121|146|135|136|170|147|156|159|163|145|148|189|201|186|209|204|197|236|209|179|201|217|184|194|169|141|113|133|105|99|80|78|74|75|70|77|74|52|52|42|57|
2012-02-15|6|1_CTs|CT24||73|70|51|58|37|30|31|28|24|24|21|10|15|11|13|17|12|10|17|18|21|12|18|26|48|46|59|74|96|110|167|208|250|311|308|354|319|272|288|287|295|259|241|243|234|247|246|241|252|252|247|246|269|240|231|244|279|248|278|284|300|271|287|306|268|358|355|367|369|382|361|362|338|379|360|348|330|365|395|307|291|264|179|172|171|154|146|127|114|126|93|108|99|104|84|81|
