2011-12-17|6|1_CTs|CT1||0|1|1|0|1|0|0|2|0|1|1|0|1|0|1|0|0|2|1|5|1|3|4|4|10|3|1|1|2|2|3|2|1|1|3|2|2|3|4|6|7|1|4|3|3|9|4|9|5|3|11|5|9|9|2|7|1|3|2|4|4|4|9|5|3|3|4|4|1|2|5|6|5|3|2|2|5|4|4|2|4|5|3|1|4|1|2|2|3|2|0|3|8|5|1|1|
2011-12-17|6|1_CTs|CT3||27|12|17|24|18|10|8|6|6|12|8|7|8|7|0|5|10|12|12|11|17|18|26|27|33|35|52|52|48|49|56|51|44|36|31|32|34|36|44|38|35|32|44|38|29|32|39|44|39|48|43|33|35|39|37|54|31|38|27|34|43|40|43|41|44|44|49|42|47|41|38|48|43|46|26|30|32|36|23|34|16|17|21|25|27|18|19|19|14|14|11|14|17|14|21|21|
2011-12-17|6|1_CTs|CT4||11|17|8|10|6|9|3|5|5|7|6|4|6|3|1|1|2|3|5|5|4|5|5|1|2|2|3|2|6|7|5|7|8|7|10|5|8|8|21|9|2|15|15|26|21|29|16|6|25|23|29|29|7|31|32|22|29|13|16|23|20|20|23|9|26|15|27|24|30|32|21|35|32|23|24|29|30|36|22|32|5|15|21|17|20|20|15|7|12|16|15|9|4|10|15|12|
2011-12-17|6|1_CTs|CT5||41|32|32|32|37|27|25|28|23|16|20|16|17|11|14|16|16|12|11|15|11|14|15|11|18|22|12|13|18|20|19|25|25|36|36|45|48|43|40|57|45|37|48|43|52|49|49|45|58|47|44|69|49|54|37|52|48|55|56|54|56|79|58|42|49|53|39|25|27|1|51|56|64|61|71|62|59|67|56|55|56|53|38|33|36|30|48|30|26|23|23|27|32|35|35|38|
2011-12-17|6|1_CTs|CT6||53|33|41|26|32|22|19|17|30|16|20|17|14|18|14|13|12|11|12|18|9|15|17|21|20|19|20|18|17|23|30|32|29|33|47|61|49|58|69|88|87|82|90|97|87|119|115|111|142|130|139|126|138|100|138|102|117|87|112|117|110|127|113|96|117|100|118|88|99|111|110|97|74|89|81|86|71|92|96|68|83|71|82|79|61|43|44|45|32|42|49|39|30|49|47|37|
2011-12-17|6|1_CTs|CT7||7|9|12|7|10|5|7|8|1|5|1|2|2|2|3|3|2|1|0|1|4|3|2|3|2|4|6|3|8|7|9|15|13|12|10|24|14|10|14|26|20|14|15|28|28|13|26|39|20|24|27|32|28|23|20|26|18|26|13|26|18|17|26|17|26|19|15|15|15|21|23|22|13|16|21|19|20|21|15|26|24|19|13|10|13|14|7|6|4|7|3|12|8|4|9|13|
2011-12-17|6|1_CTs|CT8||103|81|82|91|70|82|61|66|60|66|62|45|29|35|36|35|44|49|31|29|34|20|36|21|22|26|40|31|28|50|70|62|50|75|99|115|91|99|129|118|128|123|147|112|103|112|111|118|116|144|139|107|133|132|126|118|109|157|143|137|130|144|153|137|151|140|141|115|120|148|133|128|142|156|142|147|120|141|131|127|139|139|113|95|90|115|92|63|60|65|68|48|63|90|139|131|
2011-12-17|6|1_CTs|CT9||102|81|87|60|56|52|57|43|42|39|29|25|34|25|19|26|37|22|34|28|32|32|35|29|51|47|38|53|52|73|81|89|85|99|117|137|132|139|135|161|154|161|195|169|186|159|179|184|173|193|187|208|233|175|162|176|179|187|211|218|227|203|233|222|189|221|220|189|201|220|245|226|163|179|201|170|211|253|305|239|145|147|118|96|103|103|85|81|76|79|63|65|67|89|68|81|
2011-12-17|6|1_CTs|CT10||65|57|57|43|43|29|32|30|33|27|26|19|28|20|19|15|21|25|13|16|21|18|23|19|27|28|34|33|45|34|45|50|47|57|71|93|89|110|105|144|131|142|138|150|129|155|145|140|134|137|157|172|173|164|135|112|134|125|127|148|136|131|122|145|147|159|160|204|203|198|197|196|166|143|157|195|152|140|131|132|147|134|95|88|89|81|54|48|56|53|41|61|54|60|59|66|
2011-12-17|6|1_CTs|CT11||47|44|47|39|24|26|27|23|28|20|22|18|11|15|11|15|13|16|12|23|10|23|22|28|35|32|47|55|34|62|88|104|92|113|105|162|144|154|177|179|200|177|181|184|186|125|173|175|154|154|182|172|160|188|149|142|128|137|166|199|169|165|173|180|171|166|185|128|127|158|155|150|138|133|126|126|140|155|176|185|136|129|114|94|79|70|51|59|54|59|47|57|41|48|57|53|
2011-12-17|6|1_CTs|CT12||75|71|54|42|44|38|34|31|35|28|30|15|22|13|23|25|19|23|10|24|23|20|31|36|34|23|26|43|36|41|52|62|52|74|68|109|111|112|118|163|155|150|153|162|174|161|172|185|170|156|199|194|219|185|162|145|146|135|140|158|143|156|154|170|167|179|185|205|195|205|216|204|176|171|168|172|146|166|152|140|167|139|109|95|80|72|61|63|58|48|43|54|44|64|57|58|
2011-12-17|6|1_CTs|CT13||71|54|53|36|52|29|37|25|18|24|11|9|12|8|16|21|16|11|17|14|23|19|33|18|37|24|44|39|49|48|49|67|53|65|81|120|83|95|80|125|98|108|123|118|139|106|148|142|133|128|138|150|165|115|107|117|116|143|140|133|126|131|144|145|125|121|130|144|129|141|142|123|91|107|123|112|116|156|185|123|99|83|75|58|66|56|55|44|43|42|34|46|36|37|39|56|
2011-12-17|6|1_CTs|CT14||64|53|41|35|48|37|25|22|18|16|24|13|17|16|20|14|11|13|12|7|22|16|20|21|17|22|14|27|24|31|36|36|30|42|35|66|40|79|41|70|70|82|82|79|87|97|86|108|109|96|137|118|129|122|98|90|101|86|96|89|103|107|101|108|124|116|122|137|159|159|167|152|165|141|102|133|122|107|95|89|124|93|60|46|50|52|46|46|36|46|38|48|41|52|57|41|
2011-12-17|6|1_CTs|CT15||26|19|23|17|14|14|20|11|16|12|8|6|4|6|12|8|10|5|9|12|14|6|12|27|23|17|21|27|23|33|45|41|41|38|53|65|50|60|60|88|75|75|68|80|107|71|76|79|62|80|72|84|71|75|69|67|73|67|69|75|61|68|65|70|54|57|62|64|50|62|76|79|64|50|54|52|52|74|92|59|44|45|39|36|36|38|21|16|16|18|21|16|18|13|16|28|
2011-12-17|6|1_CTs|CT16||64|51|70|49|49|29|44|33|28|22|24|22|22|19|19|15|18|18|13|22|12|20|18|20|28|33|44|39|52|44|63|80|80|92|97|150|125|135|153|200|193|180|160|201|205|169|186|202|174|177|205|203|190|228|168|163|150|170|173|181|171|180|169|195|202|143|193|154|176|175|170|186|151|147|162|172|152|129|149|151|155|151|142|103|114|101|63|68|59|56|57|74|61|54|66|75|
2011-12-17|6|1_CTs|CT17||42|47|43|23|36|23|24|16|28|14|15|15|13|11|8|10|9|6|7|2|5|5|7|7|5|9|7|8|6|11|10|20|26|18|25|29|38|50|45|75|64|57|67|75|71|92|91|90|102|87|105|67|68|89|78|67|43|85|83|77|62|52|55|56|74|52|81|66|79|75|89|104|83|90|73|50|50|46|55|32|28|35|49|31|18|31|17|23|18|15|13|14|18|24|30|15|
2011-12-17|6|1_CTs|CT18||122|89|99|101|87|77|83|68|54|51|43|48|46|38|40|29|45|39|30|45|31|42|46|30|48|60|56|52|54|66|68|83|83|106|115|142|131|165|168|188|186|219|212|210|212|246|249|238|254|244|263|289|264|274|237|199|220|233|235|245|271|284|254|220|271|266|286|239|253|268|262|244|256|216|226|226|201|221|214|214|178|180|199|137|133|130|148|101|79|97|88|101|100|99|107|123|
2011-12-17|6|1_CTs|CT19||73|70|58|46|50|56|45|40|44|37|32|23|28|24|24|24|28|24|29|22|26|22|20|20|15|14|18|25|24|24|19|39|51|34|51|60|69|72|93|141|126|114|130|148|147|139|181|158|171|170|176|190|186|160|150|133|153|138|117|133|121|136|164|148|162|183|169|170|188|166|175|175|159|167|154|159|158|155|131|125|135|119|108|83|99|77|77|63|47|58|42|54|52|63|54|53|
2011-12-17|6|1_CTs|CT20||54|46|37|28|32|36|20|24|21|13|15|21|17|8|9|18|20|13|13|15|20|7|17|21|30|21|29|30|15|31|29|46|34|39|49|69|63|66|87|93|97|34|24|35|65|145|72|123|67|130|140|25|90|89|39|17|132|134|12|14|47|52|119|140|134|125|121|131|116|117|124|126|123|88|83|94|109|88|9|99|90|78|72|24|71|49|17|53|33|47|38|41|36|50|37|11|
2011-12-17|6|1_CTs|CT21||119|93|104|91|79|48|57|39|47|45|38|38|42|22|26|23|28|31|27|39|28|40|34|48|47|64|77|73|68|102|137|135|129|128|168|188|188|175|197|228|212|192|178|216|180|199|211|227|195|231|227|214|213|203|207|198|207|214|217|225|243|233|272|242|284|213|232|238|213|228|232|205|197|192|240|182|194|214|226|193|184|158|124|157|137|107|81|124|87|100|100|109|96|104|112|123|
2011-12-17|6|1_CTs|CT22||162|159|151|144|123|111|106|86|77|74|75|72|72|52|53|60|47|44|60|61|56|58|71|64|75|73|91|110|116|97|123|145|117|142|141|152|154|131|189|186|183|216|251|194|249|253|269|234|272|261|261|252|272|283|268|259|216|253|237|232|221|237|258|258|272|275|283|259|318|291|310|328|287|278|289|264|245|264|245|219|237|191|188|153|122|148|128|104|111|128|142|113|107|140|134|131|
2011-12-17|6|1_CTs|CT23||140|146|107|123|90|98|75|81|71|82|73|63|41|43|37|42|54|55|46|34|42|27|43|41|41|50|59|64|54|91|110|106|102|113|142|172|162|150|178|202|206|201|233|185|175|155|184|218|195|214|242|206|190|222|204|206|185|239|189|221|211|224|217|222|245|210|214|207|207|227|220|200|215|209|227|203|169|218|215|201|198|182|186|140|128|147|143|82|85|94|94|83|90|128|174|167|
2011-12-17|6|1_CTs|CT24||158|133|133|96|86|87|91|69|62|51|65|73|48|43|41|50|47|50|39|50|30|41|38|39|60|41|58|63|62|72|105|99|94|105|95|159|125|135|158|144|158|184|175|188|172|211|225|221|240|227|207|227|273|247|225|237|182|186|200|185|209|238|235|212|234|260|240|287|302|246|319|278|268|252|282|260|248|255|247|201|235|166|175|155|153|120|104|100|81|107|89|114|98|107|120|127|
