2016-02-29|3|1_CTs|ct1||36|18|17|10|14|10|6|5|2|5|4|4|5|4|3|3|6|2|6|6|2|9|7|13|11|19|40|32|56|86|124|193|456|240|228|235|231|213|241|461|213|218|221|207|690|179|157|169|156|158|452|194|196|155|137|171|187|428|202|201|462|463|452|509|341|189|475|223|196|206|211|201|222|218|215|489|205|178|178|192|157|152|126|109|333|87|75|75|77|332|70|581|56|51|36|295|
2016-02-29|3|1_CTs|ct3||50|59|39|22|20|10|15|13|4|12|15|19|9|10|10|10|15|14|9|25|17|18|19|26|34|32|42|54|78|356|142|454|754|272|266|256|232|528|250|510|791|257|786|265|268|267|222|254|216|216|464|232|237|207|192|231|475|231|235|229|243|240|240|202|226|193|499|204|147|175|418|172|426|179|160|174|437|403|165|180|174|178|406|123|110|112|78|111|81|106|100|341|59|304|46|313|
2016-02-29|3|1_CTs|ct5||91|79|65|50|51|33|20|27|18|17|12|9|15|20|8|9|5|11|12|12|8|12|14|13|19|16|32|31|71|73|99|162|425|239|1025|228|758|525|235|456|455|227|189|206|198|212|213|498|245|233|265|232|496|216|216|190|437|211|213|248|247|239|273|257|262|269|792|290|292|814|322|334|357|335|297|299|542|583|232|185|203|231|189|188|408|136|161|123|151|151|137|138|114|123|602|126|
2016-02-29|3|1_CTs|ct6||6|8|8|2|2|2|5|3|1|0|1|1|0|0|0|0|0|0|1|2|1|0|4|2|8|4|11|18|23|27|43|61|63|346|326|54|64|46|30|42|305|305|298|46|28|319|52|37|68|68|51|39|50|49|50|46|296|56|54|61|59|320|65|54|46|52|316|50|67|61|68|58|70|82|71|69|67|66|55|61|44|35|44|281|25|17|14|22|22|20|15|10|12|9|17|265|
2016-02-29|3|1_CTs|ct7||74|73|56|302|42|28|30|26|293|17|20|25|18|23|14|14|17|13|19|16|21|24|19|26|23|24|32|39|47|54|338|77|99|123|134|128|145|140|136|139|150|405|640|400|171|419|390|197|422|688|180|172|671|412|160|136|138|158|668|186|199|196|443|175|171|410|146|47|0|0|17|297|74|148|71|112|70|142|151|134|137|117|118|105|98|91|597|88|100|96|81|91|593|95|79|82|
2016-02-29|3|1_CTs|ct8||33|28|25|17|16|13|20|13|24|9|14|14|9|13|11|3|6|7|13|7|8|10|11|20|9|17|29|26|31|29|42|45|58|309|78|76|88|597|80|76|93|347|590|98|114|108|598|136|634|382|127|123|364|123|112|90|94|113|886|138|146|120|390|114|361|130|139|134|149|132|375|386|392|118|114|109|121|92|100|84|71|72|64|57|57|46|312|51|52|51|49|45|294|308|45|49|
2016-02-29|3|1_CTs|ct9||97|58|42|43|50|38|33|30|26|26|279|12|22|20|18|17|14|9|22|14|18|25|28|280|33|32|39|46|85|347|141|189|215|312|271|302|307|350|366|726|256|424|571|958|187|220|175|233|176|167|160|166|412|205|181|289|936|406|277|275|474|971|225|186|591|192|470|468|285|185|223|219|513|471|282|230|491|214|453|706|161|140|388|129|105|134|113|77|121|90|85|353|105|91|93|353|
2016-02-29|3|1_CTs|ct10||61|60|45|29|21|31|12|21|15|18|21|9|8|13|10|10|8|8|17|15|12|16|18|20|25|13|25|35|37|46|64|101|135|161|165|159|159|156|152|136|134|118|136|127|99|138|142|136|112|134|125|140|140|134|127|135|122|127|123|167|145|136|139|148|144|130|136|140|161|155|140|162|173|159|162|131|158|139|122|121|115|102|141|96|95|87|78|77|76|76|85|87|87|65|71|65|
2016-02-29|3|1_CTs|ct13||135|109|94|84|50|67|42|44|54|50|40|32|36|40|20|274|28|40|46|43|34|54|40|58|66|62|86|94|106|112|191|183|232|276|252|215|212|211|240|241|214|238|231|230|263|193|212|248|232|252|272|227|276|278|249|812|1099|236|1325|893|259|233|227|350|484|395|622|548|288|277|255|208|232|208|222|654|318|552|244|513|280|537|322|279|250|236|380|265|249|228|249|224|230|249|193|172|
2016-02-29|3|1_CTs|ct14||36|26|20|18|20|13|10|12|6|8|11|4|8|10|5|7|5|5|5|5|5|15|18|20|25|52|65|393|199|523|290|323|528|241|252|558|263|244|272|259|500|227|246|259|214|452|194|212|195|201|190|181|182|164|204|200|467|184|228|214|190|441|192|198|425|178|691|182|210|996|484|244|242|501|499|182|493|501|513|234|205|154|121|125|97|84|66|93|360|85|346|86|71|55|69|44|
2016-02-29|3|1_CTs|CT16||53|49|38|44|216|357|18|24|17|30|9|18|10|9|6|15|4|5|8|12|10|15|15|24|15|27|22|35|47|40|107|395|174|164|180|201|218|191|157|146|174|173|397|156|184|427|155|162|176|442|156|163|142|157|164|150|365|166|188|150|147|172|165|181|175|167|163|219|237|222|232|245|503|510|221|235|761|243|225|176|174|113|114|92|86|93|73|80|90|74|98|93|340|85|61|74|
2016-02-29|3|1_CTs|ct18||87|75|51|44|34|37|23|21|21|30|18|12|11|13|10|11|8|12|29|17|16|27|27|33|34|29|37|65|58|75|118|176|209|246|245|225|247|239|246|252|214|196|204|215|159|199|202|181|171|167|183|179|154|158|194|175|169|189|201|207|184|188|207|194|199|155|199|160|216|187|180|214|212|185|170|201|211|167|173|181|160|133|166|135|117|127|111|92|113|98|114|116|112|99|100|95|
2016-02-29|3|1_CTs|ct19||0|0|0|1|0|0|1|0|0|0|1|0|0|0|1|0|0|0|0|0|0|1|2|1|5|5|5|3|7|8|7|3|3|8|8|6|7|6|8|3|5|8|6|4|9|11|3|3|7|8|4|7|5|4|3|5|9|3|2|6|4|4|3|4|5|4|5|9|5|5|6|5|9|5|6|9|4|11|6|7|9|4|5|4|6|4|7|5|0|1|1|1|3|1|1|1|
2016-02-29|3|1_CTs|ct22||5|3|1|1|1|1|0|2|0|0|0|1|1|1|1|1|1|0|2|2|0|0|1|0|3|2|2|5|3|6|8|12|14|17|21|10|269|15|20|20|18|18|16|25|18|21|19|25|37|36|289|27|34|27|10|17|31|21|34|23|28|21|36|30|24|35|46|46|60|312|63|64|67|55|52|60|31|43|281|32|27|273|10|16|11|10|7|8|7|6|8|4|5|7|7|1|
2016-02-29|3|1_CTs|CT23||93|60|70|28|29|20|34|17|14|14|14|12|22|11|10|6|8|6|11|8|4|8|12|31|23|16|45|39|89|96|160|223|582|643|883|417|387|366|374|795|335|544|286|238|302|559|292|317|302|319|656|347|362|294|271|345|575|303|797|265|354|341|612|350|408|443|386|435|568|1094|539|561|1141|674|606|604|526|599|549|1048|443|394|614|269|280|738|210|208|238|233|198|507|440|173|105|616|
2016-02-29|3|1_CTs|ct24||127|121|86|68|65|52|33|35|23|284|33|19|29|34|36|25|32|18|36|32|48|68|85|352|135|198|584|556|1005|956|1029|958|866|830|774|1047|1200|791|917|683|1024|1042|1137|1164|817|1037|772|810|745|861|1019|855|984|732|793|1048|1141|1148|892|1420|840|1086|1104|852|1190|1005|1544|841|820|852|1110|922|1571|910|845|1118|1331|1109|1057|798|717|847|498|446|381|531|276|337|329|317|579|558|494|523|461|169|
