2014-08-19|3|1_CTs|ct1||27|29|17|17|23|21|9|8|8|6|7|4|7|5|2|7|3|3|9|9|6|11|7|9|18|13|28|22|48|55|83|124|130|163|188|208|201|218|179|162|131|117|166|161|156|151|164|135|138|147|152|147|139|134|139|137|142|151|159|170|165|141|143|146|153|121|154|137|175|186|172|147|173|219|223|206|156|186|176|171|135|163|123|115|85|95|63|70|60|58|48|52|42|46|42|45|
2014-08-19|3|1_CTs|ct3||62|75|46|33|31|26|23|23|15|14|17|12|11|13|15|9|14|16|18|25|11|23|30|36|29|51|37|49|77|92|135|170|172|175|214|233|229|233|243|233|196|203|249|226|230|225|221|230|193|236|214|203|190|190|234|220|224|200|232|225|244|212|216|215|231|210|212|200|205|199|215|214|192|220|178|190|192|196|208|208|189|167|182|175|174|156|128|122|119|114|100|96|92|77|75|65|
2014-08-19|3|1_CTs|ct5||92|83|85|55|51|43|39|28|38|41|27|24|14|13|13|13|10|11|17|16|13|10|11|18|14|19|20|27|44|44|71|116|157|147|177|226|186|201|194|186|171|187|184|178|189|178|181|193|209|212|219|192|214|178|185|178|193|185|197|213|186|199|214|227|248|244|238|266|270|289|312|294|293|313|299|305|271|299|275|237|234|195|216|160|175|127|130|131|118|127|131|95|134|111|110|121|
2014-08-19|3|1_CTs|ct6||9|5|3|6|2|1|3|3|5|3|0|2|1|1|1|0|2|1|1|0|1|2|3|2|3|6|10|13|12|16|21|35|33|37|38|49|50|33|50|43|38|36|57|46|47|51|62|40|56|34|35|26|24|15|22|29|38|47|35|33|42|38|53|51|38|32|36|37|33|33|32|29|53|29|37|38|43|39|23|36|27|25|36|18|19|18|18|20|18|17|14|14|24|12|16|7|
2014-08-19|3|1_CTs|ct7||111|105|100|83|62|55|60|36|59|43|40|29|28|25|19|20|39|47|21|15|22|27|18|42|34|29|37|42|38|65|65|93|105|109|106|136|110|125|139|150|139|152|144|146|165|170|176|193|165|171|157|159|174|148|145|123|154|159|151|188|162|165|187|179|186|191|192|198|191|187|184|180|182|146|136|167|194|154|182|172|143|156|155|150|143|147|135|119|117|132|134|128|120|108|134|126|
2014-08-19|3|1_CTs|ct8||72|44|72|34|35|20|33|32|41|19|19|10|9|26|10|6|5|15|11|9|8|8|13|17|21|18|16|25|21|28|31|51|65|66|49|68|49|73|75|82|98|103|86|87|105|96|119|117|97|105|105|111|96|72|85|84|93|87|99|113|103|97|113|96|118|113|111|126|126|108|104|104|107|119|129|101|120|104|101|107|85|93|83|79|77|99|73|70|61|74|77|79|74|68|80|63|
2014-08-19|3|1_CTs|ct9||50|65|63|72|51|43|30|38|36|26|22|18|23|26|19|23|31|22|21|16|25|25|21|27|23|36|40|39|43|59|79|109|136|165|182|201|161|167|147|173|159|158|128|144|129|127|125|130|116|157|134|130|117|137|101|128|126|124|153|134|146|139|166|143|137|153|153|116|166|166|178|143|179|169|188|159|165|142|136|132|144|116|150|90|94|93|87|60|77|81|66|77|78|60|88|82|
2014-08-19|3|1_CTs|ct10||53|33|39|34|35|41|38|33|28|30|10|15|13|8|15|12|16|13|18|4|19|6|9|17|15|9|13|23|24|17|30|60|53|54|77|91|76|82|103|78|87|70|69|77|93|88|87|77|85|82|83|96|87|79|75|60|70|90|91|81|72|93|71|97|59|107|85|86|83|91|112|93|84|93|93|84|93|95|88|71|74|89|90|77|57|75|62|50|44|61|52|71|61|55|51|62|
2014-08-19|3|1_CTs|ct13||131|130|126|112|89|100|91|74|81|68|44|52|44|27|57|45|48|38|70|52|52|146|44|78|512|245|191|112|96|106|253|164|214|208|234|250|226|234|236|248|334|504|303|216|250|242|668|275|272|271|264|348|1312|269|273|251|258|326|302|300|254|252|260|273|274|252|235|260|219|302|1015|543|246|286|325|886|266|241|297|230|273|241|275|261|262|219|196|216|186|182|187|201|175|347|289|181|
2014-08-19|3|1_CTs|ct14||29|37|28|18|13|14|12|5|9|13|5|6|6|8|7|3|8|6|7|10|8|12|12|11|19|30|44|81|113|186|196|253|248|228|272|282|245|236|214|222|214|179|154|161|140|159|145|145|132|131|146|118|120|120|123|151|142|128|150|167|139|151|160|126|108|128|134|134|120|134|183|162|180|214|228|192|161|194|188|172|151|136|121|87|91|86|76|71|71|66|72|60|69|59|50|51|
2014-08-19|3|1_CTs|CT16||52|86|63|54|35|27|21|27|28|36|16|22|18|13|16|13|11|13|19|13|20|19|8|23|12|26|17|38|29|49|60|90|79|99|118|125|131|124|113|137|127|142|91|114|107|100|130|110|128|150|155|121|122|118|123|132|114|94|147|101|135|102|131|131|101|146|149|130|171|162|183|177|184|165|174|174|140|156|154|151|130|119|133|86|93|52|96|64|74|77|63|85|93|53|69|65|
2014-08-19|3|1_CTs|ct18||60|59|44|48|55|46|33|34|42|28|19|22|18|10|11|17|17|13|15|8|22|14|17|21|22|22|25|38|46|45|61|89|94|99|141|145|133|146|145|153|110|124|109|109|133|127|122|135|121|115|112|116|132|113|113|96|112|127|117|135|109|107|121|117|98|125|115|116|116|128|135|118|134|133|122|123|118|133|131|97|105|117|102|86|90|75|70|76|67|80|74|101|66|72|81|55|
2014-08-19|3|1_CTs|ct19||0|0|1|0|0|0|0|1|0|0|0|0|0|0|1|0|0|0|0|0|0|2|1|1|2|4|4|5|2|3|4|12|4|4|6|6|2|5|5|7|2|8|5|3|5|4|3|4|7|5|9|4|4|4|4|6|2|3|7|6|3|4|5|4|2|6|3|3|8|4|4|5|2|4|3|6|3|4|5|5|4|3|7|8|3|5|5|2|1|1|0|1|0|1|0|4|
2014-08-19|3|1_CTs|ct20||1|0|1|0|1|0|0|0|0|0|0|0|8|0|0|0|0|0|0|0|0|0|0|0|0|0|0|0|0|1|0|0|0|0|0|0|0|0|0|0|0|0|0|0|1|1|0|0|0|0|1|0|1|0|0|0|0|0|8|0|0|0|0|0|0|0|0|1|0|0|0|1|0|0|0|0|8|0|1|0|0|0|0|1|1|1|0|1|0|0|1|0|0|0|0|0|
2014-08-19|3|1_CTs|ct22||3|3|2|2|0|3|2|0|0|2|2|1|2|1|0|0|2|0|0|0|3|1|0|2|1|0|0|3|3|6|8|9|9|14|9|20|15|14|19|13|17|14|24|19|21|12|15|12|20|23|24|16|16|18|8|16|17|22|21|21|16|16|16|14|22|29|35|31|18|30|30|31|35|34|32|34|38|27|23|24|22|10|14|12|13|9|6|3|8|4|7|5|2|4|7|7|
2014-08-19|3|1_CTs|CT23||31|26|18|23|20|12|8|7|7|7|5|3|8|4|2|4|7|3|1|6|0|3|2|4|4|5|11|13|24|20|43|51|46|66|86|84|85|466|255|165|186|140|203|163|197|179|172|184|225|210|190|220|220|197|181|148|173|180|184|202|484|578|578|566|558|551|470|471|483|540|551|558|571|581|593|557|472|381|322|110|113|90|84|65|59|43|46|35|66|53|52|32|52|36|32|27|
2014-08-19|3|1_CTs|ct24||171|160|134|110|67|86|65|27|54|50|31|25|25|45|32|24|29|31|39|41|42|55|68|96|129|132|238|317|428|647|753|863|890|964|1050|1031|899|889|832|841|844|697|746|710|669|652|652|650|658|660|664|653|615|578|591|597|614|596|662|653|672|644|609|587|562|541|575|578|538|659|712|758|727|814|850|742|653|728|771|650|618|562|534|456|397|354|353|333|282|279|282|240|265|250|230|197|
