2011-04-17|2|1_CTs|ct1||106|117|87|75|81|70|46|44|47|33|40|23|27|28|20|22|12|17|14|8|13|14|17|10|16|23|21|22|13|21|21|25|25|26|32|38|39|78|56|83|100|80|92|88|81|84|82|79|89|79|87|81|81|76|79|105|83|104|104|102|112|98|123|105|102|123|114|117|110|90|104|90|73|80|99|89|93|79|80|87|67|87|71|85|92|66|71|64|61|71|63|59|51|41|46|38|
2011-04-17|2|1_CTs|ct2||35|50|45|22|38|35|21|27|26|29|16|13|19|28|12|22|16|10|8|13|15|8|14|8|14|16|14|13|11|9|9|11|12|21|12|18|19|36|36|29|41|27|51|32|37|36|35|24|37|25|33|45|34|31|24|34|34|26|31|29|30|29|36|25|25|38|34|29|21|24|29|34|21|26|29|41|35|30|35|33|20|24|32|35|22|21|28|22|20|22|14|13|21|16|16|14|
2011-04-17|2|1_CTs|ct3||175|217|187|144|154|149|109|116|99|101|77|73|74|77|77|54|49|40|43|34|43|34|34|35|37|48|44|35|31|42|42|42|40|52|57|63|70|94|117|128|146|132|156|142|139|141|143|119|133|117|132|114|139|129|117|136|133|137|151|153|147|151|172|150|166|177|177|169|151|146|160|129|121|128|149|138|156|137|125|139|118|120|132|145|130|102|120|104|100|124|101|90|95|77|82|78|
2011-04-17|2|1_CTs|ct4||81|125|85|74|88|68|74|54|81|58|71|49|42|37|52|48|41|36|21|32|26|19|29|20|37|26|29|36|24|26|29|29|33|25|31|25|39|38|43|58|53|51|57|68|53|58|68|73|61|65|62|99|103|76|83|70|89|83|76|80|86|87|86|102|89|87|105|117|95|80|101|101|62|107|105|110|93|94|77|85|80|61|66|80|65|53|59|70|54|61|52|51|61|75|104|51|
2011-04-17|2|1_CTs|ct5||142|180|166|129|132|108|109|101|119|107|85|74|79|64|80|76|65|49|44|43|34|31|42|33|39|27|38|50|22|38|38|35|40|30|45|34|54|59|86|80|74|97|85|92|107|92|110|110|92|98|120|140|160|119|132|129|131|122|108|119|120|140|146|160|151|174|177|183|141|156|158|135|125|151|151|158|147|139|139|141|123|119|117|121|100|86|96|87|72|97|91|93|95|98|148|77|
2011-04-17|2|1_CTs|ct6||200|244|150|111|100|100|80|82|95|84|79|65|74|66|65|59|58|42|37|33|30|23|31|21|37|18|42|43|30|30|31|35|35|26|33|33|44|36|60|86|91|72|58|55|59|65|59|62|65|55|75|78|84|71|80|74|73|69|68|70|88|95|81|92|103|122|96|112|97|106|101|99|70|92|110|110|90|96|103|71|90|79|74|93|72|73|63|72|60|69|57|60|67|67|100|60|
2011-04-17|2|1_CTs|ct17||127|141|136|86|98|108|76|66|66|68|59|37|54|46|40|31|33|15|19|20|19|10|18|17|13|26|15|18|12|19|19|30|27|26|28|35|38|53|80|91|89|102|98|94|93|82|98|91|108|88|94|93|102|77|87|97|99|88|109|109|104|110|128|116|121|133|136|121|116|104|119|106|106|95|95|116|97|90|93|111|87|78|91|100|97|71|93|62|61|73|66|65|55|57|58|42|
2011-04-17|2|1_CTs|CT19||91|109|97|64|69|78|55|56|52|62|65|47|51|33|48|32|17|14|20|14|12|11|15|8|10|16|9|13|10|13|17|14|19|14|17|17|22|35|52|60|61|82|74|60|56|62|77|76|79|59|58|73|63|51|64|70|69|64|67|79|72|69|93|81|80|80|107|108|99|82|85|86|81|80|74|102|93|75|79|82|77|65|51|67|58|51|67|52|39|54|61|45|47|48|42|28|
2011-04-17|2|1_CTs|CT20||66|66|73|63|77|68|73|48|54|50|66|67|72|73|72|61|63|30|30|18|14|15|22|19|11|11|13|5|17|10|21|13|23|18|15|18|22|33|38|34|39|35|45|48|40|36|47|57|55|53|52|61|54|50|52|35|65|44|56|52|51|56|74|60|42|50|59|65|72|58|56|73|48|69|71|66|83|81|68|59|52|66|58|39|50|37|46|50|53|60|52|40|33|57|40|39|
2011-04-17|2|1_CTs|CT21||40|49|38|41|48|38|45|22|26|31|21|22|35|23|24|19|24|13|13|11|10|4|11|8|7|5|4|4|12|7|9|5|13|10|8|10|10|13|31|18|29|29|36|41|29|20|44|43|38|39|33|54|42|44|28|30|36|34|40|39|33|37|39|38|35|32|44|39|47|44|50|40|38|56|53|48|49|61|36|38|30|40|33|28|25|19|27|24|26|30|25|22|13|32|23|26|
