2014-03-01|2|1_CTs|ct1||118|113|116|100|72|62|78|58|72|48|54|52|34|44|32|37|25|32|34|26|40|30|28|38|35|43|55|51|56|66|81|77|83|81|109|92|133|120|110|131|150|141|170|171|174|150|164|164|173|168|183|165|185|149|151|148|137|156|175|181|178|154|9|67|62|142|171|181|176|168|181|152|140|156|157|151|139|163|167|187|176|177|178|173|177|159|137|126|129|119|131|131|119|112|109|119|
2014-03-01|2|1_CTs|ct2||61|72|66|63|54|49|49|39|54|36|40|37|25|31|29|30|25|25|26|29|27|20|19|18|19|24|33|27|30|32|25|26|34|33|40|50|46|56|49|49|64|49|71|67|71|46|46|57|56|61|68|54|53|62|57|66|55|47|69|54|56|58|9|73|89|84|96|70|71|75|63|83|70|80|62|93|82|90|84|95|82|97|100|110|110|84|95|73|62|68|70|72|75|67|65|59|
2014-03-01|2|1_CTs|ct3||180|137|149|136|124|94|96|85|96|82|58|72|38|61|35|52|43|44|61|36|40|54|40|40|34|60|58|53|57|63|80|66|81|84|92|82|120|116|120|146|148|144|174|168|161|165|154|179|154|180|168|164|147|150|131|126|109|118|124|167|148|142|57|25|123|189|213|177|166|193|177|188|136|154|164|180|147|148|191|169|161|184|180|150|155|132|152|148|139|128|148|161|149|151|133|143|
2014-03-01|2|1_CTs|ct4||76|85|69|60|70|68|65|73|54|60|46|47|43|41|47|43|51|48|47|27|39|36|36|36|30|52|35|45|29|36|50|47|37|47|51|62|60|63|95|76|91|92|87|112|114|94|109|118|108|110|124|109|126|87|93|106|109|98|106|103|107|98|97|88|114|129|128|105|125|112|108|95|112|137|134|97|123|92|109|94|110|92|90|91|99|72|73|72|73|63|74|79|85|88|93|83|
2014-03-01|2|1_CTs|ct5||131|142|117|107|115|102|92|94|79|79|76|63|55|52|57|60|59|58|55|41|47|46|43|43|41|56|49|50|41|50|60|66|57|62|75|81|90|77|121|110|144|134|128|134|154|143|170|190|165|181|174|192|186|152|149|151|155|157|157|172|170|172|189|134|181|221|202|206|206|202|185|190|224|242|216|223|235|177|206|165|179|119|124|139|129|125|106|109|116|109|118|131|122|133|142|120|
2014-03-01|2|1_CTs|ct6||35|42|38|41|30|32|34|27|23|18|15|25|12|9|18|19|6|12|18|17|20|15|9|10|17|19|13|17|19|10|14|20|18|17|17|17|18|17|33|21|28|28|20|30|29|32|35|36|29|23|27|36|207|499|204|140|124|269|226|205|161|254|235|346|477|548|537|377|128|54|49|36|44|54|50|43|50|41|50|39|53|34|44|52|46|33|27|52|44|32|32|43|47|43|45|42|
2014-03-01|2|1_CTs|ct17||197|156|176|173|148|123|126|98|118|101|75|88|54|75|48|63|57|65|72|46|54|50|46|40|53|72|69|60|50|78|97|109|105|131|111|102|119|120|146|131|155|156|197|199|191|193|187|194|174|198|192|170|193|192|157|157|146|139|152|176|183|183|108|83|127|240|218|191|207|225|187|224|217|215|185|202|193|166|197|177|194|188|193|178|164|162|166|165|152|158|167|160|171|155|138|177|
2014-03-01|2|1_CTs|CT19||53|70|66|68|60|50|51|43|38|40|42|25|22|28|14|25|18|17|18|9|14|14|11|7|9|21|21|27|16|28|43|33|39|50|46|39|52|66|54|70|67|81|82|96|94|87|89|104|99|95|90|101|88|75|72|74|74|66|64|94|82|80|57|46|57|121|97|111|96|102|94|103|70|101|91|94|96|80|83|95|83|81|83|83|66|58|68|58|77|59|58|72|47|65|43|65|
2014-03-01|2|1_CTs|CT20||45|53|54|59|53|44|55|53|60|67|69|48|44|54|32|36|24|28|28|36|23|12|12|21|9|12|16|14|21|18|17|24|23|29|26|32|36|50|48|65|57|55|55|66|73|61|57|68|77|53|74|69|58|59|82|73|72|58|69|66|74|77|57|54|76|74|55|61|79|78|63|67|60|85|81|77|64|84|74|68|78|70|77|68|66|51|42|55|49|52|48|59|50|59|68|72|
2014-03-01|2|1_CTs|CT21||24|32|23|28|25|22|29|25|20|24|30|24|16|17|4|14|6|12|16|12|10|6|9|10|3|8|7|7|11|5|10|11|13|17|14|23|23|30|33|35|38|29|42|38|41|46|32|50|48|32|45|39|36|36|43|52|32|42|42|44|45|43|35|37|38|36|34|45|45|49|46|47|44|51|46|37|38|40|38|34|61|43|54|37|40|35|24|33|26|28|32|37|32|32|43|39|
