2017-09-06|6|1_CTs|CT1||1|1|3|2|0|2|0|2|0|1|1|1|0|0|0|0|2|2|2|0|1|2|0|2|4|1|2|4|4|260|9|12|19|27|33|70|69|366|172|391|22|11|19|17|14|9|10|11|7|16|12|256|6|4|7|14|13|8|12|8|9|47|21|24|7|10|22|17|7|5|9|7|18|263|4|6|5|6|9|234|14|5|5|4|7|2|2|1|6|1|1|1|1|3|1|1|
2017-09-06|6|1_CTs|CT3||22|13|8|10|6|2|3|2|0|4|5|4|0|6|5|8|8|16|11|19|25|21|19|22|29|40|44|273|40|50|45|56|49|74|56|70|57|62|61|57|49|53|46|291|42|50|52|48|55|52|273|466|35|32|51|49|48|47|56|51|44|49|47|272|57|52|55|44|69|48|43|56|49|264|59|47|246|51|37|33|37|40|34|21|24|26|28|21|26|32|24|27|22|22|22|19|
2017-09-06|6|1_CTs|CT4||7|9|4|1|3|6|5|0|1|4|1|7|0|2|0|2|0|2|2|1|1|1|0|1|3|0|0|3|7|4|5|12|12|16|21|21|21|2|27|24|28|23|18|17|26|22|19|16|12|20|20|23|20|276|24|21|22|22|17|27|31|29|13|16|19|29|16|29|31|19|32|46|30|38|45|291|32|44|31|35|28|24|23|283|16|10|18|19|16|23|9|17|13|11|6|15|
2017-09-06|6|1_CTs|CT6||17|26|17|9|9|10|8|4|6|6|2|0|2|5|5|3|4|4|6|11|6|10|10|11|10|16|27|29|273|47|61|78|100|373|111|145|108|350|120|851|118|91|92|405|101|354|95|106|356|114|315|350|129|85|326|325|94|105|116|104|111|93|108|107|105|328|343|315|121|349|102|324|107|329|92|102|99|115|92|101|94|106|96|72|56|51|54|71|65|73|56|43|286|50|35|35|
2017-09-06|6|1_CTs|CT7||258|265|3|3|3|0|2|1|0|4|3|1|2|3|3|3|2|3|1|3|3|0|4|4|8|6|6|9|14|12|26|21|22|37|45|33|36|31|29|39|284|35|34|267|35|21|18|20|14|29|28|25|25|17|18|31|24|275|27|28|36|24|16|17|24|31|25|25|21|24|25|26|27|35|17|22|19|23|20|20|23|19|19|13|20|11|14|9|10|9|7|6|8|7|5|9|
2017-09-06|6|1_CTs|CT8||256|494|19|21|280|17|252|8|11|16|12|12|19|15|7|10|3|5|3|6|9|16|18|26|24|25|44|47|311|85|383|165|412|421|164|179|178|167|418|381|374|125|153|385|113|145|135|119|370|352|403|129|133|112|129|363|154|146|353|154|149|394|152|125|136|184|393|144|799|373|164|398|175|663|177|428|158|162|138|151|124|142|349|97|355|89|77|62|82|79|59|61|56|56|53|45|
2017-09-06|6|1_CTs|CT11||28|265|20|14|11|17|15|10|5|10|8|7|6|7|4|3|7|7|9|4|8|11|21|37|26|286|50|333|101|877|444|207|199|494|247|459|216|229|232|458|453|225|196|417|185|199|177|172|146|429|159|918|170|175|144|416|179|205|211|182|409|159|185|164|140|123|124|400|196|182|163|182|404|176|171|423|179|407|161|154|168|138|122|107|355|348|72|84|78|49|597|45|57|57|47|291|
2017-09-06|6|1_CTs|CT12||298|282|30|20|14|12|21|13|6|8|9|8|8|12|5|10|5|8|5|2|7|14|23|276|32|32|47|48|64|87|346|409|165|201|236|1007|299|276|267|460|234|222|190|161|166|441|164|189|165|191|433|189|429|401|170|138|167|201|176|155|469|445|192|426|185|215|235|505|254|466|260|530|515|532|291|514|288|287|241|443|213|204|356|109|118|102|95|84|336|67|74|54|63|76|44|315|
2017-09-06|6|1_CTs|CT15||25|31|11|25|17|15|6|8|4|8|13|11|7|13|6|10|10|492|11|21|25|18|25|38|37|42|48|275|316|329|125|136|710|218|233|241|222|403|417|195|148|377|354|126|348|136|127|318|98|112|366|132|142|357|367|114|120|121|119|132|379|120|116|358|108|347|156|224|237|249|232|425|212|749|497|660|209|173|114|105|309|94|75|72|325|59|293|55|45|51|47|39|37|29|273|274|
2017-09-06|6|1_CTs|CT16||291|38|33|20|16|14|11|10|12|9|12|6|8|9|6|9|9|267|5|9|11|8|15|28|26|17|34|326|75|92|393|176|187|237|237|471|242|472|516|503|732|221|446|197|204|186|177|181|422|190|176|175|419|430|157|160|186|212|205|195|219|439|186|160|154|178|175|202|433|211|196|180|188|459|208|190|445|194|187|192|412|180|132|125|129|96|344|101|594|71|72|59|54|56|53|49|
2017-09-06|6|1_CTs|CT17||6|9|5|9|1|1|6|3|2|3|2|1|4|0|1|2|1|2|3|0|0|1|2|1|1|4|2|7|3|12|11|20|22|22|45|299|50|304|55|40|40|47|48|32|45|53|52|55|52|45|298|41|49|49|39|40|40|52|54|34|59|52|324|55|44|56|54|56|77|68|84|335|80|62|72|70|81|70|62|61|50|44|35|39|27|32|19|34|27|30|26|14|24|14|280|7|
2017-09-06|6|1_CTs|CT19||43|35|32|30|259|15|17|9|7|10|10|271|0|5|2|8|6|5|9|2|11|6|8|7|9|13|21|21|26|42|296|64|76|102|362|359|162|168|142|130|108|119|124|369|131|131|350|350|151|154|137|111|120|372|121|124|124|122|384|115|132|139|144|380|120|150|150|404|196|193|175|456|191|204|457|191|198|181|172|393|152|130|135|107|95|78|296|75|322|67|59|39|52|54|41|51|
2017-09-06|6|1_CTs|CT20||27|260|12|16|13|9|8|13|3|3|5|2|5|3|3|6|4|8|1|5|12|10|12|15|12|23|19|31|30|302|47|77|325|356|94|305|127|55|102|110|95|17|384|105|115|107|108|118|98|100|107|1302|108|89|7|333|40|48|8|84|114|93|104|108|96|84|127|102|1|137|14|95|7|374|117|580|29|105|96|15|85|112|304|58|30|72|13|61|50|48|309|42|31|37|43|19|
2017-09-06|6|1_CTs|CT21||71|65|37|37|31|30|19|15|14|208|17|11|16|11|9|16|21|28|20|39|49|46|307|57|44|293|101|111|128|181|707|247|528|502|295|498|294|262|266|678|431|493|236|194|390|220|436|452|205|203|202|431|393|397|427|431|214|220|218|215|236|489|212|215|417|215|199|225|277|447|232|702|234|684|242|214|220|186|699|418|204|193|136|333|583|115|131|107|118|90|327|99|112|98|71|279|
2017-09-06|6|1_CTs|CT22||0|0|0|0|0|0|0|0|0|0|0|0|0|0|0|0|0|0|0|0|0|0|0|0|0|0|0|0|1|0|0|0|0|0|0|0|0|0|0|0|0|0|0|0|0|0|0|0|0|0|0|0|0|0|0|0|0|0|0|0|0|0|0|0|0|0|0|0|0|0|0|0|0|0|0|0|0|0|0|0|0|0|0|0|0|0|0|0|0|0|0|0|0|0|0|0|
2017-09-06|6|1_CTs|CT23||331|270|34|31|37|30|19|17|16|17|23|15|19|270|18|239|15|8|8|12|21|22|35|32|40|60|69|535|99|133|228|272|262|312|255|504|231|243|256|485|238|226|430|221|203|225|227|213|200|223|239|203|216|425|194|222|211|485|239|230|228|235|715|484|229|255|301|496|764|305|325|502|546|543|291|527|255|775|488|448|220|231|167|150|129|145|130|114|116|134|91|88|103|90|81|302|
2017-09-06|6|1_CTs|CT24||293|287|58|42|38|29|28|20|24|22|18|12|15|9|18|11|9|10|13|24|16|16|37|32|41|51|50|103|118|335|391|184|446|255|265|552|322|525|290|264|424|456|249|207|251|220|247|229|234|253|230|681|224|441|198|239|253|256|457|273|225|740|271|230|281|284|521|292|746|302|336|601|530|548|332|573|349|389|312|277|267|260|401|376|376|151|136|128|135|347|121|97|97|97|316|264|
