2013-09-15|6|1_CTs|CT1||1|3|0|1|1|1|1|11|1|0|0|0|0|0|1|2|0|0|1|0|1|0|1|2|1|2|2|0|0|0|0|0|4|1|3|2|0|3|0|1|1|2|0|4|4|3|4|5|3|5|13|3|3|2|5|0|2|3|1|1|9|2|1|1|2|1|2|4|4|3|0|3|2|4|3|3|1|4|6|2|2|4|2|3|10|4|0|2|4|4|0|1|1|1|1|2|
2013-09-15|6|1_CTs|CT3||19|13|12|8|6|7|8|2|3|5|2|3|2|4|6|10|12|19|15|20|30|30|31|33|31|29|36|29|38|46|43|34|33|50|37|33|38|42|33|46|40|43|41|34|42|43|50|56|53|50|40|50|35|35|38|29|39|37|30|32|28|35|39|38|34|50|50|44|46|32|52|34|50|44|42|46|40|45|31|34|28|31|30|27|35|32|17|22|25|22|19|21|23|17|22|17|
2013-09-15|6|1_CTs|CT4||0|0|0|0|0|0|0|0|0|0|0|0|0|0|0|0|0|0|0|0|0|0|0|0|0|0|0|0|0|0|0|0|0|0|0|0|0|0|0|0|0|0|0|0|0|0|0|0|0|0|0|0|0|0|0|1|0|0|0|0|0|0|0|0|0|0|0|0|0|0|0|0|0|0|0|0|0|0|0|0|0|0|0|0|0|0|0|0|0|0|0|0|0|0|0|0|
2013-09-15|6|1_CTs|CT5||0|0|0|0|0|0|0|0|0|0|0|0|0|0|0|0|0|0|0|0|0|0|0|0|0|0|0|0|0|0|0|0|0|0|0|0|0|0|0|0|0|0|0|0|0|0|0|0|0|0|0|0|0|0|0|0|0|0|0|0|0|0|0|0|0|0|0|0|0|0|0|0|0|0|5|0|0|0|0|0|0|0|0|0|0|0|0|0|0|0|0|0|0|0|0|1|
2013-09-15|6|1_CTs|CT6||37|27|32|27|19|12|13|12|6|21|6|11|9|3|11|7|8|3|8|14|7|13|6|13|7|16|7|10|10|11|15|17|18|16|21|19|31|31|30|38|54|46|60|45|50|65|68|73|78|70|75|84|93|87|89|76|73|60|88|73|74|90|92|99|82|110|80|79|84|87|98|84|85|79|84|85|89|112|117|94|98|103|97|99|101|84|76|63|62|54|43|51|50|31|26|27|
2013-09-15|6|1_CTs|CT7||2|5|3|6|1|5|7|3|3|5|2|1|2|5|4|3|5|3|1|2|1|3|4|3|4|1|5|3|6|6|7|3|0|7|6|5|6|8|8|15|9|12|14|8|14|12|13|24|20|14|20|13|19|11|12|11|14|8|8|18|18|12|17|17|10|17|18|15|19|19|29|22|19|19|24|19|16|17|14|16|19|19|13|17|12|16|14|11|7|12|11|8|9|9|4|11|
2013-09-15|6|1_CTs|CT8||46|46|31|49|36|37|28|24|19|16|22|12|9|10|15|16|14|18|14|11|11|10|10|11|16|16|24|19|16|33|46|18|35|35|33|40|37|49|46|48|69|56|63|63|67|56|75|79|70|84|80|68|82|81|67|75|103|82|92|88|106|104|109|98|97|101|95|83|104|86|123|104|96|110|105|91|106|114|133|107|106|104|86|80|76|81|90|66|62|63|72|57|66|47|58|38|
2013-09-15|6|1_CTs|CT9||61|50|47|41|41|36|26|25|31|32|20|30|24|13|23|14|11|18|16|13|21|17|18|20|27|25|32|22|27|28|42|43|39|36|43|54|53|56|56|74|89|87|78|92|100|109|103|129|139|96|137|126|110|101|118|111|118|122|122|124|137|121|163|143|116|148|142|151|135|132|158|128|122|126|144|151|135|118|166|172|144|134|106|120|116|109|94|77|94|76|76|68|67|66|47|48|
2013-09-15|6|1_CTs|CT10||33|33|28|19|24|21|18|24|14|13|14|11|10|15|8|8|5|4|7|16|7|10|13|10|7|15|16|9|17|17|13|35|24|35|31|37|37|35|59|68|76|57|79|65|71|98|77|85|78|81|79|86|125|107|79|63|71|79|80|84|92|78|122|92|90|89|134|102|101|119|124|122|102|105|101|81|94|124|101|121|105|120|116|89|71|72|60|47|68|49|46|45|45|49|44|33|
2013-09-15|6|1_CTs|CT11||35|49|36|31|39|27|20|20|14|14|20|16|10|4|17|9|10|11|6|9|14|10|12|13|10|14|19|16|27|17|41|43|43|35|63|55|61|66|63|82|94|109|92|84|91|89|82|102|97|87|101|117|117|86|102|100|89|99|108|110|125|122|124|118|125|114|122|118|127|144|127|114|125|104|113|141|87|113|122|132|129|105|93|106|179|99|80|80|65|67|65|52|47|46|36|32|
2013-09-15|6|1_CTs|CT12||55|41|42|29|23|34|18|21|17|18|24|15|12|9|14|11|5|6|10|11|14|12|19|14|11|19|17|22|22|26|22|41|40|39|51|55|51|71|82|99|84|77|87|77|88|96|77|98|95|84|103|101|117|83|79|73|79|90|91|105|116|96|113|107|115|106|119|119|125|133|108|146|123|112|126|124|101|118|118|121|117|130|119|92|121|105|77|74|77|62|66|50|56|47|41|39|
2013-09-15|6|1_CTs|CT15||16|20|11|18|16|3|12|11|11|9|14|4|4|2|6|5|9|11|7|13|19|22|21|22|19|19|17|17|14|27|26|19|20|37|28|30|28|26|35|61|38|40|38|41|48|46|50|43|52|65|47|65|54|52|39|52|37|41|45|42|58|42|47|58|48|73|56|79|49|73|76|62|69|59|46|68|66|59|56|72|64|49|39|47|51|41|28|34|18|27|35|29|28|20|17|23|
2013-09-15|6|1_CTs|CT16||39|42|36|37|38|25|25|30|15|16|15|17|14|12|15|9|13|10|6|16|13|8|11|14|9|13|22|10|23|23|24|33|24|33|45|40|42|50|50|68|81|94|80|83|84|89|84|106|98|105|111|107|147|117|105|96|93|81|92|96|109|111|132|124|119|113|140|110|138|160|161|144|136|113|131|128|114|130|118|127|128|131|128|122|116|97|85|72|71|70|65|65|58|56|50|39|
2013-09-15|6|1_CTs|CT17||0|0|0|0|0|0|0|0|0|0|0|0|0|0|0|0|0|0|0|0|0|0|0|0|0|0|0|0|0|0|0|0|0|0|0|0|0|0|0|0|0|0|0|0|0|0|0|0|0|0|0|0|0|0|0|0|0|2|0|2|2|3|0|1|0|0|4|2|1|0|0|0|0|0|0|0|0|0|0|0|0|0|0|0|0|0|0|0|0|0|0|0|0|2|1|2|
2013-09-15|6|1_CTs|CT18||0|0|0|0|0|0|0|0|0|0|0|0|0|0|0|0|0|0|0|0|0|0|0|0|0|0|0|0|0|0|0|0|0|0|0|0|0|0|0|0|0|0|0|0|0|0|0|0|0|0|0|2|0|0|0|0|0|0|0|0|0|0|0|0|0|0|0|0|0|0|0|0|0|0|8|0|0|0|0|0|0|0|0|0|0|0|0|0|0|0|0|0|0|0|0|0|
2013-09-15|6|1_CTs|CT19||0|0|0|0|0|0|0|0|0|0|0|0|0|0|0|0|0|0|0|0|0|0|0|0|0|0|0|0|0|0|0|0|0|0|0|0|0|0|0|0|0|0|0|0|0|0|0|0|0|0|0|0|0|0|0|1|0|1|0|0|0|0|0|0|0|0|0|0|0|0|0|0|0|0|3|0|0|0|0|0|0|0|0|0|0|0|0|0|0|0|0|0|0|0|0|0|
2013-09-15|6|1_CTs|CT20||0|0|0|0|0|0|0|0|0|0|0|0|0|0|0|0|0|0|0|0|0|0|0|0|0|0|0|0|0|0|0|0|0|0|0|0|0|0|0|0|0|0|0|0|0|0|0|0|0|0|0|0|0|0|0|2|0|4|4|0|1|0|1|2|1|3|1|0|0|0|0|0|0|3|3|0|0|0|0|0|0|0|0|0|0|0|0|0|0|0|0|0|0|1|1|0|
2013-09-15|6|1_CTs|CT21||95|79|72|59|58|46|43|39|40|38|22|32|23|29|20|26|18|33|39|39|45|50|40|49|44|42|66|54|48|71|85|89|61|91|82|80|64|89|109|107|112|113|125|127|115|132|153|131|139|164|158|164|176|152|137|149|135|151|163|206|175|192|186|210|176|194|230|227|202|210|228|252|219|233|218|253|248|226|213|253|221|207|173|194|174|184|165|159|164|150|157|109|144|131|133|90|
2013-09-15|6|1_CTs|CT22||109|88|76|91|89|69|51|63|61|49|60|43|32|34|31|44|47|31|56|71|88|79|78|55|69|67|71|66|68|81|84|90|103|94|99|91|111|112|114|125|149|142|146|148|140|179|182|168|187|187|193|209|194|165|171|151|172|157|132|182|183|209|199|204|185|191|204|189|231|209|207|207|211|219|201|198|197|205|220|206|207|215|183|143|166|174|167|157|135|138|121|102|132|117|108|110|
2013-09-15|6|1_CTs|CT23||66|84|62|57|56|56|46|44|28|32|25|18|18|20|24|22|25|28|30|29|26|25|30|46|31|35|45|41|47|65|77|61|63|77|80|81|83|107|86|102|121|126|137|124|120|129|143|150|129|148|152|134|133|131|138|124|165|137|150|154|176|183|202|162|168|161|141|163|173|150|188|177|156|168|175|170|168|169|188|175|167|170|150|117|120|122|109|116|120|91|101|84|96|68|90|72|
2013-09-15|6|1_CTs|CT24||97|80|72|74|57|66|39|57|42|36|39|35|41|27|29|27|35|23|34|33|38|38|37|33|26|26|45|35|35|51|64|57|60|70|58|70|79|75|61|82|104|107|111|118|110|138|120|111|162|151|171|146|143|154|127|129|102|113|148|143|145|139|157|159|155|169|186|181|165|161|189|171|175|146|202|154|155|196|221|154|208|184|175|159|154|138|136|116|121|100|106|105|91|101|99|78|
