2014-06-23|6|1_CTs|CT1||0|1|0|1|2|2|1|1|1|0|0|0|1|0|0|1|0|0|1|1|2|2|0|2|4|1|3|2|3|1|9|8|13|25|25|19|12|34|8|8|4|6|6|5|4|6|6|8|3|3|3|5|10|20|10|5|5|3|12|9|6|7|9|5|13|7|8|18|7|7|3|8|6|6|6|7|3|4|1|2|3|5|2|4|2|1|3|1|0|1|0|0|0|3|0|1|
2014-06-23|6|1_CTs|CT3||19|16|7|4|9|15|13|15|5|4|1|3|6|4|3|5|5|13|15|11|20|20|37|29|31|39|42|46|46|60|57|76|83|80|105|97|96|86|76|79|71|73|55|71|53|47|42|58|51|57|56|55|62|51|55|47|51|37|46|59|44|46|35|53|49|54|49|71|81|68|84|94|82|85|80|129|84|39|57|44|32|39|38|20|25|28|22|23|15|13|11|10|23|16|18|14|
2014-06-23|6|1_CTs|CT4||2|2|1|3|18|17|8|7|2|2|0|2|1|2|1|2|0|0|0|2|1|1|0|0|1|1|2|1|6|4|5|12|21|17|28|32|28|37|27|25|18|1|28|32|18|24|15|23|35|2|12|19|25|25|22|0|9|6|6|9|25|26|28|35|24|37|28|33|32|34|44|35|42|51|55|51|57|46|36|41|33|31|19|22|26|14|15|16|12|11|9|7|9|4|10|6|
2014-06-23|6|1_CTs|CT5||5|5|4|1|36|30|19|6|9|5|7|7|4|5|1|1|1|3|6|4|5|3|1|9|7|5|8|17|10|11|21|27|33|39|37|65|81|78|73|69|72|70|75|66|75|72|66|31|66|76|66|58|68|75|73|68|63|69|79|78|61|63|81|81|61|62|71|57|83|65|75|86|77|86|83|66|88|69|65|60|51|57|41|31|45|35|31|31|27|31|22|21|29|21|25|23|
2014-06-23|6|1_CTs|CT6||5|2|10|11|63|26|19|11|8|6|5|4|4|6|2|6|5|2|3|7|9|11|5|15|13|14|9|28|18|35|54|84|99|145|163|154|161|143|117|116|100|106|87|99|103|87|82|83|109|89|98|89|102|82|108|94|89|110|127|108|107|86|92|91|104|105|114|106|137|133|141|128|118|105|117|95|111|99|93|87|95|81|77|57|63|46|43|39|47|34|34|38|32|44|28|32|
2014-06-23|6|1_CTs|CT7||2|1|0|1|11|6|4|7|1|2|1|1|1|1|1|1|0|2|2|2|1|5|2|0|4|1|3|9|7|11|19|20|28|39|39|55|33|29|36|40|26|32|21|28|30|22|25|26|20|26|23|28|24|23|22|23|26|25|23|23|19|18|16|23|25|23|24|28|22|21|30|17|38|32|31|25|30|25|26|23|16|11|18|12|10|13|7|13|11|12|5|4|5|5|7|8|
2014-06-23|6|1_CTs|CT8||30|17|15|29|63|46|29|22|13|8|13|10|14|13|11|4|11|6|9|4|8|18|17|23|27|31|45|50|84|96|138|209|189|217|215|197|212|199|211|188|157|155|125|143|149|128|159|135|140|168|157|142|168|150|132|129|156|165|169|150|134|150|152|145|146|198|168|163|179|206|199|195|205|203|193|204|183|179|174|140|142|117|125|102|84|91|69|64|67|78|66|64|54|46|52|47|
2014-06-23|6|1_CTs|CT9||30|12|12|22|75|61|35|29|26|15|16|9|9|8|7|7|9|10|11|13|13|14|18|27|35|44|46|54|96|109|161|233|232|253|348|359|315|302|247|238|230|201|198|173|166|195|185|191|175|190|189|178|196|175|222|208|196|207|221|205|188|204|219|194|210|214|234|309|360|379|344|352|375|379|394|312|239|220|215|158|158|131|118|119|99|97|98|98|94|79|76|66|51|67|47|56|
2014-06-23|6|1_CTs|CT10||16|8|6|16|35|34|27|18|13|11|8|5|3|12|5|4|2|5|4|1|9|12|11|18|26|20|23|33|50|65|93|94|127|151|180|201|216|213|205|185|153|150|139|119|149|128|128|151|130|145|148|130|154|133|142|115|140|153|144|165|151|144|160|168|163|176|199|206|223|214|201|195|225|237|244|261|212|188|172|148|136|108|105|94|80|62|73|44|60|59|40|37|52|42|52|39|
2014-06-23|6|1_CTs|CT11||20|13|11|13|61|51|26|18|12|3|9|9|3|4|2|3|8|7|10|6|8|12|17|27|20|39|46|60|93|110|194|243|260|268|323|321|310|281|246|254|214|218|170|188|180|159|148|183|153|180|187|174|176|165|170|184|192|209|215|193|189|175|175|180|182|152|195|207|220|186|204|188|212|189|167|168|148|145|123|139|123|103|94|75|79|51|68|65|64|49|51|39|43|54|37|35|
2014-06-23|6|1_CTs|CT12||22|12|9|19|50|66|33|30|12|7|9|7|3|8|3|8|3|7|3|7|9|13|16|19|25|19|29|48|51|65|105|140|179|230|256|282|281|267|260|221|165|185|163|166|163|161|169|184|181|178|196|188|197|148|191|176|193|185|216|190|197|165|180|202|201|211|235|285|266|275|300|280|301|257|218|228|276|240|207|194|192|152|132|104|91|74|70|71|68|66|56|46|60|51|48|50|
2014-06-23|6|1_CTs|CT16||20|14|3|18|64|50|33|27|15|6|10|8|7|5|3|3|8|8|9|5|8|11|13|22|22|27|23|55|72|93|129|182|217|217|275|287|272|249|269|235|208|201|183|176|183|180|171|184|160|181|190|179|203|168|184|142|174|200|198|194|193|178|188|179|204|158|198|215|196|181|201|196|222|208|206|225|201|167|154|145|126|118|118|111|98|78|87|74|75|59|48|37|49|52|61|48|
2014-06-23|6|1_CTs|CT17||15|5|6|10|34|41|12|14|10|7|3|2|1|2|1|2|2|3|1|3|2|1|4|3|5|4|8|11|15|16|28|48|56|50|74|89|93|78|79|68|61|75|82|69|55|69|72|72|71|83|70|91|64|70|63|77|67|73|76|71|74|80|81|49|75|79|70|80|88|101|95|80|98|114|108|96|78|87|88|92|89|71|79|50|48|43|45|42|47|39|32|28|32|31|24|39|
2014-06-23|6|1_CTs|CT18||27|18|15|25|105|89|57|31|21|16|18|14|16|14|7|3|9|10|16|13|10|15|13|28|42|34|42|64|84|104|150|217|232|246|273|317|325|292|299|277|259|223|222|219|235|208|234|184|244|226|234|228|227|209|217|200|201|230|262|234|244|229|230|234|242|238|233|252|271|265|250|305|272|343|291|318|278|229|214|201|169|193|159|129|126|112|103|102|107|97|89|74|85|83|81|73|
2014-06-23|6|1_CTs|CT19||20|6|13|13|56|66|41|32|20|12|8|7|4|6|4|3|4|6|4|7|5|6|5|6|8|9|16|15|26|21|38|68|87|116|139|169|164|155|136|125|122|117|124|108|117|148|129|129|123|151|141|145|138|139|132|133|139|150|152|170|139|135|143|132|145|170|135|185|183|192|196|208|178|225|238|212|203|196|162|140|144|157|99|83|83|66|59|61|64|62|53|43|48|43|40|50|
2014-06-23|6|1_CTs|CT20||9|5|4|13|26|30|13|7|3|4|12|4|2|1|1|1|3|6|8|3|5|9|10|12|22|21|19|23|39|47|51|77|75|98|130|149|49|126|99|111|102|119|100|73|117|118|109|117|95|102|64|110|72|102|114|100|104|107|120|100|74|113|114|112|120|99|122|138|126|161|122|132|138|128|138|127|140|69|61|101|39|18|45|18|49|64|50|51|45|38|36|39|31|34|30|33|
2014-06-23|6|1_CTs|CT21||68|58|28|23|65|77|57|50|28|26|12|15|13|16|19|13|9|32|31|32|35|41|49|51|56|71|80|114|126|204|257|294|298|339|333|331|343|337|327|299|293|261|239|212|237|215|214|236|175|203|212|190|215|193|189|224|253|224|240|235|242|241|215|231|220|227|191|253|276|281|277|284|282|277|252|186|214|192|245|190|180|177|135|118|132|117|109|88|94|78|79|75|93|77|73|70|
2014-06-23|6|1_CTs|CT22||57|42|41|41|100|125|80|66|35|30|28|25|21|26|18|23|34|28|37|50|53|68|61|66|74|79|77|89|107|126|159|194|193|215|264|283|282|290|244|261|238|228|232|258|209|243|258|269|273|268|281|271|231|229|249|229|219|219|219|271|276|255|292|291|300|304|301|363|367|356|373|386|380|389|376|389|348|345|295|275|249|230|198|177|173|152|131|148|136|117|84|97|115|102|98|89|
2014-06-23|6|1_CTs|CT23||41|38|25|31|87|76|52|35|18|23|14|12|16|16|20|4|8|12|18|15|18|26|31|36|47|50|85|89|116|149|217|303|309|306|352|358|332|337|337|326|284|253|229|240|213|201|233|218|216|241|224|220|252|225|224|203|221|253|252|247|223|223|265|263|234|282|272|280|316|351|346|374|340|375|352|303|307|251|286|251|218|191|183|152|153|134|114|117|109|109|84|86|81|80|73|66|
2014-06-23|6|1_CTs|CT24||39|33|29|26|118|100|67|47|25|25|14|14|19|17|14|11|12|15|15|22|19|30|28|37|29|40|63|96|102|133|184|193|224|303|324|340|364|370|320|336|258|261|237|258|272|245|224|269|251|267|268|280|229|218|232|231|259|260|267|267|245|283|283|251|287|299|323|360|354|349|373|371|388|405|404|414|409|358|310|299|277|238|228|174|143|172|133|107|114|107|85|96|96|96|78|79|
