2017-06-27|6|1_CTs|CT1||0|1|1|2|0|0|0|0|0|0|1|1|0|1|0|0|1|1|1|0|3|2|0|3|2|1|4|6|6|7|7|32|38|40|580|102|350|73|79|37|271|12|10|240|12|11|6|5|13|7|4|11|4|10|8|6|14|13|11|15|6|1|13|10|3|10|11|13|9|12|12|7|271|253|8|12|10|3|4|5|8|6|8|4|3|1|2|3|3|2|3|3|1|4|2|1|
2017-06-27|6|1_CTs|CT3||22|27|19|15|10|8|3|4|2|5|4|2|4|6|3|9|9|14|11|16|15|21|20|23|21|34|29|39|239|49|63|78|93|83|95|87|276|84|73|80|67|65|67|59|54|43|37|55|57|64|54|43|212|110|57|53|51|64|61|60|47|51|54|292|53|47|58|47|52|76|76|96|76|66|90|64|59|56|49|34|37|43|39|505|224|23|30|35|26|281|267|18|16|24|21|260|
2017-06-27|6|1_CTs|CT4||8|9|5|1|258|4|1|4|0|0|2|2|0|0|0|2|1|1|0|2|0|0|2|2|0|0|2|3|5|7|9|15|17|12|34|41|290|27|27|25|19|19|19|269|21|18|17|17|19|26|26|38|23|38|26|23|24|37|280|21|23|31|23|30|29|30|24|22|42|33|50|60|32|61|55|45|41|43|38|1|9|20|6|27|15|11|11|16|20|19|11|270|15|14|15|13|
2017-06-27|6|1_CTs|CT6||39|36|250|15|10|10|10|11|3|2|2|3|4|3|4|6|2|6|11|8|23|11|7|15|13|14|17|35|23|59|60|106|122|121|586|136|142|133|132|121|332|117|125|578|91|106|110|118|107|372|118|112|355|352|128|121|139|132|121|121|126|349|117|112|372|115|110|351|115|337|115|355|368|97|113|116|621|113|106|100|104|356|97|92|340|63|63|53|63|54|57|60|298|59|36|37|
2017-06-27|6|1_CTs|CT7||8|3|9|8|3|5|3|0|1|2|2|0|1|2|2|2|2|3|3|7|2|1|3|4|8|2|8|7|10|19|25|29|28|29|32|33|47|45|38|35|31|293|23|32|24|11|20|19|28|31|22|31|22|32|24|257|23|285|33|20|33|29|25|24|25|27|17|34|23|24|19|31|22|24|23|19|24|26|23|20|14|21|25|13|9|13|6|15|10|11|6|11|7|7|10|5|
2017-06-27|6|1_CTs|CT8||74|132|139|110|86|21|18|18|13|16|212|15|23|12|9|239|7|10|6|5|8|16|19|25|23|25|50|50|301|121|173|180|433|181|171|340|384|162|392|164|165|150|148|146|122|596|129|137|378|586|407|137|130|142|137|151|149|156|159|132|370|402|153|384|364|153|156|392|161|177|187|186|381|405|681|180|406|176|159|375|135|331|126|122|85|102|74|77|303|317|61|283|341|72|74|292|
2017-06-27|6|1_CTs|CT10||30|33|31|13|20|11|20|4|14|16|9|5|5|6|7|4|3|2|3|5|6|7|18|26|23|19|37|30|53|309|92|132|141|420|187|200|186|183|179|171|411|379|149|625|133|146|140|407|652|152|168|141|147|153|126|115|371|114|142|415|139|418|162|144|416|171|195|462|307|349|483|199|217|244|245|233|441|180|181|174|171|134|362|375|350|73|346|76|71|54|49|61|51|40|51|36|
2017-06-27|6|1_CTs|CT11||31|29|29|21|20|13|263|11|12|6|4|8|9|5|5|5|3|5|7|11|12|14|15|281|34|34|58|98|112|364|193|519|263|276|238|149|116|406|190|223|476|489|459|208|203|156|178|426|180|1204|454|458|440|421|159|434|173|198|203|217|184|202|188|190|429|438|464|454|206|209|716|167|450|191|447|194|412|145|155|404|164|420|136|127|118|328|86|79|87|86|65|58|49|67|49|41|
2017-06-27|6|1_CTs|CT12||51|33|46|26|21|21|20|8|13|11|8|10|6|5|4|4|3|6|6|6|10|14|13|25|25|22|44|45|76|84|122|716|195|779|525|329|546|282|290|260|201|450|184|180|183|431|165|194|199|475|202|202|370|257|164|166|172|182|199|140|455|466|217|730|241|227|500|273|394|420|523|266|735|255|251|795|295|249|235|249|463|174|156|405|130|105|89|80|106|79|60|84|70|69|307|47|
2017-06-27|6|1_CTs|CT15||33|35|41|33|22|17|12|11|11|8|8|6|3|10|13|9|8|11|14|23|25|25|28|37|39|38|48|67|298|111|131|419|224|247|505|501|238|194|174|176|132|150|139|591|361|316|124|117|119|151|131|135|345|124|130|368|140|126|128|365|125|116|113|372|368|151|140|185|247|232|99|57|175|169|178|420|486|451|191|151|90|538|94|560|60|50|61|51|64|51|40|47|47|35|45|27|
2017-06-27|6|1_CTs|CT16||34|38|41|27|21|275|11|8|15|13|12|7|6|12|13|6|6|5|9|273|12|7|17|29|30|264|48|64|86|94|168|451|232|251|256|232|264|506|277|268|206|489|449|228|210|402|190|190|166|397|200|206|446|456|168|429|160|691|207|413|411|458|200|193|208|181|197|731|212|211|454|211|226|216|229|222|436|171|170|181|161|180|168|132|135|94|602|353|88|87|67|66|70|67|68|55|
2017-06-27|6|1_CTs|CT17||21|17|17|268|7|5|6|5|0|4|2|3|0|1|3|1|1|0|1|0|1|3|1|2|2|2|5|3|10|256|13|269|26|54|308|90|65|308|55|40|287|56|51|49|51|297|61|317|47|316|43|44|48|47|46|44|44|45|54|58|59|66|52|279|52|48|67|321|91|82|103|90|342|117|108|88|94|74|65|60|51|57|45|46|38|38|32|32|31|24|26|30|26|14|16|21|
2017-06-27|6|1_CTs|CT19||49|34|42|47|270|25|20|22|9|12|6|12|6|7|9|6|3|6|9|5|8|4|12|12|5|5|18|18|33|42|53|346|99|421|165|446|419|417|148|156|144|391|140|351|361|136|150|151|146|408|149|157|386|119|125|111|137|136|381|132|148|153|415|412|415|176|150|189|200|189|223|488|211|237|233|232|454|189|177|205|176|381|125|104|97|324|318|79|68|69|56|319|62|45|63|49|
2017-06-27|6|1_CTs|CT20||25|16|23|14|251|10|221|4|6|5|5|5|4|3|5|5|3|2|5|6|10|11|11|10|24|19|21|16|38|44|65|310|365|121|133|6|143|65|123|108|119|404|377|9|110|116|51|51|341|18|356|9|535|175|111|355|60|72|88|112|133|840|106|351|628|125|115|359|116|24|111|32|9|42|39|78|354|42|85|92|69|51|74|13|69|307|19|2|49|54|46|51|50|56|298|27|
2017-06-27|6|1_CTs|CT21||65|77|95|51|55|40|19|26|14|26|17|14|17|15|13|22|24|36|35|56|49|230|55|287|66|77|99|139|146|237|246|538|336|314|514|322|706|312|500|286|243|446|251|226|495|228|474|195|460|701|216|436|189|194|203|200|221|240|242|227|239|424|245|207|213|209|224|441|230|282|251|239|281|280|517|268|235|253|190|409|171|409|187|133|132|107|129|131|108|377|103|95|86|124|88|88|
2017-06-27|6|1_CTs|CT23||339|134|160|122|85|38|25|27|14|16|281|21|21|19|10|18|12|13|14|12|21|22|34|37|41|528|80|81|340|166|243|706|294|286|542|482|247|233|249|493|480|473|242|483|447|196|215|213|195|218|235|436|201|235|217|232|221|475|259|207|238|462|267|718|232|264|253|271|283|272|539|282|529|273|302|284|527|265|262|207|225|205|678|187|146|134|349|121|117|126|105|365|615|96|308|69|
2017-06-27|6|1_CTs|CT24||324|66|281|59|52|51|286|39|15|21|18|19|10|11|21|14|20|17|22|24|25|21|24|251|41|44|74|81|112|136|169|236|257|534|324|340|336|304|293|297|262|227|507|482|469|470|483|251|268|460|260|243|237|256|249|230|258|474|241|476|260|477|267|506|258|304|516|562|340|349|328|322|557|542|368|339|556|316|324|310|253|264|678|178|172|382|144|147|333|110|121|114|127|116|113|315|
