2012-12-23|3|1_CTs|ct1||84|77|86|69|59|49|38|29|28|25|25|10|26|23|7|19|9|8|9|10|6|10|10|9|11|16|13|13|10|17|23|17|17|15|24|23|24|23|31|42|50|41|55|72|66|70|88|96|68|86|84|103|95|104|103|82|83|96|109|92|138|131|146|124|153|134|116|113|142|129|132|115|111|105|103|97|97|92|86|90|96|105|105|75|84|81|71|67|55|70|61|44|56|58|49|46|
2012-12-23|3|1_CTs|ct3||165|175|172|138|142|124|113|85|77|66|52|25|61|48|39|44|42|38|32|42|36|26|32|40|33|63|50|46|30|42|29|39|38|39|38|37|43|52|62|83|88|73|111|135|106|113|158|142|123|135|128|176|167|162|171|151|132|177|203|186|235|242|229|200|253|280|185|198|230|215|289|229|234|208|198|194|158|179|180|172|160|161|206|184|153|135|178|130|111|132|94|108|116|115|100|77|
2012-12-23|3|1_CTs|ct5||134|124|113|140|98|102|73|75|103|68|74|45|66|59|40|56|45|43|44|48|43|64|96|78|54|39|41|36|35|27|39|47|44|52|69|65|214|197|104|183|206|221|116|95|83|112|114|95|115|141|123|131|121|112|125|126|118|148|111|121|147|152|142|163|157|157|158|171|182|177|160|170|188|161|176|220|196|154|177|178|168|157|183|115|109|108|108|100|100|104|77|89|89|101|102|98|
2012-12-23|3|1_CTs|ct6||20|11|22|10|10|7|9|7|6|8|10|6|8|3|2|4|2|2|2|0|2|3|2|1|2|6|3|2|2|3|9|4|3|1|2|3|7|3|9|10|7|17|13|11|15|18|22|18|29|21|19|16|16|38|29|20|19|21|25|16|30|24|25|39|31|28|26|33|28|32|40|29|40|42|32|24|31|28|26|25|31|23|18|23|25|14|18|14|12|19|15|23|17|14|11|12|
2012-12-23|3|1_CTs|ct7||154|138|142|125|113|114|93|96|102|83|107|65|81|87|82|67|50|48|67|53|65|52|41|63|43|44|52|55|31|32|46|35|41|36|41|37|52|46|45|82|57|74|71|70|77|91|96|95|118|124|117|128|109|109|109|140|122|117|119|140|129|129|138|171|136|152|164|149|165|160|176|216|150|141|149|160|136|147|145|160|156|138|156|149|150|118|132|141|138|130|145|121|131|154|115|83|
2012-12-23|3|1_CTs|ct8||227|245|149|72|36|42|84|42|35|50|38|51|35|38|59|31|29|33|74|114|99|26|25|35|29|29|40|34|18|17|12|45|77|33|19|50|27|33|21|37|70|42|38|46|33|35|42|33|32|49|39|68|38|41|25|43|65|45|42|40|58|40|50|65|72|53|72|87|99|147|70|195|72|105|90|266|67|86|77|80|142|88|139|104|72|49|47|41|45|30|44|25|35|41|38|27|
2012-12-23|3|1_CTs|ct9||95|104|105|105|79|109|79|96|72|53|61|66|63|45|47|35|49|50|57|48|52|38|33|29|20|31|39|31|27|20|27|23|23|34|39|48|38|46|44|63|62|53|62|84|77|81|71|77|85|91|96|101|92|103|94|80|93|95|81|77|104|121|121|113|115|112|119|99|119|92|119|131|120|110|117|108|89|106|93|83|100|79|67|84|72|62|66|51|63|69|52|61|69|67|62|60|
2012-12-23|3|1_CTs|ct10||95|91|68|83|90|88|85|97|87|90|88|86|95|90|112|80|65|77|72|63|52|49|64|52|54|64|60|51|40|31|38|27|25|26|33|20|32|29|41|53|45|50|57|74|56|63|67|81|74|78|63|91|79|78|84|75|88|84|82|74|96|94|101|105|124|123|107|104|102|123|108|112|96|122|106|96|103|95|113|93|94|94|96|77|86|59|55|63|53|55|52|61|53|52|61|62|
2012-12-23|3|1_CTs|CT11||280|234|266|249|231|226|182|216|188|168|206|1299|1234|1201|3135|1791|533|1088|986|987|1848|1953|1849|1030|265|733|108|504|113|983|173|340|486|212|97|187|118|510|104|146|139|338|157|155|200|281|232|482|411|302|572|298|263|196|236|328|261|247|239|885|919|303|331|673|381|625|311|348|625|786|387|340|359|1626|545|1128|589|391|457|358|313|333|302|237|247|234|213|186|197|209|298|208|203|208|198|170|
2012-12-23|3|1_CTs|CT12||37|53|48|51|38|28|51|24|34|21|34|35|33|35|47|37|20|25|26|6|24|18|20|26|24|13|27|23|13|17|11|12|13|20|18|19|18|11|19|17|21|24|38|23|28|26|34|39|34|44|58|50|35|33|32|22|53|46|36|95|168|84|48|76|70|65|64|60|88|90|195|197|90|72|62|61|55|43|43|35|40|47|40|37|39|40|36|41|45|27|31|35|36|39|32|33|
2012-12-23|3|1_CTs|ct13||423|108|391|677|372|1389|507|376|1083|1210|437|313|704|471|1342|536|1678|269|585|408|502|382|70|76|148|693|385|60|82|323|59|57|412|69|75|271|788|43|78|101|84|69|88|74|91|100|106|94|104|114|122|107|103|98|101|79|91|97|106|102|115|119|112|138|127|141|146|117|183|151|125|162|151|146|138|147|143|109|111|104|133|102|123|110|105|103|67|91|69|77|70|77|72|64|73|81|
2012-12-23|3|1_CTs|ct14||57|47|60|47|38|39|34|24|18|16|19|21|24|17|14|11|6|10|14|7|13|6|12|15|15|18|21|35|24|34|63|55|38|29|30|40|42|46|47|60|61|57|60|65|64|62|58|79|72|78|95|94|71|103|85|97|76|83|89|95|92|107|140|106|118|122|98|118|96|123|122|99|107|113|107|88|80|86|85|78|82|91|85|76|46|56|62|70|55|61|53|49|54|58|46|40|
2012-12-23|3|1_CTs|CT16||118|88|103|80|76|97|81|64|94|67|78|85|63|86|70|64|58|61|60|78|32|80|55|27|50|37|55|30|36|28|46|25|24|44|36|43|44|54|53|41|39|57|34|69|64|61|70|49|78|74|91|80|99|80|92|96|90|76|81|74|81|102|118|85|101|114|95|103|112|91|94|181|120|121|159|110|101|79|82|79|97|99|61|68|87|55|55|74|68|65|54|64|60|57|51|59|
2012-12-23|3|1_CTs|ct17||93|81|77|95|86|74|81|82|70|62|82|64|63|57|52|56|43|58|46|35|34|45|50|43|29|58|30|34|42|37|40|30|17|27|28|37|52|38|62|68|68|78|65|116|109|84|96|145|134|133|96|131|144|137|136|117|120|116|119|151|158|125|173|149|171|147|156|143|164|172|156|166|155|164|186|144|149|111|115|127|142|124|111|110|115|105|78|79|84|65|70|91|68|47|80|62|
2012-12-23|3|1_CTs|ct18||123|119|108|101|120|124|121|119|119|113|120|107|126|107|121|87|88|97|89|71|74|62|70|56|55|82|79|57|57|46|48|41|34|38|43|39|51|36|72|62|66|65|77|107|90|82|102|98|108|113|95|126|126|117|116|104|107|127|140|133|136|139|156|156|157|169|139|158|163|181|150|168|156|158|154|149|132|136|141|127|136|127|135|105|123|92|78|81|95|74|83|91|83|76|98|74|
2012-12-23|3|1_CTs|ct19||2|0|2|0|0|0|0|0|1|0|0|1|0|0|1|0|0|0|1|0|0|0|2|3|0|3|1|3|1|4|2|1|2|4|2|2|2|4|2|2|3|4|1|1|5|4|1|3|1|1|2|2|3|2|3|1|3|3|0|3|2|3|4|0|4|4|3|4|3|4|4|2|2|1|2|2|2|2|3|6|2|2|4|3|0|3|0|3|0|2|1|2|0|0|0|1|
2012-12-23|3|1_CTs|ct22||7|0|5|11|5|6|5|5|2|2|1|3|2|0|2|0|4|2|4|3|2|3|3|5|6|6|5|4|8|10|5|8|14|3|12|8|6|12|9|14|21|18|17|18|34|16|23|24|22|30|33|28|14|7|9|6|4|6|8|5|7|1|8|8|6|12|5|11|12|9|8|7|5|11|11|10|7|7|6|12|8|5|3|5|1|2|4|2|4|5|5|5|4|3|3|10|
2012-12-23|3|1_CTs|CT23||98|94|102|88|79|79|37|47|34|47|28|35|51|31|22|15|31|23|19|26|24|20|24|14|18|9|24|18|21|31|35|38|40|34|57|59|39|56|57|63|69|63|101|71|114|92|145|120|112|142|134|176|147|151|169|169|135|126|116|135|160|180|151|195|190|177|191|181|188|191|166|192|144|168|162|171|185|155|141|150|139|148|129|94|87|109|89|97|86|82|96|83|88|102|72|65|
2012-12-23|3|1_CTs|ct24||288|289|291|234|217|237|198|157|131|112|84|112|100|106|76|82|65|66|58|52|59|43|52|57|61|88|102|117|101|137|198|172|143|148|126|203|218|261|315|375|403|365|426|438|441|458|472|498|494|478|541|501|554|542|512|498|483|569|602|619|640|716|722|713|691|674|622|659|655|710|653|654|623|627|587|569|523|543|494|499|511|434|459|405|350|347|342|335|292|287|258|288|275|264|253|219|
