2012-07-12|2|1_CTs|ct1||0|16|43|31|25|17|16|14|12|18|12|9|9|6|5|7|4|8|10|12|14|12|20|13|26|32|37|42|47|60|78|99|96|115|117|123|113|116|124|148|127|134|148|131|148|150|133|129|114|133|134|107|145|130|146|128|114|133|114|142|161|123|140|140|126|119|116|100|92|118|125|116|135|124|96|151|129|124|124|147|138|142|157|134|134|116|107|82|86|76|72|90|75|52|65|59|
2012-07-12|2|1_CTs|ct2||0|6|16|12|9|13|5|4|6|5|6|5|3|3|4|2|3|5|4|1|4|8|8|11|14|13|12|15|16|18|24|24|29|27|30|40|40|46|50|53|52|54|71|52|78|66|64|60|60|47|62|57|77|53|71|51|58|46|58|65|50|65|67|47|53|44|40|69|59|53|63|66|56|66|48|52|53|54|53|67|56|64|60|49|54|53|41|38|35|29|28|28|30|25|22|13|
2012-07-12|2|1_CTs|ct3||106|85|78|81|61|49|39|27|29|41|33|25|29|22|16|17|22|19|21|21|20|30|36|30|46|64|69|72|74|102|102|131|127|165|183|156|183|179|185|204|205|198|246|211|216|225|217|214|206|215|215|187|206|229|230|211|188|184|215|191|231|225|210|221|198|127|2|5|101|236|241|228|222|213|189|222|224|222|229|216|227|237|254|213|224|193|172|154|155|150|153|148|139|126|115|118|
2012-07-12|2|1_CTs|ct4||72|62|35|52|31|35|25|29|23|19|24|12|13|14|18|7|13|21|21|14|11|15|15|23|32|26|29|35|43|49|62|74|97|103|120|126|140|118|116|130|139|130|142|153|131|117|147|101|125|138|164|134|119|127|117|121|124|122|137|128|140|130|121|153|132|116|114|111|104|137|120|128|113|126|131|132|134|118|125|127|114|117|118|114|110|101|107|90|74|87|90|87|92|80|96|75|
2012-07-12|2|1_CTs|ct5||98|107|70|67|56|55|63|40|32|43|32|25|21|19|24|13|18|20|23|22|21|18|18|30|33|24|32|45|45|50|71|98|124|142|174|199|187|164|157|194|212|213|189|214|197|169|212|223|202|207|209|167|167|194|177|176|199|174|182|193|201|218|209|228|200|185|150|127|174|201|188|189|173|193|205|196|220|218|181|188|168|170|178|191|164|162|143|141|148|137|147|133|145|148|118|144|
2012-07-12|2|1_CTs|ct6||151|134|93|82|60|50|49|38|38|33|27|25|11|12|14|7|17|17|25|14|22|16|14|20|34|27|34|30|48|42|62|74|102|132|149|161|152|155|149|147|167|165|169|193|180|149|178|182|194|175|198|202|169|152|169|182|187|206|212|193|179|230|192|238|181|231|299|298|305|194|212|183|185|169|189|172|208|214|201|187|182|188|160|174|155|144|138|140|128|137|123|135|180|160|166|194|
2012-07-12|2|1_CTs|ct17||108|87|81|77|63|57|41|28|31|42|36|28|25|24|16|11|16|20|15|14|20|21|19|23|35|40|38|58|69|73|91|114|128|142|167|158|175|163|180|192|189|196|219|185|192|227|210|193|194|219|203|175|167|202|199|201|163|178|188|185|209|206|201|192|193|131|12|5|79|230|231|208|206|212|167|218|222|207|219|233|212|229|234|226|211|206|189|131|142|151|131|140|116|107|122|122|
2012-07-12|2|1_CTs|CT19||58|51|42|40|24|16|18|16|13|25|15|16|10|8|4|9|8|7|11|6|7|7|9|12|13|19|21|24|40|40|62|72|78|95|99|101|113|105|102|103|109|88|111|124|93|116|120|146|120|127|143|125|87|87|118|102|106|99|114|115|129|146|124|128|134|106|44|36|53|148|143|160|152|140|122|146|136|151|130|160|110|142|133|137|129|112|87|72|63|66|69|75|67|58|83|76|
2012-07-12|2|1_CTs|CT20||60|58|34|56|40|33|35|19|20|31|29|18|18|7|17|7|15|14|13|12|6|11|14|12|19|17|15|27|24|28|31|46|69|69|70|90|104|85|81|89|79|91|77|51|72|74|94|62|69|59|67|71|55|61|69|75|72|78|61|77|63|74|71|72|77|77|68|56|83|78|70|77|81|103|85|75|86|86|81|74|100|91|87|26|10|14|13|36|44|70|58|66|69|59|68|67|
2012-07-12|2|1_CTs|CT21||33|34|17|25|14|14|15|7|9|12|12|5|5|6|9|6|6|5|3|3|0|3|4|9|9|8|5|12|12|14|17|20|54|46|48|64|53|40|61|60|52|50|52|47|43|44|50|44|38|48|57|47|42|39|47|45|33|65|33|41|44|45|54|38|55|62|39|52|47|42|65|45|45|58|51|51|43|50|55|35|52|53|48|46|46|32|36|31|40|40|33|35|34|30|42|42|
