2013-01-27|3|1_CTs|ct1||82|63|76|67|62|56|51|26|35|26|21|31|24|19|13|18|13|11|19|14|0|0|0|0|0|0|0|0|0|0|0|0|0|0|0|0|0|0|0|0|0|0|0|0|0|0|0|0|0|0|0|0|0|0|0|0|0|0|0|0|0|0|0|0|3|115|97|112|94|107|83|91|107|100|74|88|88|76|87|86|102|145|119|77|71|66|66|65|55|47|43|34|33|43|40|32|
2013-01-27|3|1_CTs|ct3||143|175|173|125|125|129|111|68|71|55|69|60|54|34|44|57|37|39|50|37|0|0|0|0|0|0|0|0|0|0|0|0|0|0|0|0|0|0|0|0|0|0|0|0|0|0|0|0|0|0|0|0|0|0|0|0|0|0|0|0|0|0|0|0|5|185|153|157|140|125|127|114|107|112|104|119|113|97|108|110|119|128|124|117|92|95|102|93|121|73|77|69|72|166|201|57|
2013-01-27|3|1_CTs|ct5||142|141|103|109|102|104|97|101|68|89|72|55|67|61|55|41|58|45|44|44|0|0|0|0|0|0|0|0|0|0|0|0|0|0|0|0|0|0|0|0|0|0|0|0|0|0|0|0|0|0|0|0|0|0|0|0|0|0|0|0|0|0|0|0|10|180|165|195|117|140|146|136|144|151|143|119|123|151|139|133|126|123|121|104|85|71|76|79|55|73|83|80|61|86|71|63|
2013-01-27|3|1_CTs|ct6||9|17|8|11|7|9|3|11|6|5|6|8|3|2|8|3|2|3|4|0|0|0|0|0|0|0|0|0|0|0|0|0|0|0|0|0|0|0|0|0|0|0|0|0|0|0|0|0|0|0|0|0|0|0|0|0|0|0|0|0|0|0|0|0|2|30|30|31|16|31|25|22|24|15|39|26|27|21|22|18|24|22|18|23|11|17|14|9|15|12|13|7|12|11|2|10|
2013-01-27|3|1_CTs|ct7||158|140|120|124|124|115|121|132|124|120|107|98|101|105|101|75|67|80|69|52|0|0|0|0|0|0|0|0|0|0|0|0|0|0|0|0|0|0|0|0|0|0|0|0|0|0|0|0|0|0|0|0|0|0|0|0|0|0|0|0|0|0|0|0|1|121|173|169|132|126|149|120|100|132|105|124|114|116|153|106|83|86|87|84|70|60|61|64|49|67|68|69|62|100|62|58|
2013-01-27|3|1_CTs|ct8||99|57|48|54|73|59|60|69|55|51|65|35|51|51|57|39|46|54|43|29|0|0|0|0|0|0|0|0|0|0|0|0|0|0|0|0|0|0|0|0|0|0|0|0|0|0|0|0|0|0|0|0|0|0|0|0|0|0|0|0|0|0|0|0|1|44|69|49|45|43|49|35|33|50|41|35|42|41|49|46|43|32|31|29|32|23|27|34|21|24|35|32|21|29|33|31|
2013-01-27|3|1_CTs|ct9||97|94|125|113|92|89|105|82|87|96|60|72|104|75|74|65|56|39|41|62|0|0|0|0|0|0|0|0|0|0|0|0|0|0|0|0|0|0|0|0|0|0|0|0|0|0|0|0|0|0|0|0|0|0|0|0|0|0|0|0|0|0|0|0|2|98|113|109|98|102|100|92|92|103|93|92|78|107|89|95|65|87|88|92|74|51|59|65|50|65|56|78|57|55|63|68|
2013-01-27|3|1_CTs|ct10||88|85|93|91|93|96|85|111|116|92|100|107|107|100|111|95|95|98|82|73|0|0|0|0|0|0|0|0|0|0|0|0|0|0|0|0|0|0|0|0|0|0|0|0|0|0|0|0|0|0|0|0|0|0|0|0|0|0|0|0|0|0|0|0|0|98|89|94|93|115|108|115|117|103|105|128|100|101|104|118|93|82|110|82|72|56|62|59|42|51|50|44|48|44|48|38|
2013-01-27|3|1_CTs|CT11||4580|1692|4821|5044|1224|4781|4946|7063|6289|3493|3369|1634|3634|1189|486|4391|2530|1803|747|3988|0|0|0|0|0|0|0|0|0|0|0|0|0|0|0|0|0|0|0|0|0|0|0|0|0|0|0|0|0|0|0|0|0|0|0|0|0|0|0|0|0|0|0|0|245|5680|4672|3208|3269|3225|1346|1652|3973|5860|6721|5522|5726|4391|4556|5461|4611|1864|7079|5318|6023|5383|5720|3442|6768|2724|156|217|283|436|711|1517|
2013-01-27|3|1_CTs|CT12||51|56|42|37|52|46|41|57|50|50|53|59|35|44|34|33|27|31|30|18|0|0|0|0|0|0|0|0|0|0|0|0|0|0|0|0|0|0|0|0|0|0|0|0|0|0|0|0|0|0|0|0|0|0|0|0|0|0|0|0|0|0|0|0|4|36|55|51|29|45|39|36|43|45|32|27|38|30|30|28|39|22|39|34|35|37|30|29|25|35|22|16|22|25|22|33|
2013-01-27|3|1_CTs|ct13||170|204|222|165|167|160|163|182|173|161|178|183|166|154|161|149|148|146|140|144|0|0|0|0|0|0|0|0|0|0|0|0|0|0|0|0|0|0|0|0|0|0|0|0|0|0|0|0|0|0|0|0|0|0|0|0|0|0|0|0|0|0|0|0|18|236|197|207|202|182|196|186|181|194|178|180|196|182|203|203|662|184|918|142|144|148|150|152|115|142|127|92|110|119|124|114|
2013-01-27|3|1_CTs|ct14||53|61|48|35|45|29|25|22|26|25|17|27|23|10|21|18|11|14|8|14|0|0|0|0|0|0|0|0|0|0|0|0|0|0|0|0|0|0|0|0|0|0|0|0|0|0|0|0|0|0|0|0|0|0|0|0|0|0|0|0|0|0|0|0|4|148|138|127|115|130|118|136|126|125|126|121|111|97|103|91|86|92|98|88|63|77|74|72|68|63|63|74|41|52|49|47|
2013-01-27|3|1_CTs|CT16||115|83|114|115|61|121|127|98|98|68|70|94|91|80|84|81|77|60|59|65|0|0|0|0|0|0|0|0|0|0|0|0|0|0|0|0|0|0|0|0|0|0|0|0|0|0|0|0|0|0|0|0|0|0|0|0|0|0|0|0|0|0|0|0|2|110|113|100|126|121|124|91|88|174|83|111|130|125|134|120|91|88|100|69|82|66|70|92|69|45|59|70|62|56|53|76|
2013-01-27|3|1_CTs|ct17||109|93|113|80|97|99|93|88|69|67|55|65|74|56|60|61|56|54|61|46|0|0|0|0|0|0|0|0|0|0|0|0|0|0|0|0|0|0|0|0|0|0|0|0|0|0|0|0|0|0|0|0|0|0|0|0|0|0|0|0|0|0|0|0|4|130|137|139|135|150|139|140|141|147|141|142|109|104|107|98|121|116|107|103|91|66|77|82|75|65|65|61|43|53|51|52|
2013-01-27|3|1_CTs|ct18||125|125|150|118|118|120|124|125|127|121|113|125|128|118|132|125|107|108|93|91|0|0|0|0|0|0|0|0|0|0|0|0|0|0|0|0|0|0|0|0|0|0|0|0|0|0|0|0|0|0|0|0|0|0|0|0|0|0|0|0|0|0|0|0|0|159|141|132|139|151|128|146|158|138|137|160|131|135|141|123|141|112|138|93|101|72|87|77|67|76|64|63|57|58|60|65|
2013-01-27|3|1_CTs|ct19||1|1|0|2|0|2|0|0|0|1|0|1|0|0|0|1|0|1|0|0|0|0|0|0|0|0|0|0|0|0|0|0|0|0|0|0|0|0|0|0|0|0|0|0|0|0|0|0|0|0|0|0|0|0|0|0|0|0|0|0|0|0|0|0|0|3|1|5|7|3|5|1|7|1|3|2|2|5|2|1|4|1|3|1|2|4|1|1|1|0|0|1|0|3|0|0|
2013-01-27|3|1_CTs|ct22||8|6|3|1|4|7|11|6|2|7|1|7|3|0|6|2|1|2|1|4|0|0|0|0|0|0|0|0|0|0|0|0|0|0|0|0|0|0|0|0|0|0|0|0|0|0|0|0|0|0|0|0|0|0|0|0|0|0|0|0|0|0|0|0|1|9|9|7|9|10|11|10|10|19|12|9|8|8|8|10|7|7|8|8|19|5|3|3|7|9|1|4|6|15|10|13|
2013-01-27|3|1_CTs|CT23||132|91|82|76|86|80|58|55|51|47|44|55|56|41|26|41|15|29|32|33|0|0|0|0|0|0|0|0|0|0|0|0|0|0|0|0|0|0|0|0|0|0|0|0|0|0|0|0|0|0|0|0|0|0|0|0|0|0|0|0|0|0|0|0|15|166|133|164|146|149|116|146|174|176|138|152|140|133|167|156|163|222|199|121|97|74|85|89|101|71|84|68|62|67|77|60|
2013-01-27|3|1_CTs|ct24||299|312|273|221|210|166|160|132|130|109|100|101|69|77|79|48|41|51|45|49|0|0|0|0|0|0|0|0|0|0|0|0|0|0|0|0|0|0|0|0|0|0|0|0|0|0|0|0|0|0|0|0|0|0|0|0|0|0|0|0|0|0|0|0|18|620|597|625|562|536|571|577|561|519|535|531|484|465|452|401|391|420|395|370|308|320|304|303|259|270|249|242|200|184|187|131|
