2014-08-15|2|1_CTs|ct1||80|75|84|78|52|52|36|42|29|29|25|22|17|15|14|17|20|11|16|22|15|25|25|23|22|36|39|45|37|58|74|69|73|64|82|84|104|97|98|105|121|145|146|157|151|163|159|149|186|158|164|168|140|128|154|165|148|163|152|146|165|149|152|167|165|169|171|173|142|150|154|135|159|179|165|159|150|153|158|163|180|174|168|172|171|137|144|135|125|130|108|118|98|102|99|88|
2014-08-15|2|1_CTs|ct2||59|54|54|52|36|32|30|40|25|28|19|18|17|14|5|19|17|13|9|17|11|16|16|13|13|18|18|17|18|22|25|17|29|28|37|40|40|53|47|39|58|53|48|67|51|60|59|52|63|59|58|62|49|60|59|56|51|63|67|58|74|72|66|61|71|71|59|83|54|67|48|69|55|52|63|65|69|64|76|75|77|78|94|69|84|96|77|77|81|79|62|71|75|65|72|51|
2014-08-15|2|1_CTs|ct3||100|108|117|99|68|61|64|57|53|57|32|37|37|27|18|23|31|20|26|38|25|30|30|18|22|44|36|48|36|51|61|56|66|58|84|94|93|122|105|116|134|153|148|178|170|192|183|160|185|170|142|170|144|139|147|175|113|165|145|154|176|158|168|186|176|174|167|182|164|161|158|162|168|162|174|170|170|153|146|172|164|169|185|147|162|180|137|154|143|163|122|137|124|147|119|109|
2014-08-15|2|1_CTs|ct4||61|76|65|46|51|44|57|35|41|28|32|31|29|26|27|28|27|33|25|24|27|15|21|15|21|38|19|28|25|38|28|42|35|42|56|62|70|64|55|73|72|86|78|80|85|104|76|97|114|117|87|106|93|100|92|92|93|112|116|84|114|105|102|109|107|112|119|96|113|112|93|106|77|110|98|127|130|104|115|135|109|109|84|70|95|95|98|80|99|91|90|93|82|103|88|83|
2014-08-15|2|1_CTs|ct5||144|105|102|79|81|74|75|60|85|32|44|50|43|42|41|34|46|39|33|38|35|25|43|30|26|35|30|43|35|48|40|58|62|62|65|85|98|85|89|110|131|145|98|156|136|175|139|149|153|180|147|160|155|127|143|166|136|148|143|156|183|160|140|171|173|169|164|168|188|181|160|184|167|202|164|173|221|181|150|198|182|184|151|150|145|158|146|137|149|135|144|134|121|156|138|142|
2014-08-15|2|1_CTs|ct6||36|38|41|21|27|21|27|18|19|9|17|10|16|11|13|11|14|17|6|11|12|9|10|8|13|17|9|14|10|8|9|11|13|19|20|29|23|23|25|23|28|42|33|37|31|46|35|34|46|45|38|35|40|34|41|40|37|41|35|50|45|39|44|45|40|39|38|54|55|54|37|45|39|47|40|48|59|48|55|49|44|47|45|49|54|47|54|59|40|56|42|44|46|54|41|37|
2014-08-15|2|1_CTs|ct17||142|123|113|116|94|97|90|83|83|64|49|54|48|42|32|26|32|27|41|35|32|33|45|32|25|45|43|54|37|66|67|92|84|64|105|109|111|129|121|131|153|172|172|195|175|204|187|161|211|209|177|198|190|163|149|186|146|185|173|178|223|202|190|198|190|203|195|213|190|166|194|187|164|182|212|198|213|177|183|212|200|183|176|173|178|194|161|153|162|164|138|141|130|154|130|145|
2014-08-15|2|1_CTs|CT19||56|53|48|19|26|24|30|25|16|22|22|21|16|23|10|12|15|6|8|10|10|5|12|9|11|15|12|18|18|32|28|34|26|37|42|34|33|45|39|67|72|62|71|103|70|81|83|66|99|92|58|81|84|57|68|81|78|84|91|79|102|97|81|75|87|76|82|115|88|90|87|97|80|92|113|94|105|96|75|94|91|88|75|66|79|84|85|73|60|65|75|61|64|67|53|63|
2014-08-15|2|1_CTs|CT20||60|52|52|55|52|44|51|43|35|40|46|39|19|38|32|30|25|32|22|20|14|13|14|16|10|13|10|17|11|17|18|31|18|31|26|30|36|29|38|49|53|46|56|70|63|67|46|69|67|70|61|70|67|58|54|63|63|61|65|61|58|56|73|80|61|77|62|60|84|71|63|65|80|67|63|72|62|79|80|73|70|57|80|75|75|63|61|51|69|60|52|45|53|58|69|81|
2014-08-15|2|1_CTs|CT21||36|31|27|30|17|23|20|19|12|20|22|14|11|10|11|10|11|14|11|3|7|6|5|4|2|6|5|9|5|11|10|14|5|17|19|17|20|17|18|28|27|27|56|52|40|39|37|40|35|52|44|50|45|41|38|42|45|48|48|39|36|47|52|63|41|60|44|56|53|55|40|44|43|46|61|50|47|46|57|52|42|37|62|40|46|28|41|28|36|36|23|19|27|39|37|41|
