2011-04-08|6|1_CTs|CT1||0|0|0|0|0|0|0|0|0|0|0|0|0|0|0|0|0|0|0|0|0|0|0|0|0|0|0|0|0|0|0|0|0|0|0|0|0|0|4|6|13|10|4|9|2|7|4|9|7|5|4|9|9|24|12|5|2|6|3|8|4|9|3|8|6|7|14|5|4|6|8|10|5|5|13|9|7|2|5|4|4|7|3|2|1|3|0|11|4|2|8|33|23|5|7|7|
2011-04-08|6|1_CTs|CT3||0|0|0|0|0|0|0|0|0|0|0|0|0|0|0|0|0|0|0|0|0|0|0|0|0|0|0|0|0|0|0|0|0|0|0|0|0|0|221|85|84|62|84|60|51|63|57|76|86|54|69|75|80|71|64|50|51|77|68|60|58|90|67|49|55|64|80|81|90|95|88|84|82|90|74|69|71|83|60|49|62|35|42|38|32|42|40|40|45|33|48|29|27|33|24|13|
2011-04-08|6|1_CTs|CT4||0|0|0|0|0|0|0|0|0|0|0|0|0|0|0|0|0|0|0|0|0|0|0|0|0|0|0|0|0|0|0|0|0|0|0|0|0|0|201|24|21|23|21|29|27|18|34|31|27|31|26|32|35|36|35|25|39|29|37|31|32|33|24|28|28|30|36|45|42|35|40|43|57|48|37|49|42|39|36|13|35|37|28|28|21|22|15|18|17|16|7|22|17|15|11|14|
2011-04-08|6|1_CTs|CT5||0|0|0|0|0|0|0|0|0|0|0|0|0|0|0|0|0|0|0|0|0|0|0|0|0|0|0|0|0|0|0|0|0|0|0|0|0|0|23|68|70|62|82|71|62|71|82|64|75|89|73|77|84|74|64|60|63|68|59|61|33|58|73|65|52|79|58|67|65|98|77|70|56|82|67|57|72|49|40|42|30|41|47|51|58|48|42|28|30|31|38|31|37|47|21|26|
2011-04-08|6|1_CTs|CT6||0|0|0|0|0|0|0|0|0|0|0|0|0|0|0|0|0|0|0|0|0|0|0|0|0|0|0|0|0|0|0|0|0|0|0|0|0|0|47|132|120|102|118|130|101|101|104|113|126|99|100|107|109|99|98|117|110|113|156|116|100|115|116|101|119|112|120|123|141|149|143|153|129|131|113|124|100|100|109|116|119|129|104|81|75|99|62|77|59|62|71|66|64|77|60|55|
2011-04-08|6|1_CTs|CT7||0|0|0|0|0|0|0|0|0|0|0|0|0|0|0|0|0|0|0|0|0|0|0|0|0|0|0|0|0|0|0|0|0|0|0|0|0|0|15|41|31|32|27|23|29|24|24|23|28|32|32|34|22|22|20|26|24|30|28|33|22|26|23|22|18|26|34|36|38|24|26|43|43|22|30|32|21|20|16|21|20|18|21|20|20|17|21|18|15|13|8|10|9|12|13|10|
2011-04-08|6|1_CTs|CT8||0|0|0|0|0|0|0|0|0|0|0|0|0|0|0|0|0|0|0|0|0|0|0|0|0|0|0|0|0|0|0|0|0|0|0|0|0|0|79|217|186|173|162|152|154|167|125|138|152|142|175|159|154|143|133|176|173|153|181|181|165|166|160|158|155|158|179|183|175|195|195|203|191|204|187|205|166|181|178|167|185|174|171|167|129|140|125|103|66|99|101|72|94|55|71|75|
2011-04-08|6|1_CTs|CT9||0|0|0|0|0|0|0|0|0|0|0|0|0|0|0|0|0|0|0|0|0|0|0|0|0|0|0|0|0|0|0|0|0|0|0|0|0|0|115|330|275|236|200|235|194|224|227|220|225|258|256|240|211|216|216|207|228|200|185|224|232|264|226|269|229|247|262|293|308|331|351|353|286|310|336|370|321|346|297|249|213|214|185|173|151|140|150|117|126|120|123|109|107|110|86|85|
2011-04-08|6|1_CTs|CT10||0|0|0|0|0|0|0|0|0|0|0|0|0|0|0|0|0|0|0|0|0|0|0|0|0|0|0|0|0|0|0|0|0|0|0|0|0|0|88|206|192|165|161|182|164|152|158|153|168|179|157|163|151|154|162|172|187|189|183|184|174|183|176|182|188|197|222|207|198|264|265|247|265|255|163|266|272|240|235|205|178|225|208|218|167|163|112|80|102|100|95|65|75|62|56|58|
2011-04-08|6|1_CTs|CT11||0|0|0|0|0|0|0|0|0|0|0|0|0|0|0|0|0|0|0|0|0|0|0|0|0|0|0|0|0|0|0|0|0|0|0|0|0|0|84|262|281|234|199|224|182|197|189|188|204|185|193|196|192|215|197|152|151|188|174|204|179|196|183|202|190|203|223|235|209|193|216|229|162|224|202|168|192|182|165|134|167|161|121|132|101|113|92|85|88|79|70|25|59|61|59|59|
2011-04-08|6|1_CTs|CT12||0|0|0|0|0|0|0|0|0|0|0|0|0|0|0|0|0|0|0|0|0|0|0|0|0|0|0|0|0|0|0|0|0|0|0|0|0|0|112|240|239|196|178|207|185|168|169|162|194|194|201|193|179|183|171|166|194|189|207|195|201|177|177|197|218|220|264|255|261|306|326|308|340|299|252|312|297|242|258|230|218|227|211|191|175|133|118|97|87|91|91|62|80|69|74|59|
2011-04-08|6|1_CTs|CT13||0|0|0|0|0|0|0|0|0|0|0|0|0|0|0|0|0|0|0|0|0|0|0|0|0|0|0|0|0|0|0|0|0|0|0|0|0|0|29|80|59|44|46|52|46|45|46|35|41|53|47|50|38|39|43|47|49|101|114|139|118|154|122|130|121|141|157|167|160|210|221|183|150|160|222|207|170|176|176|128|103|100|95|87|79|79|92|71|53|56|66|64|50|64|46|50|
2011-04-08|6|1_CTs|CT14||0|0|0|0|0|0|0|0|0|0|0|0|0|0|0|0|0|0|0|0|0|0|0|0|0|0|0|0|0|0|0|0|0|0|0|0|0|0|46|125|118|110|111|121|106|120|99|108|121|108|112|112|97|100|105|116|140|140|138|103|134|120|130|121|142|158|160|171|148|205|212|201|214|221|156|197|237|174|188|177|146|155|155|163|128|114|85|63|78|54|53|58|59|63|40|61|
2011-04-08|6|1_CTs|CT15||0|0|0|0|0|0|0|0|0|0|0|0|0|0|0|0|0|0|0|0|0|0|0|0|0|0|0|0|0|0|0|0|0|0|0|0|0|0|68|146|100|106|88|97|91|72|79|98|73|102|67|98|82|66|58|60|60|104|51|93|94|97|67|81|92|105|94|100|94|155|134|106|107|108|160|145|132|101|109|79|76|78|83|51|53|59|61|43|31|40|42|29|30|39|19|27|
2011-04-08|6|1_CTs|CT16||0|0|0|0|0|0|0|0|0|0|0|0|0|0|0|0|0|0|0|0|0|0|0|0|0|0|0|0|0|0|0|0|0|0|0|0|0|0|93|256|282|237|204|220|201|204|217|214|191|205|204|220|184|204|187|175|176|186|196|189|231|209|221|195|191|203|221|228|220|192|225|225|233|202|170|224|219|171|195|156|165|187|172|163|131|142|137|103|116|98|101|84|77|64|70|62|
2011-04-08|6|1_CTs|CT17||0|0|0|0|0|0|0|0|0|0|0|0|0|0|0|0|0|0|0|0|0|0|0|0|0|0|0|0|0|0|0|0|0|0|0|0|0|0|11|41|35|23|33|34|35|27|31|30|34|26|46|42|37|25|32|35|35|27|39|39|48|44|30|28|36|47|31|32|42|48|31|52|47|38|46|45|54|54|45|48|42|34|28|26|24|19|16|16|20|11|13|8|10|18|9|10|
2011-04-08|6|1_CTs|CT18||0|0|0|0|0|0|0|0|0|0|0|0|0|0|0|0|0|0|0|0|0|0|0|0|0|0|0|0|0|0|0|0|0|0|0|0|0|0|97|294|310|281|289|247|246|258|258|239|277|258|261|254|234|230|221|231|227|274|255|269|277|261|280|248|270|258|231|268|289|300|304|297|289|288|295|280|269|252|252|230|235|227|209|209|230|179|165|144|136|139|132|137|135|128|104|101|
2011-04-08|6|1_CTs|CT19||0|0|0|0|0|0|0|0|0|0|0|0|0|0|0|0|0|0|0|0|0|0|0|0|0|0|0|0|0|0|0|0|0|0|0|0|0|0|56|163|142|144|138|144|144|126|148|168|151|170|150|164|150|135|132|136|155|138|133|149|159|149|186|143|144|186|166|190|198|217|217|222|202|219|212|211|210|196|191|187|163|177|132|132|111|98|88|79|79|61|79|74|64|81|57|53|
2011-04-08|6|1_CTs|CT20||0|0|0|0|0|0|0|0|0|0|0|0|0|0|0|0|0|0|0|0|0|0|0|0|0|0|0|0|0|0|0|0|0|0|0|0|0|0|59|131|139|120|146|127|57|77|123|112|101|106|42|78|134|120|71|80|149|64|5|114|10|125|117|132|33|71|30|11|151|82|163|154|90|25|12|109|27|129|112|104|88|21|74|23|102|87|73|79|71|79|80|60|64|61|35|51|
2011-04-08|6|1_CTs|CT21||0|0|0|0|0|0|0|0|0|0|0|0|0|0|0|0|0|0|0|0|0|0|0|0|0|0|0|0|0|0|0|0|0|0|0|0|0|0|106|294|304|262|277|284|229|244|251|238|237|232|262|246|215|245|225|215|213|270|249|247|257|255|243|262|236|230|267|275|268|265|324|284|271|280|266|296|240|256|241|229|241|215|201|151|145|162|197|164|197|160|131|142|133|115|128|102|
2011-04-08|6|1_CTs|CT22||0|0|0|0|0|0|0|0|0|0|0|0|0|0|0|0|0|0|0|0|0|0|0|0|0|0|0|0|0|0|0|0|0|0|0|0|0|0|275|277|281|253|279|282|264|282|292|268|276|324|284|344|281|281|257|253|277|305|317|322|333|313|333|335|314|347|368|406|427|415|424|417|400|424|390|402|377|355|376|384|329|329|260|260|234|219|200|211|180|181|183|183|168|151|138|116|
2011-04-08|6|1_CTs|CT23||0|0|0|0|0|0|0|0|0|0|0|0|0|0|0|0|0|0|0|0|0|0|0|0|0|0|0|0|0|0|0|0|0|0|0|0|0|0|118|342|301|294|278|256|251|278|228|247|231|266|266|245|251|266|232|263|249|274|307|266|282|274|265|260|255|230|311|293|302|363|335|333|336|373|335|329|279|320|283|291|290|292|252|257|212|183|193|175|145|163|149|146|142|113|114|100|
2011-04-08|6|1_CTs|CT24||0|0|0|0|0|0|0|0|0|0|0|0|0|0|0|0|0|0|0|0|0|0|0|0|0|0|0|0|0|0|0|0|0|0|0|0|0|0|128|341|280|280|271|246|214|224|263|289|304|290|259|275|269|253|256|261|289|308|338|309|293|293|306|337|329|328|329|362|380|414|410|426|323|392|429|367|345|394|377|358|333|347|309|300|212|227|173|169|155|166|133|135|150|122|118|125|
