2017-03-18|2|1_CTs|ct1||610|120|362|70|333|62|48|47|56|60|37|40|34|41|32|37|27|25|17|20|30|37|44|32|38|40|56|58|59|77|96|129|618|625|123|141|132|139|147|166|159|931|698|179|420|159|190|703|456|184|438|198|415|190|198|423|663|186|418|199|471|172|403|142|159|157|178|424|154|146|124|359|368|380|673|180|174|449|228|719|211|460|444|214|149|121|127|139|402|608|366|643|142|150|391|124|
2017-03-18|2|1_CTs|ct2||584|70|61|41|43|46|42|32|56|40|30|27|25|284|278|29|25|18|13|9|23|16|21|16|18|24|25|29|21|27|35|36|43|37|35|49|311|59|80|71|67|333|72|78|73|83|81|84|336|58|572|322|64|80|71|61|556|81|70|82|85|99|352|113|105|107|120|90|96|114|98|86|353|356|107|86|91|335|99|358|110|142|395|126|384|123|380|104|324|62|73|323|65|66|325|61|
2017-03-18|2|1_CTs|ct3||87|91|57|53|56|51|52|44|38|549|32|26|27|29|539|29|26|17|20|271|19|34|27|276|30|26|32|33|40|48|51|325|342|68|86|91|88|117|122|103|370|103|389|410|392|125|383|389|666|133|383|372|390|111|358|358|112|128|349|130|139|391|370|152|135|130|139|118|132|367|108|102|622|143|392|135|142|125|128|111|371|390|134|131|119|111|378|149|357|321|344|348|367|359|87|346|
2017-03-18|2|1_CTs|ct4||58|46|46|51|37|22|27|36|34|25|20|30|26|19|280|277|29|24|14|13|20|14|19|17|10|15|13|256|24|22|25|25|290|36|36|45|40|37|55|302|44|323|52|51|69|62|297|309|80|71|70|342|584|55|65|71|59|62|575|67|333|331|307|64|64|63|74|91|64|331|83|339|79|322|333|69|62|94|331|324|84|69|81|77|59|41|321|56|57|36|45|46|52|52|41|52|
2017-03-18|2|1_CTs|ct5||157|135|131|125|102|98|79|97|87|326|71|75|65|321|71|46|65|57|41|35|40|36|42|35|33|47|52|51|38|49|60|74|95|366|105|111|372|388|147|437|166|162|436|189|430|166|411|438|450|195|178|197|465|172|181|428|659|426|205|170|464|448|190|161|429|172|200|185|191|202|186|458|465|214|220|478|715|214|213|211|459|190|208|184|437|162|446|185|156|370|139|427|157|931|398|163|
2017-03-18|2|1_CTs|ct6||687|139|382|108|98|86|81|333|86|578|70|317|58|64|52|560|65|49|37|29|34|29|293|27|44|44|295|36|43|40|50|61|77|63|84|327|344|78|107|114|357|359|618|121|135|118|123|128|395|140|378|145|143|116|401|132|394|160|371|146|158|402|427|173|395|438|195|412|434|433|183|435|710|425|447|462|191|201|429|459|438|1187|160|430|154|153|411|161|133|876|118|131|144|146|150|137|
2017-03-18|2|1_CTs|ct17||444|188|383|140|640|117|121|359|120|366|77|80|76|306|72|65|58|45|36|38|49|71|50|47|46|316|59|68|323|78|82|96|107|119|143|397|658|447|189|174|443|191|503|478|236|223|219|495|744|233|227|715|234|198|241|470|654|196|239|204|205|505|748|237|244|204|247|732|462|185|423|462|243|233|234|492|223|223|219|197|205|504|209|221|182|209|487|222|678|401|403|420|184|442|165|168|
2017-03-18|2|1_CTs|CT19||69|59|52|53|52|35|297|36|282|29|25|30|23|20|22|21|22|15|15|11|13|14|22|15|16|18|27|29|28|31|39|302|47|53|73|76|65|300|324|324|316|321|105|336|601|100|354|105|119|377|102|867|614|96|357|595|87|337|95|92|118|121|635|116|373|110|109|120|96|100|91|113|140|633|104|642|367|117|376|338|373|106|105|113|113|79|359|81|588|278|65|318|76|59|328|71|
2017-03-18|2|1_CTs|CT20||335|63|63|56|61|66|75|61|310|56|55|56|47|38|300|48|50|37|27|22|23|40|16|16|219|22|23|22|19|26|512|34|287|37|45|52|47|64|67|326|335|80|71|74|331|598|71|75|576|75|72|78|71|313|326|64|308|78|73|74|311|88|85|330|90|80|71|582|92|80|77|80|78|337|74|339|318|96|88|100|325|80|345|596|332|68|77|74|63|53|80|578|78|343|326|69|
2017-03-18|2|1_CTs|CT21||293|33|36|24|32|32|28|283|24|30|21|273|17|16|276|20|13|14|15|6|10|13|10|6|9|9|9|12|7|15|253|17|17|23|26|27|495|41|266|288|42|48|295|280|276|309|552|51|65|47|293|302|55|48|40|48|33|44|53|51|295|65|64|33|302|51|51|49|51|51|52|289|557|51|314|56|312|57|38|317|300|301|58|48|286|286|39|290|30|30|41|290|48|50|300|289|
