2014-05-27|2|1_CTs|ct1||45|40|43|33|24|21|13|13|11|7|7|10|6|6|11|12|11|10|11|15|25|24|31|31|33|50|49|76|101|111|139|163|158|165|178|201|160|195|197|211|203|205|204|227|222|202|206|216|187|213|191|215|198|203|192|182|171|205|204|231|191|191|214|191|190|180|191|160|192|150|179|150|156|169|166|142|155|168|144|159|157|161|150|141|137|101|116|88|91|68|73|88|64|70|79|83|
2014-05-27|2|1_CTs|ct2||33|21|32|30|24|25|7|10|13|7|8|7|9|8|3|7|11|6|4|5|10|12|15|16|18|22|20|26|34|30|37|50|52|50|57|74|70|94|99|95|101|100|92|101|113|112|88|86|74|110|84|115|95|83|93|82|92|102|103|90|91|100|103|99|91|112|121|92|103|84|100|87|74|90|83|77|82|90|62|75|77|86|61|90|64|56|80|60|44|45|40|62|39|41|54|51|
2014-05-27|2|1_CTs|ct3||53|48|47|49|37|24|14|20|12|15|14|8|10|10|19|14|15|11|17|11|20|29|34|31|37|50|50|62|83|94|116|123|137|130|149|171|144|174|168|205|180|195|220|218|212|218|219|192|177|204|208|224|186|183|194|165|175|197|206|181|210|203|220|193|200|193|194|167|201|163|168|174|197|170|166|135|187|172|164|149|171|167|146|172|155|103|128|96|107|85|80|100|72|85|83|99|
2014-05-27|2|1_CTs|ct4||49|34|25|35|19|12|19|29|12|10|14|12|9|10|16|8|11|8|8|12|10|9|16|19|17|27|30|31|24|40|66|81|91|114|116|108|131|121|106|138|120|129|100|76|127|127|125|147|107|119|153|123|129|127|128|113|100|119|141|129|109|136|144|108|123|115|115|103|102|120|125|99|87|92|94|107|104|94|105|106|88|101|78|82|90|77|73|80|58|60|50|70|65|52|66|66|
2014-05-27|2|1_CTs|ct5||72|62|44|58|36|31|28|35|27|18|27|16|12|18|18|11|15|14|15|14|18|15|16|20|23|24|41|42|36|47|94|106|130|172|178|172|185|196|165|197|177|212|191|199|220|195|224|220|197|184|245|206|236|233|185|192|196|204|223|223|227|220|245|229|193|216|209|196|211|189|245|209|168|166|172|187|189|184|168|168|156|164|158|157|143|132|133|133|117|102|88|87|95|86|99|92|
2014-05-27|2|1_CTs|ct6||22|22|13|19|14|14|11|11|3|5|5|5|5|4|7|2|3|5|7|2|5|4|8|8|10|8|12|14|13|10|15|23|20|26|32|36|41|31|36|42|49|53|47|65|41|43|48|54|52|129|539|253|162|151|142|144|142|156|168|152|162|220|546|548|246|63|56|59|56|65|61|54|52|40|51|38|67|59|51|56|40|43|41|51|43|34|40|33|24|39|25|25|30|32|25|24|
2014-05-27|2|1_CTs|ct17||62|64|55|63|49|33|22|23|26|30|22|19|21|21|23|19|17|19|24|20|26|34|35|57|44|57|41|70|96|101|129|148|180|178|176|175|211|248|189|251|224|241|242|222|243|244|224|247|215|209|215|252|244|204|231|202|185|225|236|173|211|225|239|245|226|226|227|246|226|198|219|247|218|214|224|209|217|206|193|198|186|221|163|193|191|143|141|122|112|114|96|114|89|96|91|101|
2014-05-27|2|1_CTs|CT19||26|18|14|16|20|13|7|7|4|8|7|7|5|3|8|4|8|3|9|8|9|9|6|10|11|20|18|24|52|38|61|61|94|99|93|103|96|108|86|136|107|109|148|132|133|129|135|134|125|110|118|136|110|115|109|103|92|112|135|96|136|105|110|125|131|115|120|129|121|113|131|145|150|127|137|128|133|125|129|118|106|110|77|85|98|68|60|68|37|46|42|54|38|42|46|35|
2014-05-27|2|1_CTs|CT20||44|33|29|26|28|18|19|16|14|10|7|12|9|7|4|3|7|7|4|6|5|13|13|15|13|21|21|21|23|31|43|66|84|99|105|88|100|93|100|93|83|102|79|62|86|54|82|85|84|80|83|68|85|58|70|79|67|78|81|83|73|68|70|76|70|77|75|71|67|76|83|93|95|88|107|90|97|92|92|104|80|88|79|71|69|78|56|59|55|48|49|52|37|53|63|39|
2014-05-27|2|1_CTs|CT21||25|14|13|13|13|11|14|6|6|4|2|0|4|2|4|3|6|2|1|5|5|3|8|10|9|8|10|7|7|21|20|40|47|69|62|51|67|66|65|63|49|54|59|50|67|57|49|54|50|53|53|51|48|42|44|44|40|48|42|57|37|55|53|47|52|30|52|62|41|44|68|60|70|57|74|64|57|59|50|67|48|62|39|50|44|46|23|26|31|29|23|34|24|30|40|31|
