2011-08-13|22|1_CTs|CT1||17|20|15|12|11|9|11|12|8|10|3|6|7|11|4|6|4|7|7|6|5|13|14|26|17|14|26|22|25|30|35|36|32|35|45|47|41|43|60|32|49|50|56|44|56|30|47|55|50|45|43|46|42|32|25|33|29|41|30|39|34|39|35|34|44|46|32|48|52|44|54|42|50|61|73|61|55|59|51|56|48|35|47|24|33|36|18|27|36|34|37|25|32|23|20|24|
2011-08-13|22|1_CTs|CT2||43|36|37|18|9|13|11|14|14|17|6|13|12|14|9|6|13|10|7|9|12|12|23|22|41|27|25|39|45|48|48|58|55|60|75|56|60|64|83|67|76|81|93|82|78|85|70|92|67|75|82|78|88|59|58|74|68|59|68|75|62|73|66|73|57|82|54|81|81|71|70|86|59|77|98|92|82|111|90|78|67|51|50|45|48|35|42|39|47|51|64|57|39|33|29|34|
2011-08-13|22|1_CTs|CT3||78|63|46|31|13|29|25|22|16|22|13|19|16|12|11|14|13|13|9|13|13|16|23|26|39|41|32|46|50|58|57|76|85|69|87|77|83|75|98|99|117|98|92|126|106|118|101|124|97|123|122|130|120|78|96|95|105|90|109|90|103|110|101|95|91|101|86|97|100|117|116|126|122|132|131|168|180|170|141|127|100|78|62|79|62|74|68|49|68|81|82|85|51|53|60|60|
2011-08-13|22|1_CTs|CT4||27|19|20|21|17|18|20|12|16|9|10|15|14|11|11|9|11|9|2|6|8|11|12|21|14|19|26|30|23|32|46|49|39|43|46|59|50|54|70|61|87|66|87|86|87|84|81|71|74|79|80|67|75|76|56|69|75|76|56|53|67|62|64|77|52|65|86|78|72|77|74|77|72|68|74|100|70|80|70|85|72|60|62|62|49|53|45|44|32|52|133|81|61|37|36|33|
2011-08-13|22|1_CTs|CT5||36|16|33|21|19|16|16|8|18|17|11|14|14|13|11|6|13|7|2|9|9|15|22|24|15|24|29|34|32|42|45|48|54|63|64|66|65|61|95|79|85|92|98|101|105|113|93|88|92|83|89|100|76|69|67|73|66|73|78|61|62|70|66|66|68|82|72|97|88|81|77|88|82|73|72|93|69|81|75|76|69|75|70|47|50|51|53|50|28|51|133|82|57|39|48|37|
2011-08-13|22|1_CTs|CT6||22|24|21|24|11|10|10|3|16|9|3|5|11|7|9|5|7|6|5|3|7|18|18|14|14|26|16|22|25|26|33|21|38|41|49|49|37|60|57|54|55|51|66|70|66|70|73|81|49|86|78|71|96|51|57|58|47|62|51|43|47|63|44|37|61|66|51|56|55|69|41|52|68|45|55|54|67|47|62|57|39|50|45|35|46|37|33|42|25|48|109|88|48|34|36|52|
2011-08-13|22|1_CTs|CT7||5|5|9|4|2|0|0|3|3|5|0|0|3|3|2|0|2|2|1|2|1|1|4|6|4|1|2|1|8|5|6|9|10|11|8|12|11|12|12|8|10|13|17|13|18|17|13|15|15|10|12|14|14|5|7|5|10|6|4|15|8|12|10|15|7|10|6|12|9|6|9|11|3|9|14|25|16|13|11|12|11|11|12|7|4|2|7|7|5|12|4|6|10|4|3|7|
2011-08-13|22|1_CTs|CT8||16|10|7|9|9|11|13|4|5|4|6|10|9|3|6|6|3|2|4|2|1|5|6|6|4|5|4|8|9|17|10|23|17|12|15|16|9|26|34|19|33|30|20|23|18|24|17|24|25|22|49|79|52|51|43|24|27|14|14|14|18|13|13|10|10|16|15|14|24|24|24|18|17|9|16|17|28|15|19|16|20|34|11|16|17|6|8|5|11|12|13|16|7|13|14|15|
2011-08-13|22|1_CTs|CT9||40|37|26|24|15|29|9|15|13|16|14|8|4|8|13|6|12|9|5|10|15|18|20|26|22|33|32|38|48|43|61|75|82|59|71|89|91|64|111|112|113|90|106|108|108|94|88|92|104|90|92|97|71|66|76|82|78|78|75|73|65|73|65|83|61|79|74|81|82|65|82|94|78|96|89|121|121|91|86|83|66|64|70|53|55|65|46|42|41|63|45|58|53|43|29|33|
2011-08-13|22|1_CTs|CT10||0|1|0|1|3|0|0|1|2|0|0|0|1|0|0|0|1|0|1|0|1|1|1|4|5|1|1|2|2|2|3|2|3|3|2|1|4|1|4|2|2|3|4|3|3|3|3|3|9|6|2|4|7|2|3|3|3|3|1|2|2|3|3|2|2|1|3|4|3|1|1|2|5|4|5|0|5|2|4|2|1|2|3|1|3|3|1|4|1|4|25|25|18|0|2|1|
