2016-07-28|6|1_CTs|CT1||0|5|3|2|3|0|4|0|1|0|0|1|0|0|1|0|0|2|2|0|4|2|4|4|8|7|6|3|7|10|15|14|11|21|20|39|47|24|10|16|18|14|16|18|20|13|12|8|9|11|6|12|10|5|8|14|9|11|7|11|18|6|15|14|14|19|18|24|15|7|19|12|14|14|12|11|7|7|5|6|5|10|15|8|5|8|5|9|5|4|2|3|2|2|0|4|
2016-07-28|6|1_CTs|CT3||18|13|9|12|11|4|5|5|4|1|4|3|3|4|6|3|5|12|8|12|18|16|28|27|25|34|44|38|43|43|54|62|65|65|79|82|71|62|65|62|63|57|58|46|56|296|49|67|52|50|45|48|47|30|53|51|43|40|59|40|45|54|30|39|47|50|53|59|44|46|49|31|37|42|58|70|45|51|61|45|38|29|36|27|35|24|25|23|23|23|23|17|15|19|24|19|
2016-07-28|6|1_CTs|CT4||10|14|6|5|4|1|5|5|2|2|2|1|1|0|3|1|1|1|3|1|1|4|0|1|3|0|3|4|9|9|8|15|3|16|37|20|34|23|27|30|21|30|28|13|18|27|30|26|15|16|37|32|29|26|27|29|30|28|24|33|21|3|38|33|27|31|39|11|23|34|36|38|42|39|47|43|31|46|37|36|35|38|27|26|15|18|23|16|5|18|15|13|12|14|10|13|
2016-07-28|6|1_CTs|CT6||33|38|18|9|12|9|17|6|7|4|5|2|4|5|3|4|3|13|264|13|8|15|5|19|16|18|16|20|47|35|66|81|75|116|136|155|129|140|115|103|104|111|105|95|95|107|113|103|109|107|111|96|93|91|82|79|121|104|106|108|134|107|89|102|84|117|110|92|102|106|133|104|109|99|110|89|100|117|92|87|315|91|83|80|90|76|63|63|61|61|64|68|42|58|37|263|
2016-07-28|6|1_CTs|CT7||7|6|6|5|5|3|4|2|1|0|1|2|3|5|0|0|1|0|4|3|3|3|3|5|6|7|5|7|14|15|19|25|29|37|42|32|49|40|34|45|29|20|27|25|33|23|19|30|21|19|22|29|32|16|29|20|25|20|17|15|19|26|25|22|27|22|17|26|20|24|32|30|34|24|26|29|28|24|23|38|34|17|18|18|21|16|23|16|12|14|9|11|8|11|8|18|
2016-07-28|6|1_CTs|CT8||103|147|96|53|33|28|21|12|10|11|11|15|15|15|10|12|7|7|2|8|11|17|23|25|23|29|46|48|62|97|139|168|202|212|184|210|203|175|184|183|162|135|153|150|104|145|132|137|132|138|134|393|138|125|131|124|145|150|158|136|143|152|139|131|145|142|146|148|383|166|160|178|195|210|189|170|155|151|160|145|141|136|121|119|119|106|77|91|88|68|82|86|71|63|74|53|
2016-07-28|6|1_CTs|CT10||9|9|10|10|5|4|6|4|2|3|4|2|3|3|0|1|1|0|2|3|5|2|5|11|11|7|10|17|24|13|25|19|284|30|24|267|41|35|33|42|37|35|49|44|33|52|39|40|33|36|32|29|36|36|36|27|34|25|43|36|35|31|33|34|38|41|41|33|31|31|25|41|40|36|42|32|36|33|34|43|45|37|33|35|25|23|19|19|14|11|14|14|14|21|16|12|
2016-07-28|6|1_CTs|CT11||33|55|40|19|22|16|20|14|15|10|6|5|3|10|8|5|6|4|10|8|13|22|17|44|37|45|318|75|100|138|188|220|232|268|254|529|223|238|260|243|221|201|221|211|213|176|190|191|182|206|430|183|203|152|161|415|169|193|206|219|201|182|201|180|185|196|198|176|188|174|201|222|202|205|193|187|427|155|131|157|160|144|158|133|112|112|90|79|85|80|67|58|63|63|52|49|
2016-07-28|6|1_CTs|CT12||32|42|36|23|19|14|12|11|13|9|7|6|6|6|2|4|8|2|6|3|9|12|8|22|26|20|37|38|58|59|76|90|113|154|152|188|166|163|162|150|150|146|134|157|148|155|117|388|128|126|134|117|135|152|132|126|126|120|146|157|123|131|144|149|152|164|149|150|152|158|167|181|166|171|184|194|696|161|150|159|419|132|117|112|94|91|75|74|68|64|54|59|55|60|56|46|
2016-07-28|6|1_CTs|CT15||37|39|28|25|19|23|15|10|12|11|11|9|9|14|7|2|11|9|11|11|25|16|32|36|39|43|48|68|70|76|108|379|372|157|172|165|153|155|153|139|133|133|123|129|109|115|113|118|106|108|100|116|120|104|96|96|96|110|106|109|95|117|97|93|103|117|104|99|113|111|129|113|115|128|157|187|139|116|101|82|90|67|76|86|75|58|71|63|57|46|48|50|45|42|61|49|
2016-07-28|6|1_CTs|CT16||34|42|34|22|23|12|16|11|11|8|7|5|8|11|5|3|2|2|7|11|7|12|12|26|276|25|27|46|66|83|103|142|160|181|190|448|211|195|194|185|141|146|176|177|152|136|124|164|137|138|143|149|153|120|132|113|138|129|146|148|152|134|143|140|149|161|141|140|138|148|153|160|177|158|152|147|150|120|100|131|121|115|117|112|96|100|81|64|73|58|48|55|59|49|47|49|
2016-07-28|6|1_CTs|CT17||49|48|35|34|21|18|25|22|17|7|11|5|12|14|4|4|4|1|5|5|3|7|8|3|11|10|15|12|29|291|44|73|85|101|154|142|131|146|125|81|57|54|51|53|61|54|42|39|32|44|37|25|29|20|23|21|26|27|34|21|35|32|25|34|22|32|30|30|28|29|38|31|37|33|36|34|38|34|34|32|45|51|40|26|19|36|63|29|22|24|21|38|22|49|37|17|
2016-07-28|6|1_CTs|CT19||58|48|42|32|18|19|31|15|23|9|10|10|13|8|8|5|2|7|5|8|5|5|6|5|11|13|269|20|26|26|65|86|109|106|136|155|142|151|148|136|150|160|165|160|163|155|133|160|156|139|150|155|137|146|111|131|134|128|134|151|145|161|142|153|164|151|169|184|169|183|172|179|193|211|206|203|464|176|174|169|161|176|143|384|118|113|85|95|74|67|61|65|67|74|67|64|
2016-07-28|6|1_CTs|CT20||39|30|14|25|18|20|15|8|4|3|6|3|7|4|5|2|2|6|5|5|10|8|12|14|20|21|21|29|36|37|50|59|68|91|106|77|29|117|106|16|97|109|105|113|117|63|33|361|56|115|103|21|87|43|100|105|94|93|31|57|28|113|120|106|111|104|110|102|92|11|105|38|89|114|86|59|66|117|102|89|9|85|19|52|23|39|62|73|56|67|53|57|58|43|42|43|
2016-07-28|6|1_CTs|CT21||89|64|77|54|48|29|24|22|21|11|18|23|15|13|16|21|10|24|25|38|43|31|41|48|48|66|96|133|114|196|257|235|223|304|277|279|284|271|264|278|200|227|226|216|236|197|201|227|206|215|203|436|186|203|205|197|198|208|246|244|208|211|257|200|240|218|224|234|218|230|263|273|284|280|250|275|455|230|216|199|191|179|203|167|176|140|135|134|120|121|100|79|102|106|102|80|
2016-07-28|6|1_CTs|CT23||118|148|127|68|51|41|28|25|24|11|19|17|19|21|14|15|9|17|12|11|16|21|34|38|39|48|75|85|97|140|487|244|251|319|312|574|302|270|291|268|237|245|221|211|186|179|223|475|214|221|451|220|208|204|180|411|215|226|226|223|219|238|219|219|219|224|231|239|502|255|268|295|278|316|302|277|523|239|233|219|223|219|191|179|167|150|141|117|129|123|104|120|103|94|97|77|
