2014-10-01|2|1_CTs|ct1||66|59|45|43|36|25|15|22|28|16|11|5|8|11|11|10|10|15|14|17|15|20|29|37|33|46|52|71|89|117|133|131|137|157|168|183|166|206|205|221|192|212|223|202|207|198|183|195|206|200|198|194|206|186|164|194|191|198|225|184|219|201|190|182|195|201|190|165|156|166|159|172|160|163|144|168|174|169|188|193|186|180|186|148|136|110|112|138|126|111|113|104|90|97|72|90|
2014-10-01|2|1_CTs|ct2||49|54|33|26|26|24|17|16|18|13|10|6|3|12|4|10|7|5|8|12|11|15|13|19|14|22|22|31|25|41|46|42|42|62|47|98|69|89|89|104|106|120|102|115|113|81|102|92|92|68|94|103|89|94|78|65|95|101|114|106|102|109|97|94|101|96|80|97|98|98|92|76|93|79|68|77|87|88|93|80|108|93|101|95|65|53|64|69|69|56|70|70|51|64|61|58|
2014-10-01|2|1_CTs|ct3||78|81|50|57|45|45|34|30|33|33|17|11|11|13|7|10|10|14|18|20|15|27|31|47|33|47|46|61|76|106|96|99|103|131|156|145|148|175|191|200|183|195|232|208|196|213|199|181|203|182|192|182|164|176|172|166|157|179|201|252|234|207|181|221|201|199|188|188|190|181|169|181|174|190|182|182|166|171|161|204|189|183|160|155|146|115|130|106|120|127|117|109|94|91|88|103|
2014-10-01|2|1_CTs|ct4||62|49|42|32|26|37|21|16|13|18|15|13|12|13|11|6|10|15|13|16|10|8|19|25|18|23|21|35|30|46|61|64|79|117|111|99|132|130|117|133|124|135|137|119|130|134|112|129|125|137|128|135|119|134|119|108|108|125|112|115|130|159|115|111|118|145|136|109|137|129|108|113|94|109|106|94|92|97|110|113|93|110|101|82|81|69|82|55|71|77|58|56|59|68|78|55|
2014-10-01|2|1_CTs|ct5||110|85|82|63|40|54|48|40|29|23|20|24|23|19|14|12|22|25|13|18|21|18|19|23|21|31|39|56|41|55|99|118|120|146|146|170|181|185|163|204|180|202|240|205|201|197|206|213|235|196|207|241|195|191|175|202|186|206|191|214|230|231|221|213|222|211|242|195|243|175|191|188|147|173|184|182|158|174|198|202|166|165|155|152|129|111|114|119|102|107|112|109|117|121|132|110|
2014-10-01|2|1_CTs|ct6||36|31|24|23|18|18|20|12|13|10|6|9|10|12|7|7|10|8|6|6|4|6|7|13|12|11|13|14|14|10|18|23|29|32|33|25|30|38|42|41|48|50|51|56|61|48|51|59|61|58|54|49|51|47|46|59|55|62|49|60|66|62|63|62|74|72|68|62|74|63|56|63|47|66|66|58|47|50|58|58|49|52|51|52|44|48|41|34|31|45|29|34|33|41|40|41|
2014-10-01|2|1_CTs|ct17||85|103|75|66|52|61|58|40|40|42|34|19|14|21|18|15|15|25|22|30|19|29|40|59|35|58|56|74|80|98|134|124|123|148|193|199|180|212|231|263|216|221|251|257|243|264|237|236|236|207|224|229|234|210|217|198|188|200|204|263|250|260|241|236|264|253|246|198|209|208|218|211|225|214|216|216|206|224|225|228|230|199|198|176|168|140|133|123|125|137|133|108|105|103|116|118|
2014-10-01|2|1_CTs|CT19||41|37|23|19|19|17|16|14|8|14|11|3|7|6|5|3|5|13|8|6|4|7|11|12|8|11|16|26|42|44|54|60|60|82|82|90|85|96|99|135|106|96|131|129|129|137|108|119|130|119|94|113|99|100|83|104|91|96|98|149|131|132|125|108|144|131|123|118|141|129|121|117|136|120|125|112|114|111|121|108|118|99|101|74|76|56|68|44|62|58|43|51|36|36|41|39|
2014-10-01|2|1_CTs|CT20||44|26|49|33|28|31|19|20|17|23|15|15|12|10|4|3|5|2|10|6|12|10|6|18|12|19|18|28|19|25|54|75|60|84|74|101|98|78|71|92|80|78|77|73|86|67|67|87|76|70|70|80|63|75|71|67|76|84|68|66|80|72|70|66|77|92|93|82|73|87|86|88|83|84|93|85|79|91|92|90|79|91|76|72|59|55|47|64|48|58|49|44|53|55|54|39|
2014-10-01|2|1_CTs|CT21||26|19|24|17|18|8|7|8|5|9|7|8|3|8|2|0|2|3|2|2|4|4|3|7|7|8|8|11|10|14|29|45|38|53|39|58|51|42|53|42|45|35|53|45|46|44|49|63|39|44|38|45|32|54|44|52|41|45|45|40|48|47|41|33|49|52|48|48|47|39|49|61|65|46|45|47|47|43|47|43|56|41|45|45|28|29|20|39|29|33|24|24|25|29|27|10|
