2013-04-10|22|1_CTs|CT1||15|10|10|9|8|6|2|6|1|2|1|3|3|4|5|1|0|3|9|11|12|9|19|21|11|18|25|31|46|52|67|141|195|221|217|231|215|171|162|131|117|91|77|74|59|79|72|73|75|73|79|93|95|77|79|74|62|86|88|77|78|74|81|92|125|103|90|83|88|128|156|137|152|170|123|124|138|149|77|73|57|65|65|38|38|35|33|27|33|24|19|20|19|15|16|14|
2013-04-10|22|1_CTs|CT2||23|14|15|11|12|10|5|8|4|4|2|3|1|3|2|3|0|3|7|3|2|11|10|16|18|16|26|35|37|56|79|155|205|240|222|240|215|255|179|155|155|128|119|111|99|108|118|113|123|116|109|110|121|129|111|117|111|132|134|124|114|126|122|128|143|127|156|145|154|205|207|264|239|202|191|246|259|272|206|143|123|107|75|81|48|59|59|48|50|44|37|39|36|31|27|22|
2013-04-10|22|1_CTs|CT3||43|35|30|32|22|23|13|17|17|9|4|7|6|4|8|5|8|1|12|13|9|20|20|28|33|37|36|65|72|102|154|268|358|386|417|436|405|387|312|271|223|202|215|210|191|183|196|184|187|195|207|188|202|210|202|238|233|211|234|227|193|226|207|234|221|248|242|248|272|320|349|351|344|316|350|373|356|353|324|202|185|170|158|141|132|116|98|89|111|90|86|77|79|64|72|64|
2013-04-10|22|1_CTs|CT4||28|20|15|22|17|13|9|3|6|5|6|8|5|6|4|3|3|3|5|5|9|8|16|16|29|27|33|38|44|67|91|145|181|198|183|197|221|195|214|200|174|180|147|132|159|160|172|148|141|142|125|154|148|136|176|123|142|146|162|167|169|169|170|135|193|195|200|216|211|245|245|244|201|252|263|267|269|209|217|180|198|165|125|119|100|85|69|73|61|48|73|63|53|39|42|37|
2013-04-10|22|1_CTs|CT5||29|25|19|18|17|11|13|6|9|6|5|7|9|5|0|5|5|4|4|6|6|14|17|25|32|22|39|51|57|80|103|180|206|341|259|278|311|304|274|277|247|194|165|177|184|168|190|182|191|185|144|175|193|177|180|159|168|198|185|199|165|199|197|166|202|254|247|285|240|265|276|333|317|324|343|283|315|284|286|240|206|210|149|132|97|104|86|88|71|67|65|71|60|52|44|51|
2013-04-10|22|1_CTs|CT6||22|20|14|20|8|16|13|5|8|6|4|2|3|3|2|2|5|4|5|5|7|10|24|14|26|21|18|26|28|44|45|73|79|117|87|128|118|122|126|105|102|109|99|79|102|98|95|108|111|109|92|105|97|97|86|88|97|99|109|116|109|119|84|116|109|149|150|158|136|147|168|190|187|192|191|210|212|205|162|157|130|132|111|86|75|63|70|47|60|40|48|55|42|43|32|38|
2013-04-10|22|1_CTs|CT7||3|4|4|3|4|3|2|3|0|1|0|1|0|3|0|0|0|1|2|1|1|5|1|4|5|2|4|7|12|14|13|29|35|40|45|44|39|49|35|37|39|27|15|24|16|22|25|22|33|24|20|24|34|29|26|21|18|23|24|30|31|22|22|24|23|37|31|18|33|34|27|20|34|20|16|21|23|20|22|28|12|19|21|16|10|12|9|11|11|4|10|6|5|6|8|2|
2013-04-10|22|1_CTs|CT8||12|16|7|16|5|10|6|9|6|7|2|2|2|0|3|6|6|0|1|3|0|3|2|3|8|4|6|8|11|20|26|53|83|85|85|84|97|78|84|68|82|61|67|58|90|72|65|74|66|79|68|80|68|95|63|59|74|76|84|66|66|68|88|86|74|68|93|99|78|104|77|90|76|72|85|71|85|86|88|84|82|64|56|59|53|46|31|44|41|46|36|38|40|24|22|28|
2013-04-10|22|1_CTs|CT9||26|30|22|12|14|14|14|12|7|10|6|4|11|6|4|5|4|7|5|4|10|15|17|27|32|43|46|70|86|128|218|279|319|331|365|364|317|373|332|287|232|213|204|218|175|189|169|199|194|165|188|195|236|186|181|229|187|194|191|214|178|184|207|200|195|253|252|240|226|206|215|220|233|218|191|208|154|169|152|179|137|126|134|108|83|84|90|85|70|69|54|48|27|51|46|42|
2013-04-10|22|1_CTs|CT10||1|1|1|2|0|0|0|0|0|0|0|3|0|0|1|1|0|3|0|0|2|2|3|4|3|12|2|4|1|6|4|17|76|58|26|22|17|18|11|14|7|5|3|6|6|5|2|4|6|7|3|4|10|2|3|9|7|9|4|3|7|3|7|7|5|10|10|6|8|5|3|16|11|19|6|4|4|0|2|4|4|2|3|3|1|0|4|2|1|0|1|5|9|2|0|1|
