2012-09-30|7|1_CTs|CT1||50|35|35|22|21|29|24|17|12|11|10|14|16|7|7|10|10|6|8|7|12|4|7|9|14|7|13|15|10|15|13|14|20|14|22|22|25|35|42|36|33|30|44|45|53|40|61|60|64|60|64|72|78|64|54|55|72|58|60|76|63|77|87|91|84|82|78|79|75|79|80|73|97|104|104|97|89|84|90|70|84|84|69|62|63|46|33|33|51|41|40|43|28|26|23|24|
2012-09-30|7|1_CTs|CT2||28|16|21|19|17|17|15|14|12|17|8|10|7|10|6|6|2|8|4|11|5|6|10|4|6|11|10|10|11|7|5|9|15|23|28|36|40|43|64|68|68|68|82|92|85|76|112|95|93|106|92|95|100|51|35|53|56|62|72|80|52|66|65|49|50|56|44|75|69|77|48|55|52|46|39|53|72|60|117|56|46|57|55|40|35|38|29|37|27|18|20|21|16|21|20|13|
2012-09-30|7|1_CTs|CT4||31|31|29|28|29|40|29|16|37|22|25|21|21|21|16|16|15|18|15|21|17|32|10|7|5|12|6|4|10|4|3|0|0|2|1|0|1|1|0|1|1|0|2|2|3|1|3|3|1|1|5|7|3|2|4|7|6|4|5|8|5|10|10|5|7|8|7|13|15|13|4|16|11|11|21|10|19|16|17|14|8|13|6|7|10|17|16|13|17|18|23|11|4|9|13|19|
2012-09-30|7|1_CTs|CT6||60|50|49|35|42|42|49|48|39|41|26|34|17|23|23|17|17|17|20|19|11|8|15|13|7|14|12|15|9|5|33|15|20|26|30|38|30|35|35|43|48|48|38|64|59|74|62|62|60|75|81|91|89|79|76|89|83|77|73|87|87|63|87|101|92|92|83|97|83|97|98|87|106|118|87|103|111|92|88|89|85|79|79|83|82|78|61|67|70|52|61|52|36|49|36|47|
2012-09-30|7|1_CTs|CT7||33|45|23|22|26|35|18|18|22|22|15|10|19|12|13|14|10|12|7|16|10|12|10|12|13|10|14|21|10|10|22|17|22|28|31|26|14|24|35|38|23|36|45|39|43|48|42|63|58|61|65|76|56|60|63|67|44|54|56|63|50|78|74|81|82|72|71|78|70|65|91|81|62|80|69|99|74|75|64|53|77|63|58|68|47|59|49|62|36|32|35|26|32|33|38|33|
2012-09-30|7|1_CTs|CT8||127|114|102|111|88|91|58|64|54|60|44|44|32|29|41|45|43|74|52|74|82|92|78|106|80|69|73|90|99|93|122|143|125|115|104|130|114|114|142|154|137|136|166|196|174|185|192|218|201|245|247|214|228|236|249|209|238|216|258|234|274|274|254|256|222|279|283|263|260|249|292|287|325|283|267|303|286|323|293|274|298|268|281|243|234|222|191|202|192|185|178|188|156|181|132|126|
2012-09-30|7|1_CTs|CT9||84|93|60|80|63|51|40|45|55|33|33|38|27|15|28|23|43|41|34|36|44|47|43|56|51|47|35|43|49|52|62|87|62|63|62|79|77|79|87|76|92|91|93|126|115|111|123|107|103|138|126|139|136|134|158|128|132|150|159|167|170|176|185|179|155|170|183|168|163|174|201|172|182|192|177|197|188|177|175|204|179|185|164|155|167|159|162|131|128|104|113|108|106|116|95|94|
2012-09-30|7|1_CTs|CT10||154|146|159|138|125|121|112|124|125|93|82|85|78|72|73|61|70|91|71|83|75|66|70|67|67|59|45|54|58|58|67|66|55|70|65|70|72|96|79|78|111|128|125|118|116|126|125|139|145|164|170|166|175|165|159|140|160|149|160|144|171|156|195|200|209|240|212|196|214|193|214|208|222|217|223|184|231|227|226|219|205|188|161|172|148|164|163|137|132|124|128|139|120|113|154|116|
2012-09-30|7|1_CTs|CT11||140|127|155|119|111|108|92|102|88|72|65|74|60|62|65|76|50|65|65|83|66|61|70|59|74|61|55|62|55|75|80|79|65|70|69|70|74|99|83|88|113|141|145|126|135|150|166|158|146|149|173|218|200|167|141|172|193|216|192|155|164|199|167|210|210|228|251|205|210|203|217|248|186|205|214|199|232|221|242|198|210|245|179|167|152|182|154|142|132|130|124|127|113|100|119|118|
2012-09-30|7|1_CTs|CT12||100|71|58|56|44|47|57|52|38|42|37|34|30|24|31|37|22|28|26|21|20|16|15|28|15|16|20|17|18|16|29|28|20|33|38|38|41|57|44|61|68|66|86|87|89|88|99|83|130|123|121|114|120|154|102|119|99|103|121|121|113|104|119|151|135|122|110|140|128|134|157|133|130|143|135|168|160|139|148|131|137|130|112|124|81|86|90|88|89|94|74|68|68|57|38|68|
2012-09-30|7|1_CTs|CT13||19|14|10|13|9|12|5|11|10|9|7|7|6|6|5|7|7|6|3|8|5|8|3|5|3|8|3|7|3|6|8|9|9|13|14|8|3|8|14|15|4|15|12|12|13|16|22|21|21|19|33|22|18|19|26|31|24|33|37|35|33|36|40|47|41|33|40|36|55|38|48|43|71|55|37|42|44|39|41|38|35|40|27|36|25|26|25|36|24|21|12|10|18|15|24|17|
2012-09-30|7|1_CTs|CT14||223|186|146|149|108|137|93|97|116|94|69|76|55|65|61|72|61|64|56|78|83|86|78|73|64|72|65|86|83|80|108|111|109|119|81|124|114|134|126|152|158|193|221|217|174|217|210|244|245|229|233|259|231|240|217|210|199|210|222|205|244|225|253|241|265|281|262|255|297|276|262|299|278|285|282|291|290|319|278|252|265|242|207|211|192|184|165|169|162|148|150|145|148|134|126|138|
2012-09-30|7|1_CTs|CT15||23|19|40|28|26|23|23|25|17|22|8|14|17|22|10|7|3|11|11|21|11|6|8|12|5|15|10|11|11|5|16|16|16|9|27|16|19|28|35|19|0|0|0|0|0|46|41|39|46|48|54|53|63|55|46|47|35|41|40|62|46|51|51|64|47|50|45|44|41|52|53|48|54|51|53|47|56|46|49|46|53|59|75|44|54|56|44|57|52|36|45|41|23|24|31|35|
