2014-12-04|2|1_CTs|ct1||50|46|36|44|28|26|24|24|19|19|15|12|11|8|10|11|13|17|17|16|21|30|35|33|34|46|53|75|80|111|135|170|138|175|187|195|169|185|203|168|205|199|189|194|199|106|69|96|136|170|194|216|187|184|188|206|187|188|211|201|217|210|108|172|154|191|177|174|179|156|161|174|166|153|132|156|150|184|182|200|199|196|208|153|119|159|147|127|114|138|94|96|99|82|108|76|
2014-12-04|2|1_CTs|ct2||30|37|21|27|22|19|15|17|20|10|14|7|12|7|5|8|11|10|10|7|15|17|19|13|20|17|25|28|16|27|40|42|50|59|68|76|74|81|109|78|92|81|86|108|95|93|121|108|97|119|90|93|75|81|76|99|59|76|88|76|100|89|114|109|104|85|72|74|87|73|80|80|80|80|61|71|81|97|91|95|93|99|97|132|128|118|44|59|54|46|44|41|45|51|58|51|
2014-12-04|2|1_CTs|ct3||67|64|68|57|52|42|37|34|25|32|28|16|22|17|12|12|15|16|18|26|21|30|37|47|35|40|50|52|65|89|127|143|131|143|130|162|150|119|172|170|183|181|171|190|167|78|88|237|197|210|196|188|194|155|188|177|172|190|179|194|215|191|171|228|201|199|178|177|202|178|161|178|177|179|160|178|153|195|204|181|186|189|178|160|182|213|179|145|134|149|109|126|113|107|131|96|
2014-12-04|2|1_CTs|ct4||79|40|43|38|36|38|33|28|11|19|12|15|13|14|11|15|11|13|14|10|8|18|28|24|28|30|35|32|39|42|55|80|103|99|137|126|122|126|96|131|119|111|103|96|69|98|127|155|134|123|140|123|129|120|115|106|103|121|127|136|136|131|150|127|122|121|157|124|112|120|116|120|112|110|99|113|85|118|115|104|114|104|102|115|89|94|86|71|71|86|80|89|97|134|96|80|
2014-12-04|2|1_CTs|ct5||97|73|66|62|55|53|50|40|24|26|25|19|21|12|21|18|16|20|18|22|18|24|33|23|29|37|38|41|50|50|95|120|112|150|185|184|172|170|175|168|158|176|187|172|190|222|246|235|196|214|213|208|186|174|180|167|145|182|192|213|219|209|217|208|222|209|222|202|221|185|186|190|180|171|174|186|162|156|172|177|184|174|170|180|155|145|116|145|128|137|132|157|143|183|152|122|
2014-12-04|2|1_CTs|ct6||27|21|22|22|17|18|13|12|11|12|8|11|12|11|7|5|6|3|8|6|5|9|8|13|11|11|17|11|10|17|17|22|22|23|27|41|29|28|43|40|38|38|49|38|58|55|60|61|49|54|52|50|51|46|58|51|41|62|43|59|47|55|50|47|72|56|52|67|55|58|60|51|52|58|58|48|42|43|50|52|45|54|46|49|41|54|50|33|29|30|33|30|33|36|34|37|
2014-12-04|2|1_CTs|ct17||96|86|62|73|71|53|43|40|43|53|38|21|28|17|25|18|23|18|18|27|28|30|49|46|41|47|50|54|68|98|145|159|167|169|166|196|184|184|186|211|240|220|218|218|47|16|16|253|224|258|254|213|234|193|236|210|192|239|245|251|251|245|223|258|250|243|229|225|243|212|217|237|235|203|227|227|214|196|247|226|224|230|200|180|181|204|208|175|153|160|132|152|143|136|158|142|
2014-12-04|2|1_CTs|CT19||47|27|29|28|22|17|20|8|7|20|11|12|7|5|7|5|8|1|5|6|10|7|17|9|13|9|19|23|36|36|71|74|69|80|103|98|90|108|47|91|109|103|101|126|35|0|11|116|125|134|143|114|117|92|108|99|98|128|114|117|137|139|127|120|136|155|134|104|136|139|119|131|142|138|131|118|126|129|115|136|120|129|101|87|90|104|107|82|68|81|57|69|75|78|72|53|
2014-12-04|2|1_CTs|CT20||42|35|28|31|21|39|30|20|24|18|18|14|11|14|6|6|12|15|8|10|6|10|6|10|15|10|19|26|25|26|38|57|62|85|90|91|87|92|69|72|76|80|82|75|109|56|50|70|61|58|87|71|74|71|78|60|57|82|81|73|81|82|82|88|93|83|79|95|98|79|87|102|90|93|94|99|93|88|91|88|82|81|80|72|64|55|66|56|44|52|56|67|71|72|65|66|
2014-12-04|2|1_CTs|CT21||20|15|12|13|7|16|8|5|8|4|5|6|3|7|2|2|3|7|3|5|3|7|5|5|9|7|9|8|11|11|19|35|32|47|54|50|45|51|32|35|45|36|42|41|54|34|42|29|30|31|53|35|43|41|48|34|24|47|49|42|50|46|40|50|47|39|39|50|53|40|51|48|52|55|48|44|45|45|57|30|38|34|34|41|31|28|25|30|26|30|24|34|41|55|40|30|
