2012-01-01|2|1_CTs|ct1||23|29|72|85|89|87|92|72|90|104|75|92|68|64|58|34|48|47|27|40|42|41|26|27|26|21|16|33|24|9|36|22|16|18|24|23|25|19|31|22|32|29|43|40|68|59|57|50|64|82|84|71|83|87|81|86|85|92|94|100|96|96|107|114|126|133|141|137|128|126|133|110|112|92|79|92|89|128|68|71|82|75|71|83|70|73|46|75|49|45|41|46|45|34|30|27|
2012-01-01|2|1_CTs|ct2||24|31|50|72|64|73|51|46|54|50|43|66|77|55|51|36|43|54|38|56|57|42|31|38|29|24|21|26|26|14|23|21|16|13|16|14|13|12|18|11|19|26|28|21|20|30|29|25|31|31|30|25|29|38|21|34|31|25|30|26|30|25|25|36|33|31|34|25|30|38|28|31|22|30|35|37|45|30|22|22|38|38|23|26|30|24|16|20|10|20|16|14|14|13|16|11|
2012-01-01|2|1_CTs|ct3||65|88|124|170|166|152|139|138|151|177|133|152|152|128|120|81|103|106|88|98|106|100|83|81|65|51|46|70|59|36|72|60|46|45|51|50|59|46|63|56|63|70|75|82|98|87|103|74|123|114|119|111|121|126|121|139|111|133|131|135|150|154|158|168|174|212|204|178|194|205|189|180|165|146|161|135|134|179|113|111|146|123|119|128|104|119|97|106|68|78|87|84|68|70|68|52|
2012-01-01|2|1_CTs|ct4||34|57|89|98|98|102|92|107|87|85|65|74|59|65|55|43|48|46|58|54|41|57|36|38|37|36|31|36|30|38|38|27|27|31|26|31|28|34|33|21|31|35|37|42|41|50|41|47|56|70|63|75|75|70|66|76|56|62|63|70|84|87|95|92|78|94|99|100|103|108|97|95|108|105|99|97|96|87|66|79|82|70|65|61|52|54|55|48|52|40|41|41|44|42|50|48|
2012-01-01|2|1_CTs|ct5||56|93|127|171|147|166|148|166|149|139|106|126|121|105|118|91|80|89|113|90|80|110|70|61|72|58|62|56|46|50|67|45|46|39|39|50|36|39|45|38|45|48|51|63|53|84|81|94|118|95|98|127|107|111|101|112|108|118|113|128|140|148|131|183|142|186|170|154|185|197|194|179|184|179|156|173|159|149|123|113|124|115|115|120|92|111|98|79|79|72|75|70|90|72|91|69|
2012-01-01|2|1_CTs|ct6||41|82|121|149|137|139|121|124|112|111|89|115|119|110|114|92|89|91|96|111|84|95|55|64|68|61|68|56|39|45|44|34|32|35|33|36|33|30|26|22|29|30|38|36|33|46|44|44|74|60|53|51|63|59|57|62|70|68|88|76|76|101|91|110|90|115|117|112|113|99|126|117|120|110|103|108|108|85|80|82|75|93|79|83|73|70|76|64|63|76|52|68|60|76|69|68|
2012-01-01|2|1_CTs|ct17||49|59|101|115|133|126|128|117|150|147|127|141|99|129|97|82|82|80|69|74|61|70|67|65|50|38|29|50|41|35|56|47|57|21|41|44|43|36|47|45|50|56|59|68|81|84|96|67|108|89|98|114|114|111|100|109|97|115|122|123|134|140|162|135|172|174|168|174|175|161|174|174|142|125|131|121|129|148|123|106|138|112|97|109|90|99|77|88|63|66|65|77|61|49|63|47|
2012-01-01|2|1_CTs|CT19||24|38|47|49|60|47|58|49|61|66|61|59|44|62|34|40|24|30|31|20|19|31|14|18|18|21|15|13|14|8|26|19|8|10|11|14|21|14|18|23|24|23|24|31|38|45|34|41|37|52|41|65|59|66|54|51|54|51|61|58|67|71|68|76|90|88|83|94|79|96|77|81|73|68|78|73|74|72|66|70|74|59|65|50|62|43|49|52|40|34|30|43|39|18|37|26|
2012-01-01|2|1_CTs|CT20||18|28|49|59|57|67|60|68|65|63|65|58|58|60|45|36|43|41|41|48|37|37|23|13|34|23|18|23|23|19|20|26|21|21|14|22|22|21|19|16|13|16|27|35|24|31|38|35|36|38|50|60|53|43|48|40|35|36|51|56|53|53|59|51|59|46|69|56|74|71|73|60|75|65|64|75|57|69|41|54|48|51|86|48|40|37|41|36|38|40|30|38|39|28|38|33|
2012-01-01|2|1_CTs|CT21||10|16|24|49|28|47|39|42|44|40|52|33|30|44|29|27|23|23|27|31|18|20|18|9|16|13|13|9|21|12|14|17|9|8|8|12|13|11|14|10|11|14|22|25|17|25|22|30|28|25|42|44|35|32|37|28|26|26|27|39|36|33|31|29|36|30|41|43|44|56|40|43|48|48|42|51|31|43|20|36|25|33|37|34|20|17|25|23|17|21|22|19|13|20|20|18|
