2011-12-04|2|1_CTs|ct1||129|100|109|87|72|60|52|58|55|38|47|25|22|17|23|22|18|15|11|15|16|7|15|14|12|12|21|15|19|15|27|25|22|19|33|28|27|38|58|41|0|0|0|0|0|1|106|108|90|97|91|106|106|97|117|134|130|110|110|105|111|117|126|123|130|129|133|127|142|136|126|141|135|145|136|123|112|111|95|86|93|88|71|74|67|76|54|75|47|57|44|45|44|31|34|36|
2011-12-04|2|1_CTs|ct2||38|31|45|36|28|31|38|34|30|25|23|14|21|11|17|12|15|12|11|8|12|11|11|10|9|8|18|10|11|8|10|9|9|10|11|11|22|20|24|18|1|1|0|3|1|5|36|36|20|26|25|28|32|33|46|43|31|40|38|23|36|32|32|37|23|26|37|31|34|31|46|44|26|31|25|29|25|27|24|20|24|22|23|25|24|21|18|25|21|18|16|11|15|12|18|9|
2011-12-04|2|1_CTs|ct3||210|157|185|144|123|113|123|108|106|104|83|83|61|64|64|55|48|46|40|45|33|44|42|34|43|36|51|33|45|35|47|39|42|39|57|58|62|75|79|78|7|1|0|1|3|8|174|140|129|142|130|142|137|126|141|152|164|174|160|172|159|189|192|190|200|181|177|178|203|182|171|179|192|222|186|184|174|168|149|133|141|149|102|126|106|115|95|116|103|94|71|80|74|63|64|61|
2011-12-04|2|1_CTs|ct4||61|90|82|73|85|48|51|63|54|60|64|53|52|45|39|37|30|32|34|30|30|33|26|29|27|24|18|32|26|28|28|33|25|25|22|29|25|37|51|22|11|6|3|3|3|2|1|1|4|1|2|1|7|4|4|68|82|72|73|60|88|82|72|92|92|107|111|104|99|101|85|127|110|113|99|111|129|83|85|62|76|73|68|63|63|55|72|73|58|31|35|56|71|55|58|41|
2011-12-04|2|1_CTs|ct5||130|124|122|120|121|94|82|82|91|93|80|85|75|78|55|65|42|48|41|38|45|44|44|44|46|38|40|43|39|40|32|42|36|40|32|49|42|61|67|60|51|35|55|57|43|12|47|52|136|164|129|124|156|92|63|178|147|136|141|142|150|174|175|171|180|184|183|189|167|208|201|201|210|207|185|184|205|179|156|101|134|127|107|118|107|91|87|100|104|69|67|80|95|99|80|74|
2011-12-04|2|1_CTs|ct6||90|120|118|87|102|85|79|93|72|75|70|68|63|68|55|45|38|48|27|21|32|32|27|30|31|29|24|41|31|29|25|22|34|29|27|34|27|40|37|24|0|1|0|0|4|48|33|42|77|79|87|96|78|73|99|129|111|67|79|76|97|97|91|120|136|191|203|142|111|133|143|144|131|137|131|112|134|121|113|76|155|184|101|81|70|74|66|82|79|53|49|46|74|69|55|52|
2011-12-04|2|1_CTs|ct17||196|167|173|153|131|120|132|108|110|103|84|100|72|62|72|59|46|44|40|48|33|34|43|25|40|36|38|29|29|28|30|35|37|39|45|40|53|59|68|74|5|0|0|1|0|5|109|110|126|137|124|136|149|122|115|130|148|153|135|153|161|160|187|163|191|178|192|179|159|184|166|160|187|187|188|167|173|159|137|129|133|124|109|118|91|96|91|85|108|79|83|81|83|52|71|55|
2011-12-04|2|1_CTs|CT19||90|84|57|57|61|47|56|56|37|46|39|55|37|41|32|38|20|14|16|9|10|10|11|8|11|11|15|12|5|13|17|23|15|18|21|19|17|15|33|38|1|0|0|0|0|1|6|3|1|1|1|1|81|80|69|71|67|64|60|70|102|82|97|87|85|84|102|95|82|117|91|95|91|96|102|105|109|84|80|72|70|79|60|69|56|45|48|45|54|39|44|47|50|32|24|25|
2011-12-04|2|1_CTs|CT20||59|62|56|66|72|50|64|55|54|72|46|50|56|63|54|41|27|29|22|25|19|19|14|24|10|13|12|21|15|8|19|21|18|6|19|13|18|16|22|48|19|13|13|17|10|16|20|6|14|11|3|2|34|63|62|55|59|45|51|42|45|58|70|67|61|62|66|69|49|77|67|86|75|82|83|67|76|65|53|61|67|74|53|44|47|34|40|42|53|34|28|41|49|36|39|36|
2011-12-04|2|1_CTs|CT21||30|39|29|32|44|29|36|24|22|41|21|26|23|20|15|14|9|10|12|9|12|7|6|7|6|8|10|10|5|4|9|9|8|5|12|6|8|12|21|15|25|21|17|30|34|27|28|43|58|47|39|50|40|37|40|32|40|30|33|34|24|26|37|35|36|40|42|40|31|34|40|57|51|42|43|33|55|43|29|32|44|33|30|32|33|16|19|19|23|16|23|21|22|18|24|14|
