2014-11-27|2|1_CTs|ct1||54|54|45|28|23|24|19|27|12|17|14|19|12|10|16|9|12|20|17|17|15|26|40|27|44|35|44|73|92|91|140|138|122|158|157|176|175|170|152|172|188|194|214|439|185|198|209|197|194|208|184|191|192|187|175|185|175|188|193|183|193|188|198|165|182|158|168|153|141|154|149|160|117|145|135|135|171|159|180|181|153|183|174|176|132|103|76|116|104|89|84|88|74|83|89|71|
2014-11-27|2|1_CTs|ct2||31|40|36|21|16|19|15|19|10|14|12|15|9|7|10|7|11|13|11|17|11|12|20|12|22|22|24|22|20|37|47|50|42|45|53|64|72|66|64|77|90|103|103|93|68|106|78|80|81|99|102|86|94|80|85|81|75|79|87|96|102|95|86|96|118|96|78|76|66|96|81|94|90|86|81|78|96|98|113|103|98|110|123|115|92|65|48|38|55|40|70|44|52|57|61|42|
2014-11-27|2|1_CTs|ct3||69|65|52|52|32|34|33|33|24|25|26|25|14|14|16|9|12|18|25|18|16|30|41|38|43|42|47|60|71|85|124|126|97|144|130|149|143|137|181|170|151|168|205|467|153|203|218|201|167|163|175|180|176|151|196|164|156|175|200|169|200|197|202|179|212|178|180|159|161|188|147|145|155|175|147|149|179|172|201|163|155|189|177|192|146|134|70|99|107|102|111|91|80|101|120|90|
2014-11-27|2|1_CTs|ct4||50|27|34|30|35|21|22|20|15|19|19|13|16|11|20|8|15|9|16|12|21|7|26|19|26|32|39|34|34|50|80|62|86|106|118|123|149|113|136|114|130|121|123|129|122|117|125|143|130|122|124|117|121|124|125|120|106|108|132|125|117|113|144|107|124|127|114|113|128|119|88|88|105|105|103|92|99|89|103|98|87|100|97|94|83|335|58|66|60|65|65|80|55|70|66|77|
2014-11-27|2|1_CTs|ct5||85|59|53|59|38|25|31|30|23|33|32|18|23|17|30|10|23|19|19|24|21|23|28|21|34|42|35|50|46|61|100|104|121|180|173|175|197|181|208|162|167|179|174|427|188|191|196|235|204|215|197|172|167|184|197|191|163|167|198|193|214|182|210|222|214|185|212|193|198|202|174|150|187|147|155|132|164|212|183|176|169|144|147|169|140|112|103|113|111|99|128|244|110|115|102|123|
2014-11-27|2|1_CTs|ct6||27|17|19|18|11|11|13|11|6|14|11|6|9|7|8|6|8|3|7|5|10|8|9|12|14|12|9|8|9|13|20|14|20|33|29|34|32|30|33|40|46|38|44|47|48|40|54|57|51|45|61|49|44|34|45|56|50|44|63|45|51|41|51|61|58|59|62|76|62|76|52|59|51|65|42|50|52|55|48|68|48|47|39|55|49|290|28|30|30|34|26|37|34|42|33|27|
2014-11-27|2|1_CTs|ct17||74|76|62|60|51|44|43|41|29|36|38|33|24|25|19|9|18|23|27|25|20|33|48|52|45|47|46|61|78|98|138|125|137|166|164|185|191|201|208|222|195|186|214|512|207|225|242|234|225|213|208|205|216|225|205|186|195|188|206|220|214|189|227|240|240|218|210|230|221|210|211|203|209|197|226|182|219|227|212|220|228|214|198|224|176|172|103|116|125|133|144|122|95|123|124|106|
2014-11-27|2|1_CTs|CT19||29|29|28|22|19|15|14|9|7|10|9|6|11|5|6|4|8|7|9|10|7|11|10|15|8|11|20|29|40|43|64|56|66|82|94|83|98|92|116|101|113|100|133|350|94|108|119|127|95|132|114|139|104|100|94|106|102|103|102|95|105|106|105|121|127|128|123|130|105|111|99|121|139|114|130|108|119|119|121|113|107|106|85|90|78|67|49|63|61|48|34|47|36|51|52|38|
2014-11-27|2|1_CTs|CT20||47|37|27|33|30|20|20|22|20|25|16|10|8|7|3|4|8|9|8|13|5|9|7|9|9|11|16|20|20|35|44|54|68|86|88|80|87|91|77|81|72|79|73|79|74|74|93|70|71|80|72|76|70|79|76|79|76|71|85|79|76|69|69|79|83|98|83|83|86|93|80|79|88|80|89|96|88|82|87|84|77|84|85|58|70|315|57|77|61|53|56|72|69|56|46|52|
2014-11-27|2|1_CTs|CT21||19|18|15|18|15|9|7|6|5|9|6|5|4|3|4|0|4|4|2|7|1|4|1|8|4|4|8|8|8|16|28|28|46|48|42|41|41|52|45|44|47|38|40|290|42|15|29|40|49|33|37|43|45|31|35|55|41|33|39|41|48|37|33|37|45|56|40|49|51|42|44|44|48|49|50|47|45|42|37|40|39|30|46|28|34|545|27|25|27|27|29|31|27|35|26|30|
