2017-09-14|3|1_CTs|ct1||40|299|35|19|23|275|12|5|8|5|5|3|6|3|1|0|4|0|4|3|3|5|5|10|8|20|29|36|40|91|133|429|445|435|201|404|59|140|163|149|130|385|128|390|406|670|365|134|403|151|155|150|140|143|141|118|137|177|155|160|159|157|413|142|925|675|401|151|414|370|426|421|193|186|193|167|439|191|407|651|154|160|394|106|105|114|73|70|69|87|80|73|64|66|316|64|
2017-09-14|3|1_CTs|ct3||224|455|418|398|144|133|93|67|76|84|58|297|58|29|38|13|35|20|43|28|49|92|517|41|71|94|126|402|429|249|609|1007|766|793|532|1017|402|504|498|475|707|719|442|388|1057|365|954|409|353|975|499|491|484|757|470|471|475|760|362|458|355|724|745|480|1265|804|794|812|853|553|784|519|569|585|603|554|557|530|778|774|518|541|494|464|404|434|364|607|606|341|571|299|320|568|271|297|
2017-09-14|3|1_CTs|ct5||131|138|81|350|80|96|54|54|46|45|35|24|32|17|18|17|11|19|14|13|19|13|22|21|525|20|30|308|70|82|124|183|196|546|528|471|247|237|216|231|480|465|203|452|205|468|473|247|279|242|770|525|765|747|215|478|223|475|260|245|780|497|277|515|538|280|806|321|321|794|332|772|581|560|323|557|307|556|286|532|545|311|800|486|205|217|156|160|155|160|657|132|413|159|150|182|
2017-09-14|3|1_CTs|ct6||21|12|9|10|8|5|2|3|7|1|3|2|3|0|1|1|5|3|2|7|4|7|10|13|3|7|11|20|284|31|49|58|312|59|89|323|89|72|70|312|54|76|57|294|55|60|40|51|298|51|53|60|47|46|50|66|62|563|59|57|65|60|54|44|43|75|64|55|52|44|73|324|60|59|53|58|44|65|52|298|40|56|50|548|21|269|27|32|28|25|26|17|17|12|13|12|
2017-09-14|3|1_CTs|ct7||90|97|308|86|72|83|55|41|53|44|34|35|29|27|29|17|14|19|283|22|274|16|26|29|32|29|42|44|52|72|77|82|115|116|371|145|398|380|128|394|134|114|149|138|391|677|685|168|160|160|165|674|151|157|382|607|147|394|166|172|160|175|680|149|347|61|73|71|49|67|55|46|311|3|18|274|322|129|147|392|142|137|149|140|612|128|116|106|626|106|360|121|138|594|104|108|
2017-09-14|3|1_CTs|ct8||44|65|268|40|40|30|29|24|23|19|12|18|12|10|11|7|5|6|13|9|8|9|11|18|16|18|25|26|31|43|47|45|63|65|81|98|355|90|85|349|104|82|111|102|365|380|390|357|116|118|112|354|99|110|360|586|108|366|118|133|136|390|131|125|130|135|132|150|391|662|134|121|145|138|155|375|394|128|105|344|98|90|110|105|330|323|75|76|580|333|69|84|108|311|69|72|
2017-09-14|3|1_CTs|ct9||155|92|334|121|297|590|164|684|1550|170|261|75|52|57|23|52|32|323|30|21|33|27|298|30|223|44|81|147|378|403|212|241|359|568|1108|2092|773|598|337|462|1975|513|790|316|2414|2522|2657|2786|987|233|751|1352|724|578|1791|545|975|307|497|566|970|1728|448|662|358|471|1135|340|620|975|144|123|129|325|354|370|197|268|1272|1233|492|403|575|177|645|473|1196|161|115|353|386|126|112|117|87|120|
2017-09-14|3|1_CTs|ct10||103|89|88|65|55|58|59|54|46|37|50|36|30|34|18|37|31|18|21|37|16|25|27|28|30|38|30|40|54|60|83|111|154|164|180|174|176|188|177|157|146|147|140|141|155|148|151|135|146|156|163|137|143|122|143|131|124|148|168|151|154|161|157|176|143|166|170|177|151|152|168|158|167|164|163|139|149|141|173|153|149|137|133|154|133|118|107|100|108|104|115|108|123|116|128|113|
2017-09-14|3|1_CTs|ct13||191|211|165|380|128|387|126|134|354|77|90|80|76|74|66|76|69|61|58|63|61|64|94|68|88|76|378|126|405|130|185|464|503|298|519|465|194|269|217|280|750|239|160|425|524|253|292|265|474|266|279|799|285|223|268|448|252|259|564|256|253|282|232|262|546|762|525|524|501|534|451|165|235|155|0|0|0|0|0|0|0|0|0|0|0|0|0|0|0|113|258|236|252|223|238|202|
2017-09-14|3|1_CTs|CT16||108|391|100|91|332|77|61|84|69|43|28|35|36|42|18|20|279|43|34|30|22|19|32|23|40|41|33|59|71|100|85|129|169|190|166|203|477|238|191|201|483|452|181|469|439|176|192|211|479|221|453|207|182|183|199|160|163|159|176|198|743|213|191|224|472|485|232|219|489|707|222|501|468|238|277|498|229|172|231|214|210|200|169|187|616|138|396|405|154|113|124|399|122|149|361|117|
2017-09-14|3|1_CTs|ct22||5|2|9|4|4|2|2|1|2|1|3|2|6|1|1|3|0|1|1|1|2|1|2|5|260|8|5|5|3|7|7|13|275|20|15|16|18|12|271|16|27|26|14|23|28|26|20|27|33|289|27|277|16|18|25|23|16|24|26|29|35|32|15|20|26|25|285|34|32|551|37|37|38|37|42|18|22|24|18|16|20|9|9|11|14|15|12|7|8|5|11|10|7|7|8|5|
2017-09-14|3|1_CTs|CT23||57|52|51|39|38|47|25|18|26|25|22|15|269|13|12|12|16|9|12|17|18|15|23|18|36|35|54|81|394|165|177|471|240|472|232|235|491|481|469|211|202|432|433|165|440|173|702|205|172|155|430|185|174|165|169|184|191|198|450|197|189|687|428|197|419|407|626|366|66|276|20|1|0|0|0|0|0|0|0|0|0|0|0|0|0|0|0|0|0|0|0|0|0|0|0|0|
2017-09-14|3|1_CTs|ct24||69|52|31|39|30|20|19|259|16|236|10|9|253|8|12|10|9|236|13|21|26|34|34|61|84|119|209|369|726|602|1112|598|615|578|853|819|546|552|497|574|590|1063|796|798|1000|443|763|767|393|497|512|771|943|923|479|481|975|499|518|508|1004|500|500|744|1238|1003|979|489|478|505|774|743|499|490|433|738|477|1003|395|881|623|619|1335|273|225|201|189|161|148|426|685|159|153|393|118|112|
