2017-12-23|6|1_CTs|CT3||20|18|10|251|10|13|8|6|6|4|6|6|4|7|3|200|6|7|11|11|14|11|21|24|29|21|27|24|34|31|31|28|40|36|33|36|32|21|36|34|26|257|46|28|32|29|35|36|33|47|42|30|22|40|250|30|33|37|252|31|237|24|33|33|34|32|28|32|36|33|29|29|33|168|126|29|28|31|25|26|25|19|21|24|14|18|11|12|18|16|11|17|16|13|11|14|
2017-12-23|6|1_CTs|CT6||48|32|41|23|20|18|21|15|12|12|7|14|8|12|6|10|6|266|9|8|8|8|20|14|273|226|12|12|91|25|24|35|28|21|30|48|44|59|60|72|70|86|69|99|103|114|342|366|122|118|138|129|126|116|360|75|88|109|106|88|338|122|119|134|116|102|309|101|334|76|120|95|95|97|86|62|88|86|81|77|71|67|48|58|63|40|28|39|282|47|42|27|34|29|22|264|
2017-12-23|6|1_CTs|CT7||8|9|10|4|3|3|4|5|3|1|4|2|1|1|1|4|2|1|2|3|4|0|2|2|7|4|8|5|4|6|13|12|11|13|22|14|268|14|16|21|19|23|14|27|38|39|26|30|47|23|24|20|288|33|21|17|16|27|25|25|279|21|24|26|24|26|21|287|24|17|22|18|13|20|15|19|15|11|11|9|12|20|18|17|12|8|6|7|9|2|4|7|8|9|4|6|
2017-12-23|6|1_CTs|CT8||72|65|69|309|46|49|43|28|37|236|268|25|26|233|23|18|17|226|15|8|9|15|18|229|15|15|17|236|29|34|44|54|46|36|56|244|289|65|80|76|74|94|101|109|112|107|330|108|98|107|585|97|302|129|102|88|93|98|95|112|114|109|99|122|121|120|368|122|110|128|354|128|140|126|116|119|336|107|301|107|291|101|73|62|57|82|98|54|279|65|64|47|50|53|59|47|
2017-12-23|6|1_CTs|CT12||85|72|45|292|39|293|22|22|27|21|18|22|273|18|14|11|15|13|20|18|15|11|23|23|26|23|36|31|40|52|55|68|59|73|87|614|125|121|105|134|152|415|157|188|161|189|208|211|207|513|204|184|713|186|141|130|145|412|388|157|204|210|234|259|225|233|200|484|205|200|192|183|186|160|424|148|379|154|150|150|134|376|114|347|83|61|74|69|53|76|57|56|328|57|65|60|
2017-12-23|6|1_CTs|CT15||41|35|32|30|22|22|23|21|17|10|11|11|9|14|10|17|21|11|10|22|280|25|285|42|41|29|43|51|38|39|50|59|330|75|87|92|74|82|86|87|99|92|101|122|390|116|114|102|97|94|103|90|108|105|91|69|76|111|330|98|76|350|103|99|94|83|95|86|114|345|341|85|90|352|75|77|77|327|79|61|69|73|69|308|48|44|46|37|289|30|34|34|47|33|286|298|
2017-12-23|6|1_CTs|CT16||72|568|63|37|26|295|30|32|25|14|22|19|17|269|14|21|20|20|16|14|20|21|18|20|30|31|42|233|96|54|51|87|68|321|128|114|105|120|151|180|150|416|145|173|188|468|437|489|218|452|449|186|444|181|426|162|159|164|195|185|432|163|179|170|172|192|439|205|173|686|172|173|169|218|448|198|395|166|150|129|405|401|123|102|89|78|337|564|72|59|55|311|55|315|53|48|
2017-12-23|6|1_CTs|CT21||0|0|0|0|0|0|0|0|0|0|0|0|0|0|0|0|0|0|0|1|0|0|0|0|0|0|0|0|0|0|0|0|0|0|0|0|0|0|0|0|0|0|0|0|0|0|0|0|0|0|0|0|0|0|0|0|0|0|0|0|0|0|0|0|0|0|0|0|0|0|0|0|0|0|0|0|0|0|0|0|0|0|0|0|0|0|0|0|0|0|0|0|0|0|0|0|
2017-12-23|6|1_CTs|CT23||102|89|106|83|306|279|59|46|45|24|32|29|27|36|21|29|29|246|277|16|26|26|29|35|66|257|40|54|63|276|331|92|75|260|108|337|353|116|135|121|379|144|177|151|422|177|401|167|170|391|191|151|393|182|369|133|166|170|402|175|166|171|169|413|179|202|460|167|184|654|176|169|175|177|160|166|138|143|139|129|132|126|121|114|92|95|146|81|313|91|72|68|76|93|95|65|
2017-12-23|6|1_CTs|CT24||0|0|0|0|0|0|0|0|0|0|0|0|0|0|0|1|0|0|0|0|0|0|0|0|0|0|0|0|0|0|0|0|0|0|0|0|0|0|0|0|0|0|0|0|0|0|0|0|0|0|0|0|0|8|0|0|0|0|0|0|0|1|0|0|0|0|0|0|0|0|0|0|0|0|0|0|0|0|0|0|0|0|0|0|0|0|0|0|0|0|1|0|0|0|0|0|
