2012-06-29|7|1_CTs|CT1||31|39|20|23|13|15|7|12|10|5|5|3|4|6|8|7|3|2|5|8|5|3|9|9|3|14|17|19|30|81|90|109|125|143|176|189|210|198|207|200|186|171|180|175|150|154|141|172|140|129|122|118|127|128|119|103|115|154|137|156|140|150|155|117|150|136|149|139|171|169|152|151|155|161|164|165|144|136|133|127|132|119|117|108|74|85|81|51|61|56|61|46|57|46|58|40|
2012-06-29|7|1_CTs|CT2||72|82|71|58|52|36|50|39|36|34|20|17|28|13|15|9|13|10|14|13|27|21|17|27|31|37|52|73|73|108|50|101|242|217|341|198|300|301|322|223|221|177|184|219|123|223|189|169|151|181|215|245|171|166|146|136|130|202|197|197|244|188|218|161|132|140|209|202|269|249|268|258|330|386|292|120|231|324|234|274|271|230|175|199|233|198|158|133|154|120|110|146|132|119|119|100|
2012-06-29|7|1_CTs|CT4||38|40|35|34|31|20|45|27|31|23|15|28|15|23|17|22|16|11|6|3|4|5|7|5|1|4|1|5|4|6|7|9|8|8|10|13|11|16|16|26|30|22|42|35|27|14|14|10|26|19|28|17|24|14|14|24|21|8|18|23|21|39|31|29|55|31|53|69|67|51|71|59|55|63|74|72|63|46|56|40|38|39|32|28|26|16|21|22|21|18|19|27|34|26|26|44|
2012-06-29|7|1_CTs|CT6||57|44|30|29|28|34|27|20|19|21|16|7|14|14|6|14|8|8|2|9|5|6|11|13|17|12|19|21|33|32|54|72|106|110|125|142|149|158|140|152|156|133|141|125|157|157|116|115|154|153|142|130|153|128|131|138|151|151|166|145|167|154|162|165|187|189|206|198|202|199|214|215|215|194|238|212|191|207|164|163|127|143|164|132|115|86|96|77|74|76|84|70|75|62|71|84|
2012-06-29|7|1_CTs|CT7||137|154|123|79|83|76|54|43|52|39|32|22|37|20|11|8|8|12|14|11|13|6|11|17|15|17|40|36|38|58|69|87|87|80|103|90|116|118|122|120|151|142|110|98|129|98|132|135|126|124|131|123|144|121|111|90|111|104|125|126|146|129|140|157|118|146|146|146|150|140|157|132|137|133|128|125|129|131|116|125|110|106|97|85|76|94|69|49|61|51|57|56|72|45|54|55|
2012-06-29|7|1_CTs|CT8||123|121|101|97|55|57|61|51|35|27|41|30|15|27|31|32|28|30|29|34|63|70|76|89|85|124|119|166|196|249|329|337|382|390|458|417|429|325|288|295|266|314|368|280|297|500|343|344|287|253|358|337|301|293|305|252|300|308|351|333|384|336|387|322|299|325|325|381|352|363|402|377|316|415|378|347|359|346|351|332|326|311|279|279|227|224|184|221|173|192|173|203|174|168|141|139|
2012-06-29|7|1_CTs|CT9||67|65|65|54|36|35|36|25|35|19|23|11|15|13|13|15|17|18|22|16|27|37|34|45|48|67|72|90|108|135|201|206|224|211|309|252|200|191|161|173|163|175|205|196|179|257|251|202|189|200|251|188|203|200|185|174|163|243|228|238|255|232|243|203|209|215|180|223|235|232|234|241|196|223|256|235|256|231|201|205|205|232|137|204|153|152|132|113|147|99|122|131|98|118|74|80|
2012-06-29|7|1_CTs|CT10||123|137|106|109|91|62|62|62|57|43|36|42|50|32|44|38|30|29|39|44|52|30|31|39|52|73|60|61|81|103|117|146|179|203|219|266|237|234|226|247|247|239|258|268|220|245|257|283|294|279|241|305|264|247|256|210|250|242|239|294|272|263|303|296|298|325|299|317|296|320|176|302|329|288|347|303|291|312|285|318|240|298|247|212|196|185|200|171|187|163|165|132|152|144|159|148|
2012-06-29|7|1_CTs|CT11||200|140|124|85|104|59|60|68|80|45|40|36|32|29|41|40|42|29|35|54|42|41|37|43|57|70|67|97|97|119|154|138|202|203|222|266|225|247|250|240|261|293|249|262|228|260|301|302|316|259|299|270|412|604|264|255|432|398|395|313|412|335|557|441|319|381|306|295|291|304|356|312|361|310|303|291|290|305|275|301|172|123|74|106|189|178|178|183|173|154|148|171|141|157|143|112|
2012-06-29|7|1_CTs|CT12||75|55|54|37|43|36|35|20|22|22|18|13|20|12|12|16|11|12|9|10|6|14|12|17|23|26|23|32|46|58|69|103|132|145|174|209|224|183|207|179|228|166|209|204|188|218|219|198|483|207|234|217|210|196|186|183|189|210|208|231|231|204|222|214|222|234|279|279|247|284|300|300|288|305|290|274|286|277|241|222|203|209|203|217|162|151|120|122|126|107|104|101|101|87|112|82|
2012-06-29|7|1_CTs|CT13||89|82|75|40|47|52|35|32|30|22|18|11|16|4|5|2|4|2|6|5|2|1|2|4|7|6|9|20|15|27|30|32|40|37|48|41|55|56|69|55|73|75|48|44|55|39|55|52|40|55|52|51|55|48|55|37|43|61|54|59|48|62|62|67|51|52|66|76|64|56|60|70|62|54|73|75|69|57|59|48|52|46|55|40|39|47|28|32|38|27|34|28|46|23|23|42|
2012-06-29|7|1_CTs|CT14||160|152|128|94|106|88|94|68|55|58|41|54|42|37|40|40|44|37|35|34|45|45|40|68|66|58|105|120|127|160|180|222|257|331|369|415|394|379|358|318|374|402|367|384|375|338|361|394|398|376|368|336|340|320|314|321|316|331|343|388|417|380|432|404|432|443|544|482|507|515|544|557|571|570|599|522|538|516|501|486|404|331|306|317|324|294|248|229|245|210|245|227|232|199|167|176|
2012-06-29|7|1_CTs|CT15||15|15|17|10|14|8|8|8|11|9|7|5|10|9|7|9|3|8|4|4|5|3|9|8|11|10|9|10|24|21|21|34|46|50|67|73|112|67|80|65|78|56|60|44|59|45|48|41|45|56|58|37|66|57|53|50|50|55|60|54|66|50|46|48|70|68|98|83|99|81|101|96|87|89|75|75|80|76|50|72|62|50|46|40|40|26|30|33|37|27|31|38|28|35|26|28|
