2016-01-25|2|1_CTs|ct1||48|522|27|17|27|26|17|15|7|15|10|9|3|11|12|10|6|10|8|10|16|30|24|25|28|43|49|63|83|103|123|126|366|152|150|180|170|159|414|413|162|158|179|189|705|643|414|160|195|435|420|173|162|175|125|399|148|431|181|421|438|430|187|433|414|185|172|152|128|403|134|154|408|150|377|125|113|132|132|144|127|123|112|367|106|359|73|65|70|64|62|56|59|49|57|302|
2016-01-25|2|1_CTs|ct2||28|255|16|13|16|14|12|11|7|8|7|3|2|7|5|7|2|4|5|2|11|10|15|13|17|16|14|27|30|40|31|48|277|44|49|70|69|74|80|85|75|72|88|85|342|575|316|64|86|69|63|594|77|69|52|61|67|830|83|82|82|83|84|78|337|90|86|66|70|60|56|64|312|71|62|56|70|86|73|66|52|46|55|55|46|53|35|33|37|31|289|26|28|30|26|39|
2016-01-25|2|1_CTs|ct3||48|45|33|279|33|22|26|22|19|13|10|13|7|14|12|8|7|10|4|11|272|34|31|29|27|38|40|65|59|82|102|339|95|138|132|139|154|405|148|161|161|161|404|203|419|184|178|160|418|172|172|162|174|389|132|133|140|159|440|453|190|682|185|188|170|190|431|163|153|172|390|162|166|191|155|412|138|160|155|145|153|113|380|99|107|95|78|65|79|83|309|69|313|316|58|60|
2016-01-25|2|1_CTs|ct4||32|282|291|21|27|17|12|18|11|12|11|5|3|13|18|4|5|10|8|8|7|9|17|16|18|19|43|43|36|53|68|70|81|109|102|130|133|112|87|143|111|106|107|101|113|110|111|118|114|103|115|125|82|104|101|115|90|347|98|131|109|104|99|346|379|355|113|122|119|105|119|81|70|115|89|79|327|100|339|86|91|87|67|79|314|303|59|54|53|45|44|57|46|51|44|45|
2016-01-25|2|1_CTs|ct5||58|44|49|538|35|32|278|286|25|260|11|16|8|20|21|11|11|12|272|14|18|15|22|14|29|19|42|44|51|67|85|106|364|162|419|179|181|159|180|433|165|192|164|152|169|409|431|169|175|426|160|155|158|171|149|406|128|151|165|429|156|181|419|653|189|192|179|200|197|183|169|404|137|157|128|391|659|150|127|152|404|112|114|106|73|84|80|84|341|77|74|74|76|73|72|68|
2016-01-25|2|1_CTs|ct6||50|48|32|287|295|40|27|31|23|14|11|14|7|13|24|9|11|7|21|13|21|10|23|21|24|17|35|296|561|51|62|336|89|103|96|124|380|364|137|380|115|113|125|135|383|383|141|664|141|144|660|409|128|109|111|367|113|142|142|149|137|166|417|376|414|164|151|180|138|389|141|109|107|134|120|377|351|109|124|127|121|98|95|355|67|74|77|73|76|325|65|61|79|74|67|60|
2016-01-25|2|1_CTs|ct17||71|53|42|34|292|38|29|36|24|19|12|15|11|19|15|13|12|12|9|14|17|36|29|27|35|46|292|71|65|91|605|127|124|168|406|163|178|447|188|457|197|207|200|224|205|485|200|434|190|194|205|192|198|207|703|158|156|424|698|247|493|233|473|482|220|211|227|229|197|200|196|464|458|212|444|444|186|188|449|463|197|363|134|389|124|119|347|78|89|100|68|75|72|72|73|75|
2016-01-25|2|1_CTs|CT19||30|19|27|17|7|10|10|4|7|248|6|7|3|5|1|3|3|5|4|5|5|14|4|11|5|18|262|21|291|41|57|53|67|359|85|105|355|591|92|837|337|95|353|96|106|114|365|352|353|99|100|854|78|334|86|329|68|805|657|121|334|120|322|366|637|110|345|359|118|117|386|123|376|140|124|370|113|360|128|373|116|77|72|63|55|44|52|29|50|279|34|27|32|41|34|35|
2016-01-25|2|1_CTs|CT20||44|37|19|24|24|13|10|15|19|17|6|11|6|4|6|3|7|2|6|7|4|2|5|8|10|5|22|22|280|24|51|57|69|344|356|355|83|356|858|337|83|91|78|329|329|66|89|321|307|337|74|58|62|574|67|319|61|323|67|80|65|77|598|67|77|565|72|87|85|76|79|604|349|96|84|340|319|325|78|81|308|314|51|51|54|38|47|42|295|288|288|42|42|30|47|298|
2016-01-25|2|1_CTs|CT21||23|15|11|16|10|8|5|6|5|6|5|4|3|3|3|1|1|1|1|3|5|1|4|2|5|6|9|14|12|11|511|28|34|312|313|58|59|55|55|544|264|55|30|40|38|36|36|526|34|281|41|23|26|37|38|280|27|278|39|37|44|42|290|39|301|41|40|57|49|306|308|51|48|60|43|56|27|285|39|49|294|35|21|287|21|19|273|22|23|27|17|19|23|14|23|280|
