2014-03-08|2|1_CTs|ct1||122|118|106|83|64|75|65|47|52|46|32|28|31|30|36|41|23|30|26|22|29|31|30|38|43|40|55|63|43|69|82|84|94|93|120|127|115|136|149|165|156|140|168|156|180|163|176|155|188|181|193|186|193|164|192|179|172|195|201|194|202|177|191|170|102|115|118|134|171|150|169|164|192|176|182|168|173|181|172|188|187|214|208|217|201|206|180|196|167|127|130|135|144|165|164|152|
2014-03-08|2|1_CTs|ct2||59|58|60|53|43|52|41|48|44|45|28|32|31|18|30|29|28|27|20|19|23|22|21|21|20|23|23|28|14|24|34|39|36|29|43|40|47|51|69|76|66|65|69|61|68|55|60|71|75|62|65|70|77|66|69|59|66|64|78|75|92|72|93|101|86|88|114|123|98|90|111|80|73|72|77|88|76|97|87|101|79|132|103|124|125|124|96|101|63|84|69|59|64|91|72|75|
2014-03-08|2|1_CTs|ct3||142|122|140|94|90|99|97|79|61|72|59|49|47|44|51|59|35|43|38|37|44|31|42|43|51|42|55|62|41|61|80|73|77|81|99|107|109|129|133|150|152|133|160|147|164|160|152|155|163|156|176|182|165|153|179|177|166|175|172|182|194|200|215|157|139|176|165|209|201|181|201|198|191|225|179|186|184|172|177|190|189|202|203|214|185|210|202|216|174|161|136|164|155|151|174|194|
2014-03-08|2|1_CTs|ct4||72|73|67|80|72|42|56|68|42|42|37|41|39|39|58|37|33|34|33|39|23|38|47|35|35|34|22|31|33|22|31|39|43|51|57|60|60|78|73|65|68|72|94|77|125|95|98|112|108|117|125|108|109|101|118|96|103|99|95|119|93|123|123|132|134|103|115|132|117|131|126|152|138|144|130|137|148|146|102|115|107|85|94|128|105|94|105|103|89|101|91|108|132|94|84|88|
2014-03-08|2|1_CTs|ct5||131|122|102|119|107|89|98|100|56|61|58|58|50|45|71|45|46|44|42|46|31|48|54|42|43|40|36|35|33|29|39|53|56|62|86|113|99|107|117|124|119|124|133|121|158|141|161|169|169|185|181|181|204|156|164|144|141|139|152|171|144|193|172|187|173|170|190|204|188|209|191|235|228|208|216|215|204|240|198|199|187|151|161|177|167|165|156|164|153|142|157|151|184|153|143|161|
2014-03-08|2|1_CTs|ct6||45|34|17|40|34|35|260|508|515|157|22|15|14|26|24|17|15|11|15|16|7|16|15|15|14|14|9|8|9|9|5|12|17|16|9|22|19|20|275|90|77|81|75|88|99|90|103|112|125|135|117|130|137|124|113|111|103|106|127|121|120|153|123|147|155|149|152|153|150|160|156|172|177|181|177|178|188|176|148|133|157|112|112|145|126|126|99|142|463|532|531|517|535|524|513|522|
2014-03-08|2|1_CTs|ct17||157|162|162|130|119|111|130|103|80|83|76|70|69|60|68|69|51|66|52|51|50|41|56|45|46|50|62|64|44|70|94|77|92|86|112|117|120|150|142|152|170|152|172|167|189|173|191|183|194|203|183|208|209|196|209|217|196|197|204|234|234|238|217|221|192|197|212|226|227|202|259|255|244|239|232|222|198|181|192|189|226|221|223|239|196|225|258|224|216|176|185|176|183|198|187|226|
2014-03-08|2|1_CTs|CT19||59|49|52|47|53|37|40|34|33|23|26|24|25|27|19|27|11|10|15|13|9|12|11|13|18|13|17|26|23|26|31|33|47|38|47|61|42|86|67|81|74|72|76|88|94|82|91|90|89|118|109|93|90|79|101|95|88|105|90|106|99|100|127|106|101|83|108|110|126|124|113|132|120|113|114|104|109|115|107|103|112|101|93|113|87|93|117|106|89|78|82|98|112|92|98|82|
2014-03-08|2|1_CTs|CT20||65|65|43|59|48|55|38|62|49|31|63|45|38|48|49|29|34|28|24|27|18|20|15|18|12|22|15|15|28|23|24|27|26|30|45|40|42|60|47|52|56|61|58|54|66|74|70|72|68|61|74|78|76|63|78|80|68|74|73|77|47|73|78|81|79|64|73|75|80|81|74|88|78|72|88|73|84|87|75|74|77|83|89|71|81|60|62|47|69|60|66|65|68|62|50|64|
2014-03-08|2|1_CTs|CT21||36|43|17|34|25|25|23|25|16|9|15|15|14|16|13|14|19|13|13|14|10|7|5|11|3|5|11|9|15|10|11|9|10|25|16|22|20|35|37|33|38|48|38|47|45|59|46|49|38|43|42|49|47|34|56|57|53|58|44|55|37|51|49|45|44|46|44|41|47|54|45|60|35|41|49|53|56|44|38|47|51|33|54|41|62|24|31|34|33|30|40|42|46|24|30|39|
