2012-05-13|7|1_CTs|CT1||50|33|31|34|31|19|25|12|16|14|10|10|14|8|6|9|10|8|6|8|10|16|10|6|10|11|13|13|12|8|22|17|13|20|15|24|34|31|32|27|31|29|35|36|34|44|50|59|71|61|62|69|51|59|55|49|54|54|64|65|64|65|77|75|63|80|78|72|79|93|75|82|81|57|89|89|95|90|80|81|79|73|64|39|54|45|51|41|44|45|44|35|30|24|28|30|
2012-05-13|7|1_CTs|CT2||60|43|66|50|21|49|25|35|36|32|28|21|29|21|22|14|22|15|16|24|19|19|13|18|18|20|16|10|16|26|26|29|20|31|31|28|40|52|59|83|79|142|83|72|90|84|74|81|99|83|80|89|143|189|173|152|89|95|66|73|83|79|68|86|94|98|86|105|104|103|116|101|100|126|138|106|94|88|89|104|91|111|81|59|60|66|68|63|70|61|47|68|48|38|38|51|
2012-05-13|7|1_CTs|CT4||24|43|31|18|10|13|11|16|10|16|19|9|17|17|13|8|10|10|14|17|6|7|17|6|5|5|1|5|2|1|1|2|0|0|0|0|0|2|0|1|0|2|0|3|6|11|1|5|0|6|2|5|7|5|3|5|7|5|2|2|7|4|4|11|9|9|1|10|12|14|6|10|13|10|12|21|38|18|22|20|21|14|16|12|12|16|10|13|6|12|15|10|17|20|21|22|
2012-05-13|7|1_CTs|CT6||59|37|50|50|43|40|36|28|34|33|27|28|35|20|16|20|14|19|24|14|16|22|12|16|10|9|14|15|12|7|17|11|15|19|23|36|30|32|41|53|50|27|39|56|67|77|54|77|66|69|91|60|86|90|85|77|45|53|59|59|86|85|64|84|78|92|89|80|77|108|104|83|98|92|104|114|110|120|88|94|90|63|80|66|90|56|66|52|49|56|49|44|37|44|32|34|
2012-05-13|7|1_CTs|CT7||47|47|54|42|37|24|33|17|16|23|26|25|17|15|17|13|16|14|13|18|17|7|11|15|24|10|26|20|15|11|13|19|25|12|22|29|26|30|29|40|32|37|45|42|42|56|38|56|67|67|65|67|69|45|61|51|51|49|56|63|55|48|59|54|58|66|65|55|44|67|73|71|69|72|101|77|74|88|82|81|88|53|66|56|50|49|45|39|48|44|42|48|31|33|40|22|
2012-05-13|7|1_CTs|CT8||162|132|130|112|114|90|74|61|65|59|57|54|51|64|51|53|42|53|41|52|68|64|76|89|92|74|86|78|101|109|106|133|81|111|107|101|115|138|129|128|128|122|134|172|144|171|190|163|183|185|186|208|204|217|207|210|176|192|196|217|232|211|243|235|254|253|235|247|241|234|257|227|254|268|277|244|236|278|247|319|236|231|222|219|184|198|195|181|172|193|185|174|161|175|119|145|
2012-05-13|7|1_CTs|CT9||94|86|90|76|71|65|59|47|58|39|34|36|33|38|28|24|27|26|38|31|31|31|49|48|40|47|48|44|50|43|76|66|43|59|64|61|70|81|77|89|80|72|72|88|85|99|107|95|101|103|130|118|123|133|134|111|120|106|145|124|142|151|170|155|149|169|151|146|171|145|151|161|166|159|156|160|163|170|161|175|151|141|130|151|126|111|124|111|88|110|114|113|105|81|83|74|
2012-05-13|7|1_CTs|CT10||143|136|143|105|111|106|93|111|102|81|95|83|94|82|78|76|77|67|71|71|75|56|58|76|56|60|50|45|50|55|63|60|56|64|72|69|79|86|73|86|92|97|100|116|101|108|122|115|134|126|133|102|151|143|126|120|110|107|124|137|161|171|144|165|170|202|166|140|169|162|171|180|153|159|166|151|177|155|177|147|190|154|144|156|154|148|143|108|114|133|110|92|115|107|99|101|
2012-05-13|7|1_CTs|CT11||177|128|175|179|186|213|132|94|148|78|134|139|74|92|60|83|88|75|64|88|68|75|76|111|69|68|69|75|52|69|97|65|107|72|74|93|93|102|103|109|107|120|130|123|163|257|184|163|159|146|184|119|172|169|164|171|133|129|154|140|163|194|192|173|193|209|201|186|183|175|193|179|171|172|174|172|163|171|188|168|199|190|143|142|166|159|145|129|136|135|126|109|111|113|96|125|
2012-05-13|7|1_CTs|CT12||86|64|76|60|57|45|50|34|38|55|36|31|48|26|26|25|27|23|31|29|23|31|16|21|21|15|25|20|19|20|22|23|20|35|32|29|47|41|50|64|68|62|61|61|80|95|98|88|94|107|129|98|97|138|144|94|84|86|95|89|108|119|93|136|104|140|126|106|133|118|143|120|127|140|138|150|162|148|125|126|158|117|113|93|121|100|94|84|71|71|84|52|56|49|57|49|
2012-05-13|7|1_CTs|CT13||27|16|19|15|14|6|17|11|7|7|9|13|8|6|10|5|4|7|5|7|5|4|3|6|5|5|5|7|2|4|8|11|12|5|8|8|9|8|20|11|8|11|12|11|9|17|12|18|28|19|19|31|36|28|14|26|28|24|25|33|34|26|35|21|26|35|26|21|20|35|38|22|35|26|47|50|39|43|38|35|32|22|23|19|16|24|20|20|18|26|23|16|19|11|27|16|
2012-05-13|7|1_CTs|CT14||163|148|127|135|117|101|92|107|91|68|71|71|85|77|71|58|61|72|55|76|74|80|73|93|80|57|76|85|84|68|93|94|111|101|87|115|123|123|127|145|129|142|169|154|178|189|176|170|207|208|209|170|219|203|197|148|163|162|201|184|219|228|241|212|216|221|212|225|230|239|257|239|222|211|235|229|239|217|244|217|246|227|190|183|194|189|198|152|152|147|152|134|115|135|104|121|
2012-05-13|7|1_CTs|CT15||31|20|22|32|15|16|13|13|9|10|4|9|14|9|7|7|10|6|8|5|3|8|6|5|1|3|4|13|7|4|5|11|8|7|11|11|15|21|18|27|32|16|22|30|32|33|25|27|34|26|35|26|46|29|45|41|25|22|23|34|42|31|21|36|32|33|52|30|27|44|37|40|30|48|44|30|28|34|38|34|37|25|20|38|43|20|28|33|23|30|25|21|22|19|20|20|
