2014-04-02|6|1_CTs|CT1||1|2|0|2|0|0|0|0|0|0|0|1|0|1|0|1|0|0|0|0|2|3|1|3|4|3|3|1|5|2|9|30|99|134|43|89|54|30|22|8|7|6|10|4|16|7|4|2|3|3|5|3|2|6|4|2|10|4|3|8|10|8|10|6|7|5|7|8|4|9|5|2|3|10|15|3|5|4|3|3|1|1|2|2|1|1|2|0|0|0|1|3|1|2|1|1|
2014-04-02|6|1_CTs|CT3||6|5|4|4|3|1|0|0|1|1|2|2|1|7|0|1|2|1|1|2|5|8|16|13|19|15|22|21|36|30|33|60|53|75|80|76|77|74|55|80|40|38|31|40|36|31|25|32|24|33|30|37|26|30|28|27|31|28|40|42|30|31|34|29|29|36|26|43|37|47|51|46|55|39|60|37|36|34|28|21|22|18|19|14|12|8|9|13|9|12|5|10|9|8|10|7|
2014-04-02|6|1_CTs|CT4||8|7|11|5|4|2|1|2|2|2|1|1|0|0|1|1|1|0|0|1|0|1|3|1|1|1|2|3|4|5|11|23|69|55|22|32|35|38|19|26|20|18|20|27|19|32|30|19|26|24|29|36|42|44|30|38|27|21|8|12|33|33|28|29|28|33|42|48|49|40|35|40|34|50|64|62|49|48|29|39|42|29|24|26|17|15|15|21|9|14|12|12|17|10|17|6|
2014-04-02|6|1_CTs|CT5||16|13|20|8|7|6|6|9|3|7|5|4|5|5|4|6|2|4|6|5|7|5|10|12|11|7|11|22|16|30|40|47|64|61|61|139|79|73|81|54|55|64|68|61|69|65|66|62|53|56|56|63|56|89|59|80|56|73|68|72|62|69|72|52|49|63|74|69|78|71|76|64|41|80|103|101|75|67|56|74|71|55|55|45|43|40|38|31|25|33|32|33|26|27|23|20|
2014-04-02|6|1_CTs|CT6||44|20|12|11|11|9|3|3|7|3|4|8|1|5|0|3|5|4|5|7|9|12|12|8|18|11|16|15|27|32|63|95|162|188|173|198|181|164|132|148|93|112|103|95|86|88|101|101|112|94|103|86|99|112|101|89|93|109|109|136|101|109|110|109|111|118|115|123|135|138|117|129|126|138|132|152|117|104|111|84|98|100|93|71|82|58|58|67|63|59|46|49|51|59|35|31|
2014-04-02|6|1_CTs|CT7||6|4|2|7|0|3|1|1|1|1|2|1|1|1|2|3|0|1|0|2|3|3|1|6|4|4|4|3|7|15|22|26|38|32|39|44|33|37|49|30|37|29|15|15|12|18|24|17|27|16|31|33|28|23|19|30|26|25|23|26|8|5|25|6|8|20|23|28|29|41|32|40|33|31|26|43|19|29|25|19|15|9|16|18|13|10|21|18|9|7|9|5|7|6|5|5|
2014-04-02|6|1_CTs|CT8||35|36|28|21|19|16|9|12|11|10|8|7|16|9|10|12|7|5|6|9|8|14|15|31|25|29|42|52|82|109|142|172|214|225|218|188|192|200|184|179|173|167|155|168|154|126|128|127|126|132|160|163|162|156|153|156|158|156|175|157|148|145|157|162|158|173|168|168|163|174|202|202|205|213|192|197|171|179|176|188|156|132|128|124|105|87|75|74|79|76|69|61|79|68|77|46|
2014-04-02|6|1_CTs|CT9||42|37|32|22|16|16|17|7|13|10|16|9|4|5|8|6|2|5|4|8|15|8|28|33|37|45|47|62|90|106|184|299|320|354|414|388|394|358|399|360|342|285|253|218|212|217|195|200|179|209|184|190|192|223|213|229|204|221|223|241|233|214|219|219|226|226|259|248|246|330|366|364|404|399|359|346|305|192|215|173|203|168|163|137|108|109|99|117|83|100|84|82|84|90|52|56|
2014-04-02|6|1_CTs|CT10||25|33|26|18|14|14|12|6|6|6|5|4|5|10|4|3|4|5|4|7|10|10|13|28|25|16|26|34|53|66|87|127|139|159|188|160|185|172|169|154|168|157|154|136|122|134|125|132|144|165|181|177|169|171|146|136|133|157|137|131|130|163|163|181|172|197|203|209|192|227|198|204|200|240|230|246|191|192|199|175|170|145|127|117|84|85|83|67|51|70|85|61|69|46|46|37|
2014-04-02|6|1_CTs|CT11||28|20|14|17|10|9|5|1|5|0|8|5|2|3|1|4|6|7|6|6|12|18|14|19|26|37|57|60|89|137|236|312|306|231|295|248|237|271|315|276|284|241|250|221|251|236|206|181|176|175|186|193|178|197|172|266|211|218|231|248|224|197|205|174|197|191|221|219|211|235|201|228|206|239|209|167|171|144|148|125|144|119|114|86|88|84|65|69|61|69|54|53|54|42|34|30|
2014-04-02|6|1_CTs|CT12||34|34|13|24|14|18|11|14|15|7|7|8|4|10|1|4|5|5|3|7|11|13|19|17|22|22|38|46|42|84|126|188|225|329|280|301|289|316|232|239|218|191|172|178|178|206|159|185|189|173|204|193|213|210|162|185|201|196|194|144|158|174|170|164|212|227|217|299|281|273|306|270|321|238|240|236|279|239|233|204|213|159|140|143|122|97|98|93|67|80|84|71|89|65|53|42|
2014-04-02|6|1_CTs|CT13||0|0|0|0|0|0|0|0|0|0|0|0|0|0|0|0|0|0|0|0|0|0|0|0|0|0|0|0|0|0|0|0|0|0|0|0|0|0|0|0|0|0|2|0|0|0|0|0|0|0|0|0|0|0|0|0|0|0|0|0|0|0|0|0|0|0|0|0|0|0|0|0|0|0|0|0|0|0|0|0|0|0|0|0|0|0|0|0|0|0|0|0|0|0|0|0|
2014-04-02|6|1_CTs|CT15||13|13|13|9|2|6|1|5|5|3|8|2|1|4|5|2|3|1|6|5|11|9|16|22|17|23|22|36|41|46|80|147|188|204|202|222|172|189|204|152|128|128|77|88|55|61|60|73|71|73|94|93|69|81|78|76|79|70|76|82|80|60|75|70|88|82|102|92|86|140|173|179|220|189|178|139|77|86|84|65|55|39|49|47|38|37|35|28|37|19|20|18|17|26|19|11|
2014-04-02|6|1_CTs|CT16||42|38|22|26|13|12|11|7|3|2|9|3|4|5|6|9|5|7|8|6|10|10|7|20|25|32|37|48|77|96|173|223|300|309|284|284|296|275|257|268|244|238|188|193|210|211|199|168|156|182|179|203|185|200|207|199|210|191|214|200|206|203|212|207|209|181|213|235|227|238|216|221|227|229|237|238|177|178|186|173|136|132|144|124|93|93|89|94|74|68|66|70|56|40|41|47|
2014-04-02|6|1_CTs|CT17||27|23|10|11|7|6|6|4|5|6|5|4|1|2|0|5|2|2|1|1|3|3|5|3|4|1|10|7|11|20|26|58|90|100|86|92|79|92|85|73|80|57|52|60|76|67|70|77|77|73|67|82|72|74|66|94|79|94|87|68|73|88|84|86|79|91|102|81|91|93|104|76|101|115|95|60|103|95|90|100|89|81|70|56|57|64|57|58|46|41|42|40|37|38|27|27|
2014-04-02|6|1_CTs|CT18||65|48|45|36|26|22|15|23|9|17|12|12|14|12|9|18|13|17|13|8|14|21|19|21|32|30|43|55|87|121|166|213|328|319|299|223|294|304|306|281|254|280|238|221|247|233|213|259|212|211|208|235|208|260|190|255|220|248|252|270|234|276|250|261|246|265|265|280|268|283|289|282|275|310|358|323|255|239|222|287|226|206|180|168|139|147|123|130|100|96|108|112|91|85|77|86|
2014-04-02|6|1_CTs|CT19||47|23|20|25|15|18|5|7|12|7|6|13|4|5|4|7|5|1|3|7|1|8|8|8|7|9|9|18|15|29|48|91|164|162|142|188|184|160|147|151|139|129|109|117|116|143|124|127|136|133|136|152|147|153|137|124|131|149|164|163|138|158|158|115|179|165|203|151|181|236|222|219|233|251|269|243|207|202|179|185|178|131|129|120|102|92|86|61|66|58|43|47|49|56|51|45|
2014-04-02|6|1_CTs|CT20||26|17|17|8|9|9|7|7|3|6|1|5|3|3|1|3|3|1|6|5|6|5|7|13|14|18|16|24|35|39|65|70|109|156|144|151|150|124|148|117|118|112|100|107|122|117|115|114|116|110|112|125|130|123|100|113|17|140|102|53|74|125|136|29|117|135|92|144|132|135|135|133|98|134|128|7|8|105|52|64|115|22|54|81|52|70|55|47|52|50|43|36|40|23|35|18|
2014-04-02|6|1_CTs|CT21||90|61|41|44|28|25|18|16|22|18|17|14|15|24|8|9|14|19|22|29|34|44|69|69|72|68|91|136|158|230|287|379|396|484|441|427|436|379|372|449|349|320|265|319|256|268|238|265|210|262|240|271|212|250|236|239|269|276|314|285|256|245|256|250|269|254|266|280|271|296|319|341|350|343|384|300|301|259|238|203|218|191|176|171|148|124|121|126|107|115|77|107|110|129|88|75|
2014-04-02|6|1_CTs|CT22||89|77|53|50|37|33|36|35|23|33|26|21|25|20|17|12|18|24|24|32|49|35|41|63|52|52|71|95|85|128|153|187|210|261|324|290|312|263|233|238|221|221|222|217|193|227|219|233|255|290|236|243|229|260|258|227|223|251|203|284|254|243|299|234|306|307|297|307|350|366|337|375|356|395|348|343|341|325|318|295|264|255|226|204|170|176|138|140|140|133|126|86|140|88|89|103|
2014-04-02|6|1_CTs|CT23||68|56|53|29|23|22|12|16|19|21|17|8|19|14|9|13|10|7|9|8|15|20|29|38|38|45|63|88|132|143|238|295|305|345|364|378|341|331|361|332|295|271|242|259|246|222|190|216|216|245|231|230|226|228|254|240|238|261|274|256|261|215|226|252|236|275|253|286|267|320|335|341|327|364|328|347|291|284|291|290|240|209|214|197|142|115|120|127|123|135|115|87|103|102|92|80|
2014-04-02|6|1_CTs|CT24||76|65|45|57|26|29|13|22|15|11|29|15|11|16|13|8|14|16|20|21|23|30|31|32|37|45|64|73|98|115|174|198|273|347|304|360|358|365|314|311|269|264|257|201|243|188|293|212|271|226|236|221|226|181|174|183|306|897|234|246|196|245|220|209|225|218|309|541|485|695|1316|294|746|296|387|397|382|361|377|331|266|305|236|200|168|163|151|164|151|125|115|102|119|96|94|82|
