2013-11-04|6|1_CTs|CT1||0|1|0|0|2|0|0|1|0|0|0|2|0|0|0|1|0|2|1|1|1|2|1|4|5|2|1|6|4|2|8|33|116|71|66|34|40|14|9|6|7|3|7|5|2|4|6|5|5|5|1|7|10|5|1|7|4|2|2|10|6|1|4|7|9|9|7|12|4|8|5|7|2|8|5|2|8|6|2|1|1|0|2|2|2|1|0|1|0|2|5|25|12|0|0|1|
2013-11-04|6|1_CTs|CT3||14|7|9|4|7|4|4|1|3|1|1|3|1|2|6|7|5|13|8|23|23|25|41|40|55|50|45|36|52|60|66|80|105|119|146|122|101|115|129|88|86|67|78|100|75|77|45|56|47|54|60|49|48|42|65|51|38|58|50|54|49|45|49|47|57|60|51|72|49|65|45|67|57|66|60|48|41|38|36|40|22|24|15|21|18|18|20|18|24|16|19|13|21|15|14|9|
2013-11-04|6|1_CTs|CT4||4|5|6|4|1|1|2|2|2|0|1|0|0|0|0|3|0|1|1|0|1|2|3|1|1|3|2|1|6|8|9|30|66|47|32|12|14|19|26|35|21|22|16|25|21|20|21|23|14|28|28|43|41|33|28|25|34|28|31|29|31|46|34|30|37|29|24|35|30|34|48|49|63|55|48|49|55|46|45|32|39|31|20|20|20|13|23|16|11|12|6|11|7|10|4|8|
2013-11-04|6|1_CTs|CT5||14|7|9|8|6|1|2|1|2|1|3|2|4|3|1|2|1|1|3|5|4|8|6|10|5|3|13|15|19|24|38|41|63|58|62|77|52|62|63|62|58|73|73|69|68|64|86|63|69|64|56|70|75|66|76|68|83|80|61|74|62|80|74|74|79|86|79|88|72|69|84|90|70|74|89|61|70|56|48|46|46|55|54|37|38|46|38|33|28|38|24|33|15|24|18|20|
2013-11-04|6|1_CTs|CT6||17|26|11|6|11|6|4|4|3|3|6|2|3|1|1|1|5|5|4|8|9|14|13|21|17|14|18|24|31|36|68|97|187|187|192|197|171|155|132|127|109|126|98|106|91|88|86|88|106|83|101|81|100|113|78|114|92|116|105|119|99|106|102|107|102|89|120|145|139|140|118|137|138|119|128|100|108|89|91|78|89|107|81|69|58|64|69|59|52|66|46|29|35|41|29|22|
2013-11-04|6|1_CTs|CT7||9|4|1|2|2|0|0|0|0|1|1|2|1|2|1|1|0|1|2|1|2|3|3|6|13|4|4|7|5|22|21|25|42|49|38|25|25|27|31|37|32|36|26|26|27|28|28|28|23|26|29|34|22|22|21|21|25|23|24|35|29|19|21|19|19|39|20|24|23|28|38|33|31|44|34|31|25|20|21|18|21|21|14|12|12|8|8|14|9|6|4|8|5|5|2|7|
2013-11-04|6|1_CTs|CT8||33|26|22|21|14|16|9|12|9|8|6|4|14|4|3|5|3|4|10|8|11|14|10|30|26|31|40|61|77|109|173|209|255|232|207|182|213|209|221|231|197|200|193|185|171|139|143|119|125|137|155|150|156|125|139|143|151|152|167|153|159|162|151|159|132|139|153|181|166|182|187|206|171|205|208|189|162|148|172|143|142|121|105|96|90|76|71|65|76|59|51|68|71|46|40|42|
2013-11-04|6|1_CTs|CT9||37|34|33|16|20|11|11|6|14|9|6|6|6|5|6|5|7|7|6|8|9|14|27|22|50|53|48|73|98|133|197|332|350|432|452|449|433|430|438|390|376|378|351|357|338|272|186|194|178|197|191|210|177|210|200|206|200|208|214|213|203|208|216|221|237|225|230|270|230|277|255|271|266|264|287|257|223|208|195|196|190|166|135|119|94|120|97|87|87|77|80|51|69|68|40|40|
2013-11-04|6|1_CTs|CT10||18|20|18|10|13|4|8|5|6|3|0|6|3|3|1|6|2|3|6|2|7|10|13|25|31|22|26|39|57|68|107|146|165|170|185|188|217|213|159|153|170|162|136|159|134|128|145|126|155|137|140|148|155|153|156|149|121|163|137|152|142|137|133|154|169|174|209|193|204|220|224|234|218|251|256|239|226|212|188|168|139|125|106|94|81|72|82|60|67|46|57|51|41|34|24|37|
2013-11-04|6|1_CTs|CT11||30|22|21|14|9|4|4|11|5|6|2|5|3|1|1|3|4|4|4|5|15|14|15|22|30|35|51|77|102|139|250|375|307|287|352|306|328|310|305|280|233|254|238|212|208|221|171|176|179|185|179|207|205|203|173|207|214|231|206|203|176|201|204|222|204|226|236|264|240|224|247|225|215|195|193|201|180|156|163|158|154|125|102|110|83|77|67|57|66|63|46|11|36|34|29|30|
2013-11-04|6|1_CTs|CT12||22|24|20|6|15|5|11|9|4|4|0|6|3|1|3|3|3|3|4|5|8|15|17|21|30|29|32|49|53|70|109|214|250|318|266|250|296|265|237|202|179|188|173|163|184|166|174|146|187|170|161|199|212|205|171|177|171|197|157|199|196|193|189|206|207|222|272|281|249|252|303|300|320|315|290|314|274|246|222|183|176|148|128|109|94|85|76|72|71|64|71|55|49|40|27|35|
2013-11-04|6|1_CTs|CT15||14|7|10|11|5|0|4|2|1|3|6|4|2|2|2|2|3|3|4|8|14|13|18|21|35|28|23|34|40|62|97|147|224|225|253|235|195|220|221|218|203|214|185|182|160|104|60|76|88|84|79|107|88|58|72|69|85|71|74|89|81|83|62|64|66|101|72|96|70|96|97|97|108|144|116|91|63|73|65|50|62|47|39|32|32|40|28|29|25|19|19|7|13|16|15|14|
2013-11-04|6|1_CTs|CT16||34|32|19|14|15|5|4|4|5|2|1|11|4|1|2|5|3|3|6|5|7|11|12|24|32|24|31|50|67|114|187|246|316|279|274|261|278|260|228|217|197|220|188|169|151|173|190|164|171|185|176|201|180|183|163|190|200|200|176|216|174|192|166|180|179|204|213|237|201|222|234|251|225|242|203|203|191|147|150|165|154|152|119|117|80|96|87|69|81|59|60|60|45|37|24|44|
2013-11-04|6|1_CTs|CT17||44|66|43|28|23|17|17|6|20|4|3|11|6|5|9|2|4|10|2|2|3|12|16|12|20|25|16|23|44|79|94|220|264|322|253|257|262|277|220|193|198|194|217|209|252|211|225|210|205|226|236|236|223|299|216|243|230|121|84|74|89|77|91|76|259|231|292|322|302|319|367|352|362|381|267|179|235|202|184|159|131|118|107|88|67|63|73|58|57|61|51|39|38|42|27|25|
2013-11-04|6|1_CTs|CT18||55|32|35|22|20|14|5|9|9|9|10|11|8|7|4|8|2|6|8|14|15|25|20|30|43|49|42|59|96|115|196|242|333|321|312|312|302|301|303|272|256|257|253|244|241|224|251|205|231|230|209|227|228|206|222|221|226|252|241|280|213|258|252|240|225|232|279|284|260|313|297|300|290|285|283|253|259|240|195|204|164|175|154|139|127|153|121|101|117|106|102|100|59|65|60|66|
2013-11-04|6|1_CTs|CT19||28|32|23|17|14|15|5|4|8|3|3|3|2|1|4|2|4|4|2|3|2|3|4|4|6|11|10|17|19|35|58|111|178|160|142|162|176|182|141|137|142|87|122|125|149|135|132|153|128|137|130|126|165|122|118|114|142|133|155|133|142|148|123|140|160|186|189|179|155|179|230|210|229|192|194|194|202|166|163|141|132|144|110|94|73|70|65|66|58|66|45|50|49|48|37|27|
2013-11-04|6|1_CTs|CT20||11|9|11|7|6|3|4|1|1|1|4|2|3|1|3|2|0|5|3|5|11|15|15|20|21|29|19|24|37|39|64|95|143|152|164|187|155|134|141|127|138|128|109|8|118|122|104|52|66|8|97|88|15|109|41|114|126|126|67|58|128|126|125|109|136|47|93|132|127|129|136|109|44|110|28|38|31|93|59|20|58|21|75|59|53|64|66|48|35|44|35|34|23|31|20|21|
2013-11-04|6|1_CTs|CT21||73|56|50|27|29|29|15|9|8|16|9|8|7|13|17|12|10|17|16|29|34|40|51|71|69|93|84|111|155|211|292|342|366|380|358|339|346|383|338|300|319|281|306|353|316|294|252|216|207|221|218|225|204|183|221|214|261|246|238|243|229|266|237|203|237|263|222|225|228|249|248|212|231|251|268|223|229|179|184|166|142|135|135|119|107|107|91|107|95|104|110|73|82|82|64|57|
2013-11-04|6|1_CTs|CT22||60|50|47|47|38|35|27|24|24|19|19|13|12|6|21|27|20|29|33|40|57|52|88|90|87|70|83|95|102|140|173|189|210|259|285|270|296|267|218|247|213|242|233|212|228|231|277|283|245|248|278|281|243|248|215|267|236|214|251|258|252|316|287|273|304|333|353|335|377|385|374|344|344|398|340|327|333|283|331|294|206|246|191|177|156|129|140|125|111|99|123|112|114|88|97|74|
2013-11-04|6|1_CTs|CT23||50|36|32|31|29|26|12|13|16|13|7|6|15|4|3|7|5|6|11|16|17|25|25|51|52|57|68|96|114|156|257|345|354|366|379|394|387|358|385|393|334|326|288|304|302|243|225|235|185|205|214|240|225|212|223|212|244|234|268|268|237|243|236|232|247|280|291|292|316|292|293|308|320|343|319|312|274|249|246|223|218|217|157|137|125|128|108|107|111|118|112|90|86|80|49|67|
2013-11-04|6|1_CTs|CT24||67|49|28|31|28|29|14|21|10|19|3|6|7|9|7|8|8|11|12|14|35|31|26|34|42|55|53|76|104|127|196|224|305|335|350|369|389|346|306|299|262|266|252|236|235|234|247|261|273|246|285|267|268|274|213|216|252|247|274|291|267|283|298|291|309|280|342|326|387|368|384|408|447|424|430|410|428|370|330|303|288|257|198|183|163|147|145|116|115|126|113|109|105|97|77|76|
