2011-11-15|7|1_CTs|CT1||31|18|22|14|10|10|7|6|5|5|5|7|4|1|3|3|3|1|8|4|2|2|4|9|7|17|14|21|36|54|101|153|214|209|235|217|221|150|225|236|221|170|138|152|131|135|113|142|132|127|132|135|112|132|133|119|132|137|169|146|160|153|145|176|161|163|152|170|166|159|190|184|174|172|160|185|148|148|137|107|105|82|83|71|58|53|48|39|50|34|24|30|37|50|55|44|
2011-11-15|7|1_CTs|CT2||27|12|13|8|14|7|14|7|4|2|12|7|6|3|0|3|2|3|0|7|2|11|10|12|10|8|20|19|31|64|74|141|166|232|226|208|190|153|128|128|63|117|112|70|55|73|99|75|64|57|67|78|68|31|94|97|124|110|133|128|85|90|134|121|92|142|85|163|170|148|152|169|158|200|163|123|112|120|113|78|67|71|63|47|45|37|28|33|39|34|21|44|56|43|48|42|
2011-11-15|7|1_CTs|CT4||50|24|30|25|33|26|23|20|14|13|21|22|9|9|11|8|9|10|6|2|7|5|5|1|7|5|7|10|6|0|3|10|18|7|13|15|17|17|17|15|9|13|11|19|14|10|11|20|16|21|35|15|40|25|28|30|42|24|46|80|86|102|60|38|56|58|61|50|97|78|82|90|67|59|72|78|50|72|56|38|58|60|70|46|26|33|18|16|29|13|24|14|34|25|42|16|
2011-11-15|7|1_CTs|CT6||30|24|29|22|19|25|18|21|11|15|13|12|6|6|12|7|6|9|6|10|6|6|8|19|11|14|17|18|32|40|68|114|161|208|151|203|178|152|152|116|132|128|168|151|132|156|166|170|143|160|149|132|156|133|145|129|157|131|160|161|167|160|152|176|203|242|192|249|209|251|228|264|269|283|253|253|196|188|179|147|158|148|124|94|79|59|80|46|50|44|55|49|61|60|46|41|
2011-11-15|7|1_CTs|CT7||29|19|21|16|15|10|6|14|13|2|5|4|2|3|5|2|5|5|10|7|5|8|13|12|14|11|22|29|47|47|68|77|88|124|126|90|111|110|102|127|103|121|125|108|118|107|106|127|115|108|114|123|96|97|110|104|118|98|115|101|126|126|117|137|113|136|142|126|170|144|161|161|165|146|154|159|141|135|136|129|113|100|89|73|60|73|37|34|33|35|33|45|53|57|50|49|
2011-11-15|7|1_CTs|CT8||104|99|59|56|53|37|39|40|31|32|12|21|15|28|18|19|18|13|29|46|55|72|70|85|103|115|135|140|205|264|378|445|446|414|372|372|495|341|382|323|395|320|338|360|319|289|305|325|280|283|304|297|308|283|293|269|310|321|324|344|358|322|365|324|339|348|351|386|389|367|371|360|380|382|372|308|326|293|295|285|243|214|199|212|182|161|123|127|123|111|116|90|160|141|138|149|
2011-11-15|7|1_CTs|CT9||57|53|49|30|35|27|30|23|23|13|7|11|10|10|6|14|15|4|17|21|24|31|43|43|46|63|80|75|108|151|217|236|249|259|266|275|237|264|280|239|258|262|229|228|211|187|228|203|209|210|210|199|207|188|164|192|191|211|242|231|229|237|217|232|219|252|204|244|227|258|213|222|212|234|247|231|217|179|175|156|138|148|124|135|106|97|87|80|88|76|71|63|111|111|100|86|
2011-11-15|7|1_CTs|CT10||88|85|68|61|51|66|45|34|32|29|35|35|24|32|25|15|14|27|29|30|40|28|38|34|33|45|40|62|66|102|126|180|218|287|234|265|241|248|221|243|206|228|258|241|250|271|269|304|265|248|267|268|282|243|250|221|265|230|263|268|274|282|301|289|308|318|281|344|313|329|310|340|329|336|295|299|290|290|269|259|273|232|189|155|140|119|126|130|123|117|112|107|121|149|131|117|
2011-11-15|7|1_CTs|CT11||100|69|70|49|49|59|43|37|31|44|33|37|28|22|24|12|18|25|22|33|36|38|38|46|32|61|51|80|93|122|123|197|220|241|230|237|237|242|220|260|206|222|234|258|265|286|304|445|329|299|407|536|299|259|245|213|251|246|247|252|272|272|279|304|284|198|223|288|275|229|217|158|212|202|234|246|276|244|248|256|255|217|179|156|130|106|126|147|123|102|84|105|136|150|159|131|
2011-11-15|7|1_CTs|CT12||50|33|39|35|25|30|20|12|10|15|12|14|6|8|8|12|9|14|6|12|13|5|16|14|15|17|19|26|35|48|99|165|211|248|236|249|230|193|160|204|197|182|198|190|198|193|186|182|233|228|206|206|222|213|199|188|208|199|206|222|252|198|230|232|229|323|275|321|287|308|312|316|335|328|325|358|296|285|260|219|215|191|200|115|134|90|99|75|80|76|54|90|93|85|86|75|
2011-11-15|7|1_CTs|CT13||16|13|8|8|5|6|4|7|5|0|4|0|1|1|0|0|3|2|2|3|3|3|5|7|7|7|7|12|17|23|34|36|58|54|60|42|57|75|66|93|70|76|79|54|58|56|59|54|55|61|76|58|48|53|49|49|61|33|43|61|59|58|64|50|63|69|72|49|73|76|86|92|71|70|90|89|90|63|79|77|48|63|49|38|35|31|12|24|17|24|18|28|30|37|22|24|
2011-11-15|7|1_CTs|CT14||108|96|89|65|54|56|45|36|63|33|29|33|27|25|21|13|24|21|26|39|42|38|42|61|51|74|90|99|125|172|212|275|335|404|417|407|369|369|353|341|313|315|300|324|325|331|327|318|350|352|328|289|369|326|300|303|312|328|315|329|390|351|365|379|395|422|434|474|464|541|511|494|510|537|491|501|480|436|432|414|411|308|279|230|179|172|173|141|154|150|109|141|197|192|179|176|
2011-11-15|7|1_CTs|CT15||16|7|11|9|10|11|3|6|7|7|2|5|1|3|3|7|5|3|5|6|4|2|8|9|10|5|11|14|17|21|28|51|103|132|113|133|94|73|81|61|52|57|48|32|45|31|47|34|36|39|47|51|50|66|80|64|47|42|76|49|51|48|54|61|65|99|103|125|104|101|151|91|104|104|107|91|69|51|64|46|71|46|36|28|23|19|27|22|25|17|19|18|30|28|16|14|
