2011-05-01|22|1_CTs|CT1||30|25|14|15|13|21|12|19|17|11|4|3|4|3|4|5|7|10|11|4|6|8|10|12|21|11|15|14|10|26|22|21|30|28|27|32|41|30|39|51|39|40|41|43|36|59|45|68|55|64|65|62|69|65|45|50|56|49|39|39|50|51|40|43|60|66|67|87|59|74|65|53|61|68|57|60|58|55|51|58|49|61|40|34|30|31|37|34|34|30|43|30|34|34|23|16|
2011-05-01|22|1_CTs|CT2||49|40|36|26|37|27|29|20|21|14|23|12|11|13|13|12|19|20|19|20|19|10|17|13|30|22|29|35|29|33|35|46|34|40|48|35|40|49|44|59|40|58|60|85|107|117|149|172|125|109|98|114|96|94|107|73|88|84|78|88|88|99|102|106|113|142|119|147|105|124|112|87|88|100|101|97|104|81|85|67|82|86|74|77|67|74|48|71|55|80|67|53|48|38|39|38|
2011-05-01|22|1_CTs|CT3||75|67|60|60|42|45|48|37|37|29|38|31|23|27|19|22|30|34|29|31|22|24|18|23|26|23|38|38|34|44|44|47|65|47|69|51|55|55|60|60|38|96|80|76|93|89|149|189|175|178|132|150|135|134|150|140|114|106|122|145|123|147|151|151|182|246|213|268|201|158|159|150|147|142|132|129|134|138|112|123|114|134|109|104|90|97|72|80|99|95|97|86|75|56|62|37|
2011-05-01|22|1_CTs|CT4||57|48|52|47|39|19|26|31|32|24|20|19|19|8|11|16|14|15|9|10|17|16|13|13|13|20|23|18|30|27|29|51|40|56|67|65|68|55|48|56|9|62|70|88|88|93|108|114|107|111|116|116|127|116|90|93|86|90|80|79|99|103|101|107|141|173|149|169|137|117|115|133|128|129|124|150|151|100|111|96|98|116|153|76|79|74|75|60|59|53|50|67|48|39|46|39|
2011-05-01|22|1_CTs|CT5||68|55|35|36|51|27|31|27|28|21|22|16|18|13|9|8|16|10|9|16|18|15|11|18|20|23|22|34|27|37|38|58|49|64|75|76|85|68|72|78|20|84|78|94|96|99|129|154|133|130|124|126|128|143|107|92|91|90|85|81|102|94|122|154|145|188|178|205|158|141|144|141|137|125|133|140|150|109|128|98|91|115|128|73|73|88|84|76|68|72|60|56|50|46|54|41|
2011-05-01|22|1_CTs|CT6||36|32|26|26|22|23|24|20|13|18|13|13|13|10|6|0|16|8|18|14|10|16|12|15|15|25|15|27|16|22|21|23|24|23|22|27|25|34|44|43|34|45|54|65|72|53|73|75|92|86|76|71|88|77|90|54|73|56|52|65|86|66|69|127|131|135|150|162|114|90|81|93|87|85|64|78|81|56|67|62|58|64|69|47|49|63|48|53|58|45|46|37|31|35|41|22|
2011-05-01|22|1_CTs|CT7||12|9|6|6|6|3|4|6|4|3|2|3|2|1|1|0|1|4|6|2|4|0|2|3|5|3|6|4|6|4|6|3|3|2|9|9|10|9|12|11|9|9|10|14|25|32|35|42|18|17|16|21|13|20|14|12|12|11|11|9|14|16|12|13|20|23|24|23|21|29|19|20|18|18|24|23|21|17|11|14|20|15|18|13|12|12|9|11|9|17|16|11|14|6|5|8|
2011-05-01|22|1_CTs|CT8||9|4|5|10|6|4|11|7|4|4|6|7|6|5|4|6|5|1|3|5|3|4|1|3|3|6|4|5|4|10|3|8|6|7|2|9|8|3|9|9|6|8|12|6|4|16|9|29|32|30|24|24|27|14|30|22|20|9|15|11|17|20|20|16|20|12|21|19|21|37|25|18|19|18|19|21|18|26|19|22|14|20|25|10|15|10|14|12|14|9|11|9|14|13|9|5|
2011-05-01|22|1_CTs|CT9||61|51|48|33|36|38|25|29|21|13|22|14|8|12|10|9|14|14|8|13|8|9|8|19|11|14|26|30|21|38|45|58|46|58|85|98|77|70|71|69|76|87|84|93|78|80|128|114|127|122|146|137|140|140|127|130|98|100|114|129|98|117|135|158|158|230|213|248|157|125|129|130|107|117|130|143|127|116|93|109|91|123|101|78|86|65|74|72|63|77|56|56|55|37|47|44|
2011-05-01|22|1_CTs|CT10||0|1|0|2|0|0|0|2|0|0|0|0|1|0|0|1|0|1|1|2|0|1|0|1|3|1|2|1|4|1|2|2|1|2|3|2|1|3|0|2|5|3|5|1|0|2|3|4|6|3|4|4|4|3|5|2|2|4|4|4|6|2|1|5|6|5|7|7|2|3|3|4|1|2|3|6|2|2|1|1|2|3|2|0|0|2|1|1|0|3|3|1|1|1|0|4|
