2014-08-25|2|1_CTs|ct1||67|55|48|32|35|24|33|17|16|20|22|16|13|12|10|5|6|17|20|16|15|13|23|31|26|28|49|56|66|109|97|123|143|152|160|177|168|186|176|180|175|193|174|186|178|189|199|187|187|193|187|194|170|183|180|185|160|196|171|195|192|197|188|192|181|161|193|197|170|169|179|170|175|182|183|190|169|146|167|141|162|172|163|133|116|119|102|109|93|91|97|76|77|68|80|69|
2014-08-25|2|1_CTs|ct2||36|37|22|26|17|12|17|14|6|12|14|11|6|9|4|4|5|8|7|5|6|6|11|14|19|14|18|21|20|24|30|36|38|35|50|50|58|77|67|78|80|85|79|105|85|88|87|81|69|80|91|64|82|76|75|87|75|87|87|91|90|97|101|75|72|72|64|72|67|64|84|67|72|61|70|77|91|75|70|69|71|56|68|66|67|60|45|62|55|35|50|55|48|41|43|40|
2014-08-25|2|1_CTs|ct3||84|84|64|46|46|25|30|29|25|28|29|32|16|15|10|5|11|13|20|21|15|19|20|28|32|29|43|53|54|94|83|105|131|114|127|140|143|137|138|148|174|173|195|192|222|203|194|200|177|182|192|194|170|161|161|177|173|183|181|179|198|199|200|192|171|187|194|206|171|168|167|190|163|192|147|191|199|164|183|151|165|152|171|131|127|113|116|115|110|87|97|89|82|98|87|82|
2014-08-25|2|1_CTs|ct4||67|53|38|32|44|28|26|24|22|22|17|16|13|10|12|14|16|6|8|12|12|12|13|16|28|19|23|21|43|43|55|64|76|88|68|94|117|94|103|116|117|112|124|140|114|122|101|102|96|114|118|112|117|108|94|113|108|112|108|123|118|123|129|143|111|132|120|117|117|103|105|97|120|108|107|108|119|96|129|104|86|78|82|74|75|92|66|64|50|57|65|65|81|79|69|64|
2014-08-25|2|1_CTs|ct5||90|87|75|56|54|44|42|42|24|32|36|21|18|22|19|22|22|13|20|15|16|19|19|21|21|25|32|26|55|43|85|86|108|125|121|157|165|146|162|164|149|183|192|180|187|195|184|136|179|193|189|182|201|187|166|176|207|177|188|159|168|194|206|178|177|203|180|184|204|192|210|157|176|187|181|195|181|162|216|160|155|146|121|120|130|132|107|96|106|117|100|114|127|122|111|91|
2014-08-25|2|1_CTs|ct6||25|22|24|13|16|13|15|9|9|9|10|2|8|5|6|7|4|6|8|0|5|4|5|13|9|5|10|11|10|13|18|17|21|28|24|21|30|22|30|40|46|43|43|52|57|44|52|51|42|51|51|50|44|41|46|56|54|59|60|49|57|49|60|51|69|68|49|64|53|53|56|50|54|53|54|47|41|52|63|56|44|44|36|34|42|35|35|28|39|37|34|26|33|49|34|25|
2014-08-25|2|1_CTs|ct17||81|81|68|42|63|35|33|38|25|30|30|39|31|19|14|13|13|13|20|25|29|23|35|25|40|36|48|64|58|91|113|125|146|142|168|158|169|182|195|206|189|207|238|190|197|249|214|199|168|181|183|211|219|203|193|201|184|197|205|200|198|243|218|228|210|229|230|223|210|213|203|225|224|239|192|244|205|196|212|182|181|196|180|152|127|128|116|137|130|101|113|88|118|118|115|93|
2014-08-25|2|1_CTs|CT19||32|42|33|19|19|21|13|22|14|11|7|6|11|7|4|10|4|2|4|6|9|7|7|7|7|11|18|25|26|41|66|58|71|76|89|97|58|75|92|109|89|113|96|106|99|131|118|101|83|101|95|132|94|104|85|101|89|77|115|102|114|116|135|124|114|120|130|114|124|108|112|105|144|124|120|132|129|106|105|117|69|98|87|51|65|57|50|46|59|45|46|42|46|60|35|40|
2014-08-25|2|1_CTs|CT20||44|32|27|21|34|31|26|15|21|21|18|10|4|11|9|7|16|4|7|8|5|4|6|11|11|16|14|15|20|31|30|37|65|54|59|71|80|84|87|76|62|67|81|80|62|73|79|69|61|71|81|68|78|57|67|63|60|79|76|69|49|58|65|78|94|77|61|83|90|73|82|65|90|59|97|74|92|70|91|75|75|75|64|65|66|52|43|53|45|46|44|42|48|57|41|49|
2014-08-25|2|1_CTs|CT21||25|18|13|12|23|14|17|13|8|13|6|7|6|4|4|4|5|2|2|4|4|2|2|5|7|6|10|7|11|18|14|24|34|26|34|42|52|38|40|50|40|32|45|47|39|41|46|56|34|33|55|53|35|32|47|30|39|32|39|44|38|41|48|61|58|48|45|58|54|49|51|43|46|47|49|45|41|43|45|47|39|40|43|33|40|36|25|23|27|18|18|25|20|33|20|31|
