2015-02-09|3|1_CTs|ct1||33|27|16|16|14|8|10|10|7|4|7|4|6|2|2|6|2|3|5|2|3|5|14|24|268|19|27|34|39|75|127|171|200|251|246|237|243|223|202|167|160|175|172|396|381|400|145|145|131|161|916|177|429|148|167|146|154|440|194|225|178|171|433|195|157|187|143|147|698|167|167|173|425|168|147|194|204|225|457|204|154|151|149|110|95|346|59|84|339|317|52|60|58|43|47|35|
2015-02-09|3|1_CTs|ct3||45|34|30|24|28|19|15|16|4|9|12|4|5|12|8|15|2|9|6|8|14|13|26|35|17|40|57|51|37|78|390|202|470|231|496|262|262|272|218|455|450|487|464|212|185|204|204|705|458|198|452|210|715|988|201|200|206|241|497|504|239|216|226|230|215|193|180|165|173|395|167|157|131|398|631|144|170|419|414|154|400|654|138|114|98|83|332|63|83|76|320|70|84|308|49|51|
2015-02-09|3|1_CTs|ct5||85|78|49|37|34|30|33|31|24|18|12|14|7|7|14|8|249|11|10|8|11|9|16|14|20|27|34|32|50|53|360|141|465|447|457|512|225|448|432|191|161|188|176|179|170|182|158|428|205|204|192|482|201|447|186|445|441|163|470|215|208|216|216|481|227|311|530|287|545|309|328|576|818|303|546|239|290|299|547|277|256|751|452|179|392|131|128|138|139|143|110|99|116|108|91|89|
2015-02-09|3|1_CTs|ct6||11|260|3|2|0|3|4|3|3|0|1|2|0|1|0|0|0|0|0|1|1|1|4|2|2|10|6|12|22|22|291|45|60|73|80|85|328|323|54|61|305|51|36|32|42|56|38|40|36|45|44|30|291|41|43|34|44|51|58|307|46|36|49|50|52|47|43|304|302|48|47|56|308|311|62|301|61|54|59|50|298|36|31|28|15|18|16|13|519|12|17|7|8|16|9|9|
2015-02-09|3|1_CTs|ct7||68|69|41|34|51|25|32|25|31|25|32|15|10|19|14|15|10|14|17|13|31|273|27|32|21|32|32|41|45|54|67|84|596|371|124|137|145|142|391|384|124|147|118|149|145|149|385|409|168|146|148|174|162|384|130|135|150|133|425|169|158|170|182|409|180|429|154|415|165|158|413|389|154|407|159|385|70|134|146|132|347|123|353|317|96|81|84|93|94|102|340|67|347|90|302|79|
2015-02-09|3|1_CTs|ct8||25|290|21|15|27|19|13|11|13|5|17|10|10|10|10|4|4|12|10|6|21|266|7|18|13|17|18|23|29|31|41|56|57|64|66|72|83|83|85|74|331|97|68|97|106|100|348|103|126|106|101|121|103|95|82|97|125|321|124|117|106|122|114|351|119|128|98|350|102|126|104|338|103|612|99|365|368|98|96|345|84|65|307|54|54|47|49|51|63|301|294|39|55|60|278|40|
2015-02-09|3|1_CTs|ct9||316|64|48|50|33|47|41|28|20|20|14|15|18|19|12|15|22|14|12|16|20|12|18|18|28|32|39|553|59|78|134|419|211|215|514|251|273|482|222|238|206|202|173|175|178|164|139|172|413|145|159|173|173|403|156|428|153|182|159|430|179|162|156|191|177|447|181|178|205|199|190|201|477|460|474|502|234|206|394|189|162|149|387|125|104|87|105|84|90|72|99|76|78|77|76|338|
2015-02-09|3|1_CTs|ct10||47|42|35|21|24|19|23|13|19|18|13|9|6|11|5|10|11|5|10|4|15|12|18|21|20|16|21|31|31|39|72|90|141|131|160|164|167|176|139|146|121|114|132|115|115|118|108|142|118|119|126|143|100|127|116|128|120|122|128|155|147|155|152|142|118|138|138|162|162|172|179|164|156|159|149|134|154|147|126|112|104|111|102|90|74|75|79|66|62|69|56|63|67|62|64|51|
2015-02-09|3|1_CTs|ct13||124|134|91|77|74|62|66|60|50|48|66|38|31|26|22|22|67|25|20|18|301|30|200|1294|84|152|62|83|84|146|173|467|243|526|217|248|251|391|242|627|1097|597|715|947|527|545|472|829|570|337|1015|723|1297|812|18|0|56|534|248|569|261|192|274|269|538|280|294|1957|550|302|240|227|438|184|692|417|247|831|545|1462|309|1758|1332|1040|266|565|269|219|513|2848|298|192|182|167|181|130|
2015-02-09|3|1_CTs|ct14||37|32|22|276|18|275|12|8|17|8|3|4|5|3|8|2|3|5|3|7|5|8|18|15|26|35|327|132|197|264|791|279|288|267|530|774|271|515|282|511|270|261|213|175|702|169|164|685|418|170|437|443|418|153|159|145|177|218|207|442|184|194|224|454|158|175|167|438|163|150|166|111|362|359|79|380|193|235|740|192|155|414|387|123|95|112|82|78|67|78|85|57|61|55|48|33|
2015-02-09|3|1_CTs|CT16||62|63|299|33|18|22|273|18|17|23|20|27|14|9|9|8|7|12|11|5|7|25|22|22|43|22|28|42|51|75|76|140|163|186|237|179|445|158|431|159|166|153|137|143|396|140|152|411|427|131|170|135|395|407|123|135|105|378|124|426|145|137|142|180|121|157|451|169|236|211|483|193|254|764|485|255|212|213|207|159|152|150|109|128|372|92|91|91|66|56|87|63|67|72|68|56|
2015-02-09|3|1_CTs|ct18||65|71|50|37|34|31|32|25|28|20|18|14|12|14|8|15|14|8|16|11|16|19|24|30|34|25|34|51|52|79|121|156|227|245|265|289|276|245|237|220|216|201|187|166|153|182|177|207|172|162|156|178|133|153|178|171|151|208|194|193|175|168|212|187|140|182|174|183|225|186|185|208|181|190|159|214|174|172|163|161|170|139|143|137|100|120|94|81|111|89|97|93|94|89|82|76|
2015-02-09|3|1_CTs|ct19||0|0|1|0|1|0|0|0|0|0|0|0|0|0|0|1|0|0|0|0|0|2|2|1|3|6|10|6|8|11|12|8|9|5|7|8|6|11|7|7|5|5|6|6|6|4|7|7|6|3|5|7|9|5|4|5|6|6|5|8|3|12|2|8|7|12|5|14|4|8|11|8|11|7|10|6|4|10|7|5|6|8|5|7|7|6|2|3|0|3|0|2|0|1|1|3|
2015-02-09|3|1_CTs|ct20||0|0|0|294|676|2|0|0|0|0|0|0|814|3512|2907|1725|8|4004|3147|2816|2875|1368|3383|2808|2806|2820|2810|2987|79|0|995|3365|3089|2863|3059|842|394|1269|3419|3167|3858|2765|2824|2832|2829|2815|2834|2837|2845|2847|1272|483|1498|0|0|0|0|0|0|0|0|0|0|0|0|0|0|0|0|0|0|0|0|0|0|0|0|0|0|0|0|0|0|0|0|0|0|0|0|0|0|0|0|0|0|0|
2015-02-09|3|1_CTs|ct22||2|3|2|1|1|0|0|0|2|1|0|1|3|3|1|0|1|1|0|1|0|0|1|0|1|1|0|5|2|6|5|15|19|274|24|14|15|5|22|274|27|23|22|16|23|21|13|15|21|17|30|33|19|276|285|19|16|16|276|17|21|25|35|17|26|20|42|286|36|47|53|50|60|47|51|43|32|43|33|32|25|26|29|15|17|8|8|9|9|9|3|6|9|4|7|4|
2015-02-09|3|1_CTs|CT23||80|69|40|51|35|30|30|21|10|21|12|263|6|8|13|9|2|4|4|12|6|10|21|22|21|13|18|42|71|86|206|238|301|376|414|400|645|585|294|254|275|234|239|214|241|214|259|239|259|273|387|508|317|570|579|288|827|311|573|309|330|329|345|333|376|672|400|651|702|495|790|494|579|609|1295|1089|622|812|590|772|497|982|364|358|251|491|448|237|248|223|464|219|177|127|104|115|
2015-02-09|3|1_CTs|ct24||118|114|85|83|65|57|43|31|34|25|21|21|19|35|24|20|22|32|17|42|40|60|329|97|116|168|309|1536|670|922|1251|894|904|914|876|1087|851|1079|889|1028|1172|890|1100|1260|773|779|711|658|1203|656|1018|1038|725|1195|691|747|704|1125|1631|790|768|1035|772|1010|940|726|745|793|737|791|1562|905|828|1171|1386|892|829|837|1023|922|582|539|743|916|350|337|525|769|538|999|323|222|232|440|200|399|
