2013-02-11|7|1_CTs|CT1||18|14|13|11|14|4|3|3|3|5|3|3|2|2|2|0|2|2|5|0|6|4|7|9|9|12|22|14|25|29|61|80|84|115|150|145|127|158|161|128|137|133|123|121|117|112|113|108|116|103|133|106|111|105|98|107|105|128|121|138|132|111|137|121|129|118|117|111|134|130|131|123|126|145|137|111|127|104|122|97|86|81|73|67|59|50|40|40|35|52|42|32|29|37|20|23|
2013-02-11|7|1_CTs|CT2||23|37|11|18|21|10|8|7|3|14|7|2|14|7|6|10|2|7|4|14|14|3|16|13|17|27|27|30|45|76|57|141|188|216|215|245|241|280|231|259|172|194|201|179|267|168|121|228|211|179|196|222|167|220|234|229|200|153|249|233|129|187|203|231|236|233|237|254|272|101|152|263|322|234|244|244|207|209|152|113|162|137|149|129|83|67|67|81|80|75|70|75|74|56|65|34|
2013-02-11|7|1_CTs|CT4||6|12|7|13|19|3|11|8|14|10|6|7|9|6|4|6|16|4|6|3|2|3|1|0|4|1|6|2|2|3|1|6|2|2|3|17|2|14|13|13|4|14|13|14|6|9|17|21|18|19|15|27|14|17|13|11|8|10|18|15|10|16|17|13|33|34|36|26|50|57|41|42|43|55|41|38|47|46|32|39|43|26|30|34|19|18|13|12|6|14|14|17|28|34|38|27|
2013-02-11|7|1_CTs|CT6||36|26|19|20|13|17|18|7|6|8|4|5|9|4|9|3|8|6|5|6|2|7|5|10|5|5|10|14|15|34|55|51|65|97|82|114|114|102|121|119|110|116|136|122|124|139|121|123|110|128|108|149|128|142|105|113|122|126|146|149|156|140|150|172|159|169|164|167|165|177|181|203|186|182|177|162|162|172|139|111|130|118|88|75|66|66|60|75|64|59|38|48|35|36|47|46|
2013-02-11|7|1_CTs|CT7||15|12|24|17|10|10|6|13|7|6|5|4|9|3|3|2|4|3|6|6|11|7|9|11|9|16|27|26|29|44|55|84|69|64|86|83|104|86|85|109|100|94|81|91|120|136|97|100|83|106|102|104|93|86|98|86|91|110|106|111|116|109|121|108|98|122|123|135|137|143|129|137|129|140|144|124|108|104|103|103|99|89|64|76|51|45|50|42|34|38|33|38|37|36|27|26|
2013-02-11|7|1_CTs|CT8||71|79|63|55|41|34|38|15|21|28|13|13|12|16|15|26|15|16|34|55|41|59|82|86|95|100|109|136|184|193|295|340|346|330|374|402|372|338|369|325|320|374|338|297|291|315|322|290|296|285|321|293|280|307|310|309|306|311|331|360|318|361|325|288|296|299|285|337|333|292|384|315|306|312|311|307|307|297|264|273|272|229|199|183|172|161|140|136|136|123|130|153|129|122|122|84|
2013-02-11|7|1_CTs|CT12||43|37|23|31|24|18|13|10|12|6|6|12|7|5|5|4|10|7|4|5|2|11|5|8|18|12|18|22|27|41|52|76|85|107|121|154|153|162|154|184|148|162|166|157|184|166|167|178|168|187|158|200|191|178|159|178|151|192|177|197|195|187|191|220|207|244|209|237|247|252|249|259|261|256|272|252|236|235|206|195|183|165|133|127|107|95|95|81|81|103|60|43|68|52|63|50|
2013-02-11|7|1_CTs|CT13||13|7|12|10|4|5|3|3|2|2|2|2|1|1|2|0|1|2|3|3|2|3|2|6|3|2|5|6|12|11|13|37|29|38|39|39|51|41|38|55|46|44|45|31|56|38|50|52|33|45|38|45|46|38|42|31|36|49|44|52|57|61|64|50|59|68|68|59|68|67|62|65|57|67|72|54|63|44|50|101|94|45|31|45|24|24|22|20|16|13|16|20|21|24|19|13|
2013-02-11|7|1_CTs|CT14||71|76|51|51|57|38|31|31|30|27|23|20|16|12|24|29|25|24|34|38|34|42|50|58|55|58|84|67|103|120|142|172|183|210|285|322|304|336|323|296|268|281|286|262|300|313|329|335|318|339|350|318|344|310|299|259|288|303|317|354|356|375|322|320|339|340|408|458|456|479|456|465|488|491|478|428|394|402|394|362|341|287|253|210|187|173|171|137|156|156|162|123|114|113|110|103|
2013-02-11|7|1_CTs|CT15||16|9|10|21|10|6|9|6|10|7|5|4|3|6|6|5|3|11|0|3|5|8|8|15|8|8|6|16|27|24|34|41|35|49|49|73|66|71|81|86|70|61|82|80|73|67|74|56|68|74|63|79|66|73|57|73|91|81|80|92|73|63|87|80|79|72|70|82|77|101|92|95|107|96|109|110|122|96|74|71|67|61|62|42|45|41|44|56|45|34|39|37|34|26|25|31|
