2014-12-01|2|1_CTs|ct1||38|50|37|19|27|32|16|15|20|13|10|9|12|11|13|8|8|10|10|19|22|25|35|32|28|43|49|72|91|97|135|137|150|169|157|166|176|163|172|165|188|185|166|192|195|159|116|117|188|163|164|191|185|168|164|161|168|198|205|212|202|207|180|175|169|160|196|153|156|143|146|141|136|158|140|151|153|138|150|148|115|149|132|126|110|103|104|86|88|92|339|78|83|40|79|62|
2014-12-01|2|1_CTs|ct2||22|21|22|13|16|22|10|10|13|8|6|7|3|13|4|6|6|10|6|9|10|13|14|18|17|21|25|27|34|31|39|43|52|55|42|58|74|77|83|80|95|84|88|90|86|79|82|91|103|85|69|91|80|77|65|67|65|77|94|70|83|94|73|62|73|66|88|82|97|72|63|71|66|56|63|66|60|76|83|61|55|70|66|56|50|34|43|41|39|25|39|48|46|19|47|31|
2014-12-01|2|1_CTs|ct3||45|67|39|32|29|43|20|26|23|22|8|10|10|16|10|9|14|16|7|20|28|31|40|29|39|38|49|53|93|84|112|109|121|159|127|142|111|156|134|131|178|195|116|187|156|137|125|203|211|177|154|161|171|167|151|173|158|198|195|183|199|202|188|192|187|176|193|188|195|152|142|155|146|172|155|148|164|147|158|156|126|133|127|150|117|91|101|100|106|88|82|96|94|56|80|83|
2014-12-01|2|1_CTs|ct4||35|36|32|29|24|19|30|10|9|14|10|13|8|8|12|12|3|7|7|16|8|20|22|22|24|29|25|31|39|43|71|82|75|108|138|120|112|105|115|104|130|112|124|94|75|116|102|115|106|118|126|106|119|117|104|93|113|99|127|125|129|119|116|128|113|133|121|116|141|118|100|103|99|96|95|92|115|103|119|98|88|80|86|101|75|50|69|76|83|71|77|46|62|70|41|54|
2014-12-01|2|1_CTs|ct5||70|59|45|53|40|32|33|22|27|24|18|25|13|11|13|18|14|14|14|17|12|29|27|30|25|28|31|44|44|52|85|127|133|152|184|161|154|153|134|156|179|157|134|112|130|154|101|176|196|180|189|191|204|199|159|161|187|157|207|206|207|198|220|216|238|186|221|190|213|167|176|170|163|156|185|149|163|129|177|153|144|128|119|156|108|81|110|115|127|115|127|87|99|94|79|82|
2014-12-01|2|1_CTs|ct6||16|17|13|7|9|12|14|4|9|8|6|4|9|4|5|5|7|2|7|1|10|3|6|9|15|7|11|12|11|12|17|17|22|26|32|27|29|28|35|48|38|45|27|27|43|35|31|55|38|46|52|41|41|60|43|43|48|47|54|56|61|54|56|57|59|53|54|66|67|51|54|64|39|27|52|46|37|40|45|44|43|36|36|35|32|20|37|31|26|26|19|22|20|25|21|21|
2014-12-01|2|1_CTs|ct17||46|71|44|46|43|51|38|31|25|28|21|10|15|19|11|10|14|25|16|22|28|31|48|43|35|39|53|61|91|92|135|135|152|175|159|169|143|193|171|199|185|226|186|263|231|213|215|271|249|200|200|209|231|281|186|198|188|224|231|235|197|217|227|239|270|227|229|230|217|214|198|200|197|201|202|196|229|197|199|201|167|164|158|182|158|124|125|117|119|98|107|108|96|78|88|92|
2014-12-01|2|1_CTs|CT19||20|36|18|17|23|18|21|11|11|12|13|4|4|4|5|4|5|6|4|4|7|9|8|6|13|12|16|24|43|42|63|58|67|91|88|82|83|94|86|92|103|98|111|127|109|121|97|121|98|45|94|104|111|101|90|107|105|94|109|138|105|92|129|119|134|108|136|124|119|119|116|139|134|123|83|118|125|119|110|110|92|82|79|95|75|64|66|58|56|46|55|50|51|31|34|32|
2014-12-01|2|1_CTs|CT20||26|28|23|27|18|16|17|16|9|11|11|12|7|5|5|8|5|3|3|10|13|9|7|15|4|15|17|22|25|31|40|58|61|84|83|89|100|78|80|80|74|70|67|70|73|73|67|73|69|65|69|59|76|61|64|54|69|64|72|81|66|79|79|79|73|84|85|83|91|84|76|80|92|83|93|83|79|85|76|78|76|65|65|66|60|47|43|53|55|39|51|41|53|45|42|31|
2014-12-01|2|1_CTs|CT21||8|20|14|12|12|10|13|4|0|8|6|3|5|3|1|5|2|0|1|4|4|3|0|4|3|5|8|8|16|13|18|37|32|43|54|53|36|46|35|45|37|34|35|34|47|40|36|34|34|38|35|38|38|43|32|30|38|39|37|47|32|44|42|58|38|60|45|45|53|44|45|43|47|43|38|38|37|41|37|31|38|27|26|29|30|24|18|26|22|13|29|24|29|19|17|13|
