2011-04-25|2|1_CTs|ct1||61|44|43|39|31|21|27|18|13|14|19|9|7|6|6|9|14|7|8|5|8|10|9|11|7|11|22|20|12|28|23|28|25|32|35|58|50|44|60|49|64|49|11|0|5|0|0|3|69|59|75|81|61|81|79|72|73|67|85|37|0|0|0|0|0|0|0|0|0|0|1|2|0|41|67|71|78|82|70|62|78|59|70|63|62|55|64|64|55|63|46|43|38|48|38|45|
2011-04-25|2|1_CTs|ct2||14|14|11|10|7|13|7|7|7|4|2|2|6|2|1|6|4|3|6|4|8|6|5|6|4|10|12|14|11|9|12|16|9|14|16|27|27|25|22|29|30|33|6|4|2|0|1|3|25|24|27|21|17|28|30|20|31|32|22|12|1|0|0|0|1|0|1|0|0|2|1|3|1|11|19|23|33|20|26|23|35|28|29|27|28|22|19|17|20|21|15|18|13|17|22|5|
2011-04-25|2|1_CTs|ct3||100|97|87|67|56|54|56|48|34|32|27|18|29|17|15|20|25|22|21|10|21|24|12|23|18|24|34|38|30|42|43|44|50|56|44|94|77|78|102|101|104|103|63|56|46|49|51|60|100|145|114|125|92|106|110|108|131|114|127|68|43|39|44|41|6|19|5|1|6|49|87|42|2|8|102|128|153|128|126|123|131|96|110|120|122|94|96|97|102|95|81|77|85|85|79|68|
2011-04-25|2|1_CTs|ct4||48|41|40|32|25|39|24|18|10|19|20|16|10|26|17|13|12|13|14|15|19|15|26|21|13|16|14|25|21|22|27|35|22|25|35|30|48|43|68|51|62|65|65|55|62|72|66|49|69|70|83|76|69|70|82|71|74|72|70|86|66|74|73|65|80|63|82|58|65|54|76|75|64|68|83|66|90|97|75|78|91|64|66|79|51|50|55|55|49|44|55|64|53|53|54|54|
2011-04-25|2|1_CTs|ct5||78|83|61|47|50|60|49|45|27|30|24|29|22|37|25|24|24|18|21|20|24|30|25|33|24|17|22|30|21|33|27|25|33|40|43|47|71|81|99|84|78|97|98|103|88|122|114|80|94|121|118|122|124|115|97|111|107|138|128|109|102|95|120|102|114|15|0|0|1|1|2|0|3|6|77|119|154|137|130|114|128|118|120|102|85|95|89|87|95|76|94|104|81|93|82|85|
2011-04-25|2|1_CTs|ct6||62|69|56|40|39|39|43|42|20|28|25|16|22|26|20|22|23|18|22|17|18|31|28|28|22|20|27|23|16|26|20|19|20|29|34|28|41|31|54|45|33|0|1|0|0|0|1|2|52|80|63|56|50|66|54|51|67|72|57|21|0|0|1|2|1|0|2|1|0|1|10|9|12|87|96|66|73|88|86|67|74|69|72|67|63|68|57|62|61|48|73|70|74|63|59|62|
2011-04-25|2|1_CTs|ct17||82|57|53|38|41|36|34|30|17|20|27|17|15|13|10|8|13|10|9|6|7|9|7|14|6|13|15|16|12|20|21|22|21|42|33|48|50|45|66|63|59|59|58|51|44|40|54|54|61|87|77|84|83|75|69|74|80|84|92|84|87|79|98|86|79|28|22|7|8|7|7|12|11|11|62|84|92|99|87|69|82|66|82|76|86|59|59|68|67|60|53|51|52|58|46|43|
2011-04-25|2|1_CTs|CT19||41|27|41|20|31|19|32|23|21|18|22|16|15|12|10|9|8|6|5|9|3|7|7|10|9|7|11|12|10|13|13|15|20|26|18|25|30|41|44|38|49|47|48|35|43|32|38|39|42|58|60|66|50|64|52|54|54|66|60|66|47|64|63|48|46|35|24|26|17|19|27|36|14|27|54|72|81|83|65|59|69|51|61|57|68|35|38|47|52|40|36|33|39|37|47|38|
2011-04-25|2|1_CTs|CT20||38|41|38|43|26|31|26|33|29|31|30|21|19|28|26|18|22|7|11|20|12|9|4|9|6|8|8|17|13|8|13|21|12|19|17|17|18|24|30|35|37|32|42|30|44|45|49|51|41|56|56|42|40|54|31|49|49|41|50|64|67|67|65|67|66|87|61|78|73|79|70|78|67|77|69|68|68|62|50|63|64|61|56|53|48|48|44|44|50|39|51|32|45|32|33|37|
2011-04-25|2|1_CTs|CT21||19|24|18|16|14|18|9|14|10|9|11|9|7|10|10|10|10|4|5|4|5|5|3|3|1|2|4|5|4|4|8|6|8|5|6|12|15|14|19|24|31|22|30|31|29|36|35|35|31|43|31|35|23|36|25|32|33|26|34|33|38|36|38|40|33|46|37|41|35|26|36|43|30|35|45|32|36|41|28|33|29|33|30|34|27|33|27|24|23|18|22|21|25|19|17|14|
