2011-06-01|6|1_CTs|CT1||4|0|0|0|1|0|1|1|2|1|1|0|2|0|2|1|0|0|2|2|4|3|5|5|13|14|6|5|6|7|12|13|67|65|40|26|20|13|13|13|8|6|5|6|5|6|6|6|3|8|8|9|9|37|20|9|6|6|8|2|9|6|8|7|12|16|8|12|3|6|9|7|4|16|11|4|5|4|2|10|6|3|2|2|2|3|1|1|1|0|11|19|11|1|2|3|
2011-06-01|6|1_CTs|CT3||16|11|10|20|15|11|4|1|3|6|4|6|4|3|1|2|9|8|16|6|23|36|27|33|41|48|59|52|54|71|71|100|98|117|156|157|113|108|102|69|72|62|61|49|61|43|59|62|49|59|57|62|68|53|55|59|67|46|66|49|54|62|62|72|51|59|65|66|95|67|86|77|92|73|55|54|63|45|50|61|48|47|45|35|31|26|25|29|29|46|40|40|23|28|27|30|
2011-06-01|6|1_CTs|CT4||7|6|6|7|1|8|4|6|0|1|1|3|1|3|2|1|0|1|0|2|1|2|1|1|2|3|3|5|5|12|18|19|68|35|34|43|31|23|17|26|29|17|26|27|26|20|28|34|26|24|30|26|44|22|36|12|30|18|32|32|31|29|38|29|25|29|41|40|45|43|39|48|47|42|43|51|48|44|36|40|30|32|22|35|25|26|12|21|16|12|14|13|8|11|13|6|
2011-06-01|6|1_CTs|CT5||23|8|16|15|22|14|19|5|11|5|6|9|2|10|5|7|3|10|7|5|7|6|7|19|8|18|22|23|15|34|33|51|79|97|109|129|116|88|81|73|86|78|78|70|79|71|76|82|59|85|81|75|62|77|72|69|73|53|99|92|81|93|73|78|78|66|56|43|79|59|67|78|78|96|93|54|79|70|71|56|43|47|56|44|41|25|29|32|28|26|16|33|26|19|17|29|
2011-06-01|6|1_CTs|CT6||27|20|13|14|9|13|10|4|4|4|7|5|4|4|4|3|3|3|3|6|10|9|6|13|10|23|23|24|30|48|67|117|139|196|188|217|170|171|130|134|122|115|104|115|103|103|105|92|100|99|106|119|103|110|102|96|113|123|127|114|118|99|118|97|100|106|120|131|139|126|114|141|126|134|132|140|116|131|103|113|105|118|121|83|112|79|80|71|69|79|73|59|50|60|46|33|
2011-06-01|6|1_CTs|CT7||8|6|4|3|2|3|1|2|2|0|0|3|2|3|0|3|2|4|1|2|0|1|0|2|2|6|7|11|7|13|19|29|35|39|52|41|46|31|29|29|25|23|20|30|27|21|19|26|18|25|26|32|30|28|23|27|30|16|37|22|26|27|18|22|25|30|27|34|37|36|33|41|29|37|36|31|30|22|20|22|20|23|20|20|21|10|8|14|12|7|10|8|8|3|10|7|
2011-06-01|6|1_CTs|CT8||53|45|49|26|31|21|25|14|12|12|16|11|18|12|5|5|6|6|7|11|8|12|23|24|27|29|41|61|84|126|176|218|258|227|219|196|234|213|222|205|189|174|152|143|159|172|138|143|161|153|148|140|166|160|155|150|172|162|188|168|159|159|147|161|133|144|173|166|160|168|203|184|205|221|189|184|173|183|158|183|145|141|135|158|105|86|101|128|81|103|118|94|91|83|78|66|
2011-06-01|6|1_CTs|CT9||42|46|41|28|29|26|26|13|22|17|6|5|18|18|9|4|7|4|8|11|18|14|31|39|41|54|53|66|102|136|221|297|350|366|417|403|334|340|300|243|228|200|211|192|183|174|192|209|199|193|205|209|226|228|214|223|229|233|199|260|224|218|222|217|220|230|248|259|266|316|341|365|312|319|299|274|261|289|219|224|215|197|161|142|155|130|122|132|120|121|108|81|112|100|77|73|
2011-06-01|6|1_CTs|CT10||35|24|21|29|35|19|13|12|11|12|10|8|13|6|7|6|5|3|8|4|8|8|13|19|29|34|49|49|66|84|122|172|177|181|180|239|177|210|173|208|159|139|158|145|134|179|168|148|170|156|180|164|162|152|122|133|139|157|160|173|163|183|160|196|176|202|189|189|232|239|213|238|234|237|226|225|219|194|221|163|165|179|150|140|100|103|99|88|73|79|68|63|64|46|48|42|
2011-06-01|6|1_CTs|CT11||38|33|31|17|16|16|15|9|12|8|12|5|8|7|4|3|6|8|5|10|20|25|23|39|33|31|69|100|130|176|254|330|331|309|355|308|372|304|257|262|234|196|177|183|160|169|192|185|191|160|208|218|202|176|203|192|196|187|195|194|203|193|196|156|205|237|227|182|193|220|229|212|232|229|194|218|203|193|146|139|163|164|125|122|106|104|82|74|81|78|45|24|63|46|45|50|
2011-06-01|6|1_CTs|CT12||56|25|33|29|22|22|14|13|9|11|10|8|13|13|16|9|6|6|4|8|12|18|12|23|25|38|53|51|77|93|149|185|208|260|281|310|291|258|219|207|189|147|135|142|147|146|167|159|167|163|206|191|191|206|160|147|158|167|189|182|197|172|195|183|216|212|279|250|254|303|273|276|288|309|308|276|280|239|204|194|204|209|174|140|115|125|114|98|78|84|78|69|69|52|46|51|
2011-06-01|6|1_CTs|CT13||9|9|11|6|5|10|6|0|6|1|1|2|4|4|5|0|0|1|1|6|3|8|12|13|14|14|17|22|24|37|43|57|72|57|73|83|59|67|72|39|54|35|46|31|39|45|33|46|41|40|35|34|37|44|37|48|45|47|34|56|42|48|43|45|37|39|48|52|35|36|49|50|51|40|42|33|35|38|30|30|37|47|31|27|28|25|19|35|14|21|21|19|20|17|21|13|
2011-06-01|6|1_CTs|CT14||29|22|21|23|17|22|11|11|5|8|11|8|7|8|8|8|3|3|1|4|10|10|15|13|21|24|24|26|30|42|63|74|92|102|105|109|116|127|119|101|75|88|85|84|96|114|94|94|140|110|114|91|100|125|109|103|108|92|146|98|108|118|133|101|121|133|147|125|169|158|159|156|150|152|176|144|163|143|153|132|107|135|112|92|68|87|72|73|59|69|72|59|54|51|27|40|
2011-06-01|6|1_CTs|CT15||16|17|20|12|11|5|7|8|6|1|0|6|8|8|6|5|7|3|4|8|7|15|11|12|21|27|35|32|53|71|109|147|192|229|214|190|150|160|108|109|101|94|80|84|68|55|64|93|70|66|86|95|86|84|49|78|95|78|95|88|74|70|89|74|66|102|94|85|110|84|137|92|92|108|103|90|80|86|69|80|68|70|62|46|59|32|39|26|34|28|36|28|26|21|20|22|
2011-06-01|6|1_CTs|CT16||37|43|28|23|29|23|15|10|11|14|9|11|9|9|2|7|6|10|9|5|7|19|16|22|31|39|55|87|93|111|180|231|294|283|297|273|291|255|246|251|238|183|190|197|198|171|219|187|189|197|209|199|194|185|191|191|185|166|194|207|191|209|179|196|184|229|242|219|224|228|234|235|219|258|242|219|248|200|199|181|167|160|166|162|128|119|93|104|81|97|65|70|94|52|60|50|
2011-06-01|6|1_CTs|CT17||12|9|7|6|7|7|11|6|5|2|5|3|8|11|6|1|2|1|3|4|2|4|10|2|11|12|13|9|22|18|34|49|50|37|49|50|50|43|62|47|40|40|37|32|38|32|36|25|30|44|40|31|43|37|30|33|31|31|26|39|51|34|35|39|48|32|45|40|45|33|48|46|48|52|49|49|54|49|52|46|43|45|36|25|23|24|17|24|23|19|10|17|10|13|9|13|
2011-06-01|6|1_CTs|CT18||60|61|59|40|41|35|39|24|26|20|14|17|12|22|9|15|13|16|15|13|14|19|28|38|31|46|59|77|82|126|187|268|304|257|235|221|224|219|290|295|292|259|238|234|236|229|258|228|224|235|228|248|208|231|213|233|260|215|258|264|254|254|244|272|237|256|295|263|275|273|291|312|292|320|317|289|280|279|238|243|242|218|217|199|175|145|139|152|133|135|114|118|120|98|78|89|
2011-06-01|6|1_CTs|CT19||61|34|36|24|19|28|16|16|13|9|9|14|7|17|9|7|10|4|2|7|4|5|10|7|13|12|12|15|30|42|64|96|173|184|141|185|188|157|149|152|157|121|131|133|142|139|142|132|129|151|142|135|178|164|131|134|122|148|132|153|155|144|143|154|151|163|220|181|185|212|215|214|212|230|206|234|234|193|196|174|160|160|145|119|111|117|79|84|88|63|68|74|68|65|69|31|
2011-06-01|6|1_CTs|CT20||31|23|13|15|10|4|14|7|6|4|1|4|4|8|4|4|4|3|6|8|10|11|11|20|20|19|34|37|37|55|81|94|133|152|170|148|106|139|127|124|66|85|117|127|151|84|49|116|61|10|24|101|22|87|60|113|100|108|106|97|34|96|92|45|70|128|142|104|28|129|144|136|140|52|77|82|52|145|107|4|66|110|63|53|40|66|4|66|35|29|68|53|55|37|32|29|
2011-06-01|6|1_CTs|CT21||65|52|57|53|43|21|19|22|14|12|11|19|17|18|17|18|19|13|13|22|27|34|43|45|51|71|96|124|172|213|286|324|353|387|392|371|352|333|350|280|269|280|263|232|218|231|221|232|249|239|253|237|213|230|225|231|246|248|261|245|246|245|256|237|257|238|266|251|261|255|313|251|279|246|289|248|230|239|230|201|178|146|162|169|124|143|132|125|124|168|120|109|114|113|107|90|
2011-06-01|6|1_CTs|CT22||105|112|65|72|44|49|40|45|33|28|24|21|31|27|22|23|22|27|29|27|46|46|52|59|72|83|95|96|117|165|182|218|263|274|338|326|253|296|270|280|219|254|275|269|239|237|293|269|261|298|250|291|292|244|293|273|236|278|287|270|268|269|296|277|285|295|342|307|353|409|393|403|337|407|395|375|350|337|339|359|287|294|251|216|201|193|181|161|205|184|176|158|146|142|151|138|
2011-06-01|6|1_CTs|CT23||69|67|60|53|36|22|30|20|16|15|23|15|15|19|17|12|10|10|15|15|18|27|40|46|43|58|81|93|113|210|274|345|386|343|398|361|379|358|333|323|293|275|277|203|231|239|242|226|244|245|283|249|259|225|256|253|283|281|305|263|281|257|253|276|243|251|255|317|301|307|291|354|345|359|361|301|288|298|300|263|236|243|224|215|172|169|146|187|137|156|168|147|127|108|116|107|
2011-06-01|6|1_CTs|CT24||83|68|58|56|37|40|23|33|24|28|24|17|12|25|18|20|19|18|19|17|27|14|29|46|42|48|74|96|124|153|180|221|234|329|294|349|317|346|311|325|264|266|239|244|249|256|274|245|293|314|290|279|284|261|255|252|256|272|283|237|293|289|286|286|293|301|373|336|351|336|365|380|404|388|389|385|402|356|370|332|339|282|252|220|222|182|156|147|143|150|139|138|154|131|107|98|
