2016-07-08|7|1_CTs|CT1||42|41|29|287|22|24|25|21|271|15|16|18|15|15|13|6|11|7|15|19|18|274|10|15|22|24|29|37|293|61|96|368|133|149|172|175|399|154|161|167|126|124|129|119|120|101|108|116|117|139|98|124|100|105|356|363|625|366|105|120|126|122|116|129|119|124|368|372|127|135|138|141|119|128|134|383|104|372|372|357|97|103|86|341|340|321|84|62|69|66|55|67|57|49|305|58|
2016-07-08|7|1_CTs|CT2||55|54|557|31|15|2|14|62|0|0|2|16|17|1|1|2|206|510|178|353|280|238|246|499|221|355|636|524|849|544|91|497|698|607|754|1134|2675|1791|1071|3292|2182|1291|1215|2889|1116|3457|3311|1043|1169|155|237|160|121|101|98|172|157|407|159|115|201|244|598|297|376|96|678|692|414|729|357|417|452|296|340|177|108|79|336|73|64|97|129|132|363|114|118|93|97|422|170|40|73|55|59|86|
2016-07-08|7|1_CTs|CT4||78|561|316|35|32|17|27|10|28|19|13|15|29|14|17|17|18|8|11|9|11|8|3|6|7|4|4|7|18|9|14|25|34|40|43|45|62|52|43|44|47|23|38|40|33|53|43|41|62|56|60|52|48|48|40|48|45|47|47|43|49|49|61|56|71|95|71|616|101|375|102|105|114|89|90|104|76|83|49|62|76|56|43|304|42|38|300|29|27|40|53|47|33|44|36|61|
2016-07-08|7|1_CTs|CT6||39|302|288|28|28|27|23|31|12|15|6|4|6|11|262|10|31|250|9|8|9|3|8|9|10|5|21|20|20|29|47|66|83|130|106|119|378|106|84|122|82|126|350|104|100|121|107|105|110|118|136|109|98|85|339|109|358|90|101|107|103|119|907|122|131|122|156|399|169|149|151|156|423|403|169|421|126|134|134|115|105|73|103|94|82|56|330|48|70|56|52|45|45|40|37|32|
2016-07-08|7|1_CTs|CT7||292|45|25|16|23|13|20|15|9|17|9|12|10|18|264|11|16|28|9|8|10|16|15|56|21|12|26|27|34|52|64|76|76|113|106|141|113|104|100|114|134|90|111|104|106|102|104|378|124|139|99|104|97|108|364|99|115|97|121|98|103|377|367|131|120|119|654|137|120|171|178|427|181|178|147|437|175|132|114|114|114|97|93|83|335|56|61|65|312|57|49|65|59|87|27|50|
2016-07-08|7|1_CTs|CT8||133|117|108|89|77|39|40|40|42|48|51|28|35|30|36|21|300|43|43|63|63|89|112|122|100|134|147|218|480|797|349|409|443|706|462|419|415|377|655|433|391|395|376|664|625|373|398|624|583|353|353|379|326|317|395|310|859|319|871|644|354|394|877|371|623|375|892|874|439|655|458|649|665|425|459|641|394|312|564|568|260|310|252|302|261|212|181|472|223|220|214|151|174|197|395|222|
2016-07-08|7|1_CTs|CT12||66|72|38|40|39|32|27|27|19|20|5|11|7|14|16|18|12|14|11|17|17|16|10|23|9|272|23|34|46|54|64|98|112|168|196|202|203|164|179|156|163|204|449|176|447|180|193|167|199|175|194|208|207|156|425|176|433|172|171|181|201|180|471|223|474|226|477|233|284|298|523|320|323|821|289|565|229|508|250|226|471|187|191|397|656|110|117|102|98|100|102|81|70|71|78|74|
2016-07-08|7|1_CTs|CT13||14|21|11|14|10|5|6|4|2|4|5|6|5|6|2|4|5|1|1|3|8|7|3|1|6|4|5|14|13|20|28|26|35|44|40|51|42|50|285|45|307|49|305|46|44|46|43|567|559|69|45|46|48|42|42|40|34|40|51|54|293|56|55|50|51|57|331|54|54|313|79|66|57|60|66|79|330|57|50|51|43|40|45|48|295|292|33|31|28|28|13|32|27|29|269|20|
2016-07-08|7|1_CTs|CT14||199|168|136|111|96|85|83|69|55|67|71|40|321|46|37|57|51|51|70|60|322|86|83|97|101|98|119|124|418|210|255|296|376|403|428|501|757|456|383|378|632|398|630|380|376|335|383|393|913|406|661|405|372|378|602|639|395|644|406|471|413|722|752|477|497|790|567|547|621|974|682|644|702|696|676|582|589|532|528|526|738|484|416|356|286|262|535|241|239|232|234|189|207|202|792|330|
2016-07-08|7|1_CTs|CT15||39|35|21|25|29|22|23|21|269|21|18|6|12|11|11|9|9|6|6|13|8|12|9|8|10|8|15|28|25|30|59|65|88|145|129|126|353|64|348|89|316|81|321|63|62|52|77|84|344|75|91|74|69|63|73|331|66|78|86|95|99|83|84|95|79|118|376|126|118|144|176|432|157|375|101|115|98|110|81|78|70|65|57|61|36|50|32|45|47|55|42|28|43|34|28|49|
