2015-08-21|6|1_CTs|CT1||0|2|1|2|0|1|0|1|0|0|0|1|0|0|0|0|0|2|1|1|1|2|2|4|2|2|0|2|2|0|4|10|7|7|10|9|3|9|8|2|8|3|4|6|6|6|3|2|3|5|6|2|2|4|3|5|7|4|1|5|3|2|1|12|261|1|5|3|8|4|0|4|6|3|3|6|4|4|3|3|2|4|3|1|3|1|0|1|1|0|0|1|0|0|0|1|
2015-08-21|6|1_CTs|CT2||0|0|0|0|0|0|0|0|0|0|0|0|0|0|0|0|0|0|0|1|0|0|0|0|0|0|0|0|0|0|0|0|0|0|0|0|0|0|0|0|0|0|0|0|0|0|0|0|0|0|0|0|0|0|0|0|0|0|0|0|0|0|0|0|0|0|0|0|0|0|0|0|0|0|0|0|0|0|0|0|0|0|0|0|0|0|0|0|0|0|0|0|0|0|0|0|
2015-08-21|6|1_CTs|CT3||15|11|10|6|3|9|4|4|0|1|2|2|0|3|3|7|14|17|13|17|26|235|24|27|29|40|26|33|300|42|43|39|54|54|291|269|11|1|13|13|28|34|37|491|45|43|41|30|37|44|278|36|29|280|18|30|31|22|32|26|41|29|44|42|40|53|38|47|42|35|59|39|37|40|53|45|40|38|263|31|37|35|27|25|30|24|16|21|242|18|14|14|26|14|19|8|
2015-08-21|6|1_CTs|CT4||7|7|2|5|4|6|2|2|0|2|0|0|1|0|0|2|2|0|0|1|0|2|1|0|2|2|2|4|6|4|6|8|7|9|15|10|14|269|14|19|19|20|18|20|11|254|21|22|12|18|15|16|258|20|15|11|15|22|19|14|13|15|27|16|19|22|24|20|21|22|27|27|32|25|281|17|19|231|22|14|9|22|14|16|11|253|9|12|249|8|6|13|7|7|8|262|
2015-08-21|6|1_CTs|CT5||20|16|15|18|13|13|9|9|7|7|262|7|8|7|4|4|3|4|5|2|3|4|5|10|12|6|9|275|9|19|24|31|28|55|51|52|53|48|50|51|56|55|49|305|45|318|53|310|78|53|57|47|65|44|49|49|39|61|49|44|288|44|54|308|56|59|315|50|59|60|58|289|324|55|54|57|53|278|49|48|51|44|555|32|36|281|28|24|25|26|23|274|14|16|14|20|
2015-08-21|6|1_CTs|CT6||17|17|12|8|6|12|5|6|7|3|3|7|4|6|1|0|6|5|4|11|9|8|12|11|9|254|15|11|18|40|47|55|57|80|75|122|336|351|86|68|75|73|80|88|69|80|77|62|77|60|82|301|293|312|62|297|61|68|87|79|58|334|64|64|302|318|77|83|75|94|84|74|95|82|80|61|69|81|61|122|51|77|306|59|46|39|43|38|247|31|30|34|23|29|12|18|
2015-08-21|6|1_CTs|CT7||6|6|3|0|4|5|4|3|2|1|2|2|3|2|0|1|1|3|1|1|0|1|3|3|4|5|5|8|8|15|13|14|19|17|28|26|17|24|26|20|21|15|17|18|25|285|20|23|17|14|22|23|273|18|24|11|19|21|24|15|16|18|15|18|16|25|13|15|23|17|22|18|24|32|27|28|279|13|17|22|17|16|11|20|15|10|13|11|4|11|7|7|5|7|5|6|
2015-08-21|6|1_CTs|CT8||39|42|39|28|18|22|35|21|182|76|10|12|26|29|3|6|11|9|11|7|8|12|16|29|16|216|32|283|52|83|118|364|629|384|307|512|169|179|168|158|338|404|123|378|123|125|124|361|130|359|416|135|378|116|121|105|113|347|369|117|134|128|132|136|370|125|144|128|153|407|413|168|419|183|192|174|357|408|355|142|609|117|112|111|81|325|554|85|71|76|62|62|282|74|74|56|
2015-08-21|6|1_CTs|CT9||54|37|32|29|30|24|11|14|15|5|19|9|6|10|9|12|8|10|15|15|18|12|28|34|28|50|35|57|54|87|137|119|147|418|176|193|452|455|155|142|149|153|167|139|146|160|137|149|136|411|418|656|155|153|145|104|129|646|445|201|138|139|159|161|401|148|427|156|145|154|190|413|692|712|183|161|129|140|141|118|625|107|353|91|76|82|69|338|86|73|65|58|66|69|309|54|
2015-08-21|6|1_CTs|CT10||28|20|16|15|9|8|10|14|5|13|265|9|6|4|3|2|5|1|4|5|8|9|12|17|25|17|26|278|41|49|303|68|69|89|498|232|110|354|114|97|96|108|101|102|108|88|102|370|98|110|105|331|98|109|343|90|84|103|113|91|113|120|114|96|124|147|126|114|193|466|203|493|247|286|273|255|734|224|167|147|94|103|580|80|64|61|52|57|44|45|38|37|40|35|531|27|
2015-08-21|6|1_CTs|CT11||30|26|25|17|18|7|6|11|10|6|10|9|8|5|2|3|5|10|3|7|9|13|17|30|20|42|298|54|71|113|142|433|187|193|222|224|700|178|155|180|149|169|150|389|137|370|128|138|119|409|374|123|145|362|373|375|122|392|649|149|368|131|410|388|385|384|143|389|155|119|414|128|129|121|126|109|360|81|86|104|380|108|369|348|100|82|63|58|46|44|39|43|33|47|25|39|
2015-08-21|6|1_CTs|CT12||45|41|20|20|13|21|17|16|11|13|5|11|6|3|2|6|2|5|9|7|6|15|16|19|20|19|32|42|40|66|327|87|112|131|140|171|133|142|116|138|112|148|116|384|135|106|131|125|108|125|120|615|390|105|112|109|108|140|126|114|124|139|156|128|397|159|145|412|248|212|497|514|266|583|267|540|257|727|176|159|143|400|91|342|95|91|59|56|56|53|40|45|48|38|37|42|
2015-08-21|6|1_CTs|CT15||25|26|18|18|261|20|12|10|8|12|9|9|14|12|9|11|13|14|14|21|14|19|27|39|36|30|29|48|57|71|339|343|104|632|135|124|126|129|129|96|106|114|98|85|88|102|90|75|86|96|110|113|96|82|78|98|88|99|104|95|309|88|98|92|85|327|94|344|97|91|98|111|103|132|363|92|78|569|73|64|64|71|74|72|68|46|43|40|40|48|36|42|45|45|36|30|
2015-08-21|6|1_CTs|CT16||32|29|24|12|21|12|16|15|9|9|13|9|9|8|1|3|9|7|3|6|6|264|8|25|24|22|31|42|56|77|111|152|123|164|193|201|153|431|178|164|147|147|391|397|143|142|138|146|124|403|138|388|134|128|120|118|116|386|391|128|403|148|141|129|400|147|156|133|134|144|408|145|161|149|161|157|137|363|119|373|380|111|392|107|105|331|88|85|55|59|57|313|42|54|36|36|
2015-08-21|6|1_CTs|CT17||46|29|15|22|21|292|27|19|14|10|268|9|4|6|4|9|2|10|11|6|1|9|8|5|9|261|9|16|18|27|42|39|42|63|69|91|363|102|92|92|89|336|94|355|85|86|121|376|87|357|96|342|359|90|85|331|84|84|87|338|119|349|117|101|320|63|329|335|105|96|131|138|95|77|102|106|632|110|642|93|371|91|330|77|61|70|310|62|61|294|53|48|57|35|50|44|
2015-08-21|6|1_CTs|CT18||54|51|53|39|19|28|36|21|18|13|277|13|13|21|8|7|14|10|17|9|10|10|13|27|38|24|290|308|64|80|374|402|143|156|217|214|195|683|464|173|456|447|178|434|154|422|179|420|197|169|179|152|411|156|144|165|388|427|165|402|173|159|159|172|446|147|185|170|178|175|183|411|733|200|194|202|190|196|160|179|405|136|645|368|121|121|112|106|85|88|88|338|85|81|68|314|
2015-08-21|6|1_CTs|CT19||39|32|25|25|18|25|22|13|18|12|14|6|4|11|6|9|10|9|4|7|6|6|8|3|6|8|14|13|22|28|31|48|48|572|67|78|98|98|87|101|90|99|99|94|97|338|101|116|108|115|116|616|102|84|346|558|101|314|85|103|102|103|102|96|96|103|106|127|120|117|118|405|158|382|153|126|143|392|143|114|110|101|325|91|76|66|63|53|312|48|297|45|301|38|45|45|
2015-08-21|6|1_CTs|CT20||281|24|18|16|7|11|6|7|3|8|10|4|1|8|6|7|2|3|6|3|3|6|8|8|12|15|18|277|23|39|298|36|54|66|335|92|103|88|331|60|101|93|103|92|103|54|93|14|92|102|109|98|39|61|67|334|96|328|352|71|94|82|97|37|337|111|95|93|80|46|354|342|24|34|61|36|87|81|80|71|80|21|63|27|22|19|59|35|16|49|39|61|32|30|20|18|
2015-08-21|6|1_CTs|CT21||75|64|293|287|32|37|26|265|178|94|23|17|16|15|11|22|31|25|495|28|42|47|50|46|59|97|548|84|372|172|479|462|216|491|266|533|273|501|498|273|464|233|232|397|179|200|181|417|172|191|180|424|166|190|170|422|181|182|197|204|224|209|213|177|652|203|671|217|200|432|202|196|200|185|434|196|194|179|383|189|408|279|497|137|158|142|339|103|118|113|83|341|108|333|119|80|
2015-08-21|6|1_CTs|CT22||82|341|78|331|65|82|67|45|39|37|28|16|25|28|30|27|57|34|281|44|44|50|49|52|57|66|70|330|82|106|140|132|155|629|445|222|459|204|222|238|457|205|226|211|212|229|234|466|487|224|216|227|202|460|436|200|217|202|210|213|709|260|245|254|244|294|278|547|311|359|350|332|370|842|620|323|572|572|309|282|264|230|197|194|166|160|131|130|131|150|127|123|131|359|375|116|
2015-08-21|6|1_CTs|CT23||65|57|53|37|21|36|42|24|30|23|16|16|25|29|6|9|18|14|17|20|13|282|25|38|33|41|295|63|103|111|190|454|224|275|286|263|201|262|242|236|436|221|432|171|189|191|197|392|192|177|744|457|210|173|190|185|198|202|461|198|197|202|209|221|191|459|458|486|491|228|258|241|279|533|267|705|753|249|208|207|208|163|155|149|126|377|110|139|119|328|90|88|108|108|99|88|
2015-08-21|6|1_CTs|CT24||61|78|45|32|45|46|37|29|22|224|261|24|17|24|7|13|16|12|20|22|17|21|21|32|37|38|57|537|79|112|129|150|168|439|229|269|460|455|198|228|461|197|192|194|219|220|213|179|235|444|184|192|195|187|165|637|207|189|457|189|412|188|226|248|475|247|481|244|280|344|625|364|398|437|381|383|842|325|325|494|460|213|171|399|392|118|375|94|113|370|110|104|92|100|332|76|
