2011-06-09|3|1_CTs|ct1||57|64|39|50|31|32|28|29|17|17|14|10|11|11|8|7|10|3|3|14|6|8|15|30|25|21|48|41|60|116|164|195|217|244|227|222|242|214|222|228|191|189|177|207|181|183|188|222|225|236|212|210|221|229|180|194|195|215|217|216|226|209|231|222|214|219|230|218|211|222|212|214|231|221|234|231|213|213|233|227|215|232|192|194|163|170|166|151|168|144|118|133|134|109|124|132|
2011-06-09|3|1_CTs|ct3||161|151|137|132|100|73|54|53|50|39|45|44|31|37|27|20|28|25|24|52|29|29|58|85|75|77|127|112|153|226|349|396|456|452|484|497|477|498|474|454|463|474|451|464|438|425|473|443|434|466|472|448|452|441|434|430|426|440|469|481|411|471|455|472|433|431|450|357|383|341|390|358|350|344|405|405|387|390|436|373|429|462|405|434|414|378|396|361|348|380|307|336|262|318|321|330|
2011-06-09|3|1_CTs|ct5||165|200|133|118|137|92|75|78|69|77|45|42|48|33|48|29|40|37|61|27|33|36|44|53|84|113|82|125|157|201|207|302|363|371|386|415|348|259|203|178|256|306|419|328|395|390|307|403|393|357|395|365|373|390|401|351|413|418|417|448|417|458|440|388|375|435|356|360|427|508|425|378|415|428|368|403|451|382|339|373|375|355|355|313|333|299|251|272|245|251|290|268|305|215|242|217|
2011-06-09|3|1_CTs|ct6||188|202|169|103|78|69|62|52|46|53|27|33|21|23|21|17|20|25|19|15|16|17|15|19|15|21|25|24|51|63|114|109|157|198|225|206|215|197|205|187|162|173|169|163|182|172|182|187|193|208|261|240|219|185|204|191|195|206|197|212|234|209|238|258|236|264|268|303|294|294|293|288|281|311|291|253|246|265|243|254|234|276|229|173|190|178|162|168|165|177|143|137|132|138|138|154|
2011-06-09|3|1_CTs|ct7||282|297|243|111|96|75|75|65|65|69|72|43|23|24|26|23|27|16|24|16|22|27|19|43|30|29|38|32|49|50|94|129|126|178|184|188|207|196|178|170|173|163|194|206|204|215|191|231|221|208|223|227|240|204|192|188|210|227|253|230|239|230|180|231|224|196|218|189|177|162|162|156|159|153|162|180|185|195|177|217|186|194|152|141|171|136|157|149|148|132|137|136|122|141|153|141|
2011-06-09|3|1_CTs|ct9||107|120|90|87|90|79|91|56|59|67|56|77|118|52|52|60|45|37|30|25|34|29|19|23|23|29|44|57|72|90|125|130|158|200|178|162|180|188|167|171|197|150|167|156|148|165|142|158|160|185|171|143|176|146|107|149|145|163|176|166|143|175|139|85|97|93|59|105|163|138|136|151|109|122|146|159|169|167|174|169|175|162|170|157|152|131|145|126|141|129|130|116|122|138|122|112|
2011-06-09|3|1_CTs|ct10||101|93|73|67|57|56|48|46|55|62|38|40|32|37|32|29|20|32|23|23|30|13|27|33|31|30|25|26|34|45|69|92|119|127|135|136|146|139|147|146|153|126|131|132|124|122|117|118|135|147|145|139|153|145|144|112|144|144|138|150|125|134|144|153|118|108|101|139|149|133|131|105|113|93|86|113|144|84|90|100|116|119|119|109|125|109|107|94|101|101|121|108|104|120|95|94|
2011-06-09|3|1_CTs|CT11||35|25|12|27|13|25|21|19|10|16|12|14|9|16|10|8|9|18|10|8|13|16|6|14|14|19|21|24|20|26|50|39|50|53|57|44|56|35|53|59|54|55|51|51|49|49|57|52|50|44|57|47|47|58|44|44|54|52|47|47|50|60|56|55|64|66|53|63|63|77|63|62|56|59|50|65|53|44|60|40|48|53|46|60|38|52|37|37|48|37|27|29|35|32|31|39|
2011-06-09|3|1_CTs|CT12||44|22|18|27|32|22|23|23|30|25|21|20|21|17|15|20|8|16|16|15|18|7|12|20|21|18|12|18|14|17|19|22|27|29|22|23|30|31|43|44|59|38|51|44|33|45|35|38|44|57|39|38|36|40|45|40|53|47|45|41|45|33|33|40|50|39|40|40|38|33|33|39|43|25|39|35|41|39|42|32|37|41|33|42|35|54|33|26|32|46|37|44|30|45|32|40|
2011-06-09|3|1_CTs|CT16||26|34|30|25|24|30|25|20|17|21|21|19|15|17|6|16|6|9|10|8|3|4|6|5|7|12|7|11|10|16|17|26|32|48|52|60|45|52|57|56|48|42|51|46|40|40|60|60|57|69|44|52|41|50|36|49|47|54|50|53|64|53|59|71|81|74|74|79|72|74|85|77|78|85|72|68|62|62|41|37|53|50|48|22|8|3|3|1|3|4|24|33|28|29|22|31|
2011-06-09|3|1_CTs|ct17||99|107|96|73|67|66|37|41|42|40|36|30|24|29|22|27|18|27|30|34|33|18|30|39|42|39|33|57|65|89|164|259|337|360|341|251|384|336|373|328|324|283|265|219|264|257|257|245|239|249|271|247|265|271|234|207|283|291|237|276|255|256|291|288|257|296|274|242|257|316|312|272|211|278|228|219|251|242|264|212|245|205|210|227|204|177|190|161|165|184|146|147|166|174|142|112|
2011-06-09|3|1_CTs|ct18||154|123|116|101|89|73|73|63|77|71|55|46|42|47|36|42|27|41|33|32|35|24|34|36|44|49|44|46|84|93|121|166|195|200|218|235|232|227|243|227|230|191|184|187|197|176|190|169|169|200|201|233|170|194|178|158|206|201|203|216|185|193|200|204|150|218|118|155|187|164|172|167|213|126|129|133|233|176|162|181|201|177|176|167|169|175|163|154|139|167|144|165|153|165|139|137|
2011-06-09|3|1_CTs|ct19||1|1|1|1|0|1|0|0|0|0|0|0|0|0|0|1|0|3|0|0|0|0|1|4|2|11|10|4|9|10|8|12|9|16|11|6|9|7|10|10|8|8|7|9|7|5|3|6|8|5|6|9|13|4|8|3|4|8|5|7|5|9|10|7|6|5|9|8|17|3|9|11|4|5|8|20|6|12|9|5|7|5|6|7|3|6|3|1|5|2|1|0|5|2|1|1|
2011-06-09|3|1_CTs|ct20||53|61|47|33|39|19|14|20|16|10|17|11|5|11|10|7|5|15|15|15|11|12|15|18|20|31|45|79|93|123|159|143|148|181|165|138|133|150|111|167|183|109|128|141|162|163|156|135|157|161|166|184|162|154|150|177|161|163|208|189|170|176|172|137|161|192|166|161|143|155|158|155|153|162|119|118|140|178|158|159|119|189|184|158|167|133|129|132|112|120|109|126|127|110|104|105|
2011-06-09|3|1_CTs|ct22||6|9|8|2|0|3|2|1|2|3|3|1|2|1|1|0|2|1|4|1|0|3|4|2|2|1|6|5|7|11|11|16|18|19|17|16|25|21|30|34|29|29|24|21|22|21|29|32|27|41|32|32|41|21|16|24|35|29|25|29|43|35|31|31|38|39|45|59|41|49|46|52|62|61|44|42|51|41|28|32|39|34|25|20|17|17|9|8|12|5|2|13|10|4|11|12|
2011-06-09|3|1_CTs|CT23||139|108|82|72|58|43|55|40|36|27|23|24|23|14|8|6|19|13|9|17|9|4|5|22|9|16|40|31|55|74|147|181|206|265|254|250|239|227|239|168|193|221|182|225|212|213|193|204|224|218|259|272|286|263|238|246|243|269|229|272|287|257|240|299|287|291|291|278|373|335|345|378|412|408|395|378|332|350|383|321|352|308|299|264|242|205|221|200|221|177|153|137|146|129|90|96|
2011-06-09|3|1_CTs|ct24||225|244|150|154|116|97|54|67|80|54|52|55|35|45|42|29|31|39|51|58|61|67|93|115|147|199|344|585|735|1014|1010|867|844|912|820|845|770|817|842|868|861|951|912|979|835|892|908|806|835|825|856|876|855|844|808|814|825|863|1014|915|868|883|832|895|860|841|891|821|777|730|800|820|889|914|792|882|935|865|767|727|716|756|690|669|625|567|495|506|469|442|446|450|394|368|362|353|
