2016-02-10|7|1_CTs|CT1||34|34|22|17|13|12|23|8|11|12|9|5|9|10|7|4|4|5|8|4|268|8|11|16|22|20|27|38|43|46|79|101|114|132|410|151|655|164|420|643|138|110|119|119|105|108|104|120|106|102|100|94|97|105|108|121|125|359|395|124|132|114|122|108|110|120|111|126|128|383|119|123|124|125|134|105|119|361|88|617|87|89|81|317|56|57|58|298|53|51|47|46|305|42|35|32|
2016-02-10|7|1_CTs|CT2||36|56|50|26|24|16|24|14|20|10|14|8|4|6|8|12|10|8|15|6|12|16|18|21|28|27|28|52|44|82|115|55|172|71|133|279|498|240|132|205|122|117|112|171|0|56|155|147|170|306|178|141|81|21|20|24|17|22|31|27|2|6|11|15|48|188|420|198|195|212|526|261|259|504|170|225|28|111|178|174|115|142|80|119|109|90|78|329|71|90|169|207|68|33|62|46|
2016-02-10|7|1_CTs|CT4||21|21|19|10|279|18|9|13|15|7|5|14|10|10|7|0|7|5|5|8|4|0|1|5|1|1|4|3|12|6|7|11|15|23|33|28|38|17|28|23|25|23|25|23|29|16|26|32|55|31|38|40|25|32|22|32|22|35|27|38|35|38|44|44|42|33|41|36|63|55|82|77|75|83|324|43|57|52|299|46|55|56|28|33|23|28|21|49|264|33|18|38|47|41|29|37|
2016-02-10|7|1_CTs|CT6||33|17|30|21|13|20|14|6|6|4|7|5|10|3|3|8|5|7|1|3|3|4|0|7|6|7|8|12|24|21|39|46|55|86|83|105|354|94|91|77|107|113|349|93|96|118|389|94|126|355|110|118|104|86|113|112|350|141|130|153|393|138|105|141|151|387|414|165|171|168|145|154|414|173|400|146|152|135|131|128|362|101|119|76|61|66|60|51|56|60|308|37|28|45|26|45|
2016-02-10|7|1_CTs|CT7||24|24|16|18|16|8|12|4|10|6|3|6|8|2|5|5|3|1|9|5|8|14|4|11|15|16|20|31|43|46|58|73|86|81|105|92|362|106|105|107|124|367|359|95|104|116|358|123|366|108|113|104|114|91|116|130|111|126|104|348|143|137|121|117|137|131|110|152|116|141|145|152|169|142|164|154|140|145|146|112|346|110|68|73|54|57|299|57|33|57|33|40|55|49|31|26|
2016-02-10|7|1_CTs|CT8||91|81|49|36|33|37|29|269|22|21|16|14|25|17|19|26|18|19|26|33|52|68|74|96|365|98|111|392|201|279|320|354|362|414|398|383|412|395|398|412|353|360|849|636|278|312|314|313|313|273|297|298|295|587|269|537|564|571|351|618|840|611|303|342|343|306|332|304|300|335|392|860|364|356|879|314|318|374|291|535|512|244|210|444|199|152|174|148|140|146|116|97|122|133|117|103|
2016-02-10|7|1_CTs|CT12||31|32|27|17|19|15|23|17|8|7|7|7|6|5|10|9|6|8|2|6|1|5|3|9|16|2|16|30|35|41|317|68|101|133|404|162|160|173|145|160|160|149|910|417|177|165|704|160|434|223|172|199|430|162|169|161|166|171|158|193|182|184|167|204|462|206|213|234|225|540|242|250|235|523|276|261|275|225|463|191|202|416|408|124|123|96|92|83|73|90|59|54|41|73|44|31|
2016-02-10|7|1_CTs|CT13||14|6|8|5|1|2|5|0|2|4|2|1|2|0|1|1|0|1|4|2|1|1|0|0|3|4|9|13|11|19|25|36|33|42|40|40|42|42|46|49|47|299|301|54|57|44|306|41|297|47|46|49|59|53|46|47|56|57|43|54|69|309|67|67|49|51|56|333|61|64|81|64|64|69|584|320|77|327|77|50|54|43|286|33|23|32|18|25|18|25|12|24|31|20|18|6|
2016-02-10|7|1_CTs|CT14||103|85|337|62|63|44|41|36|50|36|23|28|292|30|25|29|20|27|35|41|305|57|321|71|72|327|92|97|376|153|211|234|262|288|363|385|632|423|412|332|326|583|312|294|360|298|348|324|361|645|368|324|379|327|343|563|612|364|348|615|855|403|641|400|411|442|430|495|492|1342|575|793|856|844|556|498|485|481|423|1179|406|368|299|245|226|226|217|176|403|170|159|157|153|411|140|378|
2016-02-10|7|1_CTs|CT15||21|13|14|5|4|8|8|6|2|0|7|0|4|4|8|5|5|0|4|1|6|5|5|6|3|7|14|16|23|16|31|40|44|73|62|76|62|80|87|68|68|65|64|59|51|83|315|49|49|47|78|65|51|49|292|68|312|89|69|78|75|89|54|74|69|60|73|72|69|99|82|100|107|86|112|97|98|69|336|50|56|57|62|41|33|52|38|38|45|48|38|36|18|28|20|34|
