2014-04-07|2|1_CTs|ct1||48|35|33|21|12|21|19|13|9|12|7|6|5|8|7|7|10|8|7|14|21|21|26|29|32|48|47|58|86|93|123|116|139|165|169|187|194|199|187|187|197|200|214|194|164|182|200|185|178|195|189|205|186|195|165|158|145|222|200|209|215|180|190|187|179|176|185|167|171|162|166|173|186|161|165|174|151|148|154|170|138|156|131|132|116|121|109|99|88|95|74|96|87|79|58|53|
2014-04-07|2|1_CTs|ct2||34|28|21|11|9|13|3|3|5|10|4|4|8|5|5|2|4|2|4|4|7|15|16|13|15|18|22|20|20|33|31|43|43|49|48|57|66|80|78|81|93|106|104|94|73|80|95|66|80|66|72|106|94|73|73|68|72|103|86|96|102|94|93|83|83|100|97|89|98|85|67|85|82|87|75|90|78|61|70|81|60|74|63|64|67|69|39|48|43|35|36|49|45|34|42|29|
2014-04-07|2|1_CTs|ct3||65|56|36|31|18|22|12|12|12|17|5|7|14|8|7|14|16|6|11|12|15|23|18|40|36|37|42|54|62|88|101|114|103|129|139|147|150|165|146|162|171|189|184|160|181|174|202|182|170|180|172|176|169|163|149|155|155|194|210|207|191|199|189|174|183|176|187|176|183|188|154|173|182|177|192|196|169|158|165|165|143|153|127|137|103|113|119|100|83|93|104|93|66|79|65|64|
2014-04-07|2|1_CTs|ct4||45|45|27|20|12|12|25|14|12|11|12|2|4|7|8|6|7|1|13|9|8|9|15|18|28|22|26|26|43|35|54|79|90|104|126|118|93|107|106|110|96|77|118|130|128|104|97|123|114|131|125|148|105|102|94|90|100|97|108|124|122|119|136|122|112|127|102|121|84|97|97|101|89|100|119|105|95|84|87|104|90|85|107|93|80|71|83|90|73|69|66|64|46|72|46|49|
2014-04-07|2|1_CTs|ct5||89|78|45|35|28|29|32|25|20|11|18|8|10|10|11|7|11|13|13|13|16|12|17|27|25|33|40|30|51|38|74|100|127|151|182|180|171|182|158|168|173|177|176|206|194|165|166|200|230|188|175|219|211|176|158|137|181|149|163|160|212|209|188|198|182|210|164|205|169|188|161|195|165|183|195|173|167|142|117|156|140|110|159|129|123|99|99|112|123|97|99|126|113|123|95|87|
2014-04-07|2|1_CTs|ct6||20|19|13|6|9|8|9|10|5|4|4|5|3|1|4|3|5|6|7|5|3|2|10|9|14|8|14|9|13|15|14|19|27|16|38|29|22|38|166|501|209|119|123|143|147|121|137|126|147|153|132|146|140|131|127|118|132|119|158|141|146|163|169|151|178|188|165|142|171|152|152|154|140|147|146|146|121|129|127|131|127|519|309|33|35|37|32|27|39|26|28|24|26|31|28|17|
2014-04-07|2|1_CTs|ct17||64|72|39|36|34|27|24|14|20|22|12|10|12|13|6|7|18|9|18|12|12|26|29|45|38|47|44|53|70|97|110|124|151|165|170|176|208|192|211|212|219|239|154|141|247|192|225|227|219|212|196|229|207|188|184|183|193|205|201|228|234|220|201|247|274|205|231|219|197|218|190|216|221|210|220|234|225|181|176|187|186|176|152|160|129|147|128|118|119|111|102|109|71|99|73|68|
2014-04-07|2|1_CTs|CT19||35|36|14|8|14|14|12|7|2|6|4|3|4|3|0|6|6|5|3|9|3|8|5|8|9|20|11|24|39|48|56|68|69|96|77|95|101|113|82|98|104|118|71|122|118|96|116|115|133|124|106|107|97|113|87|82|83|127|106|132|136|127|128|132|108|129|128|111|111|135|132|109|120|130|137|120|115|114|91|100|122|81|81|77|79|68|70|64|61|50|67|67|45|54|46|47|
2014-04-07|2|1_CTs|CT20||44|35|31|19|22|24|26|17|13|10|12|6|5|2|2|5|4|6|10|6|2|9|5|9|14|11|17|24|22|26|43|66|57|77|87|91|110|103|96|92|96|77|34|64|78|76|84|72|80|77|68|67|85|76|74|68|87|70|72|79|84|77|78|82|84|84|80|83|87|83|81|84|84|82|97|82|87|99|86|85|78|82|73|64|66|54|54|64|45|38|35|47|54|49|36|41|
2014-04-07|2|1_CTs|CT21||23|14|12|11|8|5|7|6|3|5|7|3|3|3|1|3|1|3|3|3|2|3|1|6|6|3|6|8|11|15|22|43|29|46|56|68|79|69|72|64|64|55|46|38|51|56|39|56|47|58|45|24|55|45|53|37|59|42|56|43|55|52|42|53|60|46|58|52|57|62|57|53|64|54|58|54|47|57|45|51|35|51|46|32|38|31|24|39|21|20|22|23|38|26|27|21|
