2012-10-21|6|1_CTs|CT1||0|1|1|2|1|0|0|0|4|2|0|2|0|0|1|1|0|2|0|0|3|0|0|1|2|1|2|0|3|0|0|0|0|1|1|0|0|1|2|1|2|0|0|1|0|2|2|3|2|3|0|5|2|2|2|3|0|0|1|0|1|0|1|0|3|0|0|0|1|1|1|7|2|3|3|2|2|2|0|1|2|2|3|3|3|0|0|1|0|1|2|0|2|1|2|0|
2012-10-21|6|1_CTs|CT3||14|6|22|11|9|11|19|6|5|6|2|2|3|4|5|11|6|9|14|25|22|27|28|25|28|28|27|29|32|35|32|46|40|47|42|40|31|33|32|33|37|24|40|37|35|51|42|53|30|39|42|44|47|32|44|38|39|28|43|40|22|31|27|40|41|50|50|42|44|47|50|47|44|47|32|46|37|41|48|29|39|30|31|30|30|26|30|13|13|27|19|20|20|22|22|18|
2012-10-21|6|1_CTs|CT4||17|13|10|8|11|10|7|5|3|1|4|3|4|5|5|3|1|4|3|1|3|2|2|1|1|1|4|1|4|4|2|3|4|3|5|4|3|4|10|7|3|8|7|14|12|7|9|17|14|23|16|19|25|21|29|29|17|10|20|10|16|17|18|19|14|16|17|20|18|21|16|12|19|23|24|30|24|20|25|20|25|13|18|17|18|15|17|12|12|12|11|11|13|10|4|4|
2012-10-21|6|1_CTs|CT5||29|25|18|22|17|12|23|14|17|13|19|12|18|10|15|9|14|7|14|12|12|7|4|7|10|13|15|12|12|4|13|15|15|11|4|11|18|6|21|13|23|17|24|17|16|18|18|17|13|19|22|31|30|19|30|26|25|31|26|25|35|30|33|25|23|37|21|16|20|26|36|24|45|41|38|41|30|50|43|40|44|33|32|30|31|24|28|23|28|21|33|17|21|15|10|15|
2012-10-21|6|1_CTs|CT6||25|36|27|23|21|15|16|13|9|8|15|9|7|12|10|5|6|8|5|6|16|8|9|11|7|16|18|8|13|10|10|20|14|16|28|25|29|36|29|37|36|40|44|48|49|62|68|65|54|58|65|71|80|85|75|76|73|53|61|68|70|60|60|79|73|73|47|74|72|68|56|62|66|87|73|82|85|72|66|70|56|60|47|59|41|44|53|41|25|37|36|32|22|28|17|15|
2012-10-21|6|1_CTs|CT7||6|5|6|5|1|1|7|0|0|2|3|2|0|2|3|0|2|2|0|1|0|2|0|2|1|5|1|4|5|4|4|2|4|6|4|4|1|8|4|6|11|15|6|14|7|24|15|14|15|17|16|9|23|13|16|15|11|17|12|13|12|23|8|17|20|16|18|9|19|13|24|20|9|22|27|22|17|18|12|14|13|8|18|14|12|12|9|12|4|12|9|6|7|5|2|7|
2012-10-21|6|1_CTs|CT8||42|53|52|35|29|32|32|33|27|19|28|10|26|13|11|18|28|15|13|11|7|8|14|8|12|16|20|18|13|20|24|30|29|30|43|34|31|37|47|37|50|48|44|56|57|68|71|84|81|69|89|75|84|69|92|79|78|97|107|75|107|85|111|96|97|104|106|90|96|90|113|113|103|100|104|111|92|101|89|102|90|74|69|69|60|67|51|63|39|52|45|50|44|38|39|38|
2012-10-21|6|1_CTs|CT9||75|81|68|47|38|40|29|30|28|22|21|24|15|16|19|14|19|13|27|10|13|11|9|16|30|27|30|21|31|33|32|45|46|48|53|50|52|53|55|66|70|71|67|78|87|94|96|94|101|98|116|121|97|114|108|116|125|98|114|120|128|107|125|127|145|96|113|118|106|126|122|100|131|110|126|130|119|119|115|119|111|91|78|95|79|68|65|69|68|78|59|57|36|42|40|38|
2012-10-21|6|1_CTs|CT10||44|29|33|34|17|18|20|25|16|18|13|20|17|13|13|7|5|8|15|11|20|11|10|8|17|15|18|22|20|20|21|31|26|38|39|30|32|42|49|51|62|48|61|61|63|98|86|84|78|86|67|103|156|85|73|78|65|71|86|79|76|91|93|90|90|102|101|105|102|103|96|104|108|109|108|143|97|128|109|102|90|140|71|65|50|46|45|48|48|35|46|24|37|34|30|23|
2012-10-21|6|1_CTs|CT11||41|36|24|31|30|20|23|14|16|16|18|16|12|16|8|9|11|15|14|6|9|10|9|15|13|21|16|16|14|19|18|36|32|37|48|52|53|45|52|60|58|66|85|63|74|79|93|74|78|93|95|116|80|89|101|99|73|82|96|100|92|96|109|110|106|101|93|111|91|92|105|116|103|117|110|95|100|106|100|92|102|90|69|69|54|57|59|68|53|58|53|42|49|47|28|32|
2012-10-21|6|1_CTs|CT12||51|36|32|34|25|21|28|21|16|18|13|17|20|16|12|7|11|17|18|9|15|12|13|12|18|24|19|20|20|24|24|37|30|44|41|53|54|58|60|65|53|64|72|67|75|105|86|87|89|93|96|111|121|101|76|85|76|73|94|91|91|83|94|90|112|103|93|95|113|101|102|108|109|113|115|133|98|128|119|115|115|112|79|71|63|64|53|64|40|37|40|30|46|44|30|43|
2012-10-21|6|1_CTs|CT13||184|233|171|215|247|220|101|176|137|177|204|252|270|298|272|270|309|253|322|252|284|240|162|209|240|263|439|329|373|300|289|193|400|431|302|341|14|20|18|17|18|24|100|163|23|26|31|24|27|30|32|25|26|24|23|32|26|25|38|26|25|23|25|34|35|22|25|21|31|33|32|30|28|24|28|35|25|30|24|32|23|26|17|22|25|13|16|16|15|17|15|16|5|15|12|15|
2012-10-21|6|1_CTs|CT14||27|29|30|15|10|15|15|10|6|8|14|9|7|14|5|8|9|8|7|5|6|14|10|11|17|12|16|21|18|10|13|25|19|24|23|24|43|39|30|32|29|24|28|50|38|58|41|47|37|49|65|74|70|61|44|68|56|45|54|44|50|63|53|63|60|64|53|60|72|68|72|69|80|67|80|98|73|73|83|73|76|65|57|48|31|32|43|34|33|38|27|20|26|18|23|31|
2012-10-21|6|1_CTs|CT15||16|11|14|8|8|10|11|5|5|8|2|5|5|5|6|3|10|11|6|9|10|9|14|12|19|14|14|12|14|20|21|25|17|46|32|34|21|33|37|26|26|34|35|39|30|48|44|45|49|47|45|61|52|51|49|49|38|36|47|42|46|43|42|59|55|46|46|38|52|44|62|66|56|59|70|70|67|56|46|54|43|44|36|40|36|34|34|28|28|30|36|18|14|19|14|14|
2012-10-21|6|1_CTs|CT16||46|40|31|45|28|21|22|20|15|22|16|21|13|16|14|8|10|10|9|8|18|9|8|11|11|15|17|20|20|18|22|26|32|35|33|36|33|36|48|58|68|65|88|69|79|96|95|88|93|105|88|123|149|95|100|116|81|99|103|97|95|112|115|117|115|122|123|101|121|123|116|135|115|122|135|142|111|125|114|102|88|134|82|85|71|67|65|63|59|64|72|38|56|55|43|32|
2012-10-21|6|1_CTs|CT17||43|33|35|19|25|18|15|12|7|10|7|12|5|10|9|3|7|3|11|6|10|3|2|3|6|6|7|5|7|12|6|13|10|8|15|13|15|14|12|25|14|18|23|22|32|30|31|35|42|41|48|52|44|54|49|50|46|34|23|54|51|41|46|51|62|41|47|44|53|58|48|41|51|43|59|58|48|48|53|50|61|44|36|31|31|41|31|27|30|21|18|21|16|20|21|27|
2012-10-21|6|1_CTs|CT18||97|80|59|54|46|38|47|37|34|38|39|32|33|26|31|26|27|18|27|21|29|25|18|15|25|34|37|29|29|33|35|39|47|38|57|56|54|48|74|61|90|79|88|82|106|105|133|122|115|119|144|154|160|128|152|142|111|143|122|154|153|142|171|168|169|152|142|143|167|200|176|176|193|174|173|186|154|154|152|157|138|147|112|107|93|90|116|99|92|78|90|69|74|67|52|46|
2012-10-21|6|1_CTs|CT19||59|61|38|36|26|28|29|29|21|29|18|24|23|23|14|19|14|14|19|11|12|5|8|4|6|9|20|7|10|17|17|20|15|17|24|19|31|31|34|37|40|36|45|55|52|53|82|77|81|68|95|94|100|80|76|67|58|59|55|83|76|73|77|104|82|74|82|77|102|100|77|94|104|102|99|116|83|85|105|93|83|61|74|55|55|61|50|46|34|42|29|39|39|33|39|42|
2012-10-21|6|1_CTs|CT20||37|29|35|24|21|8|3|12|10|10|10|10|7|5|14|6|10|4|11|7|12|8|10|11|11|10|11|10|17|21|15|15|22|24|35|29|36|28|36|34|46|60|75|59|66|68|74|65|9|74|101|56|28|89|93|56|24|71|61|75|84|60|73|83|76|62|76|58|69|84|93|73|4|63|74|49|25|70|24|79|50|33|48|31|51|41|39|35|27|25|27|22|17|23|11|12|
2012-10-21|6|1_CTs|CT21||73|68|80|52|52|52|40|26|29|33|24|16|17|17|15|16|14|22|22|35|23|37|32|42|34|41|32|35|42|53|64|71|57|74|64|77|71|63|86|96|93|80|97|104|106|112|103|121|123|110|168|150|157|145|136|140|156|132|164|161|146|185|168|186|191|196|220|205|222|203|202|225|213|221|216|215|211|205|224|202|155|176|146|136|143|161|137|110|96|123|128|128|91|102|96|73|
2012-10-21|6|1_CTs|CT22||148|117|104|90|83|67|59|57|56|60|45|46|45|29|43|40|50|43|59|64|66|69|69|58|73|70|61|71|72|84|82|93|80|106|93|91|82|118|88|110|125|116|112|137|149|167|136|175|193|182|204|188|175|185|159|144|151|142|160|175|175|189|171|205|197|214|198|200|225|224|194|191|222|188|205|191|222|208|177|199|172|165|158|126|139|119|111|115|125|98|102|87|96|75|72|71|
2012-10-21|6|1_CTs|CT23||73|73|69|64|46|50|49|33|40|39|33|26|29|25|22|26|29|27|27|29|15|15|29|22|33|38|32|42|40|41|49|55|50|59|84|72|77|87|74|83|105|82|95|97|102|123|142|152|128|132|143|151|150|132|145|119|124|139|167|136|154|134|163|162|146|162|159|151|147|180|181|187|154|187|170|172|165|179|166|157|141|119|122|111|115|111|107|75|78|85|78|72|66|76|73|58|
