2011-05-06|7|1_CTs|CT1||23|36|30|21|24|15|21|17|22|13|16|8|10|10|5|6|4|5|9|6|10|10|7|18|16|26|36|26|38|54|116|148|227|224|192|220|227|233|219|200|180|160|182|140|153|157|164|123|129|137|160|129|171|131|129|125|141|158|177|153|166|151|166|149|158|190|158|182|159|164|203|185|160|183|196|168|160|132|151|147|126|139|123|108|101|76|71|66|67|60|72|57|39|58|52|42|
2011-05-06|7|1_CTs|CT2||58|81|62|62|55|40|45|33|46|26|17|29|21|14|16|8|23|9|10|18|32|27|28|29|42|57|70|77|68|144|122|228|237|336|298|378|310|356|223|241|191|84|238|221|174|164|183|193|255|215|229|270|225|250|212|279|165|229|281|244|274|240|279|268|253|133|158|173|253|329|322|325|299|323|283|313|229|268|271|270|223|211|203|211|211|171|154|141|160|123|146|144|172|196|245|231|
2011-05-06|7|1_CTs|CT4||75|53|59|61|71|70|61|48|35|55|44|35|32|52|38|24|15|25|29|17|10|13|15|21|19|8|14|6|5|11|10|9|32|28|35|44|38|46|55|35|42|31|25|30|29|38|33|45|46|32|56|64|61|55|26|39|43|56|53|61|60|89|76|78|90|82|73|98|127|93|101|70|93|85|98|81|70|83|60|74|74|68|53|75|53|47|34|64|34|79|65|59|55|60|50|57|
2011-05-06|7|1_CTs|CT6||42|30|45|38|21|22|24|18|21|25|14|15|6|9|13|11|9|12|5|10|5|6|10|9|10|11|22|32|31|42|55|75|130|157|133|168|150|131|126|103|111|120|139|111|120|148|122|134|136|153|136|138|145|132|124|129|152|124|152|139|124|134|155|163|169|223|201|187|206|193|207|218|238|243|222|216|210|221|175|158|149|103|102|127|102|91|80|60|65|78|62|59|57|61|61|52|
2011-05-06|7|1_CTs|CT7||62|47|66|162|92|46|53|127|75|157|123|56|22|29|70|24|65|64|21|38|56|69|133|68|34|74|911|1258|209|190|371|164|104|73|85|118|186|280|198|193|171|148|164|271|225|331|305|893|370|133|249|682|457|369|1403|540|225|174|198|173|439|314|162|224|255|222|237|291|436|383|485|290|214|398|273|236|225|237|215|175|180|135|116|109|129|89|65|74|72|132|90|78|85|86|104|77|
2011-05-06|7|1_CTs|CT8||115|131|86|84|51|61|50|41|40|38|31|33|33|32|16|17|28|25|42|65|89|63|81|99|119|116|145|191|242|233|327|392|423|456|443|454|400|372|394|339|374|334|353|342|333|322|364|317|346|337|353|383|316|368|309|329|340|361|376|369|356|383|359|366|376|361|352|386|355|410|397|437|366|399|377|389|333|371|327|318|274|287|239|243|276|230|190|238|229|209|206|175|161|145|155|189|
2011-05-06|7|1_CTs|CT9||50|57|44|45|43|35|34|32|31|28|12|19|23|18|14|10|15|11|19|23|36|26|33|53|56|67|72|108|114|122|164|193|229|256|255|244|241|211|224|220|209|212|189|187|204|173|200|181|180|192|195|194|194|190|169|167|177|192|226|210|218|203|205|195|195|203|193|229|201|180|214|241|193|195|201|224|205|219|166|166|158|153|131|141|148|143|101|126|116|98|124|83|83|92|78|100|
2011-05-06|7|1_CTs|CT10||92|82|108|91|90|87|59|68|65|51|51|42|44|30|28|27|23|27|35|33|48|38|39|41|50|62|59|52|112|113|116|164|208|255|247|296|254|270|235|238|215|229|215|250|238|259|285|239|282|266|249|278|261|243|262|230|226|255|277|250|258|325|288|321|297|343|298|323|358|371|336|327|357|327|354|318|316|289|301|310|282|295|234|233|186|196|193|149|188|173|172|196|173|142|153|147|
2011-05-06|7|1_CTs|CT11||95|81|107|76|86|69|59|55|53|40|42|39|41|21|28|29|25|30|34|33|44|43|43|52|76|70|78|65|120|139|136|156|232|259|242|254|237|265|250|232|236|216|199|247|234|246|251|266|280|255|252|265|247|268|257|238|238|262|276|268|264|324|275|283|263|195|249|273|272|202|215|233|224|203|243|212|228|222|255|304|245|263|223|214|208|203|183|136|173|151|167|162|153|129|148|160|
2011-05-06|7|1_CTs|CT12||87|107|94|115|131|75|61|52|55|53|42|46|37|39|21|27|17|23|15|15|27|18|28|20|27|39|37|67|47|77|118|153|220|263|267|320|278|294|248|227|221|215|247|246|249|261|259|257|253|264|270|269|282|238|210|227|254|250|288|272|261|312|278|284|382|364|482|433|429|663|3833|3090|573|407|453|522|445|508|442|442|423|418|362|403|268|264|242|196|234|215|206|207|178|170|218|212|
2011-05-06|7|1_CTs|CT13||0|21|29|53|28|23|24|16|16|13|5|7|8|7|5|4|0|3|2|6|6|5|10|9|8|9|15|18|19|34|35|43|73|66|47|69|98|96|65|74|85|58|71|71|43|28|47|59|57|64|68|66|74|58|71|51|44|57|88|76|44|61|73|53|68|57|61|71|75|63|75|93|67|83|89|84|81|86|87|84|71|67|59|58|67|34|40|40|23|26|27|43|45|34|30|37|
2011-05-06|7|1_CTs|CT14||124|118|129|133|133|89|86|60|61|66|55|37|39|32|24|30|33|28|43|48|46|44|51|71|93|96|107|109|131|196|213|245|369|397|466|453|407|409|416|354|349|353|332|336|335|356|338|438|405|367|402|382|343|362|364|333|356|394|382|442|405|467|404|441|477|463|493|507|512|573|558|558|614|587|591|553|543|530|551|492|465|397|354|303|346|310|247|218|254|221|234|211|219|192|208|194|
2011-05-06|7|1_CTs|CT15||8|10|13|8|5|10|7|6|5|4|6|6|3|2|3|1|6|5|3|3|2|6|5|8|6|3|6|16|8|9|29|45|77|102|63|89|76|65|47|13|43|33|40|27|21|35|35|40|40|46|47|39|35|52|32|34|39|31|40|42|41|38|57|54|58|97|73|75|100|73|99|95|74|70|78|79|63|66|53|40|39|29|47|39|28|31|30|23|21|21|19|23|17|14|12|16|
