2014-02-22|2|1_CTs|ct1||133|131|98|101|86|82|51|69|53|57|50|49|38|34|42|32|34|40|28|29|36|27|20|31|40|52|47|49|44|64|70|83|72|103|105|107|113|122|146|158|169|176|180|187|200|211|195|196|206|173|183|193|182|177|185|175|183|172|180|163|199|202|159|141|149|136|140|167|188|163|189|190|182|160|187|183|192|184|204|211|200|183|191|169|169|182|163|149|123|126|110|146|150|138|154|147|
2014-02-22|2|1_CTs|ct2||69|66|75|58|41|63|45|52|52|39|39|35|30|25|35|35|32|28|20|18|26|21|18|22|18|29|23|28|24|23|29|24|31|32|37|41|43|39|58|87|62|78|67|72|89|83|67|77|83|66|60|73|69|54|61|53|73|66|82|81|86|75|81|104|78|93|105|91|78|56|66|75|75|67|78|67|89|73|88|96|107|90|120|138|99|102|76|72|62|66|59|61|65|70|68|69|
2014-02-22|2|1_CTs|ct3||135|158|135|124|109|113|91|80|83|86|64|65|55|53|63|55|43|43|46|45|54|45|32|37|50|53|57|59|52|59|77|82|64|80|73|105|98|102|117|154|129|137|172|153|166|178|170|159|174|157|173|157|160|161|160|153|149|185|159|181|205|176|184|179|175|190|167|187|206|169|183|199|155|165|162|178|170|182|160|193|196|177|202|226|195|190|183|176|134|136|134|160|164|176|166|145|
2014-02-22|2|1_CTs|ct4||74|70|71|64|65|61|71|62|58|58|54|52|41|35|32|45|42|45|40|53|33|37|37|31|41|32|36|37|35|31|34|40|38|40|43|69|48|51|67|67|89|92|79|107|105|98|120|95|117|84|116|117|89|109|88|91|91|89|86|92|99|105|107|124|123|122|123|114|112|119|117|106|97|101|119|117|99|127|111|102|92|98|106|107|100|75|89|73|90|79|70|81|78|80|77|74|
2014-02-22|2|1_CTs|ct5||109|123|140|114|123|111|102|103|82|79|74|68|58|54|45|51|57|57|51|57|53|41|47|35|46|38|47|44|42|40|42|57|62|58|65|88|74|75|90|135|134|131|125|125|176|139|150|184|175|151|169|190|156|171|150|150|153|145|170|174|184|176|176|166|220|186|178|185|177|192|205|199|166|202|203|235|201|233|208|159|170|185|143|144|159|116|117|144|150|123|308|177|149|134|142|138|
2014-02-22|2|1_CTs|ct6||36|29|36|37|34|29|32|32|22|28|18|25|20|16|16|15|21|23|19|20|20|16|22|8|12|9|16|13|16|10|18|19|14|15|14|20|17|207|327|136|83|88|85|111|113|103|106|110|126|128|125|131|123|139|123|125|104|88|110|137|135|138|139|142|147|159|159|157|147|140|329|529|501|115|127|44|40|50|35|49|44|43|41|34|50|36|38|51|45|47|56|37|42|41|44|42|
2014-02-22|2|1_CTs|ct17||156|179|169|159|128|158|124|100|102|103|88|85|76|78|62|71|59|61|55|59|70|57|45|47|49|63|65|59|70|61|75|82|76|85|86|111|120|115|142|183|161|153|183|177|179|189|181|179|189|185|204|176|193|177|176|174|165|202|195|186|217|202|217|189|215|205|176|213|235|205|197|215|187|191|166|191|209|201|179|176|185|191|190|230|209|188|202|179|142|157|151|187|185|163|168|185|
2014-02-22|2|1_CTs|CT19||56|67|70|56|47|61|32|48|23|34|24|40|39|22|21|24|10|13|7|15|12|11|15|13|13|19|14|21|20|23|27|33|32|39|34|55|51|56|62|56|70|72|87|90|88|95|97|79|97|90|118|102|97|96|82|75|78|95|84|85|83|105|97|99|101|105|96|130|120|104|96|105|94|98|88|91|80|100|82|96|89|91|107|106|97|84|79|85|66|82|59|70|60|68|74|76|
2014-02-22|2|1_CTs|CT20||55|54|57|35|49|44|60|59|55|55|40|47|61|67|38|44|31|32|37|26|22|19|20|20|9|13|18|12|30|18|26|20|34|30|40|32|42|47|53|46|58|51|50|70|74|75|80|68|71|78|83|71|69|69|56|65|70|59|62|72|58|69|67|69|61|72|72|76|65|70|89|79|85|81|89|79|79|84|86|73|89|63|88|57|58|62|69|53|56|53|56|55|66|43|60|55|
2014-02-22|2|1_CTs|CT21||38|27|22|21|33|21|27|21|28|19|10|14|21|24|16|21|9|4|18|11|11|9|6|14|5|6|14|6|10|7|13|9|14|20|18|18|25|26|31|26|41|29|34|45|46|38|62|40|32|43|42|39|46|40|35|42|49|29|45|37|59|49|50|43|41|39|43|57|30|57|45|55|39|53|46|51|34|59|41|44|40|37|47|34|29|34|33|31|29|28|31|28|42|23|37|30|
