2015-04-20|6|1_CTs|CT1||2|3|0|0|1|0|1|1|0|0|0|1|0|1|0|1|0|2|1|2|2|2|4|3|2|3|2|5|6|8|11|42|624|627|341|32|33|47|31|60|11|9|6|6|6|8|4|10|6|5|2|12|6|4|8|10|5|6|8|6|2|6|11|6|4|7|9|13|23|15|6|8|7|5|6|3|7|2|3|1|4|9|2|6|3|3|2|3|2|1|0|0|2|0|3|1|
2015-04-20|6|1_CTs|CT3||16|18|13|2|7|2|4|2|1|1|2|0|4|1|6|2|7|10|238|18|19|293|29|44|39|24|38|46|47|323|65|337|86|583|330|343|101|305|90|71|65|61|60|51|238|303|53|40|41|46|67|52|61|52|51|45|42|51|59|58|52|68|279|61|291|59|48|63|76|271|58|54|54|47|88|75|58|63|41|41|274|42|28|27|27|20|28|11|18|20|13|13|10|15|11|18|
2015-04-20|6|1_CTs|CT4||8|4|6|4|6|3|0|3|0|2|0|0|1|1|0|1|0|0|1|1|0|1|1|3|1|0|1|4|9|9|9|18|70|49|37|27|40|38|35|23|19|8|25|23|26|25|22|284|32|29|34|12|49|39|24|12|29|28|24|25|271|33|270|21|35|33|34|33|35|34|46|49|45|47|48|48|56|41|36|18|291|30|35|26|22|14|16|12|14|14|14|3|9|10|4|7|
2015-04-20|6|1_CTs|CT5||14|6|10|7|6|8|7|2|4|5|0|3|259|7|5|0|3|2|5|3|7|6|5|10|12|7|13|14|13|19|42|284|317|329|91|131|85|326|95|108|91|59|331|339|79|64|64|72|77|51|71|325|73|63|83|65|62|70|69|74|76|85|69|71|313|595|84|93|69|98|81|88|87|88|85|322|69|66|53|46|43|33|32|51|34|36|38|19|18|25|23|24|23|20|19|26|
2015-04-20|6|1_CTs|CT6||259|8|16|12|4|7|4|4|7|3|5|1|3|0|3|4|5|6|8|6|10|11|10|13|17|10|10|23|29|35|306|90|388|203|210|462|180|685|142|94|111|101|332|70|88|339|365|122|343|344|339|76|343|107|103|98|365|123|92|368|92|96|310|85|127|115|310|347|153|165|377|112|125|143|107|124|138|100|105|114|368|322|82|68|336|74|302|316|55|307|41|28|33|59|36|31|
2015-04-20|6|1_CTs|CT7||7|2|3|3|5|2|2|3|0|0|0|2|2|1|0|0|1|2|1|2|1|6|3|5|5|2|3|12|13|10|33|31|282|42|29|288|35|34|42|40|28|22|22|29|25|26|28|31|32|28|27|27|31|23|28|26|41|26|14|26|29|22|19|25|22|24|31|33|22|35|297|34|34|40|37|35|31|23|20|21|25|12|14|19|9|9|14|11|13|4|10|13|4|4|10|7|
2015-04-20|6|1_CTs|CT8||34|27|24|20|17|14|6|15|10|9|10|7|15|12|3|5|6|6|8|6|6|12|22|26|18|30|268|63|332|107|165|683|735|457|171|181|665|424|471|407|411|156|134|156|349|149|599|137|149|339|132|398|163|391|133|138|360|148|397|163|143|336|395|159|138|605|168|161|182|188|183|191|658|462|219|177|174|176|399|158|156|126|338|93|101|335|73|73|76|330|57|56|59|33|50|301|
2015-04-20|6|1_CTs|CT9||297|28|26|18|15|11|8|7|8|14|7|6|4|5|7|9|9|1|6|10|21|18|19|35|41|47|47|63|92|130|185|312|326|622|402|643|641|616|350|540|236|182|197|188|179|176|447|178|197|205|717|199|199|205|456|191|206|215|183|437|198|208|222|227|466|222|472|231|247|253|764|291|797|281|578|596|243|232|214|219|421|169|149|387|134|116|88|97|100|86|336|62|51|61|49|39|
2015-04-20|6|1_CTs|CT10||27|22|17|15|12|12|5|251|4|5|5|5|6|4|2|1|3|5|5|259|4|11|11|18|20|21|27|42|47|66|96|399|159|177|174|460|465|179|158|150|156|137|140|138|381|388|401|117|394|162|403|408|173|191|177|146|403|133|151|143|131|672|150|165|429|454|202|190|209|212|465|243|204|502|250|489|199|199|446|392|140|125|113|98|95|95|98|50|56|60|322|42|40|34|30|38|
2015-04-20|6|1_CTs|CT11||32|24|17|9|7|8|6|249|7|4|10|4|3|7|6|5|3|1|4|7|9|270|10|21|280|38|51|68|81|387|209|309|517|166|255|573|602|288|264|226|232|199|457|416|161|449|169|180|433|709|408|195|180|175|432|179|205|216|206|181|203|179|435|220|163|167|222|255|474|471|464|230|230|206|191|201|164|168|141|668|397|133|645|91|86|105|66|90|70|324|43|39|301|295|48|49|
2015-04-20|6|1_CTs|CT12||33|28|22|21|12|9|8|11|6|262|13|5|5|4|2|4|2|8|4|10|6|17|13|28|24|23|40|45|49|78|129|181|525|283|550|832|297|543|732|508|210|180|163|179|152|171|145|186|165|186|165|201|453|244|230|192|446|191|214|189|182|455|674|227|469|460|264|299|302|347|299|296|540|550|298|460|260|266|227|213|199|416|168|119|116|100|355|70|77|587|328|49|51|41|50|40|
2015-04-20|6|1_CTs|CT15||24|16|20|10|16|7|9|4|8|7|3|13|10|5|8|6|6|11|9|231|19|28|27|48|50|274|37|57|61|97|102|439|223|243|232|158|135|181|185|141|134|121|106|109|123|124|354|349|119|110|140|355|131|111|364|106|374|120|110|355|132|112|606|112|109|110|375|121|136|144|149|407|151|171|186|205|133|395|109|104|106|84|77|87|78|58|49|53|52|290|39|35|33|33|40|24|
2015-04-20|6|1_CTs|CT16||296|26|22|16|13|17|6|12|6|6|4|10|4|7|2|4|4|3|5|4|6|14|6|15|19|31|30|64|69|309|191|246|557|529|524|274|532|524|287|530|492|213|195|440|440|435|191|437|452|445|450|677|194|211|172|195|223|179|207|199|184|453|426|218|427|189|197|237|963|241|233|257|231|473|244|460|204|455|169|153|416|135|123|111|98|120|91|76|84|330|60|59|53|300|42|57|
2015-04-20|6|1_CTs|CT17||3|9|6|2|2|5|1|3|1|2|0|0|0|0|0|0|1|0|0|1|0|1|1|2|2|0|1|3|10|4|19|29|538|31|278|30|30|29|28|19|25|18|18|17|17|19|22|20|27|545|18|22|28|30|25|21|19|18|276|22|21|27|19|22|19|27|27|22|33|23|50|33|27|24|28|37|29|31|28|29|27|20|22|15|7|15|13|13|16|11|9|10|246|3|13|4|
2015-04-20|6|1_CTs|CT18||60|32|29|24|22|21|13|9|14|14|3|8|7|12|10|6|9|7|12|13|16|17|16|26|32|29|30|69|93|114|462|478|573|588|254|152|126|359|174|197|195|201|233|487|225|462|223|219|473|428|484|219|215|246|221|221|229|244|247|257|257|262|252|256|492|762|772|476|253|305|290|291|276|291|549|544|282|256|486|190|189|204|169|154|150|137|142|99|353|96|74|100|80|329|73|66|
2015-04-20|6|1_CTs|CT19||20|33|19|16|14|11|9|7|9|8|9|2|5|3|0|1|5|1|6|9|2|8|4|7|9|7|15|12|22|31|54|345|428|179|131|154|433|162|158|144|130|139|146|372|118|132|126|398|129|347|142|153|152|140|126|132|380|117|137|131|126|133|411|140|662|429|174|219|441|188|210|210|460|200|210|711|203|206|169|159|164|141|377|88|80|91|73|54|54|55|42|51|43|48|38|39|
2015-04-20|6|1_CTs|CT20||261|13|14|9|9|4|2|3|5|3|2|4|2|1|3|3|5|3|7|13|9|9|10|20|22|13|16|25|36|46|62|74|118|12|635|168|443|159|79|362|85|112|105|347|362|21|118|45|66|309|58|136|131|132|103|60|15|104|114|79|305|334|391|95|624|123|186|294|415|402|133|113|395|372|109|157|103|344|354|88|64|586|74|92|65|314|55|40|46|44|45|276|40|284|21|12|
2015-04-20|6|1_CTs|CT21||66|57|47|38|19|32|22|10|9|15|7|11|14|12|10|7|15|19|31|300|30|49|49|72|80|54|96|107|128|673|278|309|605|629|631|810|561|600|329|322|250|239|472|525|242|236|666|205|212|207|217|697|233|189|468|202|207|246|434|265|219|446|701|217|217|470|484|225|467|232|253|221|238|271|261|221|220|233|205|413|396|364|141|383|130|94|115|96|99|94|108|76|86|72|65|65|
2015-04-20|6|1_CTs|CT22||103|91|63|46|260|21|26|18|22|22|17|9|9|8|22|17|24|29|38|42|44|58|76|320|66|62|79|94|330|133|427|196|464|269|783|542|272|732|241|263|248|245|260|217|456|440|431|235|255|762|267|270|236|251|258|238|255|267|224|246|510|248|486|299|261|549|544|322|357|581|358|387|376|401|345|325|378|323|304|290|266|255|203|196|165|132|412|146|116|127|121|118|112|346|74|327|
2015-04-20|6|1_CTs|CT23||56|42|50|32|279|24|12|13|12|11|16|8|261|15|7|5|9|10|14|241|271|28|30|309|254|50|65|92|121|155|225|570|595|358|597|574|610|566|341|303|518|212|220|248|229|208|216|218|430|454|432|695|235|245|695|210|258|235|233|254|247|254|495|245|242|460|720|515|276|316|309|298|574|541|328|558|311|511|268|240|255|196|174|168|160|149|121|106|101|111|89|593|303|61|70|54|
2015-04-20|6|1_CTs|CT24||75|63|285|35|16|22|21|12|18|11|9|10|9|4|12|5|14|15|19|13|22|253|26|37|39|39|301|87|112|120|182|218|303|373|346|371|389|785|320|279|277|277|418|246|479|454|702|500|247|259|245|713|471|530|249|195|486|259|504|270|291|510|259|516|769|350|819|591|571|355|359|394|649|440|422|652|360|591|571|284|274|508|202|429|183|131|140|124|97|114|356|109|95|334|72|83|
