2017-12-13|6|1_CTs|CT3||19|12|8|8|3|4|2|0|3|231|3|11|4|6|4|4|6|8|8|12|7|22|15|25|25|259|33|37|38|45|52|54|85|95|113|287|68|303|70|61|58|254|262|242|48|47|27|41|38|43|37|273|39|290|56|38|39|43|38|41|40|41|35|29|34|251|45|297|51|260|35|41|51|44|55|64|72|92|93|327|85|66|50|39|46|34|24|20|22|21|22|23|18|17|259|200|
2017-12-13|6|1_CTs|CT6||40|20|14|17|20|8|3|7|9|4|1|1|4|2|3|2|1|5|3|4|10|248|18|11|8|18|18|254|28|34|91|105|154|184|154|144|129|136|110|126|115|117|110|99|322|112|84|108|89|120|102|101|511|117|110|608|118|119|99|141|97|103|340|125|116|116|121|369|117|155|129|124|107|137|586|107|117|94|329|106|124|125|125|128|323|72|66|45|297|65|67|228|251|294|532|41|
2017-12-13|6|1_CTs|CT7||9|2|1|2|5|2|3|2|1|2|0|0|1|0|0|2|3|3|2|4|8|3|4|4|7|9|6|13|10|20|23|29|552|46|34|565|289|312|287|302|37|28|33|21|30|27|24|28|28|34|281|30|267|30|293|23|29|37|31|30|36|22|26|30|26|31|26|299|291|287|34|23|29|25|18|16|11|16|16|8|12|13|13|21|17|18|20|9|14|9|11|8|265|5|10|6|
2017-12-13|6|1_CTs|CT8||47|35|33|19|19|22|18|12|9|21|9|16|14|16|5|8|233|13|4|6|7|18|24|18|22|28|38|60|324|117|416|201|422|198|421|400|654|173|175|168|634|143|152|347|370|121|143|147|366|145|400|147|151|140|110|737|141|146|163|152|316|176|146|145|160|184|174|392|165|180|183|169|351|190|405|168|376|172|193|185|651|176|158|142|104|106|96|68|82|73|71|67|334|67|52|282|
2017-12-13|6|1_CTs|CT12||305|52|44|287|15|19|16|13|10|11|6|10|9|5|3|5|5|3|4|11|4|9|21|20|278|31|303|56|70|130|156|251|556|337|296|286|844|290|243|489|199|197|204|190|182|203|442|192|460|236|733|235|429|198|709|726|221|215|218|477|486|481|232|250|260|790|286|302|242|464|216|463|179|207|180|176|205|227|225|484|228|232|531|483|437|170|116|87|88|88|81|76|598|339|59|72|
2017-12-13|6|1_CTs|CT15||32|30|27|15|18|10|16|9|5|14|6|5|6|9|3|11|7|11|10|22|24|22|26|39|46|50|43|70|88|115|149|229|565|246|263|248|487|529|252|487|459|181|133|372|394|106|380|126|387|151|379|142|361|137|132|116|102|109|103|110|109|112|120|123|139|674|488|247|217|501|507|225|207|223|670|140|83|83|3|120|129|116|429|224|243|191|114|58|58|45|48|46|40|298|44|38|
2017-12-13|6|1_CTs|CT16||290|39|21|23|16|17|12|16|12|265|6|6|6|3|4|9|10|9|5|12|14|13|16|26|22|46|44|324|82|120|185|538|289|319|271|292|520|274|282|260|238|489|477|226|204|223|198|210|731|223|487|220|211|451|215|467|172|212|221|194|243|458|216|466|214|236|484|258|222|234|471|466|484|171|720|168|417|428|681|466|166|140|169|153|134|137|101|86|83|71|77|70|92|66|313|68|
2017-12-13|6|1_CTs|CT21||0|0|0|0|0|0|0|0|0|0|0|0|0|0|0|0|0|0|0|0|0|0|0|0|0|0|0|0|0|0|0|0|0|0|0|0|0|0|0|0|0|0|0|0|0|0|0|0|0|0|0|0|0|0|0|0|0|0|0|0|0|0|0|0|0|0|0|0|0|0|0|0|8|0|0|0|0|0|0|0|0|0|0|0|0|0|0|0|0|0|0|0|0|0|0|0|
2017-12-13|6|1_CTs|CT22||0|0|0|0|0|0|0|0|0|0|0|0|0|0|0|0|0|4|0|0|0|0|0|0|0|0|0|0|0|0|0|0|0|0|0|0|0|0|0|0|0|0|0|0|0|0|0|0|0|0|0|0|0|0|0|0|0|0|0|0|0|0|0|0|0|0|0|0|0|0|0|0|0|0|0|0|0|0|0|0|0|0|0|0|0|0|0|0|0|0|0|0|0|0|0|0|
2017-12-13|6|1_CTs|CT23||67|49|55|35|33|33|19|16|9|25|10|20|16|25|10|12|14|18|2|5|13|25|25|44|29|36|63|80|108|353|252|293|309|286|283|269|458|449|254|243|254|231|396|239|199|224|455|198|686|199|232|208|224|228|212|461|234|446|237|213|465|241|222|232|251|515|790|516|269|298|268|263|481|282|739|302|993|504|314|491|550|320|295|258|478|179|139|323|113|106|90|86|282|92|82|76|
