2011-07-26|2|1_CTs|ct1||27|40|35|24|32|17|14|10|11|7|6|11|7|4|9|6|3|11|8|15|11|14|13|20|17|25|20|43|62|53|94|109|118|117|123|109|129|116|127|126|134|144|122|140|136|131|153|132|136|125|144|135|133|125|112|118|117|119|138|137|123|162|116|138|145|133|114|136|120|121|104|119|116|112|102|109|117|94|118|118|95|113|114|111|89|90|98|89|67|82|56|80|64|61|41|39|
2011-07-26|2|1_CTs|ct2||24|13|11|7|8|9|4|9|4|5|5|6|5|2|4|2|6|2|5|4|5|8|6|13|17|18|16|18|12|16|20|33|27|36|41|46|54|60|49|56|66|56|66|54|75|76|53|67|73|65|65|65|57|60|56|55|64|54|68|65|47|70|81|55|69|57|55|53|56|49|62|44|49|49|49|35|45|37|51|54|54|54|51|41|55|37|23|30|32|16|26|17|24|35|17|24|
2011-07-26|2|1_CTs|ct3||86|78|71|61|51|45|32|34|27|30|17|28|16|20|22|14|12|14|15|29|22|37|23|48|53|63|39|69|86|85|125|149|152|170|153|159|201|155|208|185|208|205|193|234|220|227|227|224|207|223|229|187|199|190|183|185|200|193|203|197|203|215|218|229|212|216|181|214|201|194|188|193|204|198|182|159|180|171|186|188|178|197|189|184|160|155|142|145|126|126|109|120|100|122|100|81|
2011-07-26|2|1_CTs|ct4||54|40|42|16|18|20|24|11|16|13|14|12|10|12|12|9|15|7|15|8|14|9|14|26|31|25|35|33|48|47|57|81|100|112|123|116|109|117|132|143|119|125|132|132|123|129|142|140|125|129|131|141|116|148|130|112|135|125|138|117|135|122|151|150|145|134|125|132|140|144|136|142|116|114|120|133|119|106|109|108|77|106|86|110|91|80|65|81|79|65|72|61|61|62|69|75|
2011-07-26|2|1_CTs|ct5||91|66|66|51|48|46|33|35|29|18|21|17|13|17|17|10|19|10|22|18|22|18|14|29|30|29|32|35|53|63|85|95|152|177|172|171|185|181|199|197|187|189|178|225|201|208|197|223|214|195|217|196|203|170|180|194|216|193|202|179|222|210|219|260|233|219|206|209|176|196|215|204|193|209|219|197|188|191|159|160|162|159|139|130|136|133|106|113|120|121|121|109|104|109|105|103|
2011-07-26|2|1_CTs|ct6||72|48|52|42|38|40|37|24|23|17|22|16|16|14|13|9|10|8|17|10|10|10|9|23|19|29|25|24|37|30|43|49|81|79|91|92|97|80|106|105|111|100|109|115|113|134|139|129|122|134|126|113|128|123|127|127|139|120|131|139|135|145|129|147|147|154|151|130|136|132|150|153|115|136|130|136|133|114|112|115|113|97|90|89|92|88|79|93|85|80|83|96|90|84|87|82|
2011-07-26|2|1_CTs|ct17||76|73|65|51|46|44|32|23|27|27|18|21|18|18|19|13|10|9|14|14|16|25|19|30|35|40|40|55|56|77|106|124|152|155|156|145|190|178|170|183|182|211|180|205|193|186|202|206|189|207|200|189|174|170|171|158|188|176|197|159|202|167|221|218|190|187|157|231|188|181|188|203|194|177|205|166|175|190|182|179|168|192|171|155|153|141|124|128|101|133|109|105|116|104|82|74|
2011-07-26|2|1_CTs|CT19||44|32|29|25|14|19|14|17|14|16|13|15|9|9|3|8|2|7|5|7|6|9|11|15|18|17|20|26|49|39|52|65|82|87|89|72|82|102|106|108|101|110|118|116|112|111|124|135|102|131|116|112|116|127|99|106|88|107|116|116|111|112|132|125|125|107|109|138|132|132|126|138|125|144|121|127|124|113|104|123|91|103|99|105|74|72|61|63|67|70|54|70|73|52|45|41|
2011-07-26|2|1_CTs|CT20||44|44|52|36|22|31|26|26|24|17|21|22|13|13|5|9|10|4|6|6|8|5|9|9|15|22|20|18|22|28|44|50|63|73|71|67|82|77|90|67|92|88|75|71|71|87|80|73|66|68|70|76|71|73|67|62|59|66|56|77|84|80|72|87|67|80|70|74|89|80|53|81|84|80|77|81|72|89|93|66|64|82|66|74|63|60|68|63|59|55|58|59|48|62|49|73|
2011-07-26|2|1_CTs|CT21||25|22|25|20|13|8|13|6|8|6|7|4|4|6|3|1|7|2|3|1|1|5|2|5|10|9|4|6|9|19|22|30|34|43|41|42|56|53|45|56|43|50|47|40|41|66|50|45|39|40|45|42|43|49|35|40|37|38|45|53|53|49|47|44|42|52|41|48|43|50|36|48|56|43|36|44|47|48|52|48|38|42|45|59|39|36|42|44|29|28|28|38|31|42|33|39|
