2015-11-23|6|1_CTs|CT1||0|1|0|1|0|1|0|1|0|0|1|1|0|0|0|1|0|2|1|0|1|2|3|2|1|1|2|3|1|10|20|64|122|31|26|31|32|12|16|14|4|10|8|11|6|9|8|7|7|15|15|261|13|5|11|6|12|10|5|13|5|11|6|7|15|12|9|23|13|14|8|8|9|13|268|4|3|8|3|3|0|3|3|5|1|2|2|4|0|0|2|0|0|1|2|2|
2015-11-23|6|1_CTs|CT3||13|1|6|1|2|2|3|0|0|2|1|3|3|4|1|4|8|6|10|17|16|26|23|34|37|35|27|24|36|47|295|77|286|346|323|317|61|71|63|55|269|41|50|52|41|59|44|57|41|42|54|48|49|272|33|44|45|41|232|27|35|56|49|41|40|42|33|57|286|63|267|62|62|56|47|56|44|33|270|41|260|26|18|17|14|17|21|13|174|280|14|11|24|18|16|9|
2015-11-23|6|1_CTs|CT4||4|3|11|3|1|4|2|3|0|1|0|2|0|0|1|1|0|2|1|1|0|1|0|2|1|2|0|6|6|8|14|28|67|49|1|20|18|15|24|27|24|28|23|21|13|24|16|21|27|29|21|17|54|32|25|30|35|43|28|29|36|31|32|29|23|33|36|45|29|285|62|65|51|77|81|12|14|48|277|43|32|31|33|20|33|19|21|14|13|8|5|9|10|13|6|7|
2015-11-23|6|1_CTs|CT5||7|14|7|6|11|4|3|4|3|3|1|1|6|5|3|1|8|3|3|8|3|4|9|9|8|18|14|14|18|38|33|44|62|352|68|82|66|293|65|321|74|69|58|60|79|59|71|82|318|64|321|76|73|75|54|61|69|63|75|77|86|326|74|312|81|84|94|74|84|94|83|84|319|73|61|328|48|75|60|70|61|38|43|43|37|35|34|21|35|27|24|28|26|15|21|13|
2015-11-23|6|1_CTs|CT7||6|5|8|3|3|2|2|0|1|1|1|3|1|2|1|2|0|0|0|1|3|4|4|4|7|6|261|5|13|251|25|29|43|285|44|56|36|314|300|34|28|18|24|19|24|19|31|21|17|26|21|31|33|30|24|29|27|34|18|28|20|25|26|28|45|23|39|29|34|25|32|29|33|48|44|25|31|23|25|26|27|10|15|14|11|8|10|13|13|5|9|7|5|5|5|3|
2015-11-23|6|1_CTs|CT8||26|31|202|16|14|9|8|6|3|5|4|2|241|12|6|6|7|8|7|7|12|16|18|269|18|33|38|48|70|89|167|433|224|201|675|156|152|609|658|152|149|150|387|155|133|133|150|134|156|355|373|574|412|132|128|132|415|383|160|169|144|374|348|409|154|336|137|151|163|186|610|175|191|374|190|165|169|181|168|157|135|107|109|117|86|84|77|61|54|301|271|46|63|48|40|48|
2015-11-23|6|1_CTs|CT9||34|16|18|23|8|11|13|10|8|8|6|4|6|6|4|8|1|5|6|9|13|22|26|40|42|37|40|60|352|364|221|356|346|375|614|656|353|277|266|214|472|193|204|189|173|183|178|181|431|186|189|458|448|167|194|466|204|204|460|466|203|494|482|726|219|225|235|255|532|567|358|360|319|531|515|302|602|333|827|207|404|173|133|134|639|370|95|93|87|80|76|64|74|329|35|38|
2015-11-23|6|1_CTs|CT10||20|279|12|270|12|9|7|5|7|4|10|3|4|3|2|4|3|3|4|8|7|13|9|21|18|26|28|37|47|72|110|144|171|440|412|198|199|470|462|205|135|131|136|138|124|138|405|128|154|163|168|394|156|157|132|396|394|670|438|182|184|393|146|417|184|189|187|215|219|237|475|236|487|230|475|475|195|169|143|388|634|153|110|105|89|91|66|286|65|59|59|38|33|30|38|33|
2015-11-23|6|1_CTs|CT11||24|24|21|10|4|11|9|8|2|1|5|2|3|4|2|5|2|5|4|7|11|14|15|267|22|34|48|74|104|145|247|313|307|310|317|294|264|237|268|219|237|197|213|194|162|173|172|422|440|183|201|189|460|169|438|178|178|211|475|722|180|189|458|188|423|451|474|242|236|218|468|179|226|437|433|158|178|152|657|149|370|124|110|97|78|96|326|64|62|61|64|308|52|33|33|25|
2015-11-23|6|1_CTs|CT12||27|31|13|13|14|6|7|4|6|5|9|5|5|1|1|4|10|5|6|6|6|17|13|20|27|18|32|46|50|91|396|229|265|590|277|283|289|531|541|461|181|170|165|173|158|170|209|195|433|448|209|177|215|463|174|401|191|215|476|451|193|195|436|198|528|259|254|312|577|306|309|446|510|207|254|460|517|216|230|187|193|160|141|368|344|100|98|82|69|276|82|52|55|47|53|44|
2015-11-23|6|1_CTs|CT15||31|18|22|13|11|7|10|6|9|4|5|8|5|7|5|8|7|14|11|10|18|27|33|42|58|37|44|57|79|94|403|465|240|256|222|222|437|430|167|155|154|380|384|105|123|94|118|107|113|110|120|150|627|110|354|114|342|382|357|118|111|128|100|124|141|106|126|134|132|427|191|206|439|175|150|192|200|204|385|111|88|78|75|303|62|53|35|294|34|291|44|33|48|38|25|24|
2015-11-23|6|1_CTs|CT16||29|28|284|19|8|14|16|5|8|3|6|3|4|8|4|4|2|4|5|9|9|7|13|24|17|290|36|56|81|102|190|275|329|276|760|307|523|275|248|257|218|185|198|201|174|173|190|187|443|454|202|456|217|202|172|454|183|468|450|220|209|167|214|711|226|468|720|504|254|223|473|220|233|262|771|235|439|186|158|155|154|150|117|377|107|95|77|79|69|66|65|57|48|275|303|28|
2015-11-23|6|1_CTs|CT17||17|15|17|14|9|9|9|5|262|7|8|5|3|2|4|4|3|3|1|3|3|5|7|8|7|7|6|22|287|50|66|102|162|197|386|432|200|156|149|126|624|100|379|132|134|395|144|147|147|134|151|122|406|159|135|150|388|146|145|160|139|418|155|143|175|194|181|192|219|196|245|237|271|553|284|764|567|158|188|146|126|132|367|101|102|85|78|82|60|51|58|41|61|51|47|26|
2015-11-23|6|1_CTs|CT18||33|30|35|16|25|17|9|15|10|10|6|4|13|12|10|4|15|9|13|19|11|278|15|27|30|47|40|58|606|149|176|246|330|574|304|313|526|270|279|494|530|257|452|213|233|446|219|244|480|224|235|491|225|236|191|230|208|232|463|239|224|245|259|458|245|270|291|264|293|316|545|552|545|302|316|290|247|246|209|200|684|163|397|146|391|122|116|95|101|87|97|332|82|51|69|55|
2015-11-23|6|1_CTs|CT19||22|15|19|14|9|16|11|8|8|4|5|7|3|2|5|7|1|3|4|8|5|8|2|9|248|9|9|17|34|52|55|119|194|174|155|219|221|419|377|399|374|367|125|128|383|130|145|142|138|162|170|151|401|395|132|133|140|358|148|126|131|149|138|424|154|181|177|211|187|208|506|235|219|216|211|498|218|439|447|170|176|149|109|89|82|326|65|69|54|305|43|56|43|289|35|29|
2015-11-23|6|1_CTs|CT20||12|8|267|8|5|4|3|3|3|2|3|3|2|4|4|3|262|3|6|5|2|8|265|13|20|20|12|23|278|58|56|80|115|147|267|411|9|364|285|92|111|90|100|116|103|116|384|70|59|123|98|96|57|337|41|100|56|102|59|73|98|131|365|99|363|123|384|118|27|102|395|135|140|137|123|343|98|121|352|108|81|84|3|84|43|26|38|48|50|264|296|19|31|34|9|25|
2015-11-23|6|1_CTs|CT21||60|49|34|35|27|17|12|14|11|9|12|11|9|12|8|14|22|13|28|276|231|43|290|272|70|78|85|96|365|195|279|335|334|594|324|538|497|356|261|255|243|234|512|225|205|461|181|212|224|415|234|444|426|214|199|193|230|432|403|219|231|670|205|226|194|207|205|202|229|253|265|480|226|244|266|418|243|478|463|214|394|145|389|123|134|102|111|91|74|339|321|67|75|77|65|54|
2015-11-23|6|1_CTs|CT22||65|60|39|31|28|30|25|15|23|12|18|15|22|16|18|13|28|22|53|35|288|66|50|94|68|49|59|68|96|120|160|192|196|279|338|314|282|313|459|245|221|213|226|222|259|497|249|256|254|244|263|488|241|256|213|216|463|228|441|276|245|428|500|460|287|317|530|539|341|615|388|381|377|641|366|825|320|518|304|233|231|236|160|353|139|137|390|106|147|114|78|95|301|85|68|78|
2015-11-23|6|1_CTs|CT23||45|37|27|31|23|13|13|7|8|5|6|7|238|13|7|7|8|10|15|18|18|266|29|303|39|49|70|307|98|139|469|556|310|592|361|326|505|732|288|241|462|230|236|235|199|190|207|450|217|242|449|199|217|203|209|188|217|236|270|234|242|465|232|501|231|451|749|234|528|309|796|775|327|296|295|269|284|292|520|473|440|188|169|394|353|131|114|95|85|86|82|66|79|78|55|52|
2015-11-23|6|1_CTs|CT24||59|49|30|30|23|23|7|14|13|15|12|239|12|11|10|9|11|19|21|26|23|23|41|33|31|35|40|86|112|145|582|216|260|717|313|555|277|591|532|295|278|233|228|224|245|414|235|252|250|247|673|464|239|215|238|222|215|506|266|261|238|266|482|484|300|310|297|323|309|336|593|573|374|562|878|380|325|285|525|251|484|446|409|361|165|143|134|126|132|334|325|125|320|93|73|287|
