2011-08-07|6|1_CTs|CT1||0|1|1|1|0|1|0|2|1|0|0|0|1|0|0|1|0|0|1|1|1|0|0|2|3|2|1|1|2|3|2|1|1|1|2|1|3|0|0|2|1|1|2|1|1|1|1|2|4|3|1|3|1|4|1|1|1|3|2|3|3|4|1|2|2|4|1|1|3|1|4|2|3|2|3|2|2|2|2|1|0|4|2|1|3|2|1|2|1|2|2|2|1|0|1|1|
2011-08-07|6|1_CTs|CT3||18|18|10|12|18|5|6|3|7|8|8|4|4|5|6|3|9|3|5|10|13|18|21|15|39|38|34|49|44|40|45|53|35|39|47|42|28|31|37|46|36|45|36|34|35|32|34|30|40|46|39|35|40|42|32|29|29|28|30|39|36|35|32|35|35|38|34|38|41|31|30|32|25|33|39|34|28|32|27|42|28|25|37|24|22|24|25|17|23|24|38|31|31|19|24|12|
2011-08-07|6|1_CTs|CT4||6|6|3|9|2|3|6|2|3|2|1|0|2|1|3|1|2|2|0|4|1|0|3|1|2|1|3|1|1|2|1|2|6|5|2|4|4|3|8|6|5|6|5|7|4|10|9|10|10|10|13|17|12|10|10|14|7|14|12|9|8|14|11|10|10|9|11|20|12|10|16|11|10|16|16|17|11|17|5|15|9|15|11|12|11|22|9|14|12|8|10|9|11|8|6|7|
2011-08-07|6|1_CTs|CT5||21|20|17|16|17|8|9|8|10|6|12|7|7|5|9|11|8|6|3|9|6|8|2|4|8|6|9|10|11|14|10|5|15|10|9|10|16|19|18|23|27|20|13|27|22|26|15|23|26|24|19|25|31|30|18|19|20|20|36|25|23|28|29|23|31|19|14|29|36|17|25|28|21|30|16|30|29|27|26|29|34|39|27|26|28|32|28|26|22|16|18|21|16|26|25|17|
2011-08-07|6|1_CTs|CT6||20|20|14|12|8|6|8|10|4|4|11|4|2|2|6|4|4|7|7|8|8|6|8|10|7|12|9|6|17|12|13|24|11|12|21|21|19|25|37|28|20|24|47|44|24|21|50|39|48|36|59|51|47|50|49|52|35|47|29|48|43|50|40|49|34|32|46|55|39|36|44|41|42|41|49|47|45|50|45|41|53|51|57|37|34|45|42|44|21|35|20|29|22|10|22|16|
2011-08-07|6|1_CTs|CT7||5|2|6|4|7|4|4|3|1|1|1|0|1|0|1|2|1|4|1|0|0|3|2|6|3|3|2|2|3|3|6|5|3|5|9|5|1|7|4|8|11|11|10|8|8|17|13|11|7|17|12|12|11|18|9|9|6|4|9|9|7|7|7|11|17|8|6|7|13|12|9|7|13|16|14|16|14|11|13|17|12|11|11|11|5|11|10|9|8|10|8|7|4|8|9|7|
2011-08-07|6|1_CTs|CT8||48|41|37|46|25|30|33|21|16|20|19|18|17|12|13|11|17|10|7|1|9|10|10|9|14|10|16|19|18|34|38|37|32|29|38|42|31|35|44|49|56|52|52|53|64|43|72|73|61|62|75|70|76|62|55|40|52|59|77|92|73|90|79|82|79|61|71|78|68|82|74|61|85|89|96|93|106|96|96|84|84|94|76|87|72|73|71|61|71|72|95|60|75|45|60|43|
2011-08-07|6|1_CTs|CT9||50|37|34|38|27|34|27|20|24|18|16|11|16|16|9|9|8|16|13|13|13|15|10|13|19|29|29|28|30|41|44|42|41|47|45|52|49|57|43|45|59|76|77|80|64|68|81|81|94|71|90|82|87|91|94|97|98|92|87|86|98|115|92|98|105|110|75|81|92|96|94|84|78|95|96|112|88|80|89|94|79|83|76|76|71|81|63|60|80|72|60|54|37|58|69|50|
2011-08-07|6|1_CTs|CT10||32|22|26|24|18|11|11|15|10|18|11|8|15|9|11|5|4|7|8|10|6|5|6|11|12|15|15|16|28|24|28|34|23|36|33|30|38|34|31|54|39|45|59|64|49|62|63|46|68|73|52|76|105|51|49|44|56|51|54|64|49|59|73|60|58|58|63|68|66|58|77|69|72|58|93|79|77|85|67|73|121|75|75|47|54|67|44|40|36|44|41|26|29|38|35|35|
2011-08-07|6|1_CTs|CT11||29|31|26|20|17|18|18|14|23|19|14|8|12|12|16|5|8|6|6|10|17|10|8|11|17|14|14|26|18|43|36|41|26|29|37|36|37|52|45|43|49|66|58|72|46|51|68|71|70|66|74|71|70|68|81|84|51|73|60|80|64|60|70|77|67|61|58|61|64|67|99|59|72|78|79|79|74|76|71|78|56|79|62|64|46|64|53|57|49|49|47|41|41|46|41|47|
2011-08-07|6|1_CTs|CT12||36|27|25|22|18|15|17|15|11|14|6|12|14|8|6|6|9|5|7|12|8|8|9|13|14|20|16|22|30|27|28|32|28|35|30|47|29|40|36|57|46|63|83|84|51|67|66|56|68|74|60|75|93|60|51|60|47|55|51|86|61|62|85|74|58|72|73|64|63|59|81|79|71|62|75|89|84|96|71|86|93|86|59|52|57|58|51|50|40|43|33|27|29|41|36|38|
2011-08-07|6|1_CTs|CT13||34|22|27|27|18|26|17|16|13|5|5|5|10|6|10|10|6|11|9|5|11|9|9|18|24|28|29|30|29|37|31|45|28|37|42|40|36|32|32|44|54|73|71|59|57|66|58|63|70|65|62|56|59|78|60|69|76|62|63|65|72|63|69|70|76|72|54|63|68|70|67|64|69|71|67|78|74|62|65|66|53|76|58|58|43|55|50|44|48|51|41|31|20|49|40|38|
2011-08-07|6|1_CTs|CT14||33|23|21|13|12|6|10|12|5|6|3|11|6|3|5|5|11|4|6|8|6|5|10|18|13|16|9|13|27|15|17|23|19|25|17|27|31|28|42|50|36|45|54|58|34|47|46|43|47|57|53|46|69|49|50|57|46|43|43|58|50|43|51|48|47|45|67|58|54|41|47|49|46|45|50|67|55|58|50|63|58|50|36|35|35|32|48|38|36|34|39|32|26|26|33|32|
2011-08-07|6|1_CTs|CT15||17|14|11|11|8|9|12|5|3|4|3|6|5|3|6|7|5|7|5|7|5|9|13|13|20|14|10|13|13|20|22|16|20|25|22|17|9|20|25|26|31|39|29|28|24|40|42|32|44|36|25|51|40|38|29|38|27|33|24|36|36|34|25|39|41|46|40|43|50|41|37|58|47|54|46|46|44|49|41|45|26|52|39|32|20|44|35|31|22|37|29|20|26|38|22|29|
2011-08-07|6|1_CTs|CT16||36|35|26|28|29|21|18|14|14|14|17|8|13|9|16|4|3|13|10|8|9|11|6|14|11|19|15|14|22|33|22|41|22|31|39|36|45|47|39|55|48|61|59|64|57|66|81|67|70|80|82|91|90|77|63|73|64|59|55|81|63|58|83|58|80|58|55|71|81|80|101|67|86|83|97|87|86|81|90|81|102|101|82|74|62|90|60|57|54|67|60|52|45|55|49|49|
2011-08-07|6|1_CTs|CT17||19|12|7|8|5|8|14|8|6|11|6|1|8|4|2|2|6|5|5|1|1|7|1|1|4|7|6|12|13|7|5|6|10|6|10|16|12|17|9|14|17|21|35|26|18|22|33|29|45|28|40|38|34|19|22|13|21|11|7|14|8|11|18|5|9|13|7|12|13|7|17|9|9|10|16|14|5|9|11|15|13|14|7|11|15|15|5|11|10|9|5|11|6|7|13|2|
2011-08-07|6|1_CTs|CT18||65|64|43|48|41|35|32|24|21|14|31|17|19|14|23|20|17|17|13|20|19|21|8|22|28|30|26|32|28|45|39|37|44|44|56|47|59|51|59|75|69|76|72|86|78|83|87|86|88|102|99|93|116|89|58|75|67|76|95|102|85|89|93|88|120|98|96|91|103|101|113|110|111|114|112|102|100|108|115|120|124|149|116|91|82|106|107|91|83|84|83|84|73|79|68|57|
2011-08-07|6|1_CTs|CT19||26|27|24|28|29|24|22|20|16|13|12|12|10|8|13|4|10|7|10|10|8|12|10|6|10|10|7|11|11|13|19|19|17|20|15|21|28|26|40|31|41|41|56|52|41|52|57|61|59|67|52|59|62|71|48|47|41|41|37|41|53|91|55|49|58|52|43|75|71|60|66|62|69|56|78|84|63|67|63|65|66|68|54|63|53|65|49|57|46|35|36|40|32|38|37|32|
2011-08-07|6|1_CTs|CT20||16|20|14|17|17|13|7|6|2|10|8|11|3|3|5|8|7|9|7|6|5|9|3|9|19|14|14|16|17|26|18|25|32|23|29|28|30|29|36|50|37|47|51|56|41|45|55|22|42|57|73|56|28|25|56|53|33|20|39|49|45|55|47|55|46|12|48|55|48|66|71|48|15|32|19|50|70|51|57|0|58|61|57|46|32|12|40|47|36|32|25|13|24|22|26|19|
2011-08-07|6|1_CTs|CT21||87|72|57|64|35|41|33|35|35|32|32|25|19|20|16|15|15|14|20|21|20|13|25|35|38|46|37|43|48|58|78|62|63|54|83|73|74|78|82|87|89|68|87|105|99|122|126|117|126|108|153|120|135|136|105|107|112|115|117|148|152|146|146|124|153|137|142|147|163|129|170|178|166|171|179|176|175|173|163|191|184|177|177|158|146|139|131|131|170|139|154|126|107|126|101|90|
2011-08-07|6|1_CTs|CT22||103|95|89|60|59|53|53|44|38|72|36|39|34|30|41|34|35|29|47|34|35|53|61|60|70|75|91|79|83|72|97|98|90|106|101|96|119|114|123|149|147|150|163|140|139|177|169|168|164|175|181|152|144|163|141|148|129|129|125|132|155|148|171|154|165|141|164|161|173|148|141|164|151|163|183|135|147|156|169|150|160|161|130|136|126|108|122|107|107|107|122|97|98|98|96|87|
2011-08-07|6|1_CTs|CT23||71|67|65|62|44|43|42|37|31|25|34|22|19|21|21|16|15|19|17|10|19|17|21|12|37|27|35|42|37|58|69|56|59|71|64|76|69|72|85|96|106|81|91|95|130|88|132|124|114|118|129|122|128|125|120|103|94|112|119|151|143|149|150|133|134|109|105|108|124|122|113|97|129|130|143|129|135|137|126|117|121|146|139|135|110|97|119|90|107|123|137|97|101|76|80|59|
2011-08-07|6|1_CTs|CT24||78|58|53|47|47|41|29|34|26|41|24|25|22|27|33|17|24|23|29|30|17|20|28|23|27|41|32|44|47|38|49|63|55|46|54|62|68|76|73|76|81|68|86|97|80|87|112|107|127|106|130|111|119|98|109|84|94|78|85|93|90|114|119|127|82|107|123|144|121|104|95|113|116|125|154|142|137|144|145|121|133|137|129|118|86|115|96|97|89|90|81|94|73|83|74|77|
