2017-10-19|2|1_CTs|ct1||62|301|60|42|39|29|33|28|25|22|14|22|13|16|11|19|20|17|15|15|22|25|27|37|311|51|336|98|98|126|150|159|162|411|425|181|170|180|176|224|187|205|451|418|201|416|416|656|414|433|196|446|900|214|196|959|184|166|202|200|196|194|184|202|407|173|180|169|150|403|165|659|180|177|201|200|189|199|464|419|179|194|151|136|370|125|118|352|114|117|104|104|353|104|100|78|
2017-10-19|2|1_CTs|ct2||53|308|39|35|29|17|26|22|18|29|15|16|7|10|8|10|13|11|8|11|9|14|17|14|22|29|39|41|37|36|46|63|63|315|62|604|98|359|94|364|113|113|143|335|126|351|364|108|127|133|117|378|566|131|104|95|105|102|378|116|99|129|348|121|89|374|102|94|99|129|88|601|339|96|96|111|369|126|160|125|102|103|94|329|91|85|76|316|93|79|78|64|74|349|71|59|
2017-10-19|2|1_CTs|ct3||53|46|39|39|29|23|14|23|17|22|11|24|10|4|8|15|13|13|7|11|12|21|13|28|36|33|299|59|313|80|103|102|98|356|108|639|99|386|107|603|111|135|396|122|159|376|394|389|143|144|135|378|140|151|144|393|135|140|139|138|393|130|149|153|135|125|132|115|376|101|113|112|123|135|128|386|123|393|126|138|135|128|106|351|102|77|328|71|77|82|75|66|68|73|71|68|
2017-10-19|2|1_CTs|ct4||34|40|34|25|16|17|26|17|11|16|20|14|13|10|9|9|10|9|7|7|8|10|17|7|11|15|17|17|25|25|299|64|98|83|104|117|104|104|93|365|325|101|112|349|90|85|113|97|91|616|102|341|331|86|79|327|339|83|349|98|109|91|97|76|344|65|82|12|310|79|336|338|69|82|77|333|83|67|86|86|329|60|74|71|76|45|316|315|50|49|312|71|53|49|49|44|
2017-10-19|2|1_CTs|ct5||94|347|72|61|60|51|57|42|37|40|540|26|22|26|17|21|18|27|17|25|13|24|39|21|33|29|33|55|55|78|98|119|151|159|189|188|182|439|170|166|186|166|414|432|159|180|439|194|176|437|190|181|174|166|411|173|154|183|168|170|423|168|184|432|173|164|699|161|412|160|408|664|135|420|166|386|160|156|159|156|150|164|160|136|162|117|120|126|387|111|128|151|124|125|135|99|
2017-10-19|2|1_CTs|ct6||366|99|81|328|58|55|58|47|45|48|37|31|30|19|276|24|16|26|16|20|17|278|36|29|290|37|39|61|55|42|73|93|377|126|141|151|151|159|142|649|158|415|171|410|140|167|437|204|168|456|178|194|170|429|151|423|172|154|165|188|195|197|202|169|442|185|170|197|465|208|458|183|179|194|177|677|191|191|165|678|168|156|421|149|151|128|122|388|141|118|128|208|489|189|148|138|
2017-10-19|2|1_CTs|ct17||112|360|80|77|298|89|54|49|38|44|29|28|30|32|28|20|31|36|26|28|28|42|36|53|67|62|330|354|112|113|403|148|184|447|171|191|181|741|463|235|509|212|767|497|244|484|231|253|266|254|276|535|551|259|269|223|723|230|522|248|249|233|250|762|250|240|497|220|241|456|212|470|220|509|216|498|265|487|229|230|269|460|442|186|189|157|397|142|424|144|153|404|124|154|141|134|
2017-10-19|2|1_CTs|CT19||34|30|33|20|21|23|18|15|11|13|10|9|10|7|6|9|7|13|4|8|14|12|8|18|19|19|31|34|46|61|73|82|97|91|80|104|87|102|102|606|114|90|129|131|124|640|379|118|381|149|119|94|841|154|103|375|102|107|143|106|386|117|646|390|125|139|393|123|372|133|893|388|136|388|633|406|109|118|390|378|386|115|83|589|324|70|74|589|55|67|70|72|54|71|53|53|
2017-10-19|2|1_CTs|CT20||54|59|296|41|32|32|33|15|21|28|14|25|17|24|14|7|14|10|18|18|12|16|18|260|36|276|21|24|32|35|46|63|79|89|347|92|82|96|68|92|344|65|844|318|346|77|60|77|572|59|75|337|74|318|69|78|62|78|335|71|77|76|330|77|82|321|77|331|342|70|77|324|87|86|69|91|75|67|338|339|77|85|70|70|71|325|315|51|305|61|58|81|73|69|76|72|
2017-10-19|2|1_CTs|CT21||29|25|32|28|14|18|12|9|6|13|8|10|7|5|262|5|2|6|5|261|5|9|6|3|7|8|11|14|15|19|30|37|58|555|49|309|48|50|305|48|45|53|36|44|45|49|45|299|557|41|41|58|50|548|54|293|34|40|54|44|50|56|540|47|51|51|46|43|45|47|53|300|41|51|41|40|47|43|43|302|45|51|292|47|43|35|38|27|282|289|30|46|40|33|48|39|
