2014-05-16|2|1_CTs|ct1||79|68|53|42|40|30|37|32|25|19|14|18|22|19|21|14|15|18|12|22|21|22|32|34|41|38|51|86|94|111|142|164|172|161|187|207|202|192|188|228|228|206|216|220|218|212|194|183|196|210|222|202|216|217|169|181|211|195|169|215|193|196|218|190|204|189|191|177|164|193|163|201|179|188|189|184|191|191|196|192|187|185|182|196|62|1|7|7|8|9|13|3|8|5|5|107|
2014-05-16|2|1_CTs|ct2||56|50|29|37|31|21|24|33|20|15|16|17|13|20|12|8|13|21|6|11|15|15|21|15|18|16|28|25|19|39|40|51|42|61|60|85|76|97|111|143|136|129|119|125|131|127|105|136|91|73|99|119|105|103|71|85|91|82|89|109|108|116|93|92|97|95|98|89|76|81|69|93|87|76|91|98|112|98|101|119|101|101|92|109|41|2|9|10|12|12|11|9|8|6|2|66|
2014-05-16|2|1_CTs|ct3||85|81|75|59|55|40|50|50|48|38|24|24|27|27|32|20|24|18|20|25|27|17|34|45|35|49|55|77|82|89|120|122|139|129|179|147|180|183|187|229|233|229|256|205|216|244|224|236|203|192|208|223|199|209|158|185|205|177|179|221|209|233|194|199|201|184|188|175|174|169|190|201|184|190|193|192|203|191|194|204|200|213|196|202|136|64|76|84|84|107|55|75|60|79|87|162|
2014-05-16|2|1_CTs|ct4||28|26|27|24|17|13|19|14|7|12|13|10|7|6|12|62|231|32|13|6|5|10|11|16|12|14|17|19|17|23|27|26|34|36|43|39|44|43|40|42|56|166|248|421|150|50|50|44|27|40|40|47|48|50|39|153|149|132|154|263|93|91|75|61|43|50|39|45|65|41|46|42|130|157|259|303|285|104|199|399|248|388|411|397|42|35|39|36|32|36|35|50|39|41|46|40|
2014-05-16|2|1_CTs|ct5||111|95|96|75|78|61|61|58|31|44|45|28|44|21|27|43|35|25|28|19|23|19|25|39|37|28|37|44|49|48|75|116|140|162|175|185|184|216|197|209|206|213|216|231|239|225|239|211|206|236|240|236|196|221|180|193|224|192|219|227|206|223|220|235|203|199|197|219|221|224|187|163|166|175|187|201|166|169|163|189|219|178|194|223|171|137|158|148|145|166|146|186|197|172|189|194|
2014-05-16|2|1_CTs|ct6||126|96|83|71|69|58|54|53|26|47|38|20|34|17|25|36|26|19|23|15|21|22|20|28|115|26|55|133|38|38|53|124|314|500|527|517|451|297|146|154|164|147|169|155|148|160|178|169|144|165|156|167|152|143|132|142|172|146|161|179|175|168|165|187|187|171|153|172|165|172|149|133|133|131|125|170|151|149|133|144|168|162|146|160|95|116|115|111|101|100|110|124|154|157|128|167|
2014-05-16|2|1_CTs|ct17||108|97|75|75|59|49|68|64|59|46|41|43|44|37|33|27|29|35|21|31|38|28|48|64|41|50|51|87|78|108|110|171|175|154|197|223|219|234|237|236|196|220|240|274|247|281|254|253|226|238|236|258|234|232|243|210|219|199|233|230|237|264|227|252|239|223|241|219|211|230|240|255|238|252|249|229|239|226|268|233|233|226|220|233|232|135|126|125|135|152|126|140|138|126|166|190|
2014-05-16|2|1_CTs|CT19||50|33|26|24|27|21|24|20|25|16|11|12|18|9|8|9|7|5|9|9|10|3|8|13|10|15|13|39|43|45|60|71|96|91|113|104|117|121|117|122|130|132|130|140|114|135|115|137|138|134|135|121|128|113|87|114|113|99|123|114|146|136|112|133|120|128|130|151|122|127|139|153|141|163|171|146|145|146|121|125|137|121|140|146|129|94|72|92|78|78|75|73|84|65|83|97|
2014-05-16|2|1_CTs|CT20||77|62|42|31|35|36|43|34|31|39|23|24|12|14|13|9|13|13|14|9|12|5|8|19|16|13|28|24|29|34|50|67|81|85|91|105|108|91|91|80|86|84|88|73|95|65|64|68|68|75|87|83|73|72|76|75|67|82|69|86|80|80|87|78|49|80|103|82|92|91|96|79|87|83|77|88|92|97|92|85|56|36|42|45|35|56|76|46|40|74|86|76|71|67|86|81|
2014-05-16|2|1_CTs|CT21||39|31|31|22|22|27|23|17|16|15|6|9|5|7|5|2|6|10|11|4|6|2|2|9|9|6|15|7|18|21|26|38|38|53|56|62|69|62|59|51|53|62|62|53|67|50|52|63|52|43|53|52|43|46|51|42|60|49|39|55|48|58|61|54|42|36|70|52|83|59|64|58|61|59|49|50|56|70|55|51|34|17|28|36|20|35|59|35|39|36|38|46|45|49|44|37|
