2012-08-10|7|1_CTs|CT1||23|23|19|15|18|5|9|7|4|5|6|2|6|4|2|2|5|4|5|5|3|3|8|9|10|17|11|16|26|27|50|67|89|104|99|120|118|125|132|134|104|100|97|111|112|86|97|86|87|82|81|81|70|83|74|81|80|78|109|109|108|105|94|95|126|82|102|109|91|116|105|98|102|110|109|116|96|103|84|80|86|90|68|58|49|50|43|33|35|33|39|36|41|37|35|29|
2012-08-10|7|1_CTs|CT2||328|352|32|27|19|28|16|7|14|11|9|10|10|8|6|4|5|9|6|8|16|12|17|15|20|13|19|39|37|55|86|86|109|195|132|167|1292|161|286|1004|362|513|738|646|204|136|98|102|94|125|119|148|96|74|133|122|112|99|104|145|107|111|141|133|118|165|147|143|97|106|114|36|43|142|96|90|113|127|112|83|58|79|99|167|78|72|70|67|46|61|60|72|81|1392|1284|249|
2012-08-10|7|1_CTs|CT4||32|15|19|18|14|14|9|17|21|35|21|19|13|14|7|11|9|10|6|5|4|6|8|14|11|9|7|4|7|9|3|4|5|1|6|3|5|13|5|2|14|8|4|10|4|9|8|4|11|5|4|2|18|12|5|6|5|6|6|13|1|8|5|9|15|2|9|18|25|19|10|10|14|9|17|3|8|11|10|8|9|14|4|7|20|8|8|13|24|15|41|20|36|27|31|29|
2012-08-10|7|1_CTs|CT6||39|55|45|31|26|18|25|18|19|9|13|7|14|10|6|11|17|9|4|7|8|3|13|5|13|9|13|13|19|25|44|67|59|66|89|92|88|93|91|104|106|111|101|81|122|134|125|109|95|112|116|105|107|106|91|106|100|105|103|85|100|98|133|134|108|129|138|143|122|125|128|153|142|154|139|118|133|137|106|101|90|86|88|69|61|64|42|40|53|65|60|51|42|55|46|42|
2012-08-10|7|1_CTs|CT7||41|49|36|42|59|77|52|37|39|35|27|31|6|5|5|7|5|7|13|6|16|4|11|23|14|20|38|27|33|40|52|56|73|77|69|80|89|104|95|83|85|98|96|98|113|125|96|115|100|111|93|103|99|72|93|97|92|98|93|113|91|87|104|96|94|72|105|105|101|107|125|117|144|146|116|94|126|100|83|96|96|87|75|58|67|59|54|41|49|57|43|57|47|27|37|29|
2012-08-10|7|1_CTs|CT8||87|85|85|82|46|53|49|42|38|33|24|27|26|24|36|20|24|35|37|54|65|81|70|87|100|120|105|159|153|189|247|323|295|294|364|323|286|324|336|308|296|270|304|298|264|330|285|294|276|267|295|320|243|276|241|236|247|263|310|257|318|328|288|252|207|246|265|283|295|311|291|306|321|297|294|244|247|262|284|225|233|212|207|172|175|151|146|176|161|146|158|149|133|131|121|107|
2012-08-10|7|1_CTs|CT9||57|67|51|41|33|37|28|21|35|22|22|13|23|18|24|12|12|25|22|32|40|41|33|45|51|73|63|88|84|122|167|195|203|194|189|201|242|216|186|194|199|193|219|195|175|239|201|176|193|199|193|199|157|180|148|159|178|183|202|190|208|79|7|8|5|17|5|228|186|202|178|184|181|197|205|147|136|156|176|151|141|161|143|111|129|136|112|107|106|97|100|90|82|88|69|75|
2012-08-10|7|1_CTs|CT10||124|99|111|104|68|93|57|67|35|49|45|46|45|33|35|29|25|29|24|43|39|24|33|40|45|55|63|55|90|87|91|126|135|179|185|184|216|217|199|211|234|213|226|222|234|252|254|213|228|245|241|251|242|204|193|198|199|211|222|227|232|269|251|268|257|295|299|252|282|286|281|309|268|297|264|253|271|274|269|218|258|196|203|158|182|172|145|130|129|158|127|108|126|117|107|132|
2012-08-10|7|1_CTs|CT11||134|95|92|75|63|73|46|54|21|51|30|39|39|55|22|28|20|22|25|55|39|33|33|36|64|61|83|91|94|106|120|159|185|206|207|222|279|296|257|317|278|223|292|258|246|291|372|323|271|1028|563|700|1137|644|533|307|396|584|527|353|290|358|253|258|248|228|237|494|395|304|333|452|313|398|382|292|277|276|283|206|234|211|185|158|172|173|148|124|130|152|127|139|125|106|94|104|
2012-08-10|7|1_CTs|CT12||57|58|53|51|39|23|26|18|22|16|13|13|16|10|7|18|12|16|10|11|12|7|9|10|19|14|17|23|28|33|52|68|85|90|109|138|124|142|128|131|149|159|161|135|141|182|162|154|153|186|162|149|160|135|122|134|144|139|141|156|154|151|159|168|139|183|184|170|177|171|190|202|172|219|204|162|184|208|161|156|166|130|113|92|104|92|90|81|84|68|80|75|68|71|59|64|
2012-08-10|7|1_CTs|CT13||18|22|15|21|35|38|20|19|7|20|17|14|0|0|3|1|2|1|6|2|2|0|1|7|1|11|8|12|12|10|21|20|29|35|30|35|39|40|44|40|36|49|29|33|39|36|42|44|39|42|39|58|64|58|33|30|38|39|54|47|37|31|56|43|51|38|41|46|43|43|60|48|59|46|36|0|0|7|36|39|38|38|28|15|30|24|20|16|15|19|27|0|0|2|11|16|
2012-08-10|7|1_CTs|CT14||136|108|95|90|95|77|48|50|40|53|23|43|41|34|38|29|29|27|32|45|39|41|41|54|84|81|94|131|127|141|171|197|196|267|271|294|303|336|300|301|293|297|288|339|284|316|296|311|302|312|335|343|319|252|257|222|284|292|321|300|347|324|302|344|349|365|396|447|439|441|476|449|523|507|440|406|466|400|410|335|344|306|285|202|217|214|172|171|173|181|156|166|136|151|104|112|
2012-08-10|7|1_CTs|CT15||406|482|494|496|485|445|407|340|356|501|491|500|500|504|273|2|2|4|5|0|4|2|3|2|7|7|4|6|5|5|17|7|17|17|23|23|29|20|22|27|20|22|26|23|18|190|522|296|41|69|57|49|67|52|35|46|58|69|39|51|57|63|49|48|60|70|77|68|55|70|69|73|65|63|99|455|519|530|510|148|15|13|22|13|13|17|16|20|14|6|10|20|13|12|8|7|
