2014-07-26|6|1_CTs|CT1||0|1|0|1|3|0|1|0|1|0|0|1|0|0|0|0|1|0|1|1|1|0|1|2|1|3|0|1|0|1|3|4|1|2|3|3|3|1|0|3|3|4|3|5|2|4|3|3|4|4|3|1|1|2|3|2|3|4|1|2|1|2|3|4|2|2|2|1|0|2|0|2|4|1|1|2|2|1|1|8|4|2|1|1|1|1|3|1|0|0|2|0|1|1|0|0|
2014-07-26|6|1_CTs|CT3||16|10|14|11|3|3|5|8|7|4|6|6|5|11|10|7|7|14|20|19|10|25|21|20|28|30|32|38|36|40|45|53|49|39|41|30|19|26|52|39|37|44|40|41|20|32|43|42|37|33|30|34|27|43|30|31|34|38|27|26|23|30|25|32|30|25|29|29|36|34|27|31|28|29|25|28|34|30|20|30|15|26|10|33|15|19|13|19|14|11|16|13|10|18|21|13|
2014-07-26|6|1_CTs|CT4||4|14|9|7|5|7|3|8|5|5|3|5|5|2|2|1|3|2|3|1|2|4|3|1|2|1|0|0|5|3|5|4|6|9|9|15|8|8|9|12|20|7|21|13|16|14|2|8|19|19|14|17|26|16|13|14|12|16|11|12|20|15|13|14|17|20|13|22|17|13|12|14|0|24|15|19|21|16|17|14|14|10|8|17|6|12|12|6|7|11|6|7|15|12|9|9|
2014-07-26|6|1_CTs|CT5||17|30|22|15|22|7|20|18|10|15|7|11|9|12|8|10|10|12|8|8|12|5|7|8|15|12|15|15|18|16|26|32|19|26|24|31|29|31|36|45|34|46|56|41|50|51|41|57|36|49|46|49|59|48|41|49|36|40|31|46|39|36|35|39|34|41|50|51|48|54|45|51|38|38|37|31|46|19|40|31|38|19|32|31|26|24|26|34|37|25|27|29|29|21|26|28|
2014-07-26|6|1_CTs|CT6||26|23|22|17|20|7|13|12|10|14|5|10|8|10|8|6|6|14|5|2|9|9|7|10|10|16|16|20|14|22|18|30|22|39|39|49|35|43|54|67|39|62|64|74|77|74|61|94|75|72|75|70|79|100|81|78|61|68|49|52|62|64|75|62|68|61|63|72|55|53|57|71|63|62|55|57|61|62|52|57|47|57|57|45|36|32|36|34|33|29|29|32|30|32|32|31|
2014-07-26|6|1_CTs|CT7||2|6|3|5|3|1|4|3|0|4|2|1|2|3|3|2|2|2|2|1|2|2|1|1|0|6|4|6|9|4|12|10|9|10|18|23|7|16|9|17|21|21|12|12|17|15|15|21|13|16|14|16|19|11|20|10|15|8|10|9|16|16|18|22|11|13|13|15|22|14|13|14|15|13|15|10|19|10|16|16|12|13|13|12|10|10|9|12|6|6|11|11|11|3|6|8|
2014-07-26|6|1_CTs|CT8||61|55|39|46|33|29|32|26|28|22|20|10|17|14|11|8|18|18|13|12|9|7|18|14|14|25|39|28|38|51|58|55|57|76|77|69|75|88|88|106|99|97|101|90|86|86|89|101|101|99|97|90|92|98|83|83|86|75|75|81|101|104|89|97|102|79|85|96|95|71|93|77|88|112|110|97|110|95|95|95|104|118|70|91|70|74|78|50|61|77|66|61|58|62|56|48|
2014-07-26|6|1_CTs|CT9||62|53|58|63|36|34|29|16|22|19|20|24|17|16|7|8|15|11|13|6|16|21|18|31|30|28|41|45|36|70|65|74|72|67|77|97|101|105|117|106|125|107|126|149|136|119|150|150|137|119|137|136|133|145|129|126|94|112|123|150|107|139|131|124|128|130|114|127|114|104|117|99|123|121|136|119|108|109|114|110|101|89|90|82|79|74|75|72|74|70|65|55|70|64|61|73|
2014-07-26|6|1_CTs|CT10||38|33|37|15|26|20|29|17|16|16|10|11|13|6|11|11|12|5|6|1|8|17|17|18|23|19|23|29|30|32|56|57|39|43|67|68|72|64|72|78|90|98|102|97|88|107|97|102|117|113|110|107|106|84|81|82|66|81|76|83|56|94|97|82|90|90|89|102|112|89|85|77|88|92|99|94|100|87|86|101|76|95|78|70|66|56|53|68|94|65|44|44|49|40|43|40|
2014-07-26|6|1_CTs|CT11||40|37|32|31|24|20|26|12|13|7|9|15|6|9|12|5|11|6|9|7|5|18|16|38|21|25|38|47|44|53|71|81|82|80|111|111|102|109|103|142|136|123|131|129|121|129|147|114|112|128|123|105|106|133|105|102|89|76|90|100|87|93|104|107|91|87|113|102|84|89|102|100|90|90|94|102|97|76|90|88|98|85|90|78|62|81|66|53|61|53|39|45|41|66|47|42|
2014-07-26|6|1_CTs|CT12||49|49|54|27|35|24|27|14|19|12|17|11|18|14|15|9|9|3|7|5|6|13|17|25|19|30|29|25|32|40|58|60|46|50|69|85|77|73|74|101|107|112|136|117|119|114|136|121|116|128|134|131|133|125|107|93|86|92|91|104|81|111|101|115|104|103|112|124|111|105|133|107|100|109|111|101|111|87|95|102|101|93|102|78|64|52|57|64|86|71|55|43|58|49|41|50|
2014-07-26|6|1_CTs|CT16||40|36|33|30|26|27|37|24|14|19|10|12|9|9|12|13|15|9|11|5|11|16|12|21|17|21|29|42|51|38|65|81|74|69|100|120|99|108|94|140|130|153|122|123|125|159|141|144|133|140|145|125|128|130|118|127|94|94|104|97|102|107|122|113|94|103|137|112|108|110|109|98|109|96|116|98|114|90|107|109|104|100|92|89|86|93|68|71|77|64|59|66|56|55|57|47|
2014-07-26|6|1_CTs|CT17||25|34|22|17|10|18|19|9|9|11|10|7|7|8|4|7|5|3|6|3|3|4|6|11|0|10|8|14|7|12|25|18|26|23|30|34|36|25|35|53|59|44|46|51|55|58|56|60|60|56|64|52|64|61|67|63|43|45|50|58|52|54|59|54|58|53|44|57|50|41|39|38|36|62|55|43|39|57|47|46|39|36|42|31|41|26|30|24|38|23|20|23|30|32|19|33|
2014-07-26|6|1_CTs|CT18||74|72|66|53|46|39|43|46|24|33|25|27|31|25|22|21|22|30|12|28|21|12|20|20|35|29|48|42|63|58|75|84|78|82|84|109|100|110|126|168|115|169|176|168|166|174|159|194|176|177|174|154|167|159|153|143|119|133|134|143|137|156|149|152|139|127|156|132|152|145|140|124|137|156|136|130|159|134|135|128|144|123|125|129|111|107|103|94|122|96|90|97|85|72|71|85|
2014-07-26|6|1_CTs|CT19||46|60|42|36|27|34|23|26|21|25|20|17|23|18|9|15|10|8|15|9|10|6|11|12|6|12|15|20|21|19|32|26|34|31|45|51|55|59|63|74|92|89|92|111|107|102|113|121|119|104|111|113|111|121|115|77|70|92|88|94|78|77|97|90|90|81|72|97|110|88|71|85|95|93|114|96|87|93|84|76|87|89|78|59|70|66|43|65|57|57|48|48|39|47|37|39|
2014-07-26|6|1_CTs|CT20||32|24|18|26|12|16|17|10|16|11|9|9|6|10|7|5|7|9|8|11|6|5|13|17|10|18|19|22|25|32|39|50|47|41|44|58|64|57|80|88|92|87|119|96|122|101|100|127|111|121|139|116|8|35|101|87|78|86|90|80|86|83|74|77|75|86|50|27|63|40|52|72|50|92|86|70|44|40|29|79|82|68|54|13|41|14|5|44|2|16|48|43|39|25|46|39|
2014-07-26|6|1_CTs|CT21||78|76|72|43|56|34|28|34|30|21|19|30|21|35|26|26|15|26|26|29|30|47|44|37|51|66|63|82|58|92|110|125|109|130|144|160|149|141|143|175|160|147|166|181|164|155|169|188|153|163|173|170|126|154|131|135|129|154|162|167|150|168|166|151|182|154|177|153|157|159|171|149|152|164|182|154|137|170|159|170|131|147|151|140|120|146|96|107|114|115|105|98|84|109|102|93|
2014-07-26|6|1_CTs|CT22||126|94|98|89|88|61|56|51|66|45|51|45|48|49|44|44|34|41|46|38|60|57|70|57|70|67|76|85|78|101|116|117|129|108|109|142|145|147|177|181|183|179|207|228|197|232|195|250|230|229|253|231|215|242|205|168|188|172|169|205|173|201|209|210|224|208|184|193|236|228|204|196|196|197|191|190|180|186|176|192|173|166|139|144|144|121|126|104|126|127|111|107|108|119|103|116|
2014-07-26|6|1_CTs|CT23||104|67|61|43|49|36|32|31|41|23|28|16|24|27|16|19|26|27|17|24|17|17|22|31|38|39|58|69|65|82|83|100|94|126|125|105|150|141|160|150|153|160|150|155|158|142|144|164|178|153|157|152|151|159|125|136|139|114|148|125|166|148|146|157|132|141|147|120|135|124|122|142|152|147|153|125|149|134|145|129|154|136|119|126|100|94|107|93|92|86|98|83|71|84|79|80|
2014-07-26|6|1_CTs|CT24||98|95|79|75|73|56|55|35|38|36|35|31|33|35|29|29|30|40|24|29|26|25|24|31|38|37|57|68|61|73|92|84|75|90|102|126|102|110|134|136|134|139|150|165|169|168|156|174|179|171|182|181|158|181|175|142|141|134|136|139|158|181|155|165|160|154|155|170|156|191|170|178|169|169|147|159|171|183|154|162|154|130|132|134|141|105|110|91|99|114|103|119|102|91|93|95|
