2017-12-13|3|1_CTs|ct1||37|32|20|21|12|15|10|6|4|4|7|1|2|8|1|4|2|5|3|0|0|3|6|8|17|17|33|39|53|72|136|169|454|195|707|178|189|689|164|168|396|154|124|623|114|391|141|395|391|160|155|172|148|152|127|116|398|415|154|159|162|909|146|149|137|931|170|176|182|169|413|156|662|152|437|168|392|428|178|181|434|437|197|111|125|89|103|75|310|328|60|63|320|75|46|54|
2017-12-13|3|1_CTs|ct3||226|208|691|147|104|96|78|70|40|59|50|40|312|40|40|287|22|35|30|295|46|41|61|71|89|94|133|135|166|217|375|488|542|826|831|549|527|766|525|984|474|482|693|1166|437|455|754|997|938|519|501|407|455|522|700|554|618|477|742|746|503|501|487|505|514|542|582|558|762|817|505|569|829|827|1329|551|462|511|498|573|508|774|779|665|417|414|406|333|589|310|279|302|329|582|560|549|
2017-12-13|3|1_CTs|ct5||130|131|380|318|68|50|51|306|35|40|16|22|277|21|14|17|17|19|9|16|20|16|14|14|279|25|51|52|73|336|139|194|490|259|268|289|285|481|238|500|1236|184|218|205|717|454|184|708|201|289|540|257|243|541|505|748|234|211|497|272|263|262|270|279|307|1044|305|333|337|349|315|277|274|311|962|312|824|320|565|319|275|549|280|226|196|240|468|443|174|170|168|170|429|1032|219|480|
2017-12-13|3|1_CTs|ct6||11|5|4|8|3|2|6|1|0|1|1|1|0|0|2|2|0|0|0|1|2|1|5|4|5|5|10|17|30|42|39|61|65|68|587|76|76|71|77|74|63|68|71|52|53|558|64|293|291|59|74|47|61|57|54|36|55|70|66|54|65|72|70|78|67|299|47|64|65|288|303|50|70|65|57|55|65|305|60|57|67|65|43|33|30|262|30|26|27|19|19|25|29|29|21|26|
2017-12-13|3|1_CTs|ct7||86|589|68|61|53|40|43|35|34|272|25|18|25|14|19|15|12|19|272|7|15|21|21|26|27|32|32|51|286|68|80|107|91|121|647|152|141|125|133|138|139|150|169|142|412|147|144|54|49|89|89|159|148|126|148|157|163|157|170|148|351|71|39|299|70|48|47|42|324|566|44|18|1|27|18|289|302|32|72|112|136|557|201|112|368|113|102|99|377|106|116|122|140|169|134|151|
2017-12-13|3|1_CTs|ct8||40|294|31|35|29|24|21|15|15|5|18|10|12|6|7|11|5|10|11|3|11|12|12|13|10|20|23|22|264|35|35|56|44|64|590|99|101|93|83|98|99|112|124|91|368|361|114|110|122|137|132|134|147|385|97|109|125|121|124|135|134|136|109|138|650|126|114|124|396|116|103|146|148|123|97|118|375|99|122|113|98|94|62|71|330|69|69|65|76|68|64|63|78|101|65|83|
2017-12-13|3|1_CTs|ct9||774|1227|631|1249|739|689|372|1808|465|426|100|41|58|313|823|242|41|425|359|1295|96|667|368|632|558|401|735|92|184|120|197|768|2137|533|1554|1874|1552|1725|1212|1152|428|308|202|480|692|471|1093|823|602|220|308|482|903|1109|1262|1920|449|472|256|552|510|1596|785|1067|2197|3347|951|1225|1692|579|628|386|351|259|353|223|610|525|1100|662|2492|1264|701|880|775|143|298|355|1410|2329|735|214|142|361|153|123|
2017-12-13|3|1_CTs|ct10||100|86|72|63|68|41|23|34|42|34|25|23|23|21|13|21|20|23|10|21|24|11|17|19|22|20|32|46|43|67|93|115|159|165|170|183|177|188|157|140|151|135|158|158|149|126|148|142|146|145|164|161|160|138|140|143|140|150|145|169|143|173|169|173|154|159|173|168|171|148|173|179|151|155|136|130|140|150|142|118|147|138|153|142|133|116|93|97|94|110|87|82|112|101|126|112|
2017-12-13|3|1_CTs|ct13||456|442|144|637|128|95|79|616|332|80|333|50|70|64|42|46|58|56|52|306|70|50|34|58|83|78|94|112|136|146|208|220|506|239|512|291|772|546|249|244|226|271|635|320|602|301|546|824|292|217|533|731|463|245|221|245|263|279|267|258|258|262|433|496|301|273|265|556|240|949|872|86|136|135|114|324|993|258|277|519|302|537|540|247|260|251|234|219|246|259|217|225|462|237|505|250|
2017-12-13|3|1_CTs|CT16||107|90|85|72|73|64|58|48|51|42|27|28|37|25|15|32|27|30|18|31|29|20|18|25|44|35|291|49|72|103|113|165|169|439|476|210|434|450|215|246|436|198|180|950|203|454|172|192|216|197|468|225|466|198|201|424|166|191|214|204|234|729|200|220|479|471|201|213|465|209|505|241|229|252|205|234|502|257|245|245|242|1013|218|185|152|386|114|367|122|101|106|113|151|373|368|111|
2017-12-13|3|1_CTs|ct18||106|113|81|72|75|56|31|40|48|49|36|26|26|32|23|28|28|33|15|24|28|23|24|22|42|31|43|74|85|111|146|176|222|229|256|261|254|250|226|205|240|200|221|210|196|205|179|179|208|182|209|206|97|162|195|187|194|183|205|195|205|191|232|168|216|224|196|213|206|179|244|205|206|238|168|139|140|225|180|143|183|195|174|198|137|153|135|107|115|129|113|125|146|130|144|148|
2017-12-13|3|1_CTs|ct19||3|0|0|0|0|0|1|0|1|0|0|0|0|0|0|0|0|1|0|0|0|3|1|1|2|4|6|4|10|4|4|7|11|9|8|7|8|6|3|7|12|5|6|4|2|3|6|6|11|5|3|4|2|6|4|7|6|11|3|8|3|8|6|8|3|7|5|1|8|7|6|7|5|8|3|3|5|3|11|3|4|2|5|4|7|4|4|5|1|0|4|5|0|1|0|1|
2017-12-13|3|1_CTs|ct22||7|5|257|2|1|1|2|0|1|2|2|0|0|2|0|1|2|1|2|2|0|2|1|1|3|6|3|3|6|10|14|18|17|18|14|275|25|21|20|30|273|17|19|20|21|15|24|26|28|21|291|33|33|21|19|16|277|28|21|15|22|31|29|36|35|32|35|537|41|36|276|33|42|25|22|18|280|11|17|17|13|23|18|14|18|11|9|9|10|6|12|14|9|8|9|7|
2017-12-13|3|1_CTs|CT23||609|68|314|53|40|29|30|18|30|17|11|12|13|9|6|8|12|10|273|8|19|20|23|284|30|291|313|88|130|435|449|195|231|224|209|498|220|243|213|196|211|438|200|441|197|432|171|468|851|179|426|174|181|166|179|694|429|195|207|181|193|171|188|197|166|145|390|116|354|41|38|39|60|33|49|75|597|73|86|94|132|164|159|136|130|117|368|116|127|108|110|101|377|127|117|124|
2017-12-13|3|1_CTs|ct24||822|61|52|292|289|19|21|17|20|12|13|7|12|13|12|7|15|8|20|23|27|36|57|60|79|154|281|396|528|631|631|863|577|549|770|1003|767|1342|1084|1054|959|665|811|1098|557|549|502|765|759|1047|550|774|763|530|457|883|608|511|762|505|757|993|514|767|489|765|972|1000|480|722|1035|742|722|459|691|481|451|461|480|447|708|951|327|282|195|434|442|421|135|391|138|131|635|621|366|374|
