2013-07-11|6|1_CTs|CT1||1|1|3|0|1|1|1|1|0|0|0|0|0|1|2|1|0|2|1|0|2|2|3|3|3|6|1|4|5|3|6|11|8|10|9|17|16|8|9|8|7|2|4|5|8|2|5|9|4|4|5|5|3|3|4|3|6|4|2|9|4|2|1|5|4|8|13|1|9|10|6|7|4|3|4|3|2|4|2|2|2|5|2|4|1|4|3|1|0|1|5|16|17|2|0|0|
2013-07-11|6|1_CTs|CT3||20|16|11|9|19|3|3|2|3|1|3|1|0|3|3|3|4|8|11|17|21|16|23|39|30|18|29|37|37|43|52|59|58|95|85|83|75|82|86|72|56|46|53|52|51|43|41|44|47|69|54|45|45|52|49|49|35|62|49|61|37|45|33|39|43|63|37|65|56|53|38|63|41|51|66|67|58|56|39|42|32|28|43|29|25|28|28|25|20|22|25|32|22|23|20|16|
2013-07-11|6|1_CTs|CT4||10|11|5|6|9|4|2|4|3|1|1|2|2|1|0|1|0|3|1|1|2|2|3|0|2|5|2|4|4|11|7|9|15|21|16|10|34|11|3|34|20|17|22|27|28|28|15|6|23|33|28|31|29|26|31|10|21|24|20|22|25|22|25|25|29|33|41|37|33|23|25|25|50|34|53|48|34|43|34|8|9|5|15|18|22|14|12|14|18|12|16|8|12|10|11|8|
2013-07-11|6|1_CTs|CT5||22|17|20|22|14|10|8|12|6|8|4|7|2|1|8|5|10|3|6|8|5|1|4|11|6|6|4|9|19|25|44|42|51|50|56|67|76|68|85|104|84|60|69|64|69|70|69|67|60|60|79|86|54|49|64|56|58|69|76|81|70|76|64|65|65|76|67|66|62|58|77|78|69|52|72|55|55|38|49|43|37|52|35|59|43|41|40|32|33|40|32|25|23|22|35|30|
2013-07-11|6|1_CTs|CT6||30|17|23|16|8|17|13|9|1|9|4|4|9|7|5|3|2|8|5|6|7|10|8|13|11|11|15|19|29|55|49|88|95|130|160|188|137|137|127|117|92|106|91|93|111|88|96|91|83|101|99|89|87|93|81|96|100|98|139|120|104|96|88|90|93|89|105|114|120|128|126|102|137|109|97|100|114|117|92|85|92|116|86|85|74|66|58|64|54|68|52|56|47|63|55|27|
2013-07-11|6|1_CTs|CT7||6|7|2|7|4|2|1|2|0|2|1|1|4|1|1|0|1|2|3|3|0|1|4|2|5|3|3|9|11|14|18|24|27|29|39|31|26|42|41|29|32|26|34|23|20|21|24|19|22|28|27|22|29|23|27|23|14|30|26|28|26|22|21|24|18|33|25|24|30|29|34|29|29|30|23|26|26|30|21|24|19|12|15|16|7|6|10|13|15|18|11|4|11|13|12|8|
2013-07-11|6|1_CTs|CT8||75|82|54|40|25|25|26|31|23|20|19|10|12|17|6|8|8|7|6|5|13|11|16|16|23|37|43|51|73|86|150|180|210|209|223|234|241|212|222|192|177|148|155|130|133|147|134|132|138|160|160|170|148|139|133|134|170|171|172|170|152|159|147|137|147|167|146|155|157|189|161|196|186|203|178|189|177|157|162|177|170|130|127|101|106|85|108|93|92|97|80|97|79|86|91|74|
2013-07-11|6|1_CTs|CT9||68|59|57|38|24|27|21|20|9|12|11|4|12|11|9|12|8|9|6|13|16|16|21|27|30|37|47|59|78|117|136|222|225|257|320|295|309|304|254|278|199|187|210|203|208|175|191|220|204|209|190|222|191|184|185|176|188|186|203|207|245|211|230|211|218|239|205|218|241|221|269|255|254|272|275|333|301|247|212|188|183|180|173|116|122|119|117|109|107|94|91|107|94|72|86|84|
2013-07-11|6|1_CTs|CT10||38|42|37|17|22|11|12|6|7|10|5|11|8|5|4|2|8|2|7|2|9|12|11|19|26|19|35|41|49|61|81|106|136|145|171|188|189|178|192|169|160|158|165|146|146|148|144|172|190|148|142|149|145|151|124|123|135|145|137|142|152|129|149|129|159|179|147|169|170|193|228|199|207|240|230|213|197|202|183|149|161|162|115|88|114|77|85|81|67|61|71|52|58|44|48|46|
2013-07-11|6|1_CTs|CT11||37|44|32|29|13|7|17|11|8|2|15|5|9|6|9|9|6|6|3|8|14|20|20|26|25|40|51|75|101|123|206|282|301|326|338|323|324|323|289|286|226|207|197|202|200|169|183|220|196|193|190|183|200|186|191|175|184|195|210|196|204|190|158|180|194|219|197|204|212|188|254|197|197|184|186|176|142|165|163|166|134|145|148|105|113|115|90|86|72|82|58|44|67|59|67|51|
2013-07-11|6|1_CTs|CT12||39|39|38|26|27|17|12|18|13|3|7|7|12|4|8|5|3|9|8|3|9|18|16|22|27|30|39|39|63|57|116|142|171|193|221|283|235|243|222|202|192|180|185|170|182|193|162|235|211|191|183|187|161|180|156|155|149|175|178|192|194|166|157|168|190|210|205|225|220|264|284|253|253|295|233|249|243|220|197|213|223|189|140|110|116|95|90|88|79|86|83|61|82|63|52|53|
2013-07-11|6|1_CTs|CT15||25|17|16|14|11|14|9|12|3|5|5|4|7|3|1|2|3|6|5|6|10|12|9|23|14|12|20|33|38|51|82|106|105|121|141|141|132|130|129|120|100|93|91|94|65|76|66|68|76|85|91|92|96|76|80|71|71|77|72|77|76|77|75|65|83|86|70|81|75|67|105|88|71|95|134|146|148|91|72|67|69|50|48|44|42|37|24|38|44|42|33|25|29|26|32|26|
2013-07-11|6|1_CTs|CT16||37|42|37|31|23|13|17|9|8|12|6|8|14|7|8|5|8|2|4|8|8|10|14|21|25|22|33|62|60|97|141|182|200|234|241|235|270|258|263|251|216|193|202|189|194|155|192|186|166|189|167|175|183|176|169|169|163|194|189|158|212|162|166|166|183|193|196|196|185|203|220|204|206|205|219|197|159|194|152|175|147|148|144|112|126|98|101|96|84|93|87|64|73|66|65|48|
2013-07-11|6|1_CTs|CT17||25|23|24|20|11|6|8|13|14|1|4|0|3|4|4|2|1|5|5|1|1|7|5|9|5|4|12|9|10|20|31|41|50|61|77|80|96|76|79|80|52|85|66|72|65|63|65|73|78|74|72|78|59|67|44|76|53|67|58|68|75|66|73|100|73|71|89|101|80|87|90|90|87|83|90|75|88|83|75|75|96|88|65|58|48|44|58|39|35|35|45|45|45|41|29|42|
2013-07-11|6|1_CTs|CT18||88|65|54|55|43|24|25|26|21|22|17|17|15|7|19|11|21|11|12|20|14|16|12|31|30|40|37|67|75|113|156|201|229|271|296|321|318|287|303|302|269|270|217|230|226|242|238|223|212|231|234|232|234|227|229|193|198|221|244|235|255|240|223|219|254|248|215|254|267|255|272|257|256|266|252|275|238|261|217|216|192|188|175|172|147|145|136|133|120|143|121|92|92|90|108|88|
2013-07-11|6|1_CTs|CT19||51|44|48|33|30|21|17|20|22|13|12|7|12|5|11|5|6|5|10|6|8|4|10|8|6|9|12|12|22|34|38|69|83|92|129|177|170|163|146|145|152|136|116|145|115|141|153|155|125|161|139|133|122|122|95|124|109|123|118|141|146|124|116|145|145|146|156|166|159|153|170|185|200|185|161|178|197|205|150|167|184|190|141|96|99|85|85|87|74|74|75|77|66|72|54|63|
2013-07-11|6|1_CTs|CT20||39|28|27|22|21|11|4|8|11|3|4|6|5|1|3|2|3|2|1|10|7|8|10|15|15|14|13|33|34|37|42|69|90|88|112|135|43|92|114|116|118|136|98|109|126|121|95|92|127|134|7|115|142|111|57|29|110|139|115|39|91|126|116|114|57|34|89|72|103|122|9|55|54|6|99|36|6|109|104|99|89|81|43|15|63|15|72|65|61|81|22|54|43|40|36|33|
2013-07-11|6|1_CTs|CT21||96|111|53|43|38|30|24|23|18|16|18|12|16|13|8|9|10|31|20|33|33|35|32|64|49|38|56|108|129|190|251|293|323|300|356|322|329|319|306|312|275|229|232|240|221|230|214|192|206|242|213|248|215|218|169|237|215|220|259|254|222|255|249|212|244|256|218|251|250|199|242|255|239|237|260|293|247|209|188|193|177|190|165|157|138|141|118|115|117|111|106|104|97|106|115|92|
2013-07-11|6|1_CTs|CT22||120|108|77|74|49|43|48|33|33|27|28|21|20|21|17|21|22|24|49|31|58|38|62|64|54|56|86|70|101|134|158|186|191|235|251|277|254|288|266|255|223|240|219|212|231|254|253|243|263|265|280|239|246|253|251|230|238|250|230|244|309|304|268|294|287|303|307|326|322|347|343|319|369|393|371|350|387|353|348|289|285|281|218|198|158|171|178|146|169|120|125|118|109|125|124|91|
2013-07-11|6|1_CTs|CT23||23|27|26|12|19|5|6|5|5|9|6|2|3|3|3|3|2|1|6|3|3|3|9|3|7|12|13|18|23|17|47|52|75|103|106|143|121|84|101|88|78|69|64|73|54|55|56|60|57|72|63|76|54|63|56|54|63|57|70|71|56|59|70|56|65|69|63|74|70|79|81|86|100|99|99|89|121|85|69|65|54|65|47|46|42|35|36|32|37|34|36|29|32|17|38|21|
2013-07-11|6|1_CTs|CT24||99|76|85|52|46|47|34|30|31|30|24|18|16|20|19|11|14|22|26|19|19|19|30|35|30|36|43|68|89|140|173|207|200|262|294|347|327|366|311|316|278|276|284|230|280|248|267|281|280|323|260|315|276|224|224|245|253|287|286|300|287|284|261|285|266|338|335|326|324|394|394|431|402|447|441|454|443|409|386|306|339|341|242|213|201|187|154|151|143|141|130|135|131|122|122|103|
