2012-03-06|3|1_CTs|ct1||48|40|30|22|11|18|4|17|10|8|7|2|5|3|4|3|1|4|4|5|6|9|10|25|10|15|27|53|49|74|137|210|205|254|224|218|229|235|218|219|219|225|179|171|195|175|175|189|164|177|188|196|205|183|181|192|170|142|152|175|196|213|213|229|214|228|222|233|208|206|217|209|226|181|208|227|212|209|200|207|170|164|116|123|113|94|95|108|110|115|93|103|104|71|62|60|
2012-03-06|3|1_CTs|ct3||104|119|94|55|41|51|30|50|38|29|30|8|23|19|36|16|15|31|27|22|38|29|54|69|56|73|98|143|151|203|347|448|447|545|511|516|484|501|535|461|559|481|428|451|429|425|400|451|396|442|446|452|386|413|412|406|367|402|426|453|465|477|522|462|466|461|391|427|405|436|376|348|330|300|312|332|311|292|340|389|349|358|297|243|238|228|211|230|268|284|265|261|223|173|171|139|
2012-03-06|3|1_CTs|ct5||128|94|66|56|53|35|53|31|45|28|22|23|17|19|19|29|25|19|41|33|28|25|31|36|63|64|82|100|134|159|215|254|305|402|366|404|338|423|379|353|363|309|294|305|330|336|272|326|294|325|296|284|350|267|279|290|314|311|358|323|326|341|304|351|256|303|326|297|308|372|338|333|218|285|315|402|356|294|313|313|263|253|260|225|184|154|203|187|186|199|217|165|186|164|169|137|
2012-03-06|3|1_CTs|ct6||86|68|58|56|42|49|23|39|25|28|15|16|15|16|12|15|9|16|13|12|7|8|19|12|9|20|17|29|31|61|96|110|163|187|231|201|221|185|173|167|145|164|170|181|182|147|178|179|182|194|185|210|231|235|183|176|220|195|185|200|208|218|216|237|221|271|277|256|260|298|307|307|283|328|276|236|255|310|270|246|209|199|221|162|140|117|118|137|189|170|121|168|124|112|120|119|
2012-03-06|3|1_CTs|ct7||94|80|66|55|43|43|40|46|29|21|25|17|20|23|17|17|12|10|14|13|13|18|13|29|23|32|29|32|50|56|89|94|158|161|156|200|207|179|174|185|155|161|162|185|189|199|171|181|208|189|206|204|195|161|152|178|163|182|186|219|232|244|233|224|226|236|233|221|205|195|176|192|132|125|131|130|141|165|181|150|152|158|156|127|94|90|94|115|101|81|103|129|106|132|99|118|
2012-03-06|3|1_CTs|ct9||98|74|68|84|57|48|64|48|30|29|69|36|34|43|28|27|21|21|17|23|16|14|23|18|27|27|34|45|58|70|104|147|210|242|236|189|176|194|197|176|162|150|138|172|159|179|167|162|149|141|155|156|175|161|179|178|205|165|190|213|139|128|94|162|180|185|148|171|165|191|191|170|165|242|249|292|238|159|191|138|131|128|126|141|97|72|72|101|93|106|95|99|104|91|114|124|
2012-03-06|3|1_CTs|ct10||41|53|45|38|29|19|21|23|28|16|17|18|16|16|13|11|13|13|4|7|4|9|14|13|24|16|28|26|32|32|65|79|118|142|137|143|149|153|160|130|111|110|111|131|107|108|132|121|97|127|118|134|128|138|122|124|141|129|136|152|137|141|141|138|135|140|120|135|125|141|157|160|155|154|151|152|146|118|105|120|99|100|102|85|72|85|74|80|85|95|82|79|67|57|79|78|
2012-03-06|3|1_CTs|CT11||26|24|23|22|19|12|19|15|16|13|13|10|16|16|9|12|11|16|15|9|5|10|17|12|11|17|12|20|33|28|46|52|40|41|61|56|55|58|54|71|56|52|55|50|53|52|55|48|55|57|59|56|59|54|46|52|67|53|57|53|48|62|61|44|56|63|58|58|64|56|47|63|42|53|47|40|68|55|55|48|49|49|55|44|43|40|41|50|73|44|43|44|46|40|36|35|
2012-03-06|3|1_CTs|CT12||15|23|24|15|14|11|10|14|11|13|11|10|10|10|11|6|9|9|4|6|3|8|9|7|15|15|17|10|18|15|27|18|22|20|20|27|27|40|26|34|35|38|39|46|47|40|46|40|34|41|35|44|42|49|39|42|51|34|43|44|42|45|46|47|33|39|32|39|38|35|42|43|42|38|26|29|46|44|41|34|47|29|34|35|29|36|34|21|29|37|22|29|30|22|29|27|
2012-03-06|3|1_CTs|CT16||22|15|29|24|22|16|16|8|11|6|9|4|8|13|7|5|11|8|5|4|3|6|4|5|6|8|14|11|13|19|24|22|36|35|49|46|45|59|53|55|52|44|40|44|40|51|46|41|31|40|39|39|34|44|35|49|39|47|46|47|32|51|43|51|61|47|51|53|65|50|62|66|48|63|53|73|57|70|49|44|50|37|46|33|31|26|26|22|22|22|22|26|43|16|28|23|
2012-03-06|3|1_CTs|ct17||63|54|48|48|36|19|23|23|17|16|13|14|12|12|7|13|11|10|2|10|8|11|23|24|27|20|35|50|46|75|141|227|299|358|353|235|324|302|323|296|263|223|207|216|197|181|216|196|202|194|200|219|209|255|212|188|240|230|241|232|215|240|241|239|239|229|224|255|256|244|259|263|241|252|230|244|215|199|179|184|159|148|135|157|112|107|100|106|108|124|112|107|94|78|78|95|
2012-03-06|3|1_CTs|ct18||80|78|71|58|49|27|27|34|35|24|20|20|23|18|16|15|17|14|7|9|10|16|17|24|39|29|49|48|48|70|121|140|232|228|227|243|260|259|225|221|172|157|181|196|150|186|179|181|153|172|174|175|148|202|160|179|215|192|193|199|189|196|199|197|162|158|173|171|192|181|209|180|189|225|175|216|194|157|136|164|158|159|136|125|104|123|109|112|122|137|126|121|120|90|95|102|
2012-03-06|3|1_CTs|ct19||0|1|0|0|0|4|0|0|0|0|0|0|0|0|0|0|0|0|0|0|0|0|1|2|4|7|7|5|6|5|8|6|7|6|17|9|7|6|10|9|5|11|6|6|12|1|7|8|4|5|7|11|8|7|11|6|5|6|5|7|8|8|8|15|6|11|7|8|5|13|5|8|12|6|12|13|7|11|8|3|4|6|3|7|3|9|5|1|0|1|1|0|0|3|1|1|
2012-03-06|3|1_CTs|ct20||57|57|48|29|27|27|18|11|21|24|22|12|12|9|10|14|13|8|13|9|14|10|14|18|22|34|49|80|83|127|172|222|213|215|226|186|186|175|196|169|186|127|179|146|174|185|175|214|171|183|201|200|217|178|170|199|218|225|210|214|196|191|211|205|206|252|208|169|189|221|213|224|207|220|208|199|213|205|199|195|202|198|153|145|106|110|85|93|112|123|110|98|73|79|73|84|
2012-03-06|3|1_CTs|ct22||10|6|4|2|3|3|1|2|1|3|1|2|2|1|0|2|4|1|1|0|0|1|3|3|2|2|0|5|3|3|12|12|26|21|21|15|30|23|28|20|26|16|19|21|23|24|19|29|17|21|34|27|29|29|13|25|28|31|31|28|29|31|36|31|38|36|41|43|42|44|34|44|66|59|48|60|56|48|46|11|13|31|18|12|11|4|10|9|8|9|9|7|3|7|5|6|
2012-03-06|3|1_CTs|CT23||84|65|48|30|39|24|19|26|18|18|7|16|20|5|5|8|6|15|7|9|8|12|13|12|8|11|44|29|76|69|131|181|222|269|283|263|280|224|245|226|194|184|189|194|199|176|173|215|213|227|221|245|258|236|214|192|215|203|215|229|245|247|209|269|296|331|336|324|342|345|370|372|401|351|429|427|418|426|407|366|318|308|271|205|163|165|141|169|237|213|172|125|197|131|122|101|
2012-03-06|3|1_CTs|ct24||126|144|109|86|68|59|49|33|30|33|40|17|31|26|34|17|31|44|40|41|49|55|83|103|123|176|310|502|678|910|1051|955|887|880|875|907|1011|876|942|902|1029|868|906|841|787|798|752|739|739|738|757|820|803|753|741|809|808|857|910|904|806|846|805|817|697|785|742|770|765|844|868|902|953|976|926|928|892|819|761|685|599|567|476|425|311|305|252|338|367|342|297|290|237|236|187|183|
