2011-06-02|6|1_CTs|CT1||2|2|10|8|4|1|1|0|0|4|1|1|0|0|2|1|0|0|3|3|4|1|1|9|8|6|5|5|5|5|8|20|84|36|24|30|8|13|14|11|6|5|10|9|7|7|7|3|6|5|9|8|8|13|12|6|3|4|6|5|6|7|10|9|4|11|7|14|7|9|9|2|6|9|5|5|6|7|6|4|4|2|2|4|3|2|3|3|0|4|10|23|12|1|3|0|
2011-06-02|6|1_CTs|CT2||0|0|0|0|0|1|0|0|0|0|0|0|0|0|0|0|0|0|0|0|0|0|0|0|0|0|0|0|0|0|0|0|0|0|0|0|0|0|0|0|0|0|0|0|0|0|0|0|0|0|0|0|0|0|0|0|0|0|0|0|0|0|0|0|0|0|0|0|0|0|0|0|0|0|0|0|0|0|0|0|0|0|0|0|0|0|0|0|0|0|0|0|0|0|0|0|
2011-06-02|6|1_CTs|CT3||17|13|21|17|13|10|7|5|3|3|1|5|4|5|2|4|4|4|10|7|13|20|17|35|28|43|41|50|42|68|79|105|131|121|147|140|127|102|111|93|78|62|81|58|66|59|62|54|79|74|61|66|62|58|63|48|68|59|63|37|67|79|60|57|69|63|68|86|71|62|54|70|70|70|71|71|80|57|58|60|46|34|37|35|38|28|37|37|41|51|37|20|21|17|20|9|
2011-06-02|6|1_CTs|CT4||18|5|4|4|6|5|5|3|2|1|2|2|0|2|1|2|2|4|3|2|0|1|3|1|3|1|1|3|8|6|19|18|52|35|25|38|33|28|21|31|37|6|18|35|24|22|25|3|11|39|39|32|43|43|24|36|37|9|27|31|37|39|24|33|55|38|41|55|44|34|54|57|57|34|49|53|56|50|47|35|41|38|33|33|23|23|26|18|19|9|13|14|17|19|15|14|
2011-06-02|6|1_CTs|CT5||17|20|17|17|8|10|16|7|4|5|8|5|5|5|4|3|4|4|4|7|1|3|7|8|4|13|12|24|28|18|45|49|66|80|73|82|135|108|66|79|76|80|78|77|74|79|67|90|69|89|71|68|74|59|68|74|62|83|84|85|91|77|76|76|68|63|72|57|72|53|63|57|64|67|60|44|51|59|42|41|48|41|18|18|24|21|39|16|14|18|29|33|35|37|25|40|
2011-06-02|6|1_CTs|CT6||28|17|15|17|12|13|7|4|5|10|5|5|5|6|10|4|2|4|4|5|5|12|7|7|20|16|31|23|32|53|83|126|146|176|166|187|189|147|143|144|133|105|110|107|120|120|103|97|105|110|100|102|103|103|114|106|117|121|112|114|118|105|90|111|140|122|96|121|137|151|145|137|132|124|135|134|112|124|116|102|98|121|108|104|102|76|77|72|84|72|62|60|46|42|56|49|
2011-06-02|6|1_CTs|CT7||7|7|4|6|4|1|6|2|2|1|1|3|0|2|1|0|0|0|1|1|1|2|1|1|1|1|3|7|14|7|22|25|28|32|46|40|36|45|27|33|31|11|19|23|21|24|21|21|24|21|31|30|26|11|29|27|24|25|27|29|21|23|29|26|24|23|22|34|27|31|33|31|29|32|44|34|15|27|28|16|18|16|14|15|13|11|17|8|16|6|11|10|6|6|7|13|
2011-06-02|6|1_CTs|CT8||68|63|50|25|36|25|26|23|16|11|13|16|26|17|10|10|10|5|8|9|7|15|21|23|27|27|45|56|78|148|177|226|269|253|226|234|199|200|220|202|165|175|159|166|147|135|156|143|158|152|161|148|146|149|146|141|166|167|159|174|145|157|141|165|132|164|167|170|180|167|188|198|199|201|203|191|163|171|185|151|149|146|138|152|109|120|106|89|89|111|89|109|75|86|68|68|
2011-06-02|6|1_CTs|CT9||63|65|59|50|34|24|15|16|14|19|15|15|12|13|9|11|12|10|5|10|6|21|21|40|46|64|49|85|113|150|258|279|334|384|433|370|395|361|329|265|243|209|208|208|184|207|178|206|221|197|190|194|207|241|164|193|252|239|227|214|203|249|237|241|213|256|236|255|261|261|319|274|280|278|321|282|222|260|220|196|213|199|179|171|132|139|121|114|159|106|125|98|118|87|83|69|
2011-06-02|6|1_CTs|CT10||45|31|41|28|25|19|22|12|7|4|12|8|8|7|6|6|5|6|12|8|9|14|14|24|34|30|41|59|63|78|103|157|186|164|192|215|217|196|195|167|179|164|166|174|159|157|136|147|141|174|147|171|162|150|151|150|163|173|186|183|154|187|167|155|169|163|174|198|259|272|280|283|286|237|245|281|270|262|219|200|163|182|159|119|135|94|103|62|75|76|61|69|68|58|51|45|
2011-06-02|6|1_CTs|CT11||34|35|34|19|23|21|11|10|11|9|8|11|7|4|11|9|4|4|9|12|21|21|18|42|43|51|61|113|123|183|265|333|308|369|368|321|338|308|335|283|241|201|195|212|185|174|204|159|209|162|198|200|196|193|164|197|176|195|192|174|192|165|191|179|180|222|217|193|198|193|217|199|169|227|191|154|151|167|168|151|142|135|116|121|112|117|107|79|82|74|40|45|70|50|57|46|
2011-06-02|6|1_CTs|CT12||37|37|37|25|24|15|29|11|13|12|11|11|11|12|8|10|7|4|8|7|6|13|12|26|34|35|43|56|72|106|124|186|222|281|269|285|278|282|247|223|195|188|181|193|178|179|150|149|176|177|193|201|179|177|152|154|181|183|185|174|183|174|180|180|208|210|233|273|289|320|310|309|319|314|327|293|281|256|244|197|210|209|179|134|154|122|119|78|79|71|69|80|66|49|50|52|
2011-06-02|6|1_CTs|CT13||15|18|12|12|8|5|4|3|4|5|2|2|2|3|1|3|0|1|1|1|3|6|7|10|17|22|19|21|25|38|58|57|73|78|106|78|83|85|65|59|49|49|43|47|38|44|39|31|48|44|32|45|40|44|38|31|43|38|53|46|34|53|54|37|39|49|39|39|33|44|32|39|42|48|32|37|40|36|31|27|32|30|20|31|24|34|24|31|31|22|26|20|24|16|15|11|
2011-06-02|6|1_CTs|CT14||32|25|28|28|16|8|14|8|6|12|4|13|16|6|8|5|6|2|6|6|4|10|14|8|16|21|23|24|28|52|73|75|90|78|104|120|127|111|105|109|109|95|91|98|87|98|105|74|99|90|129|110|108|101|101|101|105|113|120|120|103|109|111|104|115|119|120|164|195|204|230|226|204|208|209|170|184|199|153|140|133|130|98|99|93|83|77|58|60|64|53|69|59|34|30|40|
2011-06-02|6|1_CTs|CT15||13|14|22|12|18|7|4|7|5|5|1|5|8|5|6|3|2|3|2|2|6|10|7|16|23|21|27|40|47|62|124|161|201|200|204|189|170|174|162|116|95|85|79|78|91|83|87|77|95|77|74|92|80|74|75|89|71|88|85|89|64|92|87|82|69|72|88|87|72|83|92|83|95|114|91|95|91|82|68|55|66|73|50|57|48|41|39|38|33|32|24|33|26|33|27|28|
2011-06-02|6|1_CTs|CT16||53|37|40|34|28|17|20|12|11|7|10|8|7|7|6|6|2|6|14|7|13|14|17|27|37|34|43|67|86|103|156|245|279|292|273|264|271|260|240|251|245|190|200|187|196|195|195|166|194|188|183|202|199|193|183|188|190|202|192|203|200|195|204|194|192|202|212|224|211|204|205|216|207|223|244|210|220|220|217|168|153|174|137|134|137|121|104|96|92|77|76|68|77|57|63|52|
2011-06-02|6|1_CTs|CT17||7|6|10|6|10|10|10|4|3|0|3|4|1|2|3|0|5|2|2|8|1|0|4|0|2|5|5|4|5|11|21|23|29|33|24|45|31|37|38|42|42|24|29|32|33|42|28|25|33|37|46|28|29|39|19|31|42|34|33|28|39|34|34|60|37|46|49|36|42|47|48|41|45|37|42|46|40|39|36|42|42|35|40|26|27|30|16|21|19|11|13|17|10|15|6|15|
2011-06-02|6|1_CTs|CT18||75|66|59|47|33|36|32|31|16|19|19|25|24|17|20|9|19|18|18|13|11|18|28|29|32|55|55|76|100|112|190|218|313|301|299|277|165|223|278|308|267|251|253|239|247|243|216|258|217|258|235|237|247|224|238|228|211|271|259|247|250|283|246|243|237|253|279|283|297|273|287|291|320|302|346|287|271|262|240|245|245|218|191|166|152|187|168|166|142|118|130|125|102|108|100|95|
2011-06-02|6|1_CTs|CT19||34|44|36|34|33|25|22|25|16|22|15|14|10|10|6|12|8|10|4|5|2|4|8|6|12|16|21|13|26|46|82|113|150|169|156|177|171|172|146|156|140|146|144|135|140|118|121|169|169|148|147|121|134|145|107|108|142|155|143|136|135|141|152|140|159|177|200|190|177|209|210|209|219|252|233|219|211|183|202|197|169|147|144|111|102|77|92|73|83|65|74|62|57|53|52|51|
2011-06-02|6|1_CTs|CT20||31|25|23|13|12|20|12|11|1|4|6|10|4|7|5|6|7|4|2|7|4|10|10|16|21|20|19|37|47|55|80|91|132|146|176|143|147|158|129|118|126|110|122|110|133|111|100|99|30|124|109|112|131|124|19|26|71|5|72|57|102|124|119|106|120|114|19|124|140|67|149|130|51|108|121|24|143|60|62|90|117|62|17|10|56|54|75|72|73|17|61|43|22|39|49|43|
2011-06-02|6|1_CTs|CT21||78|74|62|52|35|25|26|25|19|20|15|20|12|19|17|14|12|14|14|20|24|29|33|32|42|69|82|114|148|207|282|359|374|402|393|375|391|358|326|321|309|280|275|243|265|240|239|231|247|252|247|238|237|217|234|186|230|260|281|244|243|269|234|245|233|255|238|256|254|248|218|267|251|253|244|249|241|234|220|208|210|190|179|166|165|141|144|145|130|154|139|123|105|105|114|97|
2011-06-02|6|1_CTs|CT22||119|119|96|73|62|46|49|46|37|22|38|17|31|24|20|21|24|16|23|31|30|37|45|72|71|91|88|94|126|137|147|204|210|256|290|285|284|297|269|273|255|226|261|253|266|270|269|288|264|285|298|311|274|237|240|250|278|304|268|283|293|290|296|293|295|308|316|340|374|378|382|398|398|421|377|388|378|362|382|344|326|316|225|237|225|196|182|170|173|173|142|174|152|148|130|142|
2011-06-02|6|1_CTs|CT23||80|84|70|45|46|32|22|23|20|17|15|21|32|23|13|14|13|11|14|7|12|22|36|34|46|55|73|91|121|204|279|340|352|403|378|381|345|356|370|325|310|259|264|241|234|225|220|259|245|261|274|260|236|251|224|236|269|261|283|275|243|259|249|267|250|286|284|301|316|305|308|332|365|357|354|334|286|307|290|252|254|258|222|248|174|173|174|139|151|178|136|146|119|114|101|82|
2011-06-02|6|1_CTs|CT24||102|74|63|49|44|36|33|23|28|24|22|20|18|22|18|11|12|11|16|18|17|23|26|28|58|57|60|86|126|119|179|220|258|290|226|240|320|331|345|292|290|275|274|200|274|274|254|279|237|272|260|277|249|232|170|248|245|301|295|298|265|314|270|264|313|309|313|357|363|403|407|455|437|455|420|422|461|417|413|350|374|336|288|218|229|200|182|149|175|160|133|129|122|114|136|99|
