2012-07-22|7|1_CTs|CT1||44|52|37|27|24|17|10|12|14|9|14|8|9|8|9|7|7|5|8|3|6|6|6|10|12|6|11|18|11|16|11|14|14|16|24|23|14|19|26|24|28|36|39|38|38|36|40|48|52|44|47|41|39|44|40|32|47|46|23|35|33|39|49|36|49|58|76|55|46|57|54|54|65|57|52|53|62|67|70|64|65|60|65|56|59|36|54|43|43|42|47|28|36|31|23|37|
2012-07-22|7|1_CTs|CT2||25|30|26|34|32|28|30|18|17|13|9|12|5|10|7|14|9|14|7|17|15|14|10|5|6|13|15|16|19|123|429|2320|631|59|45|225|54|46|336|1483|63|61|82|59|71|85|271|955|163|365|98|114|122|67|136|410|800|248|46|80|61|52|57|73|84|82|284|1516|2166|116|102|92|103|104|96|99|105|106|113|93|90|231|247|89|77|75|85|100|100|78|93|157|76|78|52|36|
2012-07-22|7|1_CTs|CT4||36|32|24|23|30|24|38|29|43|19|16|16|16|24|14|14|14|10|9|2|11|7|15|4|8|4|3|3|5|3|0|1|0|0|0|1|0|1|3|1|0|0|0|2|0|4|0|4|1|0|0|0|7|5|4|2|2|4|2|6|6|1|4|2|0|2|11|2|0|7|8|7|6|6|7|9|1|4|6|8|7|16|4|3|15|9|7|16|32|17|40|22|23|21|9|25|
2012-07-22|7|1_CTs|CT6||50|48|55|53|48|39|33|30|23|21|13|17|26|17|17|22|12|12|8|14|11|13|14|14|13|10|12|9|10|12|16|8|9|16|32|27|27|29|36|35|36|45|42|35|60|53|42|75|61|64|66|48|68|49|53|55|51|50|57|53|51|58|64|55|91|76|79|66|63|55|61|82|70|69|92|88|62|70|49|72|83|82|64|67|44|50|59|54|74|48|42|37|40|35|51|43|
2012-07-22|7|1_CTs|CT7||38|39|35|35|25|21|18|15|24|18|9|15|23|17|11|17|9|6|10|14|14|13|10|12|14|17|11|22|16|9|25|22|17|16|23|28|24|24|31|37|37|44|43|40|53|49|39|59|70|53|47|46|50|55|50|40|41|37|48|47|40|43|37|46|64|40|69|54|55|64|57|47|57|55|61|52|44|51|64|61|62|48|57|51|43|38|64|44|41|48|34|38|43|40|26|30|
2012-07-22|7|1_CTs|CT8||127|123|99|100|86|79|81|70|52|46|53|57|25|30|30|41|44|42|52|48|60|63|68|71|68|87|99|106|68|103|102|117|97|74|105|120|94|130|123|149|139|133|141|160|170|180|163|196|162|173|184|181|157|161|156|168|178|165|164|183|201|182|207|169|216|204|225|209|198|170|228|217|260|234|261|258|270|257|217|257|219|233|213|190|204|193|179|197|185|215|184|196|187|171|172|141|
2012-07-22|7|1_CTs|CT9||75|107|71|64|64|49|64|47|43|38|38|44|23|25|17|27|30|19|34|33|34|31|36|42|37|51|41|49|39|44|66|76|48|42|69|70|64|68|80|86|77|83|90|86|94|103|91|103|94|94|120|89|115|106|100|92|99|101|102|118|103|127|127|132|125|120|124|127|114|112|125|116|140|133|158|159|138|148|158|141|144|158|127|106|116|108|132|121|92|132|129|115|108|102|92|97|
2012-07-22|7|1_CTs|CT10||160|158|169|168|152|138|112|112|84|76|80|69|59|80|76|80|54|61|64|60|59|50|37|44|56|53|53|50|39|53|42|57|67|57|70|81|77|79|78|94|79|109|104|105|107|128|120|121|161|136|159|148|143|120|113|125|124|111|116|119|117|137|142|140|183|172|166|151|133|174|131|149|170|164|147|144|129|153|144|149|159|181|143|142|121|133|122|127|114|120|111|109|117|102|109|99|
2012-07-22|7|1_CTs|CT11||158|158|138|155|161|154|185|139|85|70|88|87|87|75|92|80|80|74|79|63|62|102|38|118|130|156|105|92|96|163|134|128|146|80|96|141|87|120|154|180|149|126|172|158|136|141|126|150|179|157|176|174|255|150|237|146|150|221|179|183|129|148|131|153|198|225|184|167|138|168|142|158|151|201|160|152|131|138|134|146|133|163|122|125|119|123|130|158|119|122|134|121|117|136|109|114|
2012-07-22|7|1_CTs|CT12||81|66|75|54|65|59|37|37|35|36|24|25|27|18|27|33|30|13|13|28|8|16|18|10|16|15|23|17|9|20|18|14|19|27|34|35|36|47|41|40|48|61|70|54|61|85|59|94|112|94|82|94|94|103|59|79|77|67|73|61|68|82|79|78|108|100|94|84|90|101|107|88|115|93|127|118|113|121|95|103|125|119|92|108|70|80|82|80|80|65|68|58|61|56|52|66|
2012-07-22|7|1_CTs|CT13||13|15|12|18|7|5|7|5|9|7|3|7|11|13|4|7|15|2|4|5|5|7|3|6|5|6|3|7|5|5|7|10|9|4|11|12|13|6|13|10|20|10|14|13|12|13|13|18|20|19|17|16|26|26|24|13|23|19|21|33|16|21|16|20|32|19|23|22|21|22|23|18|36|50|42|33|34|37|30|38|31|30|20|18|11|12|28|25|17|18|19|18|21|10|17|22|
2012-07-22|7|1_CTs|CT14||154|150|160|181|156|126|113|108|93|90|83|71|57|59|61|67|52|50|58|57|70|74|48|53|73|73|63|81|67|84|92|88|80|90|106|111|115|126|110|167|186|172|203|215|211|194|205|217|214|218|232|182|168|185|163|166|156|178|165|197|172|160|163|166|215|221|210|210|228|224|221|191|223|243|232|201|188|218|200|200|201|210|162|166|152|164|160|151|165|146|136|144|132|144|110|138|
2012-07-22|7|1_CTs|CT15||17|20|31|27|26|26|14|17|7|7|5|11|10|6|11|12|3|4|4|5|6|0|7|8|5|1|12|4|4|11|12|7|4|5|5|16|15|17|17|32|20|23|31|28|35|27|21|25|33|27|38|26|21|27|22|18|26|26|39|27|18|27|24|25|27|24|25|24|19|24|13|34|22|27|30|36|27|25|21|16|42|24|28|20|22|28|19|23|31|33|18|14|25|20|19|21|
