2014-01-01|3|1_CTs|ct1||10|23|32|44|71|61|60|64|68|56|45|52|46|46|28|35|40|38|43|36|30|29|17|31|18|28|23|22|15|15|20|18|11|20|25|11|7|11|9|17|10|20|16|22|25|22|28|52|40|55|61|55|74|68|78|65|71|79|64|80|71|86|73|89|97|112|93|94|113|105|94|90|90|87|80|106|100|89|72|59|68|72|75|62|49|40|49|45|43|37|47|31|41|35|35|31|
2014-01-01|3|1_CTs|ct3||51|85|95|98|113|146|110|108|105|114|104|118|96|116|84|111|99|79|118|106|103|89|95|75|75|85|78|63|57|49|58|42|44|42|41|36|35|25|32|43|40|49|51|68|62|64|83|98|90|132|134|128|115|113|136|123|129|119|123|122|133|171|155|171|178|165|174|153|193|188|166|187|191|174|173|157|149|151|146|131|115|133|151|117|107|92|83|69|76|61|77|52|56|66|51|43|
2014-01-01|3|1_CTs|ct5||43|63|152|217|250|243|257|257|287|225|192|179|156|146|149|125|122|149|127|115|74|69|72|55|43|51|42|46|32|50|43|70|40|52|53|42|54|43|49|39|53|33|40|47|59|64|68|74|100|84|112|116|115|112|127|101|111|92|109|85|101|110|125|121|123|159|138|158|176|128|139|127|138|147|141|145|147|160|119|112|125|156|115|108|92|78|81|76|84|88|83|90|95|103|82|71|
2014-01-01|3|1_CTs|ct6||2|11|9|8|12|9|15|6|17|9|5|7|5|4|9|1|2|4|8|2|4|4|1|5|3|8|3|3|1|5|9|6|4|0|1|3|2|0|4|1|7|6|4|6|7|7|12|11|9|12|10|13|11|13|12|8|9|18|6|16|13|21|15|16|16|24|30|25|22|17|18|18|25|23|24|18|20|19|9|11|12|11|19|12|11|10|9|16|9|7|13|8|6|6|6|6|
2014-01-01|3|1_CTs|ct7||110|138|195|107|70|99|89|105|142|129|167|162|153|152|161|156|175|162|147|148|135|132|139|115|98|91|103|68|69|55|73|75|58|51|46|37|50|46|40|35|51|34|49|51|63|64|73|56|82|77|82|99|87|81|92|100|102|93|104|107|119|97|132|114|128|119|136|136|142|146|164|173|179|166|162|156|145|165|139|143|165|146|130|114|112|101|105|104|99|94|110|84|111|91|95|79|
2014-01-01|3|1_CTs|ct8||71|88|120|136|120|150|152|125|172|126|119|85|77|81|86|100|93|114|90|81|90|81|71|53|64|41|54|46|35|31|32|42|31|33|17|23|24|20|23|23|32|22|33|35|36|35|45|28|43|54|44|36|41|45|37|50|51|44|70|52|68|61|72|57|67|56|72|76|74|73|87|83|96|110|100|80|75|71|72|83|90|73|78|64|68|59|54|53|63|53|47|47|62|57|54|40|
2014-01-01|3|1_CTs|ct9||31|61|88|133|121|209|210|151|145|117|129|99|77|131|89|74|99|99|81|104|66|87|55|70|46|102|47|55|50|42|54|46|26|27|30|26|41|26|27|30|22|24|29|47|42|51|50|47|65|62|102|83|69|86|72|89|66|55|61|56|69|89|81|58|92|97|102|100|101|97|121|90|81|78|115|96|83|89|110|66|94|83|91|59|67|75|81|94|74|72|70|70|82|48|51|74|
2014-01-01|3|1_CTs|ct10||30|72|109|108|99|118|119|103|121|116|114|110|106|115|99|102|104|112|96|93|95|87|77|80|80|51|73|60|55|61|63|46|51|40|36|37|34|30|27|14|22|15|30|23|32|36|36|46|49|42|41|57|63|52|81|66|59|70|61|71|77|53|64|67|65|96|93|98|93|86|87|91|78|93|89|102|79|80|91|87|86|86|84|62|70|50|62|60|55|57|64|51|47|42|57|40|
2014-01-01|3|1_CTs|ct13||747|138|1400|597|376|532|261|210|284|238|286|347|299|362|344|237|229|375|218|206|218|199|276|392|131|123|243|167|160|153|206|130|106|295|189|104|106|193|293|92|102|203|74|76|565|102|210|143|243|174|328|132|181|224|210|291|208|128|374|210|151|156|1038|350|699|328|695|717|372|271|647|589|258|207|187|775|308|214|375|692|521|193|189|165|177|1166|309|558|156|513|134|1726|215|149|329|1663|
2014-01-01|3|1_CTs|ct14||5|21|46|57|78|70|69|54|81|81|67|68|66|56|54|51|33|34|33|36|25|24|20|16|13|24|26|18|36|32|61|56|23|14|20|17|21|18|17|16|21|15|22|21|30|25|44|62|58|60|75|72|106|90|84|79|68|78|73|82|84|93|133|98|101|120|98|104|138|111|130|124|91|116|119|132|102|73|105|81|78|76|67|62|54|58|68|61|79|79|76|63|58|38|54|33|
2014-01-01|3|1_CTs|CT16||40|65|106|121|175|157|157|151|173|125|117|115|123|129|86|65|78|101|88|79|73|72|63|39|46|63|60|40|48|48|43|53|40|29|27|26|37|34|23|27|25|17|20|29|29|64|43|45|44|39|66|70|54|76|43|79|83|62|66|72|49|77|92|87|91|120|123|109|132|101|101|114|96|116|154|123|98|114|84|74|77|71|91|67|67|87|83|70|45|61|68|69|65|35|52|47|
2014-01-01|3|1_CTs|ct17||35|71|125|109|114|106|118|128|100|116|111|93|86|93|69|82|70|73|61|68|60|74|57|48|46|46|42|38|49|45|47|36|44|29|28|27|30|31|25|34|18|27|32|34|43|41|49|59|64|74|79|72|86|90|110|97|88|97|99|103|109|107|102|101|103|116|119|120|129|125|115|119|119|121|121|120|91|123|111|119|104|106|88|68|65|69|70|61|63|59|64|51|77|47|49|44|
2014-01-01|3|1_CTs|ct18||48|112|161|148|135|155|168|165|152|156|151|128|164|146|137|124|134|138|100|118|113|105|97|95|95|77|84|84|68|76|72|65|66|49|48|44|41|39|41|34|32|25|34|36|50|53|58|67|73|67|65|82|86|84|106|98|92|93|95|97|103|108|114|108|102|143|143|142|132|134|129|133|124|129|135|134|111|108|121|117|126|120|111|87|84|78|93|75|80|75|94|65|80|66|76|58|
2014-01-01|3|1_CTs|ct19||0|0|0|0|1|0|1|0|0|1|1|0|0|1|3|0|5|1|0|0|0|0|1|1|1|1|2|0|2|2|2|1|0|1|1|1|2|0|3|0|2|0|2|1|0|1|0|2|0|0|2|1|2|1|0|0|1|0|0|0|0|2|0|2|3|0|0|1|1|0|1|2|1|0|2|2|1|5|0|2|3|0|3|4|1|2|2|0|0|2|0|1|2|0|1|1|
2014-01-01|3|1_CTs|ct22||2|4|5|6|33|21|9|8|8|8|6|4|4|10|3|2|1|3|4|3|4|1|3|1|1|2|3|3|0|2|2|2|0|1|6|1|2|1|1|0|1|4|4|2|6|2|3|3|7|6|3|4|4|2|2|4|3|7|6|5|2|1|8|2|6|5|4|6|3|13|9|3|9|4|7|4|5|6|6|7|6|4|1|3|6|4|0|1|6|5|3|2|1|3|6|0|
2014-01-01|3|1_CTs|CT23||24|46|45|101|164|106|97|128|109|95|80|64|69|75|44|54|46|44|49|25|39|39|37|42|29|33|29|35|39|31|27|46|37|14|26|32|13|17|19|24|16|29|26|48|32|52|28|67|63|83|87|86|106|97|121|77|124|105|74|73|114|87|77|132|117|118|105|129|134|120|113|130|100|94|83|111|104|124|92|83|93|109|70|57|55|63|78|52|93|60|46|66|60|61|81|49|
2014-01-01|3|1_CTs|ct24||43|109|167|256|306|353|305|280|379|333|289|314|252|228|209|200|180|153|152|129|120|121|101|95|102|116|124|114|130|166|184|172|98|88|82|100|90|71|93|89|91|110|121|128|133|173|187|233|253|240|320|337|388|408|413|354|352|309|349|343|350|442|468|390|440|504|459|493|517|536|527|523|476|579|528|540|447|404|435|386|378|379|348|272|256|240|285|258|274|259|248|242|229|189|194|125|
