2015-02-04|7|1_CTs|CT1||29|20|28|28|18|17|13|15|11|5|11|6|10|13|10|7|6|5|6|11|11|11|9|12|18|20|280|33|47|316|78|114|148|164|166|184|181|414|169|415|642|111|117|652|98|112|106|105|121|116|107|96|368|102|622|93|367|122|100|124|101|378|113|112|376|371|128|111|146|137|628|146|129|148|136|136|128|100|114|104|97|102|86|58|312|62|54|58|53|59|56|42|41|45|40|37|
2015-02-04|7|1_CTs|CT2||26|42|21|20|20|10|6|20|12|10|10|4|4|8|8|9|4|4|6|6|264|6|18|18|29|10|28|54|39|78|92|194|342|400|386|639|356|334|324|502|214|142|223|510|236|246|266|262|248|498|556|338|328|298|234|264|200|186|256|200|254|484|250|558|286|376|374|278|205|468|362|274|603|357|317|280|153|138|168|185|204|169|181|115|96|95|352|82|78|70|80|82|60|314|48|40|
2015-02-04|7|1_CTs|CT4||28|18|29|23|10|16|17|10|7|24|22|19|23|15|14|10|9|4|3|11|3|2|1|4|1|1|5|6|8|1|16|10|19|278|35|28|20|15|19|11|17|21|11|16|17|16|14|21|28|20|39|20|28|19|26|52|22|26|18|27|40|284|31|30|50|46|37|44|67|60|78|72|48|55|51|62|50|37|23|45|261|71|43|288|301|32|15|38|35|30|33|30|23|38|34|24|
2015-02-04|7|1_CTs|CT5||0|0|0|0|0|0|0|0|0|0|0|0|0|0|0|0|0|0|0|0|0|0|0|0|0|0|0|0|0|0|0|0|0|0|0|0|0|0|0|0|0|0|0|0|0|0|0|1|4|0|0|0|0|0|0|0|0|0|0|0|0|0|0|0|0|0|0|0|0|0|0|0|0|0|0|0|0|0|0|0|0|0|0|0|0|0|0|0|0|0|0|0|0|0|0|0|
2015-02-04|7|1_CTs|CT6||41|17|29|23|19|19|12|10|6|5|6|4|5|7|4|2|1|3|5|5|3|4|3|3|4|14|12|14|25|29|35|80|157|135|149|134|143|115|120|113|375|357|91|115|116|128|364|123|132|114|137|142|118|126|141|402|124|134|387|118|164|146|148|152|154|192|170|177|186|211|230|198|213|219|441|710|182|183|161|147|352|386|96|85|84|87|325|59|326|68|62|52|40|52|49|53|
2015-02-04|7|1_CTs|CT7||32|21|31|13|13|7|3|5|10|8|6|6|8|4|5|5|5|6|5|6|5|9|7|12|10|22|22|25|32|53|62|79|95|110|122|106|96|376|111|373|105|79|104|94|122|84|106|110|108|334|88|99|93|346|131|104|354|122|106|373|103|394|102|363|117|135|115|124|132|418|153|149|134|177|415|145|428|160|117|150|116|105|98|75|66|307|51|53|55|36|38|40|43|35|39|47|
2015-02-04|7|1_CTs|CT8||82|87|71|30|43|304|28|22|28|34|272|22|21|28|13|271|24|24|26|31|44|46|80|98|91|109|136|417|448|241|331|422|959|489|762|526|428|446|443|655|407|388|425|376|289|337|591|306|324|299|583|307|298|319|324|335|324|335|352|391|627|621|347|588|330|353|389|420|367|433|683|689|1085|438|1014|494|374|440|386|602|340|354|245|210|221|195|179|161|143|385|117|149|379|149|353|85|
2015-02-04|7|1_CTs|CT12||23|12|14|268|17|12|11|8|7|6|14|4|4|7|1|4|2|4|5|6|3|7|4|4|6|7|11|13|18|14|31|47|74|60|88|99|88|73|66|68|61|71|70|73|71|69|69|46|49|331|52|60|323|325|317|74|323|74|93|73|336|327|93|98|89|101|99|102|365|375|394|653|91|125|132|118|124|363|88|103|83|72|322|57|324|54|41|46|40|41|295|35|33|35|47|27|
2015-02-04|7|1_CTs|CT13||14|7|11|2|7|3|1|3|1|3|1|3|4|1|1|1|1|3|1|2|0|3|1|5|2|4|3|12|6|22|283|38|47|35|76|59|39|53|54|48|38|45|52|310|317|45|66|62|46|46|40|63|54|307|61|40|310|56|56|57|56|67|49|58|57|60|48|64|69|73|68|305|67|83|87|600|93|83|594|63|46|57|47|47|38|40|29|279|33|23|26|15|25|16|13|26|
2015-02-04|7|1_CTs|CT15||26|16|16|17|14|11|6|6|3|2|12|4|2|8|7|6|2|7|2|8|7|5|4|7|12|14|15|13|22|22|46|87|188|238|194|154|165|107|96|95|78|56|36|56|91|61|52|52|39|71|95|200|122|355|97|124|92|80|91|106|99|99|126|117|163|142|111|125|139|150|188|421|653|145|82|110|361|93|76|79|324|63|68|41|48|46|45|309|36|51|56|30|38|301|42|23|
