2011-04-22|3|1_CTs|ct1||105|79|73|67|34|32|39|14|33|39|16|12|20|15|11|8|15|11|12|6|9|14|6|15|15|18|16|27|29|19|37|32|27|34|24|43|54|38|42|69|61|59|64|73|82|71|84|72|87|82|87|85|86|97|91|89|90|91|92|91|97|104|101|95|87|89|98|107|122|85|82|100|101|84|109|100|98|96|76|72|83|90|93|69|74|73|76|69|67|57|64|71|78|81|72|67|
2011-04-22|3|1_CTs|ct3||249|208|190|140|129|113|109|77|93|100|48|49|53|40|31|36|36|47|38|19|20|35|47|40|43|67|58|69|77|65|103|84|98|87|92|114|146|117|159|174|173|182|178|181|194|198|202|204|216|210|195|204|195|200|205|195|213|264|242|237|264|237|243|247|204|253|295|242|276|250|236|252|237|242|228|247|241|250|236|235|233|274|277|249|253|246|220|181|187|163|175|207|189|220|221|216|
2011-04-22|3|1_CTs|ct5||196|166|148|117|170|120|98|88|87|96|111|88|56|81|65|64|85|50|72|35|87|57|76|66|60|64|68|80|74|96|93|135|67|86|84|98|102|118|116|143|153|151|159|183|150|165|207|205|205|187|172|193|223|189|187|121|155|183|196|271|286|245|262|249|273|255|213|249|243|244|286|290|222|215|237|279|275|234|224|222|240|245|171|189|192|171|206|203|207|201|175|166|249|215|177|147|
2011-04-22|3|1_CTs|ct6||121|162|98|94|77|87|63|60|57|49|52|49|38|32|29|27|36|34|27|30|24|25|17|21|17|27|25|42|22|34|48|51|46|58|56|73|58|61|61|84|96|102|87|84|106|102|109|97|79|111|109|93|110|97|90|88|94|93|76|119|91|127|112|110|142|162|137|126|118|122|117|106|129|109|106|123|111|133|103|126|119|103|87|86|67|59|68|60|85|72|78|72|78|96|86|126|
2011-04-22|3|1_CTs|ct7||155|198|119|136|93|90|67|82|71|50|61|53|59|55|48|36|38|42|42|39|30|29|46|34|30|31|37|34|39|41|42|33|50|39|45|56|56|59|60|71|81|91|71|85|86|90|98|111|113|107|112|112|111|96|113|95|100|104|97|116|117|151|148|156|169|162|185|141|135|134|147|128|145|139|138|148|154|118|128|146|122|108|102|97|94|95|83|93|111|99|109|103|110|112|133|132|
2011-04-22|3|1_CTs|ct9||103|109|96|130|84|76|81|74|60|60|64|42|50|43|58|57|57|34|35|29|34|31|34|26|23|41|32|26|33|48|42|54|30|36|38|56|45|46|54|52|74|66|61|80|76|77|75|80|76|61|78|86|81|74|62|58|74|71|94|105|69|90|65|84|95|94|104|85|70|103|90|90|80|92|97|121|68|120|108|82|113|92|80|88|77|55|73|76|83|78|100|64|98|74|96|103|
2011-04-22|3|1_CTs|ct10||90|82|76|64|83|70|64|58|65|68|73|67|64|67|48|65|69|60|53|43|64|47|44|45|45|44|46|46|38|43|34|40|33|30|22|32|23|31|37|59|53|44|66|55|64|50|61|44|66|72|67|70|57|63|68|41|72|66|71|70|58|64|89|82|97|77|77|93|84|79|89|79|84|81|89|72|71|84|58|55|67|62|52|63|65|60|61|63|66|63|73|56|77|72|65|68|
2011-04-22|3|1_CTs|CT11||26|28|38|21|19|28|15|19|15|20|15|13|11|8|13|19|19|22|20|13|20|15|11|20|10|20|13|12|18|23|18|22|21|22|21|23|19|26|23|28|26|33|29|25|31|33|29|26|29|33|33|33|28|31|26|24|27|29|25|37|28|42|39|26|33|36|27|29|31|30|48|31|24|22|30|35|30|29|27|37|26|25|28|33|29|14|37|20|25|24|27|20|29|19|22|18|
2011-04-22|3|1_CTs|CT12||39|28|32|34|27|33|33|32|30|33|36|28|33|24|17|36|35|32|24|20|31|24|29|27|30|22|29|30|22|22|20|24|21|15|15|16|13|18|16|32|14|17|29|19|21|21|21|20|22|19|30|33|23|28|20|16|23|22|18|19|14|24|21|25|28|29|21|24|23|22|19|25|22|21|27|27|24|27|19|21|33|22|20|23|28|20|22|18|35|28|34|28|38|24|28|31|
2011-04-22|3|1_CTs|CT16||18|17|12|22|14|18|20|19|18|14|10|15|12|8|15|21|11|8|10|14|8|7|5|6|8|3|4|5|8|7|1|10|8|11|6|8|6|11|6|9|9|13|10|12|7|19|11|10|15|15|15|14|11|12|3|10|14|15|18|13|14|12|8|17|25|23|21|18|20|23|26|17|25|19|22|19|23|28|16|28|12|20|19|20|16|24|19|16|20|14|13|14|22|13|16|15|
2011-04-22|3|1_CTs|ct17||109|81|86|69|61|62|60|51|70|55|66|51|57|59|45|68|47|66|59|53|52|40|54|63|43|35|49|49|54|46|48|55|43|48|56|42|53|64|54|94|85|99|108|93|100|102|118|96|106|124|106|119|117|117|102|118|118|115|114|112|98|138|148|147|159|140|139|160|123|131|146|133|127|166|134|154|112|143|100|111|118|112|106|107|99|108|86|77|89|70|78|84|66|77|78|76|
2011-04-22|3|1_CTs|ct18||131|113|82|80|96|102|88|66|94|86|86|81|83|81|77|81|80|75|68|63|85|60|57|55|57|46|59|57|52|49|43|51|47|49|42|58|47|48|51|75|78|78|80|77|93|75|90|74|86|93|103|95|91|97|90|79|106|96|98|102|91|103|108|110|129|116|111|121|131|119|126|107|122|107|118|118|94|122|100|100|98|103|87|105|98|105|89|102|91|98|105|95|94|86|95|91|
2011-04-22|3|1_CTs|ct19||1|4|0|1|0|0|0|0|0|0|0|0|0|0|0|0|1|0|0|0|0|0|2|2|1|2|0|3|2|3|3|2|3|5|1|6|3|3|3|8|7|2|5|9|3|7|5|3|3|9|4|3|6|4|3|4|3|4|4|2|5|3|5|3|2|5|3|4|4|3|6|3|10|4|7|7|7|4|5|3|4|5|6|4|0|5|1|1|2|1|1|2|1|2|4|1|
2011-04-22|3|1_CTs|ct20||73|77|51|43|57|42|33|31|37|32|31|22|21|25|17|15|9|11|17|15|16|20|12|27|13|15|23|25|27|31|24|34|23|30|29|46|33|51|35|56|63|49|64|62|67|53|61|68|72|58|67|72|64|75|63|93|52|64|80|98|87|81|86|87|84|108|78|84|83|94|110|95|88|94|81|103|96|83|97|107|90|118|83|97|80|80|71|64|78|69|60|67|76|76|70|78|
2011-04-22|3|1_CTs|ct22||12|4|5|4|2|3|6|1|5|1|3|1|4|4|8|3|0|2|5|4|1|4|0|6|5|6|2|3|1|7|2|5|4|3|4|4|4|8|1|3|2|5|9|3|9|5|2|5|8|5|12|6|9|10|3|2|5|4|2|5|6|5|7|6|7|8|7|7|5|6|4|10|8|3|5|4|5|7|10|7|5|8|8|15|22|7|4|3|5|5|3|3|5|22|17|3|
2011-04-22|3|1_CTs|CT23||130|98|91|63|60|43|25|29|34|48|22|17|35|24|32|19|20|23|13|14|15|19|15|7|15|25|22|20|21|30|34|35|33|49|36|43|49|71|53|75|78|64|67|91|94|113|85|112|102|78|97|121|84|102|112|94|91|85|100|100|128|117|128|121|132|133|129|135|115|126|101|126|115|118|145|112|130|125|101|108|117|109|107|80|61|84|69|64|71|43|58|58|68|103|83|73|
2011-04-22|3|1_CTs|ct24||261|255|169|159|151|122|104|78|92|77|72|70|74|65|52|37|40|56|51|50|51|56|67|73|75|97|152|160|156|211|205|275|174|198|207|234|225|208|257|324|312|295|347|357|369|361|363|386|395|377|379|370|372|367|389|350|409|379|495|481|490|494|511|507|471|487|455|434|432|404|476|426|420|411|477|452|446|437|411|431|399|426|391|435|363|312|292|278|286|249|265|283|216|273|225|212|
