2011-06-30|2|1_CTs|ct1||64|33|46|30|20|24|15|7|13|7|6|9|3|6|8|3|9|6|13|10|16|15|18|26|16|27|26|36|66|67|78|109|107|121|118|114|124|116|114|149|128|120|146|155|121|145|146|140|122|119|131|132|132|115|99|123|114|136|112|155|127|151|144|138|135|134|129|115|115|127|126|112|115|117|145|122|131|142|127|130|152|139|140|136|135|123|102|109|102|104|92|66|84|72|81|75|
2011-06-30|2|1_CTs|ct2||17|11|11|13|8|19|4|3|14|6|5|4|6|2|5|2|4|3|3|4|3|8|10|10|15|19|15|18|16|24|25|35|31|36|46|47|52|52|68|66|60|65|70|60|56|71|79|56|57|70|45|76|75|64|43|71|60|73|66|76|61|72|62|69|75|52|51|81|63|45|56|52|64|65|53|61|55|63|52|74|59|71|68|59|61|38|44|42|37|47|34|31|40|26|36|34|
2011-06-30|2|1_CTs|ct3||101|83|90|67|53|65|40|35|39|27|24|21|29|10|22|17|18|15|23|26|26|35|35|51|36|56|63|69|87|104|112|154|155|177|152|176|184|182|200|221|202|201|222|215|212|212|228|203|199|183|186|213|224|195|146|163|184|198|190|220|203|221|230|230|217|225|218|197|192|206|208|180|211|203|213|206|184|230|196|220|219|235|210|243|215|185|171|170|158|182|163|137|145|128|146|147|
2011-06-30|2|1_CTs|ct4||76|46|54|46|53|22|20|19|21|17|21|14|20|11|14|9|14|8|13|13|9|11|21|20|26|29|40|43|39|59|62|86|100|115|136|140|128|138|118|142|152|131|135|143|129|144|121|135|132|146|126|147|126|120|136|112|125|131|130|142|135|136|150|125|136|139|127|130|126|136|137|117|131|117|117|121|121|102|105|129|115|102|106|121|110|107|72|86|90|109|94|91|88|91|89|102|
2011-06-30|2|1_CTs|ct5||110|84|90|67|71|49|38|36|38|35|33|25|23|25|19|17|23|20|19|19|14|18|24|24|21|30|40|50|51|77|81|123|152|181|196|227|190|208|186|201|207|208|231|205|188|212|193|210|195|190|196|201|174|181|174|156|177|201|199|222|210|197|205|201|220|219|189|219|202|236|232|179|200|178|198|167|189|180|166|192|160|154|146|173|140|127|119|117|131|157|155|130|130|148|137|155|
2011-06-30|2|1_CTs|ct6||89|65|62|51|54|45|31|36|34|24|21|16|13|16|15|5|16|16|17|11|9|14|12|18|19|21|38|32|32|50|50|66|67|81|93|100|91|122|85|113|124|109|101|134|98|132|129|130|130|137|145|133|126|137|126|112|129|135|145|148|153|123|139|152|144|160|120|141|135|138|116|133|132|117|134|113|122|140|104|121|117|96|99|108|92|94|91|94|97|103|90|100|96|86|139|141|
2011-06-30|2|1_CTs|ct17||92|91|86|79|52|54|45|27|41|32|27|19|26|11|21|11|21|14|18|17|18|26|26|33|25|38|46|53|67|83|101|142|151|167|155|184|174|175|190|185|220|203|210|227|198|221|152|199|224|153|184|199|206|176|136|167|159|175|192|215|201|208|219|197|228|207|204|198|182|192|206|195|212|190|216|204|217|208|207|219|233|211|220|224|224|210|174|178|167|171|167|130|131|126|142|139|
2011-06-30|2|1_CTs|CT19||49|44|43|38|25|28|17|20|14|15|14|15|13|7|9|6|7|7|9|8|6|9|5|11|14|14|15|20|38|42|59|68|72|96|89|82|99|110|99|98|123|105|111|114|121|123|91|132|136|100|128|121|111|109|90|86|96|98|113|117|120|122|125|124|113|135|137|121|118|139|152|148|123|137|128|157|141|137|107|141|149|108|137|111|123|117|95|90|79|94|63|81|57|59|60|88|
2011-06-30|2|1_CTs|CT20||54|50|54|34|37|39|31|37|25|35|26|27|22|13|14|13|10|5|11|5|7|10|14|13|16|11|19|30|24|29|41|52|74|81|86|81|94|97|99|96|85|70|80|73|74|88|73|63|68|80|71|78|63|65|66|60|62|65|77|77|78|75|78|71|89|87|77|95|83|68|94|86|92|101|94|75|99|92|96|92|91|96|70|77|60|75|61|76|72|75|69|67|75|67|65|70|
2011-06-30|2|1_CTs|CT21||38|29|29|18|36|29|21|17|13|14|17|8|12|6|6|5|2|3|5|4|1|0|5|8|10|3|9|15|13|15|31|27|50|52|57|61|58|77|58|71|45|50|56|50|45|60|38|49|44|48|55|47|49|35|33|32|39|47|41|54|58|42|52|42|45|46|47|58|44|57|41|58|55|41|49|47|48|59|48|56|54|48|42|51|31|42|25|48|49|25|34|35|45|42|45|44|
