2012-01-07|6|1_CTs|CT1||3|2|0|3|7|2|0|1|0|1|0|1|1|2|0|1|0|3|1|2|2|1|3|4|5|5|11|1|3|4|18|15|2|3|3|1|3|4|5|1|2|3|3|4|1|5|4|4|6|6|4|5|3|6|5|2|3|2|3|4|4|4|4|2|3|4|4|3|3|3|2|4|3|7|4|10|13|12|8|2|3|1|3|2|1|0|2|5|0|2|27|50|16|3|1|2|
2012-01-07|6|1_CTs|CT3||21|23|11|15|21|10|9|1|2|4|6|5|5|7|4|5|8|5|4|6|22|22|17|35|30|38|30|36|29|43|36|42|35|22|25|35|22|29|19|26|36|28|38|25|29|37|31|34|37|41|38|39|25|20|50|29|24|35|27|34|30|36|29|45|29|43|41|45|39|36|36|25|46|33|37|32|24|38|25|32|17|22|16|9|20|16|21|11|20|5|17|16|20|17|13|7|
2012-01-07|6|1_CTs|CT4||18|10|8|7|7|10|5|5|3|6|2|4|6|2|1|5|3|2|4|6|2|2|0|3|1|4|2|2|3|5|10|9|3|9|6|15|10|9|10|21|16|19|20|33|22|22|19|21|22|16|25|18|21|9|9|26|24|12|18|22|13|15|24|31|19|1|17|24|22|24|24|1|7|32|27|30|27|25|25|22|23|21|13|13|10|8|10|7|12|10|14|14|9|20|8|6|
2012-01-07|6|1_CTs|CT5||30|32|34|23|24|15|24|10|12|16|15|16|13|12|13|2|13|9|12|16|4|8|5|11|11|21|23|11|18|9|27|24|17|21|27|44|46|37|45|42|54|40|38|38|36|45|38|47|52|69|56|59|47|32|45|49|40|49|44|37|48|53|58|34|42|49|61|49|49|59|51|49|66|57|43|56|43|60|61|46|63|47|48|30|11|39|34|21|20|39|34|45|41|44|34|39|
2012-01-07|6|1_CTs|CT6||42|41|26|25|13|25|13|18|19|9|8|9|4|19|14|6|7|9|7|13|5|5|7|22|17|16|14|16|26|21|20|28|32|29|54|59|46|43|62|61|84|76|82|83|112|109|99|119|123|131|82|113|131|113|87|83|81|89|93|83|103|87|109|94|99|85|86|91|84|102|81|86|111|86|92|83|90|87|78|98|96|83|57|45|47|44|36|41|34|59|72|65|47|50|40|47|
2012-01-07|6|1_CTs|CT7||7|9|6|4|4|4|2|3|1|0|4|3|0|3|1|1|0|3|2|2|1|4|3|3|2|1|5|4|7|2|7|7|6|10|11|13|14|12|12|14|12|13|16|18|25|18|15|30|26|21|22|21|22|12|11|13|20|23|13|14|19|16|12|26|18|20|17|19|17|16|24|20|22|24|24|21|29|22|14|23|18|10|12|12|15|7|10|5|14|12|5|14|10|8|3|9|
2012-01-07|6|1_CTs|CT8||112|94|47|38|35|37|43|21|35|18|26|19|17|18|11|20|20|20|9|13|10|13|12|23|20|25|28|38|37|49|59|45|49|66|87|96|88|95|82|116|89|89|98|95|90|118|98|103|112|119|114|121|111|124|115|101|109|135|109|149|138|137|132|106|121|109|112|137|129|132|132|161|157|176|167|168|176|157|170|164|162|134|106|114|91|76|55|56|58|81|87|67|74|54|56|89|
2012-01-07|6|1_CTs|CT9||81|93|48|47|41|35|29|35|28|26|31|19|28|36|18|15|11|16|14|16|20|20|14|29|32|27|38|51|45|48|70|72|63|82|99|147|107|123|132|142|140|161|147|140|155|157|142|167|174|193|199|197|181|172|170|162|156|169|170|179|182|181|190|163|193|168|202|167|197|181|207|202|204|253|272|283|302|281|190|156|113|111|98|92|69|74|82|62|63|86|121|96|98|83|79|80|
2012-01-07|6|1_CTs|CT10||43|46|38|27|23|19|31|28|18|19|19|17|15|11|6|9|8|10|9|17|14|15|11|18|27|21|27|26|29|30|37|49|49|51|57|82|76|97|91|117|116|104|118|130|123|119|134|155|126|133|129|142|142|113|121|105|131|97|121|122|116|124|126|120|140|116|138|111|138|132|149|134|149|133|156|128|150|146|154|154|122|86|96|66|67|54|49|36|29|66|199|161|71|57|49|54|
2012-01-07|6|1_CTs|CT11||68|52|44|24|24|26|22|25|21|11|13|12|17|15|6|12|10|7|15|15|14|16|20|27|38|31|47|49|41|56|78|89|81|102|107|156|147|126|158|177|174|157|144|149|196|142|155|146|167|168|169|155|153|159|149|130|148|119|139|132|157|145|142|103|142|120|155|153|147|151|160|146|163|175|199|226|251|288|186|130|106|82|93|70|64|53|52|43|39|94|47|96|117|75|54|60|
2012-01-07|6|1_CTs|CT12||56|48|49|34|22|28|22|25|24|16|18|16|17|16|10|13|12|10|20|15|14|18|18|22|33|31|33|36|40|38|52|50|57|59|68|98|97|81|122|126|129|122|121|155|153|150|150|152|155|165|161|145|177|160|114|118|111|113|118|116|128|140|130|130|156|114|140|139|139|136|158|158|157|151|156|162|177|179|139|172|123|99|102|74|57|64|61|41|44|76|181|176|92|74|52|71|
2012-01-07|6|1_CTs|CT13||19|20|10|16|6|7|6|8|2|4|2|9|14|11|2|6|2|4|5|4|9|10|4|13|14|8|16|12|17|11|20|18|26|25|24|37|22|28|30|30|27|29|31|32|36|33|31|33|42|26|41|36|25|35|30|33|28|30|27|28|32|32|27|36|37|33|48|25|34|41|44|39|41|52|56|49|59|45|36|36|22|24|25|17|13|16|18|19|24|16|17|22|22|18|15|22|
2012-01-07|6|1_CTs|CT14||29|38|35|17|17|18|13|11|13|19|13|16|10|35|14|9|6|8|13|8|15|10|15|14|13|20|22|20|15|25|24|22|22|32|39|48|31|45|45|67|69|64|86|94|85|74|81|86|89|111|92|88|96|107|98|78|68|80|76|66|83|98|72|81|94|74|87|91|91|88|96|114|115|104|110|94|100|97|98|111|82|80|54|31|32|36|40|36|30|59|137|161|72|59|35|52|
2012-01-07|6|1_CTs|CT15||22|30|16|18|15|15|6|6|13|7|9|4|10|6|4|7|7|5|6|7|10|17|11|25|20|18|21|25|17|24|30|26|34|37|48|64|56|51|47|53|65|71|53|64|66|63|52|71|71|78|59|59|49|50|54|54|52|47|38|58|58|56|57|71|60|57|47|66|50|73|67|78|73|85|95|90|99|74|70|56|45|49|35|29|27|16|25|15|21|24|27|23|27|25|17|26|
2012-01-07|6|1_CTs|CT16||64|49|53|35|38|31|26|26|17|22|16|15|12|11|9|11|8|10|13|16|15|17|13|24|32|21|37|39|32|36|47|82|58|87|102|121|122|125|140|157|170|161|150|139|208|165|151|178|177|170|185|167|168|149|151|151|151|150|141|151|159|144|145|141|156|142|149|141|146|151|165|130|178|151|151|151|198|200|198|158|119|105|103|83|91|62|71|41|48|82|160|156|86|76|60|54|
2012-01-07|6|1_CTs|CT17||15|22|14|12|10|9|5|4|14|12|7|2|3|3|4|5|1|4|4|3|5|0|3|3|5|5|5|13|5|8|13|13|14|19|21|17|19|21|26|35|46|38|38|27|30|37|35|32|39|50|44|48|71|73|81|52|46|27|29|40|55|38|50|59|41|27|37|57|50|50|41|41|24|33|43|56|41|48|47|47|36|38|37|32|26|32|37|23|14|24|31|42|38|35|24|26|
2012-01-07|6|1_CTs|CT18||97|94|86|63|57|54|59|45|40|39|35|26|26|29|24|12|28|21|18|34|19|21|23|34|39|45|47|43|56|52|73|89|83|92|111|121|135|144|152|156|173|208|194|188|224|229|220|212|239|229|209|223|221|224|194|193|205|178|196|229|231|227|241|210|222|222|227|209|214|233|233|220|224|212|227|197|214|228|222|183|194|176|135|109|126|109|96|85|76|122|163|181|137|119|106|110|
2012-01-07|6|1_CTs|CT19||66|57|49|45|35|36|34|33|22|25|21|22|20|21|15|18|16|19|21|16|14|3|12|8|8|18|17|14|16|21|23|20|31|33|52|67|56|57|68|85|97|110|116|114|128|140|156|155|142|162|146|140|138|151|139|116|112|111|119|109|117|101|117|129|123|147|148|115|132|152|136|157|150|168|137|148|133|146|122|124|102|94|89|68|60|65|55|60|40|62|65|72|59|55|47|54|
2012-01-07|6|1_CTs|CT20||39|31|35|17|21|17|12|9|13|12|6|8|8|30|11|8|10|6|8|7|10|10|10|19|18|21|19|22|19|23|27|32|36|42|42|64|53|20|72|73|89|103|112|116|109|27|121|133|129|99|54|31|115|112|13|107|9|78|102|105|102|104|104|106|100|129|77|109|103|88|104|107|126|108|36|72|103|99|59|37|61|31|57|53|40|31|37|36|29|60|49|48|59|48|44|34|
2012-01-07|6|1_CTs|CT21||82|91|61|52|42|62|31|30|27|21|16|13|21|20|14|15|22|27|29|22|24|28|43|43|50|56|57|84|51|99|93|111|107|108|149|168|152|150|180|174|179|170|191|190|173|204|187|190|189|197|177|202|162|182|188|199|174|193|185|230|205|220|218|198|205|227|184|208|189|211|202|232|211|220|217|235|200|205|197|190|170|144|116|114|111|106|90|81|80|112|117|112|104|108|85|104|
2012-01-07|6|1_CTs|CT22||147|109|105|77|87|63|53|61|61|55|44|35|35|45|25|41|40|44|41|44|33|64|52|61|81|63|79|87|98|89|93|86|107|104|118|114|119|136|173|174|176|204|188|188|231|225|237|232|251|234|228|242|239|261|236|231|208|250|187|213|216|244|252|238|250|261|250|263|253|264|267|240|256|287|214|242|228|227|219|184|174|160|151|132|131|114|93|86|101|139|144|161|127|112|129|129|
2012-01-07|6|1_CTs|CT23||141|115|87|67|62|58|53|34|34|27|27|25|27|26|15|29|28|29|14|27|22|17|29|35|44|46|42|66|61|70|87|87|88|96|137|134|139|143|143|183|160|149|166|165|173|158|180|184|186|178|200|195|159|197|201|163|183|151|191|218|211|212|179|183|182|204|208|200|201|209|207|229|243|243|261|221|248|250|234|244|215|201|139|142|129|98|106|57|85|135|125|110|100|73|88|117|
2012-01-07|6|1_CTs|CT24||131|115|95|70|66|45|41|50|48|34|36|38|34|43|31|28|30|22|33|29|30|24|33|28|48|30|44|50|60|63|83|89|77|75|68|90|125|116|134|108|142|142|149|140|171|174|190|207|236|197|196|213|223|232|156|172|182|167|159|176|168|166|195|211|212|225|225|235|200|211|221|246|247|264|240|243|256|244|243|243|199|189|164|119|98|97|79|76|99|140|179|174|131|108|92|123|
