2013-06-13|7|1_CTs|CT1||32|29|30|25|21|29|21|28|29|31|33|21|18|27|31|26|19|22|17|22|25|18|23|22|27|25|16|21|17|23|22|25|27|45|32|36|43|37|37|53|45|54|41|50|44|67|73|43|65|58|52|61|59|59|56|56|69|53|55|52|75|75|69|71|66|84|75|51|88|60|60|65|81|74|69|71|70|74|125|84|90|64|58|54|60|51|47|53|48|45|34|40|29|29|41|25|
2013-06-13|7|1_CTs|CT2||89|116|116|83|90|75|120|73|68|68|61|70|77|73|48|66|64|54|62|56|54|66|36|46|33|46|28|47|44|31|50|56|53|68|72|78|102|54|107|79|93|88|74|156|78|88|153|158|152|93|122|80|100|71|62|66|91|134|104|72|108|108|99|108|106|148|80|124|90|107|131|134|98|168|132|142|136|144|116|96|95|104|104|84|78|101|82|88|85|71|79|68|55|72|59|57|
2013-06-13|7|1_CTs|CT4||44|44|66|42|42|57|34|39|51|59|49|54|53|44|50|37|38|45|20|49|18|26|44|19|12|6|7|4|2|3|0|3|6|3|0|2|2|1|0|1|0|0|1|5|8|2|5|9|13|6|3|9|5|5|17|9|5|4|6|6|8|6|12|9|5|9|10|15|10|5|5|14|12|4|18|11|21|15|17|19|6|25|16|9|9|17|9|13|13|31|18|18|22|22|20|33|
2013-06-13|7|1_CTs|CT6||72|76|81|84|84|77|95|67|86|89|91|77|70|46|66|72|60|43|53|65|50|46|49|43|35|34|34|19|27|24|28|29|21|25|41|30|32|36|36|62|55|46|62|51|60|72|75|79|62|63|70|54|71|73|82|69|76|84|82|68|82|69|87|90|80|98|80|80|84|93|110|76|74|94|102|81|78|79|81|77|101|59|60|64|52|51|52|62|57|53|30|57|56|51|59|43|
2013-06-13|7|1_CTs|CT7||41|49|48|43|44|36|33|19|34|30|33|19|35|21|23|23|21|19|21|26|23|16|31|27|20|22|26|20|23|23|26|31|24|32|33|33|35|47|34|39|52|49|48|51|54|61|52|52|53|59|56|48|48|52|49|54|48|48|45|63|44|66|74|68|65|76|58|58|71|66|73|67|58|70|76|75|81|65|53|81|81|62|54|49|41|50|44|46|46|54|44|34|39|43|33|23|
2013-06-13|7|1_CTs|CT8||120|122|99|103|117|119|113|95|101|87|89|96|71|86|86|84|66|73|97|85|118|133|113|139|118|113|107|134|120|156|172|180|154|153|138|139|155|165|157|191|163|154|166|175|160|141|199|160|204|179|187|197|190|164|181|192|183|191|221|195|219|205|242|239|211|218|198|259|187|187|214|248|216|229|243|265|272|273|228|238|188|223|174|214|138|177|160|152|129|155|128|135|134|134|133|122|
2013-06-13|7|1_CTs|CT12||89|91|94|90|99|83|112|101|98|101|98|99|86|72|77|84|87|61|62|79|71|54|67|59|45|51|53|24|38|31|49|50|45|43|45|57|45|51|58|81|88|65|92|82|95|103|87|97|105|92|99|106|124|106|128|102|108|108|113|104|93|100|107|111|97|140|134|110|118|128|147|110|99|116|123|153|133|140|145|124|140|100|113|80|90|79|83|87|82|83|60|69|73|69|66|67|
2013-06-13|7|1_CTs|CT13||18|23|14|10|19|11|7|5|15|11|8|3|17|6|9|9|8|7|7|3|4|7|8|10|9|8|8|8|10|10|13|8|8|11|14|13|15|17|10|11|12|24|21|16|23|16|30|26|29|22|26|22|26|20|17|24|22|24|20|29|25|29|33|20|29|32|30|20|34|24|38|31|28|26|44|38|34|34|36|42|34|36|33|35|25|24|19|23|15|15|16|17|0|20|10|8|
2013-06-13|7|1_CTs|CT14||122|106|95|117|128|117|152|96|106|106|103|93|92|73|93|102|83|73|81|61|68|69|61|158|542|551|542|542|557|549|296|71|67|73|58|61|63|75|88|69|82|88|80|238|517|523|262|245|257|239|244|232|222|236|226|214|227|207|218|256|236|238|243|282|290|303|283|313|304|264|279|289|248|303|272|278|276|264|220|253|257|225|201|263|447|449|145|383|207|56|61|65|53|48|54|33|
2013-06-13|7|1_CTs|CT15||42|40|65|60|69|60|49|48|60|34|62|47|58|32|43|68|30|32|32|37|51|28|29|27|20|26|31|20|33|26|20|20|24|24|36|32|21|26|28|34|34|27|44|41|36|35|53|30|47|47|54|39|41|56|46|53|42|54|55|59|55|36|49|59|50|47|49|52|49|40|50|31|34|54|41|38|35|46|45|26|57|26|35|30|37|47|30|34|51|28|20|28|28|22|35|31|
