2013-04-25|6|1_CTs|CT1||0|1|1|0|0|0|1|0|2|0|1|2|2|0|0|1|0|0|1|0|0|1|1|0|2|6|3|3|2|1|2|0|0|1|1|3|2|2|0|1|1|1|6|4|2|8|1|3|1|4|3|2|1|1|1|0|1|2|1|2|2|1|3|1|1|1|1|4|1|0|2|2|1|2|1|0|1|1|0|1|1|2|0|0|2|1|0|1|0|1|0|13|1|0|1|1|
2013-04-25|6|1_CTs|CT3||6|6|12|10|11|3|6|3|1|2|2|5|1|5|2|2|10|12|5|8|15|31|28|20|24|23|14|23|35|25|28|42|29|29|20|26|28|29|36|33|25|20|25|34|26|31|25|32|38|46|41|25|34|31|29|30|32|35|29|32|37|28|18|30|30|33|25|35|19|23|24|26|33|29|36|31|18|27|26|18|32|23|19|22|13|16|6|12|12|17|13|20|18|14|10|11|
2013-04-25|6|1_CTs|CT4||7|5|13|6|3|2|4|12|7|5|2|6|5|4|3|4|5|4|8|5|4|1|2|3|4|4|3|8|1|3|3|10|7|8|9|6|4|8|10|15|10|13|13|19|13|16|16|16|19|20|17|19|13|10|15|19|12|18|10|19|19|21|24|24|18|17|24|20|10|23|23|21|15|22|23|18|20|21|21|17|20|15|12|9|12|12|7|7|14|5|9|9|11|8|7|7|
2013-04-25|6|1_CTs|CT5||22|34|19|14|18|17|9|9|16|21|11|10|15|14|12|10|13|15|10|12|12|10|17|13|12|16|12|14|12|16|12|8|10|11|31|25|6|31|29|28|23|31|53|42|28|44|42|46|53|44|39|48|41|38|36|39|44|41|50|42|38|46|47|52|44|39|41|47|32|36|38|39|48|38|42|37|25|36|34|43|32|31|31|26|27|20|19|11|18|34|32|15|19|16|12|17|
2013-04-25|6|1_CTs|CT6||31|34|23|26|27|16|21|12|13|15|6|11|10|9|9|11|5|7|10|16|6|13|15|8|13|12|11|13|19|23|24|22|22|26|26|30|31|35|38|49|49|61|71|55|67|71|85|69|86|56|65|69|70|71|66|68|61|52|68|78|74|68|59|62|71|55|51|63|81|63|58|54|68|66|65|65|66|63|72|67|63|55|33|39|36|49|30|30|36|45|39|46|45|20|24|23|
2013-04-25|6|1_CTs|CT7||5|10|3|3|3|1|0|2|3|3|1|1|1|1|1|0|1|4|3|4|6|2|4|8|2|5|2|2|4|2|6|6|2|9|8|5|11|8|9|17|15|11|11|15|15|8|9|10|11|14|11|12|13|10|14|18|16|15|7|14|11|17|14|16|14|12|10|12|9|8|17|12|11|14|15|13|15|13|12|14|17|11|7|5|8|4|7|5|8|10|10|6|6|6|3|5|
2013-04-25|6|1_CTs|CT8||67|54|53|31|32|28|21|19|21|27|16|18|23|14|17|18|25|7|12|8|5|11|13|16|21|17|33|25|26|55|51|37|44|47|60|52|51|64|67|81|81|77|81|72|74|61|68|85|90|78|86|73|81|82|85|81|90|104|102|101|97|117|97|74|96|100|86|93|91|107|97|95|102|95|106|100|98|113|128|111|89|77|81|81|59|50|43|41|54|70|59|50|47|48|27|29|
2013-04-25|6|1_CTs|CT9||83|62|59|49|44|30|24|30|24|28|25|23|16|17|14|16|23|26|18|21|18|17|23|29|22|28|31|39|41|46|54|56|56|60|68|64|62|66|78|71|107|90|110|109|118|118|105|100|104|109|119|110|111|122|106|100|91|108|130|115|107|143|120|141|118|116|117|113|120|127|94|127|122|123|129|119|129|135|118|95|73|87|71|76|69|59|54|42|74|70|57|57|60|58|56|37|
2013-04-25|6|1_CTs|CT10||43|29|29|18|28|23|19|23|17|19|25|15|14|10|16|11|12|7|16|10|20|13|21|16|16|15|16|21|20|29|28|40|30|31|40|42|57|40|56|58|61|50|57|82|86|78|69|78|69|78|81|89|96|80|70|65|54|83|84|85|91|78|78|86|93|93|85|85|86|95|89|89|95|101|101|98|124|92|106|91|80|75|59|63|48|51|44|34|35|65|43|26|39|24|33|23|
2013-04-25|6|1_CTs|CT11||38|52|32|31|16|14|24|18|14|8|22|11|14|12|16|9|9|11|11|11|13|11|16|23|18|25|31|37|31|47|60|62|47|56|66|68|59|60|74|80|81|117|106|112|99|135|131|96|102|108|98|90|103|81|78|96|110|92|103|98|99|117|133|100|101|112|96|96|87|87|92|90|88|87|104|114|92|97|116|88|85|92|62|52|58|59|37|30|56|50|52|18|38|34|28|27|
2013-04-25|6|1_CTs|CT12||41|42|37|21|27|20|29|29|9|15|19|16|13|14|14|12|10|9|13|19|11|14|25|18|17|23|24|24|27|27|34|46|40|44|55|47|60|47|67|69|64|85|70|92|86|90|78|84|101|99|86|97|102|85|80|75|87|85|83|96|82|91|86|91|96|93|98|99|80|100|114|119|84|106|115|97|111|109|105|92|92|97|58|54|62|58|44|28|40|74|62|39|41|39|40|41|
2013-04-25|6|1_CTs|CT13||49|36|35|24|25|12|11|16|10|19|16|9|8|6|7|8|12|18|14|15|14|16|18|27|24|27|21|33|31|22|36|39|38|52|53|46|48|53|55|57|76|76|76|79|87|71|80|66|82|74|79|75|86|87|80|86|79|85|85|84|84|99|81|85|91|81|78|78|79|82|81|83|77|92|79|94|86|96|84|68|72|59|51|54|42|40|35|30|50|56|46|47|38|31|24|32|
2013-04-25|6|1_CTs|CT14||38|25|21|17|21|11|11|21|9|5|9|19|6|7|15|4|7|9|6|13|9|11|16|12|16|19|12|16|19|17|27|27|24|33|40|27|26|43|51|34|35|52|58|61|64|53|59|51|61|77|83|61|65|63|60|56|46|52|62|59|57|69|57|61|66|49|72|58|57|82|73|81|76|60|83|73|66|78|60|65|47|40|36|37|44|40|27|30|38|38|28|36|37|28|29|28|
2013-04-25|6|1_CTs|CT15||15|19|12|14|14|8|4|4|11|8|4|3|7|4|4|2|9|10|9|7|8|21|20|18|16|21|19|28|13|23|32|34|25|25|36|33|30|26|27|46|35|39|51|47|41|39|34|27|45|49|46|55|49|50|59|31|47|45|45|39|53|53|44|55|50|50|38|52|48|46|45|56|48|49|54|41|47|41|42|51|36|34|30|27|29|21|10|13|22|27|23|22|18|12|15|17|
2013-04-25|6|1_CTs|CT16||46|63|36|32|28|19|20|21|26|21|22|12|15|12|15|10|11|12|19|10|22|15|15|22|17|25|23|29|21|36|38|56|40|43|55|62|73|59|72|79|88|95|95|116|137|128|116|109|103|111|107|107|103|90|86|95|108|104|92|100|105|109|111|127|111|116|113|101|103|102|109|84|110|113|115|134|128|106|121|116|89|98|62|62|65|64|52|45|54|53|56|52|62|39|30|35|
2013-04-25|6|1_CTs|CT17||26|30|30|18|28|16|12|22|10|12|17|7|10|9|4|10|9|5|10|13|3|5|2|3|9|7|7|5|13|8|14|21|26|24|26|14|24|15|29|32|40|32|31|40|58|38|42|46|52|57|44|59|57|41|52|43|35|37|34|43|33|37|44|48|30|23|33|27|37|34|31|29|27|24|35|24|22|33|22|20|22|26|19|9|14|13|17|13|13|18|16|13|15|17|11|19|
2013-04-25|6|1_CTs|CT18||78|98|73|60|58|44|36|34|26|47|30|24|31|23|27|30|27|28|25|26|24|21|27|29|32|44|39|44|34|43|56|78|68|54|67|95|75|92|108|111|114|118|169|156|153|169|190|153|160|148|140|151|136|144|119|137|122|141|158|147|160|146|158|170|164|150|132|153|160|142|153|159|171|163|155|162|144|146|136|149|140|128|110|98|96|81|72|73|70|94|103|80|80|62|61|58|
2013-04-25|6|1_CTs|CT19||51|47|45|39|32|25|27|33|21|24|20|23|15|17|15|21|19|14|16|16|12|8|9|9|18|17|17|17|12|20|18|31|27|25|33|35|46|45|52|62|57|65|62|70|85|99|74|87|91|92|91|99|105|98|68|69|71|81|65|75|69|77|88|77|86|95|99|103|83|99|92|108|98|91|107|101|121|101|112|108|91|80|66|58|56|60|46|46|45|47|50|43|48|45|48|46|
2013-04-25|6|1_CTs|CT20||34|42|42|22|16|20|5|18|10|11|8|9|9|6|5|8|12|8|7|9|13|11|19|18|15|17|18|20|21|30|31|42|36|32|35|46|51|49|56|68|71|68|84|73|96|71|88|76|81|90|108|72|7|83|91|69|75|97|34|73|86|55|75|9|85|67|17|86|17|73|66|96|58|73|83|88|10|1|67|62|52|71|48|45|43|9|32|33|39|40|46|38|28|33|24|17|
2013-04-25|6|1_CTs|CT21||84|63|76|70|64|37|30|21|30|17|15|17|22|23|15|21|20|37|25|38|43|50|59|57|69|70|51|63|70|89|118|126|86|98|105|109|108|95|120|127|102|127|138|138|139|159|142|167|158|148|163|159|154|161|148|135|172|169|200|178|203|180|178|202|174|177|165|184|171|164|146|153|171|164|186|193|150|162|158|155|160|144|106|115|126|84|99|83|84|108|115|112|104|94|88|64|
2013-04-25|6|1_CTs|CT22||111|122|98|84|83|75|54|50|54|40|49|36|46|46|44|42|45|39|40|52|63|55|78|82|55|60|65|69|73|95|94|119|105|105|106|90|114|124|139|151|144|155|162|186|171|182|148|194|204|205|176|184|193|173|180|164|183|166|149|170|181|185|176|204|200|169|162|192|183|209|192|204|212|212|209|206|190|198|170|171|168|142|117|111|113|93|104|92|112|108|111|111|118|115|83|80|
2013-04-25|6|1_CTs|CT23||100|75|77|57|65|30|31|24|33|33|22|28|27|19|16|28|29|31|24|22|19|26|31|37|43|47|41|54|45|63|87|78|83|79|103|91|97|100|146|118|120|128|137|135|111|121|123|139|150|152|154|128|154|151|141|146|149|153|161|153|175|153|150|163|146|156|141|142|134|164|148|143|152|129|155|157|138|151|193|124|145|125|92|96|97|84|72|48|81|105|90|75|76|75|51|52|
2013-04-25|6|1_CTs|CT24||95|84|67|63|61|60|50|48|36|48|40|36|26|32|33|27|29|30|33|45|36|30|45|53|37|32|48|55|71|58|66|81|70|64|85|71|80|81|105|111|123|112|117|132|138|138|130|179|142|156|151|156|169|140|133|139|125|144|151|154|145|131|153|135|176|168|159|139|171|179|172|176|187|173|182|167|203|191|195|201|160|141|116|125|103|110|72|83|98|91|113|98|98|79|69|80|
