2013-05-11|7|1_CTs|CT1||44|35|21|20|29|16|16|10|16|11|17|7|13|13|12|14|5|9|6|9|7|11|9|6|11|8|11|13|19|18|25|35|30|45|50|76|82|83|78|95|95|105|99|109|113|127|110|138|124|128|111|126|119|125|101|83|88|93|85|110|110|93|88|123|115|97|96|101|80|91|105|97|115|95|93|108|101|109|102|108|106|108|101|61|53|33|32|26|26|29|57|58|60|54|40|47|
2013-05-11|7|1_CTs|CT2||83|88|68|69|42|66|34|26|35|24|21|24|28|16|14|6|14|18|24|18|24|18|4|12|20|22|18|32|29|36|50|37|88|98|102|116|170|107|136|184|196|196|184|199|194|224|196|280|265|196|180|195|268|214|172|166|152|170|128|146|136|191|170|176|219|114|169|227|201|182|169|170|200|208|210|186|216|176|154|163|211|193|144|134|84|90|48|58|64|32|99|102|99|83|112|66|
2013-05-11|7|1_CTs|CT4||37|28|31|61|19|21|34|27|17|8|18|14|19|19|19|26|32|12|17|22|21|15|19|10|2|2|4|4|3|1|0|3|2|1|2|1|2|1|0|5|17|7|7|14|16|4|15|12|11|20|18|13|12|4|20|18|8|10|11|9|27|22|17|27|25|12|12|15|18|29|28|37|24|23|27|12|25|24|19|23|35|29|4|4|6|15|6|2|6|11|10|30|17|16|20|34|
2013-05-11|7|1_CTs|CT6||48|48|60|42|38|34|23|29|34|20|31|22|23|20|25|11|25|27|12|11|13|12|17|11|15|15|14|18|16|32|26|28|36|40|64|85|60|75|96|83|103|97|109|125|123|110|130|113|127|115|151|129|106|166|137|103|90|109|99|105|130|111|131|111|105|126|135|140|134|151|139|140|116|122|125|112|137|148|121|115|111|106|75|54|53|57|38|40|33|48|72|71|78|52|52|51|
2013-05-11|7|1_CTs|CT7||49|36|30|21|22|20|20|8|22|15|11|6|19|13|16|4|12|13|16|14|17|10|13|14|22|19|23|21|24|26|19|30|27|29|59|63|62|56|50|84|85|82|79|79|99|93|92|89|73|89|93|97|91|107|83|74|82|85|68|97|98|84|90|67|120|80|78|80|82|101|75|99|86|97|74|87|112|93|81|87|89|80|57|62|44|28|31|31|34|42|46|53|50|54|53|49|
2013-05-11|7|1_CTs|CT8||147|132|104|81|69|71|77|61|41|54|36|36|39|38|37|44|32|44|83|75|109|113|75|100|98|91|101|148|123|127|156|177|178|167|216|256|240|238|275|238|245|225|265|260|245|294|290|278|259|295|290|297|263|252|245|277|236|253|297|315|261|300|339|292|267|238|267|282|288|256|262|268|275|281|271|267|295|274|284|347|291|247|249|209|170|130|110|115|85|117|171|175|155|171|158|120|
2013-05-11|7|1_CTs|CT12||89|71|74|70|45|56|49|37|53|33|39|35|23|29|18|19|26|23|24|20|20|12|21|24|21|20|21|27|23|38|33|43|54|56|78|90|97|123|127|144|153|130|162|180|166|192|176|174|177|165|234|221|214|222|193|152|143|146|126|131|150|181|162|166|178|161|199|192|164|221|180|167|205|186|195|160|221|197|184|192|173|158|120|103|74|94|74|77|57|65|117|115|103|99|94|88|
2013-05-11|7|1_CTs|CT13||25|15|17|11|9|9|13|6|9|8|2|1|5|6|9|4|2|6|6|5|2|3|6|7|5|3|11|6|11|13|8|7|14|14|24|17|24|28|25|45|29|33|52|47|39|29|39|40|34|39|36|45|40|47|37|42|43|35|38|42|47|42|40|45|44|37|42|42|44|38|36|35|39|30|39|38|53|56|61|51|39|36|31|30|19|18|16|17|11|15|23|23|14|25|24|27|
2013-05-11|7|1_CTs|CT14||68|40|58|32|39|43|20|37|35|26|17|17|17|19|23|18|10|15|30|23|33|18|23|28|29|26|37|28|48|40|42|48|55|52|68|63|75|103|76|92|117|103|120|122|112|117|256|597|609|446|303|325|318|318|292|253|235|291|298|251|295|303|279|267|300|261|313|311|319|350|348|349|355|360|311|332|585|631|570|277|296|224|74|58|49|39|38|28|28|32|67|83|80|64|66|49|
2013-05-11|7|1_CTs|CT15||33|15|24|24|16|26|22|20|29|10|20|19|23|12|3|4|17|23|7|9|19|8|5|10|15|12|13|14|9|22|15|25|30|24|44|71|79|69|83|72|68|60|52|72|60|91|72|112|98|81|120|61|69|111|64|55|59|68|58|46|63|43|67|62|46|71|51|65|46|59|58|43|46|47|53|64|55|68|52|53|55|57|28|37|35|27|14|36|28|23|31|41|24|39|42|45|
