2016-01-16|3|1_CTs|ct1||100|93|316|53|56|41|39|40|29|29|19|28|14|10|18|18|10|17|265|5|8|6|11|6|14|17|21|30|26|29|33|57|313|75|61|78|79|103|111|133|118|122|369|117|119|123|135|403|132|150|163|141|151|457|165|411|133|411|148|432|168|156|179|164|407|147|165|158|397|397|655|123|142|131|129|131|160|138|140|156|153|154|137|381|384|93|86|72|59|79|56|54|67|97|86|92|
2016-01-16|3|1_CTs|ct3||141|161|86|107|93|59|69|323|40|42|34|46|17|24|283|30|32|23|30|25|29|33|30|19|24|37|34|46|45|47|67|83|75|101|94|100|112|141|414|167|156|415|665|133|150|677|481|426|158|701|182|194|183|197|213|209|188|462|215|212|523|412|241|223|216|227|214|211|446|203|416|152|434|190|164|167|206|194|453|661|297|479|714|485|451|174|409|373|113|119|101|95|394|170|152|156|
2016-01-16|3|1_CTs|ct5||198|197|161|137|378|92|77|80|352|77|317|53|50|51|47|307|292|43|35|33|28|269|25|22|24|17|38|32|25|44|53|65|68|91|100|98|364|122|133|368|127|154|413|132|146|157|168|404|169|184|216|213|216|255|255|194|445|181|451|186|213|227|458|228|219|251|252|760|252|749|520|247|259|269|242|236|270|242|221|481|208|196|190|136|126|119|102|103|90|104|90|110|124|192|484|197|
2016-01-16|3|1_CTs|ct6||23|20|14|13|7|6|262|5|1|6|9|4|1|4|6|2|1|7|7|2|3|0|3|5|4|8|6|4|10|11|13|14|6|20|12|24|14|19|27|20|19|25|285|28|27|23|32|36|33|19|22|29|288|295|32|31|27|282|35|37|30|32|33|26|296|36|41|40|39|50|291|47|39|49|32|28|30|40|45|32|31|45|289|26|26|34|27|24|18|16|12|24|27|17|17|25|
2016-01-16|3|1_CTs|ct7||380|166|155|370|85|104|331|109|368|90|86|76|74|83|77|77|51|75|48|45|47|49|45|34|30|54|59|40|47|291|299|51|52|51|317|300|73|65|75|83|103|80|84|100|87|104|121|386|140|133|654|141|148|379|131|135|139|626|131|136|388|169|161|164|181|157|450|195|400|178|136|160|127|500|225|141|170|202|165|162|157|134|387|140|133|130|112|90|105|612|90|612|115|446|167|189|
2016-01-16|3|1_CTs|ct8||74|111|72|314|56|51|285|61|46|43|43|37|35|36|297|35|27|33|21|20|25|17|30|15|20|31|29|23|23|23|22|32|31|27|34|32|42|40|42|51|53|49|58|65|61|69|69|335|87|88|596|90|97|324|335|72|325|83|88|70|82|94|79|79|93|95|353|123|348|124|108|102|413|307|125|385|351|127|90|104|126|73|100|352|97|86|71|63|72|308|52|311|74|376|92|117|
2016-01-16|3|1_CTs|ct9||125|120|108|360|132|66|89|101|93|88|77|58|73|67|313|66|58|59|57|47|55|39|47|27|47|40|37|39|38|45|48|97|195|292|96|363|122|123|142|195|376|178|144|210|408|661|407|404|149|186|340|893|281|518|213|180|168|391|212|692|301|393|203|1157|80|129|167|173|413|173|429|189|443|169|446|147|449|135|148|411|169|162|664|169|105|98|93|86|91|67|569|126|103|91|109|96|
2016-01-16|3|1_CTs|ct10||117|123|90|109|98|114|122|74|100|104|98|88|73|93|85|63|60|68|72|49|55|39|52|37|46|38|40|62|44|42|44|31|43|50|47|70|61|58|56|86|97|91|98|93|97|100|117|112|129|116|124|146|145|146|133|112|118|105|105|118|107|122|125|153|122|132|128|157|147|155|139|118|170|170|155|118|111|127|130|125|118|107|107|112|133|116|88|80|79|78|84|90|83|89|122|97|
2016-01-16|3|1_CTs|ct13||265|236|194|217|198|188|438|182|204|166|178|153|141|157|161|131|121|134|123|362|114|115|106|98|80|95|82|140|96|356|102|132|98|165|120|163|438|181|222|174|200|470|221|212|248|778|730|239|524|240|253|534|291|270|254|257|286|267|227|253|231|531|250|537|266|283|280|511|278|300|802|324|266|288|547|303|577|277|282|267|527|557|766|241|224|240|197|204|438|168|188|212|217|239|510|244|
2016-01-16|3|1_CTs|ct14||61|41|45|45|34|34|32|25|20|18|18|21|16|21|11|8|12|13|7|4|11|13|15|18|15|16|39|47|42|94|107|122|87|100|110|178|146|153|174|473|157|151|174|209|168|151|123|141|148|153|131|189|171|161|176|445|153|152|422|184|173|434|201|187|192|657|181|157|149|424|431|198|189|189|206|418|180|157|202|187|195|447|415|399|115|112|84|325|78|77|71|355|93|102|366|77|
2016-01-16|3|1_CTs|CT16||132|100|380|107|107|83|81|67|72|61|62|42|56|75|76|55|36|44|43|35|43|46|58|40|28|50|35|42|46|26|35|49|52|67|55|56|336|93|78|93|93|368|109|99|90|391|368|366|127|142|150|179|140|171|181|117|153|135|145|153|159|171|181|202|186|214|187|409|200|178|220|240|241|203|174|177|180|173|507|430|192|182|169|140|127|113|94|94|77|70|95|366|100|109|78|105|
2016-01-16|3|1_CTs|ct18||149|154|121|136|140|145|140|83|127|115|115|104|91|114|108|82|70|53|41|57|67|61|76|49|65|50|57|70|62|55|63|58|57|72|75|92|104|90|105|130|146|144|140|145|134|163|154|159|160|152|176|182|209|193|209|171|181|135|170|162|147|179|197|186|190|184|220|227|202|209|228|213|230|225|196|179|156|175|181|182|169|188|175|151|207|159|126|118|108|97|111|147|127|130|147|122|
2016-01-16|3|1_CTs|ct19||0|2|4|0|2|0|0|0|0|0|0|1|0|0|0|0|0|7|0|1|0|0|3|2|2|2|2|8|3|3|1|5|0|3|2|4|4|10|2|5|3|3|2|7|4|2|2|5|4|5|6|4|4|3|6|2|3|7|2|3|2|3|3|4|3|3|0|3|3|6|11|2|2|3|4|0|1|3|2|2|3|7|2|1|3|1|1|2|0|1|2|1|0|3|3|2|
2016-01-16|3|1_CTs|ct20||0|0|0|0|1|0|0|0|0|0|0|0|0|0|0|0|0|0|0|0|0|0|0|0|0|0|0|0|0|0|0|0|0|0|0|0|0|0|0|0|0|0|0|0|0|0|0|0|0|0|0|0|0|0|0|0|0|0|0|0|0|1|0|0|0|0|0|0|0|0|1|0|0|0|0|0|0|0|0|0|1|0|0|0|0|0|0|0|0|0|0|0|0|0|0|0|
2016-01-16|3|1_CTs|ct22||6|2|9|263|263|1|5|2|4|6|2|2|3|2|1|2|1|1|2|5|0|1|0|0|3|0|1|3|1|1|4|2|6|6|6|6|11|9|11|8|10|8|19|17|14|15|21|18|15|11|19|14|18|14|9|9|266|11|12|10|12|13|16|272|27|14|9|11|15|11|12|266|19|16|12|13|15|13|12|11|10|15|9|13|21|9|3|6|6|4|5|4|3|18|10|9|
2016-01-16|3|1_CTs|CT23||261|439|136|145|124|358|65|70|47|52|69|32|39|20|37|37|20|30|24|13|24|20|29|17|14|15|16|33|61|58|69|83|79|96|93|138|106|140|144|185|406|192|204|195|497|234|481|258|520|821|357|306|360|425|316|331|267|253|248|518|503|524|272|312|330|1033|547|566|278|287|338|586|585|306|547|823|321|602|538|297|247|251|483|183|148|419|133|379|141|123|112|123|126|180|171|213|
2016-01-16|3|1_CTs|ct24||240|206|465|437|156|155|128|103|358|92|84|65|60|69|58|50|41|58|52|47|59|48|61|96|93|115|187|219|198|318|386|666|609|687|499|1187|852|691|711|1096|1194|710|1013|754|969|946|926|946|918|718|972|813|1253|766|777|1002|972|713|758|806|800|783|853|824|754|777|739|1008|998|1048|820|838|1018|841|812|1034|1018|723|832|1024|814|799|816|731|568|503|395|341|314|522|327|365|398|440|670|348|
