2012-07-27|3|1_CTs|ct1||70|61|56|37|35|21|24|16|16|8|22|10|14|11|13|6|2|5|6|12|5|9|10|16|23|38|26|50|49|69|101|166|166|198|197|235|239|223|204|209|173|186|183|176|169|184|162|205|175|223|190|209|189|174|168|182|190|185|186|210|178|196|182|186|182|212|205|217|217|217|181|204|205|215|229|212|209|183|163|160|166|166|170|142|149|136|144|119|94|100|107|90|91|94|83|94|
2012-07-27|3|1_CTs|ct3||180|141|153|107|81|72|63|52|47|37|47|33|42|26|41|29|17|29|23|37|32|37|50|81|60|90|93|147|149|163|263|328|387|389|466|501|467|479|478|473|441|456|515|443|442|440|423|431|443|445|437|424|414|428|375|355|434|414|419|462|415|404|405|469|400|406|399|448|394|376|364|392|378|385|414|408|393|446|437|403|387|435|419|434|419|374|401|318|255|289|265|253|244|268|232|269|
2012-07-27|3|1_CTs|ct5||149|103|123|93|77|53|55|56|39|82|38|35|58|31|32|30|23|27|27|29|24|31|26|50|53|59|77|100|110|120|178|173|233|256|248|280|291|304|327|279|309|289|254|240|291|246|275|278|239|255|251|296|251|266|225|236|267|296|269|293|270|303|250|214|233|262|261|290|228|272|300|261|287|263|298|270|259|235|246|229|232|214|180|213|229|204|189|152|168|170|162|181|184|165|175|114|
2012-07-27|3|1_CTs|ct6||185|112|91|88|73|87|58|46|52|52|27|40|22|22|21|27|14|25|18|7|16|12|12|21|20|20|30|32|40|61|76|100|137|143|171|193|203|208|175|163|150|173|170|187|179|186|198|219|212|204|180|201|160|219|165|180|175|193|182|200|217|221|228|216|256|290|265|266|289|265|292|273|261|280|279|280|246|226|253|245|226|208|179|117|123|137|131|141|146|148|128|121|123|108|133|129|
2012-07-27|3|1_CTs|ct7||242|165|120|132|113|103|83|78|88|73|72|48|31|31|38|32|29|29|34|19|26|16|24|48|30|43|39|38|45|40|75|83|112|149|159|179|161|168|186|170|156|153|185|187|193|201|204|180|208|208|203|221|194|180|168|179|190|177|196|218|201|239|200|212|234|216|246|214|218|197|212|189|222|191|198|196|194|185|204|171|165|154|122|101|110|119|117|156|120|134|129|133|147|146|145|164|
2012-07-27|3|1_CTs|ct9||101|84|64|84|75|63|58|37|45|51|41|41|36|28|42|41|22|29|29|19|26|24|18|13|30|27|46|40|48|59|115|106|126|182|191|213|166|173|157|166|195|154|148|164|193|160|178|224|265|170|170|178|217|154|127|115|259|179|182|197|211|173|176|168|178|169|161|179|198|216|166|151|132|169|168|180|169|175|150|164|156|138|127|128|105|117|94|98|95|88|95|93|81|98|95|97|
2012-07-27|3|1_CTs|ct10||100|70|90|91|52|49|64|54|44|65|55|48|48|31|37|32|46|35|32|27|27|30|21|31|25|25|23|31|30|32|44|56|101|92|110|132|148|130|117|101|111|102|101|116|131|125|128|112|134|128|126|117|125|131|109|121|107|142|109|118|141|133|140|131|115|128|137|128|159|126|134|120|136|131|118|128|124|114|109|94|117|94|88|104|83|104|78|101|76|76|83|77|75|89|81|98|
2012-07-27|3|1_CTs|CT11||30|22|21|31|24|20|11|21|20|22|10|22|17|17|13|20|4|18|17|12|18|11|14|17|18|12|22|24|30|40|35|49|47|52|47|55|64|60|60|40|52|49|58|58|56|53|52|60|62|40|55|64|58|59|57|47|52|54|57|62|59|56|60|63|61|54|59|56|68|66|60|67|69|64|61|56|52|46|55|54|51|54|46|52|49|44|43|45|43|44|26|21|32|30|35|29|
2012-07-27|3|1_CTs|CT12||28|21|25|34|23|13|39|27|23|34|27|28|17|14|21|21|25|23|23|19|17|19|22|16|21|11|17|18|14|13|18|12|23|20|31|30|42|23|41|26|40|37|46|34|33|37|44|32|37|43|26|37|44|44|32|38|33|43|33|31|34|34|39|45|35|38|37|28|39|30|45|36|26|25|38|34|29|39|33|37|39|27|32|39|34|37|32|40|37|31|33|29|28|33|24|39|
2012-07-27|3|1_CTs|ct14||0|0|0|0|0|0|0|0|0|0|1|0|0|0|0|0|0|0|0|0|0|0|0|0|0|0|0|0|0|0|0|0|0|0|0|0|0|0|0|0|0|0|0|0|0|0|0|0|1|0|0|0|0|0|0|0|0|0|0|0|0|0|0|0|0|0|0|0|0|0|0|0|0|0|0|0|0|0|0|0|0|0|0|0|0|0|0|0|0|0|0|0|0|0|0|0|
2012-07-27|3|1_CTs|ct15||0|1|1|0|0|0|0|1|0|0|1|0|0|0|0|0|0|0|0|0|0|0|0|0|0|0|0|0|0|1|0|1|2|0|0|2|0|2|1|0|1|0|0|1|0|2|1|1|2|1|0|0|0|1|0|0|0|1|2|0|0|2|0|1|0|1|0|0|1|1|2|0|1|2|0|0|0|0|0|0|0|1|0|0|0|0|0|1|0|1|0|1|0|0|0|3|
2012-07-27|3|1_CTs|CT16||73|61|54|51|40|60|31|41|35|26|24|31|12|5|26|10|8|24|17|25|17|22|21|14|26|17|26|24|29|46|49|63|82|87|89|130|108|101|122|105|136|99|87|76|78|104|122|111|132|103|95|104|117|73|77|71|72|99|102|76|89|115|106|104|122|94|135|122|139|106|127|147|141|166|146|131|109|108|115|86|90|86|82|79|66|60|93|67|60|65|64|66|51|80|65|59|
2012-07-27|3|1_CTs|ct17||117|76|103|75|64|43|47|32|36|39|33|24|19|24|27|27|31|15|15|24|21|20|27|27|30|37|37|43|58|62|105|129|205|231|243|291|297|278|247|251|241|198|223|210|225|223|199|174|205|214|214|205|211|178|177|170|187|225|217|224|228|209|251|215|218|211|207|197|232|226|225|199|181|212|228|219|204|175|171|165|165|164|147|152|124|147|128|122|142|106|113|100|87|104|101|97|
2012-07-27|3|1_CTs|ct18||137|106|120|110|79|78|82|67|67|80|64|60|51|39|48|42|56|51|36|37|34|38|29|40|41|48|45|51|57|72|96|117|177|187|197|230|246|169|216|168|179|150|168|179|187|158|163|186|178|169|176|176|172|157|139|167|159|196|157|208|185|171|204|172|167|185|170|173|204|176|211|170|178|192|195|159|196|162|167|135|179|142|160|156|123|149|138|124|142|116|143|128|99|114|136|139|
2012-07-27|3|1_CTs|ct19||0|0|1|1|0|0|0|0|0|1|0|0|0|0|0|0|0|0|0|0|0|2|2|4|1|7|6|6|8|7|10|6|11|5|7|11|3|7|6|9|8|5|4|10|9|9|7|8|8|4|5|3|5|5|5|5|6|8|7|5|11|11|4|6|9|4|6|2|5|5|8|5|3|10|5|8|4|7|4|5|4|2|9|5|11|6|4|3|1|1|1|3|0|2|2|1|
2012-07-27|3|1_CTs|ct20||75|99|99|76|58|49|33|40|53|43|30|30|25|18|21|16|15|15|21|21|14|18|22|12|33|42|45|68|75|102|136|160|188|170|205|189|238|175|138|180|198|204|195|229|218|192|207|186|202|198|204|220|212|222|175|181|192|195|197|212|188|239|190|199|214|192|181|186|218|193|197|193|203|228|207|209|195|204|168|158|204|190|195|166|164|143|146|137|136|119|108|102|119|127|120|107|
2012-07-27|3|1_CTs|ct22||10|3|6|5|5|3|2|2|0|2|2|1|4|1|3|2|4|3|0|1|1|1|2|2|0|1|4|6|7|3|6|12|6|15|14|23|28|15|10|15|26|23|18|8|20|20|14|26|29|33|43|36|28|16|18|13|23|18|33|21|19|19|33|23|43|30|46|47|45|40|51|42|45|46|44|37|35|26|29|22|18|12|17|12|16|6|4|6|5|6|7|6|5|3|4|3|
2012-07-27|3|1_CTs|CT23||125|109|65|61|49|43|44|22|34|31|35|16|28|17|11|8|17|18|23|13|15|9|15|8|15|19|33|28|50|52|78|146|164|210|253|279|257|219|187|215|212|205|181|188|188|183|204|219|204|240|235|250|248|237|191|213|245|237|245|242|255|246|254|224|294|303|316|282|373|341|352|337|383|400|409|359|373|352|312|287|299|272|224|223|219|181|167|161|167|132|142|89|141|121|110|124|
2012-07-27|3|1_CTs|ct24||235|245|202|148|131|106|85|52|77|47|52|36|50|37|42|27|26|32|55|56|56|56|78|113|114|200|263|454|558|733|845|972|980|865|929|870|852|902|807|888|903|801|856|873|820|811|781|831|702|763|775|806|768|721|695|727|733|802|837|851|826|819|753|792|735|729|708|756|746|783|897|844|892|922|905|940|827|726|702|658|687|634|599|552|529|513|427|386|363|367|335|326|363|336|359|280|
