2011-10-21|7|1_CTs|CT1||37|36|27|20|12|13|9|8|6|6|9|6|8|4|6|2|8|6|3|3|7|7|9|11|7|18|16|25|34|56|84|164|208|201|193|186|216|207|213|200|188|161|156|137|141|133|137|137|130|119|123|141|105|122|115|128|116|155|133|159|161|141|147|151|150|128|153|170|143|160|182|170|177|196|166|158|167|142|143|119|117|96|106|117|86|82|58|69|57|67|63|54|51|54|55|65|
2011-10-21|7|1_CTs|CT2||29|28|30|15|20|14|11|13|9|14|3|6|5|5|5|7|7|9|15|6|4|11|12|11|13|13|25|23|37|50|36|63|144|263|208|214|208|176|108|120|125|84|106|49|51|137|122|100|85|103|102|128|48|70|100|95|116|78|111|164|140|99|92|95|127|121|137|100|97|122|98|52|144|165|128|119|112|131|110|124|91|117|107|69|77|62|65|88|62|58|43|55|55|59|44|32|
2011-10-21|7|1_CTs|CT4||39|36|37|39|64|21|35|28|18|20|13|6|18|6|13|9|9|9|4|6|7|4|15|9|12|6|5|0|1|2|3|10|15|8|11|17|8|11|21|22|8|17|20|19|24|6|10|25|34|21|40|35|38|17|25|20|29|23|31|16|24|28|39|31|50|71|50|77|84|69|55|54|54|41|64|67|47|46|54|29|47|39|39|35|36|36|33|11|27|43|32|63|51|34|37|25|
2011-10-21|7|1_CTs|CT6||51|46|50|45|28|18|30|21|20|22|13|16|12|20|7|20|20|11|3|10|5|11|21|5|19|19|18|21|35|43|62|84|174|185|161|179|160|145|148|113|123|130|121|128|138|141|157|152|146|146|144|167|144|148|135|148|136|164|158|159|145|179|156|174|186|238|236|237|255|287|234|244|239|277|248|219|243|248|204|196|189|141|121|104|130|99|94|66|81|91|70|48|82|62|66|53|
2011-10-21|7|1_CTs|CT7||38|36|28|30|31|12|8|15|12|15|7|4|7|6|4|3|4|11|12|11|14|8|12|16|18|18|23|34|36|48|60|73|97|106|93|97|92|103|103|102|132|121|133|110|122|107|131|110|114|106|95|123|112|115|126|103|110|126|116|124|112|121|128|126|126|112|139|133|150|152|161|157|173|179|161|171|160|148|160|156|128|111|97|72|79|86|67|57|69|52|50|57|57|56|58|67|
2011-10-21|7|1_CTs|CT8||122|85|106|76|78|46|34|31|25|27|24|20|31|22|23|29|37|29|50|60|62|70|72|129|112|121|145|165|192|269|324|411|429|440|381|379|381|387|382|337|322|333|336|338|316|378|335|333|342|349|328|349|320|275|296|330|350|334|353|350|353|354|368|365|340|367|355|378|393|369|405|361|429|407|377|362|322|396|328|306|301|254|260|271|187|230|211|198|207|183|194|146|179|174|149|138|
2011-10-21|7|1_CTs|CT9||80|64|62|50|49|38|26|30|36|22|27|14|26|24|13|15|28|11|28|29|33|30|36|74|67|71|74|89|114|158|182|267|258|262|291|272|237|229|259|268|229|176|225|195|233|226|222|208|206|211|204|227|203|176|215|191|206|202|239|219|252|225|261|227|240|238|208|223|235|230|234|238|228|269|237|248|246|241|208|194|172|179|156|169|141|139|137|129|126|121|127|104|113|93|79|90|
2011-10-21|7|1_CTs|CT10||120|106|102|90|93|79|50|64|58|74|52|50|42|45|36|32|38|38|44|42|53|39|48|55|63|47|70|67|90|123|139|171|211|285|263|246|216|236|232|247|225|210|253|262|248|263|264|265|294|269|284|302|286|250|255|217|239|279|235|267|294|292|277|274|310|335|380|309|306|370|269|315|345|292|326|354|284|346|323|283|278|282|215|236|190|193|180|175|204|188|137|149|171|138|130|148|
2011-10-21|7|1_CTs|CT11||135|93|89|89|77|66|44|59|49|56|43|43|48|36|27|30|29|34|36|44|41|52|52|56|64|59|75|91|92|151|159|180|216|298|275|306|263|303|292|292|288|266|271|273|244|264|244|293|293|282|280|262|292|240|240|230|249|272|259|277|290|212|206|241|287|191|215|206|210|191|171|192|190|185|204|207|194|229|219|262|231|253|236|232|194|202|187|176|166|193|130|148|154|130|140|123|
2011-10-21|7|1_CTs|CT12||77|71|59|38|41|33|26|12|25|23|15|25|16|18|9|14|12|17|13|13|7|13|15|11|32|21|37|29|29|49|91|130|233|219|225|239|213|221|201|159|178|181|174|180|181|185|210|210|198|226|198|210|223|214|177|232|197|195|191|200|227|247|211|244|258|273|286|298|302|340|332|346|313|326|311|317|309|327|327|263|289|214|211|165|190|158|129|123|114|115|114|110|114|115|102|95|
2011-10-21|7|1_CTs|CT13||15|7|15|10|10|7|2|11|3|4|4|1|4|1|3|0|1|1|4|4|9|1|2|4|4|7|10|17|12|35|26|51|70|48|58|40|71|47|55|71|96|97|88|48|52|54|44|59|58|54|67|67|67|68|54|56|53|66|65|58|54|66|72|62|56|69|84|75|88|90|61|68|99|96|87|100|82|86|86|77|64|68|60|27|41|50|36|35|41|23|15|28|27|21|23|41|
2011-10-21|7|1_CTs|CT14||150|125|108|80|86|68|69|40|45|42|50|33|49|39|30|30|35|45|31|50|60|47|67|75|74|83|127|116|134|176|227|272|329|425|422|412|385|361|335|329|314|286|330|346|323|356|348|352|368|407|387|395|399|380|346|364|354|372|392|408|393|391|437|466|406|479|492|488|535|582|557|546|549|573|579|545|491|541|515|463|456|401|359|358|273|303|239|220|240|230|185|184|186|175|200|160|
2011-10-21|7|1_CTs|CT15||22|22|20|13|12|19|9|18|9|14|4|8|4|2|11|10|2|10|5|9|4|16|13|18|13|10|15|15|30|32|41|70|188|179|143|181|145|109|90|62|74|61|62|81|58|62|82|87|52|75|74|57|95|129|93|88|70|74|73|60|56|72|98|97|116|190|174|167|144|199|212|187|155|146|146|130|143|128|90|103|73|88|61|61|58|44|44|37|44|47|26|23|42|32|16|17|
