2011-05-28|7|1_CTs|CT1||64|46|46|46|24|30|17|21|25|14|18|16|18|12|14|12|11|14|12|8|12|6|13|17|11|15|16|16|21|28|43|39|43|59|76|80|66|73|98|95|88|100|117|117|159|129|114|133|109|102|118|114|107|104|97|110|89|75|91|84|103|100|92|100|90|109|91|91|84|97|94|105|72|94|99|107|86|104|96|90|78|70|71|62|53|62|52|52|48|51|49|41|46|41|41|51|
2011-05-28|7|1_CTs|CT2||117|119|117|78|89|75|76|59|69|76|42|39|42|41|29|40|50|37|31|26|28|38|30|37|48|51|49|43|35|83|82|80|81|117|145|141|114|169|181|174|173|202|188|225|147|162|210|206|207|214|223|192|160|163|158|149|170|164|193|207|202|178|144|176|180|155|163|174|195|174|159|197|170|196|162|169|197|190|177|177|150|123|141|122|140|119|87|140|134|148|104|95|108|87|130|87|
2011-05-28|7|1_CTs|CT4||164|180|100|150|91|85|116|96|132|123|104|82|108|105|68|83|76|72|60|83|31|42|33|47|34|22|16|4|11|15|4|4|4|7|13|15|12|11|45|38|28|24|67|74|55|35|31|19|18|64|60|54|43|49|37|27|24|38|14|32|43|44|40|40|41|33|49|55|91|57|49|40|45|34|31|51|34|51|46|35|47|48|24|24|24|29|36|54|70|85|98|72|112|124|116|110|
2011-05-28|7|1_CTs|CT6||75|63|60|59|37|42|23|28|27|38|26|38|25|30|13|28|23|13|21|21|20|16|8|10|14|14|22|28|17|25|21|24|45|42|72|66|77|80|84|81|97|132|101|97|114|145|145|126|122|160|131|121|117|114|103|96|91|87|90|111|85|124|104|127|131|130|114|122|117|111|118|114|103|112|105|101|114|113|95|100|77|58|61|57|41|53|54|74|59|48|51|46|63|35|55|62|
2011-05-28|7|1_CTs|CT7||71|62|40|44|35|40|23|34|21|21|13|35|25|20|23|19|20|19|24|15|25|14|28|25|17|27|27|26|33|53|37|52|37|52|72|73|71|70|72|96|88|103|99|114|112|129|127|128|113|120|120|111|111|118|100|88|90|95|71|89|77|87|109|120|139|109|121|118|117|113|118|113|112|90|91|88|130|95|84|74|92|63|81|58|67|62|58|60|58|72|63|43|59|37|56|60|
2011-05-28|7|1_CTs|CT8||171|159|150|100|120|100|84|57|74|59|50|57|54|42|35|48|65|38|68|63|74|82|83|108|117|116|139|135|118|144|175|197|174|224|247|256|234|255|242|280|269|278|299|272|253|275|273|302|255|268|302|243|275|257|244|256|202|234|286|270|240|250|224|251|233|253|254|273|261|249|277|254|260|244|265|285|258|232|274|240|199|187|206|199|176|135|129|173|178|186|153|146|145|148|140|154|
2011-05-28|7|1_CTs|CT9||93|91|84|64|55|53|59|38|35|36|24|38|26|33|24|17|28|17|34|33|40|45|34|41|47|71|61|64|55|75|83|108|87|104|128|148|123|130|141|161|158|150|173|161|156|148|136|163|167|143|168|158|147|159|147|132|120|150|161|147|148|134|123|151|140|143|133|159|137|149|147|137|141|117|137|152|147|123|162|154|128|109|125|119|86|72|81|89|81|113|87|80|87|98|85|97|
2011-05-28|7|1_CTs|CT10||138|122|134|114|103|109|99|77|75|88|70|78|86|63|75|70|81|75|78|60|68|65|44|56|53|70|80|63|67|71|72|108|110|115|167|136|148|161|175|180|176|182|210|188|215|228|205|202|263|236|236|241|282|232|225|212|213|221|200|214|206|202|175|250|282|277|243|245|230|250|214|212|243|214|204|229|198|217|218|199|212|197|146|148|127|115|131|140|141|118|136|142|122|139|137|124|
2011-05-28|7|1_CTs|CT11||149|139|117|105|113|96|90|88|69|79|51|54|71|54|52|74|51|61|73|46|49|63|48|73|58|90|92|85|68|85|96|119|116|133|171|168|274|470|190|220|199|210|246|207|269|218|264|236|240|224|322|286|273|270|208|244|297|260|223|231|230|199|202|223|273|283|234|219|250|277|276|190|225|205|209|209|235|218|241|196|152|178|163|149|149|114|117|134|113|134|140|121|128|128|135|122|
2011-05-28|7|1_CTs|CT12||123|93|89|66|56|59|48|46|40|50|51|49|36|44|26|33|27|26|30|33|30|16|19|14|33|26|26|32|27|34|34|47|64|54|99|82|111|118|107|139|130|173|136|151|180|202|199|187|199|197|235|233|219|178|193|133|128|128|136|147|151|157|150|185|181|164|188|155|159|175|170|170|157|163|132|160|171|192|169|151|135|106|111|92|100|80|91|98|86|72|92|67|85|61|81|88|
2011-05-28|7|1_CTs|CT13||25|27|13|13|11|18|10|15|7|6|6|9|6|8|9|8|5|8|7|6|7|5|8|13|12|14|8|8|11|16|15|17|15|20|45|29|32|34|33|48|42|51|48|45|51|62|48|67|52|51|61|45|60|58|42|37|43|35|39|45|36|48|42|49|65|43|55|45|52|51|52|47|43|43|46|53|57|57|51|34|39|16|20|31|29|21|17|17|24|23|24|24|16|18|29|25|
2011-05-28|7|1_CTs|CT14||204|191|179|140|147|108|106|108|99|96|85|60|87|65|68|61|52|46|74|62|67|67|75|76|79|96|107|122|103|115|143|138|177|184|226|202|223|256|213|270|299|295|310|287|305|322|330|332|351|311|326|316|361|318|293|275|278|274|296|285|291|270|250|287|323|318|306|332|303|368|303|288|282|308|297|273|299|306|297|260|231|230|219|185|213|182|169|177|165|156|163|123|167|158|140|163|
2011-05-28|7|1_CTs|CT15||51|28|29|22|11|6|4|7|12|8|6|9|8|5|4|9|5|4|8|11|6|6|1|6|4|7|6|6|4|8|9|14|11|17|20|21|28|31|37|32|38|36|34|42|38|45|42|38|38|51|44|45|44|27|34|24|30|23|29|34|31|27|21|37|31|44|22|28|29|33|40|34|28|30|23|26|36|26|32|23|20|16|22|26|19|15|20|20|15|21|19|26|28|20|11|16|
