2013-06-01|3|1_CTs|ct1||72|93|88|58|41|46|44|23|33|32|25|23|23|20|16|11|11|17|21|12|11|12|18|16|20|22|31|26|28|41|53|67|60|59|80|99|107|113|126|125|104|121|142|126|135|142|135|152|142|150|153|147|176|177|165|154|136|85|34|84|95|94|74|80|78|74|55|72|72|82|49|46|54|44|127|107|133|125|142|113|135|138|147|138|128|135|110|90|110|78|87|72|97|82|76|84|
2013-06-01|3|1_CTs|ct3||166|200|159|120|110|76|77|68|88|83|112|58|54|52|63|65|42|59|46|53|33|48|62|32|65|58|65|66|56|67|113|121|87|115|132|148|167|181|184|196|172|187|203|231|207|208|207|228|225|201|233|211|203|246|228|196|183|127|125|129|155|140|146|143|174|145|128|133|141|143|144|155|123|154|236|237|235|203|217|194|242|243|219|209|192|208|202|178|184|168|163|146|154|169|165|152|
2013-06-01|3|1_CTs|ct5||166|178|167|148|110|108|120|92|97|92|96|65|58|64|59|64|56|40|44|41|30|21|25|25|24|29|33|33|44|34|49|69|75|90|104|116|109|139|142|166|161|145|169|196|169|184|181|188|222|199|241|226|258|254|218|227|206|183|162|170|180|207|202|196|213|207|201|184|202|198|194|220|191|217|189|197|185|206|217|214|217|215|190|183|160|140|139|123|118|103|96|118|100|145|139|138|
2013-06-01|3|1_CTs|ct6||28|28|13|11|9|11|4|4|11|11|2|8|3|3|6|1|2|4|5|3|3|2|2|1|6|6|8|5|5|9|25|14|17|14|22|17|21|22|28|29|23|34|24|34|32|35|34|28|26|29|36|39|21|29|27|25|32|31|23|32|38|47|32|42|31|36|38|36|44|35|35|38|41|32|31|35|38|29|24|37|42|39|43|43|31|26|23|15|24|18|29|31|21|31|20|17|
2013-06-01|3|1_CTs|ct7||189|190|157|168|155|159|137|132|145|132|118|83|91|105|108|83|80|67|63|48|53|38|36|49|44|44|44|37|51|46|51|50|53|67|78|78|89|94|102|92|111|115|137|143|122|133|139|132|191|184|181|165|184|163|165|163|157|158|121|135|143|136|140|149|161|155|152|161|145|155|167|159|165|173|161|148|141|116|117|123|98|96|77|75|77|61|88|72|69|81|84|90|100|108|106|107|
2013-06-01|3|1_CTs|ct9||120|127|112|114|109|79|81|92|73|94|71|57|66|57|89|50|54|65|58|51|32|29|37|30|37|30|30|30|37|44|47|62|60|66|83|114|112|103|103|141|115|106|157|131|107|138|145|131|156|138|140|133|159|148|166|134|112|138|126|159|162|167|135|157|140|161|141|170|145|147|124|152|148|146|138|119|141|174|165|163|157|165|128|142|122|121|119|110|88|100|73|101|95|90|148|106|
2013-06-01|3|1_CTs|ct10||97|122|114|125|122|96|87|87|107|98|90|85|91|81|83|86|74|70|56|46|67|57|53|49|30|50|36|29|37|28|31|50|45|36|54|72|63|58|90|73|82|81|86|105|102|126|102|94|98|113|144|148|124|121|130|97|80|119|96|107|109|101|115|97|132|98|139|158|104|126|114|116|126|119|126|119|107|127|123|119|124|115|125|118|113|118|107|92|87|90|102|95|87|87|99|80|
2013-06-01|3|1_CTs|CT12||106|87|117|45|62|69|54|68|49|44|45|31|37|37|40|36|39|31|31|18|20|18|6|18|22|27|21|19|9|11|16|17|31|19|30|37|44|32|34|63|59|51|56|55|58|75|81|67|66|77|80|74|97|78|78|74|61|55|50|53|59|48|77|92|68|86|67|74|75|109|99|88|74|94|80|82|63|73|86|77|61|73|47|50|55|46|71|52|42|64|56|67|45|63|47|64|
2013-06-01|3|1_CTs|ct13||233|244|259|216|184|202|190|171|196|196|173|152|146|159|130|166|168|122|147|113|143|100|104|125|98|130|105|86|92|92|102|115|159|269|409|162|196|182|188|226|202|200|417|846|1015|923|1096|443|219|390|264|301|298|262|293|230|270|249|216|241|238|238|293|272|282|253|250|270|243|236|269|264|250|266|246|248|234|219|229|228|234|219|238|214|222|207|231|219|204|199|213|217|193|250|252|210|
2013-06-01|3|1_CTs|ct14||64|52|57|29|38|34|30|17|26|20|19|19|11|23|18|9|12|9|7|14|11|14|21|13|20|24|40|33|37|53|119|150|76|97|124|153|136|145|153|165|148|156|149|152|139|136|127|146|122|132|134|132|138|123|134|124|144|143|128|121|116|144|165|159|166|113|115|127|100|138|135|141|140|151|138|148|175|161|157|194|173|180|164|172|209|158|111|85|87|91|91|82|96|78|101|72|
2013-06-01|3|1_CTs|CT16||117|109|105|101|84|100|80|61|73|77|55|57|54|57|66|64|45|41|46|35|40|22|24|41|37|37|54|34|40|43|34|47|61|58|55|50|70|61|72|96|103|100|91|94|87|101|112|104|135|108|132|115|116|125|109|103|93|97|100|114|123|162|107|143|236|172|157|170|149|137|141|179|149|142|138|142|164|156|194|152|157|149|118|121|102|120|78|73|69|74|80|77|70|120|75|91|
2013-06-01|3|1_CTs|ct17||125|112|113|107|103|94|75|63|82|63|59|69|51|52|48|38|44|46|40|48|37|33|39|44|45|38|34|36|28|37|38|61|63|66|55|95|97|94|112|150|117|139|137|165|172|176|160|184|171|182|201|176|194|198|155|141|134|127|148|144|145|164|158|168|195|169|189|210|185|179|173|185|195|174|175|165|187|197|172|172|174|161|180|170|154|141|123|126|100|84|107|105|105|121|84|93|
2013-06-01|3|1_CTs|ct18||163|157|153|147|154|122|107|104|139|108|115|108|105|109|98|92|92|80|78|57|83|70|62|57|48|67|58|56|57|48|57|83|73|67|65|102|105|93|134|115|139|124|127|152|148|181|130|170|151|157|199|163|157|180|181|141|129|155|146|152|145|155|152|157|200|167|187|205|177|162|160|169|198|175|167|162|166|205|197|168|197|169|175|180|177|154|140|132|120|134|136|127|143|128|131|132|
2013-06-01|3|1_CTs|ct19||0|1|3|1|4|2|1|1|3|1|0|1|1|0|0|0|0|0|1|0|0|1|1|0|3|5|3|4|2|4|4|2|7|5|2|2|7|3|4|6|3|3|1|6|2|3|7|7|4|4|6|4|6|4|1|4|2|6|4|3|2|1|3|3|2|2|3|3|0|3|2|2|1|4|2|6|3|6|0|7|2|6|5|0|3|3|4|6|1|0|0|1|0|1|2|1|
2013-06-01|3|1_CTs|ct20||88|96|80|65|76|57|53|43|52|33|39|38|17|37|28|17|16|23|12|24|11|16|13|27|19|20|27|33|25|43|48|65|61|72|88|107|120|159|110|149|136|135|141|148|144|124|119|195|140|84|96|68|73|96|116|105|165|108|124|147|136|137|161|157|162|154|162|166|144|198|187|95|100|75|109|72|155|123|154|175|173|164|160|152|169|161|141|150|128|106|103|116|124|120|121|97|
2013-06-01|3|1_CTs|ct22||16|7|4|4|5|7|0|4|2|7|0|5|4|4|6|2|1|5|0|1|2|1|3|1|8|3|1|2|3|3|4|2|6|0|6|11|5|7|5|11|16|20|28|31|26|14|14|17|23|23|10|13|23|17|19|18|11|12|5|11|10|22|22|9|13|29|12|16|20|10|10|15|10|14|11|12|12|17|4|12|18|10|14|7|11|7|6|12|3|7|8|0|4|10|11|15|
2013-06-01|3|1_CTs|CT23||183|151|82|94|76|70|52|42|50|66|35|43|38|23|39|35|20|29|37|29|24|25|21|15|23|25|29|31|29|42|63|80|87|76|96|112|112|103|128|160|139|133|196|175|175|198|176|203|216|245|248|235|290|250|271|226|213|178|133|206|229|201|219|199|211|222|166|185|220|230|231|186|205|188|202|203|222|221|219|208|258|203|196|137|154|132|134|116|116|120|114|125|111|140|117|140|
2013-06-01|3|1_CTs|ct24||306|286|246|199|207|176|135|126|134|111|90|80|83|63|80|51|56|42|51|70|55|63|87|98|94|138|178|164|196|268|435|448|338|422|494|588|625|660|730|772|698|750|787|766|689|677|671|711|628|644|656|626|701|649|657|652|630|644|650|691|688|774|812|839|746|729|750|726|779|807|758|856|749|812|818|822|839|764|766|790|721|772|800|702|661|581|512|457|475|411|376|347|427|410|372|353|
