2017-05-13|2|1_CTs|ct1||97|115|117|88|85|87|61|58|56|48|59|49|31|46|28|30|29|284|29|32|26|30|27|34|301|58|71|72|77|80|114|113|95|121|99|141|386|145|133|183|158|153|151|154|173|169|401|431|426|172|422|151|176|154|180|151|437|156|161|162|190|169|154|420|169|134|137|164|148|130|83|326|56|63|46|44|47|34|36|31|29|2|0|1|256|1|0|0|0|0|0|0|0|0|0|0|
2017-05-13|2|1_CTs|ct2||49|74|63|70|45|45|52|39|36|34|39|28|31|28|21|15|20|280|20|18|20|11|17|15|24|27|36|31|32|25|29|45|47|46|277|58|59|66|310|332|60|65|60|70|102|60|78|74|58|69|327|73|70|72|88|58|72|78|60|81|93|64|76|63|80|71|66|59|62|68|35|27|23|19|21|21|18|11|11|11|8|0|0|1|258|1|2|1|0|0|0|0|0|0|0|0|
2017-05-13|2|1_CTs|ct3||109|79|88|60|57|74|45|45|285|25|31|37|33|31|274|18|20|23|25|17|19|25|25|23|21|36|44|38|46|57|67|52|47|81|66|84|100|93|88|339|111|103|100|110|122|126|96|374|112|130|119|95|600|110|356|107|119|121|102|108|124|118|99|360|359|105|109|110|109|92|73|68|42|46|53|46|63|47|59|48|34|16|19|10|20|16|12|10|17|7|14|10|8|18|11|17|
2017-05-13|2|1_CTs|ct4||36|26|43|34|37|25|284|276|22|31|17|18|23|18|20|277|19|24|25|16|12|14|17|16|22|23|6|20|20|14|17|31|20|31|37|43|38|36|53|328|60|61|65|36|43|49|62|313|79|68|60|64|73|312|65|51|58|48|68|76|77|71|83|63|67|68|60|324|66|57|63|44|38|50|44|296|39|297|34|21|27|29|26|24|17|30|30|26|28|18|22|23|19|20|13|14|
2017-05-13|2|1_CTs|ct5||52|39|45|47|32|37|34|33|26|19|15|19|18|19|20|286|15|9|15|7|14|9|6|9|12|16|9|20|16|15|27|23|26|37|51|51|566|40|312|70|63|74|71|65|71|82|330|82|78|86|70|72|96|83|70|74|66|68|78|81|78|78|340|86|80|78|64|77|76|77|319|54|58|45|312|53|54|56|47|34|36|30|34|32|36|32|26|24|35|25|31|26|25|27|22|18|
2017-05-13|2|1_CTs|ct6||139|121|135|101|111|148|101|79|328|78|59|51|53|54|60|314|53|46|46|27|43|288|35|38|49|40|32|49|44|303|301|60|48|65|72|74|87|78|352|111|377|111|122|120|121|135|136|385|156|399|124|389|138|133|131|124|119|123|123|128|155|160|173|149|165|160|171|151|153|134|71|35|16|18|25|17|21|15|15|15|5|2|1|6|6|3|1|3|1|1|1|0|2|2|2|1|
2017-05-13|2|1_CTs|ct17||163|150|172|398|135|397|364|361|82|66|95|79|73|68|314|308|40|50|55|44|36|42|35|41|558|63|65|70|82|64|94|102|93|108|365|140|152|150|429|175|461|192|453|429|227|214|450|224|494|239|243|203|196|195|452|188|206|470|176|228|212|219|452|207|218|199|420|471|209|444|232|530|521|227|474|240|241|500|229|202|443|400|158|152|150|401|128|129|157|392|124|123|135|382|120|116|
2017-05-13|2|1_CTs|CT19||56|54|50|303|55|298|41|287|31|28|18|17|15|17|24|9|18|18|11|10|14|10|8|12|16|27|20|23|31|24|38|43|36|57|58|330|322|57|592|75|93|82|97|85|93|89|345|99|98|108|116|87|91|597|96|333|86|85|357|88|89|107|93|83|81|79|84|345|611|87|597|366|319|96|97|84|80|100|102|88|61|318|75|65|53|62|65|59|317|52|38|44|32|43|48|50|
2017-05-13|2|1_CTs|CT20||73|68|83|331|55|66|63|54|307|53|310|59|68|34|301|44|33|35|35|31|21|28|30|23|22|24|23|25|26|26|30|46|29|297|32|53|62|52|70|71|63|67|323|587|77|78|78|322|853|328|77|70|330|74|69|73|72|82|64|78|335|64|325|62|327|96|79|342|325|74|580|323|82|78|82|81|344|89|84|78|78|90|81|83|81|79|60|77|84|62|72|78|75|312|61|335|
2017-05-13|2|1_CTs|CT21||39|39|42|40|32|49|43|288|25|31|20|24|26|17|19|18|14|272|18|14|11|11|18|6|9|9|10|12|9|11|14|24|11|22|15|36|34|28|40|41|44|299|47|56|49|46|543|64|304|313|45|42|57|46|42|41|51|47|34|46|40|41|58|297|59|45|47|49|59|46|35|27|58|40|35|52|55|49|51|36|42|58|38|35|41|37|29|536|45|28|36|39|36|36|34|30|
