2013-08-14|6|1_CTs|CT1||1|3|0|0|2|0|0|1|0|1|0|0|0|1|0|1|0|1|1|1|1|2|3|6|3|2|4|0|1|2|5|1|1|3|1|7|5|5|9|1|1|5|4|0|5|4|6|3|4|2|2|5|10|8|6|1|4|2|1|4|3|4|1|2|5|1|3|1|3|3|4|3|8|4|2|4|6|0|2|2|3|3|1|3|2|0|1|2|2|0|5|18|8|1|1|0|
2013-08-14|6|1_CTs|CT3||16|19|14|14|5|8|4|8|7|2|0|1|3|2|1|2|8|13|11|16|19|24|18|23|25|31|28|30|35|40|52|70|44|56|61|46|49|51|56|55|47|39|38|33|53|47|41|45|38|48|50|39|30|43|23|32|42|30|36|42|42|51|28|45|37|48|41|45|41|43|44|48|47|35|52|32|32|29|28|30|29|27|26|29|29|22|18|15|13|8|19|15|16|13|18|24|
2013-08-14|6|1_CTs|CT4||2|4|4|3|2|1|2|4|1|0|1|3|1|0|1|2|2|0|1|1|0|1|0|1|0|1|2|2|4|7|7|7|12|12|14|15|9|15|17|18|10|15|19|15|14|14|21|20|21|24|18|22|25|12|15|20|14|16|18|29|27|26|22|21|24|18|23|21|27|21|23|19|29|18|24|25|25|17|19|24|14|21|16|12|15|15|11|7|13|11|10|7|8|10|7|11|
2013-08-14|6|1_CTs|CT5||16|25|16|15|13|14|9|5|8|7|5|3|5|5|2|5|4|3|4|3|8|5|7|14|10|13|17|12|12|20|36|23|36|39|50|48|48|52|55|55|55|74|51|65|60|73|54|69|65|67|59|56|45|50|53|62|47|39|67|59|72|55|48|49|40|39|62|59|60|44|57|47|57|50|41|24|30|25|25|17|28|46|35|43|42|27|31|21|12|20|23|21|19|26|26|24|
2013-08-14|6|1_CTs|CT6||14|18|19|8|10|10|2|7|7|2|7|2|2|7|2|3|4|5|8|4|9|13|13|14|17|10|18|10|18|28|42|36|53|74|98|82|95|89|78|60|87|78|60|72|62|71|72|67|78|79|64|69|49|81|66|73|80|70|71|83|83|72|76|69|67|68|84|79|59|77|80|79|90|78|60|69|84|63|61|64|62|57|68|52|55|34|65|51|39|38|36|38|42|30|24|34|
2013-08-14|6|1_CTs|CT7||6|2|4|7|4|7|0|0|0|1|3|1|0|2|1|0|0|0|0|3|1|2|3|3|2|7|6|4|4|6|11|17|14|25|20|24|27|12|20|21|16|19|35|24|19|11|17|19|10|11|20|24|14|19|7|22|16|10|15|19|11|21|20|14|7|31|21|23|14|23|20|13|21|20|14|17|20|18|13|24|8|15|17|12|10|16|7|8|7|8|6|8|6|8|7|8|
2013-08-14|6|1_CTs|CT8||38|35|35|22|28|31|26|16|17|13|6|10|17|14|5|6|8|5|7|5|8|11|16|20|21|25|35|33|53|87|112|115|164|184|170|200|175|176|157|151|138|127|120|119|111|118|123|121|109|141|102|119|107|125|127|128|112|141|148|125|129|122|147|102|141|155|138|132|136|138|151|148|152|162|156|150|151|128|126|123|104|108|100|80|99|84|78|75|62|70|76|60|72|64|64|51|
2013-08-14|6|1_CTs|CT9||46|50|44|32|24|31|13|27|9|10|11|11|8|11|5|3|5|5|13|10|13|22|23|18|21|42|35|56|66|92|106|142|153|158|191|195|177|187|178|181|146|155|161|153|180|200|193|186|160|169|156|138|131|135|119|160|198|156|155|211|159|159|152|160|169|160|198|183|157|172|154|174|184|164|165|156|174|120|115|111|101|103|106|88|83|82|64|77|73|57|64|69|61|66|53|73|
2013-08-14|6|1_CTs|CT10||25|28|29|14|18|13|7|9|11|7|10|5|3|3|5|4|3|7|4|4|10|10|6|16|25|14|29|34|31|45|70|75|84|110|119|143|112|140|50|63|120|123|98|117|116|117|102|94|119|116|105|107|125|112|79|87|82|104|55|51|110|92|86|125|120|107|130|125|122|129|124|169|154|164|128|159|133|129|104|108|98|80|75|79|46|53|63|43|44|36|44|39|35|31|42|37|
2013-08-14|6|1_CTs|CT11||29|32|22|19|12|8|13|10|1|7|14|10|5|9|4|2|11|4|10|10|13|18|18|27|21|28|42|37|59|96|125|172|193|182|181|247|206|219|199|187|178|160|167|180|193|172|186|152|153|148|156|154|135|126|125|127|119|141|136|151|125|179|130|138|138|128|134|124|130|156|133|125|126|131|122|133|112|118|106|118|77|93|90|88|74|68|52|75|63|51|32|20|53|35|43|36|
2013-08-14|6|1_CTs|CT12||36|40|25|26|17|14|12|13|10|6|9|9|6|3|4|3|4|8|8|9|15|17|7|24|23|20|33|36|48|46|66|71|89|124|132|145|147|142|150|142|132|132|138|121|151|125|134|115|133|122|114|144|114|104|112|106|108|98|114|124|129|117|123|151|128|124|149|137|140|166|149|165|154|161|141|196|147|143|118|129|116|127|85|83|66|66|54|61|55|41|50|50|47|37|52|50|
2013-08-14|6|1_CTs|CT15||21|12|7|10|11|16|12|2|1|6|6|4|1|4|2|0|3|3|7|12|10|13|18|15|15|22|21|26|25|37|65|70|70|58|97|97|87|71|64|70|65|67|61|57|64|59|52|74|60|64|54|59|41|48|42|51|46|51|63|64|54|72|70|44|62|61|57|52|62|72|60|58|55|66|57|58|59|52|47|46|36|43|46|36|34|29|29|26|20|25|16|25|23|23|15|17|
2013-08-14|6|1_CTs|CT16||36|30|32|20|20|18|8|6|3|8|11|10|1|5|3|6|8|7|2|5|8|7|15|22|23|25|30|35|33|67|90|124|135|158|155|177|175|166|157|132|150|159|165|164|169|144|145|126|124|141|143|147|147|128|111|135|106|124|103|146|123|146|138|118|112|135|151|146|136|150|140|138|126|159|128|139|131|122|127|122|91|92|99|94|78|88|65|59|66|63|57|58|43|38|40|43|
2013-08-14|6|1_CTs|CT17||20|26|20|8|6|13|6|10|5|9|4|3|4|1|0|3|5|4|4|3|7|3|3|3|4|6|8|9|15|11|26|35|33|37|57|40|56|49|74|64|59|52|65|45|68|68|50|70|51|65|51|63|55|43|48|54|52|56|56|52|54|52|66|62|63|49|52|70|59|63|65|63|71|71|65|68|69|71|59|48|51|46|51|41|35|43|20|37|26|17|25|32|18|24|17|36|
2013-08-14|6|1_CTs|CT18||54|63|49|30|25|36|29|12|12|12|15|6|12|10|7|9|14|12|9|14|18|13|22|30|34|38|46|41|60|74|122|141|150|160|193|192|184|205|199|178|164|218|178|196|202|214|174|170|189|198|175|189|157|163|155|165|153|157|187|191|201|188|193|189|158|161|211|178|204|196|185|184|208|202|175|172|204|169|172|149|135|142|137|126|137|103|105|114|75|80|92|79|77|75|78|58|
2013-08-14|6|1_CTs|CT19||38|36|37|31|16|14|13|15|13|12|10|5|6|2|5|8|4|9|5|10|5|7|6|6|2|6|9|16|12|22|37|52|56|67|103|78|96|103|114|111|83|96|115|115|117|102|105|104|117|122|102|109|93|83|78|91|96|98|81|92|101|108|112|97|117|102|109|104|124|139|134|118|128|131|124|141|134|118|108|93|82|95|95|71|58|66|59|67|67|45|60|48|48|46|44|51|
2013-08-14|6|1_CTs|CT20||27|25|18|15|9|15|11|7|3|4|5|5|1|2|3|4|6|5|5|4|9|9|9|13|19|16|16|23|34|32|42|56|56|61|80|89|8|96|93|61|51|111|84|98|15|103|107|92|103|112|108|82|94|13|75|12|91|73|36|35|35|27|62|101|86|83|93|86|23|68|101|53|34|44|24|54|105|45|73|70|18|28|53|11|67|51|32|16|48|19|46|47|36|33|30|30|
2013-08-14|6|1_CTs|CT21||89|57|54|41|24|36|31|33|23|11|17|12|7|15|10|21|15|17|26|29|27|47|54|48|35|50|62|74|103|165|183|250|224|281|271|254|245|258|244|209|185|195|233|189|219|209|213|223|171|208|181|163|185|184|159|175|175|200|212|217|180|209|200|207|187|172|207|197|202|182|207|202|177|201|209|194|183|177|168|152|162|170|169|147|122|115|113|117|118|89|86|84|79|96|78|84|
2013-08-14|6|1_CTs|CT22||105|93|84|75|63|39|27|33|35|25|25|25|18|19|17|27|27|29|41|47|52|45|63|53|58|54|58|73|96|125|135|156|148|177|183|212|232|235|196|196|183|212|196|220|229|235|222|225|254|263|222|219|189|172|201|189|211|209|216|235|235|247|241|232|254|269|294|288|299|370|329|293|312|334|323|293|271|296|255|225|235|211|202|138|161|162|142|118|132|121|140|134|149|128|133|104|
2013-08-14|6|1_CTs|CT23||21|22|17|9|7|7|7|6|3|6|4|1|5|5|2|1|5|1|3|6|2|3|7|3|7|7|6|11|14|28|32|40|41|46|57|78|63|62|77|54|53|56|63|52|38|49|48|53|51|53|43|59|47|47|47|40|50|49|44|31|56|37|42|46|50|47|63|58|56|53|57|61|70|72|61|53|55|52|41|40|45|42|44|33|39|27|26|29|19|23|22|16|14|15|13|13|
2013-08-14|6|1_CTs|CT24||85|64|54|31|48|39|27|28|26|29|14|16|8|14|12|17|11|24|24|11|21|25|22|39|47|39|49|55|77|104|130|157|157|211|229|245|238|213|200|197|182|209|186|225|223|194|244|223|213|235|212|196|215|170|185|197|189|168|219|230|227|235|251|211|243|267|247|261|254|279|295|307|316|336|321|302|286|239|246|216|232|173|161|164|160|111|124|100|104|100|113|94|100|82|86|74|
