2014-09-24|6|1_CTs|CT1||0|1|0|0|0|0|0|1|0|0|0|2|0|0|0|1|0|1|1|0|1|2|1|3|1|2|2|3|2|2|17|67|159|102|107|65|57|26|10|6|3|8|11|4|10|3|5|3|4|6|3|6|10|9|12|6|11|4|9|7|5|4|7|6|7|5|10|9|21|16|1|3|4|6|2|5|4|5|0|4|5|3|1|4|1|0|4|4|2|0|2|4|1|0|1|2|
2014-09-24|6|1_CTs|CT3||16|15|16|11|9|3|3|2|4|3|4|1|5|7|5|4|7|18|11|14|18|30|30|36|29|34|31|39|48|65|74|75|94|102|140|113|91|87|80|50|58|64|55|50|56|60|52|65|52|67|51|40|49|50|51|60|51|37|57|67|53|58|43|55|43|53|55|72|60|75|73|69|64|72|71|69|70|56|56|36|36|33|39|37|34|31|22|12|20|13|16|28|36|24|23|11|
2014-09-24|6|1_CTs|CT4||11|5|2|3|1|2|2|2|2|3|2|6|1|2|1|2|0|0|3|1|3|1|1|0|1|0|3|3|4|9|8|25|62|42|21|24|34|13|28|19|18|25|19|21|9|17|16|32|25|24|28|34|39|30|25|29|24|1|25|19|17|20|29|37|35|35|26|27|34|32|49|43|31|43|47|79|56|44|40|26|42|30|29|23|23|12|15|21|4|13|12|11|15|15|8|9|
2014-09-24|6|1_CTs|CT5||24|20|19|15|16|12|13|8|8|5|5|7|7|10|7|3|3|1|7|7|6|6|8|10|15|12|14|20|19|24|41|45|46|61|86|132|130|85|65|66|59|77|84|74|70|50|59|59|65|74|68|71|76|74|84|72|68|71|78|88|76|52|70|73|84|84|85|82|90|72|89|80|68|85|81|112|118|94|72|71|69|60|68|56|38|39|47|27|30|39|38|33|22|26|29|28|
2014-09-24|6|1_CTs|CT6||34|22|15|11|6|7|7|4|3|6|7|3|4|1|2|4|4|5|4|10|9|8|14|12|24|16|18|20|32|35|76|92|174|209|208|199|166|139|125|93|118|95|111|110|89|74|87|94|119|105|87|79|112|120|93|111|113|112|115|113|101|102|123|98|115|113|120|115|151|162|121|134|130|107|108|121|134|121|106|103|99|125|104|69|75|65|67|63|60|60|61|38|42|39|35|34|
2014-09-24|6|1_CTs|CT7||5|5|4|0|5|1|2|0|1|1|2|1|1|2|3|0|2|2|2|2|2|2|1|3|6|7|2|9|8|17|22|34|49|39|46|41|43|46|35|29|22|27|27|15|22|18|24|34|27|23|26|25|25|27|34|27|23|30|25|35|29|24|23|26|37|21|33|37|28|23|32|37|34|26|32|35|31|33|20|28|21|24|21|24|12|19|17|14|8|9|19|11|10|10|5|5|
2014-09-24|6|1_CTs|CT8||43|23|19|21|12|20|16|14|5|13|14|10|16|11|10|8|8|6|11|6|12|14|23|29|20|27|56|58|69|128|180|182|270|218|166|171|185|221|185|176|135|157|141|162|137|161|141|140|145|162|154|170|150|144|142|146|166|185|160|159|148|161|155|140|133|160|146|187|192|196|205|172|213|211|217|193|168|194|171|148|157|157|125|117|94|96|81|77|62|83|83|77|73|73|64|58|
2014-09-24|6|1_CTs|CT9||50|58|50|32|22|21|18|5|12|9|9|7|6|11|6|10|5|4|7|14|10|17|23|28|38|33|43|62|88|112|196|324|360|386|401|414|373|330|311|235|202|213|205|178|174|198|194|191|185|201|198|213|191|211|226|223|215|233|201|229|193|229|211|210|215|234|255|224|234|291|326|367|335|350|323|381|377|317|243|191|201|168|161|115|127|125|121|119|107|79|97|99|80|63|62|58|
2014-09-24|6|1_CTs|CT10||29|22|26|20|17|7|9|8|10|6|8|5|1|7|6|2|2|6|6|5|9|13|13|15|26|18|32|31|60|60|123|146|143|188|183|178|160|221|180|189|229|215|165|151|149|137|137|143|145|127|158|186|164|164|144|123|136|133|177|145|149|173|169|161|185|163|213|189|199|204|195|255|210|213|226|250|259|228|223|181|172|147|124|123|122|92|83|67|82|72|61|61|52|63|48|55|
2014-09-24|6|1_CTs|CT11||40|17|16|16|18|9|11|6|6|5|10|3|3|6|4|6|4|4|5|7|10|12|15|28|30|39|53|87|94|137|245|296|227|171|198|188|256|283|261|242|193|179|213|192|166|176|172|189|154|160|179|191|195|198|189|188|188|203|211|229|157|184|198|203|218|196|230|247|248|227|219|166|201|225|210|180|153|171|149|151|186|129|121|102|90|97|89|96|73|70|46|67|56|38|31|35|
2014-09-24|6|1_CTs|CT12||44|29|28|19|19|20|15|8|13|6|14|6|5|9|6|1|7|10|4|7|8|16|19|18|27|25|40|44|55|76|140|207|269|345|256|296|306|310|241|210|216|218|203|177|156|143|186|186|171|167|192|229|205|202|216|161|179|175|204|212|186|226|201|198|266|249|255|261|311|319|314|299|293|289|300|266|211|243|290|237|236|204|168|127|112|127|83|88|94|79|78|88|65|72|48|50|
2014-09-24|6|1_CTs|CT15||25|30|18|12|15|7|11|4|5|9|8|5|5|6|4|7|6|6|15|18|24|19|25|40|44|34|39|52|69|83|127|189|267|218|240|219|214|192|153|141|140|130|122|107|97|127|117|93|144|117|114|136|130|128|97|140|105|117|100|134|103|104|110|103|124|128|143|130|132|153|181|223|185|210|204|240|187|177|128|117|94|102|85|74|71|62|66|62|42|48|52|35|42|34|26|23|
2014-09-24|6|1_CTs|CT16||35|29|28|20|20|9|11|8|10|7|11|4|4|6|11|6|5|6|11|6|11|11|8|19|30|28|41|66|73|112|183|266|338|309|315|311|299|279|266|247|213|190|210|167|180|200|174|200|184|159|186|193|202|185|212|171|178|189|226|220|197|170|198|213|217|188|256|218|231|225|228|223|227|188|237|206|212|204|174|177|183|177|151|134|143|112|109|99|73|69|75|66|50|63|48|58|
2014-09-24|6|1_CTs|CT17||5|9|11|5|5|7|5|1|3|1|2|3|0|1|0|2|2|2|2|2|3|2|5|3|2|1|5|3|7|4|14|23|35|48|30|47|35|31|41|28|23|23|29|35|33|32|24|24|41|33|28|38|17|36|27|16|19|26|38|34|31|30|31|25|45|70|69|88|98|127|84|70|80|75|87|69|76|62|58|43|64|75|21|28|37|36|27|32|37|23|18|21|16|35|40|44|
2014-09-24|6|1_CTs|CT18||95|71|61|49|46|34|33|27|23|14|18|13|18|17|16|12|9|11|13|11|16|15|20|29|38|40|42|65|94|133|187|270|319|345|293|163|175|265|282|272|258|236|225|255|236|210|232|202|229|249|226|252|228|235|263|244|224|226|253|270|241|207|231|240|259|287|278|284|291|267|287|272|276|284|332|259|254|269|238|229|251|189|187|196|130|123|125|112|108|118|115|102|93|81|85|87|
2014-09-24|6|1_CTs|CT19||63|47|38|27|22|29|16|15|11|14|13|13|14|11|9|9|10|10|10|6|5|5|6|8|4|7|13|17|25|27|50|98|222|150|141|178|164|137|150|154|128|120|102|121|139|125|146|140|128|149|131|134|156|174|137|123|141|132|150|163|139|135|148|154|168|182|200|199|200|217|214|230|230|206|242|260|211|194|179|177|165|158|136|111|95|78|87|68|68|65|74|55|52|50|41|35|
2014-09-24|6|1_CTs|CT20||19|22|19|9|9|5|9|3|7|3|6|5|3|1|0|5|4|2|7|4|13|9|9|13|17|18|12|26|25|41|51|16|139|134|144|165|168|133|124|117|101|128|96|96|120|125|139|44|95|131|110|38|129|122|86|113|112|111|106|123|115|125|111|113|111|122|141|134|38|114|135|116|110|128|167|87|89|66|82|81|23|106|46|29|74|3|68|53|71|55|51|44|41|27|32|26|
2014-09-24|6|1_CTs|CT21||82|64|54|39|26|31|25|21|17|15|15|10|14|8|19|11|17|24|24|26|47|47|54|62|56|75|82|103|143|219|271|300|362|361|363|344|346|327|319|249|219|220|255|235|224|212|233|211|211|217|233|238|201|201|215|249|224|226|226|264|246|213|232|264|223|244|252|263|224|239|280|248|241|276|303|290|257|277|230|221|198|192|180|145|142|127|128|105|106|89|90|92|112|100|92|76|
2014-09-24|6|1_CTs|CT22||106|77|56|59|48|37|39|35|18|21|27|13|29|20|21|27|27|19|40|40|54|45|65|63|57|55|73|108|111|142|200|198|234|280|307|302|316|266|240|250|207|274|212|235|239|238|284|280|248|292|257|254|227|256|259|252|233|257|246|253|290|277|300|292|285|316|348|328|386|362|395|392|382|373|418|372|387|328|343|284|284|267|211|200|164|188|154|144|148|141|143|132|118|112|122|115|
2014-09-24|6|1_CTs|CT23||72|42|49|30|30|23|24|15|19|16|22|11|18|20|14|6|18|6|19|12|25|23|36|42|36|55|69|82|121|179|260|302|367|332|343|381|369|313|325|268|242|232|243|237|213|215|210|205|225|252|266|249|265|244|235|257|247|258|266|270|241|274|235|250|207|272|276|283|310|304|325|338|324|346|375|295|364|297|325|250|245|215|207|158|149|157|123|117|90|103|129|124|127|97|83|78|
2014-09-24|6|1_CTs|CT24||87|64|51|52|41|33|28|20|21|19|10|13|22|10|6|11|16|11|21|27|26|21|32|32|33|46|62|81|109|148|186|218|296|348|371|362|397|365|334|339|304|279|302|267|243|230|274|280|310|259|240|273|278|271|227|250|244|267|309|263|283|290|283|294|329|319|321|356|364|385|414|384|442|431|405|442|455|384|400|328|292|275|236|217|182|168|159|138|121|131|160|116|122|107|106|102|
