2017-08-11|2|1_CTs|ct1||86|87|319|51|289|59|291|47|37|28|31|16|21|22|14|23|15|15|15|18|17|31|31|276|305|47|66|81|102|631|383|404|150|169|174|192|698|193|182|193|183|196|190|446|430|173|425|136|12|5|2|3|5|6|5|268|68|432|155|390|188|147|354|320|364|193|167|199|181|176|168|183|179|175|164|427|177|175|166|179|189|173|176|201|166|180|168|159|157|382|148|134|149|149|150|136|
2017-08-11|2|1_CTs|ct2||63|52|42|28|41|37|31|29|28|24|19|8|11|19|9|13|9|7|5|11|7|21|11|20|24|20|23|29|26|31|38|56|58|56|63|577|329|105|562|89|345|88|102|336|92|469|206|81|8|4|0|3|4|2|8|7|40|89|79|109|91|107|241|249|130|97|335|348|87|89|342|88|83|98|333|71|101|95|344|102|96|77|96|124|89|104|90|92|98|88|99|84|99|78|102|602|
2017-08-11|2|1_CTs|ct3||57|312|39|33|277|47|28|28|34|23|19|7|15|12|8|21|14|12|8|11|8|23|21|27|31|33|40|44|66|346|81|356|96|107|119|339|108|114|141|123|122|148|133|116|387|260|242|99|57|43|321|42|37|44|45|43|5|0|3|84|55|300|41|53|142|137|363|630|119|116|358|125|110|613|101|383|115|108|131|110|375|366|111|120|111|106|112|346|105|130|100|342|104|98|116|106|
2017-08-11|2|1_CTs|ct4||37|53|288|33|20|25|22|42|35|19|16|11|18|27|15|18|9|16|17|14|9|9|10|13|12|13|22|16|18|288|27|29|45|70|326|63|72|60|590|65|83|71|598|70|93|76|345|87|61|62|45|307|31|45|45|53|48|58|335|66|310|282|332|302|84|103|87|73|83|79|81|68|54|0|57|78|81|75|73|73|70|332|71|66|64|64|55|60|63|49|66|307|50|71|39|322|
2017-08-11|2|1_CTs|ct5||40|42|287|29|19|30|24|26|19|14|15|20|11|9|10|6|8|6|2|4|8|3|4|10|7|3|22|14|21|26|26|49|56|81|82|80|95|89|92|326|92|67|89|85|89|85|605|106|74|62|34|65|6|6|6|5|2|53|60|92|88|349|69|87|106|83|85|75|88|84|349|86|103|345|74|90|78|61|87|74|61|59|314|79|69|61|52|68|58|75|65|319|58|70|61|73|
2017-08-11|2|1_CTs|ct6||109|361|90|90|310|59|59|57|55|48|32|34|31|41|31|31|24|29|26|25|18|23|21|30|34|32|297|55|49|317|56|65|94|94|118|119|386|130|653|394|140|145|152|147|164|284|289|174|127|17|27|13|11|23|21|275|17|196|483|441|442|201|473|481|451|174|165|427|174|433|421|413|179|694|180|178|703|166|159|143|407|155|130|162|152|168|114|409|137|175|421|149|409|165|138|409|
2017-08-11|2|1_CTs|ct17||122|119|618|83|104|78|59|77|65|54|53|30|31|84|34|31|286|23|17|35|29|32|32|55|55|54|65|79|93|106|95|419|154|155|175|680|206|730|513|468|219|246|467|251|475|484|492|468|199|481|209|460|154|128|403|389|94|22|21|13|24|16|15|60|493|259|202|238|231|217|232|218|229|458|479|225|235|216|229|228|208|210|210|238|172|181|183|185|181|152|172|405|209|186|180|185|
2017-08-11|2|1_CTs|CT19||53|42|33|38|33|31|20|29|34|28|17|14|18|14|6|11|6|10|11|9|5|11|13|13|10|21|20|30|41|307|51|334|83|81|338|45|108|29|63|361|130|364|108|111|134|114|362|618|95|365|107|95|79|81|351|82|48|8|11|4|0|0|2|20|396|105|128|383|125|109|128|110|134|124|625|380|384|107|113|96|347|91|93|99|81|344|78|87|68|66|76|59|81|73|81|89|
2017-08-11|2|1_CTs|CT20||58|52|297|57|48|49|38|52|45|42|38|23|25|21|11|19|22|20|11|16|8|22|265|23|12|20|22|22|26|25|37|51|312|65|62|66|89|81|76|80|74|77|65|591|78|576|75|74|65|337|321|337|73|325|319|69|67|70|34|318|69|323|322|69|74|73|77|321|96|77|73|80|76|343|341|69|75|68|72|76|340|583|71|75|81|70|62|66|65|317|323|326|65|305|62|315|
2017-08-11|2|1_CTs|CT21||26|27|276|27|20|22|16|20|24|16|15|10|8|13|8|10|11|4|4|5|1|2|5|6|5|11|263|16|11|10|22|31|21|30|283|274|529|560|40|44|43|51|51|57|295|43|49|50|39|53|306|30|44|54|35|512|40|294|270|261|31|289|284|44|43|45|45|48|48|46|44|45|39|300|295|43|44|31|45|46|43|39|37|40|51|45|31|29|38|37|34|33|44|39|37|32|
