2016-09-05|2|1_CTs|ct1||325|57|42|50|50|39|33|27|19|26|15|12|16|11|11|7|12|13|7|11|18|25|31|20|33|285|56|64|93|100|123|390|689|161|176|192|166|434|187|195|443|210|462|201|136|935|171|180|190|426|174|182|147|171|457|178|159|204|188|188|185|168|182|168|151|150|154|434|647|379|144|146|621|369|146|414|409|411|167|162|169|145|150|415|138|133|350|379|112|115|337|100|115|107|320|83|
2016-09-05|2|1_CTs|ct2||321|27|24|36|28|259|18|15|11|10|6|5|9|10|6|5|8|6|5|5|7|8|12|10|16|20|24|28|32|38|36|43|57|65|299|73|58|339|87|103|89|352|388|109|359|612|87|99|91|85|76|82|77|82|102|102|81|85|92|355|89|573|90|76|77|70|68|336|322|342|68|79|571|57|75|69|86|334|78|337|340|85|74|336|69|81|71|337|71|73|68|52|80|66|274|50|
2016-09-05|2|1_CTs|ct3||47|41|31|32|42|26|23|27|10|24|13|7|11|14|9|4|9|10|7|9|11|14|17|16|19|43|31|32|63|58|334|340|91|112|114|106|313|117|103|367|119|383|139|65|92|368|391|121|115|340|391|114|101|108|122|391|124|368|118|145|122|103|138|116|127|99|119|375|330|368|107|95|89|82|97|356|97|106|94|117|347|93|97|606|332|89|326|81|77|82|77|64|61|54|58|54|
2016-09-05|2|1_CTs|ct4||29|35|22|25|15|17|13|269|7|9|10|10|9|8|3|2|4|3|6|5|2|9|9|8|9|13|7|17|20|23|291|283|37|36|50|43|38|39|35|44|51|52|53|54|49|45|312|60|80|567|68|66|59|305|51|51|75|53|63|56|73|356|614|212|237|202|202|271|211|506|488|284|1184|277|51|335|77|55|46|57|55|49|300|317|45|36|45|37|35|36|29|42|37|26|34|23|
2016-09-05|2|1_CTs|ct5||100|93|75|77|61|58|42|48|25|30|25|282|21|17|15|17|16|13|16|26|11|244|22|33|34|290|24|42|42|312|343|352|140|140|124|168|165|431|143|190|463|437|217|189|235|449|708|216|474|208|430|189|211|159|213|693|434|182|180|182|206|456|475|200|469|195|221|180|174|965|164|160|394|167|170|169|203|157|141|163|409|406|146|408|121|141|129|383|139|118|106|143|358|119|629|99|
2016-09-05|2|1_CTs|ct6||108|334|66|71|50|56|36|292|31|31|31|18|21|14|15|17|12|12|15|18|11|270|21|31|32|36|35|28|37|56|62|330|91|102|345|103|131|122|390|126|138|134|647|166|198|155|168|142|197|154|407|667|133|401|146|660|143|150|155|663|160|398|161|185|421|176|418|161|412|677|394|386|640|147|132|387|393|143|135|140|393|120|127|639|112|108|594|106|378|368|355|141|117|114|126|375|
2016-09-05|2|1_CTs|ct17||93|70|76|71|69|73|43|54|26|37|27|274|31|23|28|21|22|18|42|57|19|287|42|23|36|52|51|100|320|357|125|149|414|146|174|216|166|207|208|468|228|191|201|114|216|474|485|232|740|443|219|217|209|194|223|200|218|203|474|208|235|490|210|230|216|178|216|216|464|731|177|213|706|180|205|212|220|719|206|451|702|178|173|186|423|189|374|635|132|130|141|122|393|113|110|112|
2016-09-05|2|1_CTs|CT19||512|27|33|34|33|246|14|13|10|14|12|5|8|8|12|4|8|7|262|5|11|9|5|9|10|12|15|21|43|38|45|59|62|63|70|78|74|97|76|84|100|334|70|333|87|617|373|111|104|299|344|97|83|584|358|87|94|74|342|73|96|599|94|97|75|88|91|347|587|619|344|96|790|87|114|92|93|593|68|598|337|93|83|56|63|66|307|43|44|302|36|41|55|302|50|40|
2016-09-05|2|1_CTs|CT20||51|562|55|38|294|35|39|290|29|25|27|23|19|256|10|8|18|9|9|9|8|9|11|18|11|18|15|33|20|22|292|49|59|308|87|94|84|84|88|319|318|343|67|321|88|68|325|74|72|90|336|71|69|326|67|330|329|61|79|71|73|320|338|97|339|80|88|92|84|80|90|82|527|344|86|85|71|591|569|77|578|323|85|337|57|69|50|47|57|570|70|310|54|55|322|47|
2016-09-05|2|1_CTs|CT21||31|38|287|16|26|14|15|22|268|9|11|11|7|4|5|3|4|3|5|4|6|258|7|7|2|5|8|11|12|11|28|33|288|37|52|59|48|47|59|39|283|274|38|44|52|59|52|43|543|50|285|36|49|47|41|41|290|306|52|45|50|38|60|57|49|302|45|306|53|253|306|46|291|309|45|45|44|299|49|48|44|266|50|46|35|35|286|241|29|30|35|33|26|33|34|31|
