2017-09-02|3|1_CTs|ct1||61|60|44|37|27|32|30|23|25|20|19|10|14|15|11|11|11|6|11|9|4|4|10|12|15|11|279|33|25|287|31|42|35|45|57|55|52|84|76|68|76|348|79|109|106|98|321|367|88|106|111|357|102|99|366|92|98|100|98|98|351|90|101|364|96|109|101|348|84|80|113|79|79|67|81|90|332|83|85|68|90|92|298|85|91|71|71|98|72|56|49|54|43|48|53|313|
2017-09-02|3|1_CTs|ct3||286|270|247|196|182|187|178|420|136|382|120|337|102|355|87|87|75|311|347|78|59|313|81|68|101|109|121|95|128|128|146|431|448|471|236|524|249|290|282|270|357|609|356|390|417|659|638|436|659|426|956|973|686|679|441|345|382|364|411|368|615|380|374|400|374|390|390|635|364|354|658|609|334|328|612|375|341|343|384|306|348|360|299|304|292|546|525|303|501|500|267|510|507|248|251|792|
2017-09-02|3|1_CTs|ct5||159|174|368|372|164|389|619|111|111|69|70|308|56|296|44|288|281|295|37|34|35|29|19|32|31|28|32|37|41|41|299|71|83|104|625|126|156|414|153|408|174|197|207|432|214|688|463|476|231|216|522|222|218|254|461|182|445|458|434|177|218|211|213|235|221|501|205|475|277|207|233|194|694|461|183|723|182|215|430|187|209|178|423|410|394|137|117|116|114|142|122|133|132|137|412|185|
2017-09-02|3|1_CTs|ct6||13|17|13|238|11|12|11|4|3|4|3|0|1|2|6|2|4|1|5|1|2|3|3|2|4|7|8|4|6|7|10|9|18|268|18|19|18|9|14|25|17|17|272|29|30|27|29|265|32|33|35|33|18|31|18|22|30|19|23|27|26|27|30|30|27|29|28|30|23|27|33|284|26|28|30|287|22|24|23|26|33|31|286|20|273|31|17|24|22|22|20|272|24|17|15|25|
2017-09-02|3|1_CTs|ct7||117|117|371|141|125|109|113|83|101|98|56|55|53|338|44|46|35|49|38|42|32|38|32|30|39|38|54|38|39|49|39|54|61|323|63|81|87|352|73|107|93|115|107|122|386|116|133|131|149|130|388|384|130|123|125|489|263|126|124|117|133|141|148|407|385|401|632|404|162|391|130|151|409|147|150|135|124|490|246|132|117|132|121|113|120|131|112|359|115|374|131|119|112|115|134|127|
2017-09-02|3|1_CTs|ct8||68|75|66|67|81|60|59|50|48|48|279|19|24|36|21|21|16|22|18|16|17|18|19|17|20|17|27|28|24|24|16|32|47|55|38|53|64|308|40|76|318|67|77|65|334|69|102|81|94|91|83|81|84|74|94|80|66|92|80|80|74|83|90|352|320|351|341|109|114|78|86|89|361|105|99|97|83|153|286|358|77|95|77|71|84|86|69|73|75|87|83|85|78|77|86|84|
2017-09-02|3|1_CTs|ct9||149|122|375|108|114|72|92|102|78|106|125|68|97|314|71|320|75|76|45|54|42|32|49|46|44|55|49|111|73|48|63|77|385|552|276|504|328|503|200|522|1164|562|1543|451|497|1152|2363|3659|2133|147|152|250|1375|2025|120|102|146|145|858|308|306|387|995|1991|1211|1480|749|696|577|834|170|434|515|479|1164|384|333|1239|942|434|1008|787|208|509|129|541|366|91|113|97|378|115|406|136|356|367|
2017-09-02|3|1_CTs|ct10||98|105|99|91|95|107|100|91|102|99|102|72|88|98|80|87|71|86|70|51|70|49|60|34|65|49|43|38|44|36|28|34|47|45|54|61|48|68|72|70|62|90|91|94|100|94|122|127|116|117|111|120|107|115|101|96|99|97|88|106|117|103|115|131|125|113|108|123|122|113|95|103|116|122|127|123|102|116|126|105|120|129|98|102|111|115|102|96|103|89|103|106|97|103|93|81|
2017-09-02|3|1_CTs|ct13||242|241|477|238|221|200|218|204|211|423|427|128|131|407|134|142|360|147|144|617|124|93|116|88|134|360|104|108|97|362|105|117|140|174|677|212|182|182|223|437|184|218|243|502|226|226|506|506|244|213|488|251|229|256|231|211|229|469|212|206|250|242|518|257|250|220|506|235|511|537|246|162|0|0|0|0|0|0|0|0|0|0|1570|3124|1297|387|203|228|1831|299|490|1330|638|240|577|764|
2017-09-02|3|1_CTs|CT16||136|123|95|62|134|105|362|92|93|539|65|73|67|316|96|62|51|50|49|57|298|47|37|50|29|311|51|42|298|35|294|56|39|330|330|69|79|86|98|380|86|352|128|357|133|112|144|134|376|158|153|129|141|147|137|117|133|126|117|116|119|140|127|154|148|144|105|390|135|379|122|124|134|127|149|131|140|149|136|153|135|627|140|124|126|98|114|343|109|96|618|110|118|97|119|103|
2017-09-02|3|1_CTs|ct22||3|6|6|4|3|3|4|5|6|1|2|0|1|5|3|3|1|1|4|2|0|1|3|3|6|4|3|3|4|3|4|6|4|10|12|6|9|9|10|267|9|6|13|14|20|14|17|9|15|16|15|6|16|12|10|12|12|13|7|9|10|15|12|19|12|9|14|8|5|11|14|8|7|7|14|6|6|9|2|10|10|13|2|4|6|7|3|5|7|10|4|6|7|3|7|6|
2017-09-02|3|1_CTs|CT23||112|359|86|92|98|87|317|55|57|56|44|292|41|58|43|39|24|34|28|29|289|29|40|37|27|41|302|49|46|55|66|90|70|337|105|115|118|121|368|387|126|132|136|392|146|136|382|149|153|120|146|143|139|153|134|110|119|137|129|130|147|143|145|147|143|137|129|156|123|406|143|159|147|134|403|141|143|143|145|134|408|423|390|392|117|385|627|120|118|110|383|103|134|359|130|115|
2017-09-02|3|1_CTs|ct24||121|114|82|110|90|81|92|317|68|56|49|305|46|37|48|30|21|25|27|26|25|22|44|43|47|69|106|105|88|170|456|222|442|422|521|252|226|771|532|615|572|545|579|833|334|815|593|597|327|324|587|313|321|561|296|770|264|323|542|300|317|375|331|572|347|481|418|647|587|607|301|888|596|1107|592|389|619|377|390|905|635|670|642|364|579|309|529|256|206|203|219|724|186|176|438|926|
