2017-03-15|6|1_CTs|CT1||1|1|0|2|1|0|0|2|0|1|0|1|0|0|0|1|0|0|0|0|1|1|2|1|4|2|3|4|1|2|24|98|142|129|328|102|79|42|25|24|21|18|8|23|14|12|14|6|13|12|11|6|6|11|10|11|13|7|17|18|12|12|15|17|9|17|20|16|276|36|18|8|10|10|4|9|10|5|6|5|2|2|2|5|2|7|3|3|3|2|1|5|2|1|1|3|
2017-03-15|6|1_CTs|CT3||15|10|12|4|3|7|1|3|2|3|4|1|4|1|5|3|5|10|10|12|13|17|16|21|24|281|34|29|46|39|51|67|80|113|310|132|497|71|68|56|54|41|305|53|35|32|41|43|31|51|44|42|45|41|50|40|276|54|48|52|41|295|53|57|45|58|73|58|66|64|103|280|72|86|83|101|51|56|43|40|48|35|275|30|12|27|28|20|23|18|17|20|12|24|28|20|
2017-03-15|6|1_CTs|CT4||5|4|5|2|4|6|2|2|1|5|1|4|3|2|2|1|0|0|1|1|0|0|0|1|1|0|4|5|248|11|18|32|60|50|33|47|50|30|28|33|28|18|20|20|24|19|11|24|30|34|20|24|45|29|25|27|17|20|31|20|23|35|30|28|33|34|48|44|294|34|45|57|45|47|62|57|68|313|50|38|296|28|32|19|23|20|19|15|9|13|14|16|10|8|6|11|
2017-03-15|6|1_CTs|CT5||26|24|19|11|15|11|12|7|8|8|2|6|7|6|1|2|6|6|257|1|5|6|8|6|8|9|18|18|12|29|39|37|67|348|413|396|94|622|100|87|343|86|84|84|72|55|64|76|51|61|65|57|69|65|84|317|313|44|68|311|308|66|301|60|72|73|83|84|568|355|96|94|78|100|81|77|79|343|578|64|40|34|25|26|21|11|11|36|26|36|34|34|25|28|25|27|
2017-03-15|6|1_CTs|CT7||5|8|3|3|3|1|2|1|1|0|0|2|1|260|2|0|3|1|3|5|1|2|3|4|5|7|7|11|11|23|19|23|40|43|19|18|24|44|46|34|28|25|539|20|507|25|17|23|31|36|28|21|270|28|30|26|30|31|26|23|25|23|24|24|19|25|32|291|31|16|19|20|23|21|262|20|20|24|33|21|14|19|17|21|18|11|15|13|11|12|3|11|6|12|10|5|
2017-03-15|6|1_CTs|CT8||34|33|29|20|26|17|8|9|10|15|14|9|261|16|8|4|7|3|5|5|4|13|22|25|16|33|45|52|77|119|162|212|218|197|171|162|173|160|429|166|372|149|340|367|375|355|355|129|137|152|148|163|138|157|148|391|380|411|160|174|146|154|154|175|334|441|412|176|636|202|183|398|169|196|165|159|171|196|443|183|168|168|338|122|94|103|306|325|84|63|66|293|56|300|46|46|
2017-03-15|6|1_CTs|CT10||37|22|31|18|17|10|10|4|10|7|7|6|11|4|2|4|5|2|2|5|11|8|11|15|19|19|33|39|52|60|377|147|144|160|192|198|193|694|189|198|383|139|166|177|447|201|265|263|237|222|387|661|417|158|133|389|867|398|161|385|436|319|324|207|170|200|223|207|197|195|197|466|218|733|483|189|475|246|439|195|160|163|124|128|91|335|86|73|64|67|92|49|58|45|47|43|
2017-03-15|6|1_CTs|CT11||30|26|15|13|14|10|5|13|4|3|8|4|10|3|7|5|6|7|5|8|11|11|17|26|29|42|54|91|114|157|273|308|244|149|227|121|681|470|259|283|241|428|200|180|156|428|167|187|177|190|433|724|495|223|212|445|183|208|466|179|404|414|454|202|458|239|223|217|735|419|436|205|202|208|447|206|184|165|175|183|168|153|371|128|320|350|76|327|311|66|68|316|319|44|306|41|
2017-03-15|6|1_CTs|CT12||43|30|28|24|20|10|7|12|14|11|16|9|7|12|4|5|7|4|6|2|9|14|17|16|20|31|52|51|330|827|145|213|258|328|564|316|299|553|258|243|203|230|190|451|216|224|281|294|498|250|208|433|463|196|442|185|452|208|229|188|449|655|548|235|224|251|290|305|783|255|255|514|265|289|494|469|226|234|707|502|453|216|159|131|130|102|105|91|85|80|90|69|63|315|62|63|
2017-03-15|6|1_CTs|CT15||27|28|11|17|9|16|13|7|5|13|6|6|7|10|11|5|13|12|12|273|257|17|29|23|45|299|50|71|303|110|141|459|272|745|81|156|192|460|466|197|119|117|95|95|81|325|91|110|127|112|122|129|178|205|118|131|379|145|119|146|123|495|239|121|148|216|472|235|504|215|138|654|185|158|160|152|424|197|702|194|221|243|453|209|145|521|318|60|44|43|42|42|42|39|263|27|
2017-03-15|6|1_CTs|CT16||33|40|27|11|18|13|15|8|8|5|3|8|9|7|9|5|7|6|7|15|9|8|13|24|25|27|295|64|75|122|207|289|581|307|510|241|239|516|261|271|205|182|198|200|174|401|415|195|215|222|185|190|226|209|150|227|179|462|209|449|199|206|205|215|215|232|223|232|496|242|216|215|212|224|235|218|216|190|240|210|167|161|138|170|115|82|125|349|79|74|76|58|70|66|63|56|
2017-03-15|6|1_CTs|CT17||9|16|7|9|6|7|4|3|4|6|0|4|0|3|1|0|0|1|1|0|1|2|1|0|1|3|3|5|7|13|19|37|68|86|80|69|115|82|70|53|46|46|47|44|280|51|41|43|50|55|55|522|306|64|59|47|560|56|52|52|55|50|57|67|317|83|75|89|335|92|105|93|113|99|116|359|108|375|347|55|570|59|50|40|49|35|23|35|29|28|17|19|12|16|21|280|
2017-03-15|6|1_CTs|CT18||73|72|314|36|46|36|30|17|22|18|11|24|25|15|9|15|13|11|263|10|270|16|20|21|37|29|46|59|92|146|215|297|324|859|204|199|506|194|299|290|505|252|254|269|458|194|209|226|223|503|213|498|235|229|264|734|469|464|248|491|488|487|480|234|238|249|282|288|291|281|560|304|294|317|306|569|317|580|535|275|229|218|440|204|165|367|148|139|117|362|108|98|88|105|318|81|
2017-03-15|6|1_CTs|CT19||294|48|30|32|22|15|15|18|266|16|5|17|11|10|6|8|2|5|4|4|5|2|5|5|6|6|17|13|34|43|70|108|222|185|197|218|462|194|185|129|132|365|124|100|116|134|127|129|400|167|156|371|388|170|134|138|138|130|146|408|156|148|156|168|393|193|153|199|201|241|226|962|214|498|257|234|249|258|222|179|439|390|132|108|111|308|82|81|62|66|61|287|40|55|50|59|
2017-03-15|6|1_CTs|CT20||19|29|14|11|18|276|11|3|5|4|1|4|6|3|2|4|6|8|2|5|2|5|6|8|18|8|22|30|23|45|63|88|381|144|428|653|157|420|131|118|114|9|352|351|104|341|96|22|85|14|11|376|115|64|52|367|317|305|49|66|78|108|370|36|81|57|3|124|27|134|175|424|92|634|379|417|298|79|586|340|63|38|84|10|4|64|312|70|320|53|47|32|40|44|23|271|
2017-03-15|6|1_CTs|CT21||68|43|35|24|20|24|18|13|11|14|15|9|9|10|15|16|23|19|19|25|264|30|49|56|59|86|80|114|189|453|260|291|570|375|326|822|726|312|541|296|460|211|221|225|427|187|424|184|428|209|229|453|236|282|203|228|450|256|240|240|201|210|250|477|681|776|690|235|1157|253|342|517|307|333|316|550|497|265|242|235|250|229|216|210|141|382|145|134|325|323|97|94|92|89|328|82|
2017-03-15|6|1_CTs|CT22||0|0|0|0|0|0|0|0|0|0|0|0|0|0|0|0|0|0|0|0|0|0|0|0|0|0|0|0|0|0|0|0|0|0|0|0|0|0|0|0|0|0|0|0|0|0|0|0|0|0|0|0|1|0|0|0|0|0|0|0|0|0|0|0|0|0|0|0|0|0|0|0|0|0|0|0|0|0|0|0|0|0|0|0|0|0|0|0|0|0|0|0|0|0|0|0|
2017-03-15|6|1_CTs|CT23||49|52|277|28|34|25|19|14|16|14|18|13|27|21|9|9|12|4|5|10|11|16|35|39|27|55|67|320|617|427|270|308|349|829|574|517|748|253|530|211|238|472|464|221|227|208|190|211|200|238|229|473|222|262|260|436|465|261|523|265|459|449|296|270|237|290|305|561|559|373|296|318|276|327|304|294|523|328|274|278|284|303|662|227|160|411|374|108|113|114|99|349|76|92|83|273|
