2012-03-12|22|1_CTs|CT1||11|13|12|13|7|3|3|3|2|3|1|4|0|3|3|5|3|6|5|3|6|7|9|22|20|24|24|39|44|64|91|146|185|216|192|200|178|163|166|171|85|94|67|64|62|76|74|80|64|88|69|81|92|74|68|71|51|77|81|97|91|77|91|79|65|79|94|90|121|96|109|93|112|95|87|79|75|83|60|45|62|73|35|50|35|35|30|15|27|31|20|21|14|12|16|14|
2012-03-12|22|1_CTs|CT2||23|35|16|20|20|11|10|3|3|3|5|5|4|3|2|5|4|4|5|3|12|17|18|35|37|35|54|57|71|95|144|218|263|312|269|315|337|288|285|285|183|175|139|139|163|147|155|163|135|159|162|141|156|169|179|172|164|144|152|151|162|147|161|153|154|191|191|201|207|256|276|265|251|244|280|214|210|160|125|138|143|110|83|96|78|72|64|63|59|61|70|44|44|49|42|26|
2012-03-12|22|1_CTs|CT3||36|40|30|23|19|17|14|6|7|11|5|3|5|5|5|2|2|5|7|7|15|19|22|43|34|41|62|76|103|118|203|293|303|340|343|356|382|374|331|356|238|207|179|171|188|172|204|204|192|204|186|198|198|205|226|204|209|194|205|195|194|208|223|200|200|226|249|281|252|284|312|298|322|304|322|275|231|212|198|183|190|166|129|147|105|91|101|92|96|83|81|68|68|67|58|48|
2012-03-12|22|1_CTs|CT4||34|20|15|15|14|8|9|7|2|5|7|5|2|3|4|2|2|2|4|1|10|10|12|17|25|23|31|44|38|68|107|137|188|185|191|211|164|116|210|176|175|143|156|152|144|140|138|136|146|179|119|131|148|129|143|113|161|136|139|136|165|145|138|161|172|199|206|157|190|210|190|205|222|244|242|227|182|170|197|187|130|150|115|93|102|86|83|49|65|68|51|63|38|31|38|36|
2012-03-12|22|1_CTs|CT5||32|14|20|21|15|11|13|9|2|5|13|7|1|3|1|9|2|2|5|6|9|17|15|17|25|27|44|45|47|76|132|183|269|273|248|298|303|285|251|210|194|144|172|160|155|157|151|171|161|183|161|137|176|169|153|120|143|168|192|167|189|176|174|182|178|238|238|239|250|282|277|299|312|252|322|303|265|195|212|209|165|161|112|118|97|85|100|66|67|67|51|61|48|39|35|39|
2012-03-12|22|1_CTs|CT6||29|12|15|12|9|7|13|4|2|5|9|3|2|3|3|6|0|0|8|3|8|9|10|12|16|15|22|28|34|32|45|63|90|109|100|120|104|107|96|95|84|95|96|112|99|78|97|94|120|108|110|93|99|83|118|97|88|101|95|96|123|92|96|118|103|136|135|132|134|153|175|169|152|169|177|170|146|148|112|127|101|99|78|75|79|57|64|56|40|42|51|42|48|32|22|21|
2012-03-12|22|1_CTs|CT7||1|6|1|3|3|1|0|1|1|0|1|2|1|1|0|1|2|3|1|2|2|1|2|1|6|2|5|9|9|9|18|26|39|41|32|36|36|40|34|34|19|38|26|16|30|25|19|19|21|30|29|25|26|29|31|29|26|19|27|26|24|22|25|20|19|27|26|27|31|32|34|35|30|44|31|26|29|25|23|18|20|19|13|12|13|6|10|6|7|8|7|6|7|9|10|4|
2012-03-12|22|1_CTs|CT8||4|6|1|2|2|4|0|0|1|1|0|0|0|0|0|0|0|1|0|0|2|0|0|2|4|2|0|2|7|9|22|35|41|50|37|50|34|44|22|41|32|30|23|22|29|27|32|26|42|39|24|39|30|32|29|35|34|37|42|37|40|33|32|32|33|44|40|54|37|54|47|63|46|51|51|50|36|38|45|36|34|28|16|20|17|12|19|15|12|10|14|5|7|8|14|10|
2012-03-12|22|1_CTs|CT9||24|17|16|16|11|10|7|6|9|6|7|4|3|5|2|1|2|6|7|11|17|15|23|23|27|32|68|76|112|143|232|334|371|324|311|308|327|333|327|304|242|193|189|191|180|179|181|205|167|181|180|166|204|198|179|190|192|220|202|193|200|197|228|164|202|208|235|227|236|252|256|213|233|206|236|226|167|146|137|157|141|131|88|108|62|80|79|69|79|57|57|12|55|42|45|26|
2012-03-12|22|1_CTs|CT10||1|1|0|0|0|0|1|0|0|0|0|2|0|0|0|0|0|2|1|3|1|4|2|3|4|3|6|4|1|6|4|9|29|9|11|9|6|6|6|8|4|4|4|2|0|3|5|2|2|4|5|4|7|12|5|6|6|5|7|7|4|7|9|12|3|5|9|7|5|3|7|5|3|2|4|8|0|5|2|3|1|2|1|1|0|1|1|0|0|0|4|10|9|0|2|1|
