2017-05-01|6|1_CTs|CT1||0|2|1|1|1|0|1|1|1|1|0|0|0|0|0|1|0|0|3|0|1|0|1|1|2|0|1|0|0|4|1|0|1|0|5|2|4|2|3|4|2|4|4|2|4|3|0|2|1|0|1|7|5|1|3|6|1|2|2|6|6|6|4|4|4|263|1|7|4|3|3|6|5|4|5|9|4|2|7|7|9|3|247|6|2|2|2|2|4|3|0|2|0|2|1|0|
2017-05-01|6|1_CTs|CT3||13|11|11|6|5|6|5|5|4|1|3|4|4|5|2|7|10|237|12|24|16|18|18|27|23|42|30|38|28|41|268|39|40|238|38|36|36|49|48|35|272|35|256|41|39|46|47|35|49|47|33|47|39|30|35|38|32|37|49|31|30|35|33|43|34|38|38|48|38|37|42|258|272|42|31|40|38|42|39|34|37|31|267|23|31|21|26|20|20|29|24|23|23|22|17|27|
2017-05-01|6|1_CTs|CT4||10|13|4|7|6|6|5|3|3|3|4|2|3|1|2|1|4|4|1|3|0|1|0|0|7|3|1|3|5|5|2|5|3|7|10|28|17|24|15|13|12|8|3|0|0|0|0|7|12|16|12|13|25|21|14|12|27|24|17|28|18|17|23|22|19|28|20|22|13|21|17|29|20|26|12|16|22|21|19|19|13|16|259|23|18|11|17|266|16|11|8|9|10|8|15|11|
2017-05-01|6|1_CTs|CT5||18|23|19|17|21|17|7|18|9|6|3|5|12|14|9|4|8|6|11|4|6|3|6|7|10|13|12|12|15|10|17|276|19|17|20|24|18|19|24|19|19|33|299|83|55|48|40|291|287|33|32|38|36|26|33|40|34|53|53|39|291|41|58|45|51|289|54|52|47|55|48|291|55|54|48|32|33|35|47|39|295|36|33|37|34|36|29|33|32|20|25|23|18|281|31|22|
2017-05-01|6|1_CTs|CT6||30|19|273|13|12|16|10|9|12|9|4|6|6|6|5|5|1|6|11|12|9|10|10|12|8|15|11|18|13|18|16|23|18|30|18|10|8|12|7|5|9|19|6|14|13|15|46|52|56|90|86|79|74|84|71|66|54|69|302|69|70|91|284|68|76|86|94|74|69|88|80|84|537|83|86|100|337|98|103|94|89|72|318|70|306|59|37|43|33|51|36|28|30|35|45|20|
2017-05-01|6|1_CTs|CT7||8|6|4|2|2|1|5|3|1|4|0|1|1|5|1|0|4|2|2|3|3|3|1|2|2|5|4|7|7|6|5|6|8|8|7|5|8|8|15|276|10|272|8|19|18|18|26|16|14|16|17|14|276|13|16|11|11|20|16|15|20|14|272|12|16|16|18|22|26|23|27|22|23|29|263|19|21|13|23|13|15|34|25|19|18|13|9|22|9|14|3|12|9|6|13|5|
2017-05-01|6|1_CTs|CT8||30|35|36|24|32|23|22|15|12|18|13|19|11|15|10|0|0|0|0|0|0|0|0|0|0|0|0|0|0|0|0|0|0|0|0|0|0|0|0|0|1|0|42|60|55|62|73|68|85|73|72|78|80|313|70|79|89|89|77|337|97|92|108|112|304|101|88|116|148|117|354|132|145|618|619|122|124|354|345|113|105|118|353|115|290|67|71|69|76|59|65|496|297|48|64|44|
2017-05-01|6|1_CTs|CT10||35|27|23|21|18|14|12|16|8|4|5|9|8|15|10|7|9|8|5|4|8|1|12|13|13|14|17|24|16|285|38|29|36|42|32|76|69|64|59|38|3|52|53|70|69|66|68|81|69|336|75|72|78|82|76|79|79|88|76|98|103|117|83|77|108|103|123|95|99|115|116|105|365|101|352|117|101|84|97|375|106|109|324|87|72|66|71|50|53|55|50|50|298|53|65|48|
2017-05-01|6|1_CTs|CT11||34|31|24|26|28|24|9|11|17|16|11|7|13|4|9|8|4|8|7|7|10|8|15|20|21|13|18|25|30|38|39|34|48|52|71|116|86|85|75|64|70|104|68|320|70|88|95|102|79|345|363|106|106|103|96|116|372|101|121|368|137|113|372|128|370|379|396|134|172|156|155|394|383|146|138|158|407|126|136|148|140|128|385|111|80|75|73|64|80|68|66|68|45|51|49|29|
2017-05-01|6|1_CTs|CT12||37|36|295|38|265|266|14|12|29|11|14|12|7|10|16|9|8|7|7|6|9|8|15|21|17|13|26|29|26|34|39|33|39|54|55|91|84|331|71|59|0|77|54|73|70|71|82|105|106|311|100|87|113|108|101|95|356|110|96|127|144|133|108|93|112|126|148|130|151|378|151|403|403|410|129|152|386|117|129|140|368|129|115|102|96|80|79|308|78|77|49|68|52|64|60|62|
2017-05-01|6|1_CTs|CT15||28|20|36|25|19|14|15|17|11|12|4|4|9|14|6|247|10|7|21|23|20|21|16|27|23|25|33|83|249|32|44|68|44|49|62|61|79|299|86|54|70|79|56|63|326|76|79|82|87|77|72|83|71|77|78|71|70|81|82|77|87|99|84|335|331|98|110|149|122|110|360|109|375|634|375|110|117|148|355|87|80|98|536|82|66|65|72|61|59|51|43|46|35|39|32|35|
2017-05-01|6|1_CTs|CT16||50|36|283|25|26|31|22|16|9|273|9|9|12|14|11|6|10|7|10|7|15|8|268|15|18|19|12|287|23|36|44|37|47|53|57|89|78|77|83|76|34|97|562|94|100|93|372|107|101|368|110|119|128|113|113|132|363|119|119|355|142|150|134|396|380|146|145|136|151|160|417|138|648|142|170|148|406|116|152|168|151|391|200|118|361|354|84|322|331|91|75|71|302|330|76|43|
2017-05-01|6|1_CTs|CT17||11|10|16|8|4|12|6|6|7|6|6|4|1|4|6|6|4|4|0|1|2|1|0|2|6|4|7|3|4|2|1|6|2|5|6|6|16|9|12|19|21|17|9|7|5|11|10|26|41|35|34|29|35|26|34|13|25|24|29|29|36|47|31|31|30|49|32|32|37|26|48|62|546|39|301|31|32|56|44|42|282|42|288|33|18|27|26|21|24|274|18|13|16|9|15|9|
2017-05-01|6|1_CTs|CT18||61|61|47|56|48|40|30|26|25|15|11|16|24|29|21|10|20|20|22|10|26|10|18|22|25|33|25|39|46|46|57|307|53|321|70|267|134|67|83|106|68|372|385|434|175|172|157|157|140|146|373|146|164|388|134|157|137|175|154|438|454|169|213|177|467|635|179|161|189|176|422|426|171|171|179|192|189|184|170|442|434|413|404|380|120|603|101|363|110|97|99|90|549|358|83|71|
2017-05-01|6|1_CTs|CT19||32|39|35|25|26|21|25|14|22|19|14|11|8|11|16|8|10|7|8|10|4|8|6|7|6|7|20|11|9|12|16|16|29|26|28|50|54|67|63|71|77|45|288|0|0|2|0|274|94|81|329|94|101|90|350|71|71|76|92|85|96|85|108|96|323|92|105|357|110|120|140|398|371|376|118|119|112|137|113|124|118|95|84|96|80|314|64|68|313|54|39|50|46|45|39|27|
2017-05-01|6|1_CTs|CT20||22|26|18|15|271|13|13|8|7|4|1|6|8|4|5|6|5|4|6|6|8|5|6|13|9|14|9|22|19|29|28|29|31|35|50|53|69|60|63|65|314|76|331|328|98|89|100|389|110|104|86|97|74|13|326|79|84|72|72|101|86|98|92|345|318|126|82|89|83|103|90|82|94|345|50|99|74|84|104|5|346|90|49|40|61|5|309|52|48|29|31|34|26|31|21|25|
2017-05-01|6|1_CTs|CT21||90|73|69|51|44|266|23|28|21|11|16|20|19|25|24|27|26|50|38|46|43|56|54|50|284|68|56|83|67|321|104|97|83|87|362|103|102|117|96|338|114|130|345|133|344|133|399|379|349|398|154|408|165|141|145|183|163|197|187|196|378|196|429|195|178|157|433|211|178|444|198|413|698|460|239|236|227|224|459|205|910|175|216|431|177|171|173|398|149|146|142|144|138|121|95|101|
2017-05-01|6|1_CTs|CT22||0|0|0|0|0|0|0|0|0|0|0|0|0|0|0|0|0|0|0|0|0|0|0|0|0|0|0|0|0|0|0|0|0|0|0|0|0|0|0|0|0|0|0|4|0|0|0|0|0|0|0|0|0|0|0|0|0|0|0|0|0|0|0|0|0|0|0|0|0|0|0|0|0|0|0|0|0|0|0|0|0|0|0|0|0|0|0|0|0|0|0|0|0|0|0|0|
2017-05-01|6|1_CTs|CT23||50|45|41|40|292|475|23|26|19|23|23|24|22|231|21|11|24|27|15|16|22|22|22|28|20|24|40|54|296|58|73|54|60|72|72|80|68|337|96|101|97|336|98|149|356|358|416|874|144|135|153|155|376|150|134|150|132|160|133|164|144|144|186|409|585|151|164|192|185|418|157|187|683|202|186|198|181|183|161|182|156|150|138|391|341|338|103|350|126|104|108|87|78|75|275|71|
