2015-09-29|7|1_CTs|CT1||38|43|282|23|22|11|267|8|20|2|8|264|9|8|9|2|6|10|264|11|11|10|9|8|15|31|31|38|44|79|100|124|168|448|408|432|174|161|424|168|153|121|130|374|116|100|108|102|104|122|107|112|89|110|108|105|360|108|134|125|114|141|141|111|124|378|116|387|387|157|134|402|145|146|407|155|120|118|119|101|71|354|325|72|325|61|57|63|55|302|264|206|122|41|37|275|
2015-09-29|7|1_CTs|CT2||164|120|94|101|68|58|52|308|72|46|38|28|18|26|27|20|20|14|16|16|30|26|26|44|46|24|72|100|97|417|232|259|685|319|333|709|340|342|425|407|271|284|208|534|303|281|265|260|294|561|510|311|580|342|322|329|519|277|323|329|321|588|290|358|244|576|365|362|347|370|608|396|430|653|446|647|389|346|390|537|266|515|556|500|191|451|228|432|170|174|650|133|144|152|132|156|
2015-09-29|7|1_CTs|CT4||32|20|272|12|23|23|17|10|16|17|11|12|19|10|7|5|3|7|12|7|9|2|5|6|1|5|5|3|8|9|13|14|43|45|35|34|23|25|23|14|35|17|299|38|42|32|38|46|34|296|38|31|41|32|27|41|37|39|29|43|29|40|303|23|303|47|49|34|82|53|45|43|64|50|306|65|67|38|37|271|41|14|275|32|277|15|22|28|34|28|40|36|45|28|35|37|
2015-09-29|7|1_CTs|CT6||33|42|28|30|27|14|9|14|13|12|6|4|3|8|5|7|5|7|7|6|2|7|3|9|4|12|14|16|19|23|45|610|166|380|83|63|68|64|63|159|404|180|287|303|65|54|52|321|279|58|52|70|99|118|358|105|379|362|107|367|118|131|122|119|417|671|206|188|437|246|523|255|278|389|207|214|461|193|150|405|171|120|352|97|334|93|76|64|65|72|83|56|54|50|44|49|
2015-09-29|7|1_CTs|CT7||33|26|27|26|16|16|12|6|9|10|6|3|9|263|8|3|7|9|5|8|9|7|8|11|14|22|23|22|39|62|310|103|102|372|130|120|120|359|127|103|112|110|374|97|84|103|100|103|112|114|126|103|116|350|92|96|110|359|100|107|103|117|125|113|632|134|129|137|370|413|163|188|408|161|423|166|164|171|157|148|155|117|88|64|58|71|55|67|64|49|37|35|30|37|34|29|
2015-09-29|7|1_CTs|CT8||112|77|64|101|261|32|28|27|23|37|30|25|16|38|22|38|29|46|48|331|591|87|71|380|107|118|164|162|248|276|342|409|449|663|724|678|869|482|439|401|422|904|623|582|596|334|325|348|349|339|314|595|303|269|315|305|565|311|396|337|361|294|354|335|608|619|402|339|883|389|361|458|405|447|481|694|1174|357|377|645|558|373|288|243|233|731|521|255|457|209|207|347|259|151|451|698|
2015-09-29|7|1_CTs|CT12||49|42|35|32|280|18|255|15|25|17|264|8|4|10|7|7|2|10|7|6|3|8|7|11|6|7|24|287|305|297|75|139|508|235|251|219|464|210|185|169|204|146|144|129|430|159|408|141|146|395|150|142|162|138|141|166|149|158|156|934|164|417|435|416|198|979|236|268|257|292|568|329|291|504|258|307|1050|513|240|474|233|180|146|370|101|356|95|359|91|329|88|77|314|80|230|401|
2015-09-29|7|1_CTs|CT13||15|10|11|9|3|5|4|2|1|3|3|2|2|0|4|0|2|2|1|0|2|2|1|5|2|6|6|9|8|24|31|48|66|50|55|46|46|38|48|54|65|55|71|34|44|41|45|45|48|47|315|48|302|48|42|53|59|43|57|50|42|42|46|57|41|53|65|75|56|326|82|85|82|87|63|89|97|104|312|57|72|47|299|281|30|30|29|25|21|24|12|15|18|17|9|16|
2015-09-29|7|1_CTs|CT14||0|0|0|0|0|0|0|0|0|0|0|0|0|0|0|0|0|0|0|0|0|0|0|0|0|0|0|0|0|0|0|0|0|0|0|0|0|0|0|0|0|0|0|0|0|0|0|0|0|0|13|0|0|0|0|0|0|0|0|0|0|0|0|0|0|0|0|0|0|0|0|0|0|0|0|0|0|0|0|0|0|0|0|0|0|0|0|0|0|0|0|0|0|0|0|0|
2015-09-29|7|1_CTs|CT15||23|22|17|13|16|7|2|5|6|8|3|5|4|0|4|5|6|5|3|8|6|9|10|12|5|6|276|21|24|22|54|90|204|462|196|155|187|108|69|53|91|75|38|73|57|55|81|69|71|67|85|84|51|59|66|90|73|53|55|79|67|64|76|144|394|415|194|160|408|478|537|213|520|350|129|130|148|363|92|97|98|75|41|39|45|536|30|30|31|31|42|31|44|28|23|23|
