2016-09-16|6|1_CTs|CT1||1|1|2|1|0|1|1|1|0|1|0|1|0|1|0|1|0|1|2|1|0|0|0|0|0|0|0|1|4|4|13|67|140|336|94|85|120|112|35|26|58|31|14|9|12|14|14|14|11|13|12|6|9|6|9|2|12|8|4|13|8|17|10|7|9|11|10|16|21|8|16|5|11|7|18|2|8|7|7|11|8|13|5|3|5|3|1|2|2|2|2|0|1|2|1|1|
2016-09-16|6|1_CTs|CT3||16|23|11|12|9|12|9|3|4|245|3|2|3|6|6|4|10|13|16|12|0|0|0|0|0|0|0|8|36|73|62|82|105|97|90|108|92|70|92|85|65|64|64|55|59|52|59|63|51|47|63|61|287|51|55|54|50|51|48|47|53|64|54|54|51|69|60|65|73|48|80|62|74|72|50|46|56|269|54|38|34|32|36|51|37|26|18|24|20|17|26|257|28|25|27|20|
2016-09-16|6|1_CTs|CT4||8|12|8|8|4|10|3|2|1|2|1|3|1|1|2|1|3|1|1|0|0|0|0|0|0|0|0|2|5|11|11|20|60|24|32|36|28|34|24|14|28|20|27|20|24|21|19|31|23|28|32|33|48|43|23|252|21|261|22|24|33|19|32|41|28|35|39|45|46|44|46|295|46|40|34|291|40|42|36|33|28|22|22|16|22|17|15|12|17|8|9|6|11|16|12|13|
2016-09-16|6|1_CTs|CT5||14|6|4|12|272|17|10|10|7|7|7|4|12|3|5|5|10|3|4|1|0|0|0|0|0|0|0|3|24|29|34|44|323|84|78|107|101|103|87|73|82|62|69|66|67|83|80|77|70|79|89|73|65|64|62|58|64|74|76|68|64|71|330|84|69|321|73|317|87|141|264|76|69|97|63|78|69|63|64|63|53|44|52|50|57|270|64|37|33|28|37|16|29|27|34|35|
2016-09-16|6|1_CTs|CT6||23|27|239|15|10|253|8|9|7|9|8|9|5|2|3|4|9|12|9|8|0|0|0|0|0|0|0|12|40|52|60|128|204|178|270|178|156|171|159|139|137|104|122|127|110|128|107|103|117|360|118|84|117|145|124|355|127|117|142|116|113|116|151|120|123|372|108|130|170|159|147|127|139|135|135|129|125|107|114|115|103|109|91|84|95|65|58|48|56|50|49|46|43|53|38|32|
2016-09-16|6|1_CTs|CT7||248|7|8|7|4|4|1|2|0|2|2|0|2|2|2|2|1|5|4|1|0|0|0|0|0|0|0|3|6|21|23|34|39|35|37|45|50|39|33|35|29|26|29|28|30|26|33|23|24|32|34|38|28|23|19|26|21|28|27|28|23|31|19|21|30|279|28|29|281|26|34|34|29|30|32|28|30|26|276|24|21|29|19|20|17|9|13|12|13|9|7|12|8|11|10|5|
2016-09-16|6|1_CTs|CT8||51|34|33|27|245|23|15|12|16|13|8|9|13|10|9|10|9|7|10|8|0|0|0|0|0|0|0|13|65|94|156|201|211|194|195|162|156|175|160|184|144|160|121|149|112|138|127|140|138|133|390|145|397|146|139|355|146|128|157|145|151|133|365|166|149|131|158|152|375|404|142|415|189|174|163|166|405|169|432|160|141|163|123|120|119|351|79|95|75|70|78|303|81|63|77|62|
2016-09-16|6|1_CTs|CT10||39|34|263|25|20|17|23|11|13|7|7|4|8|12|5|5|7|4|8|2|0|0|0|0|0|0|0|5|49|73|115|416|122|154|160|218|122|111|189|149|172|163|161|137|143|159|147|133|134|403|146|160|147|138|137|139|138|151|137|152|152|159|156|444|174|202|219|208|459|212|258|537|258|530|211|223|253|266|507|257|193|184|155|120|107|80|92|63|59|58|57|49|51|291|40|49|
2016-09-16|6|1_CTs|CT11||26|298|27|19|18|15|10|11|9|13|5|8|9|5|9|3|6|10|8|4|0|0|0|0|0|0|0|10|86|156|250|542|165|257|245|199|150|189|248|243|160|183|214|193|160|187|182|195|186|191|195|196|208|202|197|429|181|179|178|181|195|191|182|194|218|180|220|213|215|215|204|177|192|675|172|173|159|150|439|150|144|167|155|151|127|105|94|71|69|65|51|74|58|293|42|42|
2016-09-16|6|1_CTs|CT12||68|43|43|24|36|17|28|10|12|10|9|11|11|7|5|10|6|10|7|3|0|0|0|0|0|0|0|3|56|92|139|495|507|347|322|323|329|281|268|239|212|243|183|187|164|196|189|197|186|200|203|211|475|220|447|150|200|177|174|187|198|198|221|215|226|290|269|315|315|295|420|233|213|259|213|490|527|490|503|227|243|223|212|151|142|123|94|83|89|87|84|68|74|63|52|45|
2016-09-16|6|1_CTs|CT15||33|37|28|14|19|16|15|17|10|14|8|9|13|8|13|5|18|10|20|10|0|0|0|0|0|0|0|11|65|103|134|701|469|190|192|228|209|166|180|196|145|107|140|117|132|105|133|120|133|117|159|144|117|124|107|375|354|358|120|112|107|113|107|111|146|99|168|179|178|269|387|419|174|488|218|177|146|178|142|121|334|104|88|76|81|66|57|62|56|45|42|47|37|51|37|32|
2016-09-16|6|1_CTs|CT16||32|54|44|27|22|24|18|16|16|12|11|5|11|12|10|5|8|10|14|7|0|0|0|0|0|0|0|7|73|116|205|534|282|263|285|284|274|278|269|275|207|262|219|193|196|204|189|205|193|192|497|244|200|185|208|183|193|201|185|190|207|450|199|209|474|720|217|229|196|253|439|210|226|230|236|217|227|232|465|202|177|228|180|163|125|613|114|84|84|70|62|80|65|326|64|59|
2016-09-16|6|1_CTs|CT17||53|56|300|38|30|265|22|27|15|19|11|14|15|8|3|9|7|7|3|3|0|0|0|0|0|0|0|2|35|37|70|131|184|422|147|155|402|146|117|121|124|118|134|135|138|126|124|157|149|145|172|156|150|164|112|85|105|83|66|73|311|85|59|66|64|621|144|202|431|188|144|108|104|137|57|83|114|80|106|141|125|74|48|52|54|41|31|25|31|25|40|34|33|26|30|24|
2016-09-16|6|1_CTs|CT18||319|74|52|50|298|39|33|33|267|24|24|12|20|13|19|14|18|6|20|8|0|0|0|0|0|0|0|13|346|132|204|251|592|262|257|173|403|173|145|119|187|267|271|251|269|243|246|252|239|248|514|241|240|219|213|210|216|247|264|233|248|241|257|287|277|523|488|505|511|279|269|283|271|321|255|287|243|267|504|293|241|224|220|189|172|136|138|381|108|120|107|120|103|107|112|123|
2016-09-16|6|1_CTs|CT19||47|562|49|37|26|23|13|22|21|12|14|15|10|6|10|262|7|6|5|4|0|0|0|0|0|0|0|6|25|44|83|391|228|182|157|245|690|195|155|150|171|123|149|160|146|140|391|165|167|155|166|161|439|421|137|121|145|170|118|150|160|155|171|152|150|202|189|190|203|221|236|236|513|230|249|448|192|211|452|171|202|449|126|135|111|109|82|90|70|85|61|53|61|51|58|58|
2016-09-16|6|1_CTs|CT20||36|27|22|13|15|253|13|11|6|10|7|6|5|3|0|5|6|2|4|3|0|0|0|0|0|0|0|6|43|49|75|108|104|119|21|136|392|172|120|37|98|116|292|83|52|65|117|104|119|7|120|117|45|122|607|118|32|36|44|20|117|97|119|116|115|98|140|119|120|149|137|140|386|100|22|33|108|27|352|103|102|107|48|83|9|27|71|50|73|311|54|44|16|52|42|41|
2016-09-16|6|1_CTs|CT21||86|69|53|43|32|275|18|16|17|18|15|18|16|10|18|17|258|261|29|35|0|0|0|0|0|0|0|19|132|215|499|295|356|314|312|314|560|262|303|264|272|272|510|272|228|226|229|225|252|221|224|257|200|210|239|217|447|249|251|232|258|482|241|259|221|264|247|271|251|265|294|280|240|295|250|236|450|221|668|222|452|216|388|206|170|370|134|134|130|118|118|109|116|110|92|93|
2016-09-16|6|1_CTs|CT23||63|319|62|47|41|37|40|14|22|14|258|16|17|19|18|270|15|12|21|16|0|0|0|0|0|0|0|21|129|163|244|289|538|593|344|320|306|326|291|300|515|269|209|229|190|219|226|232|203|217|253|238|243|246|444|211|208|186|247|249|265|206|262|235|231|497|288|311|284|298|277|284|520|573|326|287|500|290|802|277|218|221|204|182|187|161|114|137|116|105|121|105|113|315|106|97|
