2012-04-03|22|1_CTs|CT1||13|17|7|6|6|9|4|4|4|4|4|3|3|7|5|2|5|2|5|10|8|11|13|18|18|27|15|33|44|64|67|77|84|105|118|143|129|109|79|108|83|74|77|76|70|74|77|58|63|70|75|87|52|81|47|76|81|65|78|80|71|72|68|66|76|85|62|77|74|92|76|83|85|93|85|94|76|67|66|53|47|48|39|44|44|34|31|31|30|22|15|16|29|24|17|13|
2012-04-03|22|1_CTs|CT2||17|18|16|9|11|13|2|6|3|5|3|4|6|7|8|0|4|4|5|5|7|4|8|15|19|15|19|31|33|52|79|86|91|103|128|132|151|144|137|127|112|85|101|89|84|87|90|91|99|101|100|104|118|106|58|105|100|114|86|118|116|102|103|112|118|119|131|127|110|139|142|157|131|170|153|149|115|101|98|95|79|88|53|59|51|45|36|39|36|52|26|35|29|34|19|26|
2012-04-03|22|1_CTs|CT3||45|43|35|28|23|21|18|10|14|17|13|7|7|12|10|3|8|10|9|12|9|15|14|35|38|39|45|67|96|113|145|195|193|207|255|273|289|279|263|235|215|183|176|162|166|211|186|175|163|201|180|184|180|184|153|177|193|212|186|223|233|213|207|210|193|184|211|246|228|239|254|249|200|271|258|233|205|182|195|171|149|154|114|119|126|107|74|94|91|82|68|64|58|78|62|54|
2012-04-03|22|1_CTs|CT4||33|26|23|21|11|9|15|11|9|9|8|6|8|6|4|10|3|7|3|5|9|7|12|25|27|27|32|40|62|64|95|120|130|132|149|156|166|181|162|148|149|154|144|139|165|137|166|151|143|134|161|153|147|130|121|154|145|161|147|152|173|156|164|189|204|222|175|162|175|188|174|175|169|221|192|184|164|143|168|132|123|123|122|107|73|78|77|66|55|62|53|47|43|43|49|47|
2012-04-03|22|1_CTs|CT5||41|20|19|26|7|15|11|14|7|11|5|10|11|8|7|9|7|11|6|6|7|11|17|20|30|25|33|45|58|74|114|128|158|170|202|203|221|229|226|185|170|167|166|152|179|162|168|169|151|174|185|194|171|197|134|183|173|185|169|173|201|192|180|210|230|236|211|213|211|228|232|239|231|237|261|242|209|192|175|185|156|164|128|127|84|96|86|77|58|59|50|53|57|63|46|42|
2012-04-03|22|1_CTs|CT6||26|25|20|16|8|10|13|14|5|11|6|2|8|5|4|7|7|7|3|2|3|8|9|14|16|21|20|21|36|30|60|50|59|69|76|96|84|117|101|66|93|92|100|82|104|82|84|113|100|109|91|102|96|95|79|95|85|103|102|93|121|104|113|149|137|151|134|113|142|182|172|152|137|177|140|129|140|105|117|98|108|94|80|64|54|45|64|59|48|51|38|47|45|40|32|38|
2012-04-03|22|1_CTs|CT7||7|10|5|3|6|2|1|3|0|0|1|0|2|1|2|0|0|1|2|1|2|0|2|3|2|8|6|5|8|15|14|24|11|28|35|36|29|40|19|23|25|18|35|21|19|16|16|24|21|21|21|20|20|23|27|20|21|19|16|28|20|26|22|27|20|26|24|18|21|29|29|25|30|34|22|29|23|19|17|26|15|16|15|19|10|10|7|11|7|10|11|9|9|8|3|7|
2012-04-03|22|1_CTs|CT8||27|20|14|14|6|10|9|4|7|12|5|4|4|2|5|1|7|1|4|3|1|1|1|2|7|9|5|8|16|11|17|37|43|66|80|70|71|71|89|88|69|59|74|64|77|73|63|81|82|86|69|78|71|87|65|83|73|72|77|76|86|89|94|95|76|71|78|104|85|99|102|104|109|104|99|104|108|115|89|90|65|87|63|61|58|55|40|48|50|42|27|30|21|32|24|27|
2012-04-03|22|1_CTs|CT9||30|26|13|16|10|15|12|6|7|10|6|4|10|10|10|4|1|9|5|15|17|14|12|39|34|40|63|87|83|138|193|217|242|269|263|268|300|281|270|259|221|206|180|169|164|191|172|161|153|195|177|175|185|159|153|182|188|199|188|198|194|179|204|173|172|168|179|178|181|162|196|199|199|180|205|180|125|124|139|125|120|108|90|100|70|83|67|56|58|58|50|46|44|46|32|30|
2012-04-03|22|1_CTs|CT10||0|1|0|2|0|0|0|0|1|0|0|1|3|0|1|1|0|2|1|1|1|2|0|6|4|6|3|6|1|5|5|2|4|3|3|6|7|3|3|5|2|6|8|4|6|3|4|2|2|4|3|6|5|2|3|4|1|4|5|1|1|2|2|5|1|4|3|5|4|2|5|2|3|3|3|5|2|3|1|0|3|1|0|1|2|1|3|1|0|1|3|10|10|1|0|3|
