2013-05-25|2|1_CTs|ct1||118|97|89|97|75|55|67|47|50|37|33|24|24|32|29|27|14|13|20|18|26|16|21|26|24|28|33|51|38|53|62|77|60|65|89|127|136|132|148|191|163|171|163|159|183|174|173|167|196|170|180|169|172|152|181|156|148|143|132|146|179|169|168|176|165|155|121|114|156|201|185|161|183|176|153|172|185|197|180|182|179|170|164|143|161|145|165|134|148|123|115|129|132|151|152|119|
2013-05-25|2|1_CTs|ct2||124|99|97|80|64|71|61|69|49|53|43|26|34|34|41|42|32|21|35|22|37|29|26|29|36|35|43|46|31|50|49|51|59|51|71|80|72|93|116|97|124|141|140|128|143|157|106|104|121|99|99|108|80|94|88|102|100|109|100|102|108|102|117|135|107|136|134|126|132|141|124|118|136|136|120|144|137|148|149|158|161|168|185|163|196|177|142|125|140|123|113|115|123|131|128|133|
2013-05-25|2|1_CTs|ct3||148|140|129|131|100|97|103|78|59|74|65|45|54|61|54|60|51|26|38|39|39|42|33|44|53|49|55|66|46|58|74|78|86|73|91|117|137|145|161|185|191|190|196|207|221|197|177|176|168|179|188|173|166|175|161|177|165|188|160|159|184|178|178|76|94|129|81|178|191|225|239|188|209|212|187|212|226|229|227|209|220|238|224|203|201|173|180|194|204|163|142|154|174|186|171|173|
2013-05-25|2|1_CTs|ct4||86|82|71|60|64|49|62|54|35|44|48|41|36|29|44|39|30|31|23|32|41|30|40|31|26|33|23|33|33|38|38|49|42|42|52|60|66|62|89|120|89|101|119|103|92|120|123|95|94|145|128|127|111|91|97|103|92|92|89|94|109|103|118|116|82|84|114|87|123|113|99|105|114|130|98|120|106|105|89|112|138|124|91|107|98|92|94|76|88|85|64|104|97|90|87|69|
2013-05-25|2|1_CTs|ct5||145|128|130|116|107|89|106|77|72|68|62|61|60|59|57|64|49|49|43|43|52|52|42|41|27|37|34|41|39|50|57|56|64|78|90|103|120|113|145|166|160|154|180|153|150|192|211|165|162|223|205|225|199|179|163|172|168|165|161|172|182|181|122|172|177|222|173|184|199|216|189|191|211|215|198|189|234|203|183|217|229|224|178|187|179|154|145|148|155|153|159|178|157|152|152|157|
2013-05-25|2|1_CTs|ct6||122|132|127|99|96|94|96|83|67|66|57|55|65|50|42|56|47|41|45|41|39|35|34|40|25|43|34|35|27|41|41|40|45|51|52|63|65|77|76|87|91|100|104|102|99|117|128|120|121|129|117|143|133|105|103|130|93|107|115|124|148|168|99|176|158|187|153|147|130|136|139|133|149|152|152|133|171|151|144|168|174|171|147|144|117|130|133|133|110|118|101|131|145|154|115|123|
2013-05-25|2|1_CTs|ct17||167|141|143|130|96|94|100|75|59|65|57|54|51|63|51|53|37|25|42|23|35|29|31|32|29|40|41|45|47|39|56|69|82|65|74|93|120|148|173|171|189|189|203|198|201|196|177|171|175|180|193|172|153|177|174|173|154|187|142|161|163|194|200|58|2|3|4|192|199|222|209|184|198|213|175|205|192|221|216|179|193|208|203|165|186|162|183|157|174|182|146|133|151|159|175|175|
2013-05-25|2|1_CTs|CT19||80|70|69|61|56|37|42|29|30|17|28|29|23|23|21|26|16|18|11|16|8|11|6|9|13|19|21|26|24|25|33|43|34|34|49|52|56|79|87|96|98|94|103|94|100|106|94|100|93|117|110|92|86|104|90|88|67|95|73|80|91|93|95|67|12|23|4|88|127|96|107|110|103|114|98|119|110|111|105|95|110|115|105|87|105|81|91|72|81|85|78|67|62|90|82|86|
2013-05-25|2|1_CTs|CT20||67|66|63|63|75|51|65|48|50|49|48|45|47|50|45|38|23|28|29|24|26|29|10|21|13|14|21|17|30|24|27|27|28|30|28|44|40|54|51|49|62|72|66|62|63|70|65|63|66|64|62|66|74|67|63|63|58|61|66|56|65|59|70|68|67|58|84|70|63|70|80|72|51|74|72|85|86|93|99|98|80|82|67|94|62|67|57|64|63|67|64|62|73|60|52|51|
2013-05-25|2|1_CTs|CT21||33|34|33|28|47|25|24|27|21|24|17|16|20|18|18|8|7|10|16|8|5|14|4|12|6|6|9|7|15|14|15|12|11|14|15|35|26|26|30|34|48|50|50|45|53|51|46|53|56|52|57|42|54|47|33|49|42|37|55|49|39|44|44|59|47|44|49|44|41|35|44|45|43|44|33|46|53|58|51|59|55|59|54|50|42|41|28|46|34|31|39|45|35|44|44|31|
