2011-04-18|7|1_CTs|CT1||32|28|18|11|20|9|7|10|4|4|4|2|5|2|3|3|5|3|8|2|8|5|7|14|15|12|25|30|27|58|93|108|120|163|150|216|189|190|185|191|192|160|157|173|163|150|157|142|135|145|134|145|125|103|113|126|131|130|153|168|154|150|152|147|120|135|143|146|138|124|160|158|147|193|174|156|143|132|127|120|122|95|71|59|59|60|52|54|44|35|50|33|39|32|26|30|
2011-04-18|7|1_CTs|CT2||59|58|57|37|36|41|20|20|24|18|8|14|8|8|4|7|7|17|13|17|3|20|30|34|34|34|69|60|79|110|136|209|297|335|343|265|348|361|376|228|232|222|207|192|197|186|148|191|156|225|188|185|224|122|168|208|258|232|236|285|227|178|170|194|118|173|268|216|173|258|250|266|304|338|266|192|264|278|273|197|172|181|160|131|101|146|124|147|125|112|113|77|94|94|87|76|
2011-04-18|7|1_CTs|CT4||62|50|41|55|53|55|50|44|31|35|21|15|21|21|8|14|9|4|11|8|12|22|15|11|8|5|10|16|2|14|15|6|18|16|25|16|29|35|32|34|38|25|25|40|37|34|34|28|44|22|46|44|42|46|23|18|28|48|63|54|38|48|45|50|72|62|69|58|108|102|98|75|69|81|77|61|69|78|72|88|82|57|27|39|41|49|36|34|38|46|29|26|41|44|52|54|
2011-04-18|7|1_CTs|CT6||18|31|30|20|18|12|13|13|10|4|9|6|7|3|2|8|6|5|0|7|7|6|11|7|5|11|15|19|40|35|59|72|96|109|88|107|120|123|132|154|112|143|154|151|135|154|145|127|147|133|106|135|131|111|89|96|143|125|139|149|141|130|157|144|162|176|150|178|218|155|153|162|186|166|176|165|202|207|176|150|130|117|94|67|66|79|62|68|55|39|47|41|45|38|24|27|
2011-04-18|7|1_CTs|CT7||46|30|33|17|25|15|8|8|8|11|5|9|15|7|2|8|7|2|13|10|9|10|17|21|20|22|23|45|46|70|82|84|104|97|108|111|103|100|118|112|128|86|119|129|140|124|132|120|137|126|128|153|152|126|99|118|118|122|148|150|136|131|141|126|132|129|162|156|163|140|166|163|134|159|172|151|165|142|138|165|152|122|98|78|88|84|62|71|62|52|40|63|46|47|42|48|
2011-04-18|7|1_CTs|CT8||98|97|104|68|64|56|45|32|29|21|15|21|29|15|16|13|21|34|32|47|49|57|75|94|107|105|164|191|208|231|327|414|374|411|393|382|424|361|387|386|345|344|354|365|335|291|314|358|324|343|337|338|295|299|286|305|332|350|368|373|394|370|342|360|279|335|366|353|355|350|372|329|356|396|381|324|304|335|324|269|278|244|263|206|190|190|156|172|189|172|151|131|162|103|118|120|
2011-04-18|7|1_CTs|CT9||63|49|55|35|40|25|18|18|14|13|8|8|15|7|9|9|11|13|15|18|22|27|37|50|52|56|71|96|94|136|162|203|214|230|238|223|217|204|230|220|204|203|220|177|197|177|192|206|193|166|170|181|171|140|185|164|167|195|235|211|211|217|200|208|169|160|193|190|194|184|188|209|178|219|203|190|174|138|163|145|143|138|124|96|92|98|80|79|103|81|72|71|75|52|56|51|
2011-04-18|7|1_CTs|CT10||95|76|73|43|63|52|45|42|38|34|38|31|17|21|9|28|17|23|36|25|34|20|33|35|42|49|58|69|74|105|111|151|183|189|223|236|235|244|236|238|240|263|247|254|208|272|249|274|265|285|252|250|246|230|194|202|226|251|248|255|293|266|281|301|300|309|328|326|323|323|297|299|337|306|305|288|293|312|315|249|252|228|200|171|157|175|136|146|133|150|124|112|133|99|121|100|
2011-04-18|7|1_CTs|CT11||108|76|62|48|60|41|32|44|26|28|26|23|19|21|10|29|13|25|40|26|38|40|52|54|67|59|79|84|76|130|117|156|174|173|202|240|219|241|246|216|260|256|212|252|213|263|261|308|248|264|275|215|241|205|182|210|222|213|246|260|263|257|267|281|266|295|297|314|275|296|286|232|288|253|244|241|251|255|266|230|240|236|179|172|154|162|127|138|125|139|128|121|119|113|108|94|
2011-04-18|7|1_CTs|CT12||80|74|76|47|39|17|27|25|19|23|14|15|11|3|4|8|12|11|10|14|12|22|13|15|19|40|27|45|62|96|109|131|149|181|160|228|205|205|230|252|256|207|217|227|261|263|258|243|249|274|207|254|260|216|194|198|256|222|259|274|266|245|226|256|309|314|300|427|371|325|362|469|317|341|358|385|362|453|317|252|276|210|191|168|168|149|140|123|125|100|85|94|101|99|101|76|
2011-04-18|7|1_CTs|CT13||18|7|18|10|13|9|6|2|5|2|1|4|1|4|1|1|3|1|3|4|2|3|5|10|3|10|13|12|26|28|31|35|56|58|59|47|44|42|52|64|51|50|50|49|59|43|40|50|58|50|51|59|63|58|45|48|48|46|57|68|70|71|74|47|53|63|51|62|60|56|63|49|55|71|93|68|66|76|70|77|70|66|50|33|36|34|35|31|34|29|26|37|20|21|28|24|
2011-04-18|7|1_CTs|CT14||106|75|90|59|62|53|36|32|47|33|30|21|25|30|17|20|17|24|27|30|32|37|50|59|86|86|94|129|121|164|204|223|266|281|355|360|364|376|352|314|320|320|288|314|336|329|360|365|349|404|345|365|352|311|301|289|338|362|369|356|374|407|390|369|395|432|452|502|530|469|523|479|480|520|526|468|447|518|461|397|385|335|317|261|229|223|194|173|188|175|191|163|133|153|128|133|
2011-04-18|7|1_CTs|CT15||14|9|9|4|6|7|2|4|6|1|5|1|4|1|0|2|2|3|1|4|3|4|4|4|3|6|4|13|9|11|11|25|14|35|28|45|36|38|47|57|42|34|39|38|34|35|29|34|25|37|28|32|33|44|23|38|32|40|31|46|36|38|29|32|35|31|33|39|49|43|54|40|69|38|44|41|58|41|47|47|42|46|30|24|18|22|18|17|17|12|17|17|11|12|10|12|
