2017-06-01|3|1_CTs|ct1||55|41|28|25|16|11|7|11|3|9|8|4|5|3|3|2|4|3|1|2|5|2|7|13|6|17|34|55|47|75|140|426|723|471|198|704|186|217|161|164|362|152|431|140|131|150|160|144|144|153|169|142|151|148|382|134|157|159|159|139|934|182|416|146|141|170|172|420|190|175|174|193|428|178|406|177|179|176|178|442|434|415|149|396|111|104|339|77|82|73|71|327|78|290|69|46|
2017-06-01|3|1_CTs|ct3||106|86|82|82|56|44|306|51|13|21|27|24|18|278|25|24|21|19|20|23|23|21|35|46|40|48|89|148|368|149|454|244|496|493|278|989|499|747|209|197|452|220|466|189|167|402|703|410|244|241|211|505|251|275|253|220|511|200|205|228|455|210|249|530|480|246|746|232|219|226|197|486|716|184|736|222|481|274|469|486|737|247|242|212|205|188|171|151|411|134|132|410|405|84|117|375|
2017-06-01|3|1_CTs|ct5||204|427|388|355|83|80|369|242|38|34|34|30|23|23|30|20|22|12|15|13|18|13|16|19|17|29|40|50|78|108|143|177|738|518|275|533|274|544|202|243|468|222|695|206|192|209|738|239|247|529|505|530|518|473|247|490|715|510|236|230|247|486|772|779|759|534|270|294|307|320|832|331|596|1072|594|298|551|272|291|269|781|546|310|546|248|242|188|426|201|443|416|158|413|170|679|148|
2017-06-01|3|1_CTs|ct6||11|17|250|5|3|8|2|3|3|2|3|2|2|11|1|1|0|4|1|0|2|0|4|6|11|13|9|28|28|28|292|65|308|78|88|69|74|90|78|71|348|76|72|46|64|67|58|73|60|58|51|52|51|70|63|48|51|55|63|59|338|335|57|54|61|60|67|79|330|84|320|65|77|566|601|83|73|71|64|66|46|314|296|556|27|33|40|22|24|24|29|34|38|18|19|19|
2017-06-01|3|1_CTs|ct7||0|0|0|9|80|60|44|37|29|30|30|27|23|27|30|17|18|18|22|15|30|20|26|31|28|47|37|45|58|76|591|88|104|382|143|133|145|134|403|383|407|421|142|147|398|174|413|174|167|172|408|174|178|680|144|138|163|143|172|152|173|159|109|598|67|324|66|61|42|42|54|53|312|44|65|16|6|0|0|0|0|0|0|0|0|0|0|0|0|0|0|0|0|0|0|0|
2017-06-01|3|1_CTs|ct8||102|60|531|296|38|26|27|273|9|15|13|9|13|17|13|11|11|9|10|6|16|8|16|18|14|27|21|28|38|51|302|39|62|342|77|84|100|93|87|85|83|104|93|97|114|122|367|133|125|132|371|81|87|348|94|98|102|100|116|145|121|138|131|419|132|350|366|369|124|136|135|648|139|381|125|104|121|104|101|110|392|135|130|92|102|85|71|73|131|79|93|101|78|92|347|96|
2017-06-01|3|1_CTs|ct9||135|108|102|85|86|77|81|61|52|302|52|320|58|45|26|45|52|31|39|30|287|37|32|282|312|43|80|147|272|145|372|1488|570|507|311|353|183|221|261|293|462|221|537|1131|1314|1249|411|578|298|1108|259|793|790|430|306|1292|416|787|862|2177|292|651|577|2274|2252|898|2077|1107|670|334|109|406|337|262|698|249|506|1021|462|498|252|524|273|767|1096|701|181|509|150|396|125|134|136|482|143|128|
2017-06-01|3|1_CTs|ct10||114|83|88|65|56|54|39|47|47|40|42|41|34|30|27|15|22|25|28|22|24|31|22|33|24|28|25|44|45|46|97|120|152|182|164|201|175|151|172|175|153|149|142|153|137|148|152|153|141|133|156|151|139|138|148|131|145|134|162|119|155|135|139|155|143|144|159|165|144|173|177|172|141|133|128|151|153|146|152|146|142|142|125|119|143|145|108|117|113|133|103|117|130|124|111|139|
2017-06-01|3|1_CTs|ct13||503|221|203|193|179|749|135|211|227|99|78|64|402|144|65|82|218|127|382|133|336|78|55|90|85|98|95|378|195|132|476|246|523|296|246|252|218|196|272|199|473|207|753|240|205|184|460|480|240|494|760|220|277|233|495|266|269|253|157|24|0|0|0|0|52|159|191|180|445|436|206|474|290|462|169|212|183|151|143|425|116|167|410|190|156|287|225|512|256|549|412|458|246|480|238|758|
2017-06-01|3|1_CTs|CT16||154|107|93|84|74|57|55|57|48|58|64|31|278|23|23|30|28|28|25|30|21|283|40|21|22|26|36|63|63|81|116|384|658|183|189|223|227|186|202|192|174|434|948|236|462|197|210|212|195|208|211|202|465|192|425|155|179|460|186|216|218|474|488|184|198|196|480|235|213|230|708|174|218|271|508|516|284|285|251|235|480|240|483|161|432|349|469|136|142|150|131|105|134|144|137|385|
2017-06-01|3|1_CTs|ct22||6|2|260|0|3|3|0|3|0|0|1|1|0|0|3|2|0|1|1|1|2|2|1|1|4|3|7|2|4|4|0|0|0|0|0|0|0|0|12|28|26|25|25|26|277|22|35|20|26|23|34|30|19|13|17|17|13|26|20|25|21|23|35|20|26|37|46|296|46|31|40|50|42|33|33|33|28|19|30|271|22|20|22|14|269|16|9|12|9|15|10|9|9|8|3|11|
2017-06-01|3|1_CTs|CT23||5843|5773|4936|3555|2144|1310|692|55|271|48|23|74|31|275|28|42|53|16|57|284|288|54|375|67|52|32|213|1199|1230|2473|4015|4427|2933|3474|3514|1865|567|179|175|143|399|141|164|125|131|156|162|171|157|203|435|191|225|455|141|672|160|428|208|185|160|202|209|213|480|246|257|288|823|320|327|605|854|1016|922|641|384|656|670|661|992|934|3280|1939|131|62|25|43|48|434|149|1097|34|256|83|45|
2017-06-01|3|1_CTs|ct24||79|70|289|43|32|28|26|19|16|19|19|17|13|9|269|20|9|16|267|15|25|289|44|61|85|406|771|685|504|601|844|1126|1019|754|540|787|565|511|548|585|1288|557|801|531|572|481|514|522|739|512|515|1020|744|980|447|683|951|496|519|543|1315|418|987|488|502|1038|731|757|744|487|777|535|523|766|530|514|757|704|743|738|1016|991|681|323|241|222|216|425|449|440|190|163|437|666|137|114|
