2016-12-23|6|1_CTs|CT1||2|2|0|6|0|1|1|0|1|0|0|1|0|1|0|1|1|1|1|0|2|1|1|3|2|0|3|4|4|1|5|9|15|21|19|22|8|10|15|269|5|12|10|13|19|17|11|15|14|10|17|20|275|9|7|8|14|5|9|10|8|7|15|12|7|12|11|11|8|10|5|1|7|6|11|7|5|3|4|3|7|7|10|3|5|2|1|4|2|3|2|4|1|0|1|2|
2016-12-23|6|1_CTs|CT3||23|13|4|8|9|7|8|2|2|3|2|3|4|5|4|6|7|12|8|13|18|17|14|29|18|22|32|18|30|34|41|48|53|252|56|59|56|59|51|55|63|38|43|35|46|32|36|37|49|35|36|37|307|43|36|35|36|262|38|37|290|41|50|38|56|51|51|62|78|52|58|61|43|68|42|45|33|47|301|40|35|30|29|22|30|19|22|27|15|19|15|13|12|18|252|10|
2016-12-23|6|1_CTs|CT4||19|12|9|6|8|13|250|1|5|2|4|5|6|0|0|3|3|0|1|3|4|2|1|2|1|0|2|1|7|8|15|16|12|20|1|13|14|25|23|21|19|21|536|19|5|19|18|14|23|258|27|32|29|31|291|33|23|1|9|8|32|29|23|34|16|25|34|36|21|40|38|16|31|33|260|21|35|31|25|290|29|22|23|11|14|13|21|5|15|9|12|6|15|7|10|14|
2016-12-23|6|1_CTs|CT5||24|20|28|17|23|20|255|18|14|9|11|2|7|11|6|5|6|5|5|6|516|9|9|12|10|12|256|16|16|22|38|49|282|294|1|8|15|303|61|83|80|88|79|314|78|70|79|302|332|57|90|65|90|91|339|301|84|68|81|75|64|80|76|83|82|48|324|78|77|75|344|66|72|75|66|61|70|61|69|70|68|47|49|39|49|553|33|28|28|26|20|25|21|23|36|27|
2016-12-23|6|1_CTs|CT6||46|30|38|29|16|19|17|10|9|7|5|9|12|6|4|3|1|6|9|5|3|17|14|240|18|17|13|19|26|41|63|344|316|310|345|112|106|119|128|355|126|327|120|118|138|157|150|381|134|330|164|380|154|141|129|116|365|139|122|124|138|629|157|145|125|148|134|134|126|117|125|132|130|110|113|115|106|118|598|106|96|85|86|76|43|53|297|47|47|33|44|44|41|32|44|37|
2016-12-23|6|1_CTs|CT7||4|13|9|3|5|4|2|5|1|3|3|1|5|5|1|2|3|5|3|1|2|3|3|2|2|7|5|7|16|14|269|279|31|269|32|31|34|26|33|42|27|31|28|31|31|32|26|41|295|30|31|23|29|30|21|30|22|32|23|38|28|34|21|26|33|286|286|25|30|33|31|283|23|25|25|18|27|277|278|20|22|18|251|9|16|16|15|15|9|7|6|8|5|8|6|6|
2016-12-23|6|1_CTs|CT8||0|0|0|0|0|0|0|0|0|0|0|0|0|0|0|0|0|0|0|0|0|0|0|0|0|0|0|0|0|0|0|0|0|0|0|0|0|0|0|0|0|0|0|0|0|0|4|0|0|0|0|0|0|0|0|0|0|0|0|0|0|0|0|0|0|0|0|0|0|0|0|0|0|0|0|0|0|0|0|0|0|0|0|0|0|0|0|0|0|0|0|0|0|0|0|0|
2016-12-23|6|1_CTs|CT9||0|0|0|0|0|0|0|0|0|0|0|0|0|0|0|0|0|0|0|0|0|0|0|0|0|0|0|0|0|0|0|0|0|0|0|0|0|0|0|0|0|0|0|0|0|0|0|0|0|0|0|0|0|0|0|0|0|0|0|0|0|2|0|0|0|0|0|0|0|0|0|0|0|0|0|0|0|0|0|0|0|0|0|0|0|0|0|0|0|0|0|0|0|0|0|0|
2016-12-23|6|1_CTs|CT10||49|33|45|22|32|276|26|13|9|12|5|16|14|9|4|9|5|8|6|9|14|15|16|18|27|27|26|43|48|60|83|97|362|334|128|138|424|136|153|145|127|154|391|138|410|659|170|438|197|183|196|464|177|192|170|138|399|143|194|188|707|500|235|268|269|506|266|245|282|259|279|505|276|244|228|213|146|623|132|126|144|134|89|82|79|320|72|49|55|44|50|47|61|49|39|293|
2016-12-23|6|1_CTs|CT11||54|49|42|40|23|32|17|7|8|15|10|11|12|246|4|14|6|11|6|7|18|18|22|33|286|43|45|88|87|393|179|473|452|190|224|704|189|708|191|748|441|226|214|195|203|202|208|469|190|203|217|226|204|198|165|176|428|174|171|410|168|438|201|200|163|170|439|415|175|169|154|146|144|409|159|151|400|148|139|411|159|143|129|133|89|90|80|310|73|74|53|65|57|55|52|42|
2016-12-23|6|1_CTs|CT12||69|58|68|46|31|30|21|10|12|18|14|17|20|17|8|10|8|10|8|10|15|260|21|24|31|35|28|46|61|75|112|122|384|137|181|466|205|193|199|191|184|208|210|196|204|713|246|492|237|509|265|514|252|237|209|216|197|187|228|498|476|267|401|705|552|556|314|323|282|483|254|308|273|504|818|240|209|205|193|442|198|174|394|129|98|330|356|84|73|57|318|68|67|62|56|54|
2016-12-23|6|1_CTs|CT13||0|0|0|0|0|0|0|0|0|0|0|0|0|0|0|0|0|0|0|0|0|0|0|0|0|0|0|0|0|0|0|0|0|0|0|0|0|1|0|0|0|0|0|0|0|0|0|0|0|0|0|0|0|0|0|0|0|0|0|0|0|0|0|0|0|0|0|0|0|0|0|0|0|0|0|0|0|0|0|0|0|0|0|0|0|0|0|0|0|0|0|0|0|0|0|0|
2016-12-23|6|1_CTs|CT15||53|46|30|28|17|13|17|16|6|13|18|10|16|16|8|13|10|17|18|14|19|20|22|29|34|40|43|59|299|87|102|126|148|167|131|153|396|140|142|150|133|151|138|131|112|117|127|388|123|143|124|351|127|371|109|114|117|87|100|136|106|345|102|128|141|193|204|166|188|399|150|384|118|127|357|109|108|115|113|88|69|80|66|63|68|72|71|71|44|39|50|40|39|34|39|39|
2016-12-23|6|1_CTs|CT16||293|55|58|35|39|27|32|16|13|18|13|15|16|12|3|16|9|19|9|13|17|17|17|23|26|36|41|67|78|367|143|200|206|215|477|213|463|202|223|230|708|487|217|217|226|206|486|249|482|210|447|248|224|475|437|182|178|450|195|228|199|221|216|214|214|227|215|487|247|457|480|205|202|457|456|192|176|167|416|411|386|161|122|117|111|601|330|308|75|70|59|70|73|64|64|47|
2016-12-23|6|1_CTs|CT17||70|83|58|52|43|291|31|14|19|21|16|11|20|16|9|8|12|6|2|264|8|11|10|11|16|11|15|15|20|42|58|50|74|87|97|126|394|134|129|127|140|143|120|125|158|397|150|401|419|165|175|163|412|138|145|157|123|169|155|169|392|165|314|293|183|168|212|206|211|203|206|182|201|425|176|401|432|173|145|399|134|97|363|84|316|68|71|587|74|291|61|53|53|66|48|56|
2016-12-23|6|1_CTs|CT18||98|100|79|56|51|54|291|39|34|272|28|23|22|19|17|22|23|23|16|15|25|19|33|283|33|38|282|313|344|341|153|187|222|220|252|253|257|239|239|286|268|284|270|505|290|263|291|547|293|291|319|500|296|522|526|253|240|241|255|283|544|278|304|286|255|534|289|296|283|1031|569|528|279|275|272|262|264|497|215|227|477|195|433|163|152|133|119|362|109|104|341|108|100|90|91|81|
2016-12-23|6|1_CTs|CT19||292|322|306|44|34|36|273|283|19|24|13|13|24|11|8|8|14|7|3|7|10|9|10|6|11|10|19|14|21|31|50|61|78|108|110|137|133|145|129|135|161|145|136|143|164|669|667|681|448|182|176|414|185|175|410|167|157|181|177|187|170|180|179|168|207|194|469|202|247|207|458|223|212|455|446|175|421|182|158|438|390|101|93|103|87|81|83|64|66|61|572|55|60|70|43|63|
2016-12-23|6|1_CTs|CT20||42|47|26|22|24|21|16|9|11|12|6|8|9|8|263|2|7|5|3|267|8|8|11|13|14|8|22|28|23|306|59|62|77|342|109|125|371|396|131|117|108|133|324|65|112|132|359|625|123|109|139|363|144|371|67|327|377|47|90|110|342|394|123|111|129|125|140|134|111|373|394|374|16|127|372|4|106|36|120|104|22|78|333|79|80|66|321|65|55|43|49|34|304|30|31|30|
2016-12-23|6|1_CTs|CT21||93|112|62|55|37|46|30|16|17|18|16|16|19|24|16|22|24|17|20|29|53|52|41|53|275|61|82|101|137|430|289|701|246|270|249|255|478|229|252|453|248|234|235|203|921|250|477|207|452|238|207|408|250|458|403|197|435|420|210|221|475|194|249|200|464|249|469|438|259|482|445|407|406|216|199|198|391|208|199|858|171|172|178|133|330|402|133|141|98|116|93|91|318|124|96|293|
2016-12-23|6|1_CTs|CT23||116|105|79|50|56|43|41|300|34|24|20|25|286|250|21|281|268|25|21|17|16|28|26|35|43|301|64|74|94|358|174|228|231|686|236|237|219|232|236|244|257|194|674|485|264|233|247|487|728|254|227|465|243|222|205|193|208|248|232|231|480|265|247|260|276|294|284|530|306|297|493|293|259|504|292|254|213|440|204|420|173|180|170|135|114|388|137|124|99|359|109|95|78|77|86|74|
2016-12-23|6|1_CTs|CT24||0|0|0|0|0|0|0|0|0|0|0|0|0|0|0|0|0|0|0|0|0|0|0|0|0|0|0|0|0|0|0|0|0|0|0|1|0|0|0|0|0|0|0|0|0|0|0|0|0|0|0|0|0|0|0|0|0|0|0|0|0|0|0|0|0|0|0|0|0|0|0|0|0|0|0|0|0|0|0|0|0|0|0|0|0|0|0|0|0|0|0|0|0|0|0|0|
