2012-08-31|2|1_CTs|ct1||52|48|40|46|24|19|26|20|17|19|10|9|9|8|13|8|6|8|10|13|10|12|19|20|25|28|29|40|40|41|65|74|81|91|97|89|90|97|96|99|99|99|88|94|104|93|101|90|116|129|95|92|80|97|98|79|89|94|80|96|93|111|105|96|86|100|100|92|101|90|87|99|86|103|83|87|99|98|86|91|116|92|113|136|162|170|159|114|97|92|76|90|81|96|86|102|
2012-08-31|2|1_CTs|ct2||27|21|15|15|18|9|12|9|10|8|6|4|8|3|4|3|9|4|5|2|1|10|10|11|9|16|14|11|13|13|15|15|23|26|21|34|35|31|44|42|49|45|45|43|45|48|44|49|53|48|42|45|40|36|38|35|42|43|42|40|45|46|35|40|48|42|31|40|53|34|43|53|35|44|36|29|43|41|33|44|39|53|64|81|72|77|73|60|62|25|28|34|30|35|34|26|
2012-08-31|2|1_CTs|ct3||110|97|73|86|72|58|48|52|35|43|28|30|25|26|26|14|24|23|22|21|18|32|45|34|47|58|65|55|72|64|100|103|114|119|141|136|134|145|161|149|174|143|140|163|169|160|160|165|172|190|155|152|151|138|155|142|161|161|157|155|175|154|168|167|175|153|175|178|167|140|171|169|167|189|162|160|176|162|172|171|157|157|180|193|185|229|231|166|156|165|143|171|165|154|173|160|
2012-08-31|2|1_CTs|ct4||58|51|71|46|51|32|43|35|30|30|25|16|21|24|15|13|23|13|19|17|17|12|27|32|23|31|32|34|24|48|34|62|59|81|100|122|120|116|119|105|104|105|123|102|107|96|105|91|119|113|115|114|110|84|95|120|106|85|107|93|109|119|110|110|108|106|112|101|113|101|122|108|92|99|101|101|101|77|101|90|101|91|103|117|116|77|88|78|73|73|83|81|75|87|92|73|
2012-08-31|2|1_CTs|ct5||104|96|85|80|64|55|52|42|48|45|32|33|26|43|20|19|34|21|20|23|27|18|22|30|37|44|46|41|36|61|58|62|98|109|136|163|164|146|126|156|163|153|181|165|133|154|196|152|182|186|172|146|130|135|149|136|167|137|136|174|155|192|170|186|168|166|173|160|162|188|174|171|161|182|168|144|121|168|147|148|157|160|172|172|157|138|138|152|126|120|152|133|145|138|134|137|
2012-08-31|2|1_CTs|ct6||147|103|92|79|73|60|51|54|37|48|39|25|33|40|18|15|19|14|24|11|29|11|24|20|28|34|34|31|35|40|51|57|78|93|102|134|150|126|103|115|127|124|129|144|124|116|144|138|136|157|155|134|153|125|135|137|145|155|120|162|156|139|168|151|159|147|139|165|162|146|129|148|117|148|137|112|115|122|143|134|129|153|112|143|125|88|111|119|113|98|119|127|121|132|143|130|
2012-08-31|2|1_CTs|ct17||87|101|70|89|71|55|50|47|37|43|25|29|25|19|24|17|18|21|14|22|15|23|27|28|40|46|39|52|54|46|79|92|109|94|141|152|138|137|143|139|170|148|139|171|153|157|172|159|161|167|187|144|131|144|148|126|144|153|126|164|150|169|162|161|183|171|190|178|166|154|171|173|180|194|169|154|171|168|158|160|164|154|191|179|163|229|196|168|133|157|151|165|145|143|151|158|
2012-08-31|2|1_CTs|CT19||32|41|31|43|25|32|22|19|24|37|14|16|12|8|10|6|9|7|8|10|5|5|8|14|14|24|24|22|33|25|43|55|58|68|88|87|81|94|84|75|92|86|81|85|95|88|108|96|89|116|102|59|105|77|83|66|77|70|91|112|99|117|122|109|95|92|85|64|74|101|114|118|123|114|112|112|87|113|122|89|103|94|97|79|83|105|92|93|66|77|68|69|69|76|80|86|
2012-08-31|2|1_CTs|CT20||50|43|37|51|39|31|39|33|28|29|31|22|19|22|8|8|5|10|10|14|12|10|12|14|21|18|20|21|33|33|34|46|58|42|79|86|79|84|77|78|86|75|76|77|79|65|69|78|63|74|76|74|66|59|64|67|69|55|66|76|76|70|79|78|76|71|80|73|89|81|85|85|77|76|93|68|89|97|77|70|94|69|93|69|68|71|58|71|58|50|49|48|57|73|69|63|
2012-08-31|2|1_CTs|CT21||27|27|19|17|18|20|21|12|9|8|13|10|8|4|1|4|4|4|0|1|6|2|4|6|7|12|10|10|11|16|15|26|29|30|44|53|46|52|53|54|36|47|45|109|40|39|38|64|35|34|44|50|39|38|39|52|39|27|43|41|47|51|36|49|43|51|43|38|43|48|41|54|60|41|62|39|60|58|46|30|61|44|44|32|35|36|30|37|28|23|30|38|40|41|44|34|
