2011-05-02|7|1_CTs|CT1||27|15|17|9|15|9|9|5|9|2|3|3|3|3|2|4|1|0|4|2|7|6|5|23|13|25|28|23|33|64|112|145|197|204|202|222|208|222|198|217|195|174|172|168|143|151|131|151|132|158|131|125|124|124|112|154|139|165|165|155|165|157|138|158|156|166|153|177|153|170|195|187|177|212|169|192|150|144|145|122|127|112|84|80|81|75|79|62|60|64|59|59|39|40|37|34|
2011-05-02|7|1_CTs|CT2||69|48|42|46|34|36|25|23|17|28|10|11|3|13|7|9|7|11|5|12|17|12|21|33|45|44|29|63|95|123|107|173|276|332|300|307|272|329|386|315|279|165|173|278|226|217|140|226|121|243|233|227|253|235|201|213|220|250|225|258|233|240|248|232|212|254|267|244|234|286|296|331|283|301|278|282|269|254|237|230|196|214|172|172|178|133|154|111|112|129|124|75|94|100|78|83|
2011-05-02|7|1_CTs|CT4||31|49|28|30|39|33|42|42|22|29|28|21|28|30|16|21|17|8|20|10|19|25|12|27|25|19|8|12|10|12|9|18|37|43|47|42|42|50|30|54|44|26|35|25|33|33|28|45|43|66|49|62|52|46|57|44|67|68|54|61|50|64|79|53|72|71|90|96|133|90|110|125|108|94|94|97|75|105|86|73|58|69|81|54|74|50|38|40|51|59|51|77|55|101|76|49|
2011-05-02|7|1_CTs|CT6||47|21|23|25|14|21|17|18|14|10|7|8|4|8|4|5|6|4|4|5|2|7|8|9|9|17|20|17|34|44|54|88|136|146|135|159|149|162|115|102|154|152|134|139|146|133|139|133|150|130|149|113|145|131|135|109|138|150|119|127|161|134|160|166|151|230|208|205|244|208|236|246|229|225|199|193|227|180|170|172|147|146|109|77|77|81|53|59|50|49|69|56|48|46|47|34|
2011-05-02|7|1_CTs|CT7||62|75|30|23|167|22|19|19|21|147|22|20|12|7|11|0|10|4|14|15|24|21|6|23|35|170|95|84|98|128|128|96|176|161|194|144|141|145|238|178|201|429|291|222|281|380|388|352|460|719|461|312|340|506|378|268|199|170|218|258|195|195|165|277|167|248|212|188|187|191|308|244|193|168|186|238|196|216|233|127|153|137|140|95|109|108|313|66|76|61|63|107|46|88|68|59|
2011-05-02|7|1_CTs|CT8||125|111|97|74|58|62|42|33|17|29|27|24|21|23|21|27|20|27|24|44|71|79|92|111|97|113|170|177|224|276|361|416|384|450|453|357|403|430|403|399|366|353|362|318|333|368|373|339|309|297|316|304|301|278|271|317|325|351|382|381|345|374|384|314|348|391|363|374|382|361|365|365|356|418|377|342|315|360|292|281|268|240|197|235|210|176|195|189|184|198|187|175|130|121|136|104|
2011-05-02|7|1_CTs|CT9||70|53|49|34|37|25|24|13|17|13|18|10|15|10|11|12|12|20|9|15|33|32|41|50|49|55|67|94|116|139|214|223|197|235|237|273|254|236|230|206|240|207|201|203|189|213|187|173|184|159|174|155|182|147|158|175|162|192|212|227|197|232|220|191|193|212|188|213|176|229|199|218|203|220|242|195|162|177|172|155|134|135|88|136|93|96|103|87|93|99|104|85|67|71|77|62|
2011-05-02|7|1_CTs|CT10||95|72|71|73|59|56|40|46|41|38|29|20|23|27|28|21|22|29|22|20|37|27|30|45|47|57|46|69|91|113|112|167|209|238|281|256|254|219|249|223|246|265|232|268|240|247|278|263|250|294|274|261|297|241|258|246|229|272|217|239|272|311|278|323|290|303|321|296|340|376|331|328|311|343|296|274|296|302|299|270|263|282|193|178|199|165|156|154|159|148|127|128|139|138|98|123|
2011-05-02|7|1_CTs|CT11||96|74|82|68|37|46|40|39|31|28|19|17|22|21|24|19|19|21|25|16|40|30|42|61|42|71|57|70|97|129|135|182|202|263|306|285|234|229|242|246|228|251|236|236|239|249|263|251|259|266|280|261|252|228|216|244|236|232|214|260|268|289|268|288|269|311|272|295|284|259|212|223|249|303|262|272|266|300|271|274|239|264|209|185|186|162|153|140|153|137|140|119|141|114|108|118|
2011-05-02|7|1_CTs|CT12||85|64|38|55|40|30|25|27|27|27|18|31|5|17|7|14|11|17|11|12|8|16|19|9|21|34|36|37|51|94|131|145|270|258|247|292|280|250|222|255|247|246|220|237|237|270|250|200|252|258|288|269|266|269|225|256|234|277|240|236|292|263|244|310|305|328|341|349|433|405|367|383|427|474|392|380|434|367|352|331|272|269|255|216|212|148|187|136|123|138|157|118|106|125|92|94|
2011-05-02|7|1_CTs|CT13||21|17|14|17|5|10|7|8|10|6|2|6|3|0|3|0|2|0|0|6|6|2|4|8|5|4|10|20|17|34|35|43|68|64|56|65|74|55|57|67|71|85|58|72|59|52|70|81|78|62|82|65|72|65|54|52|65|50|68|79|67|83|64|72|69|66|62|102|94|77|80|71|74|73|80|69|79|86|62|50|64|48|58|48|50|43|29|36|4|0|0|30|24|26|27|17|
2011-05-02|7|1_CTs|CT14||117|112|103|71|49|38|45|49|40|33|26|26|27|24|23|19|21|23|27|24|43|38|57|79|80|81|119|135|134|190|248|274|319|362|455|374|404|364|385|370|346|316|370|341|350|318|367|357|378|357|396|400|358|360|285|342|338|388|309|392|382|416|413|398|405|456|456|483|542|534|482|524|575|568|531|475|459|597|438|431|403|354|297|264|276|222|238|204|210|190|186|166|158|159|149|167|
2011-05-02|7|1_CTs|CT15||18|9|4|6|7|6|6|7|9|4|5|4|2|2|5|2|1|1|3|3|1|4|3|2|3|5|6|4|12|15|25|41|92|99|69|85|74|59|58|54|64|41|39|42|42|37|40|40|39|47|48|31|43|43|33|36|43|44|47|37|48|45|50|46|50|92|76|100|101|73|98|66|79|54|81|59|65|63|56|78|39|36|34|28|23|35|15|22|11|28|21|18|15|17|16|14|
