2012-09-28|6|1_CTs|CT1||0|1|0|1|0|0|0|0|0|1|0|1|0|0|0|2|0|2|1|1|2|0|4|4|2|6|10|4|3|5|6|7|72|13|14|4|9|8|8|10|6|2|6|2|5|4|2|9|11|6|8|8|5|12|10|6|9|3|8|7|2|4|8|4|8|9|10|6|4|5|4|13|5|1|4|3|2|4|3|1|3|2|5|2|4|4|5|0|0|1|5|13|12|1|1|2|
2012-09-28|6|1_CTs|CT3||19|9|11|6|13|11|6|5|4|7|8|9|11|10|8|9|14|20|22|20|33|33|30|39|43|41|46|48|65|64|67|89|118|98|103|119|110|95|102|122|81|80|83|83|69|81|68|64|61|58|69|73|71|51|68|76|71|75|76|65|74|71|77|81|82|89|92|104|83|83|79|68|87|71|77|71|76|53|55|51|44|47|31|39|24|24|12|23|17|36|31|29|40|30|36|19|
2012-09-28|6|1_CTs|CT4||10|11|4|7|7|6|1|3|0|2|6|1|0|3|1|4|1|1|2|5|1|1|2|2|2|5|2|4|7|6|14|32|87|51|28|26|40|25|27|26|24|20|25|20|25|15|18|34|23|21|27|38|51|39|24|35|12|44|35|38|36|26|29|42|33|33|48|35|48|60|52|69|62|66|82|52|74|53|40|47|42|26|36|23|25|17|23|9|11|19|26|19|13|13|14|9|
2012-09-28|6|1_CTs|CT5||12|14|20|16|17|9|11|6|5|4|4|6|7|8|6|10|6|6|8|11|7|7|12|10|16|9|16|21|10|36|50|54|70|82|49|45|84|83|72|84|69|71|69|62|82|57|60|68|60|78|74|86|72|84|50|61|53|51|49|51|66|73|80|75|63|53|73|67|53|46|78|73|55|48|39|66|71|67|66|35|58|48|43|38|34|30|42|31|31|38|22|20|36|36|31|31|
2012-09-28|6|1_CTs|CT6||27|18|14|7|8|5|6|3|5|4|10|5|5|4|7|8|6|10|11|3|13|11|17|17|17|10|21|22|40|51|67|100|180|144|186|201|172|150|119|129|121|101|103|112|101|105|103|95|103|77|94|100|78|112|113|105|108|124|116|117|113|106|126|132|122|106|152|132|136|176|152|144|121|140|126|117|133|100|113|90|112|102|90|67|68|70|79|57|64|56|63|58|59|46|48|68|
2012-09-28|6|1_CTs|CT7||10|5|3|4|4|4|2|1|4|3|1|3|3|4|4|0|3|4|0|1|2|1|1|2|7|6|4|12|10|9|13|20|40|40|26|34|36|34|31|30|31|33|23|30|29|31|23|18|25|22|34|41|25|29|29|23|21|22|34|22|31|31|39|19|28|29|29|29|22|24|26|23|35|40|27|39|25|21|22|19|12|22|17|15|13|14|10|13|7|12|12|9|10|16|7|10|
2012-09-28|6|1_CTs|CT8||75|57|48|31|36|27|31|26|28|36|41|40|39|43|19|44|30|34|29|34|28|21|29|31|31|32|35|43|71|130|169|214|228|221|254|226|232|248|234|186|182|166|130|149|130|146|172|151|150|148|178|175|156|168|151|145|172|158|167|179|162|184|182|158|167|186|189|216|183|196|203|191|206|226|200|201|182|169|178|176|162|142|136|133|102|104|106|89|75|86|95|109|90|77|57|55|
2012-09-28|6|1_CTs|CT9||54|48|47|31|31|26|19|22|19|18|20|14|14|21|20|17|20|19|17|25|21|19|27|36|44|38|59|55|79|120|202|300|323|418|404|385|406|386|400|357|332|311|352|264|267|265|272|273|229|227|220|212|205|187|226|248|283|356|391|383|383|381|358|415|382|389|378|395|396|376|374|391|336|312|296|307|237|232|208|183|163|159|137|148|99|104|112|78|95|100|104|74|80|90|83|98|
2012-09-28|6|1_CTs|CT10||34|40|41|14|13|12|16|10|18|15|21|15|16|7|10|13|10|6|11|7|17|16|19|22|31|36|30|41|59|80|110|157|159|208|191|222|223|208|212|170|166|144|151|142|139|164|153|130|153|166|153|158|178|175|145|148|144|150|165|160|183|188|182|177|200|187|226|216|235|244|255|227|247|251|277|262|229|216|222|184|194|186|142|130|111|114|74|60|64|58|58|64|49|59|47|42|
2012-09-28|6|1_CTs|CT11||50|26|27|13|22|13|7|14|10|10|11|10|9|6|16|14|7|11|19|17|12|15|26|40|31|34|57|68|93|141|243|335|375|341|314|286|299|290|243|240|232|214|248|222|228|224|231|209|207|200|207|196|222|234|208|223|195|245|228|221|227|215|231|209|231|256|265|220|211|237|238|235|213|206|181|192|144|156|133|170|129|117|108|116|105|105|86|77|79|63|72|64|60|59|52|51|
2012-09-28|6|1_CTs|CT12||45|42|34|18|22|16|12|16|15|14|13|19|15|5|8|12|11|6|11|9|13|19|21|28|32|30|43|43|58|88|140|192|255|298|270|296|295|272|244|217|178|177|176|164|157|207|171|172|171|198|204|184|188|221|189|192|197|175|214|173|215|191|216|218|239|243|285|277|292|312|315|323|330|292|334|305|301|291|268|217|219|192|179|134|102|127|92|81|62|65|64|71|61|60|59|55|
2012-09-28|6|1_CTs|CT13||33|32|32|42|59|21|13|27|24|14|12|20|14|25|12|26|13|26|15|17|17|20|37|58|60|46|46|53|62|35|51|94|111|118|99|103|128|150|88|98|73|79|74|57|54|51|59|49|42|55|44|42|38|33|45|47|58|69|103|96|109|99|89|102|90|92|88|84|90|91|69|81|60|60|41|43|33|38|40|28|39|30|22|28|21|23|20|15|17|18|25|18|18|13|16|24|
2012-09-28|6|1_CTs|CT14||35|29|12|14|13|20|19|21|14|13|13|11|11|12|8|9|7|7|8|12|11|9|19|13|18|15|16|23|31|42|55|88|78|102|103|131|118|105|117|94|91|103|92|98|98|120|110|103|96|116|107|121|111|103|102|108|118|108|131|100|135|133|143|147|157|135|165|165|153|220|203|212|214|203|202|214|244|228|181|166|168|158|117|84|75|61|60|63|44|50|52|44|43|44|53|57|
2012-09-28|6|1_CTs|CT15||9|15|14|12|9|11|11|7|11|4|9|8|7|16|8|15|7|10|12|6|12|11|17|18|24|21|27|39|37|52|95|155|227|223|219|220|209|225|218|199|169|181|140|111|112|90|97|93|83|83|97|109|98|95|81|88|129|165|203|197|178|185|179|197|184|204|198|180|202|170|177|149|109|91|125|108|89|63|72|76|67|65|62|56|39|41|30|32|32|32|31|27|31|25|21|26|
2012-09-28|6|1_CTs|CT16||51|31|31|15|20|16|13|15|13|10|13|15|16|8|16|17|8|14|9|11|15|12|21|21|29|39|34|63|72|99|147|204|302|303|220|267|254|223|195|211|217|199|205|195|177|197|198|144|185|185|170|211|211|218|202|177|150|175|208|190|210|205|216|204|192|231|217|226|201|215|224|210|206|227|249|215|156|170|161|166|128|148|109|129|140|128|89|70|74|65|80|63|57|77|58|56|
2012-09-28|6|1_CTs|CT17||16|13|16|7|13|7|8|7|5|2|6|5|4|6|7|3|6|3|4|6|2|2|4|4|4|9|6|8|13|24|26|70|76|82|86|84|92|89|80|81|79|71|65|60|89|71|82|79|74|85|90|69|63|79|76|85|71|79|91|85|83|96|82|96|81|96|92|100|104|107|129|104|119|101|102|92|100|101|95|89|66|86|55|51|34|42|55|28|34|34|36|29|36|41|31|18|
2012-09-28|6|1_CTs|CT18||55|54|50|41|38|28|36|21|24|17|16|23|19|21|19|31|16|19|19|22|18|26|25|23|43|41|58|67|95|126|168|242|315|341|286|330|313|247|288|275|258|248|256|255|264|226|265|230|241|244|230|300|231|290|226|255|245|234|285|236|282|290|269|259|269|295|305|313|282|326|344|318|333|345|325|333|315|266|256|226|240|213|177|188|178|150|152|112|103|112|120|93|98|119|102|86|
2012-09-28|6|1_CTs|CT19||42|40|32|27|23|15|16|19|14|14|11|11|10|6|4|7|8|7|8|16|8|9|14|5|4|11|13|18|29|49|52|105|184|163|148|180|178|163|134|167|117|113|138|128|149|138|155|141|133|173|184|149|165|145|138|137|140|125|153|164|148|160|173|161|178|164|190|190|192|250|241|257|277|252|279|250|245|221|191|166|168|157|120|95|90|76|91|66|67|50|62|59|69|54|45|56|
2012-09-28|6|1_CTs|CT20||8|22|20|8|15|9|16|3|3|11|3|3|5|8|3|5|7|2|13|8|6|11|12|15|19|26|20|33|29|48|66|94|144|167|164|168|146|143|142|137|13|131|138|16|105|105|25|139|124|74|60|29|121|71|122|12|48|106|60|88|8|116|140|150|120|124|162|142|126|169|145|77|156|165|143|100|90|107|93|20|100|102|91|75|42|76|59|43|47|66|66|55|49|49|46|45|
2012-09-28|6|1_CTs|CT21||63|62|34|25|34|24|15|18|18|26|17|19|17|17|16|14|22|11|30|33|37|38|35|57|56|65|66|94|131|197|276|303|325|307|334|289|317|306|313|302|317|291|294|243|239|239|213|247|212|252|220|292|207|243|224|254|260|279|282|307|279|328|307|290|333|314|305|323|301|304|304|259|263|247|261|213|254|195|241|184|182|188|199|147|123|133|112|105|108|127|119|151|141|110|107|97|
2012-09-28|6|1_CTs|CT22||117|114|84|60|58|63|48|33|50|39|27|42|36|30|31|18|37|29|41|40|52|61|61|64|65|62|94|106|124|123|170|201|236|255|304|284|258|263|302|247|245|230|254|249|274|256|260|268|263|296|280|333|249|285|282|237|268|302|295|285|282|269|318|284|326|299|339|383|380|369|418|403|371|398|419|398|403|361|361|307|325|292|245|214|186|196|188|154|166|148|154|172|167|141|122|121|
2012-09-28|6|1_CTs|CT23||88|82|64|47|41|50|35|31|33|40|39|40|42|44|23|40|29|31|39|44|42|31|45|51|51|61|68|90|119|175|234|321|339|349|379|359|315|365|370|318|272|273|246|254|239|260|251|245|228|259|260|260|274|265|247|279|279|296|330|313|314|354|317|315|341|376|317|353|357|368|338|332|326|363|331|326|319|293|311|257|266|241|204|196|157|163|154|130|114|131|157|156|148|125|111|92|
2012-09-28|6|1_CTs|CT24||94|77|73|62|48|56|42|22|32|25|39|26|31|29|39|28|34|33|27|31|42|33|36|32|55|43|70|91|108|149|181|240|281|335|309|342|329|322|296|298|264|301|247|270|302|265|269|260|304|295|262|278|281|268|256|252|254|310|257|245|324|316|318|300|342|333|327|338|349|364|382|394|395|401|392|363|401|396|305|377|345|325|292|205|187|193|125|134|121|136|140|141|136|126|123|131|
