2011-07-28|3|1_CTs|ct1||70|50|59|48|51|38|28|13|9|9|29|9|10|5|11|7|6|6|4|8|8|5|18|23|16|20|25|42|45|84|131|148|183|204|225|222|205|223|238|214|207|196|216|179|182|178|184|161|189|186|193|206|189|168|133|182|174|205|183|211|207|215|203|200|181|183|189|221|190|197|196|175|195|211|198|223|200|193|217|196|199|219|203|176|157|147|129|135|109|117|90|85|79|86|83|70|
2011-07-28|3|1_CTs|ct3||175|143|149|131|120|93|83|54|34|48|39|28|26|32|27|41|20|25|22|29|43|34|66|94|71|69|106|140|141|181|287|379|411|447|463|465|479|519|480|540|488|444|449|484|464|406|448|416|392|411|408|461|397|373|343|383|437|424|428|457|437|453|441|416|411|417|383|389|358|348|419|366|345|358|338|392|316|339|371|354|398|459|420|454|397|389|301|296|265|271|241|221|234|214|232|223|
2011-07-28|3|1_CTs|ct5||184|138|156|152|96|88|64|63|80|59|58|56|54|50|31|43|22|44|35|58|55|29|50|49|65|91|82|136|127|153|185|271|280|335|321|362|340|333|390|333|359|348|418|287|358|318|344|289|317|329|310|378|331|335|303|322|338|332|374|306|378|353|304|381|317|320|353|356|315|329|330|342|398|369|424|398|371|359|352|332|356|362|330|261|292|285|243|225|212|227|227|197|248|207|192|177|
2011-07-28|3|1_CTs|ct6||156|122|106|85|80|76|65|56|40|47|29|34|24|15|30|26|15|24|35|9|19|15|12|20|20|20|27|26|46|74|71|100|150|167|240|214|207|187|224|175|175|166|179|214|173|184|197|218|202|196|201|225|230|193|183|172|168|216|208|213|214|226|221|218|238|244|225|251|285|242|272|263|258|279|272|253|219|272|256|235|247|237|190|197|176|164|153|104|144|150|118|128|138|132|139|168|
2011-07-28|3|1_CTs|ct7||192|163|152|94|97|88|70|72|55|65|50|45|31|40|33|19|17|18|25|19|20|18|20|38|20|24|33|32|47|65|71|82|114|141|167|177|188|174|180|176|168|153|185|197|151|193|181|206|189|204|203|199|200|170|172|153|175|185|191|224|190|211|232|230|235|243|209|187|239|211|201|197|233|200|174|174|210|222|182|192|192|162|168|158|170|133|124|129|135|128|122|146|159|176|203|252|
2011-07-28|3|1_CTs|ct9||93|102|121|106|96|79|95|67|49|59|57|59|43|53|52|38|43|31|40|45|26|24|36|39|38|39|67|52|62|91|82|135|138|160|192|216|195|196|190|184|194|171|152|171|148|125|148|179|157|160|145|159|137|129|128|139|135|175|169|170|170|158|157|163|165|173|178|154|201|166|149|170|181|163|153|158|176|197|189|170|156|160|136|123|128|103|102|104|120|95|116|101|127|102|109|114|
2011-07-28|3|1_CTs|ct10||90|82|91|52|77|59|47|60|51|57|53|45|38|32|36|44|39|26|29|37|39|25|30|32|35|23|27|30|36|27|57|79|85|95|105|137|127|126|134|153|128|120|132|108|133|127|127|143|120|142|130|121|115|123|100|95|127|108|132|133|135|137|152|124|146|129|130|152|143|128|139|149|151|146|151|119|123|119|125|118|150|119|99|103|101|98|84|79|84|81|87|91|88|74|105|102|
2011-07-28|3|1_CTs|CT11||30|45|28|28|19|31|26|19|22|16|15|14|17|17|20|14|18|15|16|7|14|10|13|14|14|16|16|23|23|37|46|44|34|53|52|54|53|57|47|60|65|50|51|47|61|53|55|57|55|61|50|61|64|57|52|62|40|52|56|38|59|65|49|52|52|46|60|40|62|55|55|51|57|57|66|49|48|59|52|49|44|60|44|46|37|48|44|36|47|42|35|31|35|29|25|31|
2011-07-28|3|1_CTs|CT12||30|36|35|16|25|23|17|33|21|31|24|34|19|14|19|29|23|21|16|18|19|20|22|20|24|13|14|9|15|16|20|20|17|16|26|27|35|29|34|45|37|31|54|40|43|40|41|50|48|50|42|50|38|42|43|34|43|37|36|41|47|42|52|30|37|45|45|49|43|35|52|48|44|38|40|34|42|39|39|43|41|42|34|43|38|35|27|28|26|26|29|40|27|21|39|32|
2011-07-28|3|1_CTs|CT16||19|21|21|19|13|18|20|16|11|13|13|10|17|7|10|18|6|7|10|7|4|4|6|5|8|2|8|11|15|13|15|21|20|29|35|37|32|35|34|38|30|31|30|41|30|32|38|24|31|33|26|35|26|27|27|18|28|38|27|25|39|34|45|29|32|37|39|38|38|42|37|31|36|42|37|38|32|31|35|35|37|30|33|23|26|17|26|19|21|23|15|17|19|24|23|30|
2011-07-28|3|1_CTs|ct17||110|95|90|80|61|61|60|41|53|45|31|32|32|25|39|29|29|18|44|31|44|25|33|37|67|41|64|62|66|70|129|154|224|234|299|351|351|289|324|274|261|248|256|240|248|244|271|240|274|257|219|228|207|214|190|195|208|235|195|283|244|239|253|254|233|239|262|266|234|227|202|223|255|243|247|229|238|213|218|232|228|212|209|185|168|151|130|123|141|138|137|131|156|146|150|125|
2011-07-28|3|1_CTs|ct18||117|116|130|91|96|74|81|82|63|70|58|47|53|41|50|48|49|33|45|43|50|34|42|43|53|43|46|55|63|61|117|136|141|177|215|222|200|199|197|229|217|189|180|166|174|180|185|221|173|190|173|174|163|172|148|144|189|162|103|204|181|196|188|186|205|190|194|197|201|162|170|176|189|179|202|195|167|152|165|168|193|186|151|159|141|140|131|118|123|118|128|125|133|125|149|155|
2011-07-28|3|1_CTs|ct19||2|3|0|1|0|0|0|0|0|0|0|0|0|0|0|0|0|0|0|0|0|0|2|3|1|9|4|5|7|5|4|9|9|5|6|8|5|8|7|3|7|5|8|4|7|6|8|7|7|4|5|8|6|5|7|5|6|2|7|3|4|5|7|7|9|7|7|7|4|5|9|8|7|9|10|5|9|6|6|7|6|8|5|3|7|6|3|5|2|5|4|1|2|6|0|2|
2011-07-28|3|1_CTs|ct20||0|0|0|0|0|0|0|0|0|0|0|0|0|0|0|0|0|0|0|0|0|0|0|0|0|0|0|0|0|0|0|0|0|0|0|0|0|0|0|0|0|0|0|0|0|0|0|0|0|0|0|0|0|0|0|0|0|0|0|0|0|0|0|0|0|0|43|144|125|154|142|132|153|160|171|161|136|161|154|143|144|164|166|149|137|143|122|116|92|79|90|100|89|85|73|91|
2011-07-28|3|1_CTs|ct22||3|3|1|4|2|6|1|3|2|1|2|1|0|1|2|3|0|1|2|1|4|0|1|3|8|2|3|3|6|12|10|8|11|13|23|17|19|22|27|19|23|30|23|24|28|26|27|23|21|23|36|39|21|15|19|22|16|16|23|24|25|18|30|16|34|26|30|41|39|35|28|28|49|38|32|40|41|33|25|30|24|18|23|17|15|22|9|10|9|7|11|5|6|8|4|10|
2011-07-28|3|1_CTs|CT23||114|88|66|54|57|38|39|24|18|17|24|16|22|13|22|13|12|5|12|17|14|5|12|9|17|23|25|30|41|79|109|121|162|197|236|264|223|244|213|187|248|161|168|169|204|199|218|202|208|231|253|246|244|209|169|203|214|235|245|225|204|255|229|226|262|261|302|311|320|345|377|329|371|371|377|378|358|382|361|352|347|257|245|254|214|157|172|157|144|163|119|99|120|90|108|86|
2011-07-28|3|1_CTs|ct24||250|198|190|170|139|127|76|81|68|56|49|51|47|54|31|33|26|36|45|55|55|53|85|105|120|192|290|488|581|757|934|927|958|842|913|865|882|835|921|960|928|902|904|822|853|803|786|724|733|716|755|866|798|756|673|726|750|798|860|865|743|843|791|718|707|712|720|760|709|803|787|884|893|896|913|964|828|834|854|837|725|734|727|679|612|573|471|422|383|331|449|411|379|358|329|310|
