2012-09-24|6|1_CTs|CT1||1|1|0|1|1|0|0|0|1|0|0|0|1|0|0|1|0|3|0|2|1|0|2|3|3|4|5|2|3|2|2|15|59|20|15|3|11|17|6|2|4|12|6|2|7|4|8|5|3|4|2|7|6|10|7|2|8|8|4|1|5|5|3|5|6|2|7|5|9|8|8|5|3|8|4|2|7|7|3|3|2|1|2|2|0|2|3|0|0|3|6|33|8|0|1|1|
2012-09-24|6|1_CTs|CT3||22|21|17|10|11|11|8|6|5|3|3|1|6|2|0|3|9|7|17|20|21|27|31|45|47|34|43|43|51|68|55|93|102|115|114|143|130|106|113|89|86|59|76|62|50|66|57|51|55|53|64|57|60|49|44|45|46|62|54|46|53|48|41|62|47|47|57|69|65|54|81|62|62|89|76|79|52|61|55|56|42|27|39|29|32|21|13|11|20|23|20|29|17|23|22|27|
2012-09-24|6|1_CTs|CT4||3|5|1|6|2|4|0|2|3|0|0|0|1|0|1|0|0|0|0|2|2|1|2|2|1|3|5|5|5|13|16|39|12|30|19|31|8|28|16|30|21|21|31|34|21|24|32|29|27|28|29|35|42|38|25|35|29|7|32|30|34|25|28|26|40|43|55|50|48|40|39|39|42|46|54|53|38|25|46|41|36|23|11|25|18|20|8|22|14|10|15|11|11|13|8|4|
2012-09-24|6|1_CTs|CT5||15|9|9|14|10|5|5|5|5|4|1|2|2|1|6|4|3|3|7|3|5|9|5|17|15|9|14|31|18|33|42|46|64|70|63|65|69|58|68|60|76|70|94|59|68|69|67|70|72|72|75|72|63|65|74|60|79|75|69|70|78|84|66|88|83|56|88|85|67|81|92|89|63|71|58|66|54|50|61|57|56|48|42|37|47|40|34|29|29|34|27|36|30|23|28|19|
2012-09-24|6|1_CTs|CT6||17|14|10|9|9|10|3|3|4|3|3|0|0|2|2|1|2|5|9|2|4|8|10|14|15|21|27|19|37|48|59|103|163|182|124|162|163|117|82|90|80|85|58|91|76|79|72|70|66|87|67|64|80|116|97|94|113|108|120|98|104|115|104|96|102|118|116|113|139|154|127|129|124|126|152|103|112|101|105|93|86|103|67|83|51|55|47|58|43|58|72|43|45|33|23|21|
2012-09-24|6|1_CTs|CT7||3|4|3|5|3|3|1|1|2|0|0|1|0|1|0|0|0|2|2|1|1|2|0|5|2|6|4|6|10|9|20|20|40|27|39|37|39|36|24|38|33|33|22|29|20|27|19|21|16|21|21|24|26|27|23|22|13|25|23|38|21|29|20|24|18|23|26|23|27|45|30|35|31|20|28|24|16|21|23|12|13|14|13|11|7|5|8|8|14|5|11|4|2|1|3|6|
2012-09-24|6|1_CTs|CT8||41|35|21|13|6|12|14|9|7|8|6|8|14|7|2|5|2|5|7|4|7|12|22|28|24|27|33|56|79|109|160|163|174|145|137|122|128|129|137|160|144|141|131|117|127|122|130|128|118|127|137|124|142|118|136|141|158|148|161|144|143|161|140|157|146|155|165|162|169|175|187|171|200|220|180|179|174|191|144|163|150|125|118|94|71|81|91|76|70|69|70|83|71|56|62|41|
2012-09-24|6|1_CTs|CT9||32|30|32|20|22|18|10|15|7|7|10|7|8|5|3|4|5|1|8|8|10|15|25|28|48|37|51|67|87|145|193|262|298|375|370|396|388|373|334|300|294|243|215|224|172|174|194|211|172|186|211|200|202|186|176|221|207|194|208|209|203|208|222|197|228|242|231|254|265|312|315|365|364|349|381|381|322|377|360|353|270|147|162|114|100|99|95|97|95|89|133|178|190|159|61|48|
2012-09-24|6|1_CTs|CT10||26|28|23|16|18|14|6|7|7|6|4|4|1|2|3|3|3|7|0|2|7|9|16|23|19|30|34|41|49|76|92|148|201|175|188|238|225|207|192|163|152|148|119|133|149|132|139|141|139|131|153|136|139|161|146|126|144|148|144|174|155|128|155|165|169|188|190|196|207|216|200|221|225|251|223|207|195|188|156|196|172|150|96|95|88|71|58|48|53|82|137|74|55|39|45|40|
2012-09-24|6|1_CTs|CT11||36|20|24|9|17|11|15|5|6|9|9|7|3|2|6|7|5|5|5|5|9|15|19|30|32|24|52|66|85|138|237|338|330|363|340|306|352|332|280|240|233|181|214|168|162|161|164|171|187|181|172|207|207|193|161|179|189|203|218|179|219|181|192|183|185|214|218|236|216|254|214|232|229|241|186|175|164|150|168|172|151|127|95|80|108|65|78|61|56|104|140|191|168|132|56|45|
2012-09-24|6|1_CTs|CT12||24|18|22|18|17|17|13|6|10|7|8|4|3|2|4|6|4|4|1|5|10|13|18|23|21|28|44|44|62|81|125|197|278|300|268|291|304|268|237|199|148|152|158|166|155|149|154|166|155|156|160|167|172|176|166|159|163|183|185|190|204|192|174|219|180|227|244|253|268|305|289|299|280|310|287|285|252|270|211|227|186|168|100|114|104|63|78|68|57|94|142|89|59|41|44|49|
2012-09-24|6|1_CTs|CT13||24|25|27|11|11|14|6|8|6|2|2|4|4|3|3|2|3|5|7|7|8|18|20|31|59|43|51|83|53|45|36|48|65|80|76|90|68|69|64|66|63|64|41|46|40|32|92|114|111|81|174|251|249|315|108|292|249|266|319|257|220|309|235|164|244|241|231|243|232|110|219|331|407|373|482|338|269|425|221|390|440|231|160|78|24|20|16|30|51|285|198|110|197|153|243|346|
2012-09-24|6|1_CTs|CT14||22|8|20|13|11|9|4|6|9|5|5|2|5|6|6|2|5|2|2|1|8|8|14|21|9|21|30|23|38|40|51|66|88|109|102|120|113|116|102|84|98|74|88|91|88|101|74|107|103|113|106|93|100|110|94|83|98|100|116|120|118|121|107|115|105|123|156|136|176|150|170|148|167|170|170|138|144|163|121|135|143|110|72|61|67|60|56|37|40|63|122|62|31|41|29|24|
2012-09-24|6|1_CTs|CT15||13|17|11|14|10|4|7|3|4|0|3|3|3|2|2|2|3|5|7|6|8|11|12|24|26|22|21|39|43|62|92|151|181|186|218|206|162|180|166|145|128|131|86|75|71|75|78|80|80|71|88|67|89|76|70|85|68|91|90|80|68|84|80|74|81|81|81|95|97|112|115|168|184|180|158|174|177|207|182|156|111|50|44|38|31|33|31|21|23|21|27|30|12|23|23|16|
2012-09-24|6|1_CTs|CT16||43|35|23|22|20|16|10|8|7|3|4|6|2|3|6|2|6|7|6|3|8|11|10|30|22|30|39|49|62|91|141|232|312|238|216|231|273|288|240|234|185|186|153|173|151|173|173|159|148|160|185|178|188|207|176|139|148|181|195|214|197|206|180|178|190|213|192|219|194|232|223|224|215|252|207|163|174|174|158|176|147|144|101|96|96|76|73|55|67|83|121|99|69|56|46|51|
2012-09-24|6|1_CTs|CT17||12|7|7|10|9|3|6|1|6|3|3|3|5|1|0|4|1|2|0|0|3|0|5|3|3|6|7|15|14|25|34|59|61|97|80|98|79|94|77|61|68|54|75|72|69|56|67|63|63|73|63|85|69|63|60|87|72|64|84|100|82|75|78|98|78|103|103|95|87|89|90|120|75|99|107|113|107|107|82|90|80|77|61|56|38|38|33|37|34|34|45|29|34|21|23|16|
2012-09-24|6|1_CTs|CT18||45|25|38|26|17|19|17|16|11|8|3|8|7|5|10|6|10|10|12|8|9|17|17|37|34|32|46|67|75|118|173|237|280|342|282|299|300|299|276|240|242|245|247|221|211|224|195|228|213|221|218|241|224|253|241|191|236|227|222|229|229|275|238|262|278|257|277|280|263|271|297|298|253|317|317|309|277|234|220|210|192|186|150|131|141|116|107|97|103|112|122|142|97|73|86|64|
2012-09-24|6|1_CTs|CT19||34|16|16|17|13|22|8|13|8|6|5|6|5|2|3|7|3|5|5|3|4|2|10|5|6|9|14|20|32|46|54|107|211|170|122|179|183|149|116|115|133|128|132|137|105|124|128|122|109|141|128|117|139|141|101|131|119|132|150|140|146|138|132|162|126|191|157|205|184|185|228|241|198|227|248|221|196|195|184|153|165|122|90|86|69|65|67|55|64|65|62|47|71|51|21|42|
2012-09-24|6|1_CTs|CT20||9|9|15|11|10|4|12|7|2|7|6|3|4|4|1|1|1|6|3|8|7|9|8|17|21|16|21|24|21|49|56|80|145|150|62|124|163|21|121|128|115|72|85|120|31|93|115|44|74|95|20|80|5|123|73|39|73|50|148|50|46|11|121|141|86|47|96|51|146|138|10|142|142|174|76|150|110|124|120|101|84|81|6|66|66|47|50|41|45|52|61|43|35|26|25|31|
2012-09-24|6|1_CTs|CT21||75|79|54|38|30|29|26|19|16|6|10|10|8|6|4|8|13|13|18|28|19|37|35|55|46|59|55|97|129|193|289|325|340|364|342|304|343|340|315|325|315|295|251|242|212|208|202|197|213|213|253|222|212|216|230|194|216|256|217|255|233|256|248|239|222|264|260|244|241|240|270|271|283|313|280|304|295|249|244|230|214|188|139|125|106|104|104|75|85|113|107|105|74|74|73|64|
2012-09-24|6|1_CTs|CT22||71|65|60|68|43|33|34|41|17|14|14|15|16|14|18|14|19|20|31|42|55|43|58|78|64|62|85|105|98|124|157|193|272|282|350|343|284|304|275|277|283|273|263|253|229|262|266|248|239|278|241|254|290|261|256|221|268|262|275|316|284|289|283|264|286|330|323|360|359|374|358|356|371|397|360|356|331|344|302|298|227|249|208|202|166|146|121|111|125|118|131|129|107|108|78|83|
2012-09-24|6|1_CTs|CT23||59|44|45|23|20|20|13|16|16|14|14|12|10|12|6|7|6|14|14|11|14|17|37|39|44|47|52|90|108|160|247|239|205|172|169|169|181|225|234|214|180|217|248|131|113|158|222|214|252|200|219|205|164|201|182|187|170|180|179|149|189|174|210|216|203|257|274|304|282|304|316|301|326|390|362|338|312|312|284|305|266|216|171|160|140|125|117|110|115|129|105|113|116|82|64|77|
2012-09-24|6|1_CTs|CT24||70|62|35|31|25|29|18|14|11|12|16|8|5|6|8|11|6|18|12|16|24|21|35|38|54|44|62|90|100|154|172|210|277|351|264|328|337|317|286|277|291|260|266|301|242|272|259|235|267|242|225|264|280|265|231|210|205|285|280|298|281|313|288|305|295|314|299|338|349|358|352|420|384|409|436|412|391|375|340|320|316|238|200|194|152|126|111|125|95|130|160|123|113|105|94|86|
