2013-04-09|22|1_CTs|CT1||15|7|14|9|4|2|6|3|0|8|3|3|2|4|4|7|2|4|8|6|10|5|16|25|19|18|30|30|35|55|84|129|189|198|204|209|161|137|132|124|84|76|95|69|71|86|64|74|67|72|70|87|92|83|80|82|87|81|84|71|53|76|76|72|80|83|87|108|75|114|81|101|80|111|86|76|75|80|70|73|55|45|40|53|27|32|28|21|25|25|30|23|24|20|20|12|
2013-04-09|22|1_CTs|CT2||16|13|17|12|17|16|5|10|5|7|3|3|3|6|3|9|1|2|9|2|7|5|12|11|23|24|23|42|43|68|91|140|187|220|213|229|202|185|164|159|139|151|144|103|95|98|101|126|115|112|98|119|118|129|103|132|109|121|109|103|113|110|122|126|134|150|131|151|157|181|206|176|163|173|181|144|144|140|114|112|114|94|66|72|61|41|38|53|37|42|29|25|31|27|32|30|
2013-04-09|22|1_CTs|CT3||47|32|37|24|16|22|13|7|15|12|4|6|3|15|9|11|3|6|8|7|13|8|22|29|32|39|43|65|74|123|169|278|345|378|398|403|392|340|303|261|222|218|180|202|171|162|185|187|172|189|181|192|200|214|184|224|206|208|207|208|230|227|229|212|226|234|235|259|249|284|303|312|262|254|270|243|239|248|180|172|189|175|123|133|130|97|83|98|96|98|78|82|63|66|71|46|
2013-04-09|22|1_CTs|CT4||24|26|24|16|16|13|9|10|7|7|8|3|7|5|2|4|3|2|7|2|8|16|13|22|31|24|34|37|43|76|78|125|180|178|174|200|199|204|200|158|172|142|146|131|155|154|117|140|143|141|150|132|149|125|122|155|152|147|131|134|145|161|142|154|150|181|201|178|196|208|190|203|229|203|238|194|195|172|180|174|151|166|133|103|95|78|82|72|66|65|63|53|44|47|39|35|
2013-04-09|22|1_CTs|CT5||31|26|13|17|26|13|3|13|9|9|9|7|9|5|6|7|2|7|5|6|10|14|17|17|36|26|26|44|50|81|92|169|246|317|262|300|311|307|242|210|189|157|170|172|186|183|157|153|163|169|165|192|176|186|175|183|180|193|179|174|184|200|167|212|209|238|264|266|264|266|281|242|271|260|282|267|236|221|216|197|177|161|142|124|114|95|93|91|85|74|69|68|49|52|43|39|
2013-04-09|22|1_CTs|CT6||14|22|24|14|16|9|6|6|6|6|6|5|4|3|3|9|2|1|6|7|8|11|17|15|27|22|20|25|38|40|56|66|89|109|109|125|130|122|86|91|95|78|80|101|75|99|92|80|123|93|98|92|121|107|81|84|84|84|129|88|84|108|110|123|132|133|172|134|132|134|134|154|142|178|162|161|159|154|125|113|106|110|82|70|60|72|60|53|50|52|46|47|37|39|33|26|
2013-04-09|22|1_CTs|CT7||4|3|5|4|1|1|1|2|0|4|0|1|2|0|1|1|0|1|4|2|1|0|1|2|5|3|4|10|9|11|15|24|29|42|48|44|49|37|32|33|14|27|25|20|13|28|19|27|22|22|23|20|25|34|18|19|23|24|26|20|18|18|22|27|24|33|25|28|34|39|30|25|23|44|36|27|25|29|26|22|21|14|14|19|11|10|7|9|7|8|7|12|7|4|6|7|
2013-04-09|22|1_CTs|CT8||26|13|11|2|7|10|5|4|7|2|2|1|0|6|5|2|0|3|0|2|2|0|5|0|7|4|4|11|13|34|42|60|81|110|97|101|89|76|81|90|79|80|71|65|63|64|86|78|80|68|66|73|68|74|57|50|70|70|84|73|87|80|71|83|88|96|93|116|86|116|81|101|108|77|93|94|108|105|72|87|82|68|66|62|59|29|41|48|41|36|37|30|26|25|27|27|
2013-04-09|22|1_CTs|CT9||24|22|20|10|14|9|2|7|10|1|10|3|5|6|9|8|5|8|11|8|9|14|13|31|32|32|53|75|85|136|197|334|360|337|382|366|342|343|322|273|248|204|195|203|184|169|173|147|173|170|189|204|186|200|199|199|190|225|190|228|198|191|206|177|207|229|242|235|217|244|253|245|201|198|216|189|174|142|162|128|138|127|119|108|94|85|69|91|79|69|39|26|55|53|45|31|
2013-04-09|22|1_CTs|CT10||0|1|1|1|1|0|0|1|0|1|2|1|1|4|1|1|0|1|0|2|1|2|1|4|4|8|8|3|4|4|11|21|74|40|16|18|23|12|8|10|8|1|3|7|6|5|2|6|6|6|9|4|7|5|1|8|5|4|4|6|7|6|8|7|6|5|6|3|4|4|8|8|5|3|3|5|4|1|4|2|3|1|0|1|8|3|2|2|0|1|7|14|12|1|0|1|
