2016-12-18|3|1_CTs|ct3||421|399|103|634|356|339|340|320|241|143|63|45|51|54|38|33|31|40|28|30|32|288|23|32|39|49|38|36|56|55|64|38|52|57|83|97|134|375|119|76|113|146|150|431|152|147|137|160|140|154|413|413|196|216|210|214|674|424|197|207|443|182|199|432|179|416|410|139|151|158|392|114|352|80|104|64|83|108|348|116|107|140|152|140|651|123|387|114|371|111|132|129|115|349|76|76|
2016-12-18|3|1_CTs|ct5||276|244|243|512|657|175|136|648|103|105|86|69|74|67|55|73|280|35|44|33|299|33|29|33|32|32|33|36|33|299|50|79|50|334|63|70|347|336|93|101|359|105|146|116|132|631|191|480|471|187|212|205|226|448|206|186|193|190|174|165|450|473|469|199|200|261|252|494|531|237|261|476|723|228|250|456|286|231|249|769|293|271|492|316|492|214|159|452|182|147|195|179|157|204|162|139|
2016-12-18|3|1_CTs|ct6||278|25|279|14|13|12|4|8|10|8|4|2|3|7|3|0|1|2|1|3|1|1|4|4|3|0|2|5|1|3|6|4|6|9|6|5|6|8|8|14|13|10|21|20|21|23|19|28|17|21|20|35|33|33|21|24|290|33|49|42|47|54|54|58|33|40|65|287|51|40|33|35|38|21|25|24|29|26|16|26|53|38|28|22|29|260|24|23|23|19|25|9|20|22|12|6|
2016-12-18|3|1_CTs|ct7||0|0|0|0|123|164|385|119|368|112|98|91|94|339|341|321|317|58|307|47|254|273|52|52|36|47|42|43|33|35|41|303|42|41|46|50|71|65|78|78|87|89|347|103|359|379|144|690|157|129|120|115|639|125|136|645|164|382|125|167|374|144|423|160|437|200|366|113|117|168|667|422|178|123|102|87|90|342|90|99|629|116|155|461|181|180|151|143|146|152|147|140|363|373|127|105|
2016-12-18|3|1_CTs|ct8||107|103|111|83|88|101|333|69|313|66|550|49|298|47|291|18|35|18|26|32|242|23|25|14|18|24|17|30|21|17|20|27|25|32|22|29|39|33|43|45|54|49|72|65|63|326|307|622|91|64|68|65|590|327|80|84|93|86|76|85|98|73|354|96|112|124|116|360|368|107|101|364|132|88|85|92|100|375|101|105|353|350|116|137|108|125|99|91|96|333|335|85|91|338|71|52|
2016-12-18|3|1_CTs|ct9||407|155|181|399|470|182|181|116|234|546|98|97|84|81|84|74|72|68|75|64|65|59|302|41|47|567|70|54|48|40|101|116|68|71|89|196|340|233|401|381|511|490|2841|710|373|1189|2442|3269|2416|2354|2596|679|200|161|342|230|318|236|751|859|245|154|826|1686|134|188|537|687|669|488|895|730|927|664|285|198|196|421|192|168|162|137|122|105|96|93|85|86|94|356|104|98|114|140|125|84|
2016-12-18|3|1_CTs|ct10||128|123|116|102|105|106|108|103|109|100|108|108|120|105|88|94|101|93|72|94|61|63|72|56|63|61|42|41|60|41|42|32|42|35|33|30|39|44|40|52|67|61|75|85|55|76|71|82|89|85|96|103|97|102|115|104|100|98|87|109|105|121|112|133|126|123|138|147|163|134|163|150|136|142|164|138|129|150|112|106|120|131|122|88|83|94|73|76|64|73|71|89|85|61|75|72|
2016-12-18|3|1_CTs|ct13||694|277|1360|2400|2954|2755|1248|1708|421|1786|1653|3559|924|2502|3706|1020|733|1146|1125|2396|1406|1281|3297|2082|222|2272|1274|525|392|98|999|969|1347|824|270|103|310|1548|178|180|637|736|769|699|548|225|246|575|260|713|244|618|562|472|245|444|1141|849|1303|1090|1793|775|221|500|240|162|219|144|403|378|197|256|596|494|224|312|498|210|566|279|484|232|273|227|773|231|428|214|213|180|217|202|734|213|154|192|
2016-12-18|3|1_CTs|CT16||158|172|182|146|132|153|376|95|128|113|96|110|93|335|96|74|73|77|66|61|75|58|45|63|40|67|49|65|42|40|331|60|51|49|59|48|76|320|84|70|111|85|360|80|88|362|93|145|116|106|364|381|144|151|387|145|183|120|162|196|149|136|159|416|194|224|213|253|193|235|457|230|221|212|456|227|251|191|227|237|188|152|165|145|112|82|85|105|111|119|118|97|360|90|97|97|
2016-12-18|3|1_CTs|ct22||7|13|9|15|8|3|4|4|2|2|0|1|1|4|2|5|2|1|242|3|1|2|0|2|2|258|0|0|6|2|3|3|5|1|5|6|8|2|2|3|5|8|2|7|10|7|8|4|4|2|8|4|8|10|10|6|7|3|5|9|13|10|2|1|12|15|10|7|14|16|13|10|7|16|16|12|0|10|16|13|14|11|5|5|9|8|7|8|7|7|9|8|262|4|5|1|
2016-12-18|3|1_CTs|CT23||711|764|452|588|154|834|596|811|600|650|361|562|1058|357|764|330|378|201|695|509|532|542|485|1187|1037|1335|1089|655|1147|1340|870|1205|1190|963|1301|1416|303|557|51|65|66|74|74|139|65|95|160|1786|600|465|548|121|860|2073|2068|120|466|984|737|270|1047|370|323|297|773|753|373|460|389|1105|1118|797|744|174|465|268|542|357|286|288|865|855|1406|1332|724|967|440|466|207|2118|2185|2548|1084|586|997|1291|
2016-12-18|3|1_CTs|ct24||127|129|133|97|369|345|67|72|152|188|42|34|32|38|35|47|22|23|20|26|22|23|389|184|22|47|320|71|68|101|379|125|74|76|127|398|182|215|734|300|740|335|560|549|269|542|280|266|275|617|358|329|645|396|420|331|591|637|667|743|721|506|557|540|720|554|557|792|775|1061|773|800|554|553|462|414|1143|368|289|585|251|503|223|192|426|161|158|162|132|119|127|137|380|113|104|70|
