2011-09-22|2|1_CTs|ct1||49|31|27|29|15|17|17|11|10|6|8|6|3|12|6|5|6|9|13|15|15|17|17|21|16|33|28|48|52|75|102|110|95|103|113|125|111|120|97|115|122|146|139|127|133|136|149|156|122|128|134|128|135|102|97|123|131|141|128|123|138|138|156|140|120|110|128|123|128|116|110|118|117|134|134|123|107|115|131|121|152|121|112|128|118|108|98|102|82|79|72|84|69|64|64|68|
2011-09-22|2|1_CTs|ct2||27|15|13|13|5|6|2|8|4|4|2|1|5|3|2|1|4|3|10|0|5|13|4|12|16|16|18|12|22|21|24|34|25|33|40|47|42|59|62|66|57|56|71|70|67|76|74|84|65|57|56|69|68|55|58|60|61|56|76|68|70|73|81|61|72|60|67|57|66|56|52|60|57|55|57|84|51|50|52|68|80|52|73|77|50|50|40|40|37|30|39|38|35|28|25|38|
2011-09-22|2|1_CTs|ct3||107|71|61|87|42|43|40|29|28|27|22|21|19|24|15|17|18|18|33|27|22|36|32|41|43|50|49|76|91|103|141|144|150|139|135|167|189|190|187|188|193|198|192|238|212|221|222|255|204|238|196|218|209|173|173|199|213|213|234|206|214|217|234|197|257|206|195|195|218|199|195|204|208|226|211|221|190|186|205|214|225|205|199|208|189|188|158|154|161|146|140|149|147|124|123|132|
2011-09-22|2|1_CTs|ct4||52|46|46|29|31|27|24|21|13|18|20|15|15|9|14|5|10|12|12|4|14|9|19|25|27|31|32|34|38|54|79|96|117|117|134|116|127|129|146|136|133|133|125|141|135|141|138|135|141|143|145|133|142|100|113|125|125|115|137|141|131|136|145|127|124|145|114|140|125|142|127|102|104|114|137|123|117|111|142|132|128|130|133|109|103|91|82|90|74|71|74|75|79|74|96|78|
2011-09-22|2|1_CTs|ct5||115|82|73|82|55|44|40|34|29|28|26|23|16|14|8|10|15|11|14|15|19|14|22|21|25|37|33|49|48|77|103|127|169|164|183|182|200|185|199|194|171|206|195|202|213|236|217|219|214|231|215|210|201|144|185|189|185|188|225|241|205|239|232|220|216|251|205|231|212|235|225|205|196|208|211|208|209|205|212|211|211|200|202|192|181|164|178|151|135|137|131|136|149|139|132|140|
2011-09-22|2|1_CTs|ct6||87|65|65|48|42|30|25|30|22|18|14|19|19|11|15|5|10|9|14|7|17|7|15|18|23|31|19|31|40|39|52|63|87|77|87|95|100|83|99|112|87|100|117|105|125|135|132|135|128|130|137|143|126|114|120|129|127|129|145|134|144|140|148|138|142|147|148|153|134|141|127|149|116|134|131|119|118|125|120|125|136|124|104|115|100|104|105|102|87|97|96|102|96|106|96|179|
2011-09-22|2|1_CTs|ct17||104|74|67|69|47|46|43|30|27|22|25|19|16|26|11|6|16|17|21|20|21|16|30|28|22|41|36|52|78|85|118|136|141|145|141|178|162|165|179|182|183|182|207|201|206|180|182|223|191|210|173|193|198|146|166|176|183|195|186|198|172|213|175|191|212|194|185|207|188|184|178|180|188|221|177|179|230|191|206|195|209|213|199|198|161|155|142|136|149|136|130|120|134|123|119|123|
2011-09-22|2|1_CTs|CT19||57|29|30|21|12|18|20|7|9|16|10|10|9|9|6|2|9|4|5|5|11|6|7|9|11|22|10|21|37|40|73|74|75|70|82|85|74|80|95|102|64|105|116|105|119|102|102|125|128|139|114|111|115|100|95|90|94|93|105|112|117|136|107|101|46|104|123|124|126|133|113|143|143|132|122|122|137|131|111|124|120|111|124|109|98|73|65|80|62|63|55|64|64|68|57|61|
2011-09-22|2|1_CTs|CT20||55|33|44|37|35|30|25|29|29|33|22|15|14|16|14|10|11|7|6|9|9|6|12|10|21|14|17|23|24|33|42|60|86|77|85|93|84|101|98|87|74|82|67|69|63|84|66|72|74|71|77|71|60|40|61|64|70|73|78|80|70|83|74|79|67|69|63|90|68|81|101|86|93|94|67|81|85|81|88|90|109|79|80|67|69|72|52|50|52|44|54|51|66|59|61|62|
2011-09-22|2|1_CTs|CT21||36|16|21|14|18|18|13|15|13|18|10|3|5|6|6|3|4|6|3|2|3|2|5|3|9|9|7|14|13|18|32|50|56|43|50|65|56|63|56|51|44|51|37|32|46|50|39|36|48|48|48|34|36|62|27|36|42|32|44|53|46|51|51|51|47|41|34|49|50|45|45|50|65|58|38|38|67|54|48|56|59|45|45|39|42|42|39|21|32|27|37|23|29|48|31|48|
