2016-08-17|6|1_CTs|CT1||0|4|2|2|0|0|1|2|0|1|0|1|0|2|0|1|0|1|0|1|1|0|2|3|2|1|4|2|2|2|7|14|6|10|6|17|12|4|9|15|7|8|8|3|7|6|9|3|7|5|9|11|6|6|7|12|9|8|9|6|6|4|4|3|4|7|6|1|3|7|3|10|7|7|3|3|0|7|5|6|2|11|13|12|10|3|1|3|3|2|1|2|0|1|1|3|
2016-08-17|6|1_CTs|CT3||13|10|8|3|4|3|2|3|1|2|8|1|6|4|7|3|5|13|11|17|19|25|23|25|23|23|28|32|258|36|52|61|59|56|59|47|59|41|58|45|54|46|52|60|40|44|45|44|47|44|40|48|31|30|42|40|47|46|49|39|40|44|42|40|44|49|41|45|40|49|42|49|39|30|41|42|34|43|18|39|37|31|27|26|16|21|24|10|18|18|15|17|15|10|17|8|
2016-08-17|6|1_CTs|CT4||7|6|2|4|3|5|1|2|1|1|0|2|0|0|0|1|0|1|0|1|1|1|2|0|2|0|3|3|5|4|10|7|16|9|22|13|22|16|22|17|17|21|17|14|15|16|24|17|17|20|21|23|23|17|19|22|23|17|25|26|24|13|281|24|25|24|25|24|28|31|31|35|22|22|27|40|30|24|17|24|19|18|11|16|10|11|15|12|7|8|7|9|11|7|4|4|
2016-08-17|6|1_CTs|CT5||12|15|12|14|9|5|9|12|11|5|5|2|9|7|4|2|7|5|7|5|6|7|5|14|13|7|14|14|21|35|27|33|39|37|49|35|60|51|58|57|53|76|40|65|52|49|60|52|64|58|64|54|40|46|51|51|65|57|59|53|54|55|324|76|59|57|50|67|55|66|55|63|63|70|55|70|63|53|39|54|46|41|26|24|36|42|34|25|20|272|23|21|28|23|20|18|
2016-08-17|6|1_CTs|CT6||11|11|5|11|6|3|2|3|3|2|4|1|1|1|8|3|1|3|3|8|15|6|9|14|11|11|10|25|17|32|50|58|66|74|95|96|110|87|85|98|67|80|79|82|342|70|109|90|320|77|81|77|83|77|76|79|72|82|90|87|89|66|94|92|60|89|50|66|64|81|89|84|96|86|73|333|90|78|72|81|73|59|65|60|51|55|56|297|43|36|42|31|254|28|28|19|
2016-08-17|6|1_CTs|CT7||3|5|4|4|4|4|0|1|1|1|1|2|1|3|5|0|1|0|3|3|0|3|4|2|2|5|4|10|12|13|20|20|27|26|33|32|24|29|25|27|21|19|27|23|21|17|17|22|28|22|12|12|21|12|18|17|21|17|18|19|22|13|16|19|19|14|14|22|20|17|30|12|29|33|27|22|26|22|18|18|12|12|5|6|11|7|6|9|8|8|10|9|8|6|6|4|
2016-08-17|6|1_CTs|CT8||48|33|26|16|17|11|19|12|11|14|12|15|17|12|8|6|10|9|5|7|7|16|16|31|19|27|32|43|47|88|108|143|153|145|173|175|143|152|158|135|135|142|116|126|336|113|113|93|94|130|110|122|123|117|129|104|119|121|129|127|122|139|121|119|97|121|125|131|114|128|133|126|155|173|162|154|126|146|146|121|109|96|75|98|77|64|64|72|69|61|64|48|70|42|59|39|
2016-08-17|6|1_CTs|CT10||15|17|20|18|12|7|7|5|8|4|5|5|6|1|2|4|5|2|6|5|3|7|7|19|13|19|31|29|31|58|57|70|62|82|98|96|128|105|106|94|101|96|99|91|87|109|105|114|100|98|103|94|91|75|92|73|76|97|88|363|87|94|94|102|99|100|109|97|91|119|130|114|122|135|116|131|131|128|108|103|86|92|102|110|60|292|69|49|43|47|38|36|36|32|30|32|
2016-08-17|6|1_CTs|CT11||26|38|15|19|16|3|20|14|8|5|3|7|3|13|3|5|2|5|4|3|7|10|16|29|24|29|37|60|63|108|142|188|163|184|200|205|184|169|169|160|153|152|154|148|160|152|398|139|141|120|149|166|116|122|124|131|146|128|147|130|130|155|128|132|140|139|142|147|140|143|128|138|121|138|140|127|129|132|116|119|124|129|135|132|111|65|59|60|46|41|35|46|35|46|39|40|
2016-08-17|6|1_CTs|CT12||31|30|22|21|15|12|11|7|10|10|5|10|8|3|4|7|5|3|3|7|6|10|15|19|20|25|30|38|41|70|78|324|111|110|146|152|146|136|157|118|123|140|120|132|154|126|145|136|146|129|138|115|128|91|120|116|141|129|142|125|124|130|386|136|124|152|152|140|166|171|152|169|174|186|165|181|171|148|137|137|128|134|145|146|93|58|61|311|315|63|51|177|197|55|47|39|
2016-08-17|6|1_CTs|CT15||22|21|20|10|16|18|12|9|8|7|3|11|9|10|13|3|10|3|10|13|15|18|23|28|26|36|43|46|55|77|70|128|119|119|143|126|119|116|95|112|102|103|81|111|319|333|87|86|98|105|94|91|90|100|76|77|81|90|78|342|78|104|327|333|80|91|103|80|98|103|95|106|96|112|105|95|83|85|87|71|76|60|51|49|52|42|34|51|36|36|35|27|253|40|26|25|
2016-08-17|6|1_CTs|CT16||22|36|21|22|15|11|11|12|11|3|2|7|6|14|6|4|4|7|5|6|7|11|15|23|12|23|36|52|57|84|102|157|137|164|192|181|184|180|170|172|167|168|147|157|405|151|149|158|159|150|149|154|147|121|120|116|128|143|134|135|133|142|391|137|156|128|138|153|132|152|158|134|155|165|162|142|151|141|148|121|117|117|91|88|103|80|61|77|58|62|47|50|46|49|47|36|
2016-08-17|6|1_CTs|CT17||31|35|31|16|19|12|6|9|10|6|13|8|5|5|10|7|9|6|1|11|4|9|9|10|8|9|17|17|28|28|35|45|69|88|86|103|115|96|103|114|83|117|100|118|105|82|104|108|117|99|126|104|90|94|83|96|89|115|92|73|116|101|107|95|100|106|118|111|100|120|91|110|95|110|346|388|124|112|107|94|105|92|61|65|61|55|67|60|65|53|56|51|56|56|28|38|
2016-08-17|6|1_CTs|CT18||34|38|38|30|27|23|19|24|23|13|10|10|12|15|17|7|14|8|19|9|11|15|21|32|23|30|43|50|73|113|121|162|156|183|205|177|212|213|205|197|188|208|187|193|184|418|440|435|189|192|189|208|159|151|166|170|177|191|194|176|191|184|448|201|178|193|188|194|180|200|196|190|181|237|203|463|216|204|167|157|152|165|122|102|125|115|98|94|83|66|66|79|81|72|67|49|
2016-08-17|6|1_CTs|CT19||34|28|17|18|12|15|10|9|9|7|10|3|6|9|11|10|8|6|8|4|3|6|7|3|4|11|272|19|23|19|39|47|63|84|92|94|112|106|111|108|103|119|115|93|92|97|127|107|376|104|117|114|368|100|110|105|99|108|102|113|104|110|99|99|119|120|107|130|134|132|126|147|144|142|137|397|136|117|125|111|112|98|75|83|76|79|64|53|56|54|51|39|42|50|33|36|
2016-08-17|6|1_CTs|CT20||23|11|13|10|16|5|5|5|3|2|2|7|4|4|1|4|6|4|3|6|4|4|10|14|16|14|15|18|26|36|43|66|76|78|83|84|87|86|85|99|79|81|86|106|83|350|92|77|80|108|88|92|81|4|83|341|31|62|17|71|1|52|24|16|4|74|79|85|31|34|93|90|28|54|73|2|328|85|78|48|40|74|64|49|50|51|61|45|293|295|17|11|27|42|18|26|
2016-08-17|6|1_CTs|CT21||64|58|39|41|34|23|21|15|18|18|34|24|17|22|16|10|20|26|29|32|46|40|44|45|51|50|67|92|122|169|224|500|226|287|288|255|246|232|233|188|249|223|188|211|215|220|225|175|195|216|219|184|180|193|174|176|180|203|193|246|211|250|211|184|194|196|209|194|216|212|195|231|224|235|221|218|199|204|187|176|164|150|142|123|123|116|101|132|121|98|106|99|92|75|75|76|
2016-08-17|6|1_CTs|CT23||53|59|41|37|28|21|24|17|21|18|25|12|17|15|16|10|24|16|18|14|24|23|35|42|28|44|52|65|88|133|163|451|220|232|242|258|201|211|239|209|218|203|209|198|166|173|175|179|152|169|189|180|167|171|170|372|171|185|202|180|176|225|198|203|155|195|182|217|214|230|205|214|230|260|249|474|225|223|210|172|156|162|132|153|117|314|96|95|112|297|95|199|208|72|66|49|
