2014-07-13|2|1_CTs|ct1||110|98|97|82|80|78|69|65|50|34|42|38|39|36|38|25|31|38|32|38|26|27|28|32|26|34|35|40|40|42|55|61|49|42|61|59|78|74|90|102|90|79|90|107|105|115|129|138|134|139|108|136|131|128|111|124|101|131|131|140|113|158|139|146|139|138|133|145|125|143|125|146|123|143|132|149|128|157|157|142|126|133|90|89|100|83|55|58|87|65|57|84|97|86|100|68|
2014-07-13|2|1_CTs|ct2||61|62|67|53|50|43|62|28|46|24|40|33|47|25|36|25|25|27|23|30|26|24|17|22|19|16|14|26|14|15|24|22|21|17|15|22|40|31|36|53|38|29|35|48|46|39|56|53|50|49|48|60|49|55|44|49|44|52|54|60|46|57|63|53|43|45|37|50|52|48|52|57|53|70|54|64|53|73|63|76|48|66|39|44|41|42|25|36|46|40|34|44|53|53|57|46|
2014-07-13|2|1_CTs|ct3||129|124|121|119|90|92|92|75|63|57|59|54|55|50|57|38|53|53|52|62|41|26|41|44|24|36|23|32|29|35|39|50|37|45|57|61|88|92|78|107|81|85|91|118|123|127|139|117|144|149|125|127|135|138|105|118|84|135|150|124|118|151|140|130|139|123|152|151|127|135|123|140|136|154|150|146|146|143|151|150|126|124|111|69|115|82|63|74|85|77|62|94|112|95|111|84|
2014-07-13|2|1_CTs|ct4||87|99|79|94|77|87|79|72|60|62|69|50|67|62|52|43|39|38|47|35|39|31|45|48|22|24|27|43|27|35|32|30|27|22|43|44|36|44|42|51|35|54|55|61|72|50|73|70|94|80|87|65|79|77|67|70|81|95|81|82|79|81|74|104|81|78|73|82|64|92|89|88|85|84|98|97|89|90|75|103|75|81|58|59|54|51|53|63|61|43|64|84|81|71|55|57|
2014-07-13|2|1_CTs|ct5||154|170|119|139|121|133|123|128|91|92|94|67|94|78|71|63|57|59|63|51|55|53|57|54|38|33|38|33|27|39|41|49|44|39|46|57|72|86|79|83|63|93|83|102|113|98|119|113|137|131|136|131|125|121|107|113|102|148|144|138|124|126|150|161|150|135|139|130|153|139|127|129|141|133|154|142|151|138|121|140|120|107|91|83|98|79|88|87|83|79|96|132|126|101|84|63|
2014-07-13|2|1_CTs|ct6||41|38|31|30|29|44|40|37|27|21|28|24|38|22|18|22|29|12|22|22|22|14|22|17|19|17|13|14|11|16|8|6|17|11|12|12|20|13|22|20|24|20|19|66|505|517|517|506|445|465|453|180|134|168|114|213|73|108|101|101|102|483|419|38|32|31|28|41|44|31|41|45|34|28|47|50|32|38|35|50|36|42|32|24|29|26|31|25|38|23|34|23|32|33|32|18|
2014-07-13|2|1_CTs|ct17||143|141|154|137|115|121|119|115|90|82|89|69|79|75|81|50|59|78|73|82|52|53|53|76|33|50|30|52|40|39|55|56|53|51|53|79|90|112|89|129|93|95|127|121|139|155|177|158|180|161|144|158|146|149|133|130|106|146|116|181|138|147|170|187|164|170|192|138|169|164|150|163|179|177|143|166|171|171|173|182|153|135|119|89|131|101|79|80|92|91|82|110|115|95|117|98|
2014-07-13|2|1_CTs|CT19||57|64|45|51|60|41|43|29|32|31|29|22|35|32|25|16|14|21|16|12|13|8|15|17|12|11|13|13|18|17|19|22|17|25|22|33|38|44|37|54|40|32|47|52|56|53|57|75|79|70|75|71|58|65|56|45|40|56|41|86|52|66|78|67|78|84|72|66|76|72|64|79|82|118|59|88|99|80|95|85|72|56|53|40|42|41|38|46|33|32|31|58|56|54|44|41|
2014-07-13|2|1_CTs|CT20||70|77|54|58|65|60|73|54|67|51|47|54|68|58|46|46|36|41|33|31|37|27|13|26|17|16|9|16|20|13|15|21|17|25|30|28|30|29|35|43|29|51|45|48|47|49|51|62|62|52|64|55|65|52|54|53|45|49|60|58|52|57|62|58|60|62|72|60|64|63|73|59|61|62|77|68|70|66|79|71|63|76|47|52|37|37|36|31|46|38|43|76|58|56|40|56|
2014-07-13|2|1_CTs|CT21||40|41|24|38|33|25|38|29|38|23|15|25|31|23|14|26|17|20|14|14|12|12|11|15|7|10|6|9|5|4|10|10|8|19|21|17|15|20|21|31|23|40|26|35|40|33|42|57|44|36|40|40|39|34|43|36|39|33|41|40|42|35|42|45|51|33|54|50|40|42|48|52|53|49|56|43|39|45|36|39|31|46|30|28|29|18|23|20|24|22|22|39|39|33|24|23|
