2015-03-18|2|1_CTs|ct1||48|37|33|22|22|14|30|15|10|3|15|3|8|5|6|12|8|10|18|13|257|24|28|36|35|46|65|88|100|137|157|414|172|426|432|448|690|200|186|178|435|225|220|208|188|189|166|445|169|183|947|183|186|150|151|163|180|194|198|714|194|441|193|190|169|180|171|164|161|154|395|421|156|177|414|166|159|179|156|182|182|409|453|425|132|110|83|344|101|346|72|88|329|75|66|64|
2015-03-18|2|1_CTs|ct2||26|28|19|21|18|14|18|13|5|247|11|2|8|5|5|12|5|5|11|7|249|10|15|270|20|22|34|36|47|52|71|78|87|328|90|349|617|107|117|114|86|115|102|78|92|68|74|329|68|79|87|83|73|74|82|79|73|91|102|90|88|344|81|103|71|93|93|73|80|91|303|91|69|328|341|83|73|89|87|355|104|335|111|108|76|45|46|57|44|305|43|57|304|58|43|35|
2015-03-18|2|1_CTs|ct3||58|49|48|28|26|23|28|23|13|8|11|7|8|9|7|13|10|9|12|17|21|29|286|297|806|53|72|300|347|127|153|405|190|434|426|170|433|176|173|201|152|220|190|197|177|179|185|184|153|181|404|168|157|147|145|158|413|174|190|190|437|188|686|456|440|208|164|426|163|414|164|423|432|689|188|158|175|170|143|405|177|393|389|165|135|115|94|623|99|346|88|342|110|91|81|335|
2015-03-18|2|1_CTs|ct4||38|32|27|35|35|33|27|19|13|7|14|13|8|3|11|14|7|12|12|5|11|14|18|19|19|29|37|307|64|63|107|362|139|141|165|147|169|132|143|401|141|120|125|120|382|136|108|111|619|108|368|406|115|360|107|95|118|122|123|362|125|382|142|147|121|375|93|133|119|120|109|110|381|101|112|96|104|96|106|97|345|93|353|63|73|47|66|59|66|65|49|62|86|57|62|52|
2015-03-18|2|1_CTs|ct5||77|75|56|292|52|40|28|28|22|16|18|17|17|7|12|15|12|15|16|9|21|22|20|25|23|27|288|51|92|340|165|409|442|236|209|710|497|481|201|202|227|187|182|173|166|424|406|205|202|182|180|394|267|167|664|172|182|176|180|434|219|204|202|233|482|205|449|459|183|171|163|190|196|145|413|157|171|169|185|427|160|149|420|164|118|95|120|111|118|98|339|356|109|102|102|93|
2015-03-18|2|1_CTs|ct6||18|22|14|11|19|8|8|10|8|2|7|10|6|6|3|6|5|11|8|5|9|3|8|10|9|8|17|28|283|31|58|308|62|324|68|77|323|54|69|64|312|49|306|57|51|60|46|50|43|50|51|55|50|41|36|36|58|53|52|315|62|55|53|56|74|316|56|316|73|50|50|46|55|306|63|52|46|53|49|60|54|41|50|44|43|30|37|34|40|24|25|276|38|31|35|26|
2015-03-18|2|1_CTs|ct17||325|69|60|46|40|33|40|26|17|13|13|8|12|12|5|17|10|15|6|23|22|32|288|302|50|56|326|93|110|125|172|181|232|208|199|421|219|212|471|211|446|216|237|233|229|213|462|226|221|202|464|552|349|185|439|172|205|203|219|475|498|214|208|259|477|215|456|232|229|449|223|229|231|229|503|213|224|200|210|435|214|204|413|420|168|377|115|634|111|350|626|108|361|129|335|100|
2015-03-18|2|1_CTs|CT19||282|26|28|18|13|7|17|5|6|5|8|7|1|2|3|9|7|5|1|8|3|6|9|11|17|267|24|292|33|303|61|327|114|91|108|88|106|351|112|94|283|441|107|126|367|351|90|353|370|86|346|250|170|342|77|77|351|102|129|365|350|390|107|115|126|120|348|349|365|323|127|116|365|373|386|144|133|116|115|365|101|105|74|85|59|51|55|58|42|49|275|46|32|53|31|35|
2015-03-18|2|1_CTs|CT20||35|24|24|30|15|12|12|13|16|13|12|9|7|16|4|6|264|8|8|9|3|7|3|10|13|13|22|29|31|36|45|75|334|90|312|349|95|457|231|79|77|79|589|71|72|79|67|71|339|340|60|338|64|57|587|65|75|62|80|324|88|328|75|80|83|76|82|84|76|78|80|85|92|103|83|92|77|84|78|339|64|85|314|70|64|47|53|53|57|44|49|46|53|53|57|41|
2015-03-18|2|1_CTs|CT21||20|17|263|20|11|2|7|6|4|3|7|3|1|8|3|4|4|2|2|3|4|0|0|4|3|8|11|15|252|257|21|297|47|57|306|284|293|51|52|303|41|34|44|279|51|295|47|31|49|40|297|43|42|44|38|264|44|42|44|51|287|301|42|48|52|48|46|42|36|41|55|44|56|44|49|54|36|50|46|46|40|277|34|33|31|31|29|28|27|273|20|22|27|27|31|17|
