2016-06-16|6|1_CTs|CT1||0|2|0|2|3|0|0|1|0|0|0|2|0|0|0|1|0|1|2|0|1|0|3|4|3|4|3|3|2|9|13|13|25|25|34|67|25|20|23|16|7|6|3|7|7|7|5|6|17|8|7|12|9|4|5|4|5|3|8|10|7|6|8|6|8|4|13|7|9|254|11|9|4|4|12|5|4|4|4|4|6|2|1|4|4|263|1|1|6|2|2|3|0|0|0|2|
2016-06-16|6|1_CTs|CT3||14|14|14|8|3|3|3|1|4|2|2|1|3|2|2|4|7|9|6|9|14|20|20|31|22|36|33|34|47|49|263|67|86|100|105|71|78|76|86|73|282|277|57|60|309|277|57|53|60|273|40|53|293|41|300|53|49|50|45|54|55|48|54|54|61|59|66|59|55|58|57|71|69|300|44|51|49|44|37|41|34|34|38|26|31|36|24|20|21|33|16|21|249|21|16|21|
2016-06-16|6|1_CTs|CT4||6|11|3|3|8|5|5|1|2|0|3|2|2|0|0|4|1|2|0|1|2|1|1|1|2|1|0|3|7|9|8|16|15|258|2|32|26|34|29|26|23|18|30|23|15|21|20|29|29|0|10|29|40|33|26|24|30|27|27|26|24|19|31|34|22|27|284|33|29|43|43|28|37|43|42|39|47|52|48|41|37|33|31|258|15|20|15|23|9|15|10|10|6|5|12|12|
2016-06-16|6|1_CTs|CT5||19|23|8|16|9|9|7|7|4|8|2|6|7|6|6|5|4|6|9|7|7|7|6|13|5|76|213|20|21|29|29|52|60|42|304|68|93|81|69|557|54|305|73|67|71|336|83|78|60|329|75|76|71|313|76|70|81|73|61|68|75|341|82|65|69|68|54|70|85|77|70|72|72|89|74|605|70|68|62|68|53|52|45|45|41|34|44|218|105|39|33|30|26|19|269|20|
2016-06-16|6|1_CTs|CT6||63|20|21|18|11|10|6|9|9|2|3|4|2|2|7|2|3|9|10|3|5|19|12|9|16|18|63|205|32|47|80|87|108|137|170|423|152|136|135|370|364|383|104|128|456|121|95|121|105|122|97|100|95|101|340|100|337|123|118|137|132|359|128|121|114|124|110|110|130|136|135|360|126|148|145|113|113|151|136|122|370|103|93|82|76|93|53|219|131|66|59|279|305|50|29|29|
2016-06-16|6|1_CTs|CT7||6|3|3|6|4|3|3|3|1|2|1|0|1|2|1|2|0|0|3|2|4|0|1|5|9|4|7|9|13|8|28|34|29|42|40|49|35|44|44|35|29|24|23|32|23|25|27|277|24|24|28|22|28|23|27|30|19|24|20|29|27|266|16|10|29|26|25|29|26|35|17|34|35|32|37|39|29|24|283|27|25|22|14|13|10|22|15|15|9|7|10|9|9|9|6|4|
2016-06-16|6|1_CTs|CT8||41|34|32|35|25|15|17|14|18|11|11|12|16|11|7|4|11|7|246|6|12|16|25|27|35|29|42|56|62|597|179|170|424|412|423|188|176|226|169|149|151|152|141|154|385|359|373|362|124|387|374|150|141|146|138|147|379|364|156|480|263|139|377|384|159|168|136|158|423|178|183|169|200|202|186|179|406|174|166|370|138|151|338|373|98|105|358|85|84|96|59|71|537|298|58|59|
2016-06-16|6|1_CTs|CT10||24|29|28|23|21|12|6|11|8|11|10|8|3|4|5|2|6|4|4|2|7|12|7|21|19|20|30|301|312|63|374|127|152|188|176|442|185|208|713|171|168|159|154|163|150|400|402|145|149|407|156|135|402|649|147|132|125|149|153|163|430|674|181|386|163|178|174|175|179|185|209|453|431|468|449|180|467|213|195|198|195|164|134|109|108|97|73|65|57|62|62|49|51|308|309|51|
2016-06-16|6|1_CTs|CT11||29|27|28|17|10|8|13|11|9|11|8|10|6|4|5|5|5|5|7|10|13|6|20|34|30|37|54|73|91|136|470|238|264|550|270|232|277|247|516|753|462|204|182|179|459|941|164|175|184|447|174|194|429|136|387|165|189|433|229|432|412|447|175|162|164|184|184|202|712|419|199|457|449|199|198|440|154|152|134|138|414|123|133|133|92|75|89|100|58|65|81|318|314|53|40|49|
2016-06-16|6|1_CTs|CT12||43|293|35|28|19|19|13|11|6|12|8|10|6|8|4|9|8|6|4|5|5|12|15|22|24|82|229|56|61|340|396|177|208|274|265|515|256|277|506|464|708|194|198|199|184|643|194|187|185|188|202|170|201|190|406|167|189|692|175|203|199|203|206|428|220|212|227|245|245|267|268|547|238|280|289|234|281|544|236|227|228|454|143|146|137|382|102|109|69|77|77|74|67|74|321|59|
2016-06-16|6|1_CTs|CT15||32|24|20|30|14|12|13|12|7|7|8|3|8|12|3|7|6|8|10|13|22|20|27|270|40|43|44|61|65|97|140|140|189|463|229|209|176|188|174|357|132|118|127|128|110|123|123|108|104|115|105|345|126|109|94|107|122|114|109|392|130|110|95|121|130|350|135|144|402|175|391|151|144|154|175|400|120|139|374|106|108|84|74|330|76|74|53|475|127|53|53|44|47|52|34|39|
2016-06-16|6|1_CTs|CT16||31|26|26|28|21|14|15|12|9|270|13|10|7|5|6|6|3|6|9|9|15|8|9|34|25|32|38|68|73|106|191|221|210|269|253|272|275|270|254|263|708|222|189|177|197|187|433|192|192|436|456|186|170|406|404|160|167|172|482|193|186|437|434|418|408|208|197|219|422|222|193|745|218|216|239|726|215|180|181|176|174|178|138|158|117|370|344|103|82|77|86|71|314|81|55|58|
2016-06-16|6|1_CTs|CT17||44|27|40|26|24|17|25|10|9|9|7|10|4|7|5|9|7|3|3|4|7|6|6|8|9|12|11|37|43|44|54|82|80|109|132|144|168|377|139|407|110|382|115|390|136|373|409|131|148|135|141|137|142|113|119|376|138|131|144|150|388|140|156|433|163|163|181|437|452|203|460|212|190|248|199|179|221|206|197|166|148|147|132|106|97|366|97|109|93|72|63|68|82|339|73|45|
2016-06-16|6|1_CTs|CT18||313|61|52|43|32|26|26|19|12|22|15|11|20|16|18|12|10|10|17|15|270|16|20|38|27|112|494|73|99|120|174|254|270|531|555|276|300|297|515|527|501|503|243|253|254|257|480|465|226|717|245|499|469|190|219|435|221|223|237|252|251|491|476|232|212|271|245|255|244|270|244|276|265|298|278|296|239|264|231|496|472|208|170|164|133|159|136|298|194|120|99|99|98|76|90|87|
2016-06-16|6|1_CTs|CT19||36|31|31|24|27|268|28|13|13|14|11|11|3|2|4|10|6|5|5|7|7|6|3|7|7|6|17|28|32|47|58|76|92|367|160|409|147|418|155|140|389|152|121|134|149|378|161|401|144|165|145|146|147|116|136|139|119|147|389|134|142|141|144|138|182|414|181|176|180|210|211|211|207|222|209|437|217|215|182|410|162|393|138|129|96|97|330|94|356|81|68|64|62|58|306|54|
2016-06-16|6|1_CTs|CT20||43|29|25|26|13|7|10|6|3|8|8|3|6|10|5|5|7|2|6|5|2|11|10|18|19|17|16|27|33|54|66|43|60|86|616|392|130|125|112|28|383|304|70|50|78|112|106|101|125|95|115|10|367|602|103|113|86|102|31|172|548|371|355|111|126|106|133|119|116|110|13|397|395|133|619|60|77|92|53|48|100|99|67|26|81|325|71|66|66|55|8|325|5|31|308|32|
2016-06-16|6|1_CTs|CT21||70|70|43|33|26|22|18|20|19|6|13|13|20|17|11|8|11|19|20|33|39|39|52|60|50|332|85|354|148|214|285|303|338|851|582|578|306|556|300|708|697|228|486|474|227|752|221|219|215|452|183|476|441|435|488|206|397|479|218|243|720|250|202|243|225|234|227|289|231|242|242|257|513|252|227|259|213|214|460|192|195|178|186|383|139|406|379|297|179|344|88|95|796|306|294|89|
2016-06-16|6|1_CTs|CT23||63|44|56|49|36|26|29|17|22|16|18|19|23|15|10|9|13|14|10|11|14|27|33|294|48|44|70|89|105|161|213|288|270|565|331|559|274|320|291|734|488|229|213|227|215|696|210|209|188|233|208|211|194|218|231|241|196|237|486|459|237|499|490|505|230|514|255|276|486|289|575|305|292|324|521|730|271|301|260|459|215|199|194|413|385|157|133|123|121|122|92|348|352|78|72|55|
