2013-01-10|7|1_CTs|CT1||28|27|16|12|11|12|3|8|8|7|8|2|4|3|3|0|3|2|4|5|4|7|4|7|11|13|18|19|24|49|83|124|169|187|217|203|198|217|185|170|154|162|138|158|121|116|129|127|149|109|99|132|128|121|119|115|134|166|161|165|151|169|134|139|141|144|150|146|150|171|143|157|171|161|185|161|151|132|126|139|95|121|112|87|85|68|53|50|53|51|35|44|36|35|35|33|
2013-01-10|7|1_CTs|CT2||62|40|30|28|36|23|18|20|20|28|20|10|20|4|6|14|8|10|8|10|14|6|22|26|16|28|50|37|56|78|115|222|264|371|405|252|335|284|344|225|137|171|218|199|136|211|158|247|216|176|186|186|113|145|138|119|214|226|260|281|260|218|219|305|210|249|140|232|213|312|227|266|339|222|272|246|202|185|137|136|161|151|128|145|128|88|98|88|120|90|74|56|82|60|64|53|
2013-01-10|7|1_CTs|CT4||32|40|33|13|29|25|34|14|20|9|18|13|22|14|14|13|13|18|9|12|8|5|4|0|6|2|6|1|3|8|2|5|16|10|20|17|25|19|15|21|17|34|31|31|22|17|16|25|25|31|19|40|32|29|20|18|23|27|24|22|36|42|24|22|37|48|65|48|49|49|83|79|75|59|61|45|56|64|52|51|62|45|37|63|31|26|34|22|23|27|20|19|26|26|41|31|
2013-01-10|7|1_CTs|CT6||38|36|30|24|20|24|12|15|24|14|11|7|14|3|5|7|6|9|8|4|13|5|6|11|13|9|16|14|25|27|52|84|159|200|133|162|163|159|148|165|134|115|143|128|143|130|139|117|123|131|131|121|136|156|111|119|142|135|154|132|149|180|161|169|177|219|229|253|252|217|247|231|234|212|224|210|211|175|194|137|150|115|124|99|91|80|87|76|70|55|64|51|50|61|67|57|
2013-01-10|7|1_CTs|CT7||31|35|21|20|12|9|12|11|12|7|15|6|5|5|8|1|5|11|7|6|11|6|15|15|10|13|35|38|36|48|54|75|96|117|125|102|109|105|117|113|94|113|99|114|119|115|99|113|112|106|106|130|93|79|121|116|128|117|122|156|144|128|135|122|131|149|145|133|112|160|157|154|135|159|140|166|166|132|126|123|104|99|94|77|57|47|48|59|58|35|33|36|37|37|38|40|
2013-01-10|7|1_CTs|CT8||71|71|66|49|79|38|36|27|32|23|26|10|17|16|15|25|26|31|34|39|50|59|70|102|94|116|110|147|170|229|301|402|403|431|487|461|395|413|411|392|315|361|340|362|288|338|302|343|292|308|332|354|309|285|344|285|314|327|395|364|345|331|381|364|316|349|333|350|320|357|374|360|384|415|407|412|367|308|316|333|289|279|220|203|182|164|190|148|148|154|149|122|147|125|103|86|
2013-01-10|7|1_CTs|CT12||52|58|53|35|24|37|24|17|18|20|15|14|12|12|3|8|9|12|10|8|11|7|15|12|21|19|21|25|35|48|64|115|188|230|201|231|234|216|204|209|182|165|176|160|161|189|205|188|201|190|200|211|195|226|189|155|183|211|197|191|196|231|209|232|244|290|294|288|287|307|299|322|331|305|319|296|307|265|225|234|226|199|193|166|134|154|106|96|104|80|91|71|76|70|99|59|
2013-01-10|7|1_CTs|CT13||14|16|9|7|4|5|3|1|1|3|2|1|0|2|1|0|0|2|2|2|1|1|4|7|3|4|15|15|18|17|25|37|43|49|59|36|54|60|53|68|58|45|45|47|47|50|41|43|49|51|53|70|58|59|46|49|57|51|43|60|46|54|65|59|59|59|63|68|53|61|58|81|67|82|73|74|75|58|58|60|47|59|35|35|21|24|21|22|25|13|8|12|16|12|27|12|
2013-01-10|7|1_CTs|CT14||119|106|67|73|70|49|59|40|42|45|35|24|25|29|31|36|20|24|43|37|45|37|54|75|63|74|77|85|91|158|195|248|296|380|373|404|410|381|348|332|302|311|284|303|302|300|353|343|303|377|338|331|351|352|336|316|338|372|349|342|366|378|353|363|392|426|430|452|506|488|533|541|520|521|552|499|480|451|436|411|416|334|295|271|241|197|177|173|181|182|166|151|135|150|155|141|
2013-01-10|7|1_CTs|CT15||23|17|13|16|19|16|11|10|11|5|4|2|7|6|2|6|4|6|9|5|8|8|5|6|14|8|19|14|19|22|39|77|194|183|135|174|89|123|126|107|66|67|73|86|81|82|78|65|81|70|76|86|108|159|68|96|72|84|120|64|72|114|90|102|146|170|202|214|231|200|201|139|133|144|119|140|114|114|81|94|81|50|80|41|61|35|71|44|40|34|46|24|43|29|37|34|
