2013-03-15|22|1_CTs|CT1||21|16|12|6|10|4|4|5|5|3|0|5|5|5|5|3|3|3|3|4|10|10|14|18|28|22|30|37|41|60|101|143|185|168|194|213|140|145|104|119|73|74|77|75|71|73|88|77|71|83|91|83|82|90|75|89|85|96|81|83|75|71|82|75|75|82|90|104|87|100|135|128|126|180|173|147|121|108|67|73|64|65|64|48|47|34|35|32|26|19|21|27|18|19|22|14|
2013-03-15|22|1_CTs|CT2||13|14|13|7|2|6|2|4|7|1|2|4|1|2|5|0|3|2|3|2|5|12|10|11|13|13|19|15|18|27|35|55|59|58|77|75|55|52|48|34|32|35|34|36|22|19|38|48|33|24|18|24|46|41|39|36|33|45|42|29|36|38|36|32|36|35|29|47|35|34|12|56|65|74|62|71|50|62|44|36|32|25|29|26|12|30|27|23|25|28|22|17|7|17|13|14|
2013-03-15|22|1_CTs|CT3||63|49|48|27|21|21|11|12|12|13|12|18|14|10|9|7|11|6|12|9|14|17|25|26|48|44|46|57|102|110|173|276|336|332|385|390|348|319|262|243|214|197|187|211|188|203|173|211|202|212|199|208|227|208|202|218|207|259|237|231|216|201|242|229|222|246|260|257|266|276|327|331|350|368|368|367|339|272|226|202|174|152|183|163|122|118|108|124|99|101|90|91|81|87|65|50|
2013-03-15|22|1_CTs|CT4||35|20|21|18|19|16|14|15|9|11|8|14|14|14|7|5|8|7|10|14|12|14|13|14|31|27|32|34|61|82|97|133|167|204|193|218|199|202|180|165|149|167|131|155|141|161|132|136|160|166|142|143|171|141|151|138|154|148|144|157|164|146|162|153|169|184|211|214|215|233|246|244|258|257|272|238|235|203|184|206|185|182|157|176|106|102|83|73|75|63|80|62|41|43|50|38|
2013-03-15|22|1_CTs|CT5||41|24|16|23|17|16|14|14|6|10|6|13|17|10|5|5|4|14|7|12|10|15|19|23|36|36|37|46|74|83|120|181|251|313|295|297|314|305|253|192|171|201|170|164|178|191|161|180|189|178|165|186|191|190|193|183|168|184|175|202|186|194|204|188|199|225|254|271|244|297|273|320|310|279|276|280|278|240|202|236|194|224|178|174|127|118|103|90|88|74|92|73|57|67|56|49|
2013-03-15|22|1_CTs|CT6||38|30|17|14|10|11|16|10|9|5|2|11|9|12|8|0|4|2|7|9|11|10|23|19|29|21|27|32|32|44|52|60|90|113|87|111|130|127|112|99|85|101|87|86|104|110|93|100|94|115|82|105|104|121|97|112|94|111|101|115|124|119|134|132|149|126|149|146|148|186|173|199|184|184|224|215|209|139|156|148|141|137|95|106|100|71|65|62|40|64|80|53|38|51|30|36|
2013-03-15|22|1_CTs|CT7||6|8|3|5|1|3|0|0|1|1|0|1|1|3|1|2|2|1|1|0|0|4|2|3|2|2|4|4|8|8|14|22|29|37|43|38|39|36|35|35|31|17|29|25|19|14|33|28|22|22|29|30|20|29|22|28|26|23|24|25|20|24|25|25|23|32|38|31|34|30|30|15|24|30|23|18|24|26|31|25|16|14|18|27|15|21|16|12|14|7|7|7|8|7|14|4|
2013-03-15|22|1_CTs|CT8||22|15|19|17|8|5|10|6|3|5|5|5|10|3|3|1|5|6|4|4|2|3|3|3|5|11|8|14|23|27|32|64|86|76|88|104|85|75|81|84|85|61|71|64|69|88|83|83|81|94|85|77|97|78|80|86|71|76|92|103|96|80|95|87|81|88|93|95|96|99|107|118|115|96|114|97|96|113|80|73|70|77|77|73|58|51|41|62|29|37|42|37|42|54|33|27|
2013-03-15|22|1_CTs|CT9||38|26|13|16|14|11|6|10|4|8|5|8|11|9|6|5|8|9|4|6|13|12|15|26|42|43|50|84|111|139|225|332|358|374|372|351|319|313|261|253|224|215|210|194|209|181|190|179|173|187|221|206|189|221|196|187|199|204|200|208|190|197|175|199|194|239|231|213|204|231|202|182|215|170|150|153|151|140|125|130|149|143|173|134|120|98|91|72|82|80|48|24|52|46|56|51|
2013-03-15|22|1_CTs|CT10||1|1|0|1|0|0|0|1|0|2|0|0|1|2|2|1|0|1|1|2|2|2|2|5|3|5|4|7|3|4|4|15|68|14|15|41|27|16|7|7|8|10|10|7|3|1|8|7|10|3|6|8|2|9|7|3|6|6|1|6|2|7|5|5|1|8|5|5|3|7|8|3|6|3|5|5|4|3|1|2|3|0|1|2|3|1|0|1|0|0|7|11|14|1|1|3|
