2015-12-27|2|1_CTs|ct1||135|132|100|315|78|72|50|50|34|33|274|281|31|26|23|27|18|24|15|25|16|15|16|19|27|34|27|41|35|266|41|48|40|292|51|61|316|78|97|80|554|91|359|117|122|130|147|147|158|140|167|168|409|141|185|138|169|162|182|177|162|198|185|914|626|389|131|145|371|111|85|118|334|109|278|65|84|104|363|887|124|164|29|140|128|123|114|374|120|102|84|93|73|78|63|69|
2015-12-27|2|1_CTs|ct2||58|316|43|47|25|40|34|42|267|30|270|22|32|23|25|19|12|35|16|21|13|266|11|12|20|15|19|34|20|19|18|25|270|23|25|23|25|32|56|39|262|50|298|33|49|39|74|49|59|48|307|43|52|58|68|38|68|64|85|56|108|346|93|348|92|72|98|87|97|302|332|77|77|67|334|97|341|350|312|337|76|65|69|42|55|38|51|52|42|41|39|61|38|32|37|37|
2015-12-27|2|1_CTs|ct3||163|415|112|598|88|88|64|80|61|54|45|54|310|51|33|31|22|27|34|33|25|18|18|23|38|42|22|45|42|287|41|284|41|55|49|66|66|331|87|85|103|104|371|131|145|134|407|142|151|380|137|165|127|140|138|412|136|151|169|167|423|449|188|200|185|183|177|188|194|175|439|406|388|170|170|151|184|187|170|439|417|192|451|146|646|142|128|132|377|121|104|361|341|90|81|83|
2015-12-27|2|1_CTs|ct4||122|92|116|96|67|84|63|46|36|42|25|29|23|31|26|20|24|25|25|18|21|20|15|27|23|20|25|31|25|20|33|30|28|280|32|30|39|31|52|53|275|47|84|73|86|344|98|85|86|98|85|85|108|89|99|81|85|82|110|108|108|126|359|375|398|119|112|124|378|152|136|417|418|680|175|395|138|170|163|140|651|120|380|119|365|94|108|104|318|311|98|72|340|82|76|45|
2015-12-27|2|1_CTs|ct5||185|405|135|147|347|127|348|335|59|70|47|59|44|46|46|32|288|31|44|29|23|31|18|32|25|39|21|42|35|29|40|43|35|572|46|310|49|49|63|97|550|78|114|137|139|379|114|120|378|130|377|372|396|393|140|121|137|131|168|160|185|448|182|206|467|185|194|177|484|495|224|227|546|262|530|235|477|238|467|207|230|197|189|430|179|153|165|387|145|141|165|133|380|377|121|85|
2015-12-27|2|1_CTs|ct6||161|165|136|346|99|97|80|324|62|64|47|288|45|41|44|29|42|33|297|30|25|21|26|33|16|23|22|37|32|272|39|37|38|37|42|41|43|48|62|57|59|61|68|85|82|88|91|87|94|97|351|350|93|100|99|601|111|100|100|95|109|384|117|154|408|172|180|168|192|448|180|176|220|478|446|472|176|204|187|211|413|182|174|162|663|108|144|132|126|139|135|119|113|371|106|85|
2015-12-27|2|1_CTs|ct17||468|176|158|142|115|107|126|351|329|330|555|86|70|314|47|48|35|302|45|39|29|36|25|24|44|48|26|46|45|35|48|53|298|63|66|62|330|76|364|355|596|105|141|157|149|167|162|190|425|429|164|181|154|169|423|435|153|155|460|207|212|488|225|217|219|460|453|209|471|211|209|465|436|202|478|175|222|199|207|986|219|204|226|429|186|411|154|153|162|403|128|121|369|111|110|87|
2015-12-27|2|1_CTs|CT19||97|567|68|31|299|28|34|288|26|21|17|26|20|18|10|14|9|6|4|9|10|5|3|10|6|11|8|12|9|5|12|24|14|261|21|22|17|33|247|272|46|302|65|316|315|325|69|86|93|334|67|344|72|564|78|67|307|327|85|340|329|104|112|362|99|105|118|102|93|628|76|121|370|382|121|370|342|125|606|87|122|635|322|84|350|96|332|83|325|333|59|45|36|60|308|25|
2015-12-27|2|1_CTs|CT20||76|579|83|82|320|68|57|46|44|31|37|35|36|50|32|24|25|19|19|9|8|16|21|9|11|262|11|15|263|10|15|271|12|17|272|23|25|541|268|37|514|535|313|51|310|312|66|58|53|75|62|322|61|68|59|68|69|66|48|72|82|66|80|89|77|337|77|88|343|341|77|73|96|595|69|98|603|90|327|72|323|74|68|73|286|48|41|50|49|54|314|42|71|64|45|44|
2015-12-27|2|1_CTs|CT21||43|292|39|28|26|300|22|227|20|11|18|11|17|6|18|9|10|9|10|4|5|3|5|4|6|5|6|14|9|6|5|10|5|9|10|15|14|20|16|23|36|275|41|42|30|42|40|48|37|48|38|291|46|41|35|295|290|299|35|52|59|44|311|52|308|304|60|54|326|59|59|37|525|285|537|41|38|53|293|264|34|36|33|308|285|25|23|284|33|27|26|22|287|37|278|23|
