2017-05-25|6|1_CTs|CT1||1|2|3|1|1|1|0|1|1|1|0|1|0|0|0|1|0|2|0|1|2|1|2|3|1|4|1|5|7|2|22|86|127|376|372|103|75|53|88|38|7|17|10|25|4|10|14|14|6|13|23|12|8|21|14|10|12|10|19|13|21|9|9|14|10|8|19|10|7|14|10|8|6|11|26|26|4|11|7|6|8|6|6|4|7|5|1|2|1|1|0|1|0|1|2|2|
2017-05-25|6|1_CTs|CT2||0|0|0|0|0|0|0|0|0|0|0|0|0|0|0|0|0|1|0|0|0|0|0|0|0|0|0|0|0|0|0|0|0|0|0|0|0|0|0|0|0|0|0|0|0|0|0|0|0|0|0|0|0|0|0|0|0|0|0|0|0|0|0|0|0|0|0|0|0|0|0|0|0|0|0|0|0|0|0|0|0|0|0|0|0|0|0|0|0|0|0|0|0|0|0|0|
2017-05-25|6|1_CTs|CT3||18|19|24|23|11|4|4|5|3|3|4|2|2|5|1|6|1|6|4|12|16|6|17|27|24|33|31|35|36|58|49|78|101|107|322|103|124|85|81|316|79|69|292|66|54|61|46|61|277|54|58|66|49|71|50|37|55|59|61|52|51|57|289|68|62|59|72|70|60|82|65|64|69|83|85|65|65|45|57|44|53|33|28|43|248|27|277|29|24|27|35|25|20|20|258|28|
2017-05-25|6|1_CTs|CT4||9|6|7|7|7|8|7|4|1|1|2|5|1|2|2|3|1|1|2|2|0|1|0|2|1|2|2|1|5|10|18|24|74|54|35|33|20|30|26|28|18|34|17|24|21|19|33|31|27|30|25|26|39|271|266|36|17|30|21|286|289|25|29|36|34|295|31|41|54|33|50|53|298|46|45|44|49|38|41|31|277|36|36|19|31|19|16|7|6|8|7|8|13|19|15|11|
2017-05-25|6|1_CTs|CT5||19|17|24|16|15|12|12|10|5|12|5|6|5|2|2|2|1|3|6|6|5|3|7|7|9|13|16|18|26|33|38|67|54|96|582|111|136|113|65|335|323|61|86|69|71|319|71|70|69|73|70|68|325|70|60|66|81|76|78|87|74|340|77|330|73|72|59|84|94|95|360|95|340|81|344|74|77|65|76|313|74|321|53|50|39|46|31|38|30|25|36|31|29|33|25|21|
2017-05-25|6|1_CTs|CT6||286|34|36|14|13|14|9|8|9|5|0|4|5|4|6|4|0|4|7|4|11|9|11|17|17|16|23|30|27|52|69|126|174|386|161|135|135|131|111|391|132|118|102|114|349|116|117|115|113|88|102|134|108|112|113|96|125|111|362|134|116|114|119|105|128|161|387|96|156|109|117|110|107|114|141|351|113|116|129|329|121|532|105|88|116|318|81|79|54|73|53|60|64|59|45|35|
2017-05-25|6|1_CTs|CT7||3|5|3|2|1|3|1|0|0|1|0|0|2|2|3|0|1|4|3|2|2|1|3|2|5|8|3|17|11|11|19|29|45|31|283|48|49|41|48|43|27|42|29|27|39|30|24|31|28|26|33|32|18|292|24|26|18|30|28|29|31|33|29|35|25|20|27|28|23|36|21|31|21|29|17|25|27|28|28|18|36|21|20|259|18|24|13|8|11|11|8|9|10|9|6|7|
2017-05-25|6|1_CTs|CT8||42|33|31|35|18|23|13|18|11|12|11|14|13|11|3|9|8|11|6|10|11|9|25|268|20|33|279|67|82|125|176|218|231|179|659|188|159|162|155|184|414|157|658|361|145|129|145|158|170|160|170|179|403|156|148|153|171|180|168|179|177|153|165|163|416|173|403|173|180|435|180|193|431|193|199|402|164|409|165|151|146|152|140|107|93|106|110|100|94|98|78|90|71|303|69|63|
2017-05-25|6|1_CTs|CT10||32|29|31|21|16|17|266|7|11|6|6|5|6|7|5|6|3|4|3|3|9|13|13|24|29|23|34|49|59|80|367|151|146|200|411|450|201|176|441|438|192|172|401|401|148|162|175|131|419|151|407|169|146|382|150|401|453|617|132|437|181|158|161|155|176|392|190|204|200|754|454|261|482|249|491|720|249|199|180|201|201|196|129|150|371|90|98|88|73|73|81|66|63|54|300|24|
2017-05-25|6|1_CTs|CT11||41|36|26|21|17|18|10|268|11|8|8|5|5|6|4|5|5|8|6|12|266|13|15|27|28|38|52|102|109|165|511|811|259|117|120|130|218|193|402|231|196|232|457|204|198|445|430|222|184|195|240|221|237|452|215|173|436|192|219|198|203|154|176|208|197|203|230|219|218|209|205|194|195|198|219|128|173|175|433|422|160|177|155|136|118|110|110|341|65|77|81|91|54|50|46|47|
2017-05-25|6|1_CTs|CT12||308|47|30|25|18|22|10|14|19|10|5|10|10|8|6|6|5|6|9|8|12|18|13|32|29|32|34|64|67|105|164|236|304|319|287|575|313|319|277|535|500|229|207|207|208|464|203|184|207|217|214|483|192|223|194|199|458|221|448|228|478|205|183|241|489|229|278|563|296|304|482|223|220|230|490|485|225|535|281|502|505|235|173|196|156|141|133|105|97|91|93|85|85|73|333|303|
2017-05-25|6|1_CTs|CT15||39|27|16|19|19|12|15|10|8|7|233|8|4|13|6|7|12|12|11|17|20|10|27|238|44|40|43|78|78|110|388|226|250|222|227|237|458|238|469|223|917|158|160|148|159|116|346|339|142|121|212|198|140|187|170|361|417|149|161|359|146|130|359|141|125|169|158|178|219|245|171|100|136|174|423|426|162|133|125|119|108|99|78|64|75|73|61|71|47|62|58|45|37|35|42|29|
2017-05-25|6|1_CTs|CT16||42|43|33|29|22|24|12|12|9|8|7|9|8|4|6|4|6|9|6|9|11|13|11|21|21|32|44|88|94|110|205|277|312|264|272|284|289|251|250|275|435|230|450|471|468|225|201|193|453|205|190|204|191|456|461|200|161|428|431|192|179|207|192|206|196|431|213|450|228|225|222|216|483|243|481|476|226|450|472|700|214|449|180|164|138|120|371|79|77|90|94|90|70|327|48|45|
2017-05-25|6|1_CTs|CT17||14|9|250|9|9|3|5|1|4|2|1|3|2|1|1|0|1|3|0|2|3|2|1|0|1|5|3|3|4|14|19|43|70|77|84|351|89|76|58|56|317|296|53|39|47|64|48|55|57|48|55|53|60|328|49|38|61|65|39|59|67|66|278|57|55|80|90|83|110|89|111|133|115|128|29|11|98|108|82|18|6|3|4|11|6|8|7|10|24|29|25|29|39|30|20|270|
2017-05-25|6|1_CTs|CT18||77|72|56|46|36|30|34|32|16|24|13|11|15|9|14|9|7|13|13|15|20|12|13|19|35|42|62|76|104|128|209|813|331|328|299|215|177|206|252|556|518|239|776|253|233|228|246|508|493|233|247|227|223|192|199|224|473|233|261|481|240|257|221|504|239|525|247|279|272|293|318|261|543|280|576|291|272|252|259|489|500|498|200|170|155|143|410|136|112|113|357|118|116|123|93|80|
2017-05-25|6|1_CTs|CT19||48|41|36|37|24|28|16|13|9|11|7|15|4|8|6|9|3|4|5|11|9|8|4|8|8|9|16|20|20|40|75|120|200|191|454|482|222|190|162|147|643|126|141|124|127|136|130|137|153|149|148|160|152|150|112|131|180|368|150|146|413|259|287|150|425|942|220|208|208|238|282|263|486|265|250|227|239|229|236|201|195|175|108|113|103|91|89|103|348|90|302|64|78|68|55|54|
2017-05-25|6|1_CTs|CT20||26|17|18|22|15|8|7|10|11|5|5|3|5|9|1|3|4|6|3|5|259|11|11|10|24|18|22|25|40|53|58|90|102|17|146|389|128|164|37|92|122|112|388|97|21|109|351|109|106|26|82|103|103|358|16|108|370|102|123|629|107|103|377|107|112|133|125|63|68|7|143|138|53|101|139|82|65|360|131|112|280|310|54|11|79|87|54|6|49|16|64|46|53|56|31|39|
2017-05-25|6|1_CTs|CT21||84|83|52|70|34|30|21|274|22|8|16|22|258|15|21|16|15|30|24|43|39|39|56|64|311|90|104|135|429|242|286|315|347|336|517|286|310|297|545|294|742|242|276|254|215|210|243|256|219|246|250|496|242|256|196|215|458|491|276|447|227|267|238|237|234|223|255|234|267|307|522|296|273|316|281|252|244|185|202|208|196|451|150|159|131|134|151|131|124|116|117|115|101|87|98|112|
2017-05-25|6|1_CTs|CT23||68|293|50|50|33|43|20|28|24|15|14|16|22|18|9|8|11|19|9|18|13|22|32|44|43|58|65|102|125|166|243|326|361|331|822|311|226|478|255|272|694|229|521|216|257|213|215|241|217|254|258|262|239|258|478|228|266|277|271|253|535|341|392|239|254|287|272|272|292|317|311|276|554|310|289|307|269|498|263|281|222|246|229|176|144|146|166|143|129|122|122|103|107|88|97|83|
