2011-10-31|3|1_CTs|ct1||38|33|17|23|11|20|13|8|10|5|4|4|9|5|4|6|7|5|2|3|9|4|9|22|17|29|30|43|61|82|135|180|232|239|246|248|223|231|199|191|167|172|175|182|174|184|184|139|168|179|168|186|180|178|170|176|194|222|178|228|199|227|247|220|211|201|175|214|184|219|218|220|208|219|208|216|177|186|187|159|183|194|180|156|172|152|153|142|116|124|109|83|107|110|131|107|
2011-10-31|3|1_CTs|ct3||103|94|67|61|63|57|39|45|37|23|28|14|26|16|11|21|24|33|14|20|38|29|52|69|78|84|113|142|176|219|335|406|470|528|493|512|486|502|494|449|417|402|437|449|425|480|412|396|427|393|426|452|402|390|383|382|435|451|467|535|491|465|472|479|429|450|394|440|359|380|418|366|352|401|400|410|369|369|353|381|388|428|401|374|414|395|391|345|284|309|308|244|224|280|306|302|
2011-10-31|3|1_CTs|ct5||125|86|70|67|29|42|40|25|49|27|47|41|32|32|43|35|19|12|25|43|42|41|56|64|64|65|103|134|131|218|233|304|371|381|379|450|390|397|378|361|354|314|373|430|371|347|375|402|405|408|377|353|321|326|369|333|417|438|410|400|376|403|405|346|355|417|383|390|412|404|420|354|448|447|406|369|379|465|434|331|396|338|281|313|262|260|267|259|213|218|230|255|312|272|223|252|
2011-10-31|3|1_CTs|ct6||84|55|58|52|31|36|23|21|23|20|26|22|13|8|9|12|13|11|17|8|5|10|11|6|16|9|19|31|40|51|91|114|137|152|184|207|171|171|158|160|165|187|203|157|175|166|200|165|232|208|207|242|192|205|169|181|185|188|206|194|203|216|204|229|264|254|274|257|288|279|283|293|291|280|257|266|237|268|247|205|233|237|175|146|128|118|105|129|151|156|139|155|117|114|114|86|
2011-10-31|3|1_CTs|ct7||81|63|67|46|46|46|41|41|26|19|30|20|20|14|13|6|12|20|15|7|15|21|23|33|29|24|30|32|46|52|71|112|118|118|153|198|175|161|164|160|184|160|172|168|171|183|201|187|220|204|207|234|188|218|155|175|193|204|245|210|229|235|223|240|239|247|225|225|248|191|178|197|182|155|157|188|227|216|166|170|180|162|153|143|122|113|116|120|166|134|150|146|125|165|123|119|
2011-10-31|3|1_CTs|ct9||74|60|54|55|42|42|53|30|27|37|36|28|17|26|29|21|30|23|26|18|27|11|21|25|23|31|45|63|60|76|92|147|168|191|192|201|205|202|161|177|178|165|167|175|168|156|178|148|154|169|130|148|144|133|149|129|140|118|169|143|160|181|169|191|163|140|160|167|136|163|188|197|223|211|212|191|174|180|149|155|149|133|143|115|110|108|108|102|100|110|118|107|126|111|92|88|
2011-10-31|3|1_CTs|ct10||44|56|38|28|25|23|28|23|34|25|16|13|13|14|21|8|8|9|13|14|14|9|15|17|15|13|22|29|35|36|70|93|122|124|125|123|120|149|131|125|127|103|114|116|121|118|144|133|110|109|113|126|113|97|125|101|136|116|118|129|128|140|114|108|125|149|120|133|132|144|133|135|139|121|135|123|120|111|124|117|112|129|90|109|104|105|103|90|81|77|84|103|105|109|86|98|
2011-10-31|3|1_CTs|CT11||20|20|17|20|12|18|15|6|13|19|5|9|14|10|13|9|14|9|14|13|5|3|11|9|11|10|22|30|28|29|44|32|54|44|47|59|61|60|49|49|42|64|51|58|57|56|55|54|62|58|52|53|54|55|49|54|64|59|63|59|48|63|51|48|67|56|55|60|60|61|49|48|52|68|40|55|57|65|59|61|48|66|51|45|46|27|39|42|48|29|39|51|39|32|31|26|
2011-10-31|3|1_CTs|CT12||23|21|22|20|19|18|18|12|19|15|8|6|7|9|16|6|5|7|7|8|9|6|12|11|11|7|11|14|21|13|23|25|26|22|22|27|30|36|40|38|42|36|43|26|39|45|40|48|40|27|32|36|35|26|38|38|40|33|34|36|47|42|40|41|30|46|43|50|42|35|28|32|33|31|32|30|38|42|35|35|36|47|29|34|41|42|37|28|34|36|27|36|33|30|40|34|
2011-10-31|3|1_CTs|CT16||10|14|12|9|13|7|9|4|5|8|5|4|9|2|8|3|6|2|3|5|4|4|6|9|6|7|8|9|11|20|18|19|27|33|31|45|46|37|36|30|38|33|40|28|29|24|40|34|33|41|35|31|34|29|29|29|28|30|32|31|23|39|36|41|34|37|28|22|55|52|44|48|54|53|58|43|45|49|39|34|27|43|32|26|22|27|30|26|18|30|25|33|31|23|19|15|
2011-10-31|3|1_CTs|ct17||58|49|50|35|26|25|18|14|17|26|15|19|11|20|19|11|18|9|15|13|13|15|24|16|35|23|40|57|62|80|126|218|327|343|347|358|355|352|276|315|241|251|248|234|234|242|281|243|224|224|238|226|222|246|200|209|229|223|221|243|246|269|224|232|268|264|258|267|266|272|272|222|272|246|253|241|226|211|207|222|202|265|186|206|182|169|152|141|124|109|123|155|129|116|105|111|
2011-10-31|3|1_CTs|ct18||62|69|52|36|42|42|30|23|35|26|19|20|14|20|22|13|12|16|20|16|17|15|21|26|26|27|43|46|56|69|117|146|209|227|231|237|224|200|173|196|167|131|183|143|181|169|204|174|137|166|147|166|149|139|155|156|186|165|164|172|152|169|175|171|172|184|189|172|171|195|185|169|176|189|195|160|165|154|165|157|147|197|160|158|163|153|151|131|114|126|141|171|152|155|131|142|
2011-10-31|3|1_CTs|ct19||0|0|0|4|0|0|0|0|0|0|0|0|0|0|0|0|0|0|0|0|0|1|2|3|0|5|10|4|6|8|8|7|7|8|11|12|5|10|6|4|10|4|6|8|6|7|4|4|5|5|5|5|4|7|4|3|6|8|3|7|5|8|4|8|7|6|7|8|6|6|10|9|10|10|6|6|13|9|4|12|8|9|6|7|11|4|3|4|4|5|3|2|3|2|1|1|
2011-10-31|3|1_CTs|ct20||25|26|21|20|19|21|12|10|7|6|9|2|8|7|5|4|4|2|9|15|7|10|19|16|19|27|45|56|82|114|140|173|165|162|184|152|190|182|167|168|153|146|155|140|180|164|159|152|143|126|139|140|145|125|134|143|153|153|154|170|172|166|148|161|141|159|160|170|155|175|155|159|160|166|171|152|148|142|160|144|158|151|175|160|164|139|115|109|111|107|122|99|142|111|84|100|
2011-10-31|3|1_CTs|ct22||10|2|1|2|2|2|2|0|0|0|1|3|1|2|1|2|1|1|0|0|5|1|2|1|3|1|3|2|10|5|7|9|19|16|27|21|20|23|21|24|27|20|21|34|27|33|25|22|29|33|37|32|21|14|12|22|22|28|20|18|28|37|37|26|33|31|40|39|51|44|34|55|58|51|43|30|31|29|31|23|16|19|11|11|11|10|6|6|4|9|5|4|5|9|8|10|
2011-10-31|3|1_CTs|CT23||58|62|37|19|17|27|20|24|17|9|11|16|12|13|11|16|7|9|8|2|9|9|9|6|12|15|15|38|42|83|99|155|199|220|245|253|223|239|207|198|168|172|177|175|175|169|200|173|209|204|208|245|236|202|220|187|241|255|203|237|205|290|285|291|286|263|274|287|327|375|339|342|386|407|379|394|336|347|324|277|270|245|269|220|207|167|159|122|165|159|150|117|155|140|123|90|
2011-10-31|3|1_CTs|ct24||142|131|101|81|69|64|42|38|32|30|19|26|23|29|25|16|25|28|40|47|42|50|100|98|131|168|328|493|679|938|988|887|887|935|866|868|925|969|914|863|824|796|821|834|821|754|807|763|742|770|805|781|749|735|708|730|754|836|851|873|795|810|715|741|725|749|766|767|764|818|836|844|852|937|939|824|731|730|738|718|677|701|651|682|577|511|477|418|411|415|388|376|330|329|290|311|
