2014-09-23|3|1_CTs|ct1||48|31|23|19|15|18|7|8|3|5|8|4|6|2|1|4|2|2|5|5|4|6|8|19|13|18|32|42|46|75|134|183|211|247|263|238|237|226|234|214|215|163|197|153|184|170|162|163|166|189|199|212|193|139|133|137|164|188|195|222|189|201|206|194|202|233|212|208|197|210|210|226|196|214|198|208|222|187|216|189|200|176|147|151|132|94|93|88|87|80|54|72|55|54|48|45|
2014-09-23|3|1_CTs|ct3||75|57|45|30|36|30|12|29|18|4|17|8|12|3|4|18|6|16|20|21|22|15|27|45|35|46|58|72|76|95|159|196|252|232|236|226|218|251|246|263|267|270|270|258|250|214|259|229|244|253|221|252|228|214|190|199|214|218|226|228|201|252|242|213|243|235|226|221|190|201|188|189|179|161|183|203|199|175|211|218|209|237|188|227|182|140|124|126|102|95|92|92|93|93|89|81|
2014-09-23|3|1_CTs|ct7||91|90|60|62|58|40|50|31|50|57|27|25|23|24|11|31|36|34|14|18|22|28|38|31|33|51|72|47|65|74|80|118|112|156|130|145|184|152|147|150|145|175|143|171|180|177|188|194|179|183|182|199|170|171|165|194|176|164|192|175|170|200|198|195|189|80|106|74|149|83|68|58|71|59|68|83|104|108|86|75|163|162|140|151|147|120|154|110|132|116|129|146|124|114|110|108|
2014-09-23|3|1_CTs|ct8||59|55|33|32|26|23|32|28|24|19|10|11|13|12|4|16|14|15|10|3|12|15|10|16|14|17|14|25|36|37|45|47|67|84|67|83|83|82|91|90|82|111|93|99|123|105|116|119|105|104|103|129|99|116|121|117|110|101|113|108|102|125|115|143|121|147|139|127|129|132|137|127|129|138|136|137|144|135|141|122|131|102|83|94|101|77|82|69|80|81|80|90|86|71|68|72|
2014-09-23|3|1_CTs|ct9||72|62|48|47|66|61|37|28|35|21|32|17|18|28|27|27|20|19|13|12|16|14|31|24|32|33|34|43|59|95|114|191|196|250|282|282|272|231|247|231|190|165|151|161|173|206|182|169|155|153|135|159|164|164|160|163|173|178|180|150|181|173|170|130|168|183|186|210|205|183|158|191|200|227|221|165|201|214|165|161|193|161|127|149|110|88|105|90|92|105|102|99|95|89|88|92|
2014-09-23|3|1_CTs|ct10||59|55|57|58|30|36|30|28|27|18|20|11|18|11|13|6|7|15|15|11|16|19|13|15|21|16|23|32|44|46|82|106|149|162|155|168|178|151|149|147|127|118|130|129|150|153|137|135|135|124|134|145|126|128|104|123|142|146|144|147|146|147|140|135|156|151|159|147|163|154|159|160|160|150|156|138|128|136|157|137|136|135|126|110|116|88|84|79|94|107|92|100|101|102|95|73|
2014-09-23|3|1_CTs|ct13||156|154|119|130|98|77|70|92|79|60|48|43|54|34|36|20|26|54|51|42|58|46|52|67|78|79|92|94|104|147|172|233|242|183|192|162|179|0|0|0|0|0|0|0|0|0|0|0|0|194|224|197|293|319|265|258|250|262|223|154|257|264|223|242|263|503|311|559|246|244|270|246|270|320|159|200|217|229|234|174|212|272|266|266|286|263|236|225|264|229|242|223|191|242|210|192|
2014-09-23|3|1_CTs|ct14||33|28|25|15|16|15|11|9|12|10|7|5|5|4|7|6|5|8|13|5|9|10|10|23|26|42|60|131|177|274|274|271|279|266|256|268|269|250|271|232|213|227|227|201|209|197|172|189|185|177|206|200|120|142|180|180|193|210|214|189|187|204|174|170|141|183|182|191|186|221|231|229|274|254|241|233|226|189|177|204|190|153|68|113|104|100|65|0|0|0|52|83|63|59|57|66|
2014-09-23|3|1_CTs|CT16||106|71|67|43|32|52|36|34|46|16|76|39|16|18|13|12|35|7|16|14|9|17|27|32|37|43|24|50|46|59|103|186|153|166|166|199|228|200|204|255|194|156|187|183|161|203|177|176|188|193|146|181|186|171|182|128|179|145|154|151|138|183|169|166|225|151|177|214|222|216|273|217|212|251|209|197|247|242|221|241|195|182|116|156|123|109|90|143|99|120|95|123|112|66|99|119|
2014-09-23|3|1_CTs|ct18||73|77|78|71|37|56|33|37|30|23|23|14|23|14|17|13|10|19|21|15|24|22|19|27|31|25|42|55|63|94|137|185|241|239|287|278|238|260|209|240|207|153|218|212|205|193|194|156|181|183|177|192|153|196|167|190|199|213|206|189|187|192|213|163|203|192|208|181|216|182|240|166|212|183|212|156|145|158|185|183|189|168|149|161|134|141|109|108|117|139|123|117|131|109|125|96|
2014-09-23|3|1_CTs|ct19||0|0|0|1|0|0|0|0|0|0|0|0|0|0|0|0|0|0|0|0|3|2|0|2|2|1|11|5|10|8|7|10|8|8|7|15|11|10|13|7|6|9|2|0|5|4|6|6|6|5|2|6|9|5|4|6|10|4|7|3|7|7|5|5|3|4|7|7|8|5|7|10|13|12|3|6|9|6|5|6|11|8|10|12|4|4|4|5|1|4|0|2|0|1|0|3|
2014-09-23|3|1_CTs|ct22||3|5|3|1|2|2|0|0|0|2|0|2|0|1|1|0|0|3|2|1|2|1|2|2|0|2|1|2|7|5|9|15|16|12|22|17|19|22|15|18|25|25|22|21|24|18|19|17|14|27|23|31|27|15|23|26|26|23|31|35|34|34|32|30|31|38|44|43|50|51|47|47|54|66|55|53|51|40|33|31|24|29|22|12|7|7|10|6|10|6|5|5|10|9|5|15|
2014-09-23|3|1_CTs|CT23||123|89|49|38|52|28|20|15|12|22|25|27|18|6|5|12|8|9|9|12|7|4|11|14|16|17|26|47|56|84|208|290|281|371|328|360|355|363|316|294|220|229|258|284|246|215|235|286|291|305|306|363|368|369|314|262|313|342|299|303|282|299|327|350|394|444|426|435|470|508|500|557|583|628|609|553|589|590|574|518|492|457|359|287|320|231|231|234|222|215|175|184|190|142|155|149|
2014-09-23|3|1_CTs|ct24||155|135|107|63|60|45|47|34|38|30|20|17|25|20|25|31|24|33|37|40|49|63|63|103|116|176|298|484|699|938|944|989|965|904|838|882|951|921|952|967|907|936|864|813|853|775|743|779|706|726|812|808|660|587|812|760|768|861|834|816|815|831|802|733|738|779|838|815|746|816|834|895|915|953|872|880|824|773|793|742|673|679|530|492|416|425|402|333|301|323|285|301|248|281|221|245|
