2012-04-13|2|1_CTs|ct1||48|51|39|23|22|21|20|17|19|15|10|8|7|8|8|6|9|7|8|11|13|8|21|19|16|26|33|36|52|58|84|109|100|125|115|120|135|122|122|126|134|147|129|135|120|122|128|124|140|128|114|139|134|137|112|136|132|116|134|131|137|120|120|131|124|127|110|115|104|100|117|94|113|96|83|87|96|103|138|121|112|113|115|128|133|145|111|103|103|72|78|91|83|89|97|87|
2012-04-13|2|1_CTs|ct2||29|21|15|14|9|12|13|6|6|6|5|6|6|6|4|6|8|6|5|6|5|10|9|11|11|17|13|16|17|17|32|28|28|39|42|40|54|56|58|56|66|63|76|54|67|55|71|69|75|58|62|68|66|77|50|53|47|64|55|55|61|58|61|64|49|55|47|54|48|67|57|45|66|55|37|58|57|50|60|46|52|51|58|68|73|63|49|34|36|24|20|17|30|35|36|27|
2012-04-13|2|1_CTs|ct3||127|116|88|73|48|51|55|45|37|43|32|26|25|20|27|22|30|12|27|25|24|24|39|46|42|62|56|63|80|84|143|148|146|180|173|184|202|190|172|198|217|205|240|223|237|221|211|234|233|185|217|207|205|209|211|203|199|209|191|197|216|168|241|189|213|234|194|231|197|198|191|182|179|196|179|182|235|209|226|225|190|189|212|190|202|218|224|168|177|130|147|126|152|175|160|138|
2012-04-13|2|1_CTs|ct4||78|69|61|52|50|26|35|26|20|29|24|21|14|20|22|11|13|18|16|12|18|16|19|29|28|35|32|42|33|52|59|101|106|132|141|132|126|141|133|151|116|114|151|138|133|125|121|124|143|151|170|117|129|123|124|126|114|132|122|143|138|125|135|123|125|145|140|146|122|133|108|98|108|99|95|80|90|101|110|131|102|110|103|114|93|81|100|79|71|63|84|76|69|75|83|77|
2012-04-13|2|1_CTs|ct5||110|103|92|78|69|37|55|36|40|52|37|33|24|31|24|18|24|23|24|22|20|22|22|24|34|37|37|58|37|62|79|120|155|157|187|199|197|212|184|188|196|163|233|213|212|209|177|178|186|234|248|180|200|192|203|179|185|193|194|217|195|211|195|215|212|244|198|221|172|254|214|177|197|147|148|170|183|158|197|197|175|179|137|159|156|127|126|110|121|116|123|145|139|137|125|130|
2012-04-13|2|1_CTs|ct6||135|78|68|60|52|40|43|34|27|32|38|21|17|15|18|14|14|24|19|15|11|17|17|20|20|23|30|29|30|43|44|81|73|73|77|94|98|106|109|98|105|80|124|127|125|126|116|129|130|129|146|119|123|134|131|118|120|114|148|140|136|150|139|150|140|159|170|132|135|168|130|142|126|105|107|106|127|116|112|125|115|114|108|98|112|85|102|79|86|77|96|102|101|91|104|131|
2012-04-13|2|1_CTs|ct17||116|111|93|82|50|49|65|41|42|46|42|28|20|24|30|22|28|12|23|23|20|22|30|27|35|47|49|55|65|72|116|134|154|181|168|184|188|177|201|184|215|164|210|172|211|175|204|206|200|177|204|173|191|205|198|185|183|195|186|190|195|170|221|168|202|191|188|184|181|190|169|190|162|157|188|167|174|223|219|201|221|215|203|191|195|218|193|160|160|136|146|132|161|173|153|145|
2012-04-13|2|1_CTs|CT19||68|53|38|34|32|21|22|22|17|26|19|15|8|12|14|6|13|5|7|9|5|11|7|16|20|13|20|28|38|44|53|77|91|105|87|110|106|118|125|132|126|105|119|113|113|115|126|147|114|116|139|105|115|120|112|102|111|124|114|115|100|119|128|117|125|111|129|141|144|113|132|96|45|47|28|18|48|52|77|132|125|142|123|99|102|102|108|92|56|83|80|75|81|94|85|68|
2012-04-13|2|1_CTs|CT20||59|52|77|63|46|46|37|32|31|29|26|23|19|20|13|14|25|18|19|10|15|8|15|12|14|23|16|21|31|31|39|75|87|73|86|96|97|92|118|92|90|83|85|66|80|75|82|64|74|81|75|77|71|88|64|72|80|75|73|65|85|75|94|78|73|94|72|93|80|94|85|64|79|64|70|57|67|67|90|98|73|107|86|88|81|82|64|59|55|59|80|58|59|55|73|67|
2012-04-13|2|1_CTs|CT21||38|25|29|27|27|20|13|13|9|8|7|11|5|6|4|5|9|6|3|1|5|2|5|3|9|8|5|10|12|14|24|29|57|42|50|65|57|60|61|59|62|36|58|46|40|45|43|49|47|55|42|50|36|49|36|42|47|50|41|41|58|54|37|42|45|48|61|58|49|54|52|39|57|39|42|33|33|30|41|51|54|60|54|49|43|49|35|28|30|40|41|33|31|31|51|37|
