2012-02-03|6|1_CTs|CT1||0|2|0|1|1|1|0|0|1|0|0|0|0|0|2|0|2|1|2|1|5|0|4|7|4|8|18|4|6|6|11|14|70|24|17|13|15|9|5|13|8|6|4|5|5|4|7|10|5|3|7|7|16|18|8|5|5|3|2|3|8|9|9|5|3|8|13|5|13|9|9|8|7|5|8|7|7|10|2|5|10|2|2|3|1|3|2|2|3|0|12|26|8|0|1|3|
2012-02-03|6|1_CTs|CT3||19|16|7|9|5|4|0|2|0|1|3|2|3|1|5|9|2|5|13|7|8|15|13|27|29|31|29|51|43|49|63|64|103|114|110|105|84|77|70|62|43|54|51|54|51|43|30|48|46|45|47|34|52|51|51|37|54|45|41|63|43|58|60|48|76|52|49|60|68|73|64|74|66|80|120|130|85|71|84|37|34|32|37|37|28|31|28|24|24|30|21|29|24|20|22|13|
2012-02-03|6|1_CTs|CT4||12|15|8|5|4|3|3|2|1|3|2|3|2|2|0|1|1|2|0|3|1|1|0|3|5|2|5|2|6|12|13|33|61|56|20|31|32|19|23|26|34|20|23|23|27|30|25|25|25|31|35|35|44|29|34|21|24|45|40|32|23|41|27|29|28|33|42|37|44|44|42|49|39|43|64|42|43|40|45|36|53|33|29|24|27|18|19|15|13|21|12|18|10|13|13|15|
2012-02-03|6|1_CTs|CT5||21|30|21|9|13|11|6|6|11|9|4|6|2|5|3|11|7|3|6|8|3|9|6|7|13|10|21|16|18|37|41|40|55|61|68|99|82|64|71|62|84|63|56|60|66|48|52|65|74|56|65|59|62|50|66|50|70|76|59|87|78|84|80|99|93|77|63|84|80|66|88|84|66|66|67|78|58|64|72|61|75|48|42|51|56|46|52|35|36|30|37|33|38|27|36|30|
2012-02-03|6|1_CTs|CT6||29|28|21|16|15|13|2|7|13|8|3|2|4|4|4|5|6|4|5|7|12|10|6|14|14|22|23|26|31|41|67|96|153|165|169|182|195|150|132|110|120|97|98|105|113|83|87|102|118|97|92|95|95|120|111|87|101|140|135|132|133|120|102|119|107|135|121|127|154|162|164|113|146|138|139|136|116|128|121|119|110|114|96|80|84|58|73|55|48|58|54|56|55|40|44|43|
2012-02-03|6|1_CTs|CT7||5|4|6|4|2|3|3|0|2|0|0|0|3|1|0|1|0|1|3|3|1|1|4|2|3|4|2|3|7|12|15|25|37|37|33|35|43|40|33|26|26|22|18|21|20|26|24|15|29|21|29|20|29|25|21|30|19|29|30|20|19|26|18|18|18|31|23|18|29|28|38|46|30|24|16|15|8|16|15|26|15|20|11|19|14|17|14|14|7|17|10|9|10|9|4|4|
2012-02-03|6|1_CTs|CT8||44|42|30|29|25|19|16|14|18|15|13|8|22|8|5|9|7|5|4|8|5|11|21|25|23|34|36|51|79|114|168|210|232|242|212|223|220|197|178|186|156|159|145|148|156|133|155|121|126|167|155|161|162|140|121|142|145|162|147|156|154|183|175|159|167|176|171|162|171|173|198|200|222|202|203|192|190|187|189|173|171|142|144|109|84|101|119|78|88|68|79|88|60|73|64|58|
2012-02-03|6|1_CTs|CT9||55|64|31|38|24|16|8|19|10|14|11|13|7|11|9|6|8|5|17|7|12|14|15|40|37|44|46|68|99|117|202|248|291|316|334|357|318|323|289|260|226|217|210|198|193|181|178|227|190|181|215|203|173|221|210|218|198|214|253|232|219|205|229|226|219|251|267|257|269|302|325|334|363|370|343|371|351|354|338|319|238|176|159|163|132|117|111|96|94|91|78|91|82|86|92|83|
2012-02-03|6|1_CTs|CT10||47|23|27|12|17|18|13|11|13|6|2|11|1|4|3|8|1|6|7|6|8|14|13|25|28|28|33|45|43|62|118|149|184|192|185|231|226|187|193|166|151|166|164|169|158|156|158|154|163|158|151|183|195|170|167|197|181|165|185|207|211|216|221|246|211|221|233|198|250|255|252|215|250|244|281|264|220|217|208|191|187|152|137|148|118|93|75|75|80|78|59|63|51|55|51|59|
2012-02-03|6|1_CTs|CT11||25|37|23|17|14|12|7|4|11|13|10|7|7|9|8|7|7|8|14|10|17|15|22|39|31|34|62|81|124|155|243|328|325|332|337|318|326|299|291|260|245|213|186|179|192|191|170|197|164|181|216|187|203|209|162|152|161|176|169|200|204|192|165|170|164|234|229|209|239|232|221|230|226|213|195|201|199|192|177|218|166|149|136|137|131|93|77|66|71|65|31|34|61|49|51|59|
2012-02-03|6|1_CTs|CT12||41|30|26|18|19|14|18|10|17|6|6|12|6|7|5|6|7|8|11|10|14|17|17|22|26|34|36|49|61|74|145|208|254|306|279|306|287|266|218|220|186|161|175|149|164|170|172|178|171|174|176|200|233|219|170|187|204|187|185|208|202|225|236|229|228|257|302|280|286|300|310|335|302|251|307|333|293|280|247|229|198|218|157|170|120|114|93|70|99|82|71|61|66|59|64|61|
2012-02-03|6|1_CTs|CT13||32|41|22|23|11|11|8|11|12|7|5|2|7|5|4|10|6|7|6|7|4|12|12|27|29|35|33|46|72|84|136|189|224|267|220|274|255|252|208|207|186|147|144|142|141|148|168|165|155|152|186|147|167|181|163|180|159|169|180|182|160|156|175|187|190|188|208|205|212|283|274|320|301|302|344|333|325|300|271|241|154|155|111|132|89|90|82|79|68|84|68|78|57|75|56|34|
2012-02-03|6|1_CTs|CT14||31|15|15|15|10|11|9|6|12|3|4|12|5|6|2|6|4|6|4|1|7|18|14|15|16|20|23|23|33|39|59|59|91|93|82|116|117|122|85|112|83|113|84|86|110|106|94|107|103|123|114|115|154|138|117|116|119|120|138|144|135|156|168|179|144|169|172|147|165|178|197|178|184|215|211|199|183|185|159|144|121|132|75|83|72|81|59|47|47|53|54|40|40|49|36|41|
2012-02-03|6|1_CTs|CT15||9|17|6|5|4|8|7|3|6|0|3|2|3|5|4|3|4|2|5|8|8|7|11|17|24|28|26|33|32|57|85|125|179|184|172|184|137|138|127|117|110|73|59|69|80|70|71|86|69|64|99|69|72|73|84|83|56|75|94|75|66|66|69|72|68|86|97|86|83|104|108|132|170|166|161|163|168|177|179|104|87|58|60|58|38|63|37|31|30|24|36|19|16|24|22|20|
2012-02-03|6|1_CTs|CT16||46|39|35|22|16|17|15|7|11|11|6|6|7|7|2|8|6|6|9|11|6|10|14|33|20|27|37|58|75|104|172|222|287|298|248|257|275|287|227|231|211|207|180|189|191|183|184|168|190|157|199|203|196|184|198|167|185|166|153|188|180|185|213|205|187|211|212|197|219|221|267|222|234|195|222|202|150|203|173|196|172|163|137|153|137|106|99|94|83|103|60|63|78|63|43|65|
2012-02-03|6|1_CTs|CT17||3|9|4|4|4|1|2|3|1|2|4|2|0|3|1|1|1|0|2|1|1|1|2|1|3|1|3|5|3|6|12|26|44|47|39|52|44|40|33|34|34|26|31|36|37|27|35|35|28|27|36|41|44|33|30|26|37|37|35|27|31|49|33|32|39|53|38|48|49|51|54|62|55|59|36|66|54|47|56|42|35|39|31|25|20|26|18|21|12|11|16|9|16|13|17|11|
2012-02-03|6|1_CTs|CT18||65|75|51|43|36|20|19|15|18|22|17|12|9|12|9|22|12|8|16|16|9|22|17|23|30|46|59|57|78|121|186|251|300|329|297|336|345|310|313|312|261|234|241|238|234|224|235|219|236|219|232|242|246|252|254|227|248|246|250|293|292|275|282|290|300|322|313|294|298|282|340|331|308|302|322|320|242|277|257|254|256|213|188|185|180|159|142|115|110|115|114|102|110|92|102|96|
2012-02-03|6|1_CTs|CT19||50|33|28|25|26|23|14|16|9|11|17|10|5|10|6|11|6|6|7|2|11|5|4|12|13|11|21|16|25|40|58|98|181|165|149|162|163|139|152|160|127|124|117|131|111|109|127|153|153|145|144|126|162|136|113|137|137|143|147|136|176|182|148|159|180|197|177|204|168|207|197|241|224|244|227|220|213|188|184|174|162|155|129|117|99|76|86|68|74|58|51|56|59|54|58|70|
2012-02-03|6|1_CTs|CT20||29|26|17|16|11|5|5|6|1|5|5|3|2|2|7|5|4|3|7|5|5|14|10|19|17|24|22|30|30|46|64|85|108|166|152|174|148|127|129|124|113|98|53|31|100|110|47|56|70|128|120|64|55|110|115|116|123|125|83|38|133|134|129|15|78|15|58|70|82|167|151|36|132|176|84|120|61|119|66|71|103|109|84|60|67|6|48|75|54|49|15|57|44|20|45|59|
2012-02-03|6|1_CTs|CT21||63|51|45|26|24|19|30|9|14|15|11|9|13|11|11|6|13|11|20|16|21|25|33|42|50|57|81|100|131|173|264|328|373|348|371|367|369|299|292|307|233|248|235|228|229|224|225|242|207|218|258|225|210|216|188|216|217|205|234|247|240|233|232|256|221|228|246|254|260|250|289|268|281|299|337|373|333|317|293|241|186|182|196|164|167|138|113|126|107|128|100|109|92|77|96|93|
2012-02-03|6|1_CTs|CT22||117|81|64|44|45|40|39|33|24|31|25|28|15|22|14|24|17|28|21|33|30|28|44|52|60|81|75|100|108|115|133|166|243|219|299|296|265|271|233|281|261|218|205|246|246|272|267|258|261|286|282|230|267|244|225|240|257|275|290|292|299|319|276|316|338|355|363|399|400|370|429|420|390|380|387|377|366|362|318|330|285|312|241|250|216|163|155|168|157|158|147|145|130|120|128|118|
2012-02-03|6|1_CTs|CT23||40|47|34|22|24|22|15|14|16|11|15|6|14|11|6|6|2|5|7|10|8|11|21|30|27|28|31|54|71|81|150|185|231|256|230|276|203|207|157|178|146|159|128|151|127|113|126|125|132|131|142|142|164|145|130|134|155|140|144|149|146|169|172|188|164|187|188|191|216|214|216|195|229|283|257|261|252|242|232|202|160|156|136|119|76|100|102|95|85|74|82|83|58|61|55|65|
2012-02-03|6|1_CTs|CT24||90|75|67|38|32|19|21|28|12|18|13|11|11|13|12|8|18|18|10|20|29|21|26|39|42|43|67|80|101|118|166|230|242|338|314|312|325|326|299|311|297|292|260|235|200|276|246|239|260|248|261|239|252|285|240|267|290|281|307|281|348|340|314|310|336|345|362|343|399|401|415|436|431|428|432|391|388|384|349|352|322|292|235|190|165|155|136|120|115|108|110|141|91|105|90|93|
