2013-03-25|22|1_CTs|CT1||8|8|8|7|10|13|1|3|5|3|3|2|4|1|0|3|5|3|4|9|14|17|9|25|22|27|17|26|51|37|66|107|90|127|141|130|119|130|103|107|75|80|92|87|71|60|75|63|74|72|76|81|91|66|45|78|69|68|82|69|81|83|64|77|66|84|63|71|81|82|78|96|105|112|114|88|92|69|67|58|58|43|39|24|31|26|18|23|27|25|19|20|14|11|14|14|
2013-03-25|22|1_CTs|CT2||31|23|24|18|20|20|10|6|5|4|4|6|8|4|5|8|21|44|3|10|8|21|26|41|51|69|53|68|86|74|128|181|211|273|241|230|211|289|239|248|196|181|216|202|177|196|171|174|188|165|253|235|201|283|217|292|347|221|176|157|141|197|188|181|161|158|162|176|186|191|230|205|203|240|261|203|217|182|180|142|130|115|96|81|77|72|62|65|74|59|63|44|43|54|49|38|
2013-03-25|22|1_CTs|CT3||28|25|32|21|21|14|11|8|7|8|10|3|9|9|2|6|8|4|4|7|8|17|30|25|34|48|49|64|83|92|136|217|188|199|252|240|243|283|255|234|208|197|215|210|165|177|177|174|191|178|198|200|198|157|161|203|208|204|180|195|207|240|219|211|222|201|201|204|208|235|283|274|234|288|309|241|258|219|186|154|161|132|111|105|92|87|65|94|80|71|64|49|55|66|58|45|
2013-03-25|22|1_CTs|CT4||22|18|17|8|8|6|5|4|6|4|7|5|2|3|3|1|4|2|5|3|6|12|14|20|29|24|32|41|51|72|91|104|118|143|137|160|162|167|158|152|162|135|165|131|129|137|133|151|149|155|144|151|148|128|139|143|176|130|152|156|156|131|136|136|146|151|163|175|182|164|192|183|180|212|218|214|173|198|166|144|134|119|90|101|91|83|54|48|54|42|51|35|31|40|32|29|
2013-03-25|22|1_CTs|CT5||29|25|17|14|12|6|4|6|2|2|6|4|4|4|5|2|5|1|5|5|9|18|16|22|27|30|37|54|45|65|99|120|128|182|184|180|221|227|194|199|182|164|164|157|151|143|174|180|181|165|200|177|183|150|148|147|184|157|212|177|177|186|176|177|175|187|199|212|220|217|222|217|204|227|263|234|205|215|202|178|157|146|112|100|97|87|71|58|61|57|53|38|45|38|42|32|
2013-03-25|22|1_CTs|CT6||26|15|13|6|7|11|5|3|6|5|3|2|6|2|7|2|2|6|8|0|11|13|15|20|22|21|23|30|28|46|44|63|70|64|80|91|99|97|75|93|91|94|97|88|87|86|107|99|96|105|113|96|101|86|85|75|98|102|112|92|83|117|106|99|99|106|121|112|146|130|147|121|143|168|169|150|135|166|128|112|107|79|83|59|70|55|46|36|35|33|50|25|33|26|25|25|
2013-03-25|22|1_CTs|CT7||4|2|2|0|4|6|1|2|1|2|1|1|0|0|2|3|0|3|0|2|0|2|0|0|4|4|5|7|14|4|19|15|16|27|34|38|30|37|26|29|25|25|23|18|18|21|17|19|22|25|31|25|22|15|20|27|29|28|23|23|22|27|24|29|30|9|16|27|30|21|33|29|22|29|32|20|21|13|21|17|15|12|12|8|16|8|7|10|7|4|4|5|5|4|3|3|
2013-03-25|22|1_CTs|CT8||9|11|8|7|8|5|1|3|1|3|3|1|1|1|1|0|1|2|1|0|2|2|4|2|2|4|7|12|17|19|24|55|43|50|63|74|73|89|70|68|80|75|77|63|61|69|67|69|79|62|62|68|71|62|64|65|87|83|78|68|96|78|88|94|82|83|70|98|83|98|87|89|90|96|85|82|91|78|71|61|82|71|54|52|49|31|22|26|42|40|21|20|23|27|23|24|
2013-03-25|22|1_CTs|CT9||24|27|21|12|20|8|3|8|3|3|2|7|3|3|5|3|2|5|4|9|15|12|19|25|19|41|51|81|77|112|162|264|229|228|272|299|264|297|260|240|228|178|189|200|161|177|176|176|190|176|205|183|199|160|170|194|191|176|194|200|195|176|194|189|201|183|179|201|186|179|167|152|176|145|166|138|120|136|137|146|111|112|92|88|66|62|52|65|52|59|49|8|39|34|28|26|
2013-03-25|22|1_CTs|CT10||1|1|0|1|0|1|0|1|0|0|0|1|0|0|0|1|0|2|1|0|2|3|2|4|2|9|5|7|1|4|4|7|8|2|1|6|3|5|6|5|3|4|6|5|9|3|6|5|4|1|3|6|7|3|2|5|2|2|5|3|4|4|4|5|4|3|9|3|14|7|6|2|7|6|2|3|2|3|2|2|5|1|3|1|0|1|0|1|1|0|3|14|12|0|0|3|
