2013-03-22|7|1_CTs|CT1||31|18|18|17|15|5|14|7|14|6|2|2|5|6|3|3|4|5|4|4|8|6|5|4|20|12|24|29|31|51|83|103|120|143|184|186|196|194|167|183|162|155|161|138|120|147|165|119|145|131|144|114|116|114|95|108|114|143|160|148|158|154|154|114|130|147|139|133|134|159|163|127|148|155|168|140|141|130|111|146|98|112|89|107|66|83|54|59|54|48|43|43|52|36|36|48|
2013-03-22|7|1_CTs|CT2||62|39|28|38|22|30|18|16|10|8|10|6|6|18|4|8|10|6|4|16|8|12|10|10|16|24|38|45|61|54|84|166|215|288|315|209|276|281|288|273|246|267|222|245|171|158|222|214|208|188|206|193|173|185|213|160|166|253|215|250|145|256|212|244|271|212|202|212|331|374|319|278|313|280|256|252|230|238|190|225|225|176|158|160|103|133|85|137|108|104|65|69|84|69|72|69|
2013-03-22|7|1_CTs|CT4||36|35|24|23|24|27|26|23|12|19|19|11|6|15|17|12|13|14|12|6|5|8|1|1|5|3|1|0|9|0|4|6|10|13|8|5|21|17|27|7|23|24|18|22|29|19|22|13|27|14|43|29|34|18|20|26|23|24|15|26|25|35|37|36|37|40|42|56|67|62|52|65|62|57|57|52|72|50|61|50|50|75|43|23|24|36|45|40|41|51|34|24|39|46|33|33|
2013-03-22|7|1_CTs|CT6||41|46|34|49|28|23|23|38|7|15|15|13|5|12|12|10|6|5|6|6|6|7|10|12|9|16|28|15|24|39|54|68|86|85|120|138|154|139|135|128|151|146|105|127|132|112|144|123|133|129|135|136|159|121|124|146|138|138|127|147|141|163|166|144|155|182|182|204|235|194|190|187|223|236|211|188|184|157|178|151|122|133|107|104|98|72|82|92|87|82|73|55|60|61|56|60|
2013-03-22|7|1_CTs|CT7||41|37|19|17|11|14|7|11|10|6|11|9|9|11|0|3|7|5|6|12|7|8|14|16|18|10|30|32|28|52|67|76|72|100|114|108|107|106|119|100|118|108|100|105|110|107|101|115|105|101|117|104|111|94|98|98|95|104|121|128|102|130|138|109|120|141|119|149|154|134|155|167|168|160|160|148|137|130|131|144|143|110|82|97|67|83|69|45|62|52|58|54|54|43|31|35|
2013-03-22|7|1_CTs|CT8||116|119|67|78|43|34|36|30|27|26|29|35|18|20|15|19|29|42|36|36|51|72|79|110|114|147|125|161|179|233|335|383|341|432|402|444|433|397|390|369|387|341|330|343|321|317|340|338|325|309|306|318|309|254|284|297|312|311|329|374|372|364|350|371|371|369|372|370|405|365|394|419|364|383|390|351|360|308|353|305|300|276|241|257|224|186|189|154|176|176|187|142|121|157|129|126|
2013-03-22|7|1_CTs|CT12||65|48|36|50|41|37|25|28|23|22|21|13|8|14|13|11|7|6|9|14|8|7|14|22|15|28|36|29|37|45|81|91|114|128|176|212|189|202|204|184|202|183|194|178|200|174|166|183|207|233|183|201|206|177|174|160|190|186|189|200|192|208|219|209|236|229|261|236|262|241|238|272|248|270|307|272|280|269|254|231|222|189|168|169|161|118|128|124|113|117|104|87|103|73|81|86|
2013-03-22|7|1_CTs|CT13||16|17|16|10|4|4|4|3|4|2|6|3|3|3|0|1|3|1|2|2|3|2|3|3|4|3|8|13|14|23|26|32|35|39|48|54|57|42|56|56|57|46|53|49|61|50|52|44|58|46|48|51|41|52|45|48|48|50|68|69|50|64|58|56|42|55|56|70|54|61|67|75|83|66|77|89|70|66|64|64|60|47|40|55|35|48|31|36|36|35|33|33|33|33|22|26|
2013-03-22|7|1_CTs|CT14||152|152|86|83|80|49|58|42|51|27|34|33|41|30|27|34|28|33|33|37|46|54|57|76|88|82|87|105|99|172|164|222|246|277|312|398|365|386|384|345|312|336|278|275|347|348|362|341|352|420|404|357|336|304|306|311|323|344|368|411|394|410|412|417|432|411|439|492|496|496|578|537|553|545|538|502|498|476|497|448|433|425|333|312|267|246|218|220|227|193|193|174|174|156|158|159|
2013-03-22|7|1_CTs|CT15||22|33|24|13|24|18|12|22|5|8|15|5|5|13|10|7|5|7|9|5|6|5|13|11|5|18|18|15|26|22|32|41|44|60|59|94|99|116|121|80|97|91|67|70|76|73|77|60|72|63|76|62|89|69|52|94|83|73|65|79|65|84|75|72|100|79|102|108|126|106|108|133|122|107|110|104|90|102|97|90|66|79|66|55|46|38|44|50|43|48|58|39|36|36|34|46|
