2012-11-06|3|1_CTs|ct1||36|33|16|16|12|11|11|8|4|8|5|2|5|3|7|2|5|5|3|3|3|3|10|20|11|16|27|41|38|78|109|145|199|237|222|215|214|232|197|206|163|168|166|146|154|169|167|160|135|133|157|172|182|157|171|171|160|198|193|200|190|201|182|193|178|216|197|165|185|199|198|206|226|203|196|212|183|213|201|209|189|199|173|132|108|86|102|99|102|90|81|70|88|63|71|60|
2012-11-06|3|1_CTs|ct3||149|65|76|29|66|146|24|43|61|20|12|21|22|33|16|21|15|21|13|14|27|15|41|55|36|48|64|76|58|117|166|194|237|275|260|248|263|293|261|275|236|263|260|271|264|246|264|289|254|272|284|294|288|277|264|227|293|284|280|296|300|269|297|254|269|250|252|276|291|282|254|251|233|212|202|240|226|267|298|300|238|288|259|260|197|180|397|144|197|239|219|150|194|232|134|117|
2012-11-06|3|1_CTs|ct5||11|5|5|4|2|2|3|2|5|2|2|2|1|2|1|0|1|0|2|2|3|0|2|1|2|2|3|6|8|15|21|24|25|27|26|28|29|32|29|41|29|32|39|30|26|31|33|35|44|34|31|35|40|30|20|36|29|27|27|34|38|42|41|31|24|27|35|44|43|26|39|35|35|30|38|34|29|35|28|33|42|33|38|21|18|20|18|17|16|14|15|16|10|11|11|15|
2012-11-06|3|1_CTs|ct6||29|30|27|27|20|16|10|9|10|17|11|5|9|7|0|0|4|2|6|8|6|8|12|16|31|33|46|62|67|89|147|110|177|184|141|152|147|157|184|156|125|103|113|78|86|118|86|103|83|133|106|104|107|92|94|93|85|116|108|114|103|156|100|88|100|98|85|106|109|100|112|106|155|158|142|116|139|128|117|113|123|92|76|57|70|84|52|62|57|71|61|67|60|47|37|38|
2012-11-06|3|1_CTs|ct9||68|46|47|59|46|40|44|29|40|35|44|36|31|20|21|16|22|20|30|23|16|20|36|25|24|20|36|51|47|85|108|166|184|258|243|269|233|219|198|193|224|177|193|157|169|161|193|152|178|147|179|165|173|168|148|161|142|143|183|177|180|159|171|164|212|194|212|205|187|227|241|196|221|209|214|192|227|236|189|181|192|159|135|120|101|84|97|100|115|110|85|95|83|90|76|81|
2012-11-06|3|1_CTs|ct10||51|50|48|38|47|30|29|21|25|20|15|15|10|15|13|11|20|7|13|9|18|16|17|10|18|26|23|22|36|51|63|95|143|138|151|163|156|162|155|143|131|111|145|133|129|101|107|118|127|123|126|134|146|124|118|122|136|130|153|133|170|143|145|138|141|135|153|148|140|159|152|149|160|158|148|124|159|144|146|146|151|129|126|118|93|99|91|106|91|102|78|86|93|98|63|80|
2012-11-06|3|1_CTs|ct13||701|77|405|597|233|313|1236|1134|1173|1095|1009|1072|1213|1232|1678|1794|1585|2025|2465|1347|2216|2691|40|57|49|1518|282|266|296|197|236|307|449|219|201|201|183|194|197|199|186|210|201|190|190|239|208|229|226|219|194|189|211|208|170|195|205|179|214|209|217|227|208|245|252|222|239|226|216|221|225|209|225|229|192|212|271|235|225|218|236|225|218|208|163|163|131|154|140|136|93|127|126|110|111|94|
2012-11-06|3|1_CTs|CT16||72|85|52|41|48|56|45|265|42|30|35|30|18|16|8|13|22|8|12|15|14|12|7|18|12|25|15|35|30|59|60|105|138|159|145|144|169|158|270|356|152|348|193|142|146|172|156|129|162|123|162|177|115|128|127|111|114|123|151|168|161|171|151|145|158|181|184|199|191|198|197|172|225|208|178|193|214|198|166|173|160|155|107|116|101|56|75|59|117|92|93|87|98|85|77|101|
2012-11-06|3|1_CTs|ct17||50|57|38|28|41|23|15|12|18|16|10|12|14|11|10|8|13|6|9|6|16|13|20|20|22|30|34|32|69|78|133|203|291|327|326|309|318|325|304|255|248|218|233|215|189|182|174|197|186|205|179|211|205|202|163|186|190|183|238|219|234|219|214|216|216|225|263|227|238|231|225|225|242|226|256|256|270|226|222|232|198|184|184|160|134|132|102|103|102|103|106|110|110|99|74|74|
2012-11-06|3|1_CTs|ct18||72|76|60|49|59|42|37|30|31|27|20|19|13|16|14|18|21|10|11|12|27|19|33|19|25|40|32|52|59|83|98|141|200|234|266|247|252|221|229|186|196|150|186|196|180|161|156|153|152|173|152|177|161|172|134|154|143|169|208|222|196|215|178|194|174|147|193|153|184|189|191|141|187|173|164|165|212|173|171|187|181|174|149|136|135|119|122|128|109|126|109|108|118|113|98|101|
2012-11-06|3|1_CTs|ct22||6|5|5|5|3|1|1|1|2|2|0|0|2|0|1|2|2|4|0|0|1|1|2|3|4|2|5|5|5|5|17|10|19|20|21|27|20|17|22|24|33|33|19|19|40|13|27|26|27|26|32|27|35|21|25|19|35|27|16|28|33|23|25|28|27|44|38|37|59|60|40|50|52|60|56|42|37|45|37|34|28|20|23|16|14|3|9|9|8|2|1|5|3|4|2|6|
2012-11-06|3|1_CTs|CT23||90|87|50|39|18|41|17|22|22|28|12|6|27|22|13|5|4|8|8|5|11|7|13|12|13|13|31|40|60|90|114|226|254|264|280|263|290|253|219|199|204|199|194|169|162|179|201|218|199|221|247|264|283|245|257|197|269|256|230|255|256|271|260|284|291|288|325|304|390|398|394|402|411|456|417|410|409|425|401|358|369|343|330|218|247|204|211|186|207|153|152|138|126|114|99|122|
2012-11-06|3|1_CTs|ct24||120|110|113|88|53|62|36|45|32|43|25|34|25|27|21|39|24|23|43|41|51|61|72|129|116|168|315|524|658|929|1038|970|925|1022|1087|1060|959|833|888|932|909|863|873|820|766|730|680|752|731|764|742|745|779|765|704|731|781|874|870|866|778|796|758|807|746|746|766|732|738|839|829|823|889|917|910|903|881|840|766|731|636|639|549|486|409|360|349|334|334|331|309|281|266|257|218|159|
