2016-11-08|3|1_CTs|ct1||63|56|48|297|22|17|32|284|14|17|15|5|13|12|8|10|8|9|9|7|14|9|20|17|29|33|40|53|84|111|170|456|219|229|236|465|200|191|191|163|141|163|418|415|179|175|423|167|180|422|193|186|187|166|165|435|171|418|185|453|436|198|709|459|454|420|216|733|471|736|478|220|209|215|969|680|432|183|446|439|176|182|168|144|124|134|114|101|102|93|106|345|76|331|358|82|
2016-11-08|3|1_CTs|ct3||84|84|49|56|54|34|52|30|11|23|29|18|279|13|16|18|20|22|25|13|14|30|296|27|40|294|74|83|358|398|176|202|454|205|453|458|707|448|266|742|184|199|490|186|218|712|461|222|198|195|227|520|364|575|571|326|334|595|765|463|228|220|196|230|188|188|186|468|173|207|157|182|189|155|178|978|466|1200|475|477|183|185|464|419|377|152|383|121|374|135|109|106|85|346|382|70|
2016-11-08|3|1_CTs|ct5||122|100|65|55|56|48|34|36|28|24|281|16|28|29|17|14|19|20|28|21|10|14|18|27|30|36|31|45|63|99|129|444|231|247|514|295|513|233|240|203|181|164|681|185|435|217|199|192|249|229|265|521|251|503|456|455|445|970|480|494|471|261|277|537|266|552|807|347|546|325|845|338|346|338|811|325|545|814|277|556|290|304|520|222|160|182|434|151|431|172|176|164|165|414|168|121|
2016-11-08|3|1_CTs|ct6||9|4|5|7|0|4|2|1|7|2|1|3|0|2|2|1|1|2|5|2|2|1|4|3|9|14|21|22|278|44|42|48|54|79|60|79|78|64|71|322|45|56|49|46|41|38|50|42|39|48|40|305|40|36|41|300|305|64|54|64|58|45|45|49|46|55|42|301|57|70|51|54|299|74|334|73|55|319|60|294|295|37|24|24|32|281|29|16|273|17|25|22|12|20|16|11|
2016-11-08|3|1_CTs|ct7||95|96|80|65|62|62|46|49|48|49|265|31|38|34|34|20|28|24|32|22|21|17|23|31|36|37|276|570|58|58|82|103|127|132|125|147|135|122|401|128|372|125|396|138|151|391|152|171|162|645|169|646|392|144|372|143|390|422|175|164|167|405|390|179|167|185|164|178|156|70|53|60|45|54|62|366|152|145|407|174|164|154|147|94|0|0|0|0|0|0|0|0|0|0|0|0|
2016-11-08|3|1_CTs|ct8||52|50|294|27|39|37|38|24|17|20|20|15|22|9|18|11|21|29|17|9|14|16|15|17|17|30|246|285|32|34|53|48|66|76|72|72|63|79|328|70|76|84|344|586|104|107|108|118|109|598|119|361|360|107|339|107|89|580|122|114|357|111|333|116|115|145|141|128|135|113|129|151|118|123|130|342|112|93|356|119|111|102|87|92|80|320|308|73|76|84|79|80|60|65|62|56|
2016-11-08|3|1_CTs|ct9||111|97|351|73|55|88|73|48|49|309|39|34|24|39|35|28|16|24|21|21|28|36|33|27|33|33|53|74|110|113|654|517|552|532|371|254|291|336|324|514|461|463|515|688|409|792|818|443|218|484|237|465|229|186|250|250|483|209|1023|191|234|223|274|292|309|267|583|799|526|267|447|150|420|153|187|282|253|472|262|233|237|221|379|2264|1044|277|653|192|379|136|107|135|112|133|97|115|
2016-11-08|3|1_CTs|ct10||81|81|77|65|59|53|40|42|59|40|38|19|38|30|37|13|14|18|13|11|20|20|22|25|18|32|22|41|44|54|87|102|160|131|184|172|167|122|146|146|124|103|123|138|117|120|116|117|132|125|145|132|137|115|118|120|121|128|155|161|128|141|144|134|149|142|119|148|149|158|151|155|150|142|125|134|130|136|132|136|137|179|125|139|118|123|122|113|78|100|103|126|109|112|89|90|
2016-11-08|3|1_CTs|ct13||228|162|128|409|142|96|100|372|811|114|72|68|82|80|147|293|42|395|77|58|68|841|96|871|142|106|86|120|162|237|232|447|363|319|248|276|259|211|225|311|213|238|306|381|251|529|390|488|296|1111|318|514|323|717|262|349|371|306|286|842|620|299|830|556|486|502|506|550|283|236|511|271|284|300|510|239|292|766|511|529|293|316|602|1009|317|283|226|227|236|234|468|466|241|224|531|216|
2016-11-08|3|1_CTs|CT16||92|89|311|78|68|63|36|39|43|34|27|32|285|27|20|33|19|13|14|30|22|27|33|21|22|23|26|65|311|76|122|149|456|194|236|254|708|191|202|208|190|202|192|477|202|201|186|724|214|201|264|201|209|202|256|521|506|236|462|252|236|189|484|201|224|209|234|497|282|507|756|267|808|251|252|552|526|305|221|197|467|218|177|161|410|124|127|122|113|123|142|115|125|106|107|99|
2016-11-08|3|1_CTs|ct19||0|0|0|0|0|0|0|0|0|0|0|0|0|0|0|0|0|0|0|0|0|0|0|0|0|0|0|0|0|0|0|0|0|0|0|0|0|0|0|0|0|1|0|0|0|0|0|0|0|0|0|0|0|0|0|0|0|0|0|0|0|0|0|0|0|0|0|0|0|0|0|0|0|0|0|0|0|0|0|0|0|0|0|0|0|0|0|0|0|0|0|0|0|0|0|0|
2016-11-08|3|1_CTs|ct20||0|0|0|0|0|0|0|0|0|0|0|0|0|0|0|0|0|0|0|0|0|0|0|0|0|0|0|0|0|0|0|0|0|0|0|0|0|0|0|0|0|1|0|0|0|0|0|0|0|0|0|0|0|0|0|0|0|0|0|0|0|0|0|0|0|0|0|0|0|0|0|0|0|0|0|0|0|0|0|0|0|0|0|0|0|0|0|0|0|0|0|0|0|0|0|0|
2016-11-08|3|1_CTs|ct22||3|6|2|0|1|3|1|0|0|1|1|2|2|0|3|0|0|1|1|0|1|1|0|2|1|6|6|5|6|11|16|12|18|18|14|10|16|11|20|13|272|16|20|18|23|17|274|18|20|23|21|285|19|17|271|15|278|26|22|20|22|20|31|24|28|27|31|36|38|33|32|48|50|43|42|33|41|28|27|22|22|26|24|27|36|18|6|14|7|3|5|5|8|270|13|5|
2016-11-08|3|1_CTs|CT23||1250|2510|3086|3270|2040|2116|2031|2803|801|1547|2788|3053|5873|7776|4826|437|242|326|544|517|363|470|682|431|2744|6582|7775|5282|1712|308|92|153|159|398|154|128|627|354|92|84|79|340|734|800|104|628|305|349|132|394|142|186|298|803|1942|1688|2062|1806|1741|1072|1950|1535|1332|1610|2029|2298|2405|2372|1235|503|161|234|677|156|438|216|522|1007|580|393|521|289|619|433|916|942|741|1224|926|224|449|488|518|851|570|925|
2016-11-08|3|1_CTs|ct24||66|43|50|17|23|13|13|11|17|9|15|6|16|8|11|14|11|24|12|22|30|21|35|48|77|118|500|622|538|587|639|801|562|552|461|540|597|513|558|845|548|836|790|771|499|1298|529|935|362|516|567|449|407|613|428|420|446|479|727|983|448|401|942|423|387|432|411|699|438|481|459|514|508|521|507|508|641|705|871|343|543|295|238|710|196|403|409|130|397|154|132|383|351|103|570|76|
