2015-07-23|2|1_CTs|ct1||330|67|65|61|290|38|46|24|275|25|17|18|13|13|20|12|14|16|13|274|20|21|29|33|41|51|54|71|88|94|373|145|418|146|189|180|185|447|194|447|186|213|441|452|181|202|205|444|196|194|192|442|201|203|68|94|86|146|651|177|451|159|466|447|187|199|169|435|193|178|150|166|150|179|182|188|185|179|457|209|191|174|189|356|516|151|140|124|140|111|112|114|104|113|97|86|
2015-07-23|2|1_CTs|ct2||43|50|35|25|30|23|31|19|276|16|10|12|16|12|11|6|7|13|9|7|19|8|13|18|24|27|23|26|25|30|294|48|54|60|79|70|87|81|356|108|111|116|357|99|103|362|350|120|347|120|102|101|102|98|52|79|113|120|117|122|379|124|112|610|84|105|83|350|118|103|89|108|331|97|79|98|92|80|92|363|109|108|110|106|342|92|69|73|89|83|64|68|81|60|321|85|
2015-07-23|2|1_CTs|ct3||93|90|78|70|58|43|42|38|279|26|24|30|281|19|11|17|16|13|17|23|25|32|24|37|294|42|54|53|73|84|75|112|139|155|142|161|147|168|182|190|180|205|220|201|207|203|207|229|455|195|198|449|223|202|389|36|163|477|477|234|223|241|215|211|190|214|171|428|195|448|186|195|177|202|199|215|202|195|201|213|210|197|215|615|528|190|156|123|151|125|108|117|130|118|125|119|
2015-07-23|2|1_CTs|ct4||73|58|72|52|28|35|282|23|25|13|26|17|17|16|24|17|18|14|17|13|18|12|24|23|23|35|30|28|35|45|62|75|83|91|106|132|107|366|125|142|365|136|114|123|139|133|152|133|108|129|382|136|138|102|132|116|106|395|393|107|144|161|407|133|133|130|138|143|345|148|131|386|129|106|137|120|113|120|120|360|373|111|112|114|98|69|107|100|349|84|88|82|349|107|77|96|
2015-07-23|2|1_CTs|ct5||124|119|105|93|66|66|61|38|50|31|295|23|30|27|28|20|27|18|18|16|27|24|27|22|28|39|34|41|44|59|76|101|388|408|172|158|191|428|182|450|197|190|193|172|482|748|228|472|216|215|181|476|189|183|184|150|407|477|225|437|226|233|480|201|238|212|224|262|215|190|175|204|201|210|202|199|187|460|187|180|178|192|158|424|152|118|171|158|161|142|141|652|150|153|134|154|
2015-07-23|2|1_CTs|ct6||29|24|20|27|21|15|15|12|13|9|15|15|13|9|11|5|4|9|9|6|8|4|10|10|9|13|14|7|14|11|17|23|20|22|40|34|33|38|38|47|54|35|0|0|6|0|3|468|51|46|54|66|43|53|55|55|64|56|59|61|43|68|307|60|69|69|320|61|65|63|320|45|312|70|59|70|48|66|313|52|61|54|52|57|55|312|59|49|56|53|55|50|309|307|51|50|
2015-07-23|2|1_CTs|ct17||114|111|87|100|337|60|62|61|43|300|28|35|29|25|21|26|27|18|27|37|38|41|27|41|48|67|73|73|81|355|102|390|436|160|163|191|189|198|208|486|263|295|242|243|257|525|240|266|249|241|238|232|255|247|185|114|169|244|245|258|275|264|256|269|252|474|498|495|250|531|224|259|226|263|223|269|272|493|250|258|261|275|247|236|205|213|187|151|187|126|134|123|140|658|119|142|
2015-07-23|2|1_CTs|CT19||39|55|34|39|23|25|15|17|13|12|11|14|10|8|6|9|3|3|9|9|8|8|10|15|12|12|18|20|40|40|42|62|87|88|331|97|72|316|90|98|91|595|140|365|113|363|125|132|126|107|121|126|106|93|341|55|340|374|116|133|155|385|377|382|390|361|131|119|125|135|139|632|638|123|373|147|130|393|393|393|128|115|111|361|319|96|81|73|80|63|65|41|76|326|55|62|
2015-07-23|2|1_CTs|CT20||313|58|305|49|38|50|276|25|19|27|28|19|19|10|13|7|17|12|11|6|9|12|6|14|15|14|281|23|30|29|42|49|309|60|335|325|326|82|71|73|77|331|330|84|70|311|80|74|330|331|575|80|74|309|317|71|76|324|60|334|73|328|78|88|72|81|73|79|344|71|61|335|344|109|304|90|94|76|87|95|334|79|80|73|77|61|75|326|78|67|43|70|64|323|57|74|
2015-07-23|2|1_CTs|CT21||33|292|25|26|22|29|9|12|7|6|14|11|8|10|7|4|8|5|5|3|4|5|4|8|6|5|9|12|12|25|19|30|28|42|44|298|42|287|46|285|53|39|46|49|49|275|71|53|43|45|50|301|45|41|304|38|54|46|39|53|52|61|67|49|296|42|55|43|562|64|50|307|566|45|54|45|61|49|50|48|51|43|50|51|38|38|38|43|44|37|284|30|44|528|29|35|
