2016-02-23|3|1_CTs|ct1||39|23|20|20|11|11|8|6|7|5|0|1|5|5|5|2|4|4|2|259|5|2|522|13|10|19|26|34|47|95|154|179|226|232|254|251|241|232|469|203|470|214|190|438|152|166|434|134|155|175|189|173|177|150|390|437|196|208|206|450|465|191|182|412|447|174|438|216|209|221|200|222|214|205|486|192|152|141|213|449|180|171|123|132|115|87|572|80|89|79|57|79|56|62|63|44|
2016-02-23|3|1_CTs|ct3||53|40|282|24|274|15|15|13|6|7|5|11|5|13|10|4|10|12|13|269|17|23|22|35|287|23|313|309|330|123|159|201|246|497|251|503|269|260|240|237|233|749|517|259|227|212|463|233|205|480|241|216|213|209|452|229|179|268|488|235|500|479|466|203|235|469|195|218|458|201|176|201|190|176|169|167|157|155|196|213|176|187|182|689|121|125|79|100|77|342|63|92|86|315|60|57|
2016-02-23|3|1_CTs|ct5||76|76|74|310|31|290|40|16|24|21|30|13|21|10|14|13|15|273|12|7|11|7|12|20|17|17|33|29|60|70|121|141|170|259|485|266|230|245|218|480|436|444|174|192|458|215|465|201|229|229|753|255|237|204|448|439|185|485|223|243|487|243|495|243|266|1029|310|284|301|577|308|315|330|330|323|304|558|280|263|779|256|274|790|466|171|154|434|131|155|144|130|393|147|158|145|141|
2016-02-23|3|1_CTs|ct6||9|9|4|5|4|4|4|4|2|2|1|0|0|1|1|0|0|1|1|5|3|1|3|3|7|12|6|21|26|29|40|35|54|75|319|71|79|74|69|310|61|45|55|57|309|63|56|60|285|57|59|46|51|57|541|41|304|48|333|58|300|50|41|56|50|49|45|47|61|62|44|80|76|342|67|72|63|72|73|59|52|63|42|30|28|27|281|34|15|17|8|9|27|13|9|12|
2016-02-23|3|1_CTs|ct7||69|321|65|303|40|35|34|288|297|32|42|29|33|19|20|19|18|12|16|22|25|19|16|24|29|33|42|41|47|59|65|329|359|624|132|387|145|393|642|139|365|391|157|148|176|160|180|161|175|169|421|170|157|157|124|142|167|410|688|196|181|413|437|436|173|148|187|139|92|54|0|0|4|47|105|136|158|159|152|160|178|136|369|372|122|103|332|104|348|96|91|104|93|634|107|88|
2016-02-23|3|1_CTs|ct8||45|289|27|33|20|16|14|15|534|12|22|14|14|22|13|8|8|23|11|6|10|11|8|14|17|12|14|278|27|32|52|286|53|67|91|324|91|90|345|90|93|95|117|113|125|376|107|365|135|109|364|108|354|93|96|88|100|108|104|124|112|107|348|122|126|108|141|126|377|404|375|115|372|118|118|364|106|104|100|92|356|74|80|75|67|60|284|321|53|57|309|63|57|62|62|53|
2016-02-23|3|1_CTs|ct9||69|77|68|256|64|50|41|43|60|105|24|43|30|30|349|321|61|21|20|42|28|23|280|42|100|73|321|85|108|374|124|180|209|573|333|276|498|285|769|522|473|449|185|439|167|438|169|168|157|158|157|185|184|201|714|195|237|194|346|582|252|400|912|1290|648|506|263|208|225|464|348|356|239|185|248|993|631|483|178|190|463|168|450|148|136|384|354|97|129|113|92|350|83|100|333|121|
2016-02-23|3|1_CTs|ct10||75|64|45|50|33|31|19|28|24|13|16|19|19|12|4|7|8|13|10|13|11|11|18|19|17|22|23|33|26|50|69|98|146|138|149|160|148|165|132|145|127|125|125|143|135|122|133|131|136|122|141|163|136|129|121|114|114|144|164|145|129|132|149|150|148|158|148|134|160|144|147|164|170|135|153|150|142|158|166|151|159|146|126|107|113|89|103|82|84|90|85|94|72|90|75|65|
2016-02-23|3|1_CTs|ct13||142|119|114|111|88|84|75|56|316|46|52|59|56|48|22|36|40|31|32|42|32|42|52|334|46|74|74|306|93|129|170|224|224|264|560|308|247|250|231|292|731|510|526|274|214|219|558|255|533|262|1642|444|312|785|2368|874|1296|399|513|673|844|904|704|927|433|499|576|325|1228|252|444|588|382|375|1032|728|356|480|912|839|487|577|557|316|1065|814|250|252|447|769|1634|414|680|1334|1238|1148|
2016-02-23|3|1_CTs|ct14||26|28|23|21|19|12|13|12|6|2|7|10|5|6|6|7|8|1|2|11|9|7|274|19|25|53|242|249|502|783|296|532|510|252|778|285|502|294|797|247|529|507|235|235|183|440|417|438|447|212|175|454|181|414|702|457|187|729|213|475|972|692|228|430|440|176|185|210|205|216|484|241|249|491|233|214|229|495|224|465|226|151|396|384|112|129|102|358|83|96|93|344|74|66|70|313|
2016-02-23|3|1_CTs|CT16||62|85|75|31|45|46|30|43|25|29|21|9|18|28|41|17|10|11|268|20|10|18|12|17|269|18|277|40|321|78|79|128|143|418|166|149|184|185|170|171|137|411|174|156|161|422|714|163|194|157|404|167|172|157|164|156|131|677|170|144|149|433|156|146|176|209|206|183|274|262|251|283|266|270|257|274|200|237|204|478|210|191|673|135|101|98|109|85|125|346|350|97|356|108|349|89|
2016-02-23|3|1_CTs|ct18||89|87|70|55|44|36|29|36|27|22|13|23|22|11|15|9|6|15|14|19|18|17|25|32|23|35|45|50|65|103|125|174|241|225|281|261|298|201|266|243|193|207|201|224|203|197|192|185|161|176|171|196|180|175|169|186|185|196|232|192|187|187|189|205|204|190|209|180|221|176|210|175|233|218|186|215|179|195|196|206|206|183|167|129|161|125|120|90|135|130|111|122|103|112|106|103|
2016-02-23|3|1_CTs|ct19||1|0|0|1|0|2|0|0|0|0|0|0|0|0|0|0|0|0|0|0|0|0|5|1|5|6|4|8|5|8|7|5|4|6|8|6|3|10|6|11|7|5|6|3|8|6|6|5|5|6|4|13|5|5|3|7|8|5|5|4|5|7|2|6|5|6|4|6|3|11|8|6|5|9|6|4|3|9|7|6|5|1|1|3|3|0|5|4|1|3|0|4|0|2|0|0|
2016-02-23|3|1_CTs|ct22||2|6|1|0|2|3|0|3|0|0|1|0|0|0|0|2|1|1|1|0|2|0|1|1|1|4|2|4|3|7|9|6|15|13|17|20|18|15|21|17|16|12|277|30|23|26|30|8|20|31|27|30|20|27|12|27|23|21|23|281|31|27|270|29|28|31|46|62|48|50|58|69|320|61|52|62|316|292|30|25|26|24|271|12|11|8|8|7|9|8|5|1|5|7|2|5|
2016-02-23|3|1_CTs|CT23||106|67|60|61|34|41|33|21|15|26|13|12|16|11|16|1|14|274|12|5|14|5|10|14|19|44|37|68|336|96|182|252|307|608|919|388|391|334|305|227|492|536|234|261|251|244|764|270|782|851|348|372|316|310|534|537|583|844|571|318|601|566|823|345|635|403|399|427|509|753|547|532|582|617|879|551|1544|474|484|751|770|411|373|550|536|250|256|218|268|467|182|744|190|417|151|383|
2016-02-23|3|1_CTs|ct24||382|113|100|88|305|65|39|34|30|32|26|23|28|25|31|284|28|24|29|304|48|55|67|111|374|736|404|815|1031|987|1180|892|831|1064|1032|842|1039|853|782|1130|1203|1166|1170|903|804|791|768|807|749|847|1093|1085|787|780|1291|1000|1052|1640|876|929|1057|829|806|1009|1003|808|1053|827|1116|1384|913|887|1173|920|824|910|979|703|755|987|774|656|819|493|916|1185|358|587|538|844|306|542|766|270|486|183|
