2011-07-15|3|1_CTs|ct1||72|68|48|64|48|39|35|23|32|24|14|18|20|10|7|8|9|6|7|7|8|10|16|24|24|20|32|49|61|82|119|175|185|229|219|229|216|233|209|220|173|197|172|193|194|175|196|190|171|182|217|215|207|204|176|163|186|203|217|224|253|244|226|213|208|192|197|205|220|213|208|233|181|214|232|218|208|204|206|164|186|179|186|194|147|148|142|139|111|112|100|102|99|97|113|96|
2011-07-15|3|1_CTs|ct3||198|179|156|125|119|122|88|69|74|64|33|51|48|44|31|24|27|32|30|34|19|42|73|90|73|71|96|134|183|198|291|374|388|493|498|497|518|536|494|446|435|459|440|579|425|430|438|450|391|427|412|443|444|431|376|420|412|438|484|429|442|454|441|400|436|432|382|384|411|363|373|385|345|356|391|368|382|373|358|377|408|393|410|383|374|386|335|314|222|330|276|261|268|293|270|286|
2011-07-15|3|1_CTs|ct5||157|188|166|126|132|135|99|84|81|66|87|56|39|36|61|60|49|55|44|53|43|45|54|47|88|108|88|129|137|184|213|262|250|393|376|382|391|348|299|370|338|338|351|326|377|308|312|373|393|370|309|331|371|355|271|316|359|352|366|384|344|346|338|327|328|304|289|310|335|401|345|389|342|416|373|358|436|385|322|315|362|352|271|284|329|276|225|232|195|234|201|212|312|214|242|189|
2011-07-15|3|1_CTs|ct6||145|149|112|80|66|72|61|53|51|44|44|39|30|27|24|37|17|29|27|17|14|14|8|15|20|21|30|38|49|73|89|126|141|177|182|236|187|187|167|197|193|159|190|184|173|173|206|234|194|233|218|223|219|220|209|153|205|214|240|192|206|196|249|265|269|284|294|252|284|280|260|258|273|273|252|269|261|235|227|194|219|233|172|203|164|157|156|130|127|152|131|117|122|145|138|132|
2011-07-15|3|1_CTs|ct7||207|180|103|93|81|77|70|59|55|55|50|51|35|30|37|29|23|31|28|22|23|25|15|34|40|37|45|44|52|58|84|103|123|154|165|199|170|169|175|148|167|201|182|204|190|200|175|216|209|231|205|219|213|198|174|175|205|191|221|190|206|216|242|217|237|230|227|217|225|222|212|179|207|199|181|184|184|165|165|172|163|168|177|165|169|135|114|126|145|113|116|140|120|137|156|187|
2011-07-15|3|1_CTs|ct9||96|90|80|77|91|78|59|54|66|55|42|42|39|39|36|40|24|42|23|28|17|31|22|38|17|24|41|46|59|87|91|116|142|188|181|191|189|191|147|159|163|134|169|144|156|151|122|139|121|129|136|138|156|129|117|113|126|145|146|127|150|139|160|163|148|140|137|140|163|172|150|153|139|167|144|144|144|152|154|139|158|137|129|108|120|121|110|87|109|95|85|91|111|79|111|109|
2011-07-15|3|1_CTs|ct10||93|121|100|77|69|79|68|48|57|51|45|40|35|43|36|42|48|48|27|35|29|28|35|36|32|40|35|34|36|55|64|71|95|105|152|138|128|159|137|146|141|120|107|126|120|102|118|135|121|126|132|104|125|121|132|115|133|134|141|138|140|124|134|118|134|160|147|158|135|157|137|136|126|127|130|143|137|121|109|113|131|120|100|95|112|112|81|103|95|73|87|84|81|74|78|95|
2011-07-15|3|1_CTs|CT11||29|35|36|28|22|17|21|17|29|27|22|12|20|14|15|18|15|20|11|14|10|11|14|18|14|13|22|28|37|30|39|38|43|56|62|66|56|43|58|61|68|63|57|57|57|44|54|50|54|65|69|53|57|53|58|51|53|65|57|55|57|55|57|64|58|63|53|52|60|48|57|58|58|46|59|60|46|55|56|47|44|51|43|49|39|35|50|34|48|41|31|30|44|30|27|23|
2011-07-15|3|1_CTs|CT12||29|36|42|30|27|22|29|27|28|28|22|22|18|25|16|14|27|26|13|19|18|13|22|25|20|22|19|13|14|22|21|21|28|23|37|29|26|36|41|40|46|41|41|43|42|33|37|42|38|32|42|39|41|31|54|28|47|36|50|35|36|42|40|34|38|51|37|55|46|54|50|33|31|32|30|40|37|50|38|39|39|42|35|40|45|48|36|55|44|36|30|33|30|33|29|40|
2011-07-15|3|1_CTs|CT16||25|29|12|20|23|23|17|11|13|15|12|10|11|17|10|10|6|10|7|5|6|9|4|10|6|8|7|10|12|13|17|20|33|27|36|31|24|31|40|32|30|31|29|34|40|41|23|31|38|32|26|27|30|39|24|27|31|26|29|24|32|35|43|37|43|39|43|31|53|34|37|46|50|39|46|49|35|46|34|29|44|35|34|25|27|24|20|20|19|28|21|13|10|22|21|35|
2011-07-15|3|1_CTs|ct17||124|129|104|95|89|53|68|48|41|45|38|48|38|38|40|40|34|33|29|31|33|33|37|49|46|48|58|83|74|83|141|175|222|277|346|376|358|348|337|318|335|280|250|276|262|239|254|221|233|236|238|259|248|256|263|210|206|252|299|299|267|263|255|200|242|270|242|249|278|266|239|267|261|272|259|247|232|253|201|200|228|210|204|199|189|177|136|159|156|108|132|146|136|109|116|141|
2011-07-15|3|1_CTs|ct18||126|150|139|101|105|88|101|64|69|72|59|60|48|48|51|55|50|53|36|36|35|43|42|39|44|48|53|58|71|90|125|146|163|206|232|262|228|250|219|215|195|188|153|174|164|173|177|191|205|163|180|185|202|177|194|153|186|185|218|205|180|192|203|174|183|218|190|196|201|221|188|152|172|177|186|191|189|156|174|170|186|175|156|148|168|141|137|142|148|124|136|153|123|120|117|131|
2011-07-15|3|1_CTs|ct19||2|2|0|1|1|2|0|1|0|0|1|0|0|2|1|0|0|0|0|0|1|1|0|5|3|7|10|8|8|7|5|6|7|5|10|7|4|11|8|2|8|7|9|3|12|4|6|6|4|7|4|5|6|7|7|5|7|5|5|4|4|7|7|8|8|4|5|6|5|6|8|7|5|5|8|6|13|9|4|11|10|7|9|3|5|9|0|2|0|7|1|2|3|4|0|3|
2011-07-15|3|1_CTs|ct20||82|54|59|48|44|42|35|23|16|25|24|18|16|23|18|14|10|12|11|16|11|10|23|27|19|40|50|71|67|103|151|137|162|166|147|174|181|180|183|180|172|182|162|183|160|176|146|159|149|123|148|177|183|141|153|161|142|133|163|151|169|149|145|159|167|147|171|144|147|166|135|146|153|154|140|123|148|167|165|157|173|166|182|175|129|117|121|120|98|117|106|92|96|98|114|95|
2011-07-15|3|1_CTs|ct22||13|9|4|1|4|5|2|2|0|4|3|1|1|3|2|1|3|3|1|1|0|3|1|6|3|1|6|7|5|10|5|13|10|11|21|24|16|18|25|29|19|22|23|22|23|25|23|20|33|28|26|32|42|19|21|16|21|29|29|24|21|27|25|24|30|36|33|43|43|39|56|29|47|36|29|35|43|42|40|31|24|20|13|16|14|15|10|13|6|11|5|16|7|6|9|7|
2011-07-15|3|1_CTs|CT23||119|116|79|85|79|66|43|43|28|25|34|30|43|20|17|15|23|12|13|15|23|9|7|14|15|18|33|34|50|72|105|119|186|230|209|251|247|239|204|228|200|197|183|195|195|217|211|230|234|213|265|286|249|247|196|195|198|254|263|233|251|273|267|246|299|262|270|326|315|356|359|345|387|399|362|392|339|374|349|306|304|297|252|216|230|174|184|186|171|135|125|132|128|141|135|109|
2011-07-15|3|1_CTs|ct24||265|211|198|192|147|120|105|91|99|90|96|70|91|88|69|68|57|55|67|65|66|63|88|105|140|205|315|522|672|801|949|860|879|879|761|846|900|930|979|910|956|892|866|899|899|849|807|781|801|799|838|871|796|740|769|733|834|836|860|840|801|866|862|807|828|836|836|780|843|857|857|916|890|900|761|703|691|859|839|708|761|702|670|653|579|487|438|488|403|454|420|363|356|383|345|325|
