2011-10-25|2|1_CTs|ct1||30|22|21|16|15|12|8|4|8|5|3|3|6|2|4|6|10|3|9|17|20|14|26|19|17|26|30|41|54|79|89|110|99|103|125|93|105|122|110|122|120|133|136|138|138|132|143|140|145|121|105|123|120|124|103|109|118|121|130|128|125|140|122|115|116|125|122|117|90|107|93|91|104|111|130|118|122|98|113|107|99|119|105|90|79|75|63|77|61|63|63|55|47|39|43|29|
2011-10-25|2|1_CTs|ct2||13|16|12|8|8|8|4|2|3|3|2|1|2|3|2|1|7|2|2|7|6|12|11|9|18|16|11|17|17|22|19|35|26|42|38|44|47|62|56|56|68|72|73|84|68|79|57|65|67|57|61|56|55|57|47|47|50|58|77|59|54|70|64|56|60|65|53|57|57|50|45|48|50|52|56|33|52|49|49|60|47|55|48|43|34|32|18|26|28|35|23|10|17|16|15|13|
2011-10-25|2|1_CTs|ct3||75|67|46|49|33|38|24|25|25|28|12|11|12|12|17|14|21|10|14|35|27|42|44|38|49|59|62|74|85|105|124|146|131|157|181|155|160|185|166|198|189|202|222|236|224|230|215|209|217|191|182|199|197|178|154|157|178|214|205|205|188|220|217|223|197|207|205|196|176|172|158|166|174|186|210|182|194|183|181|197|167|191|164|147|128|130|126|120|122|137|108|102|93|82|79|77|
2011-10-25|2|1_CTs|ct4||35|47|37|22|26|22|20|15|13|11|11|10|11|9|5|8|7|6|3|9|6|14|20|30|21|37|33|43|33|47|63|90|88|114|156|164|140|135|137|120|140|149|139|153|129|152|124|131|144|146|145|145|130|129|106|113|114|128|142|149|135|146|134|138|142|151|155|116|121|109|116|120|113|124|116|126|121|90|125|120|116|108|99|112|84|68|70|72|59|75|50|54|82|67|62|63|
2011-10-25|2|1_CTs|ct5||57|63|53|44|29|37|23|27|23|21|19|18|21|10|9|11|15|8|6|13|16|24|24|33|24|31|28|49|47|65|83|119|124|169|206|230|236|222|195|194|227|201|204|221|209|232|217|245|221|230|241|202|220|213|157|177|198|187|207|210|200|203|216|269|243|214|203|208|193|189|185|222|193|206|234|180|191|170|191|171|161|172|158|141|131|98|98|95|121|114|94|94|110|115|93|94|
2011-10-25|2|1_CTs|ct6||54|51|26|31|21|38|18|17|13|17|11|10|7|7|7|4|14|7|7|10|13|16|19|21|15|38|18|51|42|55|57|66|75|90|94|105|98|97|91|100|89|109|102|125|109|136|122|141|124|133|125|145|119|118|109|101|131|124|126|144|142|141|145|149|157|140|148|149|131|137|114|126|125|128|116|103|132|96|107|112|98|347|84|97|83|71|76|66|70|84|71|67|83|79|60|73|
2011-10-25|2|1_CTs|ct17||62|59|43|46|28|31|27|28|22|24|14|9|16|24|16|15|20|8|11|30|17|32|24|28|31|38|42|58|68|85|111|130|135|153|173|159|173|175|179|182|193|197|170|203|188|204|198|194|194|193|153|184|187|172|127|139|171|167|200|176|217|170|216|190|202|188|188|195|175|171|157|174|170|182|199|184|194|189|184|165|173|188|178|140|126|114|112|118|100|124|90|108|97|85|72|70|
2011-10-25|2|1_CTs|CT19||36|27|18|16|12|10|16|15|14|10|8|3|5|11|6|6|14|7|4|9|4|16|12|12|14|10|23|24|43|45|57|77|78|84|89|95|102|73|87|105|112|131|105|121|127|106|121|122|134|124|127|107|121|88|68|97|106|91|96|117|106|118|131|112|133|118|131|117|128|138|105|135|115|128|123|110|113|126|102|100|120|114|106|84|73|71|68|64|49|69|48|51|57|39|49|50|
2011-10-25|2|1_CTs|CT20||41|39|33|22|28|30|12|12|13|12|13|8|10|7|6|6|6|4|2|2|3|5|10|14|15|8|11|23|28|27|44|58|64|89|108|100|100|99|75|75|94|79|77|79|74|59|88|89|74|75|82|80|67|55|48|53|69|65|84|76|61|69|73|72|57|88|82|81|78|90|69|97|87|86|100|88|97|88|82|78|78|60|82|84|77|49|41|45|42|46|48|39|52|55|53|50|
2011-10-25|2|1_CTs|CT21||18|27|11|15|12|18|11|7|7|6|4|5|3|5|1|2|2|2|3|2|2|1|6|6|6|3|5|14|16|17|30|38|37|50|62|62|55|63|35|44|60|51|49|40|41|47|48|38|39|47|39|49|31|35|25|37|42|45|41|44|28|50|52|36|42|48|51|48|47|48|40|57|53|54|49|64|58|54|44|47|58|32|54|61|42|16|31|26|27|27|31|23|34|35|32|36|
