2013-02-07|3|1_CTs|ct1||37|35|40|24|9|16|9|5|10|4|11|6|12|3|3|7|5|1|5|5|2|4|7|12|17|21|24|33|46|64|105|176|199|226|240|223|229|220|214|171|172|160|145|167|165|131|147|128|156|154|170|190|194|165|187|140|158|191|190|177|163|172|166|192|204|176|185|175|189|210|192|217|212|207|202|196|194|200|208|205|197|198|187|146|140|101|86|88|103|98|69|68|66|75|62|55|
2013-02-07|3|1_CTs|ct3||60|49|54|32|35|36|28|24|28|21|12|22|17|15|16|12|16|14|13|17|10|12|26|42|35|44|57|54|63|89|131|218|230|253|282|253|331|279|314|297|337|664|282|252|313|203|477|270|268|252|230|238|212|187|210|238|237|255|234|223|251|245|233|263|243|249|240|208|231|206|191|217|212|177|203|210|163|174|185|221|192|215|228|201|189|142|124|121|126|121|99|104|93|103|95|91|
2013-02-07|3|1_CTs|ct5||83|88|74|47|53|53|39|33|24|36|26|21|12|14|20|16|15|26|15|16|12|19|9|10|16|16|19|28|46|53|94|141|152|205|210|224|243|201|194|185|171|161|180|182|152|212|207|205|224|206|209|176|219|208|181|198|183|224|214|169|200|206|205|226|192|224|209|203|230|277|263|274|290|290|300|294|262|280|270|293|303|279|258|187|197|147|168|127|157|146|122|124|119|113|127|147|
2013-02-07|3|1_CTs|ct6||19|4|7|6|1|4|5|5|0|2|0|4|0|3|1|0|0|0|1|1|1|2|4|4|4|9|9|15|18|40|25|44|68|84|95|86|91|76|55|71|48|50|49|51|47|76|38|36|40|47|49|54|47|39|43|43|51|61|50|34|47|54|70|58|64|59|55|59|72|57|67|50|72|62|63|69|62|50|56|51|52|53|47|39|22|26|25|26|25|21|23|14|16|18|12|21|
2013-02-07|3|1_CTs|ct7||90|90|70|60|44|52|49|35|29|52|25|29|16|21|18|11|16|16|19|19|20|28|29|20|31|32|22|42|40|38|81|107|110|129|153|173|145|151|177|144|154|157|171|152|154|162|158|182|162|162|152|175|152|128|133|148|142|171|169|178|76|66|70|68|42|65|49|35|51|75|70|77|87|67|92|92|148|89|75|107|159|175|141|136|116|96|106|101|94|106|114|119|106|116|105|130|
2013-02-07|3|1_CTs|ct8||89|72|52|60|55|57|49|43|32|61|39|29|31|20|23|13|192|8|32|13|24|17|22|32|32|36|47|43|52|54|62|81|82|80|138|115|108|114|118|116|134|141|134|137|129|19|16|4|30|80|13|0|0|0|0|0|0|54|147|157|180|115|125|152|153|160|159|115|112|166|130|121|125|141|113|173|103|167|156|141|212|91|103|195|93|77|72|69|136|38|2|122|94|99|199|114|
2013-02-07|3|1_CTs|ct9||111|84|67|55|47|49|43|38|41|34|36|34|22|38|37|22|32|26|20|24|13|27|16|22|19|27|35|44|55|83|118|159|191|200|197|229|203|213|223|207|188|156|178|172|169|157|141|176|137|146|148|144|185|151|161|139|156|190|209|189|217|187|189|163|169|172|194|191|116|114|71|106|94|87|113|115|152|241|211|228|196|167|157|129|136|123|131|111|109|104|111|90|87|99|94|68|
2013-02-07|3|1_CTs|ct10||81|60|66|56|65|38|41|34|32|38|39|32|28|21|25|22|26|33|28|15|25|24|23|22|26|27|30|31|38|47|74|80|140|142|159|158|160|175|158|137|136|135|108|117|134|122|108|137|109|130|151|153|124|131|118|132|134|132|144|157|93|143|114|141|152|155|132|121|115|157|162|147|158|153|138|160|139|148|142|153|141|130|120|115|113|103|94|84|103|100|88|76|79|86|108|96|
2013-02-07|3|1_CTs|CT11||282|411|1180|972|348|263|1542|498|359|283|210|352|296|220|164|127|251|301|127|147|2499|6073|2479|2654|1284|1156|599|1453|648|633|538|974|827|1278|1132|582|457|475|434|416|759|477|454|515|607|661|667|578|493|484|708|653|600|643|1043|969|815|699|679|491|541|607|893|550|346|354|276|263|363|411|349|360|445|400|643|489|503|485|709|670|707|760|1884|754|815|1242|1950|2232|4121|1234|474|423|1527|817|965|2438|
2013-02-07|3|1_CTs|CT12||42|51|30|15|19|24|27|28|20|9|17|10|9|13|14|5|13|12|16|5|7|11|6|20|14|21|14|16|23|14|25|34|42|48|49|68|59|83|67|73|84|104|73|113|84|132|119|96|89|70|87|112|103|86|86|80|86|113|132|126|150|126|122|138|125|172|135|135|136|137|141|126|144|134|96|120|128|141|112|97|121|83|64|39|64|52|44|55|60|34|56|53|36|33|53|55|
2013-02-07|3|1_CTs|ct13||150|147|133|123|109|105|92|77|87|86|61|60|74|52|60|58|52|86|72|66|56|85|64|67|87|70|97|90|114|122|127|420|229|238|243|230|249|231|214|246|217|232|224|272|283|248|210|237|230|251|254|113|144|146|172|219|231|222|290|190|229|535|22|120|416|317|255|138|136|144|142|240|184|218|232|200|199|200|180|247|256|230|258|230|266|291|241|213|279|219|225|260|370|265|236|219|
2013-02-07|3|1_CTs|ct14||29|24|24|18|12|12|10|17|2|3|4|2|9|5|7|7|4|4|6|5|8|13|9|15|22|36|61|120|170|245|278|288|291|282|293|296|302|301|297|274|249|193|191|208|170|145|161|157|146|169|167|201|164|175|147|175|189|202|199|216|183|176|186|152|162|159|149|161|192|198|170|187|223|259|250|261|244|194|202|191|186|170|125|125|83|80|99|91|79|93|73|70|54|76|63|45|
2013-02-07|3|1_CTs|CT16||74|57|85|49|47|42|41|40|20|38|27|18|10|37|18|22|16|20|17|25|17|14|18|18|27|32|22|39|51|49|90|105|106|159|207|182|169|149|143|155|167|138|132|144|137|122|146|135|129|131|160|111|123|122|164|119|103|146|166|188|205|165|178|207|188|161|173|198|199|206|183|175|195|204|200|188|189|207|200|203|163|140|132|117|115|82|83|70|71|90|82|89|89|95|115|76|
2013-02-07|3|1_CTs|ct17||73|74|53|45|52|42|33|20|23|22|27|17|16|17|17|21|14|25|18|20|25|21|20|24|27|30|31|47|49|68|116|212|316|338|312|335|326|295|289|258|265|213|226|225|209|217|193|198|205|195|236|233|207|206|211|191|225|235|304|257|236|243|256|231|233|248|238|246|258|244|259|223|253|225|209|235|210|182|189|188|186|183|168|159|135|116|123|100|121|105|88|94|88|95|92|83|
2013-02-07|3|1_CTs|ct18||105|92|88|65|79|50|53|41|42|48|48|32|31|29|33|30|35|43|28|23|32|27|32|30|42|44|51|48|63|80|116|158|248|241|254|274|269|213|241|222|194|201|174|211|196|154|168|199|164|157|188|163|168|184|195|135|187|218|227|229|185|204|214|205|169|230|194|190|217|181|188|166|168|224|166|206|194|203|192|181|180|163|146|154|156|120|112|113|129|132|119|130|126|103|140|99|
2013-02-07|3|1_CTs|ct19||0|0|0|3|2|1|1|0|0|1|0|0|0|0|1|0|0|0|0|1|0|0|3|4|0|2|13|5|9|6|5|4|15|6|6|8|6|8|8|9|5|6|6|5|3|9|6|9|7|5|5|7|4|5|5|5|8|6|14|4|11|4|4|7|5|4|10|6|6|10|16|5|6|1|5|11|8|8|9|6|9|3|8|6|6|7|3|4|4|3|0|1|0|1|0|3|
2013-02-07|3|1_CTs|ct22||5|5|3|7|1|2|2|4|3|1|0|3|1|1|2|1|1|2|0|1|0|2|5|2|2|3|3|3|4|4|11|12|18|17|24|9|23|35|35|34|38|25|13|24|28|17|20|27|27|22|25|33|24|26|22|28|27|37|25|29|0|30|27|31|31|25|37|30|55|57|67|52|59|62|70|49|50|54|48|33|36|29|27|21|20|13|7|8|12|9|9|7|3|9|2|9|
2013-02-07|3|1_CTs|CT23||112|64|82|54|35|20|21|25|25|16|18|10|16|18|7|13|7|11|4|10|9|16|15|9|12|20|24|41|45|66|119|183|230|270|281|323|279|253|246|236|178|203|184|217|175|201|154|223|242|228|250|251|264|244|221|279|204|226|252|226|253|297|232|288|311|319|302|276|383|404|403|422|428|407|459|416|468|412|398|423|362|395|332|278|247|242|182|174|236|194|137|148|137|124|131|76|
2013-02-07|3|1_CTs|ct24||137|158|101|83|68|59|40|58|34|34|35|26|32|26|35|26|37|27|33|36|52|56|68|93|115|167|292|466|602|852|1037|991|1009|931|864|915|903|829|905|916|759|805|767|954|781|758|730|744|701|725|800|858|807|759|705|749|838|868|899|879|787|728|842|792|739|743|770|809|765|737|685|697|871|975|824|946|850|804|736|761|699|706|583|503|421|396|356|372|312|367|332|312|254|300|224|173|
