2013-07-26|3|1_CTs|ct1||68|46|36|42|31|23|17|17|10|10|4|6|6|3|3|4|8|6|1|8|4|13|8|16|11|17|27|43|44|72|96|131|164|180|215|213|211|196|171|170|157|170|144|164|154|144|165|169|163|159|171|172|162|181|154|153|145|173|187|181|187|201|170|158|161|180|170|189|172|188|203|198|204|218|194|230|213|219|173|196|206|197|203|196|181|149|115|96|100|85|105|71|77|71|86|70|
2013-07-26|3|1_CTs|ct3||147|147|103|78|92|79|66|59|66|60|49|56|19|29|23|16|26|31|29|27|23|43|26|60|38|87|68|76|90|107|158|203|195|216|255|260|258|240|284|279|308|265|263|238|244|254|258|253|221|199|264|257|230|255|260|263|194|245|262|253|248|257|236|220|223|235|216|232|206|218|211|211|231|192|247|248|313|299|288|317|349|310|354|317|315|240|196|183|183|136|169|168|132|155|153|139|
2013-07-26|3|1_CTs|ct5||134|101|139|137|82|76|57|34|36|45|40|43|25|24|24|19|15|28|15|13|18|11|20|19|14|14|21|30|44|48|86|120|163|167|182|199|191|199|185|195|206|167|201|181|173|190|204|210|221|213|228|210|248|183|206|200|182|203|222|201|268|238|255|248|246|263|268|267|294|267|287|265|283|311|308|276|259|256|251|266|231|252|208|215|168|179|151|153|151|137|135|147|171|152|148|141|
2013-07-26|3|1_CTs|ct6||17|8|10|6|7|3|5|3|3|3|3|3|1|0|3|2|0|2|1|3|3|1|4|5|4|3|8|14|15|22|44|42|37|44|67|47|62|58|43|61|43|56|33|46|48|43|38|45|54|45|48|39|40|44|41|35|61|61|53|54|40|56|57|44|50|39|35|43|48|56|52|48|57|62|72|82|66|70|66|37|40|36|35|37|33|21|18|21|22|16|18|20|26|18|19|14|
2013-07-26|3|1_CTs|ct7||152|154|159|132|95|91|75|65|63|74|86|45|47|30|31|29|39|39|29|31|42|31|28|41|49|46|39|44|49|48|64|82|87|106|127|128|166|152|124|163|152|162|137|169|179|180|184|172|161|169|179|178|153|140|175|151|175|172|179|169|241|190|216|205|191|212|187|164|215|159|85|114|127|132|144|189|186|170|162|163|180|170|151|165|159|183|154|176|168|157|137|149|148|159|142|151|
2013-07-26|3|1_CTs|ct8||74|80|97|65|56|37|29|37|27|33|36|15|25|19|24|18|13|15|16|11|22|15|22|28|23|26|37|23|23|24|38|45|50|49|67|77|96|107|73|99|91|93|91|99|112|109|115|101|106|107|102|113|100|89|109|83|120|107|107|107|117|123|115|132|112|135|106|92|145|130|131|137|139|146|126|119|121|96|109|102|111|118|90|100|103|122|89|112|95|101|91|89|87|98|97|99|
2013-07-26|3|1_CTs|ct9||90|103|97|88|48|65|52|66|65|46|51|30|42|41|37|29|17|25|33|20|28|20|24|25|27|36|30|41|54|69|91|139|163|165|209|205|194|206|187|199|184|172|187|165|186|172|201|184|161|166|145|126|169|129|132|146|139|152|190|173|162|147|161|157|160|180|153|193|192|197|212|170|199|160|185|196|181|180|169|164|178|160|146|133|118|115|94|83|86|88|92|83|77|88|82|90|
2013-07-26|3|1_CTs|ct10||120|104|114|107|97|67|71|76|54|59|56|45|47|32|29|40|25|37|38|24|19|29|25|27|25|25|25|45|30|44|56|73|87|109|127|160|153|128|132|158|126|135|125|120|112|136|124|149|118|138|136|129|150|121|109|131|120|123|140|149|137|148|142|142|137|135|148|124|153|156|162|140|151|149|149|145|142|157|140|130|123|117|91|100|93|84|88|70|97|83|111|87|99|95|106|92|
2013-07-26|3|1_CTs|ct13||558|204|184|179|136|147|161|188|597|1221|1019|666|761|1178|863|950|1674|1377|1137|1304|1303|2114|1019|400|323|166|82|102|100|148|145|197|225|422|293|270|497|316|260|232|209|291|211|248|230|228|247|243|267|223|255|282|250|261|271|237|236|311|332|265|258|330|1156|237|1239|769|365|232|270|190|304|213|245|262|229|150|183|285|228|208|229|273|253|208|236|246|206|215|270|241|216|243|213|216|218|192|
2013-07-26|3|1_CTs|ct14||50|47|55|49|33|24|22|22|9|10|5|7|7|8|7|8|8|6|8|10|9|15|13|23|26|32|56|102|153|205|257|264|282|278|277|296|270|276|281|293|231|225|186|186|196|165|175|158|152|208|181|164|141|164|153|168|157|201|198|195|190|183|201|179|140|171|152|146|161|203|203|238|214|230|229|233|222|166|213|189|154|170|153|140|141|90|88|90|104|65|74|68|73|70|74|50|
2013-07-26|3|1_CTs|CT16||108|117|83|89|60|58|39|56|47|48|40|35|37|29|22|16|17|25|29|20|27|21|21|30|20|25|30|34|48|56|68|103|117|140|134|144|137|154|139|158|122|158|127|132|170|133|152|138|153|144|147|151|147|125|93|120|94|131|149|173|149|121|139|142|173|168|175|135|159|164|214|188|167|212|189|168|150|182|196|120|145|142|128|110|125|110|101|74|88|105|99|94|85|94|91|84|
2013-07-26|3|1_CTs|ct17||105|84|79|68|49|55|41|29|29|35|37|23|17|20|28|20|24|27|19|16|17|19|21|18|0|29|34|45|45|70|95|140|161|221|245|294|289|277|254|252|241|210|181|184|186|203|196|210|193|197|194|180|202|173|163|169|168|191|209|226|180|217|225|206|184|200|212|205|197|214|214|211|199|196|207|210|192|201|195|176|166|165|141|137|113|116|120|105|106|90|108|110|87|89|120|90|
2013-07-26|3|1_CTs|ct18||132|129|129|119|108|78|82|73|68|71|56|54|51|40|35|46|30|42|47|32|25|35|33|37|41|37|42|65|70|97|111|146|149|181|214|275|246|240|199|216|207|209|149|160|164|174|166|182|193|174|183|169|195|173|141|167|176|174|205|191|172|189|178|186|144|169|188|160|187|202|213|181|176|187|202|167|163|208|176|201|172|168|133|128|137|119|134|110|137|132|142|131|133|125|151|131|
2013-07-26|3|1_CTs|ct19||1|2|0|0|1|3|1|0|0|0|0|0|1|0|0|0|1|0|1|0|0|1|1|1|3|3|6|9|7|7|7|11|10|4|10|15|8|6|6|7|6|6|10|4|4|7|7|7|3|7|5|7|3|5|7|9|5|4|5|9|3|7|6|10|6|7|5|4|5|10|3|18|5|10|8|9|6|7|6|8|4|6|3|6|6|6|3|1|3|1|2|0|1|3|0|0|
2013-07-26|3|1_CTs|ct22||6|0|7|3|3|1|4|1|5|1|6|0|0|1|1|1|0|2|4|2|0|1|1|0|7|1|3|2|5|4|8|7|8|14|16|16|24|31|19|16|28|25|13|25|17|29|22|17|21|22|29|27|32|13|28|21|29|24|29|29|28|36|37|30|32|26|36|33|31|47|38|45|35|55|52|33|49|26|30|19|32|16|11|11|13|16|6|2|8|8|5|6|7|7|4|4|
2013-07-26|3|1_CTs|CT23||110|78|75|71|48|43|23|31|12|19|15|21|14|11|15|5|9|10|18|9|5|12|19|17|20|28|24|32|52|89|89|135|162|206|262|274|238|270|206|196|188|149|178|162|188|160|192|228|261|204|280|241|240|260|198|227|216|249|249|273|252|318|218|250|253|280|326|322|360|383|376|374|409|416|375|405|415|372|331|372|355|294|301|253|220|183|191|147|168|165|137|123|115|113|107|129|
2013-07-26|3|1_CTs|ct24||251|233|214|169|102|97|78|74|41|53|32|40|31|38|31|29|37|32|42|45|61|67|75|106|136|158|275|413|541|755|909|933|969|884|889|914|850|906|921|950|902|899|776|915|781|777|759|753|717|815|772|818|705|768|678|709|708|826|557|0|0|0|0|0|0|0|0|0|250|867|876|839|830|875|904|916|884|830|840|801|767|740|689|705|549|521|466|413|396|342|369|362|352|320|282|279|
