2013-12-23|6|1_CTs|CT1||0|3|0|3|0|0|0|1|0|0|0|2|0|1|1|1|0|2|1|0|3|1|2|4|3|3|3|3|2|2|4|4|8|5|7|7|11|6|5|5|5|3|10|10|14|21|16|12|9|21|7|8|4|9|3|2|5|4|11|5|8|3|7|11|20|13|6|13|7|11|10|12|6|11|11|3|1|7|2|3|5|1|4|3|3|4|3|4|2|3|2|1|2|1|1|1|
2013-12-23|6|1_CTs|CT3||9|8|7|12|6|3|2|4|2|1|0|3|3|4|5|7|3|5|9|11|16|19|19|23|25|26|30|26|35|33|27|52|49|50|51|47|58|59|50|43|40|40|56|38|40|43|56|48|67|46|58|68|57|60|58|44|52|33|47|53|40|49|50|40|56|56|55|55|59|50|48|36|50|53|50|51|42|54|40|34|28|42|30|22|31|18|16|24|20|22|18|16|12|17|11|14|
2013-12-23|6|1_CTs|CT4||8|10|4|5|3|3|4|2|2|1|0|0|1|1|1|1|0|1|1|2|0|2|1|0|1|1|0|1|4|4|11|6|21|15|16|18|19|22|24|19|21|22|29|22|8|16|37|32|23|34|20|30|36|11|10|24|17|11|28|23|12|20|13|31|32|41|22|5|26|33|35|35|31|23|32|35|34|11|11|28|24|19|16|17|19|11|19|9|11|8|8|7|8|8|11|9|
2013-12-23|6|1_CTs|CT5||14|10|12|11|8|11|6|3|4|3|3|2|4|4|2|2|4|3|2|2|3|3|2|5|4|10|9|12|11|21|25|29|28|39|44|49|43|69|69|43|66|67|69|67|62|42|55|66|65|64|88|71|67|56|76|90|79|71|66|77|75|74|61|61|57|47|55|60|50|58|64|67|42|56|51|37|56|52|49|61|32|39|53|41|25|14|19|29|30|25|22|32|19|15|23|34|
2013-12-23|6|1_CTs|CT6||21|18|12|14|12|7|7|5|8|3|5|2|2|2|3|1|2|3|1|4|5|9|5|12|12|13|13|20|20|29|41|61|67|87|76|124|113|115|127|120|128|135|122|116|120|127|130|152|137|147|130|136|157|146|109|120|115|113|133|141|133|130|149|132|149|148|132|142|146|135|120|121|137|108|89|95|109|98|114|97|82|81|73|76|61|52|59|50|45|37|58|34|29|54|28|34|
2013-12-23|6|1_CTs|CT7||5|4|3|0|2|5|1|1|0|1|1|1|2|1|1|3|0|1|0|0|1|2|1|5|3|3|2|5|5|10|10|25|17|24|25|36|31|24|20|26|28|28|36|27|30|39|32|33|26|26|40|38|32|27|27|28|15|18|26|34|19|30|30|26|38|30|34|34|38|28|26|25|27|27|23|22|16|22|20|12|13|15|14|16|7|11|5|10|6|19|10|13|7|9|17|3|
2013-12-23|6|1_CTs|CT8||33|30|19|27|17|23|15|5|15|7|13|9|12|12|8|6|8|7|3|3|9|15|21|22|30|33|36|48|53|92|114|147|155|191|182|194|188|175|175|185|165|149|180|133|155|161|157|171|173|175|168|177|157|172|159|149|159|165|172|177|187|184|174|200|170|193|185|160|189|187|175|190|201|192|171|174|144|161|153|135|113|125|131|99|71|82|97|57|78|74|63|69|46|71|51|52|
2013-12-23|6|1_CTs|CT9||36|29|34|29|19|29|26|14|8|9|16|6|9|7|3|5|9|9|3|4|15|23|19|22|45|31|38|56|70|84|124|145|151|175|197|202|195|231|219|199|197|203|194|235|221|284|327|309|343|328|364|351|339|358|303|301|273|251|296|303|265|300|333|316|334|335|301|283|256|297|239|242|233|278|319|269|287|278|266|204|157|138|140|120|105|86|89|64|88|60|67|58|59|39|69|51|
2013-12-23|6|1_CTs|CT10||32|27|19|14|25|13|9|10|6|8|5|3|4|4|4|1|3|2|3|3|11|8|13|16|21|18|19|35|42|61|67|99|84|120|112|127|136|134|159|147|118|154|153|158|185|169|166|183|191|178|213|210|201|175|148|149|139|153|179|182|205|196|212|216|199|216|226|228|202|233|238|226|224|234|229|247|229|212|188|147|133|107|96|79|84|76|59|61|55|47|57|48|46|48|34|32|
2013-12-23|6|1_CTs|CT11||30|30|24|21|13|14|18|10|10|14|6|7|7|7|2|7|6|5|3|8|15|14|18|20|28|34|55|66|81|108|150|206|223|208|250|277|227|262|224|248|238|221|197|130|253|231|238|239|250|213|250|233|226|207|227|227|224|240|235|226|236|243|232|230|229|195|162|202|191|181|180|170|168|173|183|114|143|139|140|147|143|113|108|103|88|76|68|63|59|50|60|59|63|45|54|37|
2013-12-23|6|1_CTs|CT12||46|24|20|18|21|17|13|7|10|12|6|7|4|5|4|5|5|5|2|8|9|11|16|21|24|26|25|49|52|52|71|129|128|134|168|161|150|163|176|166|178|187|198|188|201|207|216|222|218|263|271|226|256|227|218|210|196|169|213|220|263|257|269|252|284|249|289|283|249|234|279|285|280|297|300|281|274|292|234|184|166|131|111|99|105|84|61|63|60|59|75|51|60|51|54|37|
2013-12-23|6|1_CTs|CT15||15|17|9|8|11|13|1|3|1|2|1|2|2|4|2|3|4|3|1|5|15|12|9|16|22|20|22|25|28|34|50|85|70|95|106|102|99|103|86|101|77|104|100|82|107|138|164|129|149|164|181|160|171|175|137|113|96|89|121|113|84|121|126|112|145|148|126|116|101|113|86|82|96|128|114|122|127|111|107|59|49|56|45|56|43|36|26|26|27|31|32|24|26|20|22|16|
2013-12-23|6|1_CTs|CT16||37|33|22|19|19|19|14|12|7|8|4|11|6|6|6|4|3|3|2|5|16|11|14|22|20|20|38|39|62|90|111|133|130|194|188|227|227|228|207|217|234|189|223|225|225|245|213|198|202|211|245|239|221|207|160|203|179|195|226|229|220|213|224|223|234|203|197|208|200|195|215|189|214|205|189|153|162|145|158|142|146|118|135|118|92|95|85|69|59|73|71|66|69|58|55|44|
2013-12-23|6|1_CTs|CT17||22|11|17|12|8|10|8|5|4|3|7|3|2|0|1|1|4|6|4|3|1|3|2|7|10|8|7|11|9|12|28|26|42|45|62|52|59|72|69|69|81|67|70|64|73|71|75|68|82|83|77|61|81|75|79|86|72|85|90|88|82|103|111|90|92|94|84|86|91|107|85|95|108|181|89|109|125|101|107|94|66|83|68|61|67|57|49|45|61|50|49|28|25|18|41|29|
2013-12-23|6|1_CTs|CT18||70|44|39|46|28|34|26|19|20|21|12|15|13|9|5|12|9|7|3|7|12|15|17|23|21|34|45|52|64|103|122|161|169|193|207|229|239|261|253|247|289|260|272|277|244|262|298|285|267|292|308|281|269|284|248|269|256|275|267|294|313|300|322|310|281|298|262|288|304|274|308|221|218|212|243|226|239|207|204|233|197|173|178|160|114|115|107|109|93|110|85|111|90|81|71|91|
2013-12-23|6|1_CTs|CT19||29|21|38|26|10|22|21|14|16|8|11|3|6|3|7|4|7|5|6|6|3|1|6|6|11|9|14|8|22|22|30|55|69|77|98|105|119|136|146|136|124|141|149|138|156|141|181|197|195|194|158|161|188|185|169|171|155|173|178|181|165|207|228|197|175|193|228|210|201|205|220|190|211|221|185|216|200|227|196|148|107|119|99|105|81|74|74|76|78|59|55|50|48|52|53|44|
2013-12-23|6|1_CTs|CT20||25|16|10|14|7|8|9|6|3|8|2|5|6|2|2|2|2|3|5|6|11|14|12|10|12|20|23|27|27|26|50|49|77|74|99|90|118|75|45|136|119|111|39|78|59|154|145|100|32|85|71|62|75|12|54|141|29|3|88|89|82|25|24|24|101|128|95|55|101|102|150|12|46|97|76|134|51|8|114|134|72|82|63|72|66|61|64|36|44|35|45|44|39|25|39|29|
2013-12-23|6|1_CTs|CT21||68|71|56|42|33|24|18|24|12|15|11|17|9|16|9|7|9|16|18|21|20|21|36|45|44|69|57|83|120|138|214|238|253|262|277|311|269|282|259|264|250|242|273|247|259|290|290|281|285|279|290|300|271|286|285|264|204|265|258|259|250|261|292|258|275|288|286|242|243|223|232|211|230|237|241|218|218|201|211|169|208|137|148|163|131|95|100|104|96|108|102|87|71|85|84|87|
2013-12-23|6|1_CTs|CT22||81|68|55|59|47|29|21|36|28|23|21|14|21|23|23|16|17|20|25|31|43|32|58|58|62|49|62|73|70|89|129|155|151|183|191|235|214|225|230|238|228|226|246|244|255|262|292|276|286|279|278|320|281|293|269|279|264|276|287|333|305|334|333|333|373|353|367|359|368|397|371|393|400|372|374|342|356|317|295|271|237|257|183|200|182|141|152|149|134|144|134|119|107|97|104|111|
2013-12-23|6|1_CTs|CT23||59|41|38|35|28|36|20|18|20|17|21|8|14|11|11|8|10|7|5|10|15|19|30|35|35|41|54|76|76|108|169|187|251|254|280|296|257|273|253|270|283|252|255|237|262|259|266|273|306|288|294|286|289|299|306|291|255|262|265|291|292|290|292|301|306|296|321|295|286|291|331|298|288|304|300|272|257|263|241|229|200|210|186|158|124|128|114|98|109|107|108|97|64|96|83|78|
2013-12-23|6|1_CTs|CT24||70|63|39|57|52|30|22|27|17|16|15|8|11|11|16|8|7|13|15|16|20|26|20|32|33|31|57|59|64|99|140|146|164|208|227|282|276|216|283|235|254|268|254|264|278|313|298|319|303|329|330|377|324|325|252|286|282|337|313|276|308|358|321|356|386|433|430|394|415|412|427|404|393|380|412|428|397|398|334|300|275|261|206|202|168|120|143|119|106|111|131|123|128|85|103|88|
