2011-05-29|3|1_CTs|ct1||103|110|104|81|76|64|56|48|36|41|36|31|35|19|21|17|17|12|23|14|12|10|13|7|9|24|15|22|20|24|30|32|32|32|33|31|49|61|58|73|74|55|68|72|81|99|82|89|123|91|87|91|105|107|97|116|114|116|93|125|108|118|151|130|158|145|160|159|143|153|116|141|147|150|143|156|133|149|134|131|114|128|109|109|106|105|102|77|77|80|84|82|73|57|61|62|
2011-05-29|3|1_CTs|ct3||304|310|303|258|239|170|140|145|116|128|100|97|74|62|65|61|55|55|73|43|50|37|43|42|40|66|58|46|68|69|89|91|69|90|112|114|142|140|151|166|170|152|162|203|195|193|201|214|237|235|244|241|235|258|234|259|241|275|247|278|257|327|338|328|340|349|376|395|360|372|318|357|350|344|320|347|327|354|310|303|312|337|300|301|249|254|233|223|203|177|180|185|162|165|155|165|
2011-05-29|3|1_CTs|ct5||276|203|195|159|200|204|139|178|122|133|106|97|107|129|111|114|84|127|63|101|107|106|91|77|83|99|82|86|68|63|75|101|88|76|117|91|100|130|145|130|144|139|123|157|148|163|157|153|196|184|182|234|182|249|179|205|261|233|217|253|226|287|314|267|243|241|265|267|267|262|238|259|224|332|297|332|321|269|267|300|324|323|280|361|273|262|207|225|204|149|183|168|208|190|145|200|
2011-05-29|3|1_CTs|ct6||114|115|113|115|141|115|102|103|103|94|89|71|61|60|78|60|50|54|49|37|48|31|37|24|26|30|32|31|28|38|38|41|39|61|58|65|79|71|74|74|71|86|95|91|89|84|101|93|117|120|127|123|117|121|99|111|109|83|112|108|99|107|120|122|148|136|158|147|129|139|135|154|156|172|115|130|124|151|157|163|152|144|110|95|106|115|97|89|98|96|119|88|97|97|121|95|
2011-05-29|3|1_CTs|ct7||155|162|170|167|184|145|137|144|125|124|124|94|113|100|106|107|79|78|53|52|55|37|53|50|46|39|28|37|33|43|28|38|34|52|51|48|68|70|79|77|71|65|76|89|94|89|102|118|130|141|117|127|124|113|132|129|140|127|136|163|131|151|179|191|186|180|209|195|174|155|192|181|187|202|159|172|171|186|154|173|160|167|111|131|137|115|110|91|113|118|123|96|127|128|137|115|
2011-05-29|3|1_CTs|ct9||111|104|111|94|119|102|88|83|96|115|93|106|80|84|77|74|84|70|56|45|56|48|31|23|35|30|26|37|32|34|35|42|31|55|68|59|74|53|63|66|71|81|81|78|83|68|91|83|109|89|89|90|101|84|95|75|98|92|103|100|87|96|100|112|107|121|118|119|120|109|127|111|140|134|104|110|120|127|97|129|97|121|105|81|81|75|87|90|102|84|92|80|85|68|76|87|
2011-05-29|3|1_CTs|ct10||102|100|89|98|101|114|88|88|93|106|94|111|118|92|101|118|104|95|92|102|100|84|79|68|52|58|54|40|38|33|41|37|39|27|38|31|28|33|35|49|56|68|56|62|56|67|66|79|75|68|79|75|84|83|65|74|69|64|60|63|68|94|83|82|84|117|109|100|91|82|116|99|98|121|108|113|122|99|109|119|117|108|138|127|96|109|83|81|60|62|74|56|78|89|67|69|
2011-05-29|3|1_CTs|CT11||31|26|25|21|33|17|23|15|24|20|22|10|16|17|16|20|15|24|22|23|21|13|17|21|12|17|15|12|17|13|15|21|13|20|18|25|14|26|29|36|31|28|25|25|28|34|27|21|28|37|33|29|23|37|23|28|30|31|25|31|33|28|34|32|37|26|31|27|34|27|59|40|29|47|27|29|26|33|45|33|33|20|27|39|34|22|31|18|25|18|33|27|19|23|31|29|
2011-05-29|3|1_CTs|CT12||48|46|26|39|47|46|33|38|46|53|39|47|73|42|52|59|68|47|52|55|50|46|45|46|35|28|26|17|21|24|29|24|26|17|22|12|15|15|15|17|20|14|15|17|17|16|23|22|23|20|16|23|27|16|17|14|18|25|13|21|14|22|20|24|19|26|34|24|22|24|26|30|27|17|25|16|22|28|34|46|39|32|32|31|36|38|25|31|21|30|29|26|29|25|27|30|
2011-05-29|3|1_CTs|CT16||33|27|30|34|32|28|28|21|36|29|23|22|22|31|28|21|23|17|12|24|19|15|18|10|10|8|7|11|6|7|7|7|8|10|12|8|8|12|14|11|13|13|6|13|15|11|16|11|18|16|23|19|25|30|24|16|27|15|16|23|14|15|28|23|32|31|34|20|36|25|26|20|37|35|26|34|29|28|27|35|36|42|34|26|36|26|29|29|32|27|21|18|25|29|18|31|
2011-05-29|3|1_CTs|ct17||163|145|122|101|131|137|105|88|96|113|92|99|76|68|85|97|107|79|71|114|94|74|81|63|56|61|48|38|50|46|46|49|55|57|68|71|51|76|86|91|119|79|95|121|96|107|129|139|156|154|171|155|167|152|157|177|150|161|138|157|147|174|182|190|207|187|216|215|189|224|220|234|204|242|213|240|262|221|268|255|263|278|243|240|256|204|155|145|126|134|105|114|124|99|81|83|
2011-05-29|3|1_CTs|ct18||137|141|151|131|159|156|126|120|125|154|128|145|132|136|128|141|137|134|101|142|112|99|105|82|64|73|68|55|54|53|59|51|46|58|55|59|41|62|66|62|86|87|77|90|76|92|96|106|107|101|119|133|125|114|111|130|103|103|101|107|115|132|122|142|117|160|157|151|156|137|175|153|160|184|151|167|181|152|167|173|184|189|180|164|154|148|128|119|93|101|118|94|109|122|87|103|
2011-05-29|3|1_CTs|ct19||2|5|1|3|0|0|0|1|1|0|0|0|0|0|0|0|0|0|1|0|1|1|0|1|0|1|1|2|3|1|4|5|2|9|3|5|4|3|3|1|5|4|2|5|2|3|5|4|4|6|4|2|3|6|4|5|3|6|4|4|2|6|4|2|5|6|1|6|3|5|2|4|4|2|7|6|1|4|10|4|6|5|8|4|4|7|1|1|2|1|4|2|0|3|0|2|
2011-05-29|3|1_CTs|ct20||113|107|109|107|91|77|69|67|39|59|33|48|40|29|22|32|21|26|21|23|23|16|14|13|16|23|18|21|18|25|34|24|30|37|35|42|57|43|75|73|68|64|58|70|68|70|80|107|77|91|66|96|102|93|93|73|82|90|98|97|108|116|113|149|132|139|149|147|164|143|141|140|137|131|117|131|109|120|135|136|122|138|99|94|112|103|88|81|76|76|70|68|66|65|51|53|
2011-05-29|3|1_CTs|ct22||12|12|6|7|4|5|6|1|5|4|4|7|3|2|4|4|1|5|4|4|3|2|1|6|5|4|1|4|2|2|3|5|4|4|8|2|1|2|3|4|4|4|5|8|5|2|4|4|6|3|9|11|8|8|10|4|4|4|7|4|2|6|10|9|8|11|11|10|12|5|8|5|7|7|11|15|15|10|4|11|13|12|6|9|2|5|7|4|6|6|3|3|6|1|5|6|
2011-05-29|3|1_CTs|CT23||116|111|83|89|77|62|69|58|51|54|52|54|38|25|25|21|25|28|25|24|15|23|26|21|23|13|18|23|30|17|37|50|56|43|44|35|41|67|73|75|70|75|103|98|94|96|112|115|137|137|133|135|118|124|128|127|124|121|113|128|126|157|134|142|143|143|154|139|136|127|146|160|148|132|140|137|170|187|141|147|153|137|116|109|122|75|104|93|73|70|72|93|86|83|77|83|
2011-05-29|3|1_CTs|ct24||402|335|316|313|280|245|222|190|147|156|115|124|104|87|84|82|60|45|74|66|67|52|65|80|75|99|91|128|106|151|207|224|175|169|186|233|247|272|376|375|358|316|355|397|416|408|399|470|440|465|477|488|493|453|511|516|472|484|556|536|559|658|678|686|629|617|657|690|615|633|598|629|622|702|684|611|643|662|660|596|591|548|521|512|491|460|379|438|404|382|375|331|325|310|245|221|
