2013-02-18|3|1_CTs|ct1||26|14|21|13|7|11|7|8|9|3|8|4|6|1|4|1|2|2|2|6|3|6|10|9|14|20|25|37|37|48|97|144|177|218|217|251|222|234|208|164|185|167|180|168|127|147|128|153|158|137|133|160|149|130|142|136|152|154|173|181|169|162|183|154|140|158|182|170|168|175|212|205|208|195|200|229|217|196|188|156|166|162|111|100|113|97|80|71|78|63|57|44|55|46|48|33|
2013-02-18|3|1_CTs|ct3||45|30|37|26|17|20|13|17|17|16|26|6|9|8|9|12|11|11|14|22|8|29|19|31|33|37|57|58|67|73|119|180|218|245|244|270|262|257|251|235|246|236|250|246|280|225|189|220|213|189|206|212|220|215|185|208|218|235|250|252|261|225|210|217|177|218|205|193|205|182|173|203|175|156|190|189|160|166|155|176|194|165|119|125|105|123|85|109|96|88|70|71|66|68|63|44|
2013-02-18|3|1_CTs|ct5||70|84|40|37|34|32|25|26|19|15|22|12|11|7|4|4|6|7|13|7|8|8|12|14|16|14|16|42|46|60|104|114|149|196|214|201|220|212|180|196|185|164|174|158|168|165|195|173|189|198|179|197|195|207|160|181|183|192|213|173|199|184|212|204|198|242|245|225|263|267|244|279|237|247|255|261|264|272|278|256|286|249|228|177|175|151|125|146|142|130|119|120|104|84|85|77|
2013-02-18|3|1_CTs|ct6||7|9|2|1|5|1|1|0|1|1|0|1|0|0|0|1|0|0|1|1|4|0|3|6|1|2|16|8|24|24|35|34|61|57|71|68|81|88|82|64|66|58|45|44|32|39|42|46|45|33|38|57|31|39|41|53|50|56|46|59|62|42|67|48|45|53|37|52|56|41|54|50|67|87|73|89|67|61|60|56|44|40|38|37|28|26|17|18|17|18|11|13|16|9|12|9|
2013-02-18|3|1_CTs|ct7||0|0|0|0|0|0|0|0|0|0|0|0|0|0|0|0|0|0|0|0|0|0|0|0|0|0|0|0|0|0|0|0|0|0|0|0|0|0|0|0|0|0|0|0|0|0|0|0|0|0|0|0|0|0|136|155|125|174|165|171|143|162|171|147|172|165|178|158|70|97|131|123|149|78|119|148|155|149|152|157|135|164|141|110|94|96|81|92|104|96|92|89|89|75|85|67|
2013-02-18|3|1_CTs|ct9||74|52|50|36|30|25|17|14|13|25|21|6|17|11|13|9|7|10|10|13|19|14|10|18|37|30|37|39|52|71|105|143|206|289|223|236|220|230|345|183|177|165|146|145|146|171|166|173|152|139|133|145|149|123|141|147|189|159|154|179|159|124|129|143|164|147|168|122|164|134|95|146|147|43|85|117|145|178|153|168|173|150|141|134|119|89|104|119|82|91|71|98|64|76|57|77|
2013-02-18|3|1_CTs|ct10||61|54|28|20|20|19|20|16|17|14|11|9|7|4|7|4|6|9|7|13|10|13|11|22|17|17|29|30|27|47|74|96|101|139|166|184|167|171|172|160|135|124|147|127|127|134|130|120|131|137|124|130|117|122|124|115|133|124|139|133|128|137|138|127|156|135|139|145|149|130|153|160|167|162|148|149|145|144|152|135|127|135|96|121|102|89|80|73|74|76|73|53|64|68|63|62|
2013-02-18|3|1_CTs|CT11||2236|1610|1741|2655|1458|2010|2897|1350|673|1391|481|628|2576|3500|10718|9391|6995|6518|1694|546|4065|4563|4825|4318|4078|3537|3088|1845|3414|3024|2555|1950|2212|1283|736|1113|1465|1764|716|1049|1400|1420|1302|2655|954|1235|536|548|869|1268|1473|1402|1863|1396|2350|1747|819|512|723|479|534|473|549|476|597|700|641|574|759|757|527|718|527|452|593|619|513|422|351|378|620|515|881|5674|6140|5392|2679|387|318|253|335|743|307|187|1384|196|
2013-02-18|3|1_CTs|CT12||20|33|11|12|14|11|10|20|9|9|9|7|8|4|6|7|7|5|8|8|5|3|6|12|8|7|11|26|17|23|26|27|47|47|50|64|63|63|91|77|98|74|94|96|89|100|93|112|109|91|75|93|91|69|74|93|87|102|66|94|87|106|102|78|104|127|111|96|125|149|122|112|123|102|146|146|129|109|94|111|113|80|75|38|47|43|29|47|39|30|46|30|46|34|39|35|
2013-02-18|3|1_CTs|ct13||126|112|94|62|54|58|49|50|56|41|30|22|34|14|17|22|27|40|28|28|26|40|42|67|56|62|58|102|93|153|159|249|212|230|227|304|178|222|199|237|217|204|234|171|190|206|208|245|237|208|213|448|192|267|261|251|255|230|250|180|241|281|249|247|241|204|238|170|207|177|282|216|160|177|255|196|226|218|211|217|232|282|256|269|242|230|170|224|206|161|188|155|174|146|150|112|
2013-02-18|3|1_CTs|ct14||27|33|24|25|10|8|12|6|5|7|1|4|3|6|5|3|5|5|1|8|10|10|16|11|23|29|58|100|164|237|267|291|270|245|281|283|298|307|306|286|286|245|189|178|169|177|147|148|147|159|154|161|181|158|162|185|154|198|196|162|173|182|161|163|160|147|162|170|181|178|195|200|237|248|240|251|235|217|210|177|131|153|109|80|86|78|74|75|81|53|64|55|41|46|42|39|
2013-02-18|3|1_CTs|CT16||66|44|35|31|32|35|20|11|21|18|10|8|10|10|0|21|3|13|9|4|16|17|6|24|25|23|23|38|30|52|65|107|112|138|135|174|126|171|173|169|166|151|132|133|161|123|141|152|137|118|135|155|152|99|116|138|125|142|152|139|158|163|119|156|165|139|167|181|168|158|164|200|188|175|179|219|201|209|186|182|145|122|112|128|102|80|92|85|84|73|85|69|71|67|56|45|
2013-02-18|3|1_CTs|ct17||53|56|29|33|17|17|15|15|13|17|11|9|10|7|8|5|10|6|10|14|9|14|11|20|21|23|34|42|41|72|113|175|274|305|327|318|274|316|351|274|235|225|217|185|207|188|162|196|170|199|201|202|189|183|181|184|197|219|236|201|212|222|191|236|209|223|212|224|224|210|221|213|263|221|222|215|218|192|195|145|175|143|141|149|114|101|84|93|69|80|70|74|80|74|59|75|
2013-02-18|3|1_CTs|ct18||72|64|38|39|27|26|26|20|23|15|20|13|17|8|11|6|12|17|10|16|11|16|12|25|31|36|41|46|52|93|114|159|215|261|273|252|271|273|254|258|171|184|187|173|153|194|163|163|157|179|145|177|142|160|172|150|181|186|188|183|191|190|181|173|173|184|172|201|187|166|196|215|214|180|194|183|193|179|202|159|158|156|141|154|135|107|114|99|101|93|106|84|106|91|82|80|
2013-02-18|3|1_CTs|ct19||1|3|0|0|1|1|0|0|0|0|0|0|0|0|0|0|0|0|0|0|0|2|2|1|5|8|10|15|4|7|14|9|6|5|11|11|8|7|13|13|10|4|5|5|8|9|6|5|7|7|7|4|5|10|5|5|4|6|9|4|7|5|5|8|4|6|7|11|5|5|4|8|7|8|6|9|9|14|6|13|7|5|5|5|4|4|2|2|2|0|4|1|0|1|1|2|
2013-02-18|3|1_CTs|ct22||4|5|5|1|1|0|0|3|0|1|4|0|0|0|2|2|0|1|1|0|1|0|0|3|1|0|1|2|6|4|9|9|19|12|23|22|16|13|27|28|28|27|19|12|22|24|25|31|19|22|18|26|31|31|25|19|34|28|21|30|32|20|31|29|35|32|30|39|46|47|50|57|63|69|62|52|44|44|36|34|33|27|21|16|16|9|2|11|11|7|8|4|2|0|1|2|
2013-02-18|3|1_CTs|CT23||81|52|42|42|20|26|15|12|19|7|9|12|21|7|10|5|5|4|6|2|10|9|7|11|18|7|20|36|43|56|87|171|204|268|298|283|282|300|262|211|222|189|193|187|205|182|216|187|219|236|241|263|264|220|220|225|211|218|255|239|181|249|252|249|226|272|316|332|335|395|422|385|435|448|444|450|484|419|436|392|356|359|296|226|239|212|178|175|193|147|135|154|120|106|98|92|
2013-02-18|3|1_CTs|ct24||120|143|95|86|45|37|37|34|31|30|17|16|21|28|19|13|18|20|43|42|42|52|69|106|104|140|271|421|624|812|933|805|619|604|705|868|789|838|807|893|928|968|816|781|731|749|725|672|645|713|724|690|732|703|738|764|725|816|830|801|727|751|766|721|665|658|704|713|698|794|774|822|831|926|907|867|811|763|695|627|590|525|497|390|380|346|302|314|267|282|249|255|205|219|169|168|
