2015-12-14|3|1_CTs|ct1||48|278|29|20|10|12|8|6|3|2|2|6|7|3|3|0|6|4|3|6|5|264|11|12|11|17|23|42|43|59|375|427|459|232|481|206|213|211|181|195|170|428|172|433|167|137|154|154|126|155|436|179|424|163|414|148|149|456|211|432|186|192|163|179|192|449|197|200|427|212|461|451|467|462|193|211|192|169|415|173|399|150|361|124|362|97|91|85|61|75|76|56|65|57|64|46|
2015-12-14|3|1_CTs|ct3||57|62|33|48|21|23|27|16|8|6|5|7|13|8|10|6|9|5|10|19|18|15|26|27|32|30|52|62|60|335|117|192|203|208|474|234|213|202|182|217|495|205|210|218|210|212|457|466|192|231|228|238|435|196|459|181|475|237|232|227|261|235|476|235|193|171|202|201|168|160|420|158|144|178|156|178|214|440|425|731|689|179|136|141|124|96|104|79|71|91|82|80|77|93|72|70|
2015-12-14|3|1_CTs|ct5||111|88|67|67|48|295|31|28|264|27|16|17|14|15|13|9|8|12|7|10|7|266|12|274|12|22|27|43|53|74|115|163|436|503|221|212|238|266|465|182|180|422|395|158|409|226|203|199|465|250|213|239|254|209|457|447|207|471|230|495|217|222|479|260|269|261|293|300|564|300|575|819|553|533|283|262|253|218|183|437|192|186|480|650|424|157|170|132|144|142|112|129|149|158|177|310|
2015-12-14|3|1_CTs|ct6||11|4|262|6|2|7|1|1|4|0|2|1|0|0|1|2|0|0|1|0|1|2|4|5|9|6|11|16|15|280|45|48|56|78|311|61|74|71|54|312|46|47|41|44|51|44|47|57|56|50|309|56|55|40|34|282|58|61|70|57|66|61|57|57|46|49|330|49|59|63|67|72|61|65|329|59|46|61|52|68|65|50|48|46|23|278|25|14|22|20|15|20|24|16|20|19|
2015-12-14|3|1_CTs|ct7||336|71|57|64|54|37|30|24|29|275|20|15|19|19|23|10|16|12|16|16|19|17|33|34|263|27|32|36|324|54|62|86|105|146|130|401|159|618|393|377|673|134|154|137|424|151|172|171|165|177|183|185|432|417|386|368|180|168|170|420|152|174|191|176|128|136|31|0|0|0|0|0|0|0|0|0|0|0|0|0|0|0|0|0|0|0|0|0|0|0|0|0|0|0|0|0|
2015-12-14|3|1_CTs|ct8||302|31|35|35|30|16|15|19|10|255|9|13|3|7|7|4|4|3|6|2|9|5|16|278|19|10|17|19|294|28|24|47|73|93|80|84|365|329|94|316|103|99|122|109|109|355|109|118|100|595|113|115|342|360|328|79|108|107|101|114|112|119|135|117|113|391|114|130|101|114|96|107|347|325|340|90|337|100|85|96|81|592|82|67|50|66|302|45|67|56|59|59|71|60|63|68|
2015-12-14|3|1_CTs|ct9||68|63|43|42|50|24|34|47|28|37|20|26|22|28|12|23|20|9|15|16|21|15|17|29|27|28|292|308|56|336|370|168|239|242|524|271|261|303|257|214|480|192|459|401|476|470|154|210|182|173|436|162|445|142|429|430|422|190|313|490|227|227|167|423|196|712|190|211|236|505|1198|528|532|210|514|895|213|753|190|431|199|121|897|410|351|98|98|97|98|103|85|354|76|62|134|267|
2015-12-14|3|1_CTs|ct10||56|41|42|32|43|34|22|15|21|20|13|16|9|5|10|7|12|8|11|10|14|8|20|14|21|16|21|30|33|43|70|98|142|148|145|139|165|153|152|167|137|146|139|136|115|121|134|133|124|140|122|155|139|125|124|116|127|128|129|133|138|150|135|155|149|146|156|144|134|143|165|145|134|130|144|143|154|150|121|108|117|131|122|113|93|96|81|83|81|63|74|75|68|93|97|63|
2015-12-14|3|1_CTs|ct13||146|115|109|93|94|345|69|54|291|44|35|40|39|24|24|28|30|29|32|24|36|42|57|74|54|81|76|96|109|130|180|185|260|289|200|106|181|298|261|257|512|258|262|512|300|264|271|244|511|272|291|236|776|287|251|512|286|239|246|1042|288|302|306|577|814|548|260|282|528|265|218|244|297|281|273|247|225|512|253|240|277|326|542|284|498|260|191|473|237|165|434|181|176|216|199|446|
2015-12-14|3|1_CTs|ct14||30|41|35|20|18|16|14|11|4|6|2|8|5|10|8|1|6|4|4|5|10|15|11|15|27|48|327|404|223|499|549|272|269|745|499|503|251|267|252|769|268|501|497|492|212|465|448|183|702|174|196|191|177|171|173|462|449|177|193|205|210|475|190|160|170|186|176|231|473|226|197|485|204|497|228|209|465|475|246|485|486|174|139|127|349|99|95|89|93|72|89|70|72|68|60|62|
2015-12-14|3|1_CTs|CT16||73|61|48|48|71|49|58|28|49|33|23|36|37|28|58|12|30|18|48|20|40|15|7|69|42|29|46|83|50|111|112|161|474|189|211|460|311|307|236|193|223|195|214|938|186|183|165|217|201|167|169|190|218|200|176|203|178|193|479|452|188|180|220|443|210|204|204|209|211|488|193|195|254|197|519|314|769|239|265|205|467|142|411|141|386|121|93|109|102|96|94|108|85|87|82|119|
2015-12-14|3|1_CTs|ct18||75|60|55|45|52|42|27|29|25|30|20|18|9|10|14|7|11|12|12|16|18|14|28|19|35|27|40|55|60|74|109|169|224|256|267|212|256|250|235|252|220|233|224|197|194|162|196|176|196|169|163|204|198|182|166|166|180|185|206|207|221|186|174|218|180|194|209|177|182|159|173|171|197|217|192|198|237|182|172|168|162|144|158|139|116|144|109|101|120|93|102|99|96|118|123|92|
2015-12-14|3|1_CTs|ct19||1|1|0|1|0|0|0|0|0|0|0|0|0|0|0|0|0|0|0|2|0|1|0|2|2|10|4|9|9|9|5|6|6|5|4|7|9|8|10|7|5|2|7|5|4|4|4|8|1|5|4|12|6|3|6|8|6|5|6|7|1|6|5|6|3|8|5|8|6|5|6|7|6|2|5|6|9|5|8|5|3|4|5|6|4|4|3|7|1|1|0|2|0|3|0|2|
2015-12-14|3|1_CTs|ct22||6|0|1|3|2|1|2|0|1|1|0|2|0|0|1|2|1|1|0|3|2|4|2|1|0|1|0|2|3|2|7|11|15|14|21|15|14|23|23|18|20|16|20|22|20|16|24|16|25|23|30|26|285|19|17|25|20|20|27|281|17|22|290|22|23|44|37|53|66|48|305|60|61|50|45|302|43|295|27|32|21|21|12|12|13|3|11|9|6|9|7|1|4|6|10|0|
2015-12-14|3|1_CTs|CT23||147|69|60|38|24|27|27|19|18|12|8|19|9|13|7|4|11|7|7|12|13|11|4|24|19|16|27|42|59|337|184|558|575|367|358|389|385|397|540|268|228|227|694|243|226|263|229|252|253|311|568|333|612|564|541|529|309|306|309|576|308|390|343|364|340|427|400|464|550|563|751|807|579|928|785|541|730|755|451|339|659|302|1079|317|550|236|223|716|220|245|186|167|205|150|402|141|
2015-12-14|3|1_CTs|ct24||121|123|125|75|56|58|45|39|24|21|283|287|17|24|32|17|15|36|39|38|296|65|73|98|139|222|850|808|745|1091|1179|944|1147|1393|816|1026|860|863|1049|843|882|1096|1071|789|896|835|809|1078|784|794|1051|1074|1271|734|1226|825|1071|834|917|1133|839|828|827|817|721|790|884|919|1120|852|975|1274|813|1099|1049|1302|1248|1263|772|1079|1333|636|530|499|380|375|359|328|330|556|284|243|276|270|519|365|
