2011-06-12|22|1_CTs|CT1||21|22|11|9|6|15|3|9|10|9|5|6|4|5|2|5|5|10|5|3|7|10|8|14|20|19|11|20|18|14|18|27|11|21|18|28|27|19|37|28|27|32|27|23|26|28|33|42|43|37|36|43|40|32|20|23|23|40|33|32|36|36|29|35|46|40|35|41|47|40|49|57|42|38|55|47|39|55|52|47|36|36|39|31|32|40|27|33|37|34|22|24|22|28|17|13|
2011-06-12|22|1_CTs|CT2||9|11|1|12|8|3|5|3|2|0|0|5|4|1|1|2|3|3|1|5|4|5|4|9|12|7|21|15|11|15|23|16|12|16|18|19|18|14|24|15|8|14|22|14|20|17|25|21|23|31|24|18|33|23|19|18|20|16|25|25|21|24|18|22|35|26|17|28|19|22|20|23|18|24|24|25|14|16|20|17|19|26|21|17|17|24|14|15|16|23|11|17|11|15|12|14|
2011-06-12|22|1_CTs|CT3||39|45|37|53|37|31|36|21|16|0|0|8|20|12|16|16|14|14|20|21|17|9|25|23|23|26|31|30|35|45|44|52|39|54|42|55|60|53|70|55|53|58|68|61|59|64|68|94|90|108|101|73|111|101|67|68|72|80|86|86|87|92|98|102|109|99|102|109|99|112|87|100|106|117|127|104|87|100|88|83|103|108|97|72|79|93|79|68|73|79|69|69|67|52|50|54|
2011-06-12|22|1_CTs|CT4||37|27|28|24|28|24|14|17|13|0|0|0|0|0|0|0|0|0|0|0|0|0|0|0|0|0|0|0|0|0|0|0|0|0|0|0|0|0|0|0|0|0|0|0|0|0|0|0|0|0|0|0|0|0|0|0|0|0|0|0|0|0|0|0|0|0|0|0|0|0|0|0|0|0|0|0|0|0|0|0|0|0|0|0|0|0|0|0|0|0|0|0|0|0|0|0|
2011-06-12|22|1_CTs|CT5||40|24|26|30|24|26|15|16|7|0|0|9|20|18|11|10|17|10|13|13|14|11|14|14|21|25|17|20|19|26|23|31|32|52|35|34|45|47|44|59|65|57|67|58|54|75|66|70|75|74|56|66|79|88|61|48|69|70|49|63|68|74|59|71|76|77|72|92|84|99|74|70|90|80|75|96|97|89|94|77|75|90|65|64|69|76|65|52|57|53|56|33|47|40|39|43|
2011-06-12|22|1_CTs|CT6||26|23|16|17|17|13|14|13|12|11|8|6|11|10|7|5|19|6|5|6|7|6|15|15|15|19|12|17|18|22|19|21|27|35|15|23|39|33|33|40|22|33|40|47|30|43|44|43|42|51|54|38|83|60|40|41|49|44|34|44|43|39|46|62|45|41|52|62|53|48|45|52|71|52|55|64|54|61|43|44|54|57|47|38|30|40|50|51|42|34|51|39|36|30|25|36|
2011-06-12|22|1_CTs|CT7||6|8|1|7|5|3|4|1|2|0|0|1|0|1|0|1|2|3|1|1|0|2|0|2|4|3|1|3|3|6|8|4|3|10|6|7|7|3|8|6|5|11|3|7|9|7|10|11|19|7|7|11|9|15|6|13|4|11|11|9|12|12|3|10|8|9|14|10|16|6|16|11|15|7|15|15|20|18|15|10|8|14|10|9|13|11|13|7|12|5|5|6|10|11|5|7|
2011-06-12|22|1_CTs|CT8||9|7|4|6|4|3|3|6|2|6|0|5|5|1|4|3|0|1|1|5|3|4|2|1|1|5|5|3|4|3|3|4|6|5|8|11|14|17|15|26|28|11|18|5|8|12|13|14|20|18|18|13|9|22|6|20|27|15|14|15|14|10|9|15|14|10|26|10|13|11|15|13|19|10|11|22|11|14|8|13|13|13|11|15|13|12|14|10|10|4|12|10|15|9|19|12|
2011-06-12|22|1_CTs|CT9||28|34|23|26|27|24|15|14|9|0|0|8|10|11|11|7|3|9|5|20|4|4|9|20|18|20|22|31|30|32|34|32|32|37|43|47|46|48|47|60|60|71|67|50|54|54|63|61|73|84|62|71|71|71|57|65|54|66|56|58|70|60|69|60|73|72|76|79|109|93|97|78|96|89|97|96|94|109|97|101|95|102|74|91|96|81|70|69|56|55|57|47|49|41|39|34|
2011-06-12|22|1_CTs|CT10||4|1|0|1|5|4|3|1|0|0|0|2|1|0|0|1|2|0|1|2|1|0|0|1|3|3|3|3|3|1|1|2|1|1|3|0|1|1|1|4|3|5|2|2|1|1|2|3|3|2|5|4|3|2|1|2|2|1|2|1|2|2|3|2|2|1|1|3|1|3|1|3|3|1|4|3|2|3|1|3|3|3|1|2|3|1|5|2|1|1|0|1|1|1|1|2|
