2012-12-19|2|1_CTs|ct1||60|55|51|31|36|23|14|15|11|19|9|6|13|11|11|9|9|8|6|11|12|20|15|23|20|28|33|46|73|75|105|113|132|136|128|177|203|209|200|223|208|210|223|211|215|217|188|173|194|219|195|193|189|165|165|171|157|157|140|143|83|146|188|187|202|206|168|156|156|156|148|135|145|137|144|142|112|153|147|188|165|183|176|205|178|118|113|108|115|105|99|128|98|104|95|75|
2012-12-19|2|1_CTs|ct2||49|40|32|30|20|28|17|12|24|16|9|9|21|18|6|17|18|7|8|9|8|16|16|14|14|29|19|29|36|41|29|57|58|62|58|59|50|66|85|97|93|149|105|100|125|114|119|91|89|114|116|103|111|108|110|71|122|144|272|236|148|166|116|124|112|69|80|99|88|106|84|74|74|77|81|75|79|103|74|93|85|100|94|83|99|59|76|54|60|57|45|56|55|55|48|53|
2012-12-19|2|1_CTs|ct3||92|107|65|67|49|39|24|22|30|32|23|17|20|24|15|27|20|17|18|22|19|27|31|36|37|51|52|61|81|79|109|118|140|132|146|142|189|179|164|188|187|188|204|220|232|195|223|192|195|209|195|206|211|194|186|174|173|161|168|154|156|207|232|230|216|237|199|232|186|199|211|215|229|213|187|196|171|187|166|209|177|214|196|203|179|135|144|130|138|142|118|148|107|120|127|129|
2012-12-19|2|1_CTs|ct4||53|53|44|37|43|19|25|25|26|24|23|31|20|18|22|24|14|7|15|9|18|10|19|17|35|27|28|32|38|33|46|59|79|105|113|126|122|122|147|137|132|137|135|140|142|119|122|155|115|135|138|142|129|124|105|112|112|102|113|110|118|127|121|125|133|131|122|116|129|96|115|120|103|107|82|112|119|115|111|100|92|97|104|103|90|91|95|84|82|87|80|75|66|81|66|74|
2012-12-19|2|1_CTs|ct5||91|87|71|75|56|26|36|37|35|32|33|32|27|21|18|24|15|17|19|21|23|19|16|19|33|24|33|39|38|45|67|123|103|136|154|205|171|164|196|212|183|208|208|204|189|195|219|215|192|221|223|195|185|184|179|155|162|169|195|188|189|189|191|164|185|204|168|177|219|190|188|197|166|171|149|191|190|201|176|152|163|165|167|174|134|124|122|140|133|144|130|119|126|126|119|112|
2012-12-19|2|1_CTs|ct6||107|117|63|66|75|37|39|39|25|31|35|32|23|13|20|20|6|12|12|17|19|15|17|21|34|26|26|34|35|44|53|97|89|123|146|145|135|152|143|164|166|166|167|202|144|166|193|184|188|221|204|186|170|145|151|163|169|159|197|199|168|181|202|190|168|170|151|148|163|114|129|148|111|163|132|145|157|172|146|151|138|142|137|126|126|113|117|126|136|116|116|129|130|121|134|145|
2012-12-19|2|1_CTs|ct17||90|97|65|66|51|38|29|21|25|34|17|22|17|22|17|23|12|18|12|9|12|12|17|26|27|36|33|46|58|63|83|118|117|139|143|137|177|175|174|191|162|192|193|198|209|208|191|204|192|212|190|184|198|192|166|165|164|152|149|156|153|205|219|221|203|220|189|222|197|220|209|224|222|234|186|203|194|218|190|227|210|212|185|225|194|149|135|141|127|131|101|149|133|149|114|114|
2012-12-19|2|1_CTs|CT19||45|46|39|27|28|15|14|11|9|18|11|15|7|13|7|14|5|10|6|3|10|3|4|7|16|17|19|26|36|29|36|72|64|79|73|77|108|93|115|106|113|126|113|121|143|104|131|121|113|156|132|103|118|116|76|92|111|96|112|100|119|115|112|140|143|132|119|118|116|128|145|138|120|141|130|139|128|130|123|150|118|128|107|127|120|78|75|92|67|82|50|81|73|89|60|62|
2012-12-19|2|1_CTs|CT20||45|40|43|33|30|26|21|19|24|20|28|22|15|9|10|8|9|2|11|6|8|6|6|13|16|19|14|26|20|26|43|49|51|85|81|88|89|99|93|85|82|84|82|87|81|88|79|78|85|86|92|81|84|82|63|59|61|73|80|53|59|74|86|83|81|82|80|86|97|83|79|83|77|98|89|78|90|93|75|91|79|81|84|81|70|78|54|53|59|48|60|60|54|57|51|60|
2012-12-19|2|1_CTs|CT21||22|22|24|15|16|14|11|10|14|8|8|7|6|2|1|3|4|0|2|5|1|4|1|4|6|9|5|8|12|11|31|29|46|44|56|51|54|56|51|49|43|41|49|45|48|40|40|46|48|48|49|47|44|46|41|33|30|33|38|45|43|36|67|38|53|40|42|56|51|44|44|50|43|46|56|38|50|51|37|40|41|45|39|41|37|31|34|22|23|28|32|30|25|30|21|35|
