2013-09-19|6|1_CTs|CT1||0|2|1|1|2|0|3|1|2|2|0|2|0|0|1|1|1|2|1|1|0|0|4|6|8|3|3|2|5|7|6|57|112|46|37|18|15|18|8|5|7|6|4|6|5|6|6|4|4|11|8|20|23|3|7|12|3|8|2|9|1|6|15|7|4|3|9|5|9|5|4|6|3|9|7|4|5|2|4|2|5|3|4|6|2|3|0|0|0|1|6|13|20|1|0|1|
2013-09-19|6|1_CTs|CT2||0|0|0|0|0|0|0|0|0|0|0|0|0|0|0|0|0|0|0|0|0|0|0|0|0|0|0|0|0|0|0|0|0|1|0|0|0|0|0|0|0|0|0|0|0|0|0|0|0|0|0|0|0|0|0|0|0|0|0|0|0|0|0|0|0|0|0|0|0|0|0|0|0|0|0|0|0|0|0|0|0|0|0|0|0|0|0|0|0|0|0|0|0|0|0|0|
2013-09-19|6|1_CTs|CT3||13|10|10|9|7|7|3|1|0|1|0|4|2|2|2|3|6|15|13|23|26|17|19|37|33|30|37|34|55|51|71|88|87|97|112|128|98|66|76|69|62|73|54|46|40|34|40|57|59|54|61|48|49|54|41|42|41|53|63|66|44|50|44|47|57|52|55|72|51|67|61|81|57|62|58|50|47|39|45|25|32|31|32|31|22|21|20|12|19|30|18|23|28|26|20|14|
2013-09-19|6|1_CTs|CT6||14|15|26|10|11|8|10|17|7|8|4|3|3|6|6|4|3|7|4|11|8|7|16|11|13|13|22|23|34|38|60|100|168|186|201|182|183|184|131|110|127|107|90|113|82|92|74|81|77|92|92|75|96|103|101|102|86|127|104|105|79|113|97|110|108|107|117|102|132|167|145|127|143|135|108|124|98|109|92|100|88|102|103|74|76|70|51|58|66|68|53|43|37|47|40|31|
2013-09-19|6|1_CTs|CT7||7|2|5|2|3|4|2|2|2|1|0|1|2|2|1|1|3|2|1|3|3|3|3|5|4|1|5|10|9|9|16|28|36|47|49|37|39|30|30|26|31|22|28|22|20|23|28|25|24|27|21|27|27|24|29|23|16|25|17|38|34|26|35|25|22|14|28|27|24|32|39|22|39|39|34|25|27|24|20|19|19|15|22|18|14|12|11|12|13|15|8|8|9|8|3|6|
2013-09-19|6|1_CTs|CT8||46|41|30|26|25|20|13|8|11|14|13|7|23|11|6|12|2|7|7|7|5|9|29|15|23|25|42|50|67|105|162|202|231|241|201|188|186|198|190|171|192|160|142|157|125|127|148|147|147|143|161|150|126|149|148|135|167|171|161|149|150|145|133|155|159|184|167|178|158|215|184|196|208|220|221|167|200|178|141|149|137|125|119|100|118|82|99|82|66|75|66|72|61|66|44|46|
2013-09-19|6|1_CTs|CT9||51|55|42|33|28|25|20|22|17|12|8|6|11|10|3|12|9|9|7|9|16|17|21|37|43|39|54|69|80|119|180|285|302|361|409|359|328|266|257|225|193|218|208|195|191|181|206|198|179|184|197|208|212|217|198|189|185|214|201|243|218|202|219|224|232|195|221|249|253|287|303|370|334|287|348|314|260|225|231|189|172|148|140|148|132|113|116|95|96|108|91|94|97|87|46|64|
2013-09-19|6|1_CTs|CT10||40|27|26|20|22|18|15|7|12|8|4|6|6|6|5|5|3|0|6|7|9|11|11|21|27|30|23|34|54|63|106|167|196|192|173|190|213|206|203|153|176|141|148|151|153|135|147|137|147|135|175|142|131|135|149|130|149|126|134|130|147|140|169|165|182|177|181|197|191|222|224|216|218|221|233|219|178|164|196|175|182|154|114|105|121|95|65|65|70|57|48|47|51|45|53|53|
2013-09-19|6|1_CTs|CT11||30|32|14|19|19|14|11|11|6|10|6|5|8|7|6|4|11|7|8|12|15|17|27|26|10|37|55|64|79|179|253|365|274|360|384|320|312|321|261|245|252|217|184|190|189|172|174|173|192|218|211|202|202|191|178|189|184|211|215|202|200|208|195|195|176|228|241|251|257|227|239|234|223|225|210|205|190|172|191|159|152|148|117|133|98|99|88|78|63|71|75|43|41|51|35|41|
2013-09-19|6|1_CTs|CT12||36|30|27|18|17|19|11|11|6|9|8|6|6|10|8|8|6|3|8|11|11|18|11|18|24|28|37|40|61|74|150|214|303|322|293|296|301|272|253|186|177|177|172|161|186|154|168|135|178|168|212|170|169|209|167|187|195|165|166|180|158|180|193|203|203|226|256|279|256|288|291|274|292|302|296|295|245|218|212|216|199|183|155|108|132|99|86|67|84|75|53|64|56|59|39|50|
2013-09-19|6|1_CTs|CT15||18|15|15|5|6|4|5|6|6|1|4|1|5|1|4|4|5|7|6|13|9|15|10|24|28|32|26|37|44|59|94|148|216|188|201|185|164|108|116|85|98|100|75|71|75|70|79|70|60|72|86|90|84|84|79|78|62|99|70|78|79|77|77|81|86|77|89|87|87|124|144|158|109|112|142|102|79|78|64|53|62|49|43|66|38|42|36|25|27|31|28|26|31|27|19|15|
2013-09-19|6|1_CTs|CT16||55|29|28|24|30|21|18|18|17|13|5|10|11|6|4|7|8|6|7|9|11|12|18|19|23|31|23|55|51|108|157|269|297|298|295|283|269|260|241|189|242|207|182|199|221|152|169|170|176|166|193|208|175|168|169|177|179|159|166|202|177|197|196|167|181|180|212|224|226|196|251|215|218|232|231|202|182|166|179|149|150|142|125|145|122|94|86|86|84|83|69|54|73|59|53|58|
2013-09-19|6|1_CTs|CT21||67|47|47|45|25|15|17|14|22|14|10|7|12|15|12|18|17|22|29|38|30|37|31|51|64|73|66|103|128|171|251|348|354|338|401|363|349|315|266|259|279|249|222|244|240|227|221|197|214|217|236|215|229|217|203|204|231|220|268|255|215|230|248|244|242|228|270|255|254|239|223|274|235|272|282|277|197|229|191|183|196|176|172|156|152|126|110|109|99|91|115|88|103|96|69|61|
2013-09-19|6|1_CTs|CT22||101|96|67|51|42|36|42|26|25|26|27|24|24|18|31|23|27|28|38|45|38|46|64|61|57|56|75|93|92|136|165|210|222|268|305|291|302|267|279|238|239|224|236|234|250|252|240|288|279|251|266|255|256|272|232|256|235|289|252|249|266|306|270|293|295|310|339|338|332|384|353|365|378|398|377|333|348|389|328|249|290|257|220|192|168|147|148|157|125|130|162|152|141|133|116|116|
2013-09-19|6|1_CTs|CT23||69|64|54|43|27|32|30|11|14|18|17|17|22|17|10|20|8|11|15|11|19|22|44|36|44|49|72|91|119|151|240|318|328|390|356|357|346|365|303|285|269|250|217|241|206|202|230|224|231|226|252|231|248|232|233|218|233|249|275|273|242|238|233|255|242|264|280|268|290|339|330|342|336|337|352|304|301|289|246|233|223|212|189|160|183|120|114|126|98|118|106|110|98|97|77|65|
2013-09-19|6|1_CTs|CT24||62|66|54|46|32|28|27|33|17|18|16|13|6|11|20|13|16|11|21|22|14|26|27|39|24|48|62|81|95|138|163|228|282|347|327|340|381|397|285|347|324|264|239|270|236|264|234|236|260|276|278|279|250|241|216|246|229|251|297|290|275|259|276|295|329|312|366|330|326|402|416|426|390|402|438|433|404|368|326|307|317|291|240|198|175|145|154|130|132|135|147|121|108|114|99|88|
