2016-05-26|6|1_CTs|CT1||3|3|0|3|1|1|1|2|0|0|0|0|0|0|0|0|1|0|0|0|1|2|0|2|1|1|1|1|0|1|3|0|1|4|3|1|0|4|1|3|3|2|4|6|2|0|5|0|6|2|1|3|2|2|5|1|2|3|2|1|6|5|5|4|3|3|8|4|4|5|2|1|2|5|3|2|2|4|4|1|5|3|1|4|5|3|0|2|2|3|4|1|0|1|1|2|
2016-05-26|6|1_CTs|CT3||29|11|254|8|7|5|11|5|2|7|3|2|2|4|5|5|8|13|12|11|21|16|24|31|25|24|29|31|30|43|273|36|47|54|50|50|36|39|49|44|45|39|41|45|40|283|41|44|44|48|40|48|44|43|27|36|41|42|40|42|38|43|236|33|43|36|48|44|35|44|32|41|35|39|46|38|44|259|33|37|30|32|20|25|25|26|26|24|16|21|26|16|17|19|18|255|
2016-05-26|6|1_CTs|CT4||16|8|9|8|9|8|7|7|6|4|4|3|5|4|5|3|5|6|1|2|2|2|1|0|4|0|2|2|4|1|3|3|9|7|4|4|11|2|3|3|13|7|12|13|272|16|14|18|15|7|7|16|7|21|5|10|14|16|22|19|21|21|22|22|23|20|23|22|20|24|25|24|20|21|12|14|10|18|16|16|19|17|22|265|18|19|11|11|17|9|9|11|7|12|13|10|
2016-05-26|6|1_CTs|CT5||28|28|23|23|21|14|17|275|13|23|12|11|16|13|11|18|15|8|13|265|7|8|9|12|264|13|14|15|15|18|19|20|27|22|25|25|29|31|35|27|32|32|35|32|42|46|43|51|36|37|40|265|56|43|47|41|55|37|56|48|39|46|51|48|566|39|47|52|273|50|53|59|33|36|39|33|39|51|42|59|301|37|48|48|28|35|38|23|22|24|29|28|20|26|22|24|
2016-05-26|6|1_CTs|CT6||47|59|35|23|27|25|11|12|273|14|9|10|12|14|8|14|13|9|8|8|7|6|16|22|13|13|19|17|27|30|31|29|20|37|292|38|48|36|48|65|53|69|59|316|326|80|75|87|72|80|93|85|92|93|81|69|78|93|314|315|338|80|86|90|97|343|91|89|70|71|72|84|77|105|98|78|59|335|77|81|66|100|69|72|314|68|275|40|48|59|296|51|311|51|42|21|
2016-05-26|6|1_CTs|CT7||10|6|6|5|3|3|3|2|1|4|2|0|0|3|2|2|1|1|3|1|3|3|2|1|2|1|3|6|7|5|9|15|8|10|7|14|11|9|12|16|9|21|13|11|22|21|18|21|26|12|22|24|17|22|22|23|13|19|18|25|12|15|17|15|9|276|18|11|20|17|14|13|10|20|21|20|23|14|18|22|17|13|15|21|6|270|10|12|5|12|13|5|10|5|14|5|
2016-05-26|6|1_CTs|CT8||319|43|51|37|44|32|26|23|26|29|19|16|14|27|15|9|24|20|11|7|7|8|10|14|19|21|23|38|259|299|57|47|46|44|63|284|263|75|66|75|70|77|81|80|75|85|97|100|328|103|99|342|97|110|86|114|101|102|98|315|581|107|116|108|374|370|116|122|333|109|102|109|115|126|617|132|120|567|127|134|115|137|326|99|65|65|71|80|323|84|64|54|45|45|53|54|
2016-05-26|6|1_CTs|CT10||41|39|48|26|25|18|26|17|22|14|14|16|20|11|18|16|17|20|276|16|10|11|17|20|23|23|22|33|30|29|295|36|50|47|46|47|52|39|60|61|72|71|63|71|64|97|77|85|340|85|87|347|384|364|88|109|92|347|87|84|94|118|110|344|94|113|95|131|101|118|151|367|119|95|611|142|126|108|385|97|128|121|329|85|68|45|59|62|295|34|43|50|48|42|48|37|
2016-05-26|6|1_CTs|CT11||57|51|44|37|33|24|22|16|5|16|12|14|12|2|13|8|19|4|6|14|9|13|11|29|16|23|25|43|45|60|62|66|60|46|316|72|73|50|88|97|338|93|353|364|101|97|99|115|102|136|128|633|144|117|118|112|119|107|132|115|624|120|113|139|133|638|378|114|119|105|135|111|119|103|137|118|113|386|135|124|134|104|356|88|75|78|288|317|67|52|58|40|41|46|34|35|
2016-05-26|6|1_CTs|CT12||53|58|60|46|40|28|24|25|25|18|16|16|12|11|21|23|35|15|26|19|11|18|17|31|22|284|24|37|32|34|35|53|56|42|54|44|49|47|91|89|80|80|351|360|356|102|100|108|116|99|124|1122|372|121|120|365|99|107|114|110|110|122|517|251|123|382|132|130|139|130|180|133|390|455|148|144|120|133|418|136|135|142|103|102|85|58|69|85|71|54|62|315|302|296|47|51|
2016-05-26|6|1_CTs|CT15||33|24|32|20|18|25|14|14|16|22|9|6|16|17|24|8|9|15|17|21|272|25|18|39|24|30|263|50|33|49|286|68|64|58|61|61|65|65|64|67|71|336|328|81|70|86|311|94|98|340|80|332|98|94|104|331|75|82|88|90|330|326|86|76|66|574|315|78|85|78|86|74|94|103|95|87|92|303|76|77|335|73|66|71|316|41|296|59|45|48|48|36|41|33|34|292|
2016-05-26|6|1_CTs|CT16||69|47|59|24|31|22|33|274|13|264|15|13|20|9|17|13|12|15|13|14|16|11|9|23|20|17|28|42|47|46|64|61|68|56|51|91|80|73|89|98|94|101|108|361|102|378|111|133|131|384|149|154|175|164|124|144|131|126|140|123|381|158|399|139|113|152|393|127|144|130|169|382|143|11|141|165|150|399|135|141|167|140|126|624|77|348|337|73|64|64|58|50|49|309|65|280|
2016-05-26|6|1_CTs|CT17||60|55|58|47|28|41|28|25|31|14|17|14|15|12|22|18|22|21|15|16|11|14|17|268|7|8|12|14|10|16|20|37|32|26|38|35|51|39|48|59|69|332|332|343|91|92|81|351|114|335|93|356|112|77|97|90|82|85|99|107|117|95|94|121|330|99|106|111|366|107|109|371|325|382|114|126|98|111|101|94|115|92|80|87|329|63|303|74|71|52|46|57|62|49|307|50|
2016-05-26|6|1_CTs|CT18||109|90|74|58|49|45|39|307|34|43|27|28|25|25|32|34|34|20|30|273|20|23|18|30|282|33|41|48|53|54|69|75|97|87|95|105|100|98|106|115|121|151|133|136|392|157|162|161|163|165|167|167|190|421|166|156|165|389|167|422|676|430|175|180|689|190|180|202|644|166|173|178|155|154|197|472|176|402|176|186|162|169|168|647|98|607|611|333|82|91|96|82|78|83|326|67|
2016-05-26|6|1_CTs|CT19||60|47|43|49|285|32|27|33|23|24|21|10|22|18|24|16|18|15|23|19|14|17|14|11|8|6|12|14|11|17|266|273|34|36|38|37|44|48|54|69|74|66|86|83|108|88|73|103|115|122|93|287|171|112|115|594|84|85|101|109|125|104|103|95|107|107|95|108|114|131|115|112|377|354|136|137|115|149|367|105|128|105|80|73|334|68|51|55|317|52|38|53|53|49|39|46|
2016-05-26|6|1_CTs|CT20||44|53|25|30|21|21|17|15|10|12|7|9|4|19|10|4|9|6|9|10|10|6|9|16|12|22|20|130|179|283|33|41|294|46|56|50|48|55|69|78|47|100|78|91|95|348|89|124|99|67|50|13|16|45|11|75|8|94|92|333|96|74|40|102|581|11|93|94|28|77|94|81|81|369|28|83|97|105|53|33|31|58|105|5|62|58|12|45|37|55|38|8|528|9|33|21|
2016-05-26|6|1_CTs|CT21||100|86|306|57|47|30|33|28|27|25|24|19|35|29|23|19|20|37|21|42|37|49|54|294|292|42|63|65|71|95|110|121|88|91|112|382|113|118|142|143|121|152|312|118|132|152|420|412|174|168|153|170|163|160|144|160|160|187|178|158|425|413|184|194|665|182|193|184|195|154|197|171|163|157|192|172|184|415|674|143|189|184|139|136|336|115|107|101|94|99|102|120|80|85|77|307|
2016-05-26|6|1_CTs|CT22||122|118|102|89|256|70|74|58|72|49|60|41|37|36|45|36|53|41|47|53|53|59|83|60|54|61|71|89|73|354|118|378|130|132|375|120|368|154|156|172|179|230|205|432|215|190|207|221|222|192|183|715|193|221|182|173|438|187|205|634|440|207|189|227|201|208|496|210|235|466|214|208|220|461|233|192|234|459|223|440|197|192|144|169|160|143|138|127|352|142|115|118|120|122|132|128|
2016-05-26|6|1_CTs|CT23||110|67|71|60|55|44|515|292|35|47|30|27|21|32|29|18|21|36|22|20|19|21|24|33|31|261|34|60|299|73|85|93|95|87|99|97|85|350|134|108|138|118|146|142|132|146|423|366|159|404|155|848|161|168|378|161|143|153|142|177|184|183|170|153|168|412|436|195|136|161|160|181|166|161|195|192|167|656|180|439|162|178|142|106|373|97|351|115|305|119|95|330|312|69|65|66|
