2013-06-12|6|1_CTs|CT1||1|2|0|0|0|0|0|1|1|0|0|1|0|1|0|1|2|2|1|2|2|3|2|4|4|3|1|3|10|7|9|21|26|50|12|16|17|11|4|2|5|4|6|4|5|3|4|3|3|4|2|4|6|4|11|3|2|8|4|4|3|3|6|5|6|6|2|7|3|12|6|5|15|6|6|7|3|1|6|7|7|0|0|4|2|2|5|2|3|4|10|28|21|2|1|2|
2013-06-12|6|1_CTs|CT3||17|18|13|13|7|8|3|4|2|4|2|2|3|1|5|7|8|8|11|18|20|28|27|39|25|30|32|29|39|50|50|77|83|92|89|72|63|65|63|54|44|46|48|62|57|38|43|45|45|52|46|38|46|36|48|33|50|62|57|57|50|48|45|50|47|41|52|56|58|64|59|37|47|55|57|50|51|32|39|33|41|40|52|30|25|15|27|24|21|26|18|15|27|13|21|19|
2013-06-12|6|1_CTs|CT4||11|12|4|5|8|4|3|5|1|1|1|1|0|0|1|4|4|2|1|1|0|1|2|0|1|2|0|4|4|7|6|22|48|32|4|20|26|17|19|29|26|22|27|25|27|32|24|35|25|31|25|26|38|42|17|18|24|24|24|15|27|23|16|28|26|33|39|47|38|43|49|44|51|42|41|58|55|38|45|33|33|16|28|28|22|21|18|14|18|10|16|15|10|21|10|8|
2013-06-12|6|1_CTs|CT5||18|19|10|7|11|13|6|4|7|7|6|6|3|4|3|9|3|2|5|2|6|3|6|8|6|10|8|15|10|30|36|45|58|59|43|34|73|73|73|80|58|78|65|73|79|67|56|72|70|73|69|88|70|74|58|54|62|53|52|79|79|57|67|79|70|82|70|72|78|69|78|69|54|78|54|75|67|82|62|60|62|59|61|66|42|57|41|46|49|35|29|38|39|32|23|36|
2013-06-12|6|1_CTs|CT6||26|12|12|18|12|8|7|6|7|1|4|3|2|1|2|4|6|6|6|9|9|10|10|20|9|14|16|17|30|42|51|78|138|140|172|185|146|135|115|116|96|109|104|106|96|72|127|92|106|100|90|88|90|100|98|98|95|119|133|110|102|115|91|105|109|105|95|139|143|140|129|98|127|140|127|128|101|104|103|113|92|103|82|85|74|82|72|55|65|45|49|55|41|42|43|44|
2013-06-12|6|1_CTs|CT7||8|3|3|4|5|4|3|2|1|0|1|1|0|1|2|3|0|2|1|1|0|2|3|4|4|2|3|12|5|14|16|25|30|33|39|40|36|25|41|41|35|24|23|28|21|16|20|26|30|27|29|26|27|20|20|19|20|25|24|22|24|25|28|20|24|27|39|24|30|35|30|38|29|40|47|31|23|36|17|22|29|23|20|26|18|17|9|13|12|5|6|10|7|12|11|8|
2013-06-12|6|1_CTs|CT8||45|33|26|23|17|20|19|17|10|12|10|12|13|7|7|7|9|9|12|7|10|12|21|15|22|31|42|40|82|94|147|169|178|207|215|204|170|177|187|163|151|145|149|157|145|117|127|135|130|146|138|131|150|157|121|158|145|166|185|158|150|160|168|147|140|167|147|157|160|164|185|184|196|183|188|192|179|173|183|184|170|161|160|152|147|142|105|96|96|84|89|82|79|74|76|60|
2013-06-12|6|1_CTs|CT9||56|33|41|35|36|18|14|27|16|11|13|6|11|11|11|6|9|9|7|10|16|16|26|32|34|48|61|56|74|122|162|238|249|333|350|326|299|269|247|214|214|187|202|189|201|184|206|214|216|212|197|193|194|185|197|211|208|207|210|234|228|198|202|226|213|206|236|262|279|264|261|268|253|260|251|236|208|207|191|174|180|141|149|120|127|118|99|104|91|82|100|80|80|69|71|67|
2013-06-12|6|1_CTs|CT10||37|27|16|17|15|14|8|12|11|10|10|8|8|7|3|2|4|4|4|11|8|16|15|16|25|25|31|37|51|62|82|143|167|162|184|177|183|152|185|173|165|143|142|161|145|152|130|142|149|162|156|141|150|120|134|110|128|122|150|131|146|157|146|151|183|161|169|194|182|201|216|197|183|199|207|203|188|170|177|165|170|142|144|129|97|104|81|83|63|60|52|59|43|56|31|35|
2013-06-12|6|1_CTs|CT11||37|21|16|21|14|9|2|10|6|8|15|8|5|8|7|4|9|6|8|10|12|18|20|37|23|35|65|72|89|157|205|328|322|348|359|345|336|292|257|253|241|201|209|201|190|197|204|185|197|188|199|177|190|203|173|211|178|208|216|224|209|193|203|214|200|226|240|247|239|230|217|203|193|231|193|190|189|145|150|181|179|162|162|132|129|122|107|97|91|98|78|71|70|54|52|46|
2013-06-12|6|1_CTs|CT12||46|41|31|19|22|16|12|9|9|8|6|4|7|5|5|5|9|3|7|18|5|24|16|28|26|26|40|47|60|66|114|175|241|279|244|265|247|212|209|217|202|165|147|190|161|183|182|172|184|168|185|174|167|174|165|144|154|156|212|161|186|181|170|171|220|199|218|224|273|277|260|255|258|265|277|267|238|215|170|182|180|160|167|131|120|94|78|70|82|63|80|63|65|58|47|50|
2013-06-12|6|1_CTs|CT15||15|13|16|12|6|3|5|7|2|3|2|3|1|3|6|1|6|5|5|5|11|11|19|22|14|21|20|31|35|56|75|126|150|162|160|149|113|124|107|121|95|85|77|81|76|70|61|85|81|87|71|90|77|81|58|86|67|89|84|91|72|83|77|94|76|90|97|86|103|90|98|82|106|89|110|99|74|76|69|61|63|77|71|50|41|31|36|30|28|13|23|30|19|20|26|20|
2013-06-12|6|1_CTs|CT16||34|24|18|27|23|20|11|12|15|11|15|14|8|9|6|5|9|7|4|8|7|13|13|24|18|30|37|55|57|97|134|226|256|289|271|273|277|235|240|247|211|200|192|200|169|188|182|178|204|199|183|183|168|196|182|169|167|185|180|192|193|190|203|202|184|226|207|221|204|242|218|220|206|258|232|229|209|189|176|202|220|208|204|158|163|151|115|121|105|101|75|84|80|80|57|51|
2013-06-12|6|1_CTs|CT17||18|12|23|15|17|7|11|11|5|1|5|3|9|3|4|2|5|3|1|10|2|2|2|3|2|10|4|6|15|20|33|39|75|76|85|79|75|75|55|50|68|59|60|64|74|71|55|80|80|96|78|72|62|61|64|70|75|90|73|75|74|83|61|63|77|85|65|93|88|90|92|86|97|78|79|89|118|83|75|68|74|67|60|56|53|39|35|26|43|34|40|39|28|31|23|36|
2013-06-12|6|1_CTs|CT18||58|58|35|36|35|30|25|19|20|21|19|22|10|13|15|17|18|9|12|8|17|17|22|28|27|34|49|54|74|109|159|227|275|288|281|295|305|269|293|304|237|256|250|254|252|269|236|244|240|235|240|232|228|237|207|227|207|235|265|256|260|225|239|259|262|284|234|288|272|278|275|293|255|314|275|305|276|266|264|271|244|260|238|219|203|190|164|163|159|146|113|110|104|107|91|103|
2013-06-12|6|1_CTs|CT19||34|37|28|29|31|20|28|18|17|8|11|11|18|6|14|8|9|5|2|10|2|6|14|6|5|10|9|20|19|26|50|68|134|137|147|147|162|165|145|131|130|128|127|122|149|139|137|140|165|157|144|144|126|148|131|104|139|149|133|152|155|166|126|129|163|143|161|192|196|192|199|196|188|191|196|178|195|158|152|130|171|126|130|108|105|95|83|80|86|75|78|79|59|74|50|50|
2013-06-12|6|1_CTs|CT20||18|22|27|13|12|8|11|7|5|3|4|4|3|2|4|1|5|2|6|9|8|14|15|16|20|16|16|27|29|45|62|68|117|120|142|149|120|136|125|122|102|107|132|109|139|115|119|48|88|84|104|61|75|108|107|112|95|111|110|53|89|10|118|105|115|8|73|48|118|24|150|113|43|115|66|44|88|103|96|88|5|63|91|72|14|62|30|73|58|23|51|43|3|54|48|55|
2013-06-12|6|1_CTs|CT21||61|78|44|40|36|40|24|26|20|17|12|12|17|14|11|20|20|21|29|30|39|41|55|51|51|63|75|96|119|195|223|299|315|332|362|323|255|290|297|260|280|241|251|258|242|232|241|229|226|237|243|211|212|181|188|226|212|239|255|285|242|250|256|238|251|247|274|257|249|227|233|258|276|287|265|272|263|284|276|277|277|273|272|232|213|170|182|204|155|165|134|123|132|93|83|67|
2013-06-12|6|1_CTs|CT22||109|115|93|84|58|62|43|51|31|32|26|24|24|24|19|28|32|28|46|49|47|71|60|59|67|66|74|79|108|113|161|185|209|247|273|261|239|268|263|257|235|247|212|238|269|262|257|247|272|245|282|232|259|231|242|230|252|235|246|297|289|292|282|291|284|287|316|340|363|338|349|336|375|368|384|322|302|328|300|259|262|246|215|200|167|180|165|152|141|137|153|146|164|144|163|168|
2013-06-12|6|1_CTs|CT23||58|73|47|38|29|37|33|28|26|12|22|23|19|14|11|16|12|17|18|18|19|19|31|36|42|47|70|69|113|146|220|261|283|317|349|314|298|286|305|257|275|237|238|252|212|216|186|201|211|236|239|224|224|225|208|230|224|223|265|281|243|247|246|244|224|276|269|286|288|287|299|307|285|333|303|263|287|290|275|268|246|269|254|221|178|191|143|149|157|121|106|116|115|108|118|82|
2013-06-12|6|1_CTs|CT24||66|66|67|41|34|32|25|26|20|20|19|18|16|13|13|12|21|14|21|28|23|25|33|38|35|56|48|74|106|133|164|198|242|320|272|298|323|324|285|285|272|260|242|242|247|234|290|268|299|274|256|266|244|261|235|219|238|281|286|264|282|303|295|286|288|297|333|355|336|381|372|394|403|421|420|385|374|338|364|334|290|273|264|229|202|189|119|156|146|140|127|122|94|114|99|104|
