2017-07-04|3|1_CTs|ct1||129|126|113|323|51|61|296|36|36|276|26|20|23|16|16|4|13|11|21|20|21|281|31|47|41|313|71|133|109|206|297|371|398|451|704|395|373|366|352|602|842|285|327|278|295|821|567|544|584|343|579|341|329|560|277|293|554|834|352|606|334|572|849|554|600|601|316|360|605|344|592|335|349|344|327|596|604|595|359|611|327|573|326|498|268|722|950|456|971|423|150|154|158|169|684|162|
2017-07-04|3|1_CTs|ct3||217|223|443|124|353|110|71|62|69|42|310|45|47|533|284|12|21|28|302|291|36|48|308|76|77|83|109|171|177|259|365|663|424|508|519|531|1007|511|925|616|396|397|421|433|711|718|440|683|726|974|715|499|484|708|425|456|478|1028|491|739|455|456|741|719|711|516|528|1030|770|539|549|524|803|846|779|780|556|487|788|520|528|501|460|421|436|398|378|329|308|334|545|238|257|263|539|506|
2017-07-04|3|1_CTs|ct5||111|121|109|73|56|51|64|48|28|41|28|30|19|17|16|13|15|19|19|18|16|15|14|23|24|16|46|277|327|334|395|404|465|242|538|252|279|505|236|484|196|220|204|214|228|228|508|485|486|224|537|275|518|244|226|222|248|238|262|232|755|500|554|265|282|304|810|548|333|330|599|626|606|592|778|585|330|302|298|291|304|538|253|470|235|184|167|156|177|166|383|590|273|189|509|251|
2017-07-04|3|1_CTs|ct6||6|12|15|12|5|273|1|2|1|2|0|4|2|8|2|1|3|4|1|3|4|3|3|5|10|10|15|22|24|41|30|37|60|60|75|70|82|62|67|75|71|62|56|53|311|60|57|62|46|53|44|48|571|53|53|283|41|48|58|60|65|61|67|319|43|50|321|53|46|70|46|51|51|583|318|55|66|66|52|44|52|39|48|34|33|29|22|21|26|34|35|25|33|25|16|18|
2017-07-04|3|1_CTs|ct7||348|98|79|80|77|63|47|274|33|302|31|27|25|13|283|17|20|14|26|25|17|13|19|28|34|21|41|292|67|49|67|94|339|124|156|162|630|127|140|138|393|147|136|156|165|416|159|181|149|159|166|144|426|148|154|137|147|419|155|179|183|160|431|686|664|165|167|667|82|55|0|0|0|0|0|0|0|0|0|0|0|0|0|0|0|0|0|0|0|0|59|127|132|190|427|149|
2017-07-04|3|1_CTs|ct8||47|62|45|42|42|30|20|12|10|273|13|11|7|4|267|14|9|8|18|18|7|6|9|17|22|13|33|279|38|35|26|63|285|78|91|83|94|295|85|92|87|99|85|99|103|107|106|341|104|376|365|101|352|322|107|87|108|116|117|122|110|103|123|635|131|131|107|640|153|150|127|136|376|129|353|105|124|109|375|89|101|121|90|95|93|85|78|72|88|82|74|73|81|377|411|359|
2017-07-04|3|1_CTs|ct9||100|101|84|70|58|63|320|48|66|40|34|39|45|37|25|23|18|22|24|28|16|35|37|29|137|399|379|72|318|527|236|563|521|1323|566|327|259|309|528|330|233|198|401|218|220|1206|597|426|763|424|217|461|1477|745|2457|1027|637|449|782|392|373|750|990|412|518|585|345|617|354|623|755|1252|200|292|279|236|618|299|269|199|1684|362|536|207|264|197|532|121|135|124|751|233|115|121|407|404|
2017-07-04|3|1_CTs|ct10||112|91|79|68|57|51|50|56|45|44|46|36|18|20|14|17|18|31|19|17|24|12|15|22|16|30|30|46|53|44|76|101|126|131|157|193|171|165|170|164|150|129|135|152|144|155|133|143|140|132|119|149|154|150|141|133|144|139|169|151|153|153|148|118|154|143|159|137|156|121|175|161|174|180|171|153|152|154|147|138|142|142|116|110|116|129|110|105|101|109|122|116|104|117|97|98|
2017-07-04|3|1_CTs|ct13||209|439|166|157|373|110|130|104|86|100|322|60|54|66|50|43|44|72|82|48|62|57|48|90|82|59|374|110|114|144|192|216|432|242|274|515|547|792|540|237|281|219|227|255|218|226|234|268|456|374|239|207|255|271|212|257|235|275|262|189|270|224|193|216|212|170|480|454|235|260|261|288|504|506|241|236|261|225|280|477|217|246|216|209|391|243|989|949|201|243|254|507|227|480|548|264|
2017-07-04|3|1_CTs|CT16||124|99|101|65|88|66|51|45|37|34|46|95|25|26|25|272|23|26|32|20|287|20|69|62|30|35|42|62|62|77|137|400|191|456|175|219|191|244|441|177|198|209|191|207|207|722|444|208|188|198|196|461|469|215|173|209|184|170|431|196|180|209|197|203|200|206|468|228|186|238|477|250|249|233|247|272|271|756|214|221|205|200|196|207|148|407|145|417|398|104|389|137|140|190|149|141|
2017-07-04|3|1_CTs|ct22||8|5|5|2|2|3|1|0|2|1|1|2|1|2|1|0|3|2|1|0|0|1|2|3|3|4|5|5|4|9|13|14|14|14|16|13|19|14|10|16|16|13|16|22|22|33|22|24|27|25|22|34|285|277|16|12|260|19|14|15|20|26|279|24|32|22|22|38|43|38|32|286|38|35|19|22|19|15|22|11|17|10|23|9|9|10|5|6|10|9|14|8|5|12|8|3|
2017-07-04|3|1_CTs|CT23||101|83|80|51|56|46|293|25|17|276|16|17|15|271|16|12|16|20|18|18|25|19|28|25|291|23|49|96|139|402|169|198|293|636|202|248|473|483|214|218|221|202|200|177|438|925|462|442|194|451|455|186|437|179|187|200|432|179|188|194|210|195|425|185|181|186|195|662|171|159|173|150|159|123|349|369|152|159|416|176|189|171|161|143|130|385|397|115|118|395|402|526|236|121|375|116|
2017-07-04|3|1_CTs|ct24||105|339|66|51|297|37|29|24|278|16|16|14|267|21|269|16|18|10|13|14|33|31|46|73|83|639|468|650|697|574|806|821|776|767|793|824|617|866|868|1105|527|545|517|559|1054|715|489|727|482|697|505|719|462|711|449|448|731|463|760|517|753|451|735|445|642|413|937|688|696|739|480|528|1029|779|777|775|481|504|518|763|487|397|361|567|252|248|694|461|658|195|179|572|273|165|647|111|
