2016-09-22|6|1_CTs|CT1||2|1|0|1|2|0|0|4|0|0|0|1|1|1|0|1|0|2|0|1|3|1|1|3|1|2|3|3|3|5|18|61|139|98|59|88|93|104|93|68|27|15|13|5|6|10|7|14|9|7|18|7|10|10|263|12|6|6|7|16|9|10|6|13|11|6|24|29|50|55|21|5|4|5|9|8|6|9|2|11|4|7|1|3|3|1|3|2|3|0|1|2|2|1|2|1|
2016-09-22|6|1_CTs|CT3||16|12|8|5|5|4|9|0|3|3|1|3|3|1|2|4|8|8|9|16|12|21|23|21|23|29|37|46|31|53|79|92|112|115|119|111|320|88|90|84|64|66|58|58|49|57|63|49|53|277|538|43|34|37|293|51|45|52|52|53|35|42|52|49|293|56|274|68|46|73|64|258|54|62|290|71|49|50|42|41|40|40|265|27|275|31|22|23|15|27|27|14|18|21|25|19|
2016-09-22|6|1_CTs|CT4||10|7|9|11|6|7|1|1|0|0|1|2|2|2|1|2|0|2|1|1|0|1|2|1|2|4|2|4|4|12|19|29|82|37|41|38|285|27|26|20|30|13|21|22|30|24|29|25|24|33|29|35|45|33|30|26|24|30|25|32|27|31|22|32|41|38|39|35|23|33|55|55|58|46|65|35|37|30|39|41|26|30|28|26|13|4|1|5|7|16|15|17|18|11|10|14|
2016-09-22|6|1_CTs|CT5||24|22|18|14|17|15|7|10|9|12|21|10|17|6|9|9|8|5|3|3|8|8|12|13|8|20|22|17|23|34|45|62|82|96|93|104|111|91|119|104|73|84|84|59|345|63|71|69|86|85|70|77|91|59|59|71|85|68|81|62|337|314|82|76|76|85|67|76|65|91|98|94|72|70|88|76|63|62|33|38|37|44|51|50|45|50|34|41|37|32|29|30|22|44|17|33|
2016-09-22|6|1_CTs|CT6||34|42|16|10|21|10|7|9|7|4|6|6|6|4|4|6|2|4|7|13|15|13|261|18|18|24|16|24|41|48|89|133|207|194|161|179|154|169|155|117|131|119|127|120|104|109|107|192|107|116|108|366|106|119|98|75|111|126|117|334|323|109|121|125|126|128|117|175|184|169|149|379|133|134|134|133|122|130|127|383|126|97|84|95|325|67|62|54|75|53|59|41|55|71|35|38|
2016-09-22|6|1_CTs|CT7||8|5|5|9|2|1|2|2|1|0|2|1|2|1|0|4|0|0|4|1|3|3|3|5|4|8|4|7|12|272|21|31|41|42|39|55|56|288|39|30|26|32|21|28|34|25|21|20|33|31|24|29|35|32|26|10|288|34|32|287|31|33|34|25|32|28|35|29|32|30|25|41|40|31|27|19|30|25|27|30|22|25|20|8|16|14|10|7|9|5|10|5|12|8|10|5|
2016-09-22|6|1_CTs|CT8||34|43|30|264|16|0|0|0|0|0|0|0|0|0|0|0|0|0|0|0|0|0|0|0|0|0|0|0|0|0|0|0|0|0|0|0|0|0|0|0|0|0|0|0|0|0|0|0|0|0|0|0|0|0|98|138|377|149|409|416|135|162|143|144|153|145|422|194|179|182|187|170|165|182|438|185|204|174|179|381|143|147|139|111|106|77|73|78|73|80|61|289|68|300|75|53|
2016-09-22|6|1_CTs|CT10||39|29|23|23|32|18|12|17|6|9|12|8|7|8|7|8|6|4|3|3|8|10|13|17|22|22|28|42|59|73|132|162|180|156|191|249|231|468|164|172|172|204|178|177|130|407|149|153|139|151|377|147|392|158|117|149|137|135|133|415|173|159|147|160|160|177|684|221|218|195|222|466|193|497|501|227|225|229|218|179|152|400|138|121|135|145|116|106|81|65|53|69|61|61|41|36|
2016-09-22|6|1_CTs|CT11||34|43|20|33|8|16|11|14|5|11|4|3|11|8|10|6|9|8|4|10|11|13|18|27|36|31|50|91|101|155|270|330|195|256|255|113|71|109|129|118|247|479|203|196|426|173|188|185|187|198|188|468|453|218|186|188|439|179|229|461|422|194|219|432|430|184|253|203|454|155|215|203|172|181|213|180|172|178|160|186|176|151|125|123|97|66|77|88|74|71|61|56|52|64|279|35|
2016-09-22|6|1_CTs|CT12||38|45|31|26|30|15|14|25|6|8|5|7|11|10|13|8|8|10|8|4|8|11|19|28|29|289|41|48|335|82|167|235|266|343|314|323|560|315|265|253|269|230|220|210|407|169|190|198|175|200|691|434|214|242|427|193|213|203|199|460|465|226|461|223|224|218|788|297|321|290|265|241|268|302|527|462|259|281|292|248|224|483|168|149|147|150|126|126|92|326|70|83|71|79|50|56|
2016-09-22|6|1_CTs|CT15||38|23|21|18|16|14|9|8|6|7|10|2|7|3|12|7|11|6|11|14|22|29|34|35|32|47|46|61|74|93|159|207|249|517|284|261|245|218|423|188|146|131|116|127|97|89|140|131|146|121|116|141|124|128|109|111|355|118|134|362|115|116|357|330|355|113|335|171|191|257|245|484|175|240|249|236|161|421|123|117|149|107|110|82|69|44|53|53|57|39|54|40|35|37|31|29|
2016-09-22|6|1_CTs|CT16||281|51|30|37|24|30|23|20|12|16|17|8|13|12|7|10|3|7|6|6|13|12|15|21|21|30|37|61|70|131|200|291|323|312|293|281|271|262|296|274|260|267|222|191|192|191|199|193|192|187|451|212|488|215|179|185|456|182|458|199|470|199|191|469|188|191|216|246|257|505|234|262|197|239|499|233|235|219|191|202|185|433|145|131|126|122|102|96|89|63|325|59|76|71|56|41|
2016-09-22|6|1_CTs|CT17||39|53|32|19|36|29|20|34|15|11|11|11|17|15|8|6|4|5|5|7|6|261|7|11|20|16|18|25|41|42|72|117|424|193|161|173|428|194|158|135|118|108|120|115|119|146|135|124|133|118|144|137|151|159|106|74|70|84|327|40|40|42|37|28|33|35|299|50|34|44|32|48|60|45|43|49|65|45|37|28|28|294|35|41|23|32|40|33|30|25|31|40|50|49|40|39|
2016-09-22|6|1_CTs|CT18||83|79|57|309|38|46|28|32|24|29|37|20|29|261|18|14|18|13|8|13|19|21|27|30|38|52|50|73|331|122|211|297|554|289|313|334|325|309|482|261|246|268|531|238|268|465|218|217|245|252|511|246|270|229|219|212|486|213|248|249|519|258|254|254|234|274|498|266|278|305|280|325|285|283|324|301|275|266|255|259|237|481|195|156|160|142|105|125|118|356|110|101|86|133|76|70|
2016-09-22|6|1_CTs|CT19||44|56|31|264|32|24|24|23|16|14|20|16|14|14|6|4|8|6|8|11|6|3|7|9|28|25|14|18|37|43|59|124|219|431|444|195|216|186|171|150|120|121|116|384|138|140|126|134|145|146|134|404|157|132|388|146|143|152|122|394|146|141|135|412|169|179|435|220|482|211|230|245|243|229|237|236|472|466|225|171|156|392|134|114|100|101|91|89|69|56|66|62|57|69|322|61|
2016-09-22|6|1_CTs|CT20||27|16|8|11|14|15|4|11|4|9|4|3|10|5|4|3|3|3|14|5|5|6|10|18|12|17|18|30|40|40|72|85|152|153|112|35|281|83|102|122|120|353|102|105|123|55|46|124|125|95|119|121|286|39|79|106|359|118|87|24|27|100|19|106|4|22|83|16|391|123|130|124|15|53|9|120|102|110|118|322|52|13|30|336|73|68|37|51|57|40|40|309|43|38|27|18|
2016-09-22|6|1_CTs|CT21||82|63|64|42|24|23|28|20|23|13|12|18|11|20|9|15|25|30|28|37|35|39|53|57|63|78|89|134|143|177|287|275|331|377|331|344|580|360|287|308|250|261|264|227|485|236|244|234|233|211|468|271|181|206|220|217|437|247|268|723|450|242|230|235|479|238|454|275|534|527|289|473|248|263|272|280|227|239|215|458|215|727|151|154|375|130|141|141|101|113|391|120|94|90|91|97|
2016-09-22|6|1_CTs|CT23||56|64|42|34|34|22|20|15|25|11|18|16|22|262|256|14|23|7|7|14|12|25|31|44|41|51|67|93|336|148|272|308|311|376|317|295|253|559|288|289|267|227|209|215|209|196|206|209|215|212|429|246|233|233|207|200|463|248|223|275|205|234|472|245|235|269|286|298|526|317|329|556|300|304|292|292|270|288|273|276|227|235|204|155|163|121|383|138|102|375|102|89|101|97|94|69|
