2011-06-05|6|1_CTs|CT1||0|1|0|2|2|0|0|0|2|0|0|2|0|0|0|1|0|1|0|2|1|1|0|1|5|1|4|2|3|2|1|3|2|1|2|1|1|1|0|4|2|5|2|2|2|3|2|4|1|3|4|4|1|9|3|5|0|2|2|4|1|4|2|8|3|3|3|3|3|3|0|1|1|3|3|0|2|3|3|2|2|4|2|2|2|2|0|2|1|1|2|0|3|3|1|2|
2011-06-05|6|1_CTs|CT3||16|13|15|11|10|13|4|7|9|10|1|5|2|8|5|11|3|7|12|13|21|28|26|42|43|57|66|48|55|68|58|55|39|54|32|38|45|33|51|56|37|56|46|48|47|35|48|53|46|58|48|47|41|45|38|40|47|52|33|44|43|40|49|60|49|62|61|72|52|51|80|63|63|54|52|50|56|39|46|46|39|34|30|18|27|31|30|22|37|28|26|25|24|28|20|18|
2011-06-05|6|1_CTs|CT4||9|12|9|11|8|7|8|11|5|8|1|3|3|3|4|2|2|5|2|3|3|1|2|3|1|2|1|1|4|3|2|6|6|4|3|3|5|10|5|7|8|5|17|11|13|17|16|12|15|18|15|17|25|14|25|16|11|16|11|17|23|18|19|17|19|20|18|21|14|18|22|19|19|25|29|18|25|24|19|17|10|16|14|11|18|6|5|16|15|12|8|8|5|7|9|10|
2011-06-05|6|1_CTs|CT5||29|29|34|22|14|21|20|16|13|9|17|11|15|9|13|12|16|14|16|13|15|10|11|13|11|9|14|12|10|15|10|7|12|14|11|19|17|14|19|25|20|17|24|30|34|41|37|49|51|69|44|40|38|43|34|24|40|43|39|43|37|37|41|47|36|43|34|49|57|37|52|61|44|50|49|48|35|35|49|37|27|40|28|27|22|30|34|20|32|30|29|32|24|25|25|25|
2011-06-05|6|1_CTs|CT6||35|36|24|25|16|15|22|18|15|12|18|7|13|13|12|6|4|12|6|8|10|7|13|10|11|19|16|11|13|17|13|18|16|25|28|25|30|37|40|43|55|69|54|71|67|80|84|97|98|98|96|95|106|109|94|94|90|94|85|90|73|81|89|75|77|89|87|87|100|81|108|87|88|91|102|77|97|77|77|74|54|71|67|50|57|45|34|40|45|39|35|41|39|30|30|32|
2011-06-05|6|1_CTs|CT7||9|5|8|12|5|3|5|6|2|1|3|2|3|4|1|3|4|3|1|3|1|4|2|5|8|6|8|4|5|3|4|11|8|6|6|11|4|8|11|8|14|11|20|13|9|21|15|21|17|20|19|23|18|19|14|11|15|20|6|17|10|15|18|13|12|15|14|13|16|19|32|25|24|20|17|13|20|11|18|15|10|19|13|12|13|11|12|9|13|11|8|6|12|11|12|5|
2011-06-05|6|1_CTs|CT8||57|63|46|51|53|50|42|32|35|29|27|26|13|20|17|21|23|16|16|16|12|12|17|23|16|19|21|21|20|28|35|38|31|31|42|36|50|53|58|62|75|57|73|92|86|99|88|108|89|97|103|93|98|91|81|79|83|111|99|116|121|121|133|123|113|115|103|123|101|118|124|151|144|145|155|118|113|144|108|107|86|99|79|77|77|63|71|75|80|66|75|68|78|53|47|53|
2011-06-05|6|1_CTs|CT9||58|73|52|56|33|31|37|32|23|29|25|21|29|15|15|19|18|23|16|11|21|17|15|30|25|51|42|44|36|50|55|49|48|74|64|77|63|64|79|95|106|96|108|104|119|133|118|141|132|140|163|137|168|136|153|126|102|136|120|150|186|163|152|178|172|166|165|149|162|142|144|163|155|174|148|133|131|145|123|99|99|95|108|105|89|86|70|90|85|97|66|68|75|74|65|74|
2011-06-05|6|1_CTs|CT10||56|42|45|26|27|30|29|21|28|17|18|20|16|22|15|9|14|7|17|15|13|17|9|12|14|18|18|30|22|24|28|31|39|45|39|47|52|52|74|70|95|83|91|85|80|109|123|122|125|112|127|125|184|105|96|100|128|95|86|94|93|111|128|127|119|133|116|106|121|120|121|146|124|143|129|158|114|112|116|86|82|119|82|67|55|52|55|51|67|57|56|42|41|28|27|46|
2011-06-05|6|1_CTs|CT11||48|49|37|39|27|17|34|25|17|23|22|19|19|15|9|13|8|16|10|12|13|8|16|20|13|24|27|25|30|22|47|34|50|49|50|58|45|60|78|100|86|90|88|109|108|107|104|117|99|111|127|129|113|102|94|94|113|105|80|132|113|102|110|138|122|110|124|149|122|132|126|133|124|145|119|115|116|111|101|97|79|107|76|78|63|61|49|68|79|61|52|64|56|47|46|57|
2011-06-05|6|1_CTs|CT12||64|44|50|40|20|30|32|25|29|26|25|27|21|21|9|10|10|14|12|20|15|23|17|20|15|17|26|27|19|20|31|35|45|51|52|48|57|60|68|77|85|100|95|99|93|117|112|131|111|117|137|123|147|118|104|103|102|111|79|95|112|125|132|114|120|124|118|126|134|128|138|154|133|179|135|141|114|125|121|100|96|123|68|89|51|56|52|66|69|55|49|56|45|34|38|50|
2011-06-05|6|1_CTs|CT13||14|9|24|10|17|18|5|10|24|29|21|13|127|7|0|0|0|1|3|9|6|4|5|14|11|24|14|19|12|14|18|21|17|17|15|16|15|21|20|17|24|21|19|24|29|27|29|29|30|27|28|28|31|27|40|26|31|28|26|35|43|31|38|31|45|35|28|28|28|29|31|41|26|28|20|21|30|21|29|16|30|23|26|21|21|17|21|16|9|13|11|12|20|18|14|15|
2011-06-05|6|1_CTs|CT14||37|43|50|15|20|26|27|16|17|11|18|22|9|9|4|8|10|6|5|11|6|12|17|17|16|12|16|23|21|23|22|24|23|26|26|31|36|40|37|37|34|52|58|54|48|67|75|67|71|70|61|73|91|93|80|61|67|65|57|52|73|75|78|65|73|83|83|79|57|75|73|69|67|103|82|96|64|84|81|66|65|69|46|59|42|39|32|43|40|49|33|29|42|30|23|33|
2011-06-05|6|1_CTs|CT15||24|21|28|23|12|16|12|6|12|12|12|3|11|5|9|4|12|9|6|1|12|10|15|23|20|22|18|19|21|28|27|26|32|31|25|24|26|23|40|43|53|41|57|54|43|52|60|69|69|55|78|66|67|58|60|50|59|65|51|47|63|58|69|64|63|64|70|75|65|65|85|97|79|86|60|61|68|56|52|46|44|37|51|44|37|25|25|33|49|32|27|30|31|29|24|25|
2011-06-05|6|1_CTs|CT16||59|56|48|50|36|21|29|32|22|19|17|18|13|24|18|14|15|15|14|9|18|16|9|13|21|21|29|30|27|26|30|44|39|37|36|55|42|53|94|99|108|80|114|92|83|95|136|130|126|127|149|138|184|117|110|103|139|116|104|127|106|115|125|143|137|150|128|148|144|135|151|155|156|139|134|151|134|117|120|97|85|120|99|93|85|59|74|67|92|77|73|53|69|53|50|54|
2011-06-05|6|1_CTs|CT17||23|27|26|14|7|11|14|9|8|5|10|7|9|9|6|1|3|12|3|6|2|5|1|4|5|7|3|10|6|9|3|9|10|8|4|15|12|8|12|16|20|14|19|20|22|33|47|28|40|38|41|48|58|45|34|21|24|36|28|35|52|38|43|53|44|35|41|32|29|32|60|27|30|44|40|32|36|32|29|19|16|19|20|21|12|13|11|18|16|16|12|8|21|14|13|17|
2011-06-05|6|1_CTs|CT18||100|101|89|81|53|52|61|45|40|29|34|27|27|27|31|27|25|37|25|22|26|25|31|29|35|36|34|38|41|40|44|37|42|48|53|59|72|88|100|101|93|121|107|135|129|134|130|176|155|176|180|191|178|168|184|154|149|163|156|173|161|169|172|174|177|198|194|196|219|190|229|215|180|198|201|191|177|150|160|156|124|149|107|121|101|101|98|92|112|93|108|99|89|79|75|73|
2011-06-05|6|1_CTs|CT19||57|74|56|46|33|49|40|38|28|26|24|17|30|18|19|13|11|20|12|12|18|18|10|9|9|16|10|13|12|15|10|29|19|25|27|30|30|45|51|58|72|64|81|53|73|79|87|103|109|108|128|111|147|95|113|91|90|83|71|91|88|94|97|91|93|113|108|109|93|119|129|115|117|126|129|122|134|127|111|83|74|80|67|71|69|53|43|50|62|58|51|41|56|39|44|40|
2011-06-05|6|1_CTs|CT20||29|40|27|17|23|12|22|15|14|10|8|7|8|15|9|9|6|16|9|3|6|12|12|24|17|29|22|19|25|24|30|29|31|36|28|31|49|37|45|63|79|78|70|73|86|78|76|85|85|103|128|67|118|112|96|102|94|87|87|83|6|66|74|13|91|94|82|68|3|41|122|59|76|101|15|105|100|74|43|74|15|47|16|68|70|49|3|40|42|41|36|31|30|13|27|29|
2011-06-05|6|1_CTs|CT21||102|108|84|76|71|67|65|49|39|40|30|30|23|19|35|18|23|22|27|29|25|30|45|41|45|64|58|68|80|74|79|77|59|85|82|79|88|89|104|119|108|101|130|159|134|129|158|158|163|161|189|175|174|167|171|165|175|163|178|188|223|210|216|239|251|262|269|254|239|258|275|270|292|285|267|235|213|219|202|189|185|145|152|145|134|126|142|151|152|126|144|124|143|114|126|112|
2011-06-05|6|1_CTs|CT22||134|118|114|111|95|63|79|78|61|48|54|54|48|54|58|51|37|33|50|43|60|46|75|88|74|85|74|82|101|94|105|90|110|112|102|116|123|151|147|175|182|180|159|180|196|194|197|245|189|243|254|194|210|241|185|199|178|196|187|213|198|204|229|204|243|238|242|246|224|258|223|213|245|214|209|206|220|197|221|194|162|148|173|135|147|126|133|149|123|143|124|124|101|107|113|107|
2011-06-05|6|1_CTs|CT23||81|91|90|72|76|68|54|55|49|38|34|35|19|23|34|27|31|25|23|23|25|20|28|39|35|42|53|49|58|54|69|75|70|59|86|82|88|109|116|134|111|118|131|143|145|142|157|186|161|170|182|164|178|148|147|155|146|171|172|206|197|183|186|232|170|204|180|189|192|187|223|213|235|214|222|216|190|193|179|173|128|137|114|111|110|94|105|121|124|106|117|98|104|81|87|70|
2011-06-05|6|1_CTs|CT24||129|131|96|97|68|52|58|51|49|46|46|33|47|34|41|28|35|34|29|35|24|28|41|41|50|44|44|54|56|42|61|67|82|59|59|70|78|104|110|93|104|106|125|105|131|141|141|150|165|176|195|159|213|186|172|148|139|168|160|157|150|153|152|171|185|203|159|205|207|185|202|192|205|219|219|178|226|196|188|169|165|146|148|130|126|114|101|110|101|89|97|84|94|80|74|88|
