2015-09-16|2|1_CTs|ct1||69|48|50|41|25|14|19|21|272|22|11|11|11|13|22|10|20|12|12|12|15|28|35|28|35|268|594|68|89|372|133|378|140|156|410|178|173|173|237|318|174|187|436|197|221|675|165|131|146|163|443|1218|197|461|185|464|657|195|452|180|198|707|211|203|166|162|186|397|157|400|163|167|169|186|162|144|406|415|419|161|422|151|155|350|112|119|358|108|341|332|104|86|82|101|84|70|
2015-09-16|2|1_CTs|ct2||33|35|32|29|27|18|16|14|270|15|21|14|15|35|9|10|14|9|10|4|10|16|17|15|24|173|137|27|34|301|53|43|66|56|302|300|66|78|71|83|75|91|101|346|98|107|104|122|100|367|111|112|365|611|110|154|317|350|92|96|94|85|110|104|127|110|387|105|355|339|350|102|96|101|91|94|101|90|76|90|111|87|99|300|73|71|319|53|53|53|308|57|46|70|312|43|
2015-09-16|2|1_CTs|ct3||71|66|66|53|40|18|28|266|26|15|9|15|19|15|269|7|275|13|8|11|18|35|36|30|34|52|48|57|67|95|366|99|127|380|134|132|165|166|163|181|174|183|416|447|167|456|189|202|185|205|227|220|453|187|186|415|167|456|217|194|436|737|213|214|203|206|209|191|667|167|199|469|206|210|188|191|198|181|182|186|431|396|168|114|145|1112|377|130|113|116|588|105|97|117|364|78|
2015-09-16|2|1_CTs|ct4||49|40|294|32|33|18|31|35|268|9|15|269|10|14|21|12|14|17|12|5|7|10|16|277|22|28|32|31|32|36|316|81|88|103|120|126|127|124|139|128|122|98|128|134|141|379|371|121|112|393|149|412|129|121|125|133|365|385|394|142|132|151|126|139|135|390|154|126|93|103|116|113|111|116|105|132|102|347|95|356|106|100|119|87|85|66|80|87|66|68|66|87|75|68|72|61|
2015-09-16|2|1_CTs|ct5||360|82|70|59|68|31|34|38|30|16|26|18|267|28|278|14|14|22|14|11|22|22|21|22|35|40|29|33|47|42|94|93|137|414|423|194|177|173|184|193|443|170|196|181|518|397|177|188|205|476|209|726|228|467|201|200|210|442|193|234|464|245|217|455|220|478|499|205|735|444|177|699|464|194|439|226|446|435|162|158|684|173|144|173|108|117|126|138|115|369|371|125|123|109|128|101|
2015-09-16|2|1_CTs|ct6||84|71|69|49|53|33|43|25|278|25|26|19|28|21|24|16|13|24|268|7|22|19|15|32|31|28|34|40|46|42|328|77|98|601|368|120|115|123|130|128|129|115|1126|125|156|387|149|150|150|424|182|180|166|156|127|392|158|409|649|153|172|181|178|194|184|441|447|164|186|146|403|140|150|146|378|173|164|148|161|119|130|157|142|128|107|868|111|129|362|121|355|601|372|108|118|99|
2015-09-16|2|1_CTs|ct17||90|84|78|65|315|34|43|37|39|26|12|21|25|22|32|16|19|17|14|271|15|29|43|34|39|313|51|328|65|102|99|381|154|421|185|172|461|200|205|231|231|642|245|445|174|184|268|286|237|249|286|752|242|203|222|494|203|231|242|236|507|238|258|755|250|744|759|228|247|460|459|252|513|250|214|261|235|221|222|491|487|190|444|182|162|153|152|134|644|114|125|117|125|113|116|349|
2015-09-16|2|1_CTs|CT19||32|31|30|19|19|10|15|16|12|8|7|5|9|4|11|5|5|5|3|4|5|10|13|6|7|16|20|22|26|47|568|314|79|88|339|93|87|61|886|342|349|119|606|119|348|110|105|105|382|146|137|631|118|339|103|617|342|362|122|366|632|635|359|94|895|386|122|360|852|103|122|622|371|368|382|131|122|363|123|128|364|95|360|316|64|286|312|61|50|300|296|55|54|45|49|50|
2015-09-16|2|1_CTs|CT20||53|34|45|36|35|31|284|24|23|20|276|17|11|14|7|7|10|251|11|259|5|3|7|11|8|271|14|26|285|286|41|309|82|72|88|84|340|86|602|600|87|592|74|317|132|785|75|81|346|328|68|331|81|833|60|64|70|80|77|60|337|79|328|323|327|75|583|72|857|336|338|343|97|80|79|78|67|859|71|80|87|84|81|61|60|317|51|60|60|49|550|54|57|45|311|50|
2015-09-16|2|1_CTs|CT21||251|21|34|16|21|13|237|14|6|11|11|6|5|6|3|1|1|5|6|2|3|3|6|3|6|8|7|11|267|10|29|36|297|277|53|45|45|60|339|532|306|46|41|50|49|39|45|305|45|35|39|798|44|297|37|284|42|300|51|50|311|304|55|39|41|43|298|49|300|58|47|46|301|56|303|307|51|301|40|49|49|56|47|265|36|35|287|32|556|30|22|27|25|287|289|28|
