2013-04-23|2|1_CTs|ct1||56|48|31|30|25|16|25|12|12|14|12|6|7|1|5|5|9|9|11|8|17|17|24|24|19|29|36|59|72|81|121|122|151|156|162|185|178|174|165|183|194|213|201|197|198|226|202|181|223|211|198|200|188|180|140|141|185|199|204|213|196|193|211|190|181|189|178|175|165|173|176|178|162|183|175|167|157|156|156|153|136|145|177|145|123|124|95|103|106|113|94|74|117|102|72|68|
2013-04-23|2|1_CTs|ct2||39|31|23|23|25|20|14|12|12|10|10|9|7|3|4|8|6|6|7|6|14|16|19|13|21|19|21|37|48|49|67|71|104|87|85|115|111|119|113|113|147|158|163|162|146|127|115|129|114|118|126|132|118|125|84|84|128|122|115|133|134|129|138|135|111|123|120|121|120|113|97|123|113|124|97|102|115|102|114|100|110|130|126|102|93|76|65|71|73|66|59|70|54|79|60|49|
2013-04-23|2|1_CTs|ct3||65|57|31|31|39|25|26|23|15|18|13|8|10|11|2|6|8|16|15|10|19|32|37|39|32|45|57|56|76|96|106|113|120|144|140|155|169|162|179|171|172|208|225|208|205|198|218|186|197|201|178|155|174|179|151|163|184|193|200|195|200|195|202|214|182|187|192|194|156|177|163|183|172|202|179|163|159|185|164|158|174|158|178|113|123|113|109|97|90|113|90|74|93|103|88|83|
2013-04-23|2|1_CTs|ct4||51|30|40|33|23|14|28|12|10|11|21|6|6|3|12|6|6|7|13|8|11|7|22|23|21|24|27|24|27|36|58|79|92|108|103|142|131|122|136|138|147|138|121|153|153|141|147|144|132|121|150|130|133|134|122|111|121|125|142|131|121|146|156|112|168|143|139|148|138|113|135|125|122|124|98|117|113|115|135|95|87|87|110|95|73|66|57|73|43|59|69|57|72|76|56|57|
2013-04-23|2|1_CTs|ct5||81|53|54|49|49|31|41|19|15|19|27|18|11|10|13|9|9|15|12|22|14|13|21|22|19|31|30|35|35|49|89|104|123|141|146|201|202|183|193|204|216|199|175|201|240|204|197|224|217|226|199|188|212|190|173|147|201|183|218|207|196|228|207|166|225|209|225|224|241|222|196|189|193|176|168|178|198|190|159|154|155|160|160|145|139|102|89|91|91|102|123|94|115|100|97|97|
2013-04-23|2|1_CTs|ct6||55|52|46|43|41|30|35|20|20|17|29|8|10|10|11|10|10|14|15|12|14|10|19|17|27|27|21|29|39|36|63|80|80|94|88|121|114|104|115|130|131|134|138|142|170|149|140|154|149|163|171|142|152|113|135|128|137|134|135|176|147|151|160|150|162|159|176|152|135|162|173|171|174|152|148|149|140|160|137|142|115|154|119|109|113|102|61|72|93|83|109|102|148|120|88|100|
2013-04-23|2|1_CTs|ct17||60|57|34|38|26|23|27|18|14|10|13|5|12|6|4|5|5|11|4|10|18|17|25|23|25|25|34|45|49|68|95|111|139|154|136|169|168|163|192|182|192|220|205|227|230|206|200|206|177|189|205|169|184|179|177|175|180|202|196|182|207|220|198|252|204|204|193|230|201|198|170|192|178|200|203|198|182|183|183|158|174|154|155|111|112|104|107|91|87|105|89|77|76|84|89|72|
2013-04-23|2|1_CTs|CT19||27|36|21|22|16|16|16|11|9|7|10|3|7|4|6|5|3|4|6|2|10|6|13|9|8|14|22|22|30|33|50|53|73|86|90|85|101|93|83|97|92|110|92|113|137|113|118|92|103|100|124|79|88|96|108|88|82|115|88|87|104|122|103|101|120|102|91|128|100|108|109|105|129|119|122|105|98|117|110|109|96|94|108|76|72|63|62|42|34|60|49|40|50|55|53|45|
2013-04-23|2|1_CTs|CT20||43|31|27|15|26|22|11|18|14|15|20|15|5|5|2|6|9|9|2|7|6|6|6|10|8|12|26|26|26|27|51|59|81|84|86|86|87|89|83|71|93|68|74|79|73|78|75|62|83|74|61|77|75|63|56|75|72|76|68|73|79|82|83|75|91|66|84|70|80|73|88|91|82|78|79|87|80|89|80|81|85|73|76|72|67|49|36|41|55|48|47|41|75|39|56|50|
2013-04-23|2|1_CTs|CT21||19|14|14|8|11|9|5|5|5|5|11|11|1|2|4|1|5|4|1|0|1|0|3|4|3|6|10|12|8|14|28|41|39|51|52|62|52|54|54|44|42|49|50|46|51|57|50|39|39|46|39|42|46|43|30|46|38|44|47|39|42|48|46|59|48|39|54|41|40|43|44|61|37|60|46|44|54|46|46|44|52|35|43|33|40|29|22|24|34|25|35|17|36|22|31|37|
