2016-02-25|3|1_CTs|ct1||49|57|23|13|25|7|7|9|10|10|6|2|4|7|1|0|4|4|260|6|7|11|14|10|13|24|21|43|311|87|400|195|237|242|249|244|513|250|223|218|475|199|435|189|167|159|166|419|404|167|180|205|221|452|169|231|328|177|206|196|187|216|207|474|203|450|192|212|201|727|209|492|222|225|467|229|209|203|210|454|192|211|428|674|123|101|94|76|354|76|75|318|337|67|72|62|
2016-02-25|3|1_CTs|ct3||68|69|42|19|26|21|277|20|10|14|13|5|7|24|10|15|16|16|12|12|9|26|23|29|32|293|45|69|65|119|150|231|244|228|767|257|780|237|507|242|755|219|249|495|469|234|986|480|481|474|211|247|522|741|213|206|206|232|243|212|507|214|254|237|234|457|189|460|183|427|440|458|719|444|693|447|178|202|211|217|199|252|743|237|178|137|122|149|173|441|137|146|130|135|124|110|
2016-02-25|3|1_CTs|ct5||118|116|78|53|55|41|39|25|274|276|8|21|15|263|12|14|9|19|13|14|9|12|13|16|16|28|25|36|49|75|121|162|190|252|505|271|253|501|718|222|443|194|194|462|205|208|211|196|225|241|232|195|467|471|456|433|194|479|232|278|236|211|253|490|266|524|266|767|296|1056|559|343|316|330|529|297|548|227|300|288|276|541|513|191|186|157|155|413|228|455|180|188|176|690|161|450|
2016-02-25|3|1_CTs|ct6||10|6|4|2|3|3|2|2|6|3|1|3|0|1|3|2|1|1|0|1|3|1|4|2|7|10|9|11|27|26|38|38|53|60|322|86|584|74|69|74|68|52|43|299|41|44|46|304|54|44|47|55|47|40|35|124|232|51|62|304|314|56|294|52|52|63|45|57|315|325|67|72|85|72|72|326|68|66|69|71|44|52|41|28|26|29|23|305|76|91|73|48|56|48|56|282|
2016-02-25|3|1_CTs|ct7||105|83|70|59|55|45|36|38|50|290|29|17|22|29|18|21|19|22|14|11|30|18|28|28|29|46|39|42|45|57|71|105|98|136|133|350|153|136|144|148|148|152|162|417|172|147|161|182|423|429|680|173|171|164|156|397|128|166|176|166|177|171|669|206|383|577|321|62|53|66|62|56|54|45|57|56|621|318|141|163|145|147|146|145|397|129|357|102|100|108|114|111|109|140|376|104|
2016-02-25|3|1_CTs|ct8||312|41|46|30|30|22|22|21|21|13|272|10|14|15|9|267|14|16|9|5|10|6|17|17|15|19|24|23|25|29|45|59|54|82|92|272|323|83|99|107|109|105|358|118|122|361|358|117|117|367|125|113|108|124|108|349|91|111|357|369|122|119|371|135|388|637|121|651|119|405|133|124|129|132|629|148|352|362|102|103|325|341|92|102|101|78|67|65|53|73|89|66|52|77|805|53|
2016-02-25|3|1_CTs|ct9||112|362|100|69|333|72|81|70|309|25|42|95|57|27|42|12|61|38|27|12|20|26|28|26|38|37|50|61|70|96|156|436|226|271|764|270|261|279|258|229|205|182|476|425|264|159|428|159|163|185|151|178|166|154|490|288|177|440|449|211|191|193|207|190|449|179|196|455|227|90|161|178|135|118|150|452|231|197|230|205|183|154|147|133|117|129|343|349|107|341|353|106|101|101|102|134|
2016-02-25|3|1_CTs|ct10||108|64|74|53|34|45|36|31|24|32|25|23|18|24|17|12|18|17|17|17|19|22|24|30|28|28|30|34|34|51|62|101|160|158|157|164|140|154|153|157|138|137|106|124|133|135|150|134|126|139|121|149|143|143|115|123|119|147|138|127|133|134|131|131|142|145|147|148|161|163|132|156|148|161|155|151|161|145|147|154|143|142|130|115|107|101|95|90|86|100|109|111|88|118|99|84|
2016-02-25|3|1_CTs|ct13||447|184|416|138|125|93|84|88|66|80|66|48|50|76|40|47|56|58|64|60|34|60|54|82|319|103|88|94|113|144|172|238|271|262|264|241|240|260|314|275|250|538|765|234|246|317|490|534|274|268|286|295|537|755|492|261|276|291|266|525|237|238|220|451|187|569|339|114|230|802|243|514|466|460|491|250|210|80|0|0|0|0|0|0|0|198|251|247|208|503|500|246|495|216|222|474|
2016-02-25|3|1_CTs|ct14||43|306|27|278|22|274|13|13|271|8|6|6|10|8|7|4|5|2|9|12|11|10|18|16|29|32|341|406|210|258|516|282|248|484|501|776|266|273|1037|539|515|492|197|452|185|198|471|191|165|472|203|222|420|686|184|180|202|211|192|458|189|192|210|194|169|701|200|448|451|472|241|491|494|250|754|223|455|137|215|473|197|181|174|397|125|117|126|49|0|0|0|0|0|0|0|1|
2016-02-25|3|1_CTs|CT16||93|107|70|41|52|49|41|40|24|25|28|27|27|24|16|14|27|23|19|26|17|12|22|21|24|29|26|38|302|59|351|144|122|182|427|180|147|177|168|184|157|153|162|176|157|415|655|156|441|160|168|182|162|690|134|140|181|145|163|194|457|183|155|200|173|467|214|194|227|216|518|508|475|255|563|227|755|230|502|237|183|323|263|376|130|111|85|342|109|353|114|101|97|98|93|108|
2016-02-25|3|1_CTs|ct18||122|93|87|63|46|63|51|40|32|46|30|31|26|30|24|18|26|23|28|27|28|25|32|35|45|46|49|55|63|87|127|144|263|242|282|244|256|248|283|238|233|209|189|186|196|206|207|190|187|210|174|181|192|195|171|173|202|202|226|205|206|193|198|235|219|185|205|193|217|207|176|208|183|211|216|189|199|209|210|190|212|197|170|142|157|152|111|120|151|140|150|138|118|155|142|107|
2016-02-25|3|1_CTs|ct19||7|2|0|1|0|0|0|0|0|0|1|0|0|0|0|0|0|0|0|0|0|0|3|1|3|6|4|6|6|9|21|6|5|7|12|16|13|8|6|4|5|4|7|5|10|6|3|4|4|8|5|6|3|4|5|4|5|7|7|5|4|4|4|4|6|9|2|3|10|3|6|4|6|4|7|9|9|3|7|5|4|4|12|7|5|3|5|3|3|2|1|0|1|1|1|1|
2016-02-25|3|1_CTs|ct20||0|0|0|0|0|0|0|0|0|0|0|0|0|0|0|0|0|0|0|0|0|0|0|0|0|0|1|0|0|0|0|0|0|0|0|0|0|1|0|0|0|0|0|0|0|0|0|0|0|0|0|0|0|0|0|0|0|0|0|0|0|0|0|0|0|0|0|0|0|0|0|0|0|0|0|0|0|0|0|0|0|0|0|0|0|0|0|0|0|0|0|0|0|0|0|0|
2016-02-25|3|1_CTs|ct22||9|11|6|4|4|0|2|2|2|0|1|0|0|0|256|1|1|1|0|0|1|1|2|0|4|3|1|5|4|5|270|269|17|23|14|17|20|18|17|22|17|282|31|28|19|22|18|279|19|22|36|19|30|15|23|20|24|285|18|22|21|16|290|28|35|41|33|58|52|61|63|73|56|72|323|51|52|39|298|26|30|26|17|20|16|9|11|6|12|9|5|3|3|7|8|7|
2016-02-25|3|1_CTs|CT23||162|376|79|53|56|40|20|22|29|13|13|7|21|17|15|2|10|17|11|5|20|12|11|28|22|22|18|72|325|95|185|245|305|376|872|382|635|370|353|253|265|268|269|240|263|248|246|537|289|336|309|351|594|1369|579|532|308|305|333|313|543|581|612|363|387|685|406|451|796|556|561|813|814|879|825|565|536|466|784|499|453|415|653|358|279|224|275|18|0|14|5|0|0|0|0|0|
2016-02-25|3|1_CTs|ct24||431|147|112|324|75|78|48|44|36|38|26|28|33|36|29|26|28|30|47|41|54|67|75|111|139|198|384|564|1034|954|1196|844|698|754|830|1059|814|833|1064|916|1141|836|996|997|744|868|858|752|1027|842|869|937|801|1072|1039|816|1041|871|930|1165|653|770|1329|1080|726|739|804|1073|1024|1367|842|1188|1051|873|1376|1141|818|891|859|1073|784|702|640|821|477|645|366|365|375|840|551|339|557|298|229|191|
