2012-01-23|22|1_CTs|CT1||10|8|5|5|5|6|3|4|3|3|1|0|3|1|4|2|4|4|6|3|4|6|10|14|16|19|27|36|45|60|92|119|197|178|169|189|160|163|116|129|93|77|89|80|58|70|60|73|70|81|87|76|72|67|61|89|71|87|69|72|65|71|60|66|77|92|92|74|91|92|98|78|79|117|95|98|92|77|52|68|63|51|48|44|32|35|24|22|22|12|21|13|14|17|15|20|
2012-01-23|22|1_CTs|CT2||59|30|24|24|16|16|14|16|4|19|8|5|10|7|12|6|8|7|9|9|14|21|26|35|38|41|49|57|86|98|130|190|241|239|231|261|275|295|237|240|186|187|184|166|152|156|205|233|236|174|176|170|179|174|149|182|168|206|157|112|142|161|140|158|140|174|185|198|190|220|221|246|214|226|215|216|209|185|152|130|124|120|98|94|85|68|58|50|53|51|53|37|36|33|45|31|
2012-01-23|22|1_CTs|CT3||31|36|25|27|20|18|13|16|2|10|7|5|7|6|5|1|3|3|4|16|10|13|23|36|35|39|46|66|104|130|182|278|289|326|330|361|326|346|315|288|217|196|221|201|190|176|204|197|211|183|191|205|205|201|202|190|195|237|235|214|204|233|209|212|222|266|242|240|272|289|285|279|270|248|240|267|233|244|189|195|184|168|133|114|130|116|99|81|94|80|74|62|66|51|53|41|
2012-01-23|22|1_CTs|CT4||26|27|14|19|9|11|8|10|7|3|6|4|4|2|4|5|3|4|4|5|4|3|15|29|29|29|34|42|59|75|99|153|178|182|186|231|213|197|189|183|171|150|158|154|143|171|122|141|160|133|148|171|178|151|142|144|154|151|146|142|160|187|162|152|163|184|202|177|203|204|188|216|211|206|223|197|183|157|195|169|170|128|103|101|89|77|59|63|49|55|52|41|39|45|37|32|
2012-01-23|22|1_CTs|CT5||25|21|11|18|15|17|9|11|4|4|4|8|4|1|4|8|5|3|4|9|6|11|12|26|27|26|43|58|61|88|129|173|275|283|240|291|290|261|250|216|204|177|185|162|148|161|153|154|184|145|171|186|193|175|163|161|188|187|180|179|173|162|185|197|203|234|231|260|259|235|244|313|284|271|268|275|232|248|215|180|169|130|99|117|102|82|61|52|65|51|57|54|38|45|33|31|
2012-01-23|22|1_CTs|CT6||20|10|9|11|12|8|6|7|3|8|4|2|3|0|1|3|3|3|2|5|2|2|14|19|14|17|23|20|39|37|53|67|91|97|84|121|114|111|111|100|85|83|100|91|95|97|81|90|105|86|110|87|96|105|87|95|87|112|101|90|86|100|115|95|106|134|106|136|128|135|158|153|163|139|165|148|123|140|146|110|110|77|73|80|72|57|48|43|49|40|49|41|50|44|24|28|
2012-01-23|22|1_CTs|CT7||2|4|1|3|0|3|4|2|2|2|0|1|1|0|0|1|1|1|1|1|1|0|3|5|4|4|7|7|9|12|14|16|35|35|36|38|33|36|30|25|29|23|19|24|23|22|25|21|24|25|29|18|20|12|23|27|28|17|18|34|25|21|24|15|20|26|31|30|34|44|40|35|29|38|34|24|24|23|24|14|12|15|16|17|10|10|11|5|6|5|9|9|3|6|7|9|
2012-01-23|22|1_CTs|CT8||9|12|4|4|6|7|6|2|3|3|2|1|3|3|2|0|1|2|1|2|0|1|3|2|5|3|9|8|7|17|28|48|48|55|46|64|49|52|68|72|62|46|51|40|33|59|55|74|67|51|45|48|73|53|35|39|32|41|46|57|50|53|48|35|54|41|48|38|51|63|62|54|71|45|48|63|55|43|55|32|32|30|21|23|30|19|16|13|18|13|14|17|11|7|7|5|
2012-01-23|22|1_CTs|CT9||26|23|16|17|9|7|1|10|6|6|6|6|3|5|6|4|1|5|4|12|16|21|12|33|27|32|53|100|99|152|206|305|352|309|340|332|315|324|305|254|255|191|195|167|188|170|176|196|194|183|193|188|201|165|192|179|176|228|197|213|211|184|194|180|194|238|194|239|224|221|208|216|238|186|153|178|167|147|147|127|128|124|90|80|92|66|74|56|71|46|37|41|50|54|32|30|
2012-01-23|22|1_CTs|CT10||0|1|0|1|1|0|0|1|0|0|0|1|0|0|0|1|1|1|1|1|5|2|2|6|7|2|20|3|7|6|6|14|67|35|7|8|16|8|11|14|8|5|3|6|12|3|6|7|7|8|2|10|8|7|6|3|6|6|8|3|6|7|8|7|12|8|6|9|11|12|4|14|12|3|10|9|8|4|3|2|2|4|2|2|2|0|5|2|1|3|6|14|7|6|1|2|
