2012-06-28|6|1_CTs|CT1||1|2|0|2|0|2|0|0|2|0|0|1|0|1|0|1|0|2|2|0|2|2|3|4|7|5|8|3|0|7|5|6|7|6|3|11|4|9|5|11|5|9|4|6|6|10|4|5|4|3|2|4|4|4|1|3|4|5|3|7|10|4|2|8|6|9|6|6|7|3|3|5|4|5|2|4|2|0|3|2|3|2|2|2|1|1|0|0|0|0|1|19|26|10|6|9|
2012-06-28|6|1_CTs|CT4||4|10|8|5|5|3|4|6|3|2|2|1|2|2|2|0|1|1|4|3|0|2|1|3|2|3|0|4|6|6|8|6|14|17|15|22|30|28|29|26|31|25|18|26|22|23|26|30|28|21|30|40|27|28|25|21|22|34|26|31|24|21|33|33|29|35|25|28|32|52|54|38|36|43|40|52|33|42|37|22|33|31|30|24|18|25|15|22|15|18|18|10|7|18|14|12|
2012-06-28|6|1_CTs|CT5||27|18|21|18|17|19|14|15|14|8|11|6|6|6|9|7|9|6|8|5|9|8|7|8|14|15|18|18|26|19|41|43|49|52|62|80|119|57|79|63|67|70|88|63|59|85|73|81|68|63|82|73|81|54|68|64|65|70|64|77|61|64|64|69|71|78|81|81|84|95|71|82|68|77|76|60|67|50|51|63|52|33|36|47|36|40|25|33|42|33|43|37|40|33|30|24|
2012-06-28|6|1_CTs|CT6||30|22|17|27|21|12|8|10|9|14|6|2|7|5|5|7|4|6|5|8|6|9|12|23|18|20|24|13|33|45|63|85|103|127|134|155|156|159|141|129|121|108|110|94|97|105|98|108|117|96|120|92|111|94|81|89|102|117|108|118|91|108|96|102|102|84|116|122|133|108|160|99|120|118|143|111|95|123|101|91|90|78|84|79|72|67|63|57|70|76|59|56|54|52|45|41|
2012-06-28|6|1_CTs|CT7||7|4|5|9|4|4|2|3|5|0|3|3|2|3|3|0|0|1|1|1|3|0|3|5|4|7|6|6|17|17|13|16|20|34|27|29|34|38|43|32|16|20|19|30|25|24|21|27|18|21|17|24|21|13|26|13|21|19|24|25|17|21|21|16|23|19|21|19|33|27|21|38|35|36|29|32|26|16|19|17|19|17|15|17|21|14|10|9|16|10|10|9|11|14|8|6|
2012-06-28|6|1_CTs|CT8||67|59|35|29|30|22|16|12|21|16|10|17|12|11|12|10|9|6|5|3|7|16|19|26|27|30|42|52|83|117|147|184|229|210|232|235|223|214|209|195|180|167|151|140|137|133|131|142|138|148|140|143|147|136|121|137|142|182|157|159|144|165|137|141|150|159|144|148|181|164|162|192|192|190|198|174|187|170|153|149|153|125|120|114|92|95|81|96|102|86|90|75|80|69|77|81|
2012-06-28|6|1_CTs|CT9||84|79|56|48|38|35|28|22|14|19|7|9|6|14|11|5|10|12|8|8|15|21|25|40|45|38|52|64|95|129|163|180|214|256|327|321|345|353|339|270|245|203|182|197|178|180|214|196|205|198|213|186|179|183|210|199|196|200|213|254|205|199|203|215|202|257|249|266|270|275|246|293|244|262|292|266|235|233|227|169|141|147|134|122|111|109|89|122|97|76|110|85|82|89|82|84|
2012-06-28|6|1_CTs|CT10||41|36|24|28|16|18|15|21|13|10|9|3|8|3|10|11|6|7|3|1|5|9|16|20|22|28|29|43|69|75|139|147|174|183|188|220|215|214|201|204|184|169|161|145|132|152|148|130|128|154|140|130|138|128|130|121|135|150|155|164|134|147|188|158|149|175|173|198|191|211|208|214|209|230|224|204|215|186|196|157|148|125|112|104|78|85|73|80|59|72|71|64|63|66|43|44|
2012-06-28|6|1_CTs|CT11||40|30|39|26|14|16|15|11|9|13|17|5|9|8|5|5|9|10|8|6|15|16|26|36|36|42|59|77|96|153|191|200|271|270|302|301|327|328|299|276|229|243|167|191|187|169|190|191|208|174|194|188|177|158|213|196|173|168|189|193|205|198|180|173|175|225|216|211|217|224|174|206|185|174|222|189|139|162|151|157|125|136|106|100|92|91|79|66|71|76|76|31|42|60|51|47|
2012-06-28|6|1_CTs|CT12||57|44|33|32|20|27|19|19|11|9|8|6|8|7|10|11|6|10|8|5|6|13|25|24|25|28|39|52|70|109|129|160|202|226|237|245|254|287|260|227|216|218|161|162|161|170|177|163|157|178|179|178|178|159|154|141|152|166|177|185|181|196|192|176|175|206|231|240|231|292|242|266|258|290|268|244|272|213|232|186|167|162|135|130|113|86|77|94|64|74|86|59|66|58|58|53|
2012-06-28|6|1_CTs|CT13||21|12|17|7|14|6|7|6|2|7|0|1|1|3|5|0|3|1|4|3|3|7|11|14|26|32|31|37|43|32|25|40|40|51|66|63|70|77|69|45|46|39|35|35|32|49|49|33|39|42|39|36|40|37|44|32|35|37|43|46|32|34|38|45|36|33|49|48|35|36|39|54|35|38|43|48|42|41|47|37|29|24|30|22|26|17|13|25|21|22|24|17|16|21|19|19|
2012-06-28|6|1_CTs|CT14||24|32|27|26|23|16|10|20|8|6|3|1|7|3|7|6|7|5|5|1|4|8|13|12|22|17|15|27|40|54|99|84|93|97|104|128|123|134|112|105|88|107|95|77|83|97|120|109|101|108|106|87|109|99|100|77|86|109|117|99|117|109|122|131|112|111|142|122|130|141|151|146|160|196|157|163|169|139|143|132|112|107|89|70|72|48|43|63|52|66|46|52|46|48|44|39|
2012-06-28|6|1_CTs|CT15||29|25|26|18|16|14|6|6|8|3|4|5|4|4|6|3|5|8|12|10|13|18|17|15|21|29|21|26|40|64|73|83|109|130|162|172|159|160|141|117|109|68|90|83|83|71|78|85|67|74|82|88|61|58|69|55|91|85|93|78|80|68|63|72|78|77|91|70|84|93|90|111|72|92|93|84|91|96|86|57|54|47|44|48|43|31|47|30|25|34|33|29|31|27|30|33|
2012-06-28|6|1_CTs|CT16||40|34|31|35|19|16|19|20|18|13|21|8|14|8|7|7|7|8|6|1|11|9|13|26|23|32|38|47|81|90|125|147|161|202|213|233|253|259|250|269|197|192|182|183|178|178|184|177|182|160|171|184|165|127|170|151|168|145|177|181|183|172|168|164|168|198|194|187|207|217|194|200|203|199|210|203|145|189|159|152|136|124|114|102|104|104|77|81|83|87|74|74|75|80|57|40|
2012-06-28|6|1_CTs|CT17||32|26|20|24|7|25|16|11|7|2|1|3|4|7|5|2|1|3|3|1|0|2|2|4|8|4|6|10|14|21|28|32|45|65|68|75|82|82|72|85|65|53|79|65|61|64|77|80|68|85|58|87|70|82|65|62|70|73|94|84|69|83|57|73|96|82|108|93|112|102|99|108|113|89|120|84|115|92|87|72|64|68|58|61|49|50|37|59|30|35|41|35|25|30|37|24|
2012-06-28|6|1_CTs|CT18||78|59|64|42|39|34|27|28|25|18|23|15|16|12|14|14|15|20|15|12|13|18|15|27|33|52|49|59|78|116|184|175|212|254|276|270|200|276|250|276|278|245|258|254|205|242|216|250|203|218|253|239|214|197|216|195|226|233|221|231|246|221|227|230|245|276|256|241|294|297|233|289|288|275|302|249|269|218|222|231|199|191|158|175|134|128|119|112|119|116|125|111|122|99|101|82|
2012-06-28|6|1_CTs|CT19||68|49|30|40|26|41|30|17|16|16|7|11|10|15|6|7|12|11|8|11|7|5|5|6|13|8|19|26|35|38|52|63|94|106|145|154|156|164|120|152|135|126|148|118|126|131|123|137|146|158|120|142|118|123|125|98|125|134|146|149|147|156|118|141|145|149|150|189|176|190|179|175|184|205|224|178|152|172|184|132|133|131|115|99|71|79|77|86|74|72|72|60|60|52|55|60|
2012-06-28|6|1_CTs|CT20||29|33|29|18|16|12|11|9|7|6|3|5|3|2|4|5|4|5|7|6|5|9|11|8|22|29|18|24|45|46|59|63|87|119|124|132|140|132|123|8|134|108|110|118|16|103|130|119|11|37|78|107|119|105|111|103|101|118|62|59|45|69|112|84|110|17|118|114|59|88|136|12|123|124|126|109|61|12|97|14|102|23|69|83|18|41|18|45|18|70|40|21|19|29|23|38|
2012-06-28|6|1_CTs|CT23||101|87|70|42|37|32|19|16|23|26|21|29|15|16|13|18|16|11|11|11|15|26|31|45|44|48|76|87|127|173|240|268|319|345|381|368|377|319|315|310|262|238|245|231|217|205|227|217|215|232|254|241|224|209|183|246|237|268|246|286|254|245|231|277|262|266|253|252|320|319|291|315|306|361|354|286|306|275|289|231|245|243|210|180|160|140|123|136|160|133|129|117|123|120|137|101|
2012-06-28|6|1_CTs|CT24||114|88|72|79|44|38|30|28|30|29|19|21|21|18|15|24|17|15|22|25|23|31|34|42|44|47|60|75|113|134|202|228|279|277|341|327|344|322|375|263|309|256|253|263|273|263|250|275|270|272|285|276|253|264|221|248|221|315|283|291|296|305|283|310|287|312|364|325|371|354|449|381|401|406|448|429|383|371|355|328|279|287|218|196|180|157|147|153|147|140|132|135|147|131|124|102|
