2012-09-26|22|1_CTs|CT1||20|18|8|8|7|4|7|7|3|4|1|2|3|0|1|2|3|7|8|7|13|10|9|20|20|25|28|35|44|70|95|140|215|189|211|215|229|216|210|196|180|175|162|144|139|129|84|67|82|84|84|75|79|57|64|74|103|150|185|166|156|138|146|172|164|164|198|190|214|198|161|140|132|118|115|103|94|62|60|74|59|63|47|48|40|39|30|22|18|32|21|21|14|24|24|21|
2012-09-26|22|1_CTs|CT2||72|250|6|4|6|5|2|3|1|1|2|3|33|145|132|166|89|92|56|97|31|37|86|109|24|21|13|22|21|31|38|50|72|71|85|101|91|103|113|98|90|81|81|73|57|59|58|52|47|49|54|41|43|37|33|45|55|69|92|83|98|76|85|80|79|86|100|100|87|81|82|58|65|50|62|45|42|42|40|36|36|31|26|25|24|14|26|22|30|16|14|18|16|20|15|6|
2012-09-26|22|1_CTs|CT3||41|31|29|18|19|17|13|16|8|8|5|7|7|3|6|5|9|13|6|12|13|16|17|34|30|44|39|66|72|127|202|271|345|349|396|396|373|399|388|383|343|323|304|280|268|254|260|235|227|198|205|211|201|220|207|248|292|325|385|344|378|318|354|368|371|349|375|360|362|373|384|380|348|343|318|296|251|243|217|176|185|190|149|114|133|105|116|97|90|92|74|67|68|76|64|61|
2012-09-26|22|1_CTs|CT4||35|47|25|21|19|16|14|7|6|5|4|4|4|6|6|2|5|5|5|1|9|12|13|23|20|25|25|42|55|69|100|139|174|224|241|260|268|236|222|178|211|165|142|148|150|137|134|149|150|139|151|160|147|139|132|143|136|165|141|169|174|193|177|171|207|190|200|198|177|233|198|206|199|226|231|222|198|185|191|165|154|151|145|117|96|90|85|70|63|64|65|53|42|63|45|34|
2012-09-26|22|1_CTs|CT5||28|29|22|28|17|7|9|10|9|8|5|6|8|6|6|4|5|7|4|4|10|14|14|24|29|28|31|44|68|95|141|205|276|305|307|319|323|294|257|233|226|179|169|141|177|178|166|172|177|159|184|193|162|178|180|172|178|177|204|201|213|226|225|199|223|237|248|245|286|281|283|275|280|302|310|266|240|229|229|212|187|181|152|128|108|100|91|72|68|64|64|60|53|48|39|45|
2012-09-26|22|1_CTs|CT6||20|27|21|14|15|4|5|6|7|4|4|2|6|5|3|7|3|5|1|5|5|13|12|18|14|15|18|17|38|37|47|79|116|112|140|149|163|158|127|132|117|102|91|95|105|100|89|96|95|88|86|99|93|97|109|84|101|91|128|110|110|113|120|108|120|112|156|130|143|163|175|162|157|156|165|145|142|143|139|140|78|108|110|66|62|78|67|61|44|53|53|46|54|27|33|37|
2012-09-26|22|1_CTs|CT7||6|5|1|3|1|6|1|1|1|2|1|0|0|1|1|0|0|1|5|1|2|2|0|4|4|5|4|8|8|8|16|35|39|28|42|37|36|35|33|32|36|30|40|45|25|39|21|19|18|23|34|28|29|17|29|26|23|28|26|27|43|35|26|24|18|25|21|25|28|23|23|26|30|35|38|24|29|23|15|24|10|23|18|13|11|12|11|11|15|5|11|8|5|8|3|5|
2012-09-26|22|1_CTs|CT8||12|9|11|10|9|3|4|7|4|5|1|1|1|2|1|1|3|1|1|2|1|1|2|1|3|9|12|8|10|22|30|67|93|88|90|86|90|103|75|67|70|72|74|57|73|56|65|68|52|79|72|72|62|102|74|77|76|73|76|85|80|91|96|89|101|98|101|82|91|99|104|109|101|114|113|120|96|114|103|98|99|86|78|56|52|62|36|43|33|44|40|35|33|34|23|27|
2012-09-26|22|1_CTs|CT9||18|19|21|11|10|8|7|12|6|7|5|9|9|6|5|3|5|12|5|8|13|14|10|31|34|40|51|71|84|153|234|370|360|325|328|307|268|270|249|244|218|208|201|202|233|222|222|204|185|176|181|216|204|213|207|234|237|239|235|255|237|211|231|212|199|248|265|242|238|219|221|210|237|229|209|155|167|186|148|128|135|146|90|97|101|75|90|63|54|64|68|60|6|50|46|38|
2012-09-26|22|1_CTs|CT10||0|1|2|2|0|1|0|2|0|0|0|1|1|1|0|0|1|2|1|0|3|3|3|3|3|10|5|2|2|4|9|8|42|8|12|8|6|3|5|3|4|4|5|5|4|6|6|5|4|2|2|4|2|10|8|10|4|3|8|13|11|6|6|11|3|6|6|17|9|10|8|4|4|11|5|3|23|11|4|4|0|5|2|2|7|0|2|2|2|0|2|19|19|17|21|12|
