2011-03-29|3|1_CTs|ct1||53|44|36|23|20|22|16|8|9|6|15|16|6|7|11|6|6|7|4|6|4|8|6|16|18|31|34|68|76|128|173|216|221|233|247|247|218|232|226|242|213|223|229|225|208|211|221|223|181|206|219|203|200|197|163|166|169|204|216|218|207|219|217|198|188|203|208|168|180|206|230|229|224|225|220|229|221|231|247|185|189|205|204|178|140|122|112|133|104|105|95|104|103|94|95|58|
2011-03-29|3|1_CTs|ct3||135|138|94|77|63|70|46|54|52|56|48|24|35|32|41|46|24|26|68|37|29|32|49|83|69|132|137|217|259|369|446|541|500|542|626|596|539|550|620|617|515|499|541|595|459|487|464|508|455|464|521|517|506|500|397|434|438|482|466|446|511|464|439|480|432|491|362|359|363|453|421|423|384|442|367|349|406|397|426|430|427|420|399|381|330|305|297|251|268|237|258|251|208|215|222|189|
2011-03-29|3|1_CTs|ct5||122|116|98|90|82|43|55|44|36|29|31|15|31|25|21|37|41|35|20|32|31|22|43|55|75|94|91|112|162|205|334|355|409|441|456|552|310|366|263|330|449|464|530|689|540|452|419|395|421|411|455|422|387|425|411|366|407|498|433|454|471|416|434|378|392|362|408|387|403|398|394|391|431|390|437|440|390|433|420|393|407|367|364|294|285|242|251|243|247|231|243|190|244|238|200|173|
2011-03-29|3|1_CTs|ct6||84|81|51|42|47|51|40|31|34|21|25|15|10|21|12|9|11|11|17|8|14|7|8|13|15|13|31|32|52|63|98|133|158|205|217|227|227|217|188|195|165|164|155|156|188|156|160|179|186|203|192|259|238|176|168|171|183|206|213|204|219|245|344|242|269|282|247|292|298|304|283|285|292|309|305|278|282|278|264|255|250|266|239|246|192|154|180|132|169|179|128|137|131|166|138|138|
2011-03-29|3|1_CTs|ct7||86|80|60|56|69|83|49|44|30|33|28|17|15|17|17|18|14|9|12|8|20|12|13|29|25|29|34|52|63|86|128|161|183|192|232|247|233|212|218|197|177|197|172|214|178|187|189|191|226|220|242|224|221|182|153|193|189|195|231|224|239|248|241|240|219|255|228|256|232|215|209|197|197|185|162|195|199|199|188|229|198|214|211|180|170|149|145|106|128|104|108|98|134|146|148|144|
2011-03-29|3|1_CTs|ct9||80|65|79|82|49|43|59|49|28|34|25|26|37|22|18|24|32|24|21|24|12|18|23|16|19|34|50|46|72|91|109|154|172|230|222|220|202|194|242|214|174|149|161|155|163|156|159|153|164|133|133|142|140|129|129|142|150|164|171|148|172|154|139|146|145|159|160|176|169|194|185|170|189|159|181|207|198|206|172|163|143|162|159|138|115|121|100|111|97|100|86|88|91|104|85|104|
2011-03-29|3|1_CTs|ct10||73|56|45|46|38|33|29|25|31|21|27|15|19|18|16|15|15|14|4|11|13|23|14|18|19|18|34|31|41|67|81|113|130|148|155|158|157|158|161|143|134|134|130|111|130|127|148|140|127|130|112|156|130|143|123|135|131|133|135|158|128|156|131|134|140|143|155|148|149|158|160|159|154|163|160|149|158|150|153|127|137|120|112|111|110|89|90|95|95|100|84|88|107|87|91|75|
2011-03-29|3|1_CTs|CT11||23|28|17|16|10|20|22|13|17|18|6|8|6|8|4|8|8|10|11|12|4|8|9|7|10|9|22|23|23|36|43|54|52|53|72|55|68|58|59|63|57|64|61|53|63|72|60|53|56|61|50|64|57|48|42|52|55|67|55|59|62|57|67|69|59|56|56|54|54|46|49|45|48|56|53|49|56|54|54|55|57|54|58|55|62|48|55|38|54|42|43|35|41|34|30|32|
2011-03-29|3|1_CTs|CT12||32|19|21|17|28|20|16|14|16|17|15|11|9|10|9|6|7|7|3|5|8|15|7|15|8|11|19|18|25|25|40|37|41|41|34|30|54|47|40|50|60|44|51|53|43|49|51|52|42|41|38|56|48|53|47|41|35|46|48|56|42|39|37|47|37|45|50|47|41|45|54|45|47|45|50|39|45|44|45|35|50|34|45|43|37|31|28|25|35|29|32|30|25|23|39|22|
2011-03-29|3|1_CTs|CT16||22|21|16|21|10|15|8|9|11|5|9|4|12|6|6|8|3|7|5|5|2|4|5|5|5|8|9|9|8|14|19|21|33|37|40|42|42|41|55|46|45|42|37|30|36|27|32|52|47|37|37|39|35|33|31|26|28|38|34|29|34|33|32|31|36|36|39|38|39|50|55|48|50|61|55|56|58|52|34|35|41|36|31|22|32|23|26|22|28|23|19|24|24|28|17|32|
2011-03-29|3|1_CTs|ct17||84|70|66|55|49|48|18|34|32|29|23|15|17|13|22|14|13|15|19|12|11|10|16|20|27|28|33|86|69|109|176|235|319|247|284|379|342|322|402|337|329|300|264|247|251|248|236|250|247|230|215|262|290|242|240|228|244|251|276|274|255|300|232|267|259|281|275|285|290|320|258|251|277|306|284|283|275|273|252|234|242|205|203|221|171|151|139|147|145|124|128|124|133|138|97|114|
2011-03-29|3|1_CTs|ct18||113|77|75|56|54|55|33|34|43|30|30|22|27|21|18|20|16|13|13|18|18|27|19|23|28|47|41|59|71|106|126|156|232|203|263|265|214|275|249|180|209|221|219|178|209|180|213|205|185|191|169|181|179|191|195|166|209|205|191|182|180|218|192|213|182|196|201|164|199|184|205|183|218|222|229|226|190|234|183|175|198|191|152|166|145|125|134|145|141|141|133|116|162|129|116|111|
2011-03-29|3|1_CTs|ct19||0|2|3|0|0|0|0|0|0|0|1|0|0|0|0|0|0|0|0|0|0|0|1|2|2|8|13|7|9|9|6|14|7|13|13|7|12|9|14|8|5|6|8|8|6|6|10|3|8|10|6|6|6|8|7|8|11|5|4|7|10|4|16|4|8|9|22|11|7|10|8|7|9|4|10|6|11|5|8|8|9|7|7|7|6|6|5|2|2|2|0|2|1|3|0|3|
2011-03-29|3|1_CTs|ct20||37|31|30|21|21|22|8|10|6|8|6|4|5|4|5|7|5|8|12|9|8|8|9|13|22|22|48|68|85|132|149|167|198|173|170|194|166|152|175|152|132|158|64|112|136|169|150|156|152|147|110|154|148|147|148|152|174|154|169|171|169|162|151|171|154|139|171|169|150|173|153|161|151|162|137|173|176|180|161|151|150|155|137|136|115|114|115|74|90|59|70|58|69|72|58|50|
2011-03-29|3|1_CTs|ct22||11|6|5|3|1|1|1|1|0|1|1|0|0|0|5|0|2|3|0|1|1|1|1|2|2|3|0|3|9|10|18|15|24|24|24|22|17|28|37|32|40|33|28|29|24|39|30|27|28|34|37|34|28|22|36|19|25|37|32|39|42|30|45|35|30|46|54|40|55|51|55|50|61|51|60|40|46|43|35|34|39|40|24|22|17|16|12|7|8|8|8|10|5|2|5|6|
2011-03-29|3|1_CTs|CT23||91|73|49|35|48|45|23|22|26|22|20|18|15|5|15|8|3|11|6|16|2|10|7|3|19|22|35|46|58|87|149|207|216|246|298|280|271|248|256|252|190|205|217|176|169|188|182|243|231|232|263|247|259|266|196|198|235|238|198|238|221|236|265|260|275|291|275|252|290|400|358|380|351|391|373|396|398|411|410|336|364|349|344|270|240|197|233|228|214|176|192|197|160|157|118|118|
2011-03-29|3|1_CTs|ct24||163|129|137|126|98|62|51|40|40|27|32|25|25|20|21|23|29|26|46|45|51|56|70|95|144|208|328|560|692|972|988|947|888|866|831|928|755|826|859|807|861|879|967|941|869|783|842|761|789|808|808|855|804|800|744|761|835|868|933|895|825|802|839|832|734|780|745|845|750|909|927|927|923|906|838|894|875|730|688|585|642|640|775|545|480|496|388|302|339|378|323|329|322|318|270|203|
