2016-02-06|7|1_CTs|CT1||41|49|33|45|35|33|32|19|30|27|16|274|26|16|15|15|20|23|9|16|17|17|12|14|17|270|23|289|26|30|27|38|44|39|309|57|39|58|92|87|316|343|76|99|345|100|94|102|108|96|103|341|92|87|103|88|90|96|97|105|107|111|112|107|106|88|107|106|114|93|92|96|347|77|99|62|330|72|63|76|75|87|76|65|70|59|48|54|49|42|45|37|41|47|47|41|
2016-02-06|7|1_CTs|CT2||69|69|44|66|38|317|38|32|48|38|36|26|22|20|18|20|28|25|24|276|34|22|26|16|24|43|28|42|21|51|59|74|58|69|340|86|299|1|14|1|12|10|18|15|6|260|53|115|25|100|137|113|171|409|128|98|71|93|124|116|89|109|106|117|26|128|142|66|374|396|172|175|373|156|125|104|152|125|118|153|66|119|372|114|78|62|79|58|62|61|54|42|66|52|577|59|
2016-02-06|7|1_CTs|CT4||56|50|45|38|30|39|27|16|26|17|19|26|29|7|23|10|8|6|8|2|7|5|10|10|6|4|5|261|2|1|1|2|5|7|2|2|2|5|3|5|12|8|5|3|9|12|22|20|270|12|14|22|15|8|13|13|10|14|24|17|11|16|12|23|16|9|22|18|26|20|27|17|26|18|29|26|23|21|13|17|20|14|12|10|11|11|15|7|13|27|20|15|28|24|35|24|
2016-02-06|7|1_CTs|CT6||41|43|48|40|31|26|284|22|23|20|271|15|14|15|275|14|13|15|17|12|17|9|6|9|5|10|17|15|22|25|32|24|30|38|61|31|52|299|61|326|57|85|360|358|104|110|115|106|118|110|113|119|118|101|99|88|104|338|91|82|106|106|109|87|103|382|92|96|133|104|132|127|121|115|97|112|92|83|70|68|61|67|71|46|48|50|40|295|35|46|32|29|35|40|42|26|
2016-02-06|7|1_CTs|CT7||29|33|46|27|278|14|17|23|10|11|9|15|14|16|11|8|7|11|13|17|16|9|8|16|12|18|19|12|23|27|28|28|44|49|48|127|182|184|453|195|207|459|203|180|191|202|438|434|121|106|346|88|89|336|104|92|70|72|85|107|103|87|106|112|95|100|115|102|363|108|348|101|78|77|94|94|80|68|70|63|88|74|377|378|57|39|38|31|37|35|295|278|37|26|44|42|
2016-02-06|7|1_CTs|CT8||927|355|82|586|82|62|55|47|43|38|39|44|36|543|40|44|37|34|45|49|68|52|83|89|99|119|129|119|113|141|159|178|417|187|716|467|190|240|249|496|266|249|251|493|242|297|545|559|289|558|225|517|776|576|261|276|222|211|500|250|265|561|301|296|294|314|276|283|256|551|223|302|470|524|258|507|225|241|232|232|204|213|202|189|186|132|135|156|124|127|126|110|114|116|109|111|
2016-02-06|7|1_CTs|CT12||321|60|60|51|42|43|33|28|33|20|20|19|15|11|18|14|13|18|16|8|11|13|11|17|13|13|23|24|31|29|27|295|41|44|62|52|80|340|112|131|106|394|167|137|170|170|187|706|147|164|190|176|192|174|181|137|140|129|138|136|118|158|151|157|142|176|432|143|172|161|437|176|417|161|170|408|128|116|132|117|136|121|103|87|73|64|69|581|45|52|54|46|49|322|61|45|
2016-02-06|7|1_CTs|CT13||16|14|9|12|2|8|4|11|4|6|5|6|3|6|3|3|4|4|4|5|5|0|2|4|1|7|6|5|10|11|13|16|20|10|13|72|82|83|95|96|94|342|95|101|96|94|83|69|45|37|41|36|37|49|44|47|34|294|298|46|45|63|55|53|43|43|50|45|41|49|37|56|37|38|37|42|35|46|37|286|29|37|583|60|37|17|27|30|18|15|19|26|26|18|15|31|
2016-02-06|7|1_CTs|CT14||173|396|165|113|107|111|354|84|82|342|56|68|62|57|58|331|45|298|53|71|63|64|91|76|101|92|95|104|103|108|123|141|392|424|170|203|163|492|475|237|215|519|500|526|294|309|329|317|365|405|311|319|375|421|382|312|555|307|260|289|318|290|580|361|356|319|585|340|373|324|631|588|303|306|321|545|307|283|280|268|256|226|460|179|413|156|140|146|143|156|401|379|148|135|147|102|
2016-02-06|7|1_CTs|CT15||24|26|25|35|19|17|13|8|8|8|11|13|6|12|13|6|9|14|7|8|13|10|7|10|10|21|12|12|0|3|35|16|23|17|279|39|38|42|75|40|52|48|52|65|86|60|70|54|81|70|61|317|85|40|63|50|59|61|96|72|68|88|68|56|52|316|52|39|59|64|70|57|325|56|46|54|42|51|66|48|33|34|28|34|28|49|24|288|18|31|15|21|29|32|25|23|
