2012-01-05|22|1_CTs|CT1||16|10|10|7|7|6|5|2|7|3|0|5|5|5|2|6|5|6|6|8|6|15|12|20|21|24|20|34|37|58|90|137|201|199|176|197|142|80|124|101|107|76|76|83|68|64|79|70|69|75|88|95|79|78|74|75|68|74|77|74|78|74|77|82|79|79|70|84|83|115|102|111|83|106|114|100|79|71|68|57|53|53|45|42|35|29|27|18|34|27|23|8|0|0|0|0|
2012-01-05|22|1_CTs|CT2||13|13|4|7|6|5|2|4|3|1|0|1|2|2|1|3|1|3|1|1|2|6|6|15|11|18|16|24|22|29|46|48|56|49|62|84|56|28|51|47|35|38|35|45|37|40|42|35|40|36|47|32|45|39|33|41|46|42|39|30|35|44|41|41|69|37|49|45|45|48|50|62|39|48|47|42|41|34|30|28|28|27|31|24|21|22|20|17|18|19|20|7|0|0|0|0|
2012-01-05|22|1_CTs|CT3||48|55|20|28|20|21|17|12|8|14|6|11|11|10|8|10|5|5|6|13|9|14|17|40|33|40|43|72|90|130|201|273|323|358|311|343|328|181|268|252|234|236|191|216|178|172|208|187|192|227|217|225|213|215|180|236|231|236|228|232|212|222|231|220|257|228|215|246|287|302|298|349|272|296|298|277|227|207|202|201|184|170|144|145|140|111|93|93|94|78|93|33|0|0|0|0|
2012-01-05|22|1_CTs|CT4||44|31|22|20|14|12|13|9|11|7|12|8|5|8|6|6|7|8|2|6|7|14|12|25|29|22|34|39|64|55|101|141|185|187|165|225|219|126|177|181|149|149|123|144|159|152|152|161|159|145|157|159|148|145|140|140|162|169|170|173|166|198|191|169|189|180|210|192|163|189|236|211|221|264|242|201|200|205|168|177|155|155|114|114|94|84|74|71|61|50|63|17|0|0|0|0|
2012-01-05|22|1_CTs|CT5||41|25|29|18|15|19|13|13|12|10|14|7|4|9|3|11|8|7|1|10|10|17|14|22|32|25|41|49|72|73|129|192|254|269|238|279|249|188|231|186|194|177|170|159|183|161|157|175|183|171|188|165|200|183|162|183|174|188|217|177|189|183|180|235|197|241|226|230|244|298|261|345|279|309|327|325|261|290|209|190|198|174|158|139|122|83|93|57|64|49|73|27|0|0|0|0|
2012-01-05|22|1_CTs|CT6||36|17|24|18|12|11|7|8|5|12|13|3|2|5|5|3|4|4|3|4|4|9|5|13|17|19|19|23|34|44|48|61|87|98|91|98|89|85|95|86|69|98|87|90|88|106|92|104|113|92|111|92|109|125|82|107|107|122|127|122|103|117|139|119|130|125|144|133|149|177|161|178|166|173|179|167|149|155|150|124|125|109|108|83|87|51|60|52|44|37|60|26|0|0|0|0|
2012-01-05|22|1_CTs|CT7||7|4|5|1|2|2|3|0|1|1|1|1|0|1|1|1|1|2|2|1|1|0|0|2|5|7|4|5|6|10|17|12|28|34|38|47|36|19|33|37|28|28|31|24|20|15|21|29|24|23|23|25|28|22|20|12|20|23|28|29|31|18|21|26|26|29|18|30|28|37|26|35|44|35|30|35|27|28|17|12|21|18|15|17|4|8|14|5|13|10|9|2|0|0|0|0|
2012-01-05|22|1_CTs|CT8||21|16|15|11|12|4|7|6|4|10|6|7|4|4|2|3|2|5|0|2|2|2|2|4|5|4|8|8|19|17|39|45|58|42|49|71|52|44|45|36|20|50|42|33|40|43|45|32|41|34|31|43|59|94|69|76|68|66|72|76|64|82|73|74|74|55|38|66|86|60|60|53|53|50|58|70|66|66|81|70|83|75|74|75|44|40|42|33|42|29|44|13|0|0|0|0|
2012-01-05|22|1_CTs|CT9||28|27|17|18|11|18|18|4|8|7|10|8|6|6|14|7|6|5|6|11|15|18|15|31|35|41|57|80|110|151|233|350|360|363|334|300|291|176|259|249|232|232|172|190|201|173|188|175|160|196|231|199|200|169|170|214|186|228|240|178|202|174|183|190|204|216|212|222|226|221|242|226|244|219|214|206|161|168|145|156|149|128|109|101|100|75|77|70|66|58|25|10|0|0|0|0|
2012-01-05|22|1_CTs|CT10||0|1|1|1|0|1|0|1|2|0|0|1|0|0|2|1|0|2|0|2|4|5|1|6|8|6|13|3|8|3|7|9|47|21|13|9|15|7|6|13|4|7|7|4|4|3|5|5|6|6|8|9|11|8|7|5|6|5|5|4|4|6|6|12|8|9|9|4|7|6|1|10|7|6|10|6|6|11|7|1|5|7|2|3|3|1|2|2|1|2|12|7|0|0|0|0|
