2012-07-19|22|1_CTs|CT1||22|18|11|7|11|8|5|7|12|9|7|5|6|2|8|3|4|6|6|9|13|15|17|28|13|23|27|29|35|42|62|93|103|118|132|155|123|123|88|103|86|99|62|72|63|64|65|57|65|70|70|88|70|66|60|61|63|69|60|66|66|66|69|52|76|71|61|70|62|75|72|99|75|80|82|73|71|69|78|60|68|59|46|41|44|27|25|26|38|26|26|26|16|22|21|17|
2012-07-19|22|1_CTs|CT2||161|185|216|253|131|156|216|297|101|412|242|345|236|73|249|195|269|278|290|142|221|213|459|283|183|205|422|258|487|478|343|338|497|358|356|485|407|344|446|286|242|368|297|185|164|246|205|134|174|168|133|140|145|140|124|112|154|135|157|130|178|130|79|184|235|128|333|222|175|175|228|224|288|361|196|216|316|302|260|228|256|206|281|365|245|376|276|316|225|254|250|290|245|234|263|295|
2012-07-19|22|1_CTs|CT3||56|66|61|33|32|28|20|21|20|20|15|14|10|7|4|12|8|10|8|8|18|13|22|32|41|43|48|63|78|120|160|188|215|247|274|282|281|294|241|212|186|204|176|195|188|179|211|156|171|203|185|173|170|174|155|177|171|185|213|169|190|200|219|173|196|192|188|198|222|239|224|247|212|226|235|205|199|189|213|160|157|136|130|117|112|106|89|106|105|102|80|80|90|92|82|60|
2012-07-19|22|1_CTs|CT4||243|319|217|235|197|316|228|194|164|174|147|87|103|45|101|170|277|185|275|132|82|111|35|79|115|85|130|55|117|141|150|189|120|245|236|224|231|227|181|166|139|174|187|147|139|222|164|39|140|122|137|136|126|148|148|119|119|154|159|147|146|145|149|137|157|155|165|131|174|172|181|169|164|220|230|179|202|170|159|150|137|146|114|104|101|74|64|77|53|68|106|65|73|61|37|57|
2012-07-19|22|1_CTs|CT5||38|33|17|26|36|24|11|15|9|7|14|8|9|7|5|12|4|6|4|5|11|11|10|24|21|24|44|38|63|79|93|140|133|190|198|244|232|219|207|177|166|166|170|158|153|180|150|147|165|153|168|152|145|176|151|114|163|166|181|163|168|139|169|151|157|173|176|164|165|214|223|220|243|228|223|231|211|187|171|171|143|161|112|139|110|97|76|72|63|65|65|67|59|54|47|48|
2012-07-19|22|1_CTs|CT6||28|15|24|20|25|14|11|10|10|3|10|8|3|3|4|5|7|4|7|6|7|5|14|13|10|16|22|22|36|37|42|49|76|76|83|99|85|87|97|89|93|102|92|94|114|88|110|93|106|101|78|105|111|90|95|77|87|111|92|106|93|90|100|93|99|110|98|105|128|110|140|118|154|150|139|145|123|124|106|113|81|93|67|79|76|61|49|50|63|42|53|47|41|38|18|21|
2012-07-19|22|1_CTs|CT7||8|2|5|2|5|3|0|0|3|0|1|1|3|1|0|1|0|1|0|1|4|4|3|5|3|2|5|8|10|11|11|19|28|23|34|31|25|35|31|31|22|29|32|19|28|14|22|19|16|15|18|27|14|19|14|11|22|13|21|17|23|12|15|24|21|19|24|27|16|31|18|30|28|26|21|23|20|18|17|18|13|10|14|13|14|8|8|8|7|11|15|11|7|5|7|7|
2012-07-19|22|1_CTs|CT8||5|7|5|7|1|2|1|1|1|1|2|3|0|1|1|2|0|0|3|1|3|1|1|1|6|3|2|4|2|7|6|9|26|25|15|34|20|26|22|14|22|29|16|27|23|27|33|22|27|39|22|18|28|31|30|17|28|35|37|27|30|37|35|29|26|28|26|31|23|40|35|36|38|37|41|51|30|18|21|33|26|24|11|26|30|12|12|19|11|12|10|16|19|14|11|4|
2012-07-19|22|1_CTs|CT9||35|31|25|24|19|15|16|9|10|4|17|15|11|5|9|9|7|6|7|11|16|15|12|30|31|52|60|89|84|146|201|206|234|275|248|283|295|296|264|232|208|201|168|198|172|172|187|173|159|157|167|170|179|162|130|152|151|194|190|171|164|177|152|160|170|163|179|162|154|180|180|187|170|167|175|143|136|137|153|138|114|135|106|108|91|92|86|77|60|45|67|39|37|38|48|47|
2012-07-19|22|1_CTs|CT10||0|1|0|1|1|0|0|1|0|0|0|2|0|1|0|1|0|2|1|0|1|1|2|3|8|1|5|4|5|3|4|2|6|6|4|9|3|7|9|7|4|3|7|6|8|10|7|1|1|4|5|8|6|4|8|3|2|6|3|6|5|2|0|4|3|3|7|5|2|8|3|4|4|2|8|1|2|3|1|5|4|3|1|1|0|4|0|1|2|3|9|17|12|2|2|3|
