2012-08-18|6|1_CTs|CT1||2|1|1|1|1|1|0|1|0|0|0|1|0|0|0|2|0|0|1|3|0|0|2|0|3|2|5|1|0|3|0|0|0|0|1|1|2|0|2|2|0|0|1|2|2|0|0|2|1|1|0|4|1|2|2|0|2|2|2|2|1|0|2|2|0|2|1|1|2|2|1|2|0|1|4|0|0|0|0|1|0|1|1|1|0|0|1|1|0|1|8|20|7|1|2|1|
2012-08-18|6|1_CTs|CT3||19|6|12|11|7|7|4|9|8|11|2|4|3|3|5|5|10|5|14|16|14|21|23|30|21|23|33|32|42|40|42|44|27|37|35|35|23|29|32|45|28|31|28|26|26|28|43|40|41|32|36|27|26|31|23|29|31|25|31|26|34|31|26|23|41|28|24|37|42|36|30|21|31|37|34|24|25|22|22|21|28|33|16|20|22|23|18|18|22|21|24|19|17|13|19|19|
2012-08-18|6|1_CTs|CT4||10|7|6|4|2|1|4|2|3|3|7|0|0|5|3|2|3|1|2|0|2|2|4|2|3|1|2|1|1|3|2|6|7|9|12|7|8|11|11|10|13|10|17|9|18|13|15|21|19|24|21|17|23|15|11|11|12|6|8|14|15|16|17|14|13|5|8|17|14|11|16|12|14|18|9|14|11|10|12|15|19|13|8|9|9|11|8|6|5|8|7|7|8|6|9|6|
2012-08-18|6|1_CTs|CT5||22|26|11|22|11|9|9|9|12|8|11|6|3|9|3|3|9|12|7|8|7|9|12|7|14|7|14|13|15|17|18|26|17|15|19|25|19|24|27|36|42|29|23|41|43|43|39|57|39|28|48|44|44|30|30|24|28|26|26|38|34|35|34|19|30|30|36|30|35|34|37|30|26|36|33|34|30|25|30|36|23|32|23|29|19|21|23|24|24|21|29|28|29|31|19|31|
2012-08-18|6|1_CTs|CT6||33|14|20|13|14|11|5|2|6|5|7|5|5|6|2|2|3|2|3|6|12|9|6|12|13|13|12|21|13|12|18|20|31|26|31|31|25|33|39|52|53|36|52|56|56|61|61|53|59|66|67|67|64|50|56|69|42|44|59|52|45|53|50|35|53|60|37|46|43|54|44|29|54|40|52|50|53|43|43|40|41|40|45|33|21|28|16|36|22|26|19|36|28|20|25|21|
2012-08-18|6|1_CTs|CT7||5|5|3|1|2|2|1|2|1|3|1|4|1|1|2|3|1|1|1|2|1|2|2|6|1|4|6|3|6|8|8|11|9|8|10|9|4|9|11|9|13|8|11|8|6|15|13|8|13|13|10|12|9|17|14|8|11|12|5|7|11|15|13|6|6|10|9|12|15|8|5|10|18|7|13|7|6|6|8|5|9|8|5|15|5|7|5|7|5|11|4|4|5|11|7|5|
2012-08-18|6|1_CTs|CT8||36|42|25|29|25|23|28|25|14|16|9|24|14|7|11|9|26|18|11|9|9|6|13|13|10|17|27|23|39|35|49|46|53|67|63|60|59|46|68|80|76|73|61|81|69|67|98|78|57|77|63|81|82|75|63|74|59|81|68|72|90|77|86|83|71|74|81|84|78|61|90|88|91|93|90|93|95|104|88|81|65|64|62|54|67|62|58|62|36|56|59|57|62|63|42|27|
2012-08-18|6|1_CTs|CT9||62|47|39|27|21|21|30|17|23|16|22|7|12|10|7|6|10|12|14|13|16|20|17|25|28|31|37|33|39|52|58|51|71|55|61|74|99|59|83|78|93|98|104|91|112|110|116|91|114|105|103|90|110|97|106|77|85|89|88|84|91|108|90|74|98|109|100|82|100|105|95|126|89|118|120|99|119|104|89|99|94|66|67|58|72|72|63|78|58|62|58|60|56|50|53|43|
2012-08-18|6|1_CTs|CT10||30|21|17|15|11|6|12|11|11|12|10|6|8|9|12|8|4|5|8|8|11|11|13|19|23|20|19|22|24|22|49|27|40|36|48|57|54|73|62|71|69|82|81|74|84|67|81|67|79|91|71|65|60|54|62|62|68|59|56|51|59|76|67|63|68|76|68|78|72|56|86|88|50|78|74|55|66|55|71|68|68|57|53|41|61|47|34|34|29|45|71|85|80|79|49|28|
2012-08-18|6|1_CTs|CT11||30|33|21|17|18|20|8|11|8|5|11|4|8|7|6|7|9|8|8|11|8|18|13|27|32|26|29|40|31|50|43|49|61|63|66|88|85|75|83|95|68|66|125|92|91|80|84|95|82|79|93|75|68|68|69|84|77|67|75|66|81|76|75|67|79|71|59|63|82|81|70|75|70|69|76|70|62|64|78|69|68|70|57|46|49|46|38|46|33|40|65|56|38|36|44|36|
2012-08-18|6|1_CTs|CT12||30|39|21|17|12|13|14|10|15|9|7|6|9|11|4|12|9|7|7|11|7|15|22|18|20|25|27|26|27|38|38|39|42|44|42|71|65|69|62|80|77|65|99|78|87|93|72|91|96|74|94|80|66|61|68|63|76|67|71|69|71|80|76|49|69|83|62|78|83|62|87|87|64|61|74|65|67|78|71|83|73|65|59|44|51|38|34|38|32|43|63|73|69|76|54|41|
2012-08-18|6|1_CTs|CT13||47|28|20|13|14|15|19|11|12|12|7|7|7|4|4|7|11|6|6|10|8|17|15|24|23|22|35|27|30|42|44|47|54|42|50|53|56|49|66|58|83|71|77|65|77|88|93|67|85|65|81|63|81|71|65|48|63|59|55|66|63|77|68|48|72|79|70|53|77|65|79|92|73|82|78|62|73|77|70|56|69|56|42|49|41|43|41|51|38|54|57|52|40|53|44|34|
2012-08-18|6|1_CTs|CT14||37|34|20|13|12|8|9|6|9|7|11|5|6|6|4|6|3|3|4|6|8|9|18|19|18|14|23|15|14|26|27|22|28|31|22|37|33|34|39|45|45|46|47|59|66|56|64|53|63|67|57|73|68|42|54|52|38|53|41|55|42|55|39|37|43|57|58|54|55|53|59|74|52|41|62|46|47|54|47|55|54|43|43|27|35|31|26|22|29|31|42|60|65|61|49|29|
2012-08-18|6|1_CTs|CT15||13|11|9|14|8|4|17|7|7|5|4|5|4|5|10|3|8|9|3|7|14|12|12|17|9|16|17|12|14|22|26|27|29|19|24|40|39|40|36|32|29|42|46|48|44|58|49|52|42|44|29|36|44|52|34|25|32|31|39|27|31|30|41|30|50|46|39|33|45|44|61|46|64|73|47|58|49|59|56|54|47|34|38|44|35|24|24|23|25|30|22|22|16|13|19|17|
2012-08-18|6|1_CTs|CT16||33|32|13|19|17|15|9|15|11|14|8|8|7|5|12|8|8|8|9|11|10|12|13|28|21|22|29|38|27|35|52|48|49|55|61|82|60|81|80|89|77|85|120|100|87|79|107|96|86|95|80|77|84|92|75|87|87|61|72|60|66|110|79|79|68|65|75|84|90|75|77|79|81|69|88|73|60|58|83|68|64|73|55|64|61|50|43|50|31|45|56|54|54|43|43|35|
2012-08-18|6|1_CTs|CT17||18|20|13|12|7|14|9|5|10|4|7|8|7|4|3|2|7|2|8|8|4|6|8|4|5|7|11|7|10|10|11|14|15|16|12|18|24|23|17|25|24|33|21|28|46|39|40|34|46|48|54|54|50|45|42|41|32|30|32|50|24|44|25|15|20|16|16|23|18|17|17|24|18|10|21|15|22|13|19|21|13|13|5|10|8|9|8|10|5|7|4|10|8|12|5|7|
2012-08-18|6|1_CTs|CT18||63|62|26|46|27|26|21|24|26|17|20|13|14|20|15|10|18|22|20|22|14|22|27|22|25|31|43|28|38|47|66|68|54|65|70|86|72|99|110|111|110|128|124|130|109|133|129|173|123|118|136|121|127|108|83|108|104|94|100|101|93|127|111|95|117|106|113|135|99|128|129|114|112|108|117|114|103|77|90|96|101|101|74|74|69|72|66|80|71|68|83|75|80|77|65|70|
2012-08-18|6|1_CTs|CT19||32|31|22|25|21|18|20|14|22|10|18|11|9|11|9|4|10|14|10|14|8|12|5|7|6|11|16|19|16|13|23|22|26|25|25|32|31|50|49|50|47|70|62|58|72|72|90|69|82|77|87|94|88|70|77|62|54|59|64|65|50|67|47|53|67|52|44|67|61|67|72|61|52|73|54|62|73|54|61|71|63|60|52|51|51|45|37|39|38|45|40|37|43|37|40|27|
2012-08-18|6|1_CTs|CT20||32|34|17|10|13|7|10|11|9|13|4|6|5|4|7|3|4|8|4|6|8|8|17|8|15|14|20|13|15|25|32|32|25|34|40|27|37|54|70|78|54|70|63|90|78|84|101|83|82|90|86|76|24|62|52|60|78|67|56|68|64|57|68|40|90|57|50|43|60|54|71|74|7|52|61|48|17|9|22|27|22|31|30|43|50|44|29|34|43|29|38|36|26|24|31|25|
2012-08-18|6|1_CTs|CT21||80|58|53|42|38|29|29|37|33|21|12|24|14|15|16|22|11|14|26|24|20|26|36|46|37|44|53|54|59|74|94|84|98|95|87|105|79|82|117|124|137|110|122|140|127|118|122|135|148|107|150|128|109|117|114|121|114|126|151|148|151|138|133|107|145|124|125|115|116|140|151|143|156|136|137|157|127|117|140|113|128|116|112|101|91|85|75|94|89|83|97|97|69|68|114|75|
2012-08-18|6|1_CTs|CT22||81|85|49|67|57|68|44|37|51|37|32|36|33|27|37|28|26|24|46|50|48|42|68|68|47|68|60|87|85|85|95|92|119|99|100|123|116|129|127|145|145|167|157|147|143|182|178|172|185|204|162|181|181|165|158|160|152|114|136|173|151|153|145|150|191|183|148|170|193|213|169|145|171|161|172|148|134|141|153|132|142|128|97|132|99|87|82|92|103|97|99|104|86|114|110|87|
2012-08-18|6|1_CTs|CT23||76|60|47|38|37|32|31|39|25|25|14|25|10|15|16|18|33|16|18|19|12|14|25|36|29|33|55|51|54|60|73|84|107|110|101|120|95|81|117|118|130|123|114|134|125|109|146|137|117|123|141|141|131|121|132|128|104|134|130|108|145|142|116|110|138|125|139|118|137|106|141|126|134|143|142|148|144|149|137|131|115|107|107|91|88|79|84|84|71|104|99|78|75|92|79|54|
2012-08-18|6|1_CTs|CT24||78|59|61|58|37|44|32|38|32|27|35|27|31|25|18|15|24|24|33|31|21|28|35|34|38|40|42|54|62|65|71|64|67|70|80|83|84|106|83|93|118|117|110|123|141|111|125|154|151|138|173|148|142|120|124|127|121|110|104|127|137|120|120|143|152|208|137|133|147|150|128|111|149|147|142|138|135|160|149|111|131|126|118|97|98|74|89|79|80|103|127|129|133|135|91|85|
