2012-06-08|6|1_CTs|CT1||0|1|0|2|0|1|0|2|1|0|0|1|0|1|0|1|0|1|1|2|1|2|1|5|7|6|2|3|4|5|7|4|27|14|5|3|8|1|8|10|2|6|4|7|7|12|4|5|1|3|5|7|2|10|15|5|2|4|6|5|4|4|10|6|5|7|1|3|2|2|3|3|5|4|3|4|3|0|1|3|1|1|2|1|1|0|2|1|2|2|8|10|14|0|0|0|
2012-06-08|6|1_CTs|CT4||3|3|4|7|5|5|2|4|2|1|1|2|1|3|1|0|0|0|2|3|2|1|2|3|3|1|3|5|9|6|10|23|48|54|33|25|22|24|29|26|20|10|17|28|27|27|20|23|34|39|29|28|37|24|27|22|23|30|37|24|31|19|30|37|34|25|21|17|16|8|40|50|43|36|37|39|31|28|27|19|30|26|22|23|14|17|14|18|16|16|12|20|11|15|17|16|
2012-06-08|6|1_CTs|CT5||10|2|10|6|12|12|15|8|7|7|7|5|5|3|3|3|7|3|4|2|5|10|10|11|10|16|15|20|28|22|30|27|37|50|71|84|71|52|59|63|62|49|69|70|73|77|57|56|68|73|59|67|76|69|63|62|64|77|76|85|82|71|80|75|75|57|75|79|60|78|80|63|79|79|61|66|54|31|53|71|47|39|46|36|29|30|45|46|39|40|25|39|31|30|27|24|
2012-06-08|6|1_CTs|CT6||16|2|9|9|13|15|3|6|2|4|7|9|5|1|3|6|5|5|3|7|8|9|11|12|15|16|18|21|27|37|75|90|143|153|136|132|144|126|121|120|110|108|108|97|85|104|105|102|112|99|96|108|104|109|114|117|93|93|134|102|112|115|113|103|89|83|113|113|131|131|125|106|101|119|85|101|108|94|118|93|97|93|89|70|67|65|56|62|46|54|53|41|42|36|41|29|
2012-06-08|6|1_CTs|CT7||2|1|5|1|3|6|2|1|0|1|0|1|0|0|0|1|2|1|0|3|0|2|3|1|6|6|2|8|9|13|12|13|33|43|36|30|27|20|35|21|21|32|21|26|24|19|22|19|31|29|25|16|25|26|18|30|22|20|27|26|19|19|23|31|20|27|20|33|32|33|26|28|32|31|32|21|19|16|16|21|14|13|15|15|13|13|5|12|12|13|5|13|10|8|9|6|
2012-06-08|6|1_CTs|CT8||29|1|22|27|20|22|15|10|17|12|11|16|14|11|4|13|14|10|8|7|5|9|23|23|23|27|34|44|77|96|150|183|208|220|218|197|175|174|183|177|146|142|123|143|121|127|145|133|120|152|132|148|150|126|133|133|151|149|148|154|156|140|140|179|131|150|145|146|152|161|166|156|170|173|182|149|157|142|144|144|131|147|114|90|101|88|99|83|78|78|72|58|86|67|66|68|
2012-06-08|6|1_CTs|CT9||33|2|25|31|19|30|15|13|13|11|7|13|10|4|7|12|8|8|5|11|19|12|20|35|33|47|48|83|77|107|165|241|247|296|292|304|279|266|225|226|210|189|207|187|191|188|180|205|189|219|202|192|201|202|183|195|165|223|213|201|196|217|224|207|239|212|251|238|248|260|224|232|234|213|228|234|210|196|176|157|169|168|141|131|110|103|87|107|98|83|84|72|69|82|79|50|
2012-06-08|6|1_CTs|CT10||12|3|17|15|16|15|11|9|10|13|9|8|7|7|5|2|2|10|2|8|9|9|12|20|32|28|34|47|41|57|106|138|168|171|170|221|165|170|180|206|172|140|160|144|150|144|148|152|161|140|147|144|148|164|150|136|134|121|145|171|147|160|151|170|144|185|172|213|190|203|194|195|184|209|203|217|164|174|174|196|153|120|129|134|151|92|75|77|51|55|58|64|45|69|50|48|
2012-06-08|6|1_CTs|CT11||16|0|16|14|15|15|18|11|13|3|5|10|4|2|3|10|6|7|4|11|14|16|15|31|26|47|50|96|97|138|209|313|368|307|297|291|249|236|196|261|220|203|180|178|202|187|186|190|169|183|181|226|182|214|170|185|154|174|199|187|191|181|195|173|172|206|192|195|232|200|226|179|165|167|149|147|172|122|133|120|141|127|120|112|94|97|70|79|68|56|72|49|53|57|55|41|
2012-06-08|6|1_CTs|CT12||22|2|19|25|25|16|19|15|9|10|15|11|4|6|6|4|1|7|5|7|13|14|14|17|31|23|38|51|64|70|126|159|244|285|221|252|204|187|203|241|187|176|170|160|166|174|164|176|187|175|182|166|175|200|178|156|145|163|171|190|177|166|177|194|193|231|232|244|265|239|247|248|231|223|259|230|216|232|193|181|181|162|144|131|138|110|78|74|66|77|55|63|60|66|58|57|
2012-06-08|6|1_CTs|CT13||11|1|8|11|5|6|3|2|2|1|1|2|1|1|3|4|1|3|1|4|7|5|12|12|18|17|17|24|17|26|36|41|47|221|305|289|104|148|310|136|95|325|237|301|233|306|211|288|390|219|224|315|331|274|409|565|475|271|301|442|298|326|176|377|149|296|193|334|273|183|346|144|215|159|324|300|198|255|315|161|291|239|410|423|462|468|338|447|357|387|331|381|370|299|339|262|
2012-06-08|6|1_CTs|CT14||12|1|21|16|11|12|12|6|6|12|11|6|3|2|5|0|2|5|2|1|3|7|13|14|17|17|20|25|39|31|54|62|80|107|83|86|105|96|103|122|103|117|102|85|94|76|81|84|92|106|114|88|95|97|98|97|85|94|105|120|106|119|117|112|137|129|124|139|141|157|154|163|143|165|142|141|154|143|163|134|121|97|86|86|78|69|57|59|38|48|56|49|44|37|45|38|
2012-06-08|6|1_CTs|CT15||9|1|8|6|12|10|7|4|1|2|1|1|1|2|4|7|3|4|5|3|16|14|16|14|21|26|24|32|34|68|90|109|170|127|155|158|109|108|92|99|79|80|68|78|76|73|84|60|79|93|82|85|73|66|67|72|71|69|84|75|80|85|75|75|89|81|71|78|82|79|82|84|94|83|76|67|62|48|54|57|59|58|43|50|30|31|17|33|25|27|30|24|30|18|21|26|
2012-06-08|6|1_CTs|CT16||16|5|20|13|16|23|12|11|10|10|6|8|5|4|1|7|8|7|1|9|9|10|15|23|23|41|36|60|71|90|147|209|266|281|245|251|216|191|196|199|187|189|159|190|187|177|175|169|207|174|181|182|186|195|149|179|173|144|167|212|181|185|192|185|152|198|215|183|187|193|228|196|166|225|195|176|155|155|134|162|151|116|128|131|136|105|82|96|78|71|70|69|58|61|71|56|
2012-06-08|6|1_CTs|CT17||9|1|15|13|12|16|7|5|4|7|2|5|5|0|2|1|4|3|4|0|7|3|3|1|5|7|11|12|17|23|32|57|57|96|65|76|93|84|69|67|57|66|69|74|51|59|77|64|66|96|69|76|77|67|71|73|93|75|86|71|82|98|71|80|81|81|83|90|97|101|71|104|95|98|115|110|100|85|79|76|73|82|66|51|55|52|46|40|40|33|26|39|26|29|39|35|
2012-06-08|6|1_CTs|CT18||35|4|27|28|30|35|28|24|15|15|16|16|10|10|6|9|21|9|11|6|10|18|29|28|31|49|56|60|92|132|171|205|301|305|289|300|280|250|257|261|234|226|212|266|224|215|247|214|222|228|466|255|251|221|214|209|209|224|238|264|253|258|255|239|238|204|265|250|259|268|266|251|260|272|259|275|236|202|216|219|188|202|162|159|146|128|139|133|111|119|87|105|107|97|91|72|
2012-06-08|6|1_CTs|CT19||23|3|26|22|30|23|16|13|17|14|17|9|8|7|6|7|10|5|7|2|9|4|8|10|6|13|19|19|41|33|51|91|147|173|131|154|142|131|113|138|142|140|124|134|121|131|151|151|133|144|153|136|167|141|100|118|106|126|139|161|143|142|144|151|143|175|173|182|176|181|181|195|193|200|161|213|155|159|147|136|143|142|109|95|73|97|54|64|69|36|51|62|58|48|60|59|
2012-06-08|6|1_CTs|CT20||14|1|8|11|17|8|9|4|3|4|4|10|5|2|1|2|2|1|6|5|10|14|16|13|21|20|23|32|40|54|76|76|118|127|144|150|141|126|112|112|109|38|84|123|99|40|111|52|44|35|87|119|108|110|65|6|115|103|9|107|51|145|45|68|23|123|52|67|134|134|98|22|16|48|48|81|129|113|62|86|19|74|61|81|62|33|1|24|6|33|44|41|60|44|49|31|
2012-06-08|6|1_CTs|CT23||35|2|30|44|42|34|20|17|19|16|15|24|18|16|5|16|21|13|18|16|14|23|36|32|47|45|60|82|108|164|226|274|319|346|396|311|258|290|266|263|244|220|225|224|197|196|224|223|192|213|215|261|218|197|223|253|259|244|224|246|250|235|250|274|247|259|270|275|277|301|298|278|269|322|274|275|238|217|241|230|213|233|191|169|140|145|131|148|133|123|116|110|118|106|106|98|
2012-06-08|6|1_CTs|CT24||37|7|40|47|62|46|28|27|16|22|20|18|16|4|10|9|13|21|18|17|19|23|30|40|54|45|64|92|95|136|155|234|237|287|282|305|314|298|277|252|265|279|243|257|236|283|249|297|279|250|233|255|254|230|239|246|265|233|276|257|293|294|281|277|296|283|316|332|347|363|387|386|345|415|402|317|343|349|300|310|288|262|222|189|175|194|132|139|134|143|102|102|110|104|114|93|
