2015-12-24|3|1_CTs|ct1||79|57|49|34|44|32|13|269|18|23|15|13|266|15|8|10|8|13|8|7|12|12|9|24|16|23|16|20|280|38|48|63|55|60|85|85|99|86|84|365|106|111|134|114|390|119|155|391|152|144|398|142|150|153|633|358|131|370|374|131|122|133|123|124|394|136|116|103|124|90|121|100|89|110|96|104|352|79|58|70|62|66|44|278|21|22|22|22|283|13|24|32|50|46|58|319|
2015-12-24|3|1_CTs|ct3||114|94|74|47|63|40|22|25|43|31|21|28|28|26|25|13|16|19|15|34|19|30|16|33|33|53|293|296|42|66|61|77|65|85|354|130|115|107|371|123|376|152|406|168|144|158|470|163|188|165|417|421|667|164|169|637|149|142|144|159|135|140|403|388|158|128|394|114|120|365|125|96|375|112|358|105|343|76|74|332|72|59|59|49|37|43|54|52|565|46|58|338|105|72|591|74|
2015-12-24|3|1_CTs|ct5||382|389|455|581|101|86|60|55|59|53|299|28|23|31|26|33|21|23|13|11|20|274|12|21|27|20|40|24|34|33|64|328|76|89|86|325|109|113|383|122|382|405|409|171|416|405|694|438|201|477|688|431|752|198|184|415|447|187|198|454|194|214|235|259|253|282|254|238|243|470|196|205|484|206|699|185|173|166|416|399|122|70|59|40|49|34|295|44|44|300|318|73|67|88|93|89|
2015-12-24|3|1_CTs|ct6||16|16|270|5|9|10|7|9|4|4|3|5|2|4|1|2|14|0|1|1|4|4|6|5|1|6|8|7|5|8|8|11|14|18|22|16|11|25|24|20|27|37|29|38|296|32|45|43|294|38|34|52|45|38|32|37|24|288|36|30|28|35|298|30|44|28|34|38|43|41|31|17|32|27|27|17|22|21|274|270|11|12|5|6|4|2|9|10|7|4|7|5|263|7|11|11|
2015-12-24|3|1_CTs|ct7||364|139|137|339|87|78|79|79|82|58|57|49|37|34|42|29|43|35|20|25|39|23|281|31|30|41|31|34|39|42|307|60|54|68|69|88|345|105|104|105|107|112|130|390|135|127|400|155|418|392|412|148|154|153|137|128|641|656|137|145|150|611|151|143|153|179|171|163|148|146|123|146|116|649|382|117|625|101|356|88|82|64|62|63|57|54|298|58|69|56|59|296|78|327|68|70|
2015-12-24|3|1_CTs|ct8||55|343|72|51|41|39|40|44|51|24|16|24|20|17|17|17|18|15|10|8|12|15|15|13|15|19|14|19|23|17|27|28|31|38|32|312|560|58|68|70|86|64|80|331|81|313|82|99|340|84|80|90|84|89|80|87|336|347|85|99|356|323|341|92|604|102|106|344|92|91|84|75|72|340|84|76|306|54|71|43|47|48|34|33|30|33|281|40|47|32|51|37|42|38|28|39|
2015-12-24|3|1_CTs|ct9||348|604|107|371|105|93|68|302|318|68|70|36|52|55|38|53|34|35|20|27|19|25|31|47|35|38|25|43|42|41|47|66|342|81|87|329|95|110|104|379|116|141|379|151|408|115|406|411|144|414|147|148|134|649|136|360|106|117|146|116|118|160|405|155|421|144|162|160|432|371|131|145|151|151|127|137|135|388|129|390|358|321|63|41|46|280|36|21|299|29|33|309|316|82|74|85|
2015-12-24|3|1_CTs|ct10||81|72|91|68|82|84|83|68|64|72|68|47|46|58|42|38|42|31|36|33|27|37|22|27|22|30|22|41|27|33|37|35|46|50|59|58|63|50|64|88|103|94|106|133|131|132|130|127|141|108|130|143|126|119|116|109|94|101|112|100|111|100|114|142|120|125|130|100|107|88|74|108|81|95|101|87|74|102|86|81|83|63|57|30|33|10|23|25|19|22|22|32|36|49|44|51|
2015-12-24|3|1_CTs|ct13||164|189|224|163|144|154|389|366|132|95|151|110|76|112|60|101|64|75|80|67|79|66|61|60|76|78|100|84|107|103|130|353|141|410|399|170|167|182|197|247|212|719|226|495|267|248|501|253|265|806|793|267|243|503|261|217|259|229|231|488|485|238|285|260|535|287|515|237|230|482|234|249|485|516|469|207|203|211|214|210|282|155|376|80|82|328|62|74|69|76|316|373|100|93|361|111|
2015-12-24|3|1_CTs|ct14||54|45|53|39|39|35|19|17|24|11|22|13|10|16|7|8|8|10|11|13|14|15|17|19|13|27|46|61|320|336|100|346|86|96|609|642|94|109|118|385|120|393|139|136|145|163|149|144|152|158|153|154|134|142|384|376|122|111|681|875|434|172|407|158|889|140|153|143|149|133|391|147|133|138|128|402|126|112|121|389|350|78|66|56|265|284|33|25|287|35|285|44|64|76|93|351|
2015-12-24|3|1_CTs|CT16||78|72|72|352|76|109|70|60|57|53|49|45|40|31|27|41|24|34|12|25|30|21|18|33|29|57|283|41|53|36|40|48|54|68|322|77|85|72|76|89|105|107|101|101|383|106|129|682|131|140|132|159|156|151|107|359|117|132|117|379|134|393|438|151|139|195|233|172|196|374|182|186|167|148|403|100|151|147|129|151|134|120|88|40|53|29|292|21|43|64|38|60|68|60|56|112|
2015-12-24|3|1_CTs|ct18||116|103|112|87|112|99|97|85|74|92|85|54|60|71|44|51|60|39|39|47|34|40|31|39|27|39|35|59|45|56|70|59|82|83|87|102|101|108|103|139|136|139|157|165|146|176|188|187|183|163|185|202|198|168|166|137|133|130|172|152|151|160|163|163|167|171|173|153|138|132|111|146|125|139|129|119|128|126|123|107|101|100|77|56|50|30|38|33|33|31|46|53|65|69|82|79|
2015-12-24|3|1_CTs|ct19||2|0|1|3|0|1|0|0|0|0|1|0|0|0|0|0|0|0|1|1|0|2|2|1|2|0|3|1|2|4|1|3|5|3|3|3|5|3|2|2|3|6|1|3|4|5|4|4|5|5|2|4|5|3|8|3|2|3|2|3|3|1|5|7|3|3|3|2|4|3|1|5|0|3|4|2|3|3|1|2|2|1|1|0|0|0|0|0|0|1|0|0|0|0|0|0|
2015-12-24|3|1_CTs|ct22||5|3|1|7|0|3|2|1|2|2|7|3|0|0|0|0|0|0|3|3|0|3|2|1|3|2|2|1|3|0|1|3|3|8|8|2|4|10|3|8|10|7|15|11|17|8|13|15|13|7|13|10|7|11|11|8|14|5|9|15|10|5|14|12|9|11|9|6|263|13|4|6|8|5|11|14|4|5|9|5|7|3|3|2|3|3|1|0|2|3|2|2|5|3|3|6|
2015-12-24|3|1_CTs|CT23||179|123|373|76|85|81|48|40|37|63|34|30|37|28|15|27|12|19|18|11|25|12|17|24|14|23|262|294|34|57|80|71|407|95|408|128|142|160|135|152|143|205|180|190|490|256|507|563|282|279|548|323|617|303|515|497|524|245|282|515|304|818|274|319|318|295|789|258|289|212|507|302|449|255|241|216|486|162|405|391|390|128|72|63|42|32|19|36|45|312|53|53|65|86|111|633|
2015-12-24|3|1_CTs|ct24||250|215|208|168|155|135|111|96|80|64|81|64|303|53|64|305|50|40|60|71|64|75|83|92|358|408|200|252|1077|367|708|378|367|403|1263|585|695|545|938|762|606|685|942|1179|1209|727|1228|1024|736|729|1238|923|698|935|686|1106|585|1055|851|865|645|703|613|681|864|643|921|585|1126|853|580|549|819|553|1095|621|551|713|754|511|701|775|271|176|371|620|373|128|158|433|190|202|526|591|368|602|
