2013-01-21|7|1_CTs|CT1||14|12|11|3|7|7|8|2|7|3|4|3|2|1|3|2|5|0|3|3|7|2|3|9|14|20|16|20|28|48|78|111|186|190|188|187|192|208|189|188|165|141|129|131|123|123|140|129|114|105|110|128|100|115|112|116|122|116|150|139|120|158|151|135|143|174|152|156|166|172|152|152|153|170|162|163|157|119|108|123|100|92|66|65|60|55|50|47|46|42|43|38|27|32|29|16|
2013-01-21|7|1_CTs|CT2||46|26|20|16|36|16|16|16|6|10|2|6|12|8|4|10|2|2|8|2|8|14|20|18|8|38|31|34|44|88|101|173|329|289|293|277|337|298|329|295|302|139|190|80|195|196|170|206|152|215|210|202|291|134|220|158|128|179|249|247|222|229|243|214|256|252|267|280|297|252|262|245|254|248|168|218|204|236|193|163|165|154|132|139|122|90|64|81|94|100|66|52|74|70|44|44|
2013-01-21|7|1_CTs|CT4||14|12|15|7|11|14|5|10|8|9|6|15|7|11|9|20|1|9|1|6|11|8|3|0|3|1|0|1|2|2|5|3|12|12|20|16|15|9|18|27|12|14|15|16|14|18|15|19|29|28|26|27|13|14|9|21|24|21|23|25|18|16|15|22|24|38|50|46|72|86|69|79|64|62|71|73|37|60|58|46|67|25|44|28|13|26|25|23|22|25|22|26|19|20|24|9|
2013-01-21|7|1_CTs|CT6||22|22|19|16|15|10|12|13|8|3|7|3|10|4|6|6|5|5|2|3|8|7|7|10|10|9|9|13|14|34|57|75|162|172|130|172|146|157|125|119|101|105|119|136|109|108|136|131|119|133|116|126|129|107|114|122|142|142|163|143|145|132|148|180|169|179|215|183|216|220|214|212|224|260|235|194|196|196|165|162|144|118|91|96|97|62|80|70|61|64|51|38|43|46|38|35|
2013-01-21|7|1_CTs|CT7||13|23|15|11|18|8|7|6|7|6|8|6|4|7|4|1|5|5|5|5|10|2|6|11|20|16|24|30|23|48|58|71|96|109|124|126|97|136|121|106|109|94|101|98|114|104|98|88|130|101|104|97|92|64|80|89|111|116|121|139|114|145|126|154|110|119|134|134|146|144|179|148|175|160|160|160|125|131|130|111|109|84|47|64|55|52|45|53|34|44|28|42|33|26|33|31|
2013-01-21|7|1_CTs|CT8||87|70|73|73|48|41|33|30|23|21|21|14|22|11|11|19|22|21|32|33|56|65|66|75|116|78|107|126|177|231|293|438|448|485|471|449|425|439|468|400|347|345|334|311|314|319|301|307|286|287|315|263|316|300|311|291|296|325|349|355|365|333|385|296|327|306|353|384|328|352|411|380|388|394|365|403|357|346|301|259|243|214|224|162|170|164|156|138|146|160|145|114|154|117|82|97|
2013-01-21|7|1_CTs|CT12||33|32|25|20|20|19|16|15|11|14|5|12|6|5|6|8|3|7|6|7|15|9|9|12|13|21|19|22|31|42|55|113|203|216|180|247|203|198|174|176|170|143|159|181|178|187|205|200|176|193|186|198|225|174|170|189|185|202|218|201|219|227|196|224|219|245|285|292|311|278|305|279|328|327|290|269|290|272|266|223|215|194|162|135|136|106|112|77|114|90|73|80|67|64|58|39|
2013-01-21|7|1_CTs|CT13||9|10|8|8|5|1|4|2|2|3|3|1|2|1|0|1|0|2|2|2|2|0|1|5|7|5|8|15|11|20|32|47|37|41|59|57|50|66|57|57|49|40|39|46|37|49|39|41|44|49|46|44|41|37|33|46|49|48|55|59|49|57|61|67|43|49|53|59|68|67|62|70|82|83|71|63|62|58|63|55|64|51|34|35|20|36|27|30|22|29|22|27|14|15|10|8|
2013-01-21|7|1_CTs|CT14||67|82|48|59|61|45|37|34|29|22|21|26|16|17|20|22|24|20|32|30|42|44|60|64|80|68|67|101|105|137|195|256|317|384|385|387|313|378|352|291|308|293|297|302|303|304|298|316|321|379|338|308|302|347|299|290|312|373|381|355|369|368|390|382|391|385|423|455|462|476|522|515|526|530|528|451|427|467|439|399|381|336|273|220|213|176|141|164|169|166|127|133|123|115|114|100|
2013-01-21|7|1_CTs|CT15||10|9|15|12|8|3|10|6|6|1|2|2|5|3|2|4|5|3|3|5|12|9|6|12|10|8|16|6|25|27|30|81|172|161|80|251|226|135|114|98|75|71|76|76|56|60|53|64|68|69|65|78|90|82|56|94|90|106|112|86|105|75|88|132|97|159|211|170|184|171|234|243|144|160|180|136|109|92|94|93|98|88|58|51|55|28|30|43|51|45|24|22|33|22|26|10|
