2017-03-25|3|1_CTs|ct1||47|46|49|288|27|26|24|18|23|16|14|21|12|10|16|6|5|12|4|8|6|13|6|7|8|19|20|25|538|32|31|40|56|44|63|101|64|70|96|110|102|107|107|137|106|112|118|117|360|378|137|143|141|382|390|131|385|118|131|127|120|132|150|415|145|391|120|128|123|150|389|139|122|110|584|130|109|116|128|115|121|107|357|94|93|70|75|71|59|68|74|49|69|78|69|63|
2017-03-25|3|1_CTs|ct3||115|102|108|70|326|71|69|58|51|49|309|43|33|41|34|27|25|40|36|25|28|35|37|35|47|55|43|342|325|73|84|87|122|378|139|150|124|399|160|456|170|180|430|229|198|207|228|195|186|213|464|225|204|448|707|210|201|212|221|205|465|196|469|254|488|487|201|471|212|230|228|452|187|167|667|178|188|194|194|205|435|183|711|179|163|142|179|180|143|178|137|133|141|156|125|155|
2017-03-25|3|1_CTs|ct5||163|441|135|110|109|95|328|69|64|318|65|50|44|26|35|33|38|297|34|37|26|18|24|27|29|21|543|292|37|54|71|77|344|101|120|402|151|160|164|167|166|163|160|435|174|175|196|448|198|246|473|503|235|536|262|209|465|198|222|193|456|453|236|251|275|253|524|261|249|546|274|265|509|256|516|264|281|256|270|243|215|199|177|403|362|117|109|123|111|159|143|163|138|156|167|188|
2017-03-25|3|1_CTs|ct6||19|16|268|8|2|5|8|4|5|1|2|2|1|3|1|5|1|1|1|0|2|1|4|3|9|6|9|8|4|9|15|13|11|12|11|35|16|29|268|280|25|33|25|21|25|33|28|36|35|40|33|39|39|47|41|36|29|33|38|39|49|26|50|40|30|34|32|48|41|49|43|43|41|57|39|45|31|50|53|35|37|24|33|28|18|20|17|29|28|24|31|24|23|22|18|21|
2017-03-25|3|1_CTs|ct7||0|0|0|0|0|0|26|75|80|79|74|59|71|67|54|67|53|57|44|544|267|45|285|34|567|48|38|52|48|50|563|54|57|60|577|86|94|95|350|101|108|106|118|119|112|138|135|136|159|124|150|397|370|424|136|376|135|151|135|137|148|397|168|158|400|426|116|170|132|98|370|391|84|332|356|105|173|181|653|400|146|140|142|364|122|116|117|112|113|361|116|385|108|607|384|373|
2017-03-25|3|1_CTs|ct8||107|74|74|62|311|47|54|41|47|43|34|38|43|30|31|29|33|34|27|262|245|22|261|28|31|32|19|24|30|30|27|27|32|40|311|52|319|317|64|63|68|311|80|76|66|88|81|77|108|83|102|348|320|105|76|100|91|105|353|93|85|110|112|98|337|125|134|123|126|143|368|128|158|124|120|106|113|583|128|106|99|96|86|86|331|77|312|77|78|316|70|76|337|564|78|327|
2017-03-25|3|1_CTs|ct9||155|238|469|390|140|96|106|114|86|339|81|320|63|76|74|71|60|70|53|53|49|49|51|51|55|225|1068|1065|285|449|1143|1257|383|362|1576|2536|777|1610|1809|1141|1241|3625|2971|3297|3410|2581|3406|3415|3272|2539|982|662|3141|2239|1844|2268|553|817|583|3138|3397|2392|2172|2914|1951|3085|716|364|1592|837|1993|865|450|354|627|326|227|203|484|181|462|319|1541|615|135|125|109|125|922|382|108|108|114|395|125|136|
2017-03-25|3|1_CTs|ct10||126|124|92|88|82|93|94|80|102|87|77|68|81|81|79|75|54|61|73|57|49|54|36|32|54|50|49|50|51|40|50|37|46|52|59|76|63|69|78|107|98|101|83|113|112|119|114|121|122|107|135|126|119|154|118|109|118|122|131|120|148|119|135|123|137|134|141|139|158|143|141|169|157|160|179|144|132|137|144|121|121|125|115|125|110|109|101|100|112|104|84|92|96|116|108|115|
2017-03-25|3|1_CTs|ct13||264|260|219|186|178|143|162|150|156|180|142|123|129|167|144|394|140|151|149|129|84|100|84|85|124|97|112|113|138|94|152|122|417|167|186|430|210|187|205|232|193|507|221|231|223|213|235|243|263|764|534|269|534|247|776|271|230|267|257|262|235|303|266|512|251|513|295|230|523|290|283|274|527|232|547|287|244|254|275|275|271|247|278|232|233|227|210|216|219|250|199|226|230|262|234|214|
2017-03-25|3|1_CTs|CT16||136|143|130|124|102|102|102|104|89|107|363|93|53|58|71|70|337|88|61|40|70|48|24|55|40|82|46|36|47|45|64|58|102|45|102|121|97|83|376|130|131|140|130|124|118|384|178|395|408|173|181|166|194|185|193|182|130|149|132|175|139|156|424|152|176|426|428|207|204|199|461|197|216|244|184|194|175|175|166|209|157|168|151|138|133|121|120|132|124|139|112|139|124|138|170|158|
2017-03-25|3|1_CTs|ct22||7|5|3|4|0|3|7|1|5|2|6|0|2|2|2|2|3|5|0|0|3|0|2|8|4|2|4|3|4|2|9|7|3|4|11|9|13|10|20|9|20|13|21|23|18|19|18|22|24|25|19|19|19|25|22|16|20|16|8|16|12|18|19|18|18|17|12|11|280|17|13|19|13|17|16|18|11|10|16|13|14|9|14|18|292|22|16|7|4|8|9|18|9|7|20|8|
2017-03-25|3|1_CTs|CT23||4445|2800|675|951|1607|3229|2961|4376|5883|4922|5082|5084|4888|5819|4675|4482|3164|2014|2595|3332|4351|5086|4767|4473|3725|2608|513|43|18|27|35|34|774|88|52|286|70|291|148|605|158|149|113|132|89|109|128|141|124|389|433|163|441|1443|2064|3116|2525|1906|1675|1266|1306|1325|1617|1956|2155|2408|1937|2471|2362|2022|1142|1102|1543|2370|1387|46|146|65|104|139|177|492|417|470|377|607|195|198|824|308|332|31|20|127|175|159|
2017-03-25|3|1_CTs|ct24||97|90|70|322|41|285|47|34|33|24|27|17|19|26|17|17|16|266|22|22|32|33|48|315|49|68|365|374|370|175|484|269|186|509|561|887|374|411|447|759|396|639|391|387|586|612|388|502|715|388|891|508|436|685|374|375|572|613|408|423|411|461|477|470|501|370|677|412|401|400|640|489|734|738|752|437|419|436|414|721|364|421|619|549|250|472|435|165|178|185|161|165|154|168|125|154|
