2016-07-10|7|1_CTs|CT1||318|48|42|29|44|29|25|18|39|25|17|28|26|19|274|16|20|11|20|13|21|15|13|25|20|18|22|28|277|28|27|547|39|32|36|46|37|32|44|49|49|68|57|71|64|68|316|66|61|338|79|73|72|67|63|53|61|63|74|85|335|79|76|88|82|56|0|0|0|0|40|106|119|127|144|136|131|129|121|76|44|37|29|35|29|21|20|14|20|23|35|63|120|130|151|147|
2016-07-10|7|1_CTs|CT2||116|76|85|43|84|34|41|34|49|24|35|41|21|25|6|23|8|14|19|17|20|22|32|37|43|22|17|27|29|35|45|64|98|124|145|224|161|154|179|228|196|174|274|578|269|236|284|263|438|223|262|511|300|778|789|470|216|152|147|190|192|483|188|82|274|171|0|0|0|0|81|308|621|396|396|403|485|377|397|267|234|150|106|117|148|66|62|56|96|63|80|330|512|488|391|394|
2016-07-10|7|1_CTs|CT4||93|41|38|51|50|53|296|43|29|23|26|25|20|24|31|32|22|22|12|21|11|20|8|12|15|10|2|2|7|0|1|0|2|7|0|0|2|3|7|4|8|7|6|6|9|5|10|12|22|22|15|25|23|15|12|11|8|134|136|18|14|23|28|21|24|20|0|0|0|0|19|80|103|113|82|99|96|72|120|77|47|38|20|18|6|21|6|18|24|11|20|38|64|56|47|36|
2016-07-10|7|1_CTs|CT6||48|40|29|30|31|33|17|31|29|15|17|20|19|15|12|11|13|20|11|10|8|19|13|9|8|8|12|9|11|6|7|9|17|14|21|23|20|289|282|44|301|45|45|41|58|50|326|54|75|56|52|62|56|311|45|50|48|186|193|57|58|45|66|71|91|313|0|0|0|0|27|114|101|114|125|120|149|143|137|101|70|42|31|29|17|20|14|17|14|7|31|76|387|123|144|103|
2016-07-10|7|1_CTs|CT7||33|35|23|26|32|17|25|31|47|16|16|16|18|10|27|10|18|5|30|9|23|16|28|10|7|15|12|17|15|15|271|27|31|27|26|31|22|27|279|38|40|29|62|37|44|39|54|75|84|67|49|62|61|62|66|319|43|50|70|64|82|72|57|87|72|44|0|0|0|0|27|96|87|113|110|99|113|145|110|82|60|36|21|31|34|25|31|26|32|16|22|59|124|106|120|108|
2016-07-10|7|1_CTs|CT8||128|126|126|96|78|83|59|58|44|64|51|67|47|535|46|294|53|72|574|82|67|75|89|114|338|370|110|108|116|146|919|132|136|152|404|203|135|170|443|165|448|193|228|976|202|187|204|466|260|237|244|276|243|240|262|172|209|484|208|234|503|287|246|520|300|202|0|0|0|0|90|416|415|414|447|460|497|459|408|583|234|166|119|125|113|87|75|79|87|79|86|167|495|324|329|345|
2016-07-10|7|1_CTs|CT12||316|561|41|41|44|43|271|37|41|28|25|38|29|22|278|20|8|281|21|18|16|20|17|9|11|17|12|16|8|11|22|16|30|25|28|49|37|55|58|67|84|54|87|338|70|102|92|92|108|95|91|353|84|357|78|83|93|113|83|93|114|352|86|116|111|70|0|0|0|0|52|139|150|132|159|185|169|190|139|100|68|44|30|31|32|20|18|17|33|22|57|97|224|250|240|230|
2016-07-10|7|1_CTs|CT13||15|18|7|10|14|10|5|10|8|9|5|8|3|5|0|1|5|5|8|4|5|6|4|5|1|7|3|6|6|5|10|7|11|8|9|12|7|8|7|13|16|13|283|14|12|11|17|23|23|28|19|25|25|19|25|21|22|25|17|29|38|34|31|44|25|19|0|0|0|0|8|40|46|59|83|67|73|75|48|41|24|13|12|4|11|9|10|6|9|8|6|14|27|43|44|25|
2016-07-10|7|1_CTs|CT14||411|382|126|147|116|91|104|364|116|341|82|104|65|63|84|72|84|68|88|82|348|71|107|107|93|99|86|106|108|129|113|138|143|153|407|159|159|168|178|197|680|437|258|230|227|242|774|528|528|283|275|518|274|257|216|189|235|172|233|221|231|231|526|537|263|183|0|0|0|0|93|310|347|322|304|320|288|557|260|215|161|134|96|117|135|84|68|71|93|62|100|200|366|400|328|364|
2016-07-10|7|1_CTs|CT15||43|35|24|24|35|32|22|24|27|11|17|13|17|13|16|14|6|12|11|4|10|4|10|5|8|6|15|8|7|7|11|14|18|18|24|21|15|24|23|34|43|40|33|33|44|32|47|30|29|43|52|58|52|50|40|42|42|56|48|40|309|39|37|45|47|28|0|0|0|0|23|70|91|91|95|111|95|127|101|66|96|73|37|26|26|20|21|22|26|21|40|122|139|124|146|90|
