2013-03-12|22|1_CTs|CT1||14|10|10|5|7|11|0|5|6|1|3|1|2|6|6|4|2|2|2|8|10|6|9|22|14|26|31|35|43|56|81|144|197|202|200|213|185|191|159|140|92|89|71|90|79|61|91|56|66|56|76|76|86|67|82|81|76|99|92|77|77|76|68|77|61|91|89|102|93|106|115|100|89|138|137|161|139|164|127|76|60|54|52|39|37|40|26|30|27|19|35|18|15|12|12|14|
2013-03-12|22|1_CTs|CT2||1050|1014|541|762|1279|366|265|702|921|412|293|342|551|468|448|627|1367|560|531|895|528|548|722|1102|426|454|612|554|567|632|359|741|813|692|780|867|784|762|557|590|544|436|461|391|466|610|521|458|643|329|331|339|549|342|146|47|47|48|43|40|37|43|35|40|41|47|42|45|42|49|41|43|52|53|60|76|81|72|64|39|30|26|26|24|22|21|17|15|24|11|19|8|22|14|16|16|
2013-03-12|22|1_CTs|CT3||41|29|26|29|8|18|12|14|16|8|3|6|7|8|4|5|5|0|6|7|14|12|16|30|38|33|48|71|86|113|169|301|370|352|431|430|392|413|373|292|231|217|219|191|181|194|190|171|165|168|191|219|215|216|201|246|235|223|232|215|198|228|208|206|227|240|256|269|256|282|321|337|312|316|308|357|339|340|288|212|179|173|162|136|125|107|89|94|102|83|89|66|80|59|65|58|
2013-03-12|22|1_CTs|CT4||21|25|16|19|10|8|9|6|7|8|8|9|4|5|5|5|9|3|5|4|8|11|11|20|22|37|31|42|55|75|77|141|189|194|184|181|204|209|210|188|181|149|153|140|138|143|141|153|144|138|151|158|150|141|150|152|115|152|158|154|146|159|168|152|176|189|189|222|207|237|225|214|220|230|239|229|209|183|189|195|167|156|114|97|116|85|81|71|46|67|75|52|51|36|34|43|
2013-03-12|22|1_CTs|CT5||24|26|26|22|10|12|12|8|11|6|4|8|5|6|4|6|11|5|6|7|11|15|13|29|24|31|38|59|59|92|101|176|248|300|246|274|333|302|301|250|217|194|168|188|138|176|171|177|149|159|175|184|171|189|149|178|150|181|182|199|192|169|172|186|184|204|238|257|254|279|287|280|260|283|273|293|269|233|224|224|186|169|139|112|122|97|92|67|74|75|74|60|53|38|33|45|
2013-03-12|22|1_CTs|CT6||26|15|16|18|9|7|10|3|8|6|8|5|2|4|4|3|10|4|6|3|9|10|14|18|10|37|23|32|36|52|53|77|83|105|97|133|130|145|115|93|108|83|85|101|97|80|91|96|88|117|93|91|92|96|82|93|102|91|92|105|119|102|92|118|113|99|120|128|149|164|156|172|155|164|160|169|162|149|135|130|117|107|97|81|78|64|64|47|51|59|57|42|30|26|26|26|
2013-03-12|22|1_CTs|CT7||7|3|2|3|2|2|0|1|0|0|1|0|1|2|0|4|0|4|0|1|1|1|1|2|3|5|5|6|6|12|12|23|36|34|42|41|34|36|45|38|23|27|22|23|18|20|25|23|20|20|19|18|21|18|15|29|18|26|27|34|21|24|16|23|19|28|30|29|26|32|33|39|28|47|33|31|29|27|18|17|17|11|15|10|6|16|9|10|7|10|7|5|7|2|9|5|
2013-03-12|22|1_CTs|CT8||23|9|8|10|5|5|10|8|5|4|4|1|2|0|0|2|0|1|6|1|1|0|3|1|2|5|5|10|15|24|37|44|88|84|87|110|90|77|88|75|75|80|77|79|55|65|70|71|64|68|75|77|77|75|76|67|67|86|83|78|90|73|92|90|80|83|81|97|91|104|113|125|127|98|81|106|115|91|96|89|79|73|71|57|62|37|47|37|45|38|20|28|24|22|28|30|
2013-03-12|22|1_CTs|CT9||22|31|18|10|7|11|6|11|8|8|2|7|3|8|3|4|6|5|7|9|13|14|18|24|35|35|54|84|99|136|203|367|367|296|374|330|344|354|300|323|242|233|191|189|164|185|173|174|168|166|201|199|206|197|156|207|193|173|209|202|207|225|197|196|193|217|248|233|236|228|247|220|241|208|188|182|168|165|162|152|153|123|127|113|82|99|65|62|81|68|58|16|53|56|40|41|
2013-03-12|22|1_CTs|CT10||0|1|0|1|0|3|2|2|0|0|0|1|0|0|1|0|0|1|1|1|2|2|3|2|4|10|6|15|2|4|5|6|47|24|12|17|23|17|16|12|5|5|1|15|6|4|4|4|2|1|4|3|3|8|3|6|3|4|2|7|5|6|3|8|2|6|5|7|9|4|4|6|3|5|5|6|2|4|2|3|1|1|2|1|1|1|0|0|0|1|1|12|12|7|0|2|
