2013-04-17|3|1_CTs|ct1||54|27|28|22|18|23|9|14|6|10|10|4|4|5|3|6|4|1|7|11|6|5|14|11|16|29|36|38|61|75|138|179|238|218|234|253|225|236|208|202|170|169|190|173|150|166|152|162|143|184|175|210|186|167|149|165|174|180|187|184|246|225|173|178|173|186|178|194|173|222|208|201|218|217|212|209|231|206|204|199|214|156|159|142|125|126|94|95|89|89|93|71|57|69|70|64|
2013-04-17|3|1_CTs|ct3||86|62|47|49|21|42|28|23|18|18|19|8|8|7|8|23|15|14|16|23|10|29|30|35|38|43|43|79|69|89|131|184|249|248|277|285|273|269|255|271|268|205|254|249|219|261|205|256|218|232|245|285|322|256|230|226|230|251|257|242|227|272|242|240|230|242|231|211|195|184|192|214|181|215|165|195|223|209|193|206|165|228|192|184|185|157|123|112|107|118|109|90|96|157|191|119|
2013-04-17|3|1_CTs|ct5||121|75|66|58|44|36|38|46|31|32|28|19|16|13|11|16|7|14|25|12|9|9|16|14|16|18|26|27|43|54|117|140|194|211|239|229|202|237|191|206|173|184|158|188|186|186|185|201|224|214|237|235|229|193|183|199|192|187|229|226|242|248|227|252|255|217|263|224|286|292|283|278|292|275|256|316|267|295|293|258|261|274|240|208|160|162|162|157|135|143|161|121|153|210|219|152|
2013-04-17|3|1_CTs|ct6||13|4|8|2|4|5|2|1|1|1|1|1|2|1|1|2|1|0|0|1|3|0|3|3|1|12|17|16|26|26|36|58|84|71|74|74|88|76|67|50|79|84|39|53|72|56|47|69|63|54|55|65|68|59|47|50|55|58|74|62|64|82|46|55|83|77|68|72|69|63|63|79|72|79|79|81|66|62|50|48|50|32|40|32|34|37|31|21|20|46|62|50|37|21|18|11|
2013-04-17|3|1_CTs|ct7||104|77|99|81|59|59|49|52|47|33|34|30|25|24|23|21|20|20|27|15|19|18|22|31|32|40|31|39|42|37|91|108|115|126|149|144|161|151|151|137|127|154|174|167|165|182|172|189|191|206|198|181|186|171|148|163|166|152|192|188|193|195|191|216|203|181|206|191|186|181|176|188|181|188|159|166|201|168|172|162|172|174|149|148|131|124|109|112|98|121|119|109|124|131|121|106|
2013-04-17|3|1_CTs|ct9||67|99|55|55|57|42|48|31|31|34|26|14|26|24|21|25|26|34|21|26|17|16|28|26|23|24|47|34|58|84|96|154|202|241|247|226|239|244|248|223|210|185|205|220|162|175|162|173|155|170|200|144|137|145|165|146|128|183|180|178|214|183|185|180|164|172|183|227|234|147|184|173|175|90|103|131|240|194|215|166|208|174|153|120|120|90|119|121|89|93|106|111|101|93|89|84|
2013-04-17|3|1_CTs|ct10||64|67|60|68|51|46|32|36|48|22|21|18|17|15|13|7|15|13|17|18|16|15|15|18|17|21|28|33|30|54|70|107|144|144|168|166|160|172|153|171|144|124|131|120|111|145|130|123|131|137|131|133|142|133|141|134|129|135|138|145|138|120|140|55|60|144|151|173|156|147|164|169|150|166|169|153|152|158|145|126|170|140|120|131|116|110|110|91|92|102|112|89|97|83|92|101|
2013-04-17|3|1_CTs|CT11||207|174|151|160|108|88|116|89|162|80|45|50|30|30|500|148|323|187|186|1777|2155|2389|2517|2531|2221|1850|702|519|1081|1137|1353|1231|1391|782|1439|390|383|373|366|361|326|379|403|369|420|380|391|475|455|421|454|409|435|393|320|383|347|401|375|399|387|402|333|380|398|394|458|374|432|426|424|409|388|379|390|421|536|338|381|466|381|607|996|1132|960|923|976|1111|983|892|1038|1309|1002|968|824|248|
2013-04-17|3|1_CTs|CT12||47|41|39|33|36|26|18|21|18|25|17|13|8|22|17|6|12|7|11|7|13|12|8|11|7|14|8|14|17|9|22|36|52|35|74|70|94|70|68|97|72|107|95|82|107|105|109|102|113|105|124|118|112|105|82|69|77|110|122|115|128|156|133|144|150|141|145|160|151|125|127|146|165|124|132|160|127|117|112|110|104|108|79|69|61|63|61|58|46|54|52|49|44|57|53|45|
2013-04-17|3|1_CTs|ct13||194|214|292|188|150|135|149|192|81|104|96|58|54|48|39|36|58|36|77|38|62|63|54|70|78|56|107|79|104|131|136|206|222|249|319|535|217|306|380|158|220|165|262|212|376|182|162|246|186|197|330|428|572|229|939|1017|1945|443|249|266|821|231|281|274|519|254|219|198|189|202|228|476|1211|194|228|355|375|307|787|314|316|272|233|260|239|248|257|228|210|270|244|220|232|197|208|190|
2013-04-17|3|1_CTs|ct14||27|36|21|21|20|19|8|8|7|9|4|7|4|4|7|4|1|6|4|8|11|8|10|13|24|38|59|113|187|240|285|290|283|287|311|290|304|300|289|299|272|281|226|226|183|187|186|160|177|175|158|168|172|173|177|160|184|194|190|204|188|185|193|176|147|142|159|190|187|203|216|222|250|250|261|225|202|239|183|227|196|168|137|123|120|117|101|84|87|19|0|0|26|58|72|61|
2013-04-17|3|1_CTs|CT16||94|78|49|62|67|46|23|35|26|32|22|13|27|34|31|37|18|17|16|24|21|29|13|23|20|24|27|37|36|67|76|116|136|152|154|157|158|183|156|170|172|163|176|166|127|179|180|147|149|197|150|135|159|137|197|134|183|190|170|166|203|207|165|141|156|178|179|199|243|210|221|215|241|240|229|297|226|203|175|195|203|166|127|135|123|82|127|74|104|81|116|107|103|88|82|78|
2013-04-17|3|1_CTs|ct17||65|63|45|43|43|41|21|24|25|20|20|8|11|9|12|6|14|12|10|16|10|12|20|20|19|22|34|48|41|84|112|232|292|299|303|208|337|342|230|254|238|202|212|204|187|211|191|171|190|192|207|217|218|189|199|185|205|210|215|258|219|227|231|122|58|232|232|251|250|273|227|227|253|157|203|214|244|215|194|204|216|174|157|170|159|154|120|112|109|107|131|94|107|97|78|100|
2013-04-17|3|1_CTs|ct18||94|88|77|82|60|64|39|44|58|30|25|19|28|16|16|13|20|27|24|27|19|20|21|25|26|36|51|52|55|102|123|188|218|244|281|241|262|241|230|228|216|217|165|206|173|204|163|148|177|182|159|190|184|178|195|200|175|178|210|213|183|228|200|50|86|195|219|231|178|196|163|215|167|193|212|206|198|198|220|178|213|181|157|156|162|155|142|130|119|133|147|125|144|107|115|133|
2013-04-17|3|1_CTs|ct19||1|3|0|1|1|0|0|0|0|0|0|0|0|0|0|0|0|0|0|0|0|0|2|4|6|8|5|12|8|8|7|2|8|4|12|8|6|7|9|6|5|3|8|5|9|5|6|6|3|6|7|9|4|5|5|6|8|9|5|6|6|3|8|1|8|8|5|5|11|3|6|10|4|7|7|5|8|4|11|8|6|6|4|5|5|6|4|2|1|2|1|3|1|1|0|2|
2013-04-17|3|1_CTs|ct22||6|7|4|5|0|1|2|3|2|0|1|1|0|2|1|1|4|2|1|1|2|1|1|0|3|2|1|3|7|9|14|16|16|15|18|15|17|18|35|24|25|27|23|25|18|32|22|23|24|19|30|27|27|21|18|27|19|27|33|28|21|34|26|27|34|39|30|39|51|52|31|43|54|3|57|50|36|32|45|35|32|22|23|18|15|17|14|4|11|5|6|5|6|5|12|7|
2013-04-17|3|1_CTs|CT23||112|94|71|49|63|52|30|43|25|29|14|13|16|22|10|10|5|8|6|14|7|10|17|14|14|22|29|39|42|53|136|201|256|270|279|325|295|296|250|249|182|218|195|204|232|223|213|206|202|258|227|290|274|251|210|249|268|229|264|214|238|223|254|288|272|293|332|305|369|430|424|388|459|456|460|456|445|433|414|395|385|341|303|271|271|209|175|223|213|180|169|184|135|40|4|4|
2013-04-17|3|1_CTs|ct24||137|133|114|86|58|61|47|38|33|23|17|26|23|20|35|21|26|30|31|53|48|56|77|102|122|150|299|456|654|895|1002|992|961|919|968|878|906|820|963|952|911|961|942|892|838|847|739|778|714|734|756|817|745|728|777|720|736|804|865|844|827|805|763|744|683|733|780|784|757|784|841|929|948|870|966|823|823|839|685|774|803|656|584|592|505|458|395|324|348|337|351|333|294|282|249|194|
