2013-06-21|2|1_CTs|ct1||102|72|62|55|30|35|33|29|18|23|20|16|15|15|8|16|6|9|14|18|14|20|14|25|28|24|24|61|68|83|118|131|149|180|178|174|170|193|188|204|199|198|192|208|213|219|184|226|202|228|202|216|203|196|194|177|160|179|212|215|202|214|191|204|195|203|189|170|161|136|157|152|185|173|162|165|185|204|202|179|183|190|188|164|186|184|161|159|171|171|171|189|167|181|149|163|
2013-06-21|2|1_CTs|ct2||97|55|50|39|49|31|34|31|27|31|24|11|13|17|16|15|14|16|19|15|20|25|19|24|21|24|26|35|43|42|61|65|71|97|106|120|94|108|132|120|142|145|147|122|134|132|133|141|128|142|133|138|139|107|118|124|106|117|115|118|143|152|120|138|126|126|144|140|158|160|148|145|161|142|123|96|123|131|120|131|156|111|164|131|158|170|166|167|158|154|104|110|112|113|106|104|
2013-06-21|2|1_CTs|ct3||126|109|69|71|50|55|54|52|40|42|37|26|26|21|22|26|19|19|22|24|29|28|30|32|42|44|49|62|70|78|108|124|133|181|138|158|163|185|193|184|189|197|200|229|209|202|184|204|199|223|195|206|221|198|176|206|164|181|185|206|223|198|201|184|187|234|212|206|200|206|192|179|233|211|193|198|212|217|232|234|240|223|244|234|239|233|230|283|233|222|191|163|184|183|141|175|
2013-06-21|2|1_CTs|ct4||72|55|58|48|34|30|39|21|27|26|28|11|16|17|29|18|21|15|15|14|12|20|22|24|33|35|34|38|40|52|52|81|107|111|129|120|130|126|120|123|140|146|123|135|135|136|132|137|150|137|145|129|152|137|122|108|119|150|149|120|116|147|140|150|121|141|142|115|142|129|111|122|129|130|109|86|107|103|106|111|115|117|132|103|97|102|107|112|117|125|147|146|113|122|100|105|
2013-06-21|2|1_CTs|ct5||129|103|97|84|77|58|55|42|46|38|38|27|20|23|31|24|24|22|21|21|15|30|24|30|26|30|41|41|38|58|96|108|132|149|192|193|155|165|184|184|196|189|175|171|170|197|179|226|221|220|201|235|224|183|199|176|183|211|198|192|218|223|223|219|201|223|231|192|250|199|184|208|181|203|187|174|158|162|188|180|167|141|175|168|145|151|150|145|166|198|225|209|202|225|174|168|
2013-06-21|2|1_CTs|ct6||93|93|74|74|64|47|49|50|38|39|28|16|21|15|25|22|23|21|19|18|18|24|19|29|31|32|31|30|35|41|66|85|104|95|115|108|114|97|113|113|141|145|142|124|143|153|137|148|145|162|137|144|161|136|138|123|145|164|158|158|156|175|174|167|149|162|165|165|163|179|162|138|150|155|123|128|136|144|132|143|124|118|146|106|129|109|122|122|119|151|176|207|175|187|141|158|
2013-06-21|2|1_CTs|ct17||115|98|81|52|49|51|42|32|33|38|28|28|20|22|16|20|15|13|17|14|19|23|22|22|22|32|37|42|48|73|93|109|117|156|151|157|157|187|185|198|197|208|211|229|189|200|188|191|206|200|196|210|193|194|196|189|150|177|198|184|195|202|195|192|187|203|218|202|219|206|199|182|209|227|228|205|217|221|246|233|237|258|214|215|246|231|221|248|237|206|168|191|186|188|154|161|
2013-06-21|2|1_CTs|CT19||62|42|44|35|21|16|21|18|16|17|14|8|7|10|8|8|3|7|7|9|10|13|10|10|10|13|21|24|34|41|41|78|70|88|83|88|96|114|112|119|127|114|117|123|110|106|125|117|149|112|112|119|129|91|123|114|106|104|113|118|118|108|144|128|104|140|131|128|130|128|143|136|148|134|141|128|161|141|137|141|148|157|130|113|143|116|110|129|131|64|50|44|53|82|88|101|
2013-06-21|2|1_CTs|CT20||52|53|59|50|32|41|41|29|28|27|28|21|19|16|12|11|10|9|12|10|12|10|7|11|19|17|25|23|32|25|36|47|74|72|76|84|95|89|89|82|79|88|71|79|79|74|87|85|68|70|75|59|76|75|90|72|55|81|91|73|88|79|83|62|78|68|81|74|80|77|87|74|70|73|77|89|85|78|93|91|77|89|89|82|78|87|101|82|84|66|83|81|73|77|81|87|
2013-06-21|2|1_CTs|CT21||42|25|31|25|23|20|17|14|10|14|15|8|7|7|5|5|3|5|2|6|4|4|3|4|11|6|11|12|18|11|22|27|49|47|49|56|61|62|42|47|46|52|43|63|49|51|53|47|50|47|47|45|40|48|46|39|47|45|57|42|45|41|47|47|51|47|52|51|38|49|33|48|44|41|41|44|51|42|45|51|55|57|62|54|54|64|64|58|56|67|53|45|37|48|50|52|
