2015-11-03|6|1_CTs|CT1||1|1|0|1|0|0|0|2|0|0|0|1|0|0|0|2|0|1|2|1|2|0|1|0|2|0|1|3|4|2|24|58|153|635|312|64|51|45|29|13|6|7|8|4|9|11|7|7|9|9|5|8|9|8|6|5|8|16|8|4|9|9|8|8|3|6|11|10|7|13|11|8|5|13|11|5|4|273|4|6|2|1|3|4|1|2|0|0|0|3|1|1|2|1|1|1|
2015-11-03|6|1_CTs|CT3||21|14|7|11|6|3|4|1|2|6|1|1|4|6|2|3|0|2|5|10|22|23|26|30|26|249|254|66|42|51|60|70|94|88|364|98|322|69|71|53|43|61|37|43|33|40|38|49|186|134|41|55|46|38|54|43|39|41|58|56|39|40|44|51|246|37|268|53|45|302|58|65|49|54|297|46|58|252|71|199|245|16|20|9|18|21|20|229|15|16|12|230|16|15|15|8|
2015-11-03|6|1_CTs|CT4||8|6|7|2|0|1|2|2|1|2|2|1|0|1|0|2|1|1|2|1|0|3|1|0|3|0|0|4|6|7|8|26|308|44|8|28|33|31|28|250|23|26|24|29|22|26|17|22|23|37|27|35|33|38|30|286|24|33|24|31|34|23|30|32|34|36|43|38|299|38|41|37|61|54|54|65|300|51|45|785|294|301|26|22|276|14|1|244|6|3|5|7|18|13|11|9|
2015-11-03|6|1_CTs|CT5||19|9|10|9|9|5|9|0|3|7|8|259|8|4|4|0|4|4|8|3|6|8|6|14|7|12|18|16|30|32|34|47|63|104|105|137|124|123|137|577|347|332|81|290|88|302|82|59|55|68|67|66|76|74|65|67|81|64|89|334|77|61|85|69|76|70|72|63|82|95|82|338|75|102|125|115|351|52|62|60|297|301|42|36|30|33|272|254|29|38|286|25|22|16|23|22|
2015-11-03|6|1_CTs|CT6||270|28|7|6|7|9|8|4|3|3|2|1|5|2|4|1|1|8|4|9|9|13|9|13|27|18|266|20|31|50|327|96|114|145|368|129|343|125|95|101|110|77|309|83|326|83|79|82|346|287|71|319|341|87|78|269|309|109|93|78|0|0|0|0|0|0|0|0|0|0|0|0|0|0|0|0|0|0|0|0|0|0|0|0|0|0|0|0|0|0|0|0|0|0|0|0|
2015-11-03|6|1_CTs|CT7||6|5|4|0|4|3|3|1|0|1|2|0|2|0|1|3|0|2|4|2|5|2|3|3|5|5|10|9|17|18|28|37|51|272|315|302|43|299|46|283|27|21|27|29|17|25|274|28|190|367|27|30|34|24|27|30|24|24|22|44|28|31|31|26|34|32|29|24|32|44|40|35|39|292|34|29|29|30|28|287|22|17|11|16|12|12|12|8|15|10|6|9|10|8|11|3|
2015-11-03|6|1_CTs|CT8||44|43|15|15|18|11|15|14|5|13|7|235|9|11|7|6|8|3|9|6|9|12|23|25|19|30|39|271|79|108|384|387|370|374|630|157|143|372|137|314|340|583|604|333|129|380|139|776|317|388|130|152|120|358|561|149|398|153|154|403|137|147|373|131|384|134|367|157|158|638|165|400|185|175|164|181|577|177|352|1001|381|99|96|300|265|69|66|229|268|77|51|64|70|55|346|673|
2015-11-03|6|1_CTs|CT9||44|35|275|16|13|22|11|5|8|7|17|7|6|5|7|2|10|5|4|8|8|22|27|34|34|54|55|64|82|135|506|642|339|896|391|666|363|853|332|508|214|199|187|189|179|195|269|336|195|449|202|191|184|223|411|207|438|226|494|468|448|181|199|202|194|483|225|251|265|297|343|362|307|844|623|638|496|253|466|691|139|150|142|91|367|102|87|100|89|97|342|333|75|76|49|308|
2015-11-03|6|1_CTs|CT10||35|18|17|12|15|11|5|3|9|6|2|8|5|5|3|5|5|250|5|4|4|9|17|21|30|28|297|518|51|60|125|408|420|368|420|432|187|436|184|473|402|409|145|144|401|154|140|401|143|382|171|133|435|150|402|140|154|160|162|145|414|168|430|155|174|209|438|204|201|237|463|489|730|493|453|556|550|685|710|227|144|631|359|353|333|74|71|102|123|333|80|46|33|51|47|28|
2015-11-03|6|1_CTs|CT11||29|26|25|10|10|10|10|9|7|4|9|2|260|2|4|7|2|2|10|7|9|14|11|32|279|287|52|566|117|167|299|352|500|465|793|295|292|290|264|511|230|461|450|206|202|425|436|433|351|285|166|207|426|191|168|448|196|201|196|426|199|187|197|181|181|201|223|226|472|456|730|195|188|431|434|196|162|150|197|599|115|109|358|75|581|315|61|81|88|62|299|67|296|43|47|33|
2015-11-03|6|1_CTs|CT12||38|25|32|16|12|9|5|9|10|7|5|5|4|6|4|7|3|10|7|6|6|11|20|22|24|29|297|48|68|91|666|240|526|351|538|574|319|785|245|501|209|453|176|443|193|182|185|181|360|270|183|179|456|207|435|195|188|202|450|469|205|191|194|163|248|498|766|293|1043|340|542|531|728|199|395|158|399|164|190|512|671|659|133|130|87|346|78|92|126|98|595|68|70|63|60|37|
2015-11-03|6|1_CTs|CT15||32|23|17|261|11|7|12|5|4|5|10|4|10|6|6|4|247|8|11|15|26|279|37|34|36|54|63|63|84|89|409|198|228|698|501|512|233|218|186|142|131|119|94|356|106|110|106|118|359|347|109|378|138|317|117|106|365|622|114|347|100|357|111|110|110|372|113|123|115|195|484|463|198|225|242|199|140|363|112|71|91|71|311|63|566|48|66|304|300|45|298|298|35|39|34|25|
2015-11-03|6|1_CTs|CT16||27|28|30|12|15|13|15|7|10|8|10|6|8|4|5|7|4|5|10|3|13|11|8|25|24|24|310|307|108|106|232|275|323|306|589|568|569|303|287|259|463|452|206|214|456|431|181|435|192|426|177|457|436|461|437|452|435|208|188|465|204|224|221|203|197|245|221|232|472|253|223|233|209|761|748|434|707|447|195|449|152|635|105|88|326|77|94|576|98|71|66|68|290|57|57|35|
2015-11-03|6|1_CTs|CT17||22|27|20|17|10|15|6|8|12|5|7|7|5|8|4|2|6|6|2|1|2|7|6|6|12|13|12|17|24|302|69|107|168|207|386|180|420|374|135|124|114|123|377|118|120|132|111|377|163|402|125|126|388|159|121|157|131|145|148|152|130|161|120|151|181|166|184|202|717|178|485|461|414|430|166|142|151|167|152|151|122|141|360|89|324|76|327|71|74|80|315|62|74|116|486|287|
2015-11-03|6|1_CTs|CT18||46|295|37|24|30|19|787|8|11|16|18|267|15|11|12|6|9|12|17|12|17|274|18|31|289|279|57|75|105|131|220|282|320|593|502|201|193|416|209|271|253|764|255|223|255|447|243|204|198|242|230|237|476|231|708|208|247|209|260|506|243|272|261|266|254|242|309|266|526|573|298|567|287|301|430|532|259|259|251|237|187|945|140|122|122|368|343|125|121|359|595|106|299|71|73|58|
2015-11-03|6|1_CTs|CT19||30|27|20|14|11|15|10|11|5|6|14|5|8|4|5|6|8|1|2|243|3|6|3|5|9|9|13|17|32|52|268|113|722|168|441|953|442|415|160|125|388|128|139|116|381|125|119|128|389|405|411|158|385|386|107|139|125|145|150|153|129|147|138|148|148|174|422|205|464|191|242|522|460|256|505|267|221|192|355|195|138|139|353|96|339|315|84|78|77|78|76|329|320|571|50|39|
2015-11-03|6|1_CTs|CT20||13|14|5|8|9|9|8|4|5|3|5|1|4|4|8|5|3|2|261|0|7|4|11|12|22|22|24|25|49|55|60|74|136|10|62|687|176|142|387|100|53|20|55|357|143|143|388|122|121|380|102|69|66|132|56|60|130|127|65|6|134|11|100|383|114|120|133|143|137|416|161|377|19|145|76|100|64|52|103|303|37|4|64|52|314|279|39|51|54|13|40|537|27|32|36|277|
2015-11-03|6|1_CTs|CT21||60|54|49|32|37|23|23|11|9|11|9|214|14|18|12|10|254|18|33|40|44|297|60|67|73|302|319|329|153|205|258|301|754|519|309|506|307|495|286|246|406|700|206|220|392|209|209|417|562|416|459|423|184|178|162|200|431|407|226|445|197|203|206|204|212|186|453|452|216|480|718|233|859|480|243|232|208|395|166|598|154|137|142|104|294|98|87|284|329|102|75|315|288|93|317|67|
2015-11-03|6|1_CTs|CT22||73|90|59|54|45|35|26|28|187|20|17|18|32|17|17|16|14|248|38|43|58|61|74|77|73|72|67|291|93|361|160|442|425|517|504|817|249|269|242|418|433|196|217|466|441|230|228|237|448|231|266|221|235|209|596|414|415|231|219|690|246|240|254|499|287|257|292|306|834|582|406|370|359|738|811|345|342|337|428|496|199|211|173|154|353|373|92|118|122|321|139|123|326|127|106|77|
2015-11-03|6|1_CTs|CT23||71|311|35|26|32|26|19|240|11|16|12|12|12|15|8|8|13|8|10|12|22|19|34|44|292|44|298|82|111|142|477|309|539|544|355|543|303|772|278|279|212|408|227|213|428|202|205|215|329|273|230|224|196|183|192|214|235|237|442|471|230|244|436|241|211|238|476|269|276|332|495|319|304|271|300|543|263|473|245|816|448|395|147|373|334|111|103|105|335|358|73|360|77|103|83|56|
2015-11-03|6|1_CTs|CT24||55|38|281|16|28|27|21|13|11|13|9|13|8|16|12|8|10|12|12|24|14|27|30|27|38|36|59|70|109|347|185|424|497|551|520|519|302|932|291|481|486|216|227|471|235|463|236|450|474|429|467|224|493|437|463|196|254|242|475|245|273|258|274|266|500|689|300|303|781|561|353|363|323|566|1047|524|334|350|322|467|224|221|160|174|140|456|112|139|157|122|99|730|299|78|67|49|
