2013-12-09|2|1_CTs|ct1||32|47|27|25|19|14|17|11|9|5|8|6|3|6|11|7|12|13|11|15|18|19|32|34|39|40|42|75|77|81|108|111|144|159|166|181|193|164|176|188|199|181|192|201|200|177|204|169|175|208|198|199|178|192|149|154|175|184|189|180|193|204|196|178|191|159|181|166|151|156|172|153|153|129|120|122|148|116|146|132|152|135|132|115|106|108|94|78|92|94|78|77|60|50|60|78|
2013-12-09|2|1_CTs|ct2||14|28|12|17|15|11|20|7|4|5|6|3|2|7|10|1|6|5|5|7|7|12|15|15|24|22|24|27|22|26|33|35|49|56|52|72|73|67|80|89|86|105|88|91|78|70|84|69|76|77|87|101|80|83|63|64|77|64|74|88|80|81|78|69|82|89|78|69|64|70|82|85|81|66|61|46|61|55|73|75|79|68|64|48|41|52|38|34|37|34|38|33|31|28|30|25|
2013-12-09|2|1_CTs|ct3||56|50|31|27|29|20|19|15|8|9|10|11|10|9|15|8|6|11|10|16|13|19|35|32|41|53|48|64|64|67|84|110|94|136|133|165|138|152|169|159|176|176|184|215|192|180|180|171|162|177|189|210|178|160|147|172|158|150|175|198|148|182|196|179|191|166|161|187|157|149|153|170|147|156|131|147|160|137|170|153|135|139|142|121|107|113|100|94|95|93|82|94|70|64|74|87|
2013-12-09|2|1_CTs|ct4||40|23|26|18|20|20|5|19|9|7|10|5|6|7|4|10|4|5|7|6|5|8|11|20|26|21|24|31|31|49|56|77|83|97|125|117|119|123|131|127|138|130|116|117|134|92|127|129|123|118|118|115|113|111|95|99|106|111|108|142|122|118|133|120|122|115|135|107|102|108|111|99|100|113|90|103|100|96|101|99|91|77|89|71|104|72|85|74|64|52|65|64|48|54|67|39|
2013-12-09|2|1_CTs|ct5||66|48|43|26|32|34|20|29|12|13|12|8|13|9|7|12|4|11|11|16|16|8|13|20|30|27|23|42|42|42|85|100|133|132|155|163|170|166|151|177|179|202|148|186|212|170|170|191|192|158|120|135|195|177|144|158|183|188|155|184|202|179|181|173|221|198|188|172|195|193|179|177|152|171|148|168|160|159|150|155|153|123|131|109|126|127|119|109|101|80|108|89|90|105|99|55|
2013-12-09|2|1_CTs|ct6||18|15|16|5|11|9|7|7|1|3|2|2|5|3|3|2|1|7|2|3|3|2|6|7|11|10|8|13|16|10|14|20|26|21|32|34|39|37|33|38|48|50|44|51|56|43|46|42|50|47|42|39|481|535|441|511|476|162|53|56|43|46|51|54|54|56|59|59|49|64|49|52|45|51|44|47|36|50|48|48|40|42|33|31|34|29|26|27|25|18|26|30|23|22|29|20|
2013-12-09|2|1_CTs|ct17||59|58|40|38|29|27|21|21|10|14|14|12|19|10|11|17|10|13|16|25|19|31|36|41|50|50|49|69|64|75|97|110|147|149|155|212|196|175|203|212|190|216|228|229|206|234|194|208|202|201|177|203|195|186|180|190|190|179|233|215|203|195|207|215|256|209|202|206|204|184|179|203|175|205|165|191|200|173|196|192|173|173|163|160|142|137|116|124|115|120|109|109|92|85|85|95|
2013-12-09|2|1_CTs|CT19||28|22|18|14|15|11|10|12|5|5|5|5|4|1|2|7|4|3|8|6|4|11|4|6|14|8|18|24|40|39|40|64|75|65|87|84|98|85|95|82|99|92|104|123|121|102|101|114|94|117|94|113|88|92|83|114|69|106|82|110|111|122|111|115|110|129|108|110|114|129|124|125|109|113|112|112|104|115|127|100|91|110|91|69|66|61|48|59|58|51|51|58|38|40|45|46|
2013-12-09|2|1_CTs|CT20||28|26|23|21|16|16|11|9|8|14|12|8|3|5|6|11|3|3|12|6|5|7|3|12|10|14|13|21|14|29|36|71|74|85|71|75|102|75|79|76|74|73|70|60|81|72|54|57|80|68|65|71|72|60|65|58|66|69|49|72|80|66|76|67|96|71|61|75|75|89|83|83|84|80|78|75|72|85|64|64|73|74|63|59|58|42|43|58|51|36|44|38|40|36|46|27|
2013-12-09|2|1_CTs|CT21||12|11|12|12|9|8|6|4|3|5|6|2|2|5|4|5|1|1|4|2|2|0|0|7|4|6|9|10|7|12|25|51|36|50|37|52|51|49|41|42|37|41|47|41|37|41|36|34|29|40|47|53|54|32|43|21|19|52|42|44|43|44|42|44|47|33|40|34|45|50|37|45|51|50|34|41|33|38|25|36|33|34|39|26|29|22|23|33|20|21|15|22|19|26|22|17|
