2016-07-20|2|1_CTs|ct1||68|64|54|37|46|33|22|14|22|20|17|8|6|15|12|16|13|17|13|14|15|26|29|27|41|34|70|78|96|120|130|133|153|166|171|185|168|175|174|201|191|199|200|195|200|165|200|200|182|204|190|187|169|178|160|177|166|190|198|196|188|188|172|186|201|204|152|184|168|176|157|151|170|166|167|163|172|173|196|195|187|161|184|185|170|161|121|133|130|139|100|115|94|101|100|86|
2016-07-20|2|1_CTs|ct2||45|41|40|30|29|21|17|15|15|18|11|7|7|7|6|11|9|8|6|17|7|14|11|14|15|22|16|26|30|33|40|34|49|58|55|61|66|64|77|94|95|88|96|83|109|118|102|87|77|99|82|78|98|102|77|99|80|76|91|111|85|92|85|94|93|107|78|77|73|91|88|73|69|78|65|90|79|89|88|66|99|81|98|95|91|93|76|74|81|76|71|58|67|67|90|53|
2016-07-20|2|1_CTs|ct3||55|45|33|27|27|23|16|13|12|19|15|6|4|11|7|12|11|13|5|12|5|21|25|23|22|20|41|48|68|71|71|97|106|104|108|116|99|110|112|123|136|139|128|129|131|144|123|124|132|115|111|136|103|102|113|121|104|107|122|139|134|123|133|117|143|144|121|116|108|120|120|93|109|123|115|109|132|118|127|120|141|126|111|105|112|88|73|89|79|94|73|75|51|67|71|56|
2016-07-20|2|1_CTs|ct4||50|40|32|31|21|13|21|19|21|9|16|8|9|12|18|11|5|10|6|5|10|9|8|10|14|17|12|16|26|22|25|55|72|65|58|77|75|70|67|67|69|350|233|150|143|133|133|142|142|153|122|150|142|122|118|98|114|107|148|122|136|159|148|156|130|140|135|138|108|143|118|104|138|134|130|121|134|118|99|108|107|110|84|82|90|91|96|96|82|81|106|101|92|89|95|100|
2016-07-20|2|1_CTs|ct5||144|101|91|96|70|54|65|50|50|37|29|24|29|29|34|25|20|25|16|14|22|32|26|17|31|32|39|41|311|65|102|108|133|149|172|190|184|178|199|191|215|202|218|219|217|198|212|206|227|233|212|213|202|204|198|156|194|202|217|206|204|207|224|254|203|211|249|211|198|221|205|199|215|189|205|187|224|199|158|221|170|169|141|148|149|173|142|157|150|147|175|146|130|150|157|150|
2016-07-20|2|1_CTs|ct6||118|113|87|94|63|42|60|53|45|29|35|275|22|27|20|22|15|17|15|11|17|13|24|20|32|42|31|45|52|54|78|80|85|111|118|120|128|117|135|132|148|131|129|156|133|147|172|166|167|154|149|165|147|145|151|135|163|176|181|175|184|161|181|181|184|190|177|161|169|193|156|163|155|161|169|145|176|168|139|150|171|142|119|108|139|148|123|147|144|125|162|141|139|404|143|137|
2016-07-20|2|1_CTs|ct17||114|110|79|81|77|54|43|45|38|44|19|20|27|29|27|22|28|27|19|24|24|36|38|36|34|49|64|76|91|107|130|153|140|173|164|183|190|198|218|233|255|243|477|219|222|253|185|243|222|241|230|238|232|214|222|235|227|192|228|234|232|474|244|233|229|244|239|202|202|237|228|205|213|222|239|242|243|235|248|228|234|213|214|208|193|194|167|152|164|157|154|124|111|118|142|146|
2016-07-20|2|1_CTs|CT19||38|36|30|34|20|22|10|14|12|13|8|7|6|9|5|4|9|3|5|9|9|5|7|11|9|13|24|21|43|52|54|69|327|53|91|95|86|73|95|103|98|99|102|105|53|93|103|108|102|78|45|82|83|90|318|2|91|86|83|41|44|80|68|81|99|127|115|95|100|120|117|113|101|98|354|110|107|342|116|107|101|98|90|83|80|65|68|64|65|41|56|54|45|306|55|45|
2016-07-20|2|1_CTs|CT20||62|59|73|44|44|52|294|24|35|38|28|19|17|20|14|7|7|12|8|7|6|6|10|11|11|14|16|26|33|33|47|54|75|59|81|89|96|83|89|84|84|89|56|73|76|64|69|68|83|61|52|72|67|75|72|68|85|69|73|72|84|67|66|58|80|67|71|69|63|61|67|73|84|78|326|92|80|70|78|80|82|94|75|72|53|69|76|59|61|66|59|63|71|63|68|87|
2016-07-20|2|1_CTs|CT21||33|26|39|28|22|25|276|11|18|16|18|5|8|12|7|3|3|4|2|1|1|2|2|5|6|7|5|15|18|19|29|29|41|40|50|48|63|58|56|41|42|42|32|57|51|49|55|79|76|54|35|51|32|48|43|51|41|44|40|44|52|41|306|44|46|53|50|58|51|47|44|48|51|47|45|55|34|48|53|55|59|305|126|43|38|46|36|38|36|40|27|38|31|47|35|46|
