2017-06-17|3|1_CTs|ct1||72|38|303|35|25|23|21|21|16|20|14|17|275|12|11|8|6|11|6|9|8|11|8|5|6|15|18|25|22|34|37|53|299|61|77|76|65|337|337|96|358|585|87|368|115|97|105|356|92|92|88|90|101|106|94|95|92|74|82|68|88|77|96|75|62|330|72|342|67|78|334|64|72|63|88|86|94|598|73|81|99|340|86|73|348|336|72|64|69|72|66|309|61|63|41|578|
2017-06-17|3|1_CTs|ct3||168|117|656|97|358|353|62|60|65|80|321|55|69|310|47|56|34|41|44|37|44|47|45|277|39|55|60|75|70|354|346|107|593|149|158|417|156|198|173|191|435|177|455|479|202|188|179|186|180|194|431|164|146|457|164|653|169|422|153|417|169|168|183|156|405|148|138|412|164|174|419|170|391|146|953|195|458|714|454|198|474|203|493|171|172|443|182|182|154|681|166|419|161|415|155|654|
2017-06-17|3|1_CTs|ct5||264|521|484|156|126|135|351|101|94|101|78|69|53|56|58|38|293|35|41|28|19|33|35|28|261|269|28|304|36|53|560|79|112|350|649|167|154|659|154|177|456|482|455|201|184|206|209|453|694|433|743|207|474|235|221|176|169|712|184|441|181|201|197|916|471|450|201|471|221|184|183|717|185|194|426|194|168|426|195|182|197|413|410|123|897|387|140|141|114|139|156|117|421|658|438|439|
2017-06-17|3|1_CTs|ct6||269|9|9|15|7|6|7|7|8|10|0|1|2|3|2|5|4|2|4|0|2|0|1|8|5|9|14|11|8|17|17|15|25|19|21|22|26|25|22|25|41|26|30|24|35|35|30|27|31|263|28|283|263|22|25|28|21|21|37|285|20|28|20|34|30|23|29|32|26|23|43|20|28|32|36|36|29|37|34|25|33|270|29|25|22|30|23|20|21|21|14|30|29|238|291|18|
2017-06-17|3|1_CTs|ct7||198|122|395|376|124|113|102|102|333|87|90|82|58|61|67|64|51|56|44|43|40|42|54|49|50|30|44|50|38|54|44|54|316|86|70|347|97|94|100|345|359|381|92|110|127|386|141|129|130|115|157|134|378|126|103|105|624|117|108|121|125|408|125|374|138|113|105|382|114|118|132|140|119|127|124|139|132|610|152|129|372|122|166|120|128|603|634|139|376|157|114|136|149|421|138|152|
2017-06-17|3|1_CTs|ct8||664|134|128|88|83|71|52|68|65|49|53|35|36|28|30|40|20|30|18|22|22|23|28|14|17|16|23|25|24|27|34|28|38|34|48|278|73|51|61|58|74|320|64|320|75|349|95|87|95|87|96|96|337|92|67|71|337|81|79|78|80|89|79|331|84|81|82|76|74|91|100|76|99|333|84|90|370|570|334|358|97|76|87|83|89|568|342|96|336|349|330|74|86|359|90|107|
2017-06-17|3|1_CTs|ct9||162|194|145|157|118|118|91|96|189|128|121|404|128|88|338|74|575|46|77|63|64|58|31|80|1014|1060|467|383|1846|957|594|186|645|221|846|1630|3287|3061|964|221|696|906|790|1044|281|507|1714|1393|1885|2043|1967|2405|1931|1708|3533|3603|1204|1306|148|585|699|1857|705|186|2090|601|473|580|1168|1625|1104|849|3083|3584|3070|3880|1825|566|378|472|576|554|927|1142|584|742|641|164|750|821|454|314|264|1065|2340|2897|
2017-06-17|3|1_CTs|ct10||116|106|109|93|115|96|103|103|86|104|117|101|96|77|95|75|96|79|72|57|64|51|34|49|39|58|35|38|38|30|44|39|45|53|60|53|56|69|74|90|90|101|95|115|112|107|108|126|120|126|139|101|100|102|104|111|94|97|93|94|101|100|106|97|85|89|87|106|118|99|90|89|101|91|126|93|119|106|103|119|107|117|98|141|106|107|126|95|114|105|101|122|112|113|123|119|
2017-06-17|3|1_CTs|ct13||508|246|235|231|266|220|183|179|213|210|174|179|426|141|161|158|168|362|152|134|395|392|91|123|78|114|363|134|124|374|142|142|156|393|134|185|185|434|449|221|249|481|233|730|213|232|597|527|501|751|248|229|502|226|482|227|247|226|257|231|219|240|480|463|490|236|244|232|247|229|318|244|581|348|343|277|525|532|239|632|895|269|520|198|260|479|382|279|1439|1468|327|229|796|290|345|247|
2017-06-17|3|1_CTs|CT16||366|139|153|102|110|112|324|348|88|98|94|68|75|66|314|73|71|73|60|40|49|35|35|50|56|48|31|44|37|41|45|66|55|46|59|98|88|81|105|144|106|105|131|125|144|167|147|142|384|387|149|392|119|123|376|116|373|133|117|115|88|133|110|102|120|125|131|123|134|134|96|128|155|383|110|136|136|146|158|157|144|139|126|127|133|373|382|102|99|339|119|351|116|101|114|114|
2017-06-17|3|1_CTs|ct18||0|0|0|0|0|0|0|0|0|0|0|0|0|0|0|0|0|0|0|0|0|0|0|0|0|0|0|0|0|0|0|0|0|0|0|0|0|0|0|0|0|0|0|0|0|0|0|0|0|0|0|0|0|0|0|0|0|0|0|0|0|0|0|0|0|0|0|0|0|0|0|0|0|0|0|0|0|0|0|0|0|0|0|2|0|0|0|0|0|0|0|0|0|0|0|0|
2017-06-17|3|1_CTs|ct22||5|5|3|3|5|3|1|3|0|1|2|4|1|2|6|0|1|2|1|5|0|3|2|0|2|2|3|2|4|3|6|7|3|6|4|8|8|263|9|5|5|7|21|268|10|6|17|19|10|9|14|11|12|11|12|8|11|6|3|7|13|14|8|6|4|12|9|10|9|6|4|11|10|8|8|10|2|4|7|12|253|4|9|10|7|4|6|3|4|7|9|11|4|5|9|5|
2017-06-17|3|1_CTs|CT23||117|178|224|214|769|451|159|179|628|84|32|342|336|58|84|298|70|93|289|165|198|38|36|92|160|440|210|158|421|837|3052|3798|5140|3669|3494|3642|2503|2744|643|93|355|353|101|111|128|122|128|118|149|403|121|395|163|146|125|383|123|116|866|110|398|372|120|117|117|141|111|346|371|116|396|101|117|106|358|362|112|619|362|95|90|105|332|89|366|332|567|311|120|338|737|974|1530|1077|1286|1849|
2017-06-17|3|1_CTs|ct24||132|107|363|74|78|300|40|43|43|284|289|29|30|22|18|22|267|23|33|23|35|42|44|49|286|76|103|386|131|163|1002|227|692|229|774|341|746|813|653|413|345|322|339|310|301|334|833|480|773|498|298|549|1286|309|281|322|327|523|299|300|557|315|291|516|794|540|285|315|354|313|374|550|290|525|628|572|339|596|627|394|629|939|842|335|842|839|320|592|335|308|560|256|515|447|208|242|
