2014-11-25|6|1_CTs|CT1||0|1|0|1|2|0|0|1|0|1|0|2|0|0|0|1|0|1|1|0|1|3|1|3|2|1|2|3|2|5|6|64|146|118|113|100|94|96|97|68|13|5|6|8|5|2|3|3|2|3|8|8|6|4|9|6|7|6|7|6|9|6|12|7|6|6|10|5|34|7|14|6|3|21|20|7|3|8|12|15|6|4|4|3|3|1|2|0|2|0|4|3|1|1|0|2|
2014-11-25|6|1_CTs|CT3||4|10|3|6|6|3|5|1|2|2|4|2|2|1|0|6|3|6|8|8|14|16|22|31|27|27|26|24|42|43|48|86|80|107|112|96|87|77|86|84|50|61|290|41|33|29|39|32|35|41|55|40|37|35|43|35|54|49|47|47|43|52|42|50|40|31|44|51|59|66|63|57|50|70|55|81|104|57|40|38|27|27|22|14|11|16|21|16|14|9|13|14|23|18|12|12|
2014-11-25|6|1_CTs|CT4||5|2|6|3|3|3|0|0|1|1|1|0|1|0|0|2|0|0|1|1|1|1|1|0|1|0|0|1|8|9|8|18|62|50|28|36|34|18|30|26|26|29|20|25|36|28|30|25|35|17|26|35|36|28|29|11|22|34|24|25|31|33|34|12|43|47|13|31|31|36|74|51|45|56|87|87|59|52|36|45|38|36|29|19|18|19|19|17|10|10|10|7|15|18|9|10|
2014-11-25|6|1_CTs|CT5||15|8|11|12|7|4|7|3|3|3|2|3|1|5|0|0|1|5|3|4|3|5|3|4|9|10|15|11|15|25|29|46|51|91|113|154|137|136|138|118|92|77|69|62|70|69|70|67|54|76|70|65|78|84|82|68|71|79|60|85|81|77|85|79|68|61|83|82|95|94|85|69|75|61|49|63|71|71|60|77|59|52|46|26|31|36|42|37|16|22|32|33|21|40|30|26|
2014-11-25|6|1_CTs|CT6||20|31|21|13|7|7|4|1|3|3|2|1|2|3|1|2|4|3|6|4|7|13|9|16|13|12|17|23|25|35|66|98|154|212|212|201|184|160|135|129|132|103|109|86|107|93|95|102|82|104|90|91|92|120|100|97|109|111|104|118|95|101|88|91|132|114|105|120|141|127|137|123|133|128|120|147|119|143|115|88|72|89|84|66|77|52|61|43|43|38|56|56|67|63|34|56|
2014-11-25|6|1_CTs|CT7||3|8|2|0|4|3|0|2|0|2|0|0|2|2|0|0|1|1|1|4|1|0|3|3|7|1|4|7|13|10|23|33|52|29|39|32|51|50|39|31|27|16|22|20|25|17|22|16|22|27|27|20|42|23|24|28|24|26|24|18|35|28|28|23|25|32|23|25|25|29|41|35|36|25|25|22|14|19|20|25|14|19|15|11|13|17|13|8|7|5|6|9|9|5|8|7|
2014-11-25|6|1_CTs|CT8||50|76|46|23|24|21|20|10|15|11|10|8|17|5|6|10|8|6|6|9|5|18|15|24|29|43|37|53|73|115|174|199|198|167|192|152|135|142|161|157|156|146|154|138|123|134|123|134|121|164|161|166|144|137|160|142|161|154|164|185|161|146|145|165|147|164|170|163|186|217|191|190|202|203|215|199|182|164|155|159|153|119|109|94|78|92|73|60|73|78|60|57|53|45|61|53|
2014-11-25|6|1_CTs|CT9||30|32|30|26|23|17|5|5|13|7|6|6|3|6|6|8|7|7|2|4|9|20|20|26|33|37|48|54|84|128|198|330|347|360|449|457|465|412|367|312|238|194|183|197|185|157|179|160|210|177|168|200|229|209|202|189|239|193|186|199|218|215|215|234|212|207|253|287|269|306|322|345|318|229|302|243|267|240|268|216|181|158|148|100|114|104|80|71|92|98|87|89|98|80|62|66|
2014-11-25|6|1_CTs|CT10||32|28|15|16|11|7|7|10|9|7|6|3|3|3|4|1|1|4|9|5|11|14|12|23|21|25|35|38|48|60|96|150|160|155|170|175|174|151|109|143|145|136|157|146|144|148|128|120|144|154|133|188|140|166|152|123|144|148|148|188|163|152|134|162|182|173|191|178|219|216|226|230|210|211|206|186|217|194|195|220|210|115|122|102|89|85|85|72|64|75|141|170|89|64|44|36|
2014-11-25|6|1_CTs|CT11||26|26|19|17|16|9|4|8|6|3|7|5|5|5|7|7|1|7|4|6|8|14|17|27|25|43|56|74|99|141|246|312|156|176|168|160|132|147|169|165|222|192|183|206|180|168|186|155|181|170|171|190|207|160|184|181|194|187|214|209|207|205|190|185|173|214|257|251|234|232|237|194|177|187|177|178|153|149|120|98|132|121|104|95|79|62|83|58|64|72|108|127|68|43|35|44|
2014-11-25|6|1_CTs|CT12||37|28|25|16|15|6|4|10|9|9|8|6|2|4|4|5|3|4|9|8|8|17|13|25|14|27|44|51|57|78|117|235|265|321|290|262|296|263|248|253|231|164|177|184|161|182|182|155|188|185|164|210|186|194|182|169|199|161|196|204|202|192|193|192|208|223|282|291|297|315|338|305|285|204|254|201|226|174|165|298|250|183|141|128|109|99|103|84|75|82|136|172|106|66|59|52|
2014-11-25|6|1_CTs|CT15||17|31|19|12|20|12|7|10|8|7|2|3|8|7|5|4|9|11|13|10|13|18|24|27|43|41|53|47|57|86|130|184|216|238|240|276|288|236|203|145|135|123|109|104|125|107|128|110|107|115|111|111|112|106|125|101|111|115|118|103|119|116|130|116|122|129|144|152|122|183|185|218|175|240|162|111|23|141|106|89|94|77|77|62|58|51|49|49|43|40|39|50|51|36|37|36|
2014-11-25|6|1_CTs|CT16||27|30|20|14|17|16|6|15|8|10|7|3|7|9|5|6|2|7|8|7|10|11|14|23|28|27|30|62|66|95|165|264|317|299|293|275|300|279|281|271|251|197|187|195|188|163|176|158|183|196|181|205|196|193|186|154|180|169|204|217|211|195|197|200|195|211|228|219|247|241|226|216|210|207|216|206|178|153|174|201|196|123|119|126|88|73|93|74|62|72|98|163|107|64|49|43|
2014-11-25|6|1_CTs|CT17||35|32|48|21|25|14|9|14|29|13|10|5|2|7|11|10|9|2|8|9|4|12|9|18|11|6|17|17|35|75|114|156|219|247|170|278|288|293|273|301|205|185|225|203|206|198|181|163|206|211|192|190|250|267|172|200|235|180|231|235|233|239|162|148|164|139|178|235|229|271|269|349|328|276|130|107|155|125|63|156|247|229|224|142|154|145|134|103|109|81|116|116|147|123|97|77|
2014-11-25|6|1_CTs|CT18||52|45|40|35|26|25|12|9|19|8|11|11|7|15|6|7|3|9|10|8|17|18|16|17|34|35|47|48|97|121|173|263|287|250|225|169|227|156|169|179|264|271|488|199|221|209|221|225|203|237|222|239|223|260|228|216|231|238|227|267|244|273|250|242|238|262|261|253|306|299|298|244|278|273|314|312|295|284|205|239|190|185|160|134|136|112|123|109|82|73|111|143|112|114|91|68|
2014-11-25|6|1_CTs|CT19||30|23|28|22|20|12|10|6|12|4|6|3|3|4|6|5|4|3|2|5|5|8|6|5|4|10|6|17|18|29|65|107|194|170|158|216|208|189|180|189|111|151|384|131|128|119|133|151|124|140|139|155|166|142|127|134|130|111|144|124|139|166|133|151|169|168|209|223|191|239|224|231|220|259|238|224|216|244|208|166|143|150|121|98|89|89|60|56|54|38|65|52|70|54|39|42|
2014-11-25|6|1_CTs|CT20||17|17|16|18|10|11|5|5|10|3|6|2|3|4|2|2|3|2|7|6|3|5|10|10|15|12|30|24|28|39|55|77|126|69|102|139|140|147|129|120|116|128|365|113|109|125|117|115|16|114|107|115|84|40|113|75|51|74|19|43|78|106|102|44|125|130|128|141|128|8|96|126|133|130|141|157|135|127|148|88|97|42|23|65|6|71|63|33|35|36|49|54|47|44|41|27|
2014-11-25|6|1_CTs|CT21||68|69|35|35|26|28|18|16|20|18|14|10|11|9|10|11|12|21|25|23|27|33|34|53|66|61|77|71|134|191|254|336|324|376|310|326|295|347|352|305|272|232|464|253|234|197|221|214|198|207|234|211|210|184|179|216|208|228|250|218|238|220|224|288|226|205|218|207|232|243|262|245|254|258|298|296|279|262|171|165|151|168|134|110|102|100|119|111|97|84|95|79|77|78|54|80|
2014-11-25|6|1_CTs|CT22||60|53|50|49|39|28|14|28|20|27|21|11|22|11|8|20|16|14|34|34|44|48|57|66|47|62|68|82|76|97|154|178|228|259|275|315|265|253|243|235|207|182|442|222|237|236|254|245|255|270|245|251|264|241|259|209|253|258|255|219|272|273|281|289|274|308|303|324|359|375|399|362|396|378|388|366|367|400|377|299|284|235|169|169|160|123|122|136|133|102|118|128|168|112|101|88|
2014-11-25|6|1_CTs|CT23||57|71|59|40|40|30|17|13|15|13|10|7|17|9|10|12|8|11|10|15|13|24|26|45|40|56|69|72|109|182|224|294|334|303|316|253|253|266|266|294|277|251|218|213|208|194|192|197|210|194|260|255|237|223|219|219|240|248|252|250|242|227|209|254|268|242|257|241|300|363|322|313|339|350|334|326|329|298|256|215|214|199|148|156|129|115|131|93|120|113|108|79|92|91|77|86|
2014-11-25|6|1_CTs|CT24||45|56|54|33|28|23|21|17|14|17|15|10|13|13|11|11|10|14|14|21|15|25|23|33|37|37|67|76|87|147|182|238|295|309|305|330|370|292|321|298|260|262|267|264|254|234|250|248|262|251|267|271|259|231|207|221|240|245|260|274|248|297|265|290|312|294|321|334|344|355|390|441|370|429|416|410|383|387|377|379|325|245|180|192|137|152|137|114|110|124|148|158|133|125|78|95|
