2014-04-05|7|1_CTs|CT1||53|44|48|42|37|29|22|23|18|18|16|16|6|7|9|11|8|11|17|8|8|13|11|12|13|20|14|18|21|24|27|42|33|28|76|75|72|79|79|99|90|84|131|92|116|133|119|116|119|130|132|119|111|109|130|107|106|110|87|100|113|114|117|132|115|117|118|98|121|105|118|123|112|124|121|129|105|103|106|94|93|97|82|69|81|70|50|47|57|46|53|37|41|32|42|38|
2014-04-05|7|1_CTs|CT2||87|67|76|34|60|29|35|34|38|27|38|24|22|18|14|12|22|13|4|24|14|19|14|8|18|24|26|19|44|51|46|60|47|57|98|119|104|118|135|175|143|184|161|230|124|202|183|200|164|237|199|218|154|123|159|201|159|136|141|206|192|182|211|248|252|183|168|228|215|220|185|231|151|198|176|188|176|149|183|126|139|151|128|116|90|110|95|69|62|77|52|77|39|67|71|67|
2014-04-05|7|1_CTs|CT4||33|20|16|15|31|19|19|21|36|20|20|18|22|18|27|17|16|14|21|16|10|12|7|4|5|11|4|6|4|9|3|3|4|6|8|20|13|15|10|3|8|11|40|62|42|69|20|15|23|13|31|23|48|71|28|28|22|19|24|25|33|28|40|50|44|29|33|63|41|28|32|32|39|39|63|30|30|24|23|18|38|27|21|16|19|19|25|22|36|39|18|46|42|37|40|27|
2014-04-05|7|1_CTs|CT5||0|0|0|0|0|0|0|0|0|0|0|0|0|0|0|0|0|0|0|0|0|0|0|0|0|0|0|0|0|0|0|0|0|0|0|0|0|0|0|0|0|0|0|0|0|0|0|0|0|0|0|4|0|2|0|0|0|0|0|0|0|0|0|0|0|0|0|0|0|0|0|0|0|0|0|0|0|0|0|0|0|0|0|0|0|0|0|0|0|0|0|0|0|0|0|0|
2014-04-05|7|1_CTs|CT6||55|44|40|38|36|27|31|32|33|20|24|27|14|21|25|13|6|20|13|17|13|4|8|14|11|18|13|15|14|18|31|26|23|41|55|60|51|70|81|81|82|109|92|93|86|107|125|125|116|111|138|133|127|151|121|103|84|81|111|105|118|106|118|134|122|123|120|123|155|118|134|112|133|120|136|127|129|114|117|126|84|99|72|85|76|74|59|57|59|61|52|45|47|45|54|45|
2014-04-05|7|1_CTs|CT7||51|47|38|39|32|28|11|22|13|15|18|18|14|10|14|14|11|7|10|10|6|21|9|13|11|17|19|13|33|19|33|41|30|51|40|46|50|53|53|55|62|72|82|77|62|78|82|100|97|120|106|110|97|105|94|82|82|84|79|96|99|94|79|89|96|100|102|105|87|93|95|119|95|97|105|90|102|101|71|78|69|78|66|66|71|38|51|44|39|45|38|39|36|35|47|34|
2014-04-05|7|1_CTs|CT8||123|131|136|116|98|61|57|61|50|49|56|41|43|39|30|29|39|57|50|62|67|75|90|71|97|91|95|93|120|117|171|158|147|169|194|233|270|232|241|246|246|241|260|262|260|218|281|264|271|286|281|285|264|277|274|227|229|266|268|309|296|289|308|291|307|304|296|277|261|271|254|291|268|219|295|269|292|244|281|274|254|297|234|242|203|191|185|155|134|155|154|146|132|147|135|129|
2014-04-05|7|1_CTs|CT12||30|28|29|20|66|126|122|40|192|497|357|41|18|12|14|11|10|16|17|17|9|6|12|7|14|13|16|5|15|13|19|19|32|20|27|28|30|33|65|81|85|186|84|67|80|232|250|285|385|128|75|77|69|81|66|73|68|50|121|74|527|450|270|300|150|155|154|74|121|73|198|444|512|135|65|66|59|55|44|55|67|56|52|52|45|34|41|38|34|37|36|32|37|35|28|32|
2014-04-05|7|1_CTs|CT13||15|18|11|20|11|11|8|8|10|5|6|7|3|5|6|0|5|4|3|1|1|5|5|1|3|9|6|7|17|15|14|15|20|28|21|18|25|33|25|22|26|28|34|37|35|29|28|41|53|54|56|47|47|51|40|54|48|49|43|54|52|49|41|56|49|50|55|73|54|46|59|61|53|36|64|42|59|58|50|44|35|52|31|24|28|27|16|19|17|25|17|22|20|15|20|16|
2014-04-05|7|1_CTs|CT15||31|32|28|21|28|21|16|20|16|8|20|16|6|16|4|8|7|10|2|7|10|7|6|6|6|16|23|8|16|9|18|19|17|21|21|36|39|37|29|49|52|64|65|59|43|68|61|71|70|77|63|93|73|60|57|63|56|57|52|57|61|49|73|68|59|63|50|63|63|48|47|77|80|57|66|63|60|55|51|50|46|46|58|49|39|39|50|38|30|32|34|27|28|27|29|40|
