2014-05-02|6|1_CTs|CT1||1|3|0|0|0|0|0|1|0|0|1|2|0|0|0|1|0|1|1|0|1|3|1|4|4|7|1|3|2|1|12|19|76|47|50|29|14|10|14|9|13|5|8|6|3|1|8|9|7|4|12|14|8|11|5|5|7|5|3|7|4|3|11|13|3|7|8|13|9|10|8|8|6|7|4|4|4|0|6|6|2|4|2|0|3|2|0|2|0|2|2|1|2|2|0|1|
2014-05-02|6|1_CTs|CT3||3|7|10|6|10|2|4|7|2|3|2|3|3|4|5|7|13|15|14|16|24|23|19|23|20|17|27|35|34|35|58|55|67|70|88|70|73|51|60|71|62|46|42|49|39|55|64|60|51|48|44|45|33|43|39|53|40|39|42|49|28|28|38|53|39|53|49|47|45|45|64|48|47|50|49|53|36|31|39|45|29|27|35|38|33|22|17|23|23|27|18|16|15|16|26|13|
2014-05-02|6|1_CTs|CT4||6|5|6|4|0|5|2|2|1|2|1|2|2|2|2|0|0|1|0|2|0|1|0|0|1|1|3|3|8|6|8|25|57|42|31|13|28|4|20|24|10|21|15|21|24|19|25|6|17|31|27|35|48|20|25|20|28|29|27|21|31|39|15|38|32|21|34|47|33|35|34|43|39|41|30|44|20|32|26|15|30|25|18|21|20|18|15|7|10|13|15|8|11|21|11|9|
2014-05-02|6|1_CTs|CT5||16|23|12|18|8|9|9|8|6|5|5|4|4|4|1|8|6|2|4|9|7|7|11|10|10|12|14|18|27|30|31|44|58|68|63|79|66|54|64|58|88|63|58|61|69|56|81|66|69|67|72|59|63|53|65|69|74|61|67|66|59|68|72|62|69|76|77|61|60|68|82|71|74|71|59|71|63|59|58|45|80|56|49|47|54|42|32|36|24|27|34|34|25|29|23|23|
2014-05-02|6|1_CTs|CT6||18|17|14|7|7|5|4|5|3|4|3|6|5|5|6|3|4|8|5|4|10|12|8|20|18|9|18|20|24|39|63|75|135|135|136|144|154|141|123|119|101|87|91|97|112|84|83|94|84|111|91|98|91|97|103|95|105|100|105|101|113|93|123|121|99|111|114|104|124|141|98|106|125|115|115|93|97|96|79|79|99|87|89|68|72|57|49|56|46|49|47|31|44|34|42|38|
2014-05-02|6|1_CTs|CT7||2|5|2|5|4|6|3|3|1|0|1|2|0|0|3|1|0|2|0|2|2|4|0|2|4|3|4|7|7|10|14|29|43|28|31|40|25|29|29|22|36|27|28|19|29|24|34|21|23|24|36|30|23|14|12|14|29|40|31|21|17|23|32|23|37|30|23|30|28|32|31|38|34|34|36|21|19|17|26|16|15|21|19|11|20|11|18|8|10|15|15|6|8|7|13|6|
2014-05-02|6|1_CTs|CT8||32|29|27|20|15|17|15|15|9|16|8|11|15|11|8|10|7|10|11|6|5|9|23|21|34|31|46|61|74|97|130|174|210|194|217|181|186|195|179|176|167|170|166|151|144|145|127|142|157|142|142|161|147|139|172|147|159|145|152|144|165|165|161|141|155|163|172|181|176|199|198|175|199|178|196|164|143|151|146|152|146|119|114|121|132|96|86|99|96|80|81|75|76|78|78|53|
2014-05-02|6|1_CTs|CT9||34|44|35|24|19|24|15|13|15|11|13|13|9|6|9|8|14|9|11|15|14|21|19|39|34|52|57|55|81|100|179|275|283|305|309|300|250|261|274|283|295|259|188|201|192|177|177|165|181|194|195|178|180|181|182|175|186|187|188|197|178|207|201|189|215|206|261|278|253|250|243|255|246|266|222|200|212|209|166|178|152|155|139|109|127|129|100|99|96|93|91|79|67|81|66|67|
2014-05-02|6|1_CTs|CT10||32|31|17|21|16|10|9|8|8|9|9|7|5|3|3|11|6|1|1|6|6|8|10|18|26|17|32|37|46|68|82|147|186|163|167|185|175|169|150|141|132|134|136|167|131|159|137|160|135|130|134|194|197|186|198|128|132|135|145|134|166|160|159|172|185|151|195|212|175|197|221|203|187|211|218|192|181|153|155|147|126|135|124|94|91|117|87|72|64|85|62|53|52|54|57|42|
2014-05-02|6|1_CTs|CT11||34|30|29|15|7|5|7|3|6|3|7|8|4|2|4|5|6|13|5|10|12|15|11|29|23|46|49|80|87|123|204|321|312|278|243|275|283|276|288|245|225|188|173|191|183|174|157|176|179|153|210|144|205|190|171|163|178|165|186|179|157|198|197|174|183|232|209|225|241|202|222|193|181|204|162|173|155|136|156|131|136|154|138|109|117|92|84|82|63|74|60|60|43|56|43|40|
2014-05-02|6|1_CTs|CT12||42|35|26|26|19|10|11|5|10|6|15|14|7|6|4|11|8|7|8|5|9|15|13|21|28|20|32|36|57|69|107|202|279|262|238|265|247|220|191|178|193|149|176|188|164|193|186|155|175|150|213|240|231|273|210|155|171|160|165|159|186|191|217|194|204|239|236|260|275|270|291|311|276|278|273|251|217|195|199|190|159|165|162|127|115|112|101|84|75|88|70|64|65|58|63|52|
2014-05-02|6|1_CTs|CT15||14|12|11|9|3|11|4|3|2|3|4|7|4|3|7|4|5|7|9|11|10|15|13|15|12|23|23|37|41|55|83|133|188|174|135|152|130|114|109|118|143|88|93|65|69|64|72|59|67|81|83|69|66|59|55|67|65|78|71|72|57|82|88|73|86|80|109|98|74|96|99|85|90|95|72|84|65|77|72|59|52|59|61|48|46|41|37|29|40|33|28|16|24|23|12|24|
2014-05-02|6|1_CTs|CT16||33|38|28|17|16|15|11|11|3|7|8|8|4|2|3|6|2|13|2|12|8|11|8|17|27|28|43|68|57|88|146|239|304|285|246|274|256|236|238|219|201|195|179|188|191|191|184|193|180|174|185|175|184|181|160|162|172|194|186|195|171|191|211|181|204|198|193|228|213|198|249|221|209|233|212|209|177|170|173|159|143|138|172|112|128|114|95|94|77|89|75|65|55|55|70|46|
2014-05-02|6|1_CTs|CT17||21|24|14|11|11|9|7|5|5|4|7|5|5|6|6|4|4|5|6|4|2|6|5|4|3|5|10|9|17|31|42|79|93|88|57|88|128|75|91|85|86|49|67|79|78|62|85|64|72|89|78|55|78|73|66|66|63|63|81|54|69|68|87|72|81|74|84|87|107|68|90|99|100|83|74|84|94|94|95|60|73|70|66|47|61|51|44|39|36|32|36|35|30|29|32|22|
2014-05-02|6|1_CTs|CT18||55|62|47|36|19|26|25|27|12|12|15|11|15|12|6|18|11|14|8|15|16|17|24|21|34|40|45|67|88|119|149|201|308|318|271|300|315|252|250|252|271|240|221|203|250|210|274|218|236|237|214|231|209|212|200|217|225|201|235|233|224|230|250|239|258|252|273|236|260|287|274|248|278|273|270|250|253|237|205|179|202|190|191|156|160|143|129|122|89|105|121|109|93|94|103|75|
2014-05-02|6|1_CTs|CT19||25|35|24|19|20|14|12|14|10|9|14|11|10|12|5|5|8|8|7|5|7|7|2|8|11|6|14|20|27|43|44|108|139|130|114|178|140|134|164|137|139|112|137|125|130|139|166|139|155|177|149|132|133|155|114|118|125|131|120|131|146|124|163|139|129|144|144|158|159|157|187|251|199|208|187|198|188|156|169|160|133|134|115|97|92|99|81|56|72|64|52|49|50|48|48|47|
2014-05-02|6|1_CTs|CT20||15|24|13|9|12|15|3|3|5|4|0|6|2|6|1|1|2|5|5|12|5|12|12|13|9|20|13|29|38|43|58|63|121|148|126|49|109|125|112|117|132|113|139|130|116|28|92|111|85|120|124|124|126|3|81|106|85|107|131|120|123|115|115|124|143|45|39|67|25|110|21|8|96|125|55|122|122|5|52|85|31|67|43|26|15|76|36|41|56|54|59|62|56|56|38|40|
2014-05-02|6|1_CTs|CT21||70|58|52|39|32|29|23|25|24|13|18|23|16|9|14|20|30|42|42|39|42|50|38|62|52|54|63|100|107|157|235|281|311|360|342|296|316|257|285|315|245|246|196|252|221|224|227|234|194|226|182|176|204|184|180|203|207|231|202|243|211|229|225|218|192|212|216|199|203|193|228|241|213|226|227|247|200|206|181|178|185|192|170|156|141|125|110|104|116|87|120|82|88|104|94|98|
2014-05-02|6|1_CTs|CT22||105|77|58|63|64|60|40|25|48|49|32|24|39|15|25|19|26|29|48|46|45|51|61|49|49|50|67|63|112|116|133|148|198|200|253|273|236|247|272|206|199|228|205|210|243|273|252|254|276|279|245|238|253|229|270|222|244|226|235|274|266|295|242|278|311|352|319|292|377|362|375|427|342|366|342|370|322|343|309|291|277|238|212|205|182|203|173|183|120|156|139|149|121|136|107|111|
2014-05-02|6|1_CTs|CT23||50|52|41|25|34|19|25|22|18|16|13|12|17|18|13|19|19|18|15|15|24|27|27|38|37|50|66|81|103|145|223|246|304|289|351|287|304|279|276|282|284|242|228|224|213|232|255|231|233|250|218|247|231|230|242|231|238|234|229|250|236|250|267|246|243|243|290|291|282|332|307|303|274|245|242|279|250|248|256|249|218|216|205|199|178|140|128|134|126|131|123|107|113|116|103|99|
2014-05-02|6|1_CTs|CT24||85|68|49|45|38|36|27|25|20|35|20|19|20|6|11|17|11|14|24|26|22|35|26|27|39|47|51|83|80|129|147|191|258|330|305|302|327|315|260|286|228|243|239|240|237|240|285|230|272|278|256|263|290|279|243|236|238|271|272|288|307|320|284|294|315|361|297|325|357|416|385|374|369|411|368|357|349|327|313|289|279|245|213|195|180|172|149|128|130|132|100|83|94|138|102|98|
