2012-07-06|7|1_CTs|CT1||35|29|23|22|29|18|8|12|14|4|6|5|4|4|7|4|5|5|6|6|3|4|7|10|15|11|16|27|23|48|75|124|125|164|168|171|201|180|194|184|176|144|153|133|119|139|117|132|125|143|133|115|105|112|116|110|114|123|132|141|158|138|148|132|125|120|154|148|144|142|159|162|144|163|156|168|136|132|118|117|101|113|104|93|72|65|63|61|57|47|67|47|51|33|45|43|
2012-07-06|7|1_CTs|CT2||92|82|95|54|69|35|50|33|29|39|11|29|12|18|10|10|10|10|8|17|13|22|20|27|41|33|59|58|62|87|65|85|123|234|243|279|332|219|216|167|121|144|151|138|179|138|170|204|248|172|171|233|207|139|48|155|125|203|234|347|313|317|204|201|191|279|271|232|325|344|220|229|146|197|246|167|183|165|255|279|253|207|224|224|191|225|142|159|133|158|134|105|99|103|109|123|
2012-07-06|7|1_CTs|CT4||58|25|23|13|15|15|8|11|5|8|23|20|14|13|6|6|9|7|10|7|5|6|1|4|1|2|1|2|1|3|0|3|10|4|9|8|19|11|13|9|13|5|13|11|13|24|14|15|25|20|25|23|18|17|14|16|26|15|21|10|26|27|19|47|42|48|59|36|71|59|69|64|47|53|54|35|63|46|32|37|42|27|29|24|7|16|28|19|21|27|48|38|39|36|42|28|
2012-07-06|7|1_CTs|CT6||49|57|30|34|22|30|26|27|19|20|16|13|17|12|8|10|9|7|13|8|11|12|9|8|11|10|22|16|31|37|47|66|81|103|159|124|139|131|121|134|126|123|137|136|124|146|139|139|114|149|121|110|134|137|120|161|127|143|150|132|125|154|152|130|165|176|187|172|205|190|186|184|185|204|223|169|214|160|170|171|160|123|99|95|84|108|103|82|69|61|81|58|67|71|59|57|
2012-07-06|7|1_CTs|CT7||57|32|39|43|49|37|22|15|24|17|6|14|10|8|4|10|12|10|13|11|13|12|11|17|19|30|30|32|21|44|68|89|79|89|117|120|118|115|131|99|109|101|97|131|100|113|119|120|128|130|116|122|115|95|70|121|126|112|126|114|110|113|123|120|119|122|129|133|140|141|115|150|116|134|142|159|147|145|122|133|112|116|91|75|74|66|69|53|61|44|70|48|57|48|43|63|
2012-07-06|7|1_CTs|CT8||124|124|95|82|79|73|45|54|30|26|29|42|28|31|18|32|20|26|56|47|64|64|57|90|99|101|110|145|171|217|310|367|374|405|427|435|383|367|372|390|408|342|326|319|310|318|357|330|293|342|297|347|310|264|296|298|280|348|384|355|329|355|346|360|340|334|365|359|355|359|410|330|345|364|357|297|351|306|295|269|237|262|269|218|228|213|199|203|176|167|198|181|185|148|155|146|
2012-07-06|7|1_CTs|CT9||80|91|66|45|53|51|41|40|35|28|13|29|25|14|11|19|15|16|29|24|29|31|33|56|56|66|56|86|99|143|184|236|241|240|249|276|247|232|251|233|283|232|227|220|213|207|228|219|203|222|207|218|202|159|189|187|162|209|258|178|193|209|225|203|205|185|225|198|230|216|247|218|228|251|252|190|256|195|189|187|186|190|149|168|158|151|147|129|127|117|125|123|95|86|101|88|
2012-07-06|7|1_CTs|CT10||126|126|122|93|88|63|64|53|58|63|42|51|39|30|32|25|28|31|34|33|43|37|30|39|49|62|48|71|84|100|113|140|200|184|225|269|211|267|212|227|217|242|228|251|239|258|296|236|257|275|266|268|274|247|236|219|237|287|247|261|293|295|274|321|290|316|344|246|275|298|308|293|312|313|319|318|277|330|284|304|288|286|270|197|224|179|185|169|170|202|161|140|145|175|132|186|
2012-07-06|7|1_CTs|CT11||122|113|103|72|72|73|58|46|49|52|53|38|39|27|26|27|32|26|38|34|46|38|41|34|58|57|70|88|86|112|144|135|201|212|208|265|219|250|228|259|226|273|244|248|236|246|272|261|297|267|252|280|258|294|249|313|328|288|264|327|301|339|291|314|298|308|310|287|323|304|317|274|296|302|282|285|258|281|252|261|239|277|254|205|208|185|174|188|177|204|135|125|125|165|130|167|
2012-07-06|7|1_CTs|CT12||71|72|58|46|58|39|37|33|23|28|17|16|20|17|5|15|10|11|14|16|13|10|12|12|28|21|22|27|31|44|67|103|132|157|175|210|205|168|199|176|169|190|174|155|170|193|175|165|187|224|175|176|168|200|165|181|207|185|205|187|187|189|218|204|234|258|239|244|247|275|262|290|273|308|286|270|279|256|249|235|216|212|168|179|142|163|127|112|110|104|100|86|96|102|84|93|
2012-07-06|7|1_CTs|CT13||20|12|16|16|18|15|8|5|12|3|1|6|1|3|2|1|3|1|4|4|3|2|4|6|4|9|15|11|9|20|26|39|37|36|51|58|50|59|61|61|51|48|49|50|39|45|53|0|28|57|49|47|46|35|29|36|42|45|71|41|64|43|46|41|51|46|62|57|63|67|53|72|70|73|80|77|65|66|47|58|53|57|49|38|35|23|29|20|22|15|16|27|22|24|26|23|
2012-07-06|7|1_CTs|CT14||167|145|111|86|103|96|67|48|37|41|46|46|44|28|35|36|30|32|45|47|50|39|55|56|72|76|98|129|114|147|196|235|281|320|359|433|355|365|347|330|301|325|333|353|319|363|383|353|347|371|334|355|377|339|316|324|376|340|359|374|394|442|413|434|473|439|479|526|536|573|558|533|548|619|514|545|555|520|479|474|447|421|394|291|260|259|248|222|222|217|199|167|189|178|168|168|
2012-07-06|7|1_CTs|CT15||21|19|13|17|12|8|6|9|13|11|5|7|6|6|8|5|3|3|9|7|7|10|7|10|7|10|10|15|16|25|20|33|38|63|69|68|86|70|74|54|39|56|54|52|50|40|36|53|38|46|47|45|58|36|41|44|45|34|38|50|51|34|46|50|53|59|50|72|76|88|85|95|69|69|97|63|100|46|64|54|66|61|45|34|28|33|41|33|28|42|32|28|22|20|26|21|
