2012-08-12|6|1_CTs|CT1||1|2|1|1|1|0|0|0|1|0|1|1|1|0|0|2|0|0|1|0|1|0|1|1|1|1|1|0|1|0|0|0|0|0|2|0|0|1|0|0|1|0|0|1|1|1|0|0|2|3|0|1|1|1|0|1|1|0|1|1|0|2|0|2|0|2|0|1|1|0|1|0|1|1|1|2|1|0|0|2|0|0|0|1|0|1|1|0|0|1|1|0|0|0|0|2|
2012-08-12|6|1_CTs|CT3||8|4|10|12|16|17|2|7|5|7|3|2|6|6|10|5|14|9|14|20|18|24|19|24|29|23|23|33|33|45|47|35|42|35|20|28|28|33|30|33|23|23|33|33|37|33|28|33|28|27|38|35|30|25|29|12|25|27|30|23|29|31|29|34|27|46|33|37|33|32|21|38|37|27|26|37|32|20|37|25|40|22|26|23|32|27|27|15|26|19|27|16|33|24|27|13|
2012-08-12|6|1_CTs|CT4||3|8|4|2|3|5|3|5|3|1|4|1|3|0|4|2|1|1|0|2|2|1|1|1|0|0|0|1|4|0|1|6|1|1|4|5|5|4|5|7|5|10|6|9|9|14|9|12|13|3|11|9|13|11|13|8|7|8|18|6|9|8|11|15|10|5|16|15|13|15|15|18|15|12|15|6|21|11|14|14|10|11|6|11|13|8|11|11|7|8|5|9|7|5|1|2|
2012-08-12|6|1_CTs|CT5||17|16|17|21|14|11|19|8|4|7|7|9|7|10|10|8|4|8|9|7|9|8|5|10|6|9|7|6|7|4|17|6|12|22|14|19|33|19|12|24|11|18|17|18|16|10|26|23|24|23|16|15|26|22|23|18|30|19|25|25|26|31|28|27|26|19|35|35|38|27|24|19|21|27|36|23|30|34|32|26|28|30|23|21|28|32|30|21|18|23|22|13|15|15|18|20|
2012-08-12|6|1_CTs|CT6||9|14|16|13|9|8|13|7|15|2|6|3|10|8|2|3|10|4|6|3|6|8|6|6|16|13|9|8|13|9|18|22|14|21|14|23|16|21|31|29|31|23|36|48|41|46|46|49|56|39|45|39|50|49|25|38|28|47|40|36|43|29|35|40|46|36|33|33|44|42|46|42|51|38|43|60|54|47|49|36|45|55|36|35|54|49|48|33|44|30|31|21|20|29|23|20|
2012-08-12|6|1_CTs|CT7||5|3|6|3|4|2|7|0|3|1|1|3|1|2|1|0|3|2|3|2|2|1|1|3|2|4|5|1|1|1|4|10|4|5|2|4|7|3|3|13|10|8|3|5|11|8|5|13|7|11|8|10|11|4|2|4|6|6|7|2|7|9|13|7|8|8|9|4|15|9|11|7|13|12|9|14|15|10|9|12|10|16|5|14|2|8|8|8|11|7|9|7|4|8|6|4|
2012-08-12|6|1_CTs|CT8||61|22|30|25|30|27|25|16|21|25|21|17|13|11|15|12|16|15|9|15|10|8|7|8|13|12|16|18|21|30|25|36|26|50|41|33|28|52|37|55|46|45|53|52|53|49|55|58|74|58|71|77|61|68|59|54|65|59|79|74|87|67|79|67|71|68|68|71|54|82|79|79|87|93|79|71|85|82|93|86|85|70|83|70|78|76|69|61|55|72|60|51|49|45|52|45|
2012-08-12|6|1_CTs|CT9||42|33|38|22|18|18|18|17|19|9|16|10|12|12|12|12|13|14|8|8|17|14|12|11|14|19|27|24|25|41|34|40|41|49|52|52|45|45|59|59|48|63|70|74|69|81|68|85|88|82|76|76|72|68|72|81|65|103|92|86|82|87|79|77|82|95|79|86|93|85|109|116|133|118|109|95|81|76|77|106|98|67|71|75|80|72|73|87|57|62|60|40|53|44|54|51|
2012-08-12|6|1_CTs|CT10||19|24|21|14|12|15|20|13|9|9|9|7|9|10|11|6|5|4|10|8|6|4|11|4|8|11|13|18|19|12|19|31|30|27|32|31|29|32|33|42|45|43|45|55|37|61|60|52|74|52|58|83|71|57|42|50|68|51|54|49|63|58|54|59|57|70|60|65|59|70|77|64|61|75|63|66|54|66|64|66|93|53|71|52|74|89|85|55|39|37|34|37|35|25|38|27|
2012-08-12|6|1_CTs|CT11||23|29|20|22|21|15|9|19|6|11|13|23|15|13|9|10|4|6|6|8|13|7|7|8|14|17|13|16|17|30|33|29|35|33|35|34|33|42|50|70|60|61|69|66|54|75|62|74|46|65|59|72|58|61|68|47|41|45|57|55|67|52|76|60|65|67|73|74|82|87|72|97|89|80|73|94|63|82|72|76|65|60|63|58|70|87|89|69|50|56|50|44|47|37|47|41|
2012-08-12|6|1_CTs|CT12||28|36|23|18|19|28|11|12|15|9|12|16|12|8|11|6|10|6|8|9|7|7|14|9|16|16|13|21|14|14|25|38|38|36|38|41|37|45|51|60|71|49|57|67|56|68|62|55|65|65|55|63|80|75|48|49|58|56|47|56|65|61|51|65|57|69|62|65|70|80|80|77|65|81|74|76|60|74|60|81|84|66|71|67|73|87|90|71|39|33|32|50|45|25|38|31|
2012-08-12|6|1_CTs|CT13||27|29|23|15|18|11|14|10|9|8|8|11|4|6|9|6|14|10|9|9|11|15|13|13|16|18|27|26|15|30|28|41|30|49|38|45|36|35|51|49|49|53|49|55|61|61|48|62|56|76|51|59|73|47|51|54|53|75|59|58|58|59|67|57|52|77|62|57|71|61|70|81|86|90|70|85|62|58|57|74|75|60|52|45|58|56|61|55|51|43|36|31|41|31|32|35|
2012-08-12|6|1_CTs|CT14||29|17|23|10|11|15|6|2|12|7|7|7|6|6|10|8|3|10|7|5|5|7|8|13|12|8|10|15|10|15|12|23|16|20|22|27|19|24|23|33|42|38|38|48|39|57|43|42|68|49|50|37|46|51|35|34|38|47|51|54|48|42|44|36|32|53|50|45|42|73|55|52|51|56|56|55|51|58|39|60|47|49|37|48|42|70|63|37|41|31|28|36|26|29|36|20|
2012-08-12|6|1_CTs|CT15||17|14|9|16|6|8|8|6|12|6|4|6|7|6|1|5|12|8|7|5|6|6|10|5|16|13|16|12|7|21|13|22|17|26|28|21|12|24|20|24|28|32|27|27|31|43|37|33|28|39|29|41|39|26|31|27|24|32|30|21|36|29|29|32|27|45|48|40|46|48|51|57|68|63|48|55|69|34|48|49|58|52|33|33|33|30|40|27|25|25|24|20|28|22|26|18|
2012-08-12|6|1_CTs|CT16||23|25|22|29|18|13|25|18|11|10|12|17|13|12|12|7|9|8|11|6|7|5|4|9|9|9|17|19|14|17|23|31|22|29|25|24|35|25|38|55|47|61|56|53|55|71|64|74|62|70|63|87|67|58|49|55|57|45|62|54|66|56|75|71|62|70|77|78|82|81|74|84|94|85|73|91|83|85|74|78|88|76|72|57|71|95|95|57|68|60|55|51|43|40|46|44|
2012-08-12|6|1_CTs|CT17||12|8|7|4|2|12|10|6|5|2|7|1|6|6|5|5|4|2|3|6|2|2|0|4|4|1|11|6|1|8|11|15|11|11|16|13|12|16|25|15|22|15|17|21|22|17|30|26|30|36|18|20|38|26|16|34|27|29|29|29|21|28|15|22|28|31|26|23|36|25|38|32|42|36|40|28|29|30|34|41|25|27|25|30|29|29|30|23|22|30|14|21|17|15|18|12|
2012-08-12|6|1_CTs|CT18||47|45|34|44|35|29|34|21|27|22|22|27|19|21|15|16|13|19|22|9|22|14|12|18|17|22|23|25|20|27|40|36|29|53|36|54|59|55|44|71|51|69|63|77|81|74|98|79|103|93|74|79|90|76|79|62|80|88|88|81|85|82|89|95|92|88|103|128|105|104|102|108|99|110|116|109|105|108|115|102|111|93|91|77|100|118|116|78|74|85|71|57|62|56|52|51|
2012-08-12|6|1_CTs|CT19||26|24|29|20|19|22|16|14|18|8|18|10|13|11|10|8|8|9|6|6|4|4|7|11|4|4|17|10|7|14|13|18|21|27|20|22|28|29|24|40|37|36|43|51|37|49|66|50|57|55|61|50|78|62|55|56|43|46|49|45|33|60|46|45|49|48|46|48|64|54|65|67|68|75|70|67|59|67|62|65|64|55|58|64|48|50|48|35|43|35|46|32|26|39|24|28|
2012-08-12|6|1_CTs|CT20||18|14|12|13|8|10|11|12|9|9|4|4|8|4|3|4|6|10|4|3|8|5|6|6|4|15|16|13|14|17|14|19|20|24|28|37|27|32|28|36|36|41|50|37|52|52|51|58|58|50|13|37|52|53|48|42|32|20|50|56|40|22|40|51|48|49|49|57|54|58|54|7|61|49|54|54|44|47|43|59|26|20|37|36|45|23|29|34|6|24|36|23|31|24|14|16|
2012-08-12|6|1_CTs|CT21||58|69|66|32|52|50|31|28|37|30|12|16|12|10|23|18|12|23|16|30|26|23|37|28|45|32|41|51|45|44|80|63|61|63|68|78|77|90|77|83|98|101|86|95|101|98|127|107|101|127|110|117|117|120|96|92|108|116|140|128|136|137|142|142|136|158|120|149|130|153|144|178|160|147|161|170|165|157|148|162|179|153|139|141|133|141|132|124|131|124|157|112|145|107|108|93|
2012-08-12|6|1_CTs|CT22||88|66|75|67|57|58|58|44|52|30|44|27|32|24|49|44|36|43|57|53|41|46|62|55|66|56|64|71|86|86|96|82|92|81|108|86|108|115|129|110|112|121|142|154|158|154|147|152|151|151|142|140|154|121|121|139|121|130|150|135|149|142|126|149|165|155|165|168|155|151|158|168|151|142|174|150|131|142|135|137|132|135|122|115|106|121|129|119|96|98|85|95|107|103|107|74|
2012-08-12|6|1_CTs|CT23||76|37|34|48|42|49|31|28|38|24|28|23|13|18|22|19|25|19|16|21|22|18|19|24|32|27|28|28|41|45|54|68|62|80|72|67|72|90|82|100|93|84|100|101|84|80|106|103|102|100|115|102|114|104|87|89|114|107|111|120|137|118|115|124|114|111|108|127|103|126|118|114|121|138|118|114|122|133|137|118|135|113|112|96|122|107|98|86|100|95|95|87|84|62|77|68|
2012-08-12|6|1_CTs|CT24||72|67|59|50|38|29|47|36|48|23|29|30|36|22|25|27|20|25|14|20|31|21|28|28|24|35|45|40|51|46|58|56|51|54|57|59|63|65|67|90|71|85|91|102|119|92|113|106|104|119|101|102|131|89|92|104|87|111|101|116|118|103|103|100|128|134|138|143|127|117|118|150|120|132|131|136|133|142|129|145|129|114|102|117|124|119|121|120|97|81|101|74|64|90|82|77|
