2013-07-19|2|1_CTs|ct1||75|98|93|80|59|50|24|30|19|21|26|12|13|17|14|12|8|15|10|18|16|13|18|22|19|21|34|51|73|78|78|110|128|126|136|153|138|137|157|170|168|177|163|161|167|183|157|201|192|188|167|170|178|159|156|152|156|172|181|194|170|160|190|162|182|154|157|163|165|159|166|157|149|149|151|150|138|173|166|159|171|163|164|188|166|175|139|145|138|125|121|122|142|131|114|103|
2013-07-19|2|1_CTs|ct2||62|59|55|53|52|43|27|33|20|16|35|14|19|11|18|19|18|13|15|17|11|22|19|19|21|25|23|36|34|40|41|54|59|69|79|86|76|88|113|126|116|128|126|109|136|121|108|119|91|107|119|112|115|105|96|80|77|98|120|125|103|105|125|89|103|88|109|101|115|101|110|99|104|115|100|97|104|124|98|98|104|105|141|136|115|117|93|97|97|101|100|83|81|87|81|81|
2013-07-19|2|1_CTs|ct3||104|85|94|60|78|64|44|61|38|22|48|24|26|18|24|27|22|18|21|25|27|32|34|33|25|42|37|63|58|76|68|94|85|103|112|115|109|98|139|141|148|134|137|154|141|132|152|156|144|132|148|142|155|123|118|123|119|144|127|150|148|136|130|166|139|130|149|120|144|126|151|125|125|129|110|135|108|145|149|146|150|142|165|138|157|160|149|135|143|126|140|117|150|134|124|114|
2013-07-19|2|1_CTs|ct4||50|68|56|48|51|34|33|23|37|25|31|18|16|21|21|16|17|18|20|15|19|16|26|20|21|22|26|34|36|47|49|76|80|99|123|111|129|91|103|119|112|97|85|100|96|79|100|74|119|88|104|80|85|89|90|71|62|80|79|88|70|105|88|91|91|102|80|60|88|90|88|71|61|74|93|99|73|88|70|75|74|66|84|78|78|72|81|68|53|80|60|69|58|76|68|64|
2013-07-19|2|1_CTs|ct5||94|121|105|80|91|70|49|51|43|39|38|23|22|33|27|23|21|22|23|20|29|15|33|35|23|32|35|40|45|63|70|106|102|153|176|163|173|164|182|172|159|178|156|161|160|159|152|176|159|155|181|159|153|154|150|146|123|126|147|185|171|205|204|196|220|190|153|144|182|163|172|173|153|163|160|170|179|183|141|157|155|138|147|143|160|135|133|138|113|117|117|139|138|151|152|113|
2013-07-19|2|1_CTs|ct6||94|116|125|105|74|65|38|42|35|37|35|23|16|34|23|27|18|20|21|18|23|16|25|20|21|29|27|30|32|43|49|71|81|99|81|107|120|101|113|122|109|118|118|152|133|137|131|164|141|135|147|134|137|129|147|121|127|121|134|164|155|158|151|165|145|147|155|135|141|152|152|164|137|140|145|140|151|152|128|131|132|113|137|124|130|110|117|117|102|112|132|114|116|154|135|121|
2013-07-19|2|1_CTs|ct17||98|94|96|61|61|62|37|50|26|28|33|25|16|20|19|11|17|10|19|14|20|23|15|14|19|20|20|35|40|64|56|74|80|101|119|97|111|91|128|119|100|105|127|110|85|145|89|131|135|97|97|127|97|123|79|101|90|58|1|1|0|0|0|0|0|0|0|1|0|0|0|0|0|0|0|0|1|0|0|0|0|0|0|0|0|0|0|0|0|0|0|0|0|0|0|0|
2013-07-19|2|1_CTs|CT19||0|0|0|1|0|0|0|0|0|2|0|0|0|0|1|0|1|1|1|0|0|0|0|0|2|0|0|0|0|2|0|2|1|0|0|2|7|0|0|4|0|0|0|1|0|0|0|3|0|0|0|0|2|0|0|0|0|0|0|2|0|0|0|0|0|0|2|2|0|0|0|0|0|0|0|0|0|0|0|0|0|0|0|0|0|3|0|0|0|1|0|0|0|0|0|0|
2013-07-19|2|1_CTs|CT20||88|88|88|82|77|59|54|52|44|45|51|36|28|27|24|29|16|30|30|19|26|28|18|19|22|24|38|37|57|70|65|86|93|93|119|79|80|104|97|92|92|89|80|86|65|91|83|89|79|90|87|78|85|90|79|89|75|85|80|97|92|66|85|117|82|98|101|108|101|113|95|110|123|97|87|101|125|109|107|107|111|115|115|104|110|111|119|105|117|107|114|104|118|106|104|85|
2013-07-19|2|1_CTs|CT21||24|37|29|17|32|22|20|17|17|14|17|14|4|5|5|6|6|9|7|2|4|2|2|9|5|8|7|14|12|15|22|31|36|41|51|47|56|55|42|38|41|42|32|45|44|55|39|41|41|43|41|42|30|31|35|40|29|37|48|48|47|43|50|41|45|36|55|35|45|45|48|44|49|38|48|38|41|46|42|46|39|36|50|50|46|34|38|43|40|33|38|30|44|49|38|42|
