2011-09-28|22|1_CTs|CT1||17|26|7|10|13|7|8|5|5|4|4|2|5|3|1|6|6|6|3|8|6|5|10|14|28|27|30|41|50|74|136|161|213|208|215|180|164|155|129|111|96|80|81|85|64|72|67|81|60|81|92|66|94|75|72|79|68|85|69|86|69|94|83|76|86|86|97|88|92|112|87|100|81|86|96|73|76|91|67|70|59|49|49|46|42|36|33|26|30|26|31|23|22|22|17|17|
2011-09-28|22|1_CTs|CT2||51|37|19|17|16|16|14|18|6|8|8|12|6|10|2|4|7|1|7|3|8|17|16|19|34|37|33|55|86|91|169|210|270|268|320|289|258|246|198|202|173|157|139|144|132|162|150|158|153|142|175|153|125|145|136|158|148|146|155|158|150|147|155|180|140|163|189|182|192|214|241|228|246|235|266|182|210|184|149|155|133|134|99|95|73|81|81|76|64|60|62|41|47|52|35|42|
2011-09-28|22|1_CTs|CT3||59|41|25|30|23|23|18|20|13|9|16|14|10|6|2|6|9|3|12|11|17|19|23|26|40|47|52|79|117|148|259|312|337|384|403|384|348|329|274|258|210|206|221|209|171|226|211|214|211|188|227|227|181|200|186|229|209|179|242|200|203|210|234|250|226|250|275|267|235|286|304|308|294|278|319|278|260|235|219|210|195|206|137|139|121|109|108|108|109|98|97|61|83|80|52|52|
2011-09-28|22|1_CTs|CT4||39|26|23|29|18|14|9|18|13|6|4|8|11|11|6|2|6|3|3|7|8|10|11|22|25|25|29|45|54|85|107|148|173|182|208|229|204|196|179|185|176|143|167|142|178|180|151|154|162|140|145|172|152|182|150|159|168|149|169|152|163|147|158|148|153|181|183|220|203|206|220|200|228|247|239|225|223|202|189|196|171|174|155|102|96|95|90|75|80|58|70|55|44|41|38|42|
2011-09-28|22|1_CTs|CT5||45|23|29|30|22|11|10|21|11|8|6|9|10|19|9|6|6|4|9|6|11|20|14|24|31|32|34|57|62|91|121|193|252|277|272|280|286|284|199|208|157|154|159|156|156|200|157|174|144|156|169|179|158|182|154|170|178|182|185|190|192|177|203|190|169|216|220|275|261|268|300|278|313|299|331|268|283|249|232|216|207|198|142|124|92|102|74|82|77|67|72|67|54|51|52|46|
2011-09-28|22|1_CTs|CT6||37|24|13|19|16|9|9|15|6|4|6|5|11|11|8|4|5|8|8|3|5|15|9|16|10|21|15|29|28|41|38|90|104|96|117|128|118|109|100|111|81|92|85|99|107|108|108|107|98|97|113|106|103|120|118|95|110|100|102|113|116|119|107|139|119|129|158|138|159|154|153|162|178|179|185|145|162|153|137|127|143|127|100|92|79|80|62|81|48|49|57|46|42|37|34|31|
2011-09-28|22|1_CTs|CT7||7|8|2|1|1|3|3|8|0|4|2|2|1|4|0|1|1|1|0|0|0|1|2|3|3|6|6|9|9|5|20|14|33|39|46|54|33|40|48|31|24|31|20|21|21|23|14|22|27|21|26|29|35|23|20|26|21|28|30|30|26|26|25|23|19|21|36|29|17|39|43|39|26|31|38|26|26|22|24|19|12|18|11|15|9|9|17|8|6|8|15|4|8|11|4|6|
2011-09-28|22|1_CTs|CT8||3|5|5|4|3|3|3|5|2|2|1|2|1|0|0|1|1|0|3|1|2|0|0|2|2|2|5|6|8|11|19|27|52|35|39|36|44|35|28|31|23|23|16|37|18|42|23|47|29|23|40|28|24|23|19|32|33|32|30|35|38|32|38|26|27|27|27|31|44|45|48|41|41|47|47|40|62|42|30|46|33|28|40|26|18|17|5|13|9|11|13|9|7|14|14|7|
2011-09-28|22|1_CTs|CT9||40|22|18|17|14|15|11|15|12|5|9|5|6|6|8|4|7|4|9|13|13|22|19|29|39|40|60|99|95|187|273|360|361|345|341|311|329|311|261|224|223|187|174|155|175|173|186|196|172|149|165|212|170|170|173|201|187|212|224|239|185|205|175|167|172|217|221|235|179|252|197|205|200|246|221|173|167|135|156|169|142|118|93|109|91|73|61|82|66|66|15|47|57|41|40|44|
2011-09-28|22|1_CTs|CT10||1|0|0|1|1|0|0|2|0|0|0|1|0|1|1|1|0|2|1|2|3|5|1|8|6|4|6|4|4|7|6|13|34|53|14|10|9|7|4|9|12|7|2|6|4|6|8|3|7|5|2|11|8|10|2|3|2|6|8|14|1|4|8|8|5|8|7|7|8|11|3|14|4|5|9|3|7|5|3|6|1|5|3|3|5|1|1|1|1|4|15|26|14|23|13|18|
