2012-04-13|6|1_CTs|CT1||2|2|1|2|0|0|0|1|0|0|0|1|0|2|0|2|1|2|0|1|4|2|2|5|11|11|12|3|1|6|10|11|18|25|9|9|8|23|19|14|18|8|4|6|7|2|6|7|3|8|3|9|7|7|8|7|2|7|5|3|10|5|8|6|2|5|6|11|7|13|6|15|14|10|5|3|5|14|1|2|5|4|3|1|0|3|2|1|1|1|3|14|10|1|0|3|
2012-04-13|6|1_CTs|CT3||14|19|12|12|7|10|1|2|4|4|1|5|4|3|2|7|9|8|13|15|13|23|18|22|34|24|29|44|56|58|80|76|87|102|100|100|67|70|91|86|72|66|48|60|70|58|67|67|65|62|46|60|57|40|43|41|40|55|66|62|53|56|56|51|57|62|56|60|66|69|68|73|73|85|89|56|51|64|73|48|42|45|47|56|27|29|32|27|25|31|22|19|31|32|26|20|
2012-04-13|6|1_CTs|CT4||5|4|4|4|7|5|4|3|2|1|2|3|2|2|5|1|0|1|0|4|2|3|2|6|3|4|4|0|6|14|23|25|62|46|24|28|40|28|25|6|20|33|9|30|12|4|19|6|21|30|27|27|43|29|27|32|26|30|20|41|32|30|25|28|35|27|42|46|39|52|50|54|63|49|48|56|52|38|43|42|42|39|29|24|26|19|21|19|15|20|9|18|11|14|10|8|
2012-04-13|6|1_CTs|CT5||26|33|20|20|24|22|9|15|9|9|9|8|7|6|8|2|6|3|11|9|6|10|6|14|11|12|13|283|21|32|34|44|59|63|81|96|81|72|79|77|72|75|72|64|72|83|71|75|63|67|70|84|61|54|55|55|68|73|86|64|74|51|85|69|70|59|62|48|53|83|77|108|72|70|67|69|63|44|45|56|53|35|59|60|40|22|3|24|42|39|42|39|38|32|48|33|
2012-04-13|6|1_CTs|CT6||20|23|22|17|10|11|6|10|8|5|2|4|3|1|2|7|4|5|5|11|11|9|9|14|13|14|23|18|32|46|69|115|149|191|168|198|191|149|152|118|125|107|94|123|102|100|93|112|121|101|101|104|113|113|109|129|120|108|128|115|122|90|135|118|102|103|114|105|139|165|144|117|115|143|130|123|98|119|123|116|105|122|110|74|85|72|94|59|46|51|62|60|64|45|32|30|
2012-04-13|6|1_CTs|CT7||1|3|8|3|3|4|1|2|0|0|1|0|1|3|0|0|0|2|2|0|2|1|1|4|4|3|4|4|5|11|14|21|25|41|41|35|36|34|30|29|37|22|22|24|20|26|33|26|16|17|24|20|30|19|28|23|21|17|21|35|28|27|34|26|28|30|283|26|25|30|33|44|41|32|48|38|21|25|15|27|17|14|21|16|23|15|13|12|18|11|10|7|10|7|6|10|
2012-04-13|6|1_CTs|CT8||33|51|33|33|19|23|22|22|19|15|14|11|23|13|8|9|6|7|9|8|5|16|21|24|20|17|47|52|84|117|145|188|231|230|246|210|215|221|210|200|152|148|153|135|146|115|144|126|140|144|141|192|144|158|143|122|166|156|160|146|165|155|141|157|152|171|168|185|172|206|203|177|189|203|192|173|166|174|172|175|168|167|153|126|113|113|88|95|83|73|88|83|93|71|87|63|
2012-04-13|6|1_CTs|CT9||63|75|35|38|38|24|19|13|7|16|11|12|11|5|6|9|11|8|7|12|16|14|19|35|37|40|39|79|79|145|186|262|311|344|395|383|363|310|292|286|258|259|249|205|186|202|203|252|211|204|204|190|199|175|205|197|212|225|220|238|205|261|317|311|339|381|359|361|309|350|324|355|369|291|319|331|307|345|351|278|204|192|172|157|115|132|128|116|109|81|90|87|93|93|69|76|
2012-04-13|6|1_CTs|CT10||38|37|28|27|18|26|17|22|4|11|15|11|9|7|7|9|8|7|6|3|6|9|14|20|27|40|33|47|49|72|103|155|209|213|259|245|208|205|195|208|184|153|142|151|158|157|138|154|165|155|153|171|169|136|121|143|175|154|161|162|197|193|239|215|233|241|522|269|231|243|252|217|262|252|242|241|212|216|199|169|197|166|139|123|109|128|73|78|91|67|74|45|42|48|45|41|
2012-04-13|6|1_CTs|CT11||38|36|13|26|21|13|19|4|4|7|9|7|9|3|7|7|8|8|7|11|16|17|23|36|27|44|69|84|80|146|210|340|357|312|322|293|358|305|300|303|285|300|279|197|167|175|205|203|180|181|200|183|216|186|173|193|183|208|222|219|226|208|220|212|220|224|500|224|231|235|225|210|198|215|207|208|192|182|160|175|155|159|158|125|116|121|108|91|60|65|54|57|67|45|47|51|
2012-04-13|6|1_CTs|CT12||35|45|31|32|25|21|21|19|11|11|8|8|10|5|8|10|10|6|8|6|6|14|13|23|26|36|42|52|47|88|124|195|264|310|292|327|323|303|280|280|248|182|183|142|197|181|192|170|171|170|175|190|201|181|161|185|184|183|187|185|207|202|222|245|236|267|294|284|290|328|305|298|344|310|335|272|207|250|235|223|219|189|193|130|127|112|90|93|104|83|75|69|66|55|53|66|
2012-04-13|6|1_CTs|CT13||18|26|19|14|13|12|8|8|3|3|1|4|4|5|1|3|2|2|6|5|4|7|9|14|19|19|15|32|37|58|83|118|136|188|194|221|179|168|152|136|151|111|114|103|101|108|117|122|91|109|101|113|109|104|109|114|114|124|107|115|118|131|152|165|153|201|436|169|154|202|217|227|224|179|214|209|194|230|188|147|99|88|90|79|55|70|59|46|60|48|45|36|37|41|34|37|
2012-04-13|6|1_CTs|CT14||27|25|25|20|17|14|19|9|10|8|9|9|8|2|3|2|4|9|2|7|3|13|15|19|13|26|19|20|31|45|51|74|89|111|121|155|156|146|141|121|113|100|108|82|108|117|112|89|101|99|104|111|90|91|93|92|106|109|108|121|131|125|142|176|168|196|170|164|214|190|172|191|208|190|191|152|162|203|162|132|136|115|87|82|84|75|69|48|48|55|52|50|42|43|42|30|
2012-04-13|6|1_CTs|CT15||14|16|17|10|7|9|5|2|3|4|1|4|3|7|1|5|1|5|6|7|17|11|14|20|12|11|23|41|37|61|94|125|192|176|191|198|147|117|162|121|121|88|87|82|74|90|81|79|73|71|72|81|77|68|70|69|79|84|87|85|66|79|112|89|140|154|131|101|100|129|145|127|129|131|113|116|119|142|166|96|69|61|59|54|46|52|39|31|26|24|27|20|26|20|26|27|
2012-04-13|6|1_CTs|CT16||35|33|30|30|21|22|16|20|1|5|14|11|11|10|8|4|5|11|7|6|11|12|17|26|28|33|42|57|66|90|148|214|285|279|229|235|271|269|272|275|252|234|204|177|172|189|188|181|166|175|191|193|197|166|168|187|183|181|202|211|205|180|203|179|175|211|468|199|198|235|227|215|241|227|249|229|198|178|170|160|189|159|149|133|148|138|101|92|89|79|73|64|55|50|49|56|
2012-04-13|6|1_CTs|CT17||26|26|13|19|25|15|7|8|4|6|5|4|10|1|0|4|8|2|3|2|2|1|3|2|3|3|8|10|8|15|41|42|64|70|64|60|66|69|45|73|65|62|68|64|70|55|79|76|80|74|44|70|72|80|85|74|77|75|73|72|80|83|73|73|87|56|90|96|89|85|80|76|87|84|99|96|82|88|78|70|63|62|59|57|56|47|58|47|57|37|44|43|41|30|33|36|
2012-04-13|6|1_CTs|CT18||71|62|52|46|49|52|33|34|19|17|17|13|14|18|21|11|10|18|16|17|18|24|17|32|32|40|44|324|83|118|155|232|304|306|307|325|309|293|309|294|328|298|236|235|224|223|240|250|206|225|235|267|250|226|226|230|233|234|252|276|282|259|282|248|251|232|513|247|276|320|344|243|276|320|292|272|281|254|230|239|233|211|207|172|157|184|170|145|117|103|132|110|103|101|123|85|
2012-04-13|6|1_CTs|CT19||40|34|28|30|39|26|15|17|5|13|13|15|8|5|8|8|11|9|14|7|8|1|6|14|6|13|18|16|21|33|58|76|178|175|135|183|167|152|149|161|140|132|132|108|129|141|168|136|154|150|130|148|143|153|133|110|132|151|138|145|133|144|171|159|163|145|167|171|183|201|234|237|251|251|235|237|232|214|193|187|169|154|146|126|96|94|85|76|88|71|70|79|66|51|51|55|
2012-04-13|6|1_CTs|CT20||30|21|12|15|11|3|12|7|4|7|1|5|6|2|3|2|5|8|2|5|12|13|12|14|13|17|18|32|35|52|58|96|129|161|156|154|135|138|120|131|130|111|129|108|96|110|149|53|87|113|123|108|91|35|106|88|119|127|125|116|60|29|124|151|104|25|73|78|138|155|134|137|109|158|150|132|9|97|119|65|98|88|95|5|41|62|46|44|62|65|51|62|42|39|37|37|
2012-04-13|6|1_CTs|CT21||69|63|50|35|33|14|21|14|12|21|14|15|13|11|8|13|16|8|21|28|23|28|36|45|53|52|60|101|112|174|236|290|339|349|340|341|285|249|345|321|286|244|261|245|236|217|235|223|212|244|224|223|212|217|231|230|216|213|220|257|232|226|220|240|224|262|473|242|233|281|262|254|270|268|280|248|244|307|255|224|202|203|224|158|152|140|142|121|119|124|113|95|110|100|114|79|
2012-04-13|6|1_CTs|CT22||113|82|68|61|98|69|58|27|32|34|31|27|25|30|12|32|28|29|35|36|40|42|34|42|53|50|68|95|96|128|179|184|207|245|274|320|290|292|253|265|252|224|259|259|261|259|287|258|280|261|283|254|246|271|261|238|279|301|310|290|295|278|282|342|307|331|353|369|367|405|396|382|376|409|366|368|367|389|347|325|293|293|273|237|205|189|186|176|161|178|154|127|124|113|145|117|
2012-04-13|6|1_CTs|CT23||74|74|50|50|32|23|31|28|21|23|17|18|19|21|12|20|10|10|16|18|17|24|37|29|37|45|52|85|125|169|222|285|351|352|357|386|296|322|328|308|285|231|230|246|250|185|246|209|228|256|239|269|258|246|239|212|231|270|235|290|258|255|257|264|255|320|304|314|297|351|318|312|322|345|344|291|287|309|298|286|263|265|251|212|155|196|147|135|113|121|137|131|154|105|108|94|
2012-04-13|6|1_CTs|CT24||90|81|63|45|82|36|35|30|20|20|27|21|13|19|14|12|13|20|13|22|27|20|19|27|39|35|60|338|95|132|199|213|259|323|355|343|435|362|323|293|281|274|277|252|246|252|231|263|263|236|253|257|277|246|224|249|232|213|288|266|272|315|292|335|343|316|654|382|340|378|387|366|417|430|409|416|398|361|357|316|311|306|262|203|209|172|154|140|126|130|99|116|105|112|91|91|
