2013-06-18|6|1_CTs|CT1||0|1|0|1|0|1|0|1|3|0|0|1|0|0|2|1|0|1|2|2|2|3|1|2|3|3|2|1|3|2|4|5|15|10|17|47|30|13|6|7|9|8|4|3|4|9|6|4|4|8|6|5|9|6|2|6|6|1|5|4|8|7|7|3|4|6|5|7|0|2|9|4|7|4|2|2|8|3|4|6|5|4|6|5|2|0|3|2|1|1|1|16|23|8|0|1|
2013-06-18|6|1_CTs|CT3||7|8|6|4|12|5|5|1|3|2|1|1|0|4|2|1|7|6|8|20|23|23|23|21|36|34|34|30|43|55|63|81|60|80|112|88|97|78|75|75|50|52|43|55|42|39|43|44|47|49|47|53|55|43|43|45|51|54|57|48|49|44|45|57|54|55|40|69|69|77|68|87|63|85|83|79|56|44|29|45|36|37|33|27|15|15|34|26|26|21|24|20|28|26|21|20|
2013-06-18|6|1_CTs|CT4||4|6|3|5|4|5|3|4|0|1|2|2|1|1|1|2|2|1|1|2|1|4|1|1|2|1|1|2|6|4|11|10|22|30|22|26|40|28|15|19|27|16|34|23|30|36|20|11|27|31|35|37|24|27|24|23|19|31|22|27|27|30|22|29|37|31|22|55|35|45|46|46|38|37|43|41|44|35|44|44|27|21|21|14|24|16|21|21|17|11|8|7|12|11|8|5|
2013-06-18|6|1_CTs|CT5||20|10|14|8|8|3|7|9|9|4|4|6|2|5|2|4|2|3|10|9|3|8|5|9|11|9|15|26|22|32|49|43|62|70|72|93|104|100|79|76|83|71|75|58|67|68|72|72|68|62|83|64|75|64|57|69|58|65|72|71|80|88|86|92|85|66|79|63|61|55|61|63|79|64|53|67|57|47|63|55|51|53|36|38|31|33|26|39|41|30|28|27|25|24|25|21|
2013-06-18|6|1_CTs|CT6||12|12|16|9|11|5|10|5|4|1|3|1|2|6|4|2|6|4|5|8|6|12|8|12|13|14|21|13|33|38|55|93|127|130|173|169|155|157|138|120|133|114|92|112|98|109|104|103|108|81|111|89|98|86|101|102|124|97|118|108|115|112|123|105|106|89|104|117|140|139|135|153|130|161|168|132|121|95|103|94|91|91|81|53|85|73|61|67|48|53|38|54|42|41|30|26|
2013-06-18|6|1_CTs|CT7||6|2|4|1|2|1|2|3|1|1|3|1|2|0|2|1|0|2|4|1|1|4|2|4|4|3|5|10|4|11|16|26|17|32|35|49|32|36|29|32|41|26|17|20|20|26|11|20|23|23|27|31|16|19|25|29|22|24|28|31|30|25|24|26|29|18|26|12|1|22|20|25|15|13|19|30|29|21|18|21|21|18|15|15|16|10|9|10|8|11|9|11|8|8|4|6|
2013-06-18|6|1_CTs|CT8||36|40|18|17|28|20|17|11|11|11|9|11|20|4|4|9|9|9|5|4|5|12|15|29|23|32|45|43|74|95|155|183|226|230|203|206|192|181|182|202|159|155|160|145|155|155|146|168|126|138|140|155|141|154|164|150|161|180|162|166|159|150|147|140|148|150|147|153|179|186|186|181|197|184|178|170|172|183|164|152|136|151|142|115|103|93|83|80|77|68|72|57|64|40|49|43|
2013-06-18|6|1_CTs|CT9||39|32|31|23|31|14|9|9|7|7|12|9|10|7|8|2|6|9|4|8|14|21|18|31|42|34|46|70|66|107|183|225|238|283|350|414|360|353|294|256|230|200|197|212|179|185|193|198|206|177|178|203|218|189|169|201|189|205|225|221|192|218|233|212|203|226|239|246|60|414|373|378|382|424|355|368|306|233|173|162|155|179|155|141|116|123|117|99|104|87|95|74|87|87|62|58|
2013-06-18|6|1_CTs|CT10||34|16|21|12|14|12|8|12|8|4|10|5|7|4|2|2|2|3|4|5|9|8|14|18|28|25|33|40|55|44|93|110|152|155|193|190|226|206|223|200|202|166|153|157|158|121|127|137|167|160|133|144|142|127|136|135|136|152|156|150|142|158|127|127|174|177|173|146|0|0|0|0|0|0|0|0|0|0|0|0|0|0|0|0|0|0|0|0|0|0|0|0|0|0|0|0|
2013-06-18|6|1_CTs|CT11||28|25|17|16|19|7|9|8|8|6|4|9|9|8|9|7|13|6|5|11|14|21|11|36|41|37|50|74|80|143|218|273|297|315|360|345|336|343|303|268|232|230|220|200|153|178|205|177|181|195|190|204|193|199|152|203|194|236|224|224|203|218|185|200|178|186|232|158|34|234|245|211|210|195|203|180|184|149|164|174|140|122|139|122|94|95|94|71|79|71|52|32|54|36|44|42|
2013-06-18|6|1_CTs|CT12||38|31|20|19|13|16|12|16|7|5|4|6|15|4|4|9|3|5|4|13|8|16|16|24|26|34|30|48|56|67|95|138|194|242|257|297|286|278|259|236|214|200|181|190|163|157|161|149|196|196|161|194|160|151|168|204|181|168|198|190|196|181|171|178|214|225|222|153|36|272|260|264|271|288|260|266|233|236|230|202|173|148|148|108|103|94|103|96|72|58|64|60|59|59|42|58|
2013-06-18|6|1_CTs|CT13||0|0|0|0|0|0|0|0|0|0|0|0|0|0|0|0|0|0|0|0|0|0|0|0|0|0|0|0|0|0|0|0|0|0|0|0|0|0|0|0|0|0|0|0|0|0|0|0|0|0|0|0|0|0|0|0|0|0|0|0|0|0|0|0|0|0|0|0|2|0|0|0|0|0|0|0|0|0|0|0|0|0|0|0|0|0|0|0|0|0|0|0|0|0|0|0|
2013-06-18|6|1_CTs|CT15||11|12|8|4|8|4|8|8|2|9|1|3|5|1|4|2|4|10|8|12|11|8|10|16|13|18|19|39|35|65|67|112|114|125|170|197|167|139|122|84|107|81|88|71|78|78|72|68|67|66|85|87|84|89|86|78|60|82|70|88|78|86|87|84|91|82|93|164|168|203|157|175|170|172|163|184|93|79|65|56|64|60|55|44|31|35|42|32|19|22|31|27|21|16|19|15|
2013-06-18|6|1_CTs|CT16||31|18|19|19|16|9|9|11|12|9|11|11|7|4|9|3|7|6|6|10|9|11|13|22|35|29|40|52|61|100|155|194|186|216|273|283|281|264|251|237|225|209|196|202|171|185|186|178|163|188|181|185|165|194|146|172|172|186|197|204|197|207|189|174|164|196|198|132|23|180|200|198|184|202|189|199|195|160|158|181|155|145|154|110|95|92|87|82|77|60|71|58|46|46|49|48|
2013-06-18|6|1_CTs|CT17||21|9|7|10|8|6|4|5|3|3|6|2|2|4|3|1|2|1|2|6|1|2|2|1|4|4|5|10|8|20|30|29|51|63|82|85|75|91|67|70|50|45|59|73|67|56|54|84|253|261|184|221|215|210|219|255|201|188|186|188|89|214|258|275|250|268|225|252|316|380|308|337|323|335|267|324|279|377|285|239|216|235|210|166|159|150|142|164|125|117|83|105|97|91|56|79|
2013-06-18|6|1_CTs|CT18||64|46|34|32|25|16|18|15|19|14|16|15|12|11|12|7|12|14|18|18|14|15|18|20|42|38|50|66|80|119|161|202|233|250|315|221|137|243|307|288|277|268|219|253|239|261|232|220|202|227|230|240|237|214|210|216|195|231|234|261|271|282|232|240|256|217|254|247|270|279|257|262|279|308|313|280|279|247|229|222|178|204|177|153|122|130|108|127|115|89|105|87|97|73|84|70|
2013-06-18|6|1_CTs|CT19||37|30|18|23|26|19|9|14|8|8|12|4|12|7|4|5|2|4|5|7|3|4|8|4|6|7|13|20|16|41|56|62|104|122|131|157|179|158|165|147|132|115|132|131|142|140|129|154|163|139|134|132|120|144|120|124|122|116|127|139|136|131|139|158|164|159|134|163|171|209|192|187|207|202|192|229|202|204|170|159|120|169|117|108|98|84|80|78|71|66|51|59|47|53|31|39|
2013-06-18|6|1_CTs|CT20||18|13|11|12|12|7|5|1|2|0|0|0|0|0|0|0|0|0|0|0|0|0|0|0|0|0|0|0|0|0|0|0|0|4|95|165|142|103|60|125|102|126|11|132|127|128|120|113|121|110|101|124|107|85|53|99|36|114|116|91|51|119|125|102|19|117|107|22|129|148|35|126|37|115|60|156|167|47|86|24|40|53|68|27|48|59|52|57|50|38|54|47|39|28|33|21|
2013-06-18|6|1_CTs|CT21||67|51|37|52|34|34|17|15|16|15|10|13|9|13|12|12|14|16|24|25|37|53|43|48|65|79|80|107|107|201|230|335|316|314|366|331|382|306|309|244|276|211|239|254|216|175|239|213|208|204|220|220|226|211|225|253|241|263|254|268|250|256|239|238|223|245|229|295|285|311|330|315|302|368|376|267|225|221|177|187|206|149|147|135|115|134|123|108|102|97|91|117|88|74|91|77|
2013-06-18|6|1_CTs|CT22||91|77|67|49|28|42|23|19|35|23|15|15|18|26|20|21|22|24|33|41|52|44|48|42|53|68|78|84|86|146|170|165|189|248|271|258|255|304|266|230|280|250|234|211|213|234|224|256|289|255|230|270|263|240|238|224|226|275|241|250|279|285|294|282|286|317|323|319|337|323|375|362|369|358|390|352|353|346|325|281|287|261|215|206|200|152|189|168|130|152|136|147|108|120|102|100|
2013-06-18|6|1_CTs|CT23||47|51|31|37|32|29|15|14|15|15|14|17|25|10|5|13|15|11|9|13|16|23|25|37|47|49|75|79|88|157|215|283|311|353|350|390|332|349|324|298|274|244|234|213|209|204|220|218|227|239|202|232|240|199|249|230|247|261|285|252|255|238|226|233|260|247|228|311|335|340|321|359|344|357|384|362|333|296|246|266|242|260|201|179|157|148|152|126|127|106|109|111|106|88|96|63|
2013-06-18|6|1_CTs|CT24||66|65|54|34|34|27|26|14|19|14|11|9|12|8|15|9|12|7|17|16|14|26|19|33|33|47|76|78|96|134|154|175|226|298|317|347|395|366|345|312|322|282|239|262|257|255|282|283|265|256|254|268|285|302|234|229|262|244|266|288|295|309|277|300|276|320|318|325|309|355|366|387|343|409|433|378|380|349|338|310|301|256|202|209|167|188|143|155|123|129|120|129|100|98|108|82|
