2016-04-11|2|1_CTs|ct1||301|48|30|267|23|24|30|16|17|11|6|5|8|8|16|11|9|13|12|15|20|35|24|41|42|49|61|583|85|198|286|136|146|177|176|454|155|179|196|441|199|220|198|202|193|215|184|199|447|183|200|182|186|181|421|417|169|201|438|210|685|211|664|209|680|706|162|677|394|156|138|139|158|410|149|144|152|163|147|653|118|152|391|105|104|98|597|90|87|81|293|85|72|64|285|59|
2016-04-11|2|1_CTs|ct2||32|33|20|15|18|22|20|13|17|9|6|3|6|8|50|13|6|6|21|7|8|9|10|16|25|21|27|280|26|41|308|43|51|290|39|73|70|63|88|79|96|114|346|100|93|109|86|91|99|350|79|102|95|95|74|328|329|79|80|113|315|110|343|95|338|346|76|72|306|103|80|84|85|321|78|68|78|73|69|332|569|76|568|69|65|52|278|50|49|43|41|47|302|41|263|43|
2016-04-11|2|1_CTs|ct3||293|66|42|35|34|37|33|26|32|18|8|4|9|7|235|10|8|14|9|11|22|290|25|32|284|293|60|313|64|87|109|119|132|131|394|159|362|147|188|181|160|207|232|191|208|222|206|201|210|200|183|193|443|170|430|165|176|441|189|226|206|199|456|462|404|222|173|393|672|172|154|170|176|184|179|156|593|503|158|184|389|153|376|115|306|164|95|100|108|86|83|76|84|84|64|75|
2016-04-11|2|1_CTs|ct4||288|48|37|18|33|22|20|12|13|17|270|7|9|11|13|10|7|10|9|12|10|16|20|18|22|25|24|49|52|46|326|77|85|105|112|127|115|129|110|127|132|112|143|124|125|391|115|144|136|113|136|120|121|105|120|377|123|108|131|132|903|409|165|125|615|136|104|125|372|113|111|108|103|111|103|110|95|113|94|86|92|74|352|320|73|72|75|72|62|67|59|51|75|48|64|54|
2016-04-11|2|1_CTs|ct5||69|62|50|44|55|40|32|21|21|22|13|6|20|17|23|17|10|19|6|12|23|24|24|23|23|23|25|40|62|51|110|373|136|144|410|179|166|430|158|188|193|182|204|198|215|460|204|728|482|160|176|198|194|158|175|184|192|427|195|466|443|487|730|246|204|464|204|201|429|202|453|189|179|690|168|176|173|174|141|390|127|373|136|114|111|376|371|118|346|104|358|81|97|95|107|76|
2016-04-11|2|1_CTs|ct6||52|58|49|33|50|280|33|277|20|19|13|9|12|12|18|15|264|14|7|9|18|15|24|28|285|21|32|35|55|43|71|83|83|104|107|129|127|121|121|124|122|139|123|122|147|166|146|143|159|128|394|135|394|133|146|395|383|624|145|423|411|176|656|181|430|176|415|426|412|433|148|129|155|136|125|127|151|139|137|372|124|97|342|99|108|92|102|95|340|96|95|339|84|91|326|314|
2016-04-11|2|1_CTs|ct17||74|91|64|44|48|52|39|38|36|277|15|12|14|21|21|19|12|17|252|13|20|29|41|35|54|38|66|63|71|87|116|141|153|162|161|188|187|167|229|462|230|220|264|253|252|242|244|525|521|226|483|499|221|182|479|216|478|514|240|270|249|265|757|252|935|493|496|233|214|478|737|210|471|746|235|465|222|445|220|211|691|693|676|131|358|174|622|114|107|100|110|339|347|114|89|80|
2016-04-11|2|1_CTs|CT19||289|290|17|21|26|14|11|11|7|237|5|2|245|3|230|3|10|6|263|7|8|9|11|8|13|10|27|32|40|45|51|336|343|88|354|115|100|84|353|104|108|105|135|354|587|82|146|121|359|112|613|107|101|93|369|342|103|599|77|642|385|131|332|123|356|850|336|136|623|133|134|130|131|368|135|386|123|111|366|351|357|562|307|72|54|63|313|300|51|54|549|286|50|304|561|272|
2016-04-11|2|1_CTs|CT20||49|45|279|268|34|17|17|17|21|12|12|8|8|4|4|3|8|6|3|4|4|13|7|10|13|265|17|21|31|296|44|64|78|350|89|103|92|94|319|73|79|65|316|80|74|295|61|340|315|83|53|74|81|73|330|68|77|583|69|69|583|68|334|77|330|76|584|82|66|68|329|344|337|579|86|346|90|317|74|593|328|64|82|61|273|91|58|59|302|41|297|40|566|293|48|52|
2016-04-11|2|1_CTs|CT21||277|27|18|13|15|11|15|9|9|6|8|2|241|2|2|1|2|2|2|2|3|6|2|6|3|8|12|14|14|18|34|36|43|568|52|301|54|56|47|52|55|46|276|295|45|267|45|275|285|52|40|306|53|51|51|35|54|274|47|55|49|50|53|44|52|298|309|301|37|274|41|300|53|47|291|63|63|48|47|52|36|42|41|27|41|34|29|24|249|23|19|21|267|22|33|23|
