2016-04-01|2|1_CTs|ct1||83|66|60|55|31|39|38|25|286|32|25|20|19|15|25|15|7|274|11|18|12|30|276|40|34|49|59|70|82|107|149|156|378|160|441|168|429|201|202|190|406|196|709|470|464|456|178|429|423|423|209|215|200|203|449|440|435|465|442|211|453|188|175|198|187|668|430|435|176|672|413|408|157|161|162|189|156|695|177|446|165|202|142|679|665|153|131|131|128|124|134|149|395|124|140|126|
2016-04-01|2|1_CTs|ct2||60|51|289|37|25|22|23|15|271|24|12|21|11|12|16|262|5|267|250|7|10|15|17|16|27|21|20|21|22|39|41|47|41|50|68|68|327|93|78|110|588|98|105|125|383|111|116|95|96|344|95|114|611|82|344|322|349|102|90|104|343|109|383|106|86|342|350|351|346|583|93|86|84|88|84|96|77|592|92|349|66|101|74|328|616|102|338|319|77|313|64|85|337|70|83|62|
2016-04-01|2|1_CTs|ct3||81|79|72|72|46|47|55|27|39|43|32|32|21|24|30|267|10|14|11|33|13|33|44|39|43|48|371|242|62|106|363|123|131|141|411|155|404|169|204|196|388|178|210|214|475|214|231|724|215|475|428|209|729|440|194|440|704|239|227|201|231|467|493|241|195|191|185|219|192|189|178|186|169|434|193|719|170|436|441|197|141|194|132|476|189|425|167|368|381|152|141|423|168|145|156|159|
2016-04-01|2|1_CTs|ct4||80|68|48|42|29|288|31|29|24|26|27|19|13|20|21|274|18|23|9|10|13|9|24|279|25|34|28|44|40|45|62|63|90|95|135|112|119|127|131|123|129|376|110|625|130|397|125|121|640|125|136|120|617|380|108|124|104|121|378|371|136|120|115|147|152|154|143|113|390|117|123|113|89|115|94|120|129|111|94|369|356|122|94|114|103|100|85|316|66|97|67|93|79|93|100|90|
2016-04-01|2|1_CTs|ct5||138|372|75|73|67|59|61|59|30|38|41|30|25|31|30|28|29|36|19|17|21|22|284|28|42|32|22|49|58|294|338|101|150|400|180|434|707|192|440|445|437|191|175|756|451|201|462|215|240|194|462|456|199|195|442|195|697|194|468|477|202|737|464|467|226|239|478|196|467|209|227|930|181|193|185|199|452|217|180|440|173|195|163|179|664|153|407|402|123|395|131|167|430|157|184|149|
2016-04-01|2|1_CTs|ct6||160|672|352|68|323|56|64|45|27|28|33|291|20|36|22|26|23|25|12|15|3|7|42|29|30|45|28|34|47|40|67|77|88|102|119|113|390|371|130|379|134|392|233|288|412|394|150|401|167|157|166|168|672|409|136|402|667|162|171|446|676|185|441|175|189|438|202|414|172|427|442|430|143|421|161|143|423|416|392|413|136|139|645|147|133|119|114|117|369|125|111|152|143|124|410|127|
2016-04-01|2|1_CTs|ct17||135|383|96|88|584|61|68|38|559|307|42|53|26|33|31|21|20|22|18|17|20|33|286|54|51|55|62|65|69|98|645|412|163|403|426|206|183|475|247|242|212|218|234|221|263|515|240|259|520|243|498|254|266|473|216|456|486|521|250|254|271|248|275|250|509|499|986|235|748|467|208|244|234|241|765|238|482|500|227|737|212|518|415|226|469|194|217|149|184|159|164|180|461|158|444|166|
2016-04-01|2|1_CTs|CT19||50|66|34|36|773|242|20|15|19|22|15|10|2|9|4|263|7|248|8|3|6|3|12|17|20|21|27|25|38|43|305|588|71|80|151|291|340|116|620|106|616|597|67|607|898|382|120|383|380|137|1113|115|129|366|353|365|99|124|130|866|859|631|142|143|383|638|630|104|904|337|104|870|380|134|110|137|359|876|732|501|123|357|606|112|87|96|559|304|317|65|63|80|69|71|63|70|
2016-04-01|2|1_CTs|CT20||330|54|309|42|32|31|37|30|27|28|34|15|24|12|8|10|9|3|5|10|13|9|268|13|5|9|24|31|26|31|540|302|69|75|84|329|358|97|346|87|98|344|65|64|79|87|91|74|76|335|74|334|334|328|592|72|597|333|77|329|304|74|332|320|59|310|326|340|78|97|68|305|89|352|557|69|82|342|81|89|340|350|79|312|585|82|563|304|62|94|61|75|76|67|77|72|
2016-04-01|2|1_CTs|CT21||35|287|21|22|20|14|8|13|17|13|15|10|7|7|4|5|8|1|257|4|3|5|8|5|6|6|238|10|10|15|28|24|41|40|302|67|283|39|57|319|568|286|290|50|562|541|57|291|36|285|49|271|518|54|49|285|546|52|51|54|51|54|50|531|42|275|298|537|291|290|41|534|56|47|286|292|56|317|60|65|54|63|316|255|54|40|516|36|26|297|37|47|45|32|50|50|
