2011-12-24|6|1_CTs|CT1||0|1|2|0|2|0|0|1|0|1|1|0|1|0|0|0|0|0|1|2|1|0|1|1|4|3|13|1|3|2|2|1|1|1|4|2|3|3|3|5|2|4|4|5|4|4|3|2|4|4|4|4|2|4|2|2|3|3|2|5|3|6|4|2|2|3|2|1|6|5|6|4|2|4|5|4|2|4|2|0|3|5|0|1|1|0|1|1|1|0|1|0|0|1|2|2|
2011-12-24|6|1_CTs|CT3||16|18|14|24|19|7|6|1|6|6|3|3|0|2|4|2|6|4|4|14|9|14|11|13|22|26|15|30|29|31|38|36|31|25|29|23|27|20|20|40|27|33|35|36|26|33|32|39|27|33|19|27|25|25|32|20|27|26|29|22|29|33|34|32|27|30|42|30|26|37|21|26|21|24|25|20|23|25|22|25|19|15|17|18|16|15|14|15|9|14|8|11|13|12|12|15|
2011-12-24|6|1_CTs|CT4||9|7|11|7|5|6|5|3|4|4|3|5|4|6|1|3|3|0|4|5|0|1|0|4|3|1|6|8|4|2|3|10|6|8|5|8|9|11|15|15|17|8|17|18|15|26|1|10|17|9|6|10|13|24|11|13|2|9|6|6|3|19|18|31|27|28|32|18|26|26|4|31|25|21|16|26|27|24|18|18|18|11|8|4|4|4|3|3|2|6|1|5|4|10|6|10|
2011-12-24|6|1_CTs|CT5||24|26|29|17|19|17|14|10|16|11|11|9|11|8|7|10|6|7|13|11|5|9|9|13|17|11|9|9|13|19|18|17|23|18|22|27|16|38|51|42|27|27|26|44|37|52|39|47|37|33|32|54|55|45|50|42|46|29|40|45|52|40|33|56|29|31|42|33|33|36|20|48|43|37|45|32|36|47|26|40|29|17|21|18|11|8|9|3|9|9|6|4|11|18|16|19|
2011-12-24|6|1_CTs|CT6||42|33|27|16|22|21|16|9|11|6|6|6|18|11|14|7|8|6|7|11|6|9|8|8|13|13|23|17|25|22|28|20|21|27|38|45|38|35|53|69|84|79|79|110|120|112|111|99|102|117|118|131|102|102|107|82|91|72|96|83|82|95|107|99|109|100|105|104|98|91|77|75|102|108|86|58|71|82|77|63|65|42|28|27|15|10|8|23|11|19|17|20|31|23|45|40|
2011-12-24|6|1_CTs|CT7||5|4|3|6|2|2|8|1|1|4|3|1|0|3|0|1|0|4|0|2|7|3|2|3|4|3|3|3|0|6|4|6|6|10|11|9|14|7|14|10|10|12|18|18|25|16|14|23|16|15|29|28|14|12|18|15|14|15|13|16|19|13|10|19|15|13|11|17|17|14|15|19|17|14|13|25|21|20|14|8|8|9|7|2|4|5|1|2|4|2|8|5|11|4|12|9|
2011-12-24|6|1_CTs|CT8||78|63|45|50|39|26|30|26|37|13|23|20|15|22|16|17|18|17|10|11|12|16|19|21|16|22|38|38|24|41|53|38|36|46|64|62|58|68|74|87|89|96|91|114|100|102|105|107|101|129|97|100|95|92|90|81|78|80|111|107|105|100|115|125|104|117|110|118|91|105|97|111|115|117|85|94|92|72|80|62|49|48|34|30|25|18|22|25|18|24|26|43|34|49|49|62|
2011-12-24|6|1_CTs|CT9||74|47|48|39|46|33|24|26|27|25|19|20|22|18|15|18|12|17|15|19|16|17|29|18|31|22|31|34|41|49|48|58|57|51|69|91|79|77|105|96|95|109|114|138|151|134|157|147|161|142|162|162|155|149|128|115|120|114|140|144|150|170|154|163|150|166|153|153|167|143|154|154|130|149|124|130|140|124|103|101|91|84|48|44|42|41|30|35|42|41|56|46|65|32|61|52|
2011-12-24|6|1_CTs|CT10||43|41|33|25|27|21|19|16|16|10|17|13|13|8|8|9|13|5|10|11|10|9|20|20|23|14|25|25|34|32|45|39|47|52|59|74|74|91|96|85|86|91|124|118|132|108|104|124|151|126|120|124|109|112|114|105|105|98|87|118|91|115|91|143|118|114|116|129|99|117|116|111|112|94|105|96|97|87|92|73|74|52|45|35|23|17|17|28|28|19|23|24|20|41|48|52|
2011-12-24|6|1_CTs|CT11||43|29|32|30|26|26|24|12|20|13|17|11|17|13|11|12|11|11|9|18|19|14|19|33|36|21|40|46|39|64|60|71|68|79|105|85|90|108|102|133|130|122|134|134|143|162|143|156|140|144|142|118|135|130|128|105|117|130|108|134|108|132|140|133|107|108|128|126|132|126|122|131|120|119|121|146|93|101|99|75|81|59|45|36|27|23|25|22|21|17|24|22|33|45|46|49|
2011-12-24|6|1_CTs|CT12||41|32|31|22|23|23|23|23|16|8|22|11|15|12|15|16|12|10|14|13|11|19|17|21|27|19|28|37|37|33|39|43|52|63|68|73|77|85|85|84|99|98|141|129|143|160|125|157|150|134|146|148|152|131|133|105|99|130|110|111|107|130|132|159|138|141|140|144|140|142|131|155|146|130|116|119|135|117|96|96|92|78|53|37|28|17|21|27|24|16|22|28|28|37|47|59|
2011-12-24|6|1_CTs|CT13||11|10|10|6|8|8|8|3|4|4|4|2|0|4|5|5|0|5|4|5|8|8|7|3|12|10|10|15|15|16|16|27|15|17|14|21|23|15|21|21|22|20|20|29|29|18|31|24|28|32|34|27|29|26|25|24|25|31|28|34|32|31|22|31|19|30|26|31|25|20|26|36|24|26|27|22|18|31|19|21|21|13|10|14|7|13|6|12|12|15|18|13|13|8|18|10|
2011-12-24|6|1_CTs|CT14||37|31|21|21|15|12|9|13|9|13|13|8|16|7|4|11|10|6|2|8|5|9|16|17|11|9|13|21|35|25|39|22|19|42|31|34|39|53|60|46|59|70|74|70|98|86|67|78|84|90|69|92|90|90|77|64|76|64|68|86|75|76|77|108|84|83|88|85|101|95|72|86|81|78|87|89|80|74|66|50|53|41|22|20|18|10|11|12|19|15|17|22|18|35|23|26|
2011-12-24|6|1_CTs|CT15||25|19|11|19|11|8|5|3|7|6|3|4|7|2|5|5|9|3|2|8|8|6|11|11|19|14|22|26|18|20|21|23|35|26|40|45|57|44|52|56|51|60|52|61|44|57|43|61|61|72|72|66|45|45|50|51|54|42|42|48|40|61|42|62|52|47|62|47|47|46|45|47|52|54|38|41|45|39|32|30|22|26|18|24|14|18|11|9|14|11|12|14|22|13|20|21|
2011-12-24|6|1_CTs|CT16||51|40|40|35|32|26|28|19|21|17|16|9|16|14|6|13|14|7|7|14|23|10|19|22|28|20|29|33|35|49|64|60|63|77|98|97|93|112|133|143|123|124|152|157|175|156|160|179|178|170|187|162|134|138|142|125|139|125|110|150|140|152|143|162|127|139|149|156|140|153|148|152|144|124|119|166|123|115|115|89|87|65|49|33|30|22|20|24|27|22|31|30|40|52|80|63|
2011-12-24|6|1_CTs|CT17||32|19|28|14|15|20|14|18|16|12|7|10|7|7|4|6|6|4|6|13|4|4|6|4|5|4|3|3|5|6|8|8|10|8|8|17|15|23|24|25|31|40|45|37|32|36|42|46|42|42|38|46|40|47|32|28|25|22|29|26|35|33|35|72|68|54|52|47|51|32|39|35|43|37|24|34|34|20|16|16|24|24|10|6|6|4|4|11|1|11|5|10|5|7|11|8|
2011-12-24|6|1_CTs|CT18||73|82|63|62|57|45|48|37|39|24|26|27|31|18|20|26|22|20|24|24|24|23|34|38|48|41|39|50|46|52|73|89|78|87|97|118|107|124|165|174|155|178|210|241|219|218|245|266|218|269|232|246|234|213|217|224|193|189|174|192|212|230|213|250|214|203|235|222|185|225|225|232|191|178|209|198|154|182|141|156|108|87|83|53|35|36|33|26|43|39|38|52|55|71|71|83|
2011-12-24|6|1_CTs|CT19||39|41|40|22|34|24|41|22|28|19|15|23|18|16|15|12|16|6|17|9|11|10|13|11|11|12|19|20|19|20|22|32|32|32|41|63|47|90|86|93|87|115|121|155|156|162|165|144|166|171|174|187|175|178|151|131|140|111|127|137|131|144|140|148|151|134|155|152|125|154|159|136|134|150|127|137|116|102|98|70|89|71|38|25|28|28|22|24|18|22|19|32|34|38|54|59|
2011-12-24|6|1_CTs|CT20||43|28|14|26|13|18|12|19|13|7|9|6|9|5|8|3|3|11|3|9|7|12|6|9|15|17|17|25|19|26|31|39|39|32|52|57|58|15|66|91|78|97|14|131|6|111|26|46|82|48|28|81|100|27|9|122|107|51|122|108|81|61|66|54|131|103|123|119|103|105|91|71|98|92|20|36|73|72|56|48|31|42|22|16|16|14|7|9|10|11|14|19|25|20|25|23|
2011-12-24|6|1_CTs|CT21||89|87|66|40|41|34|32|37|25|29|14|20|21|16|21|16|15|23|19|24|20|28|33|29|37|43|42|72|59|64|85|90|84|94|116|99|100|114|135|135|148|130|169|169|173|170|168|183|173|184|170|187|157|176|163|166|148|155|174|171|156|208|197|194|195|173|181|185|191|177|176|178|169|179|182|190|174|163|148|129|123|111|79|60|55|72|43|49|38|66|53|55|66|70|67|99|
2011-12-24|6|1_CTs|CT22||100|100|87|84|63|59|55|57|56|41|52|38|39|33|38|34|20|46|30|33|47|47|49|46|58|56|69|84|82|90|78|116|88|124|103|125|135|130|123|140|156|173|202|218|201|219|214|213|243|231|237|237|244|214|199|197|213|199|205|205|215|209|244|261|266|275|296|244|282|233|274|251|228|247|251|239|250|207|172|169|171|126|109|87|82|77|60|57|62|81|69|78|74|77|99|98|
2011-12-24|6|1_CTs|CT23||106|86|78|67|52|56|42|40|31|29|31|32|15|33|19|18|24|19|22|14|19|29|22|31|33|30|51|52|58|61|79|67|68|78|103|97|93|99|116|145|138|159|138|175|196|172|165|175|177|184|176|175|159|160|155|129|151|131|167|162|180|165|192|195|215|186|191|187|165|162|183|175|181|181|163|162|158|149|135|131|87|73|68|59|39|54|44|38|46|52|34|58|55|88|95|103|
2011-12-24|6|1_CTs|CT24||103|78|77|69|53|51|51|46|34|39|37|34|29|26|33|20|20|21|16|28|24|28|33|18|38|40|37|35|63|60|55|81|57|79|80|89|96|95|109|92|134|131|155|159|155|158|208|183|215|185|185|191|207|176|174|144|152|168|163|166|166|184|221|205|212|222|246|212|195|192|175|192|216|208|190|179|195|172|164|129|126|100|71|58|33|46|26|34|36|46|31|41|64|47|54|68|
