2015-10-27|2|1_CTs|ct1||45|36|36|23|22|16|13|16|14|9|266|12|8|13|6|8|15|10|14|14|16|34|30|35|40|51|330|81|95|130|121|146|130|430|172|176|178|430|169|191|186|196|202|181|411|455|423|191|205|434|205|197|446|413|177|176|184|169|170|193|205|707|178|178|424|423|409|670|163|154|158|138|160|144|649|393|146|151|175|144|158|161|159|112|117|94|87|100|89|334|84|66|65|66|64|57|
2015-10-27|2|1_CTs|ct2||307|34|24|18|21|24|13|8|17|7|7|7|5|6|3|4|11|9|7|8|31|15|24|16|17|28|292|32|32|35|51|559|67|69|59|64|76|341|92|95|345|95|352|116|356|91|90|347|101|98|106|351|345|578|96|77|99|92|97|113|116|361|361|86|90|356|108|611|82|80|84|83|79|78|84|89|99|90|108|84|86|96|95|71|60|50|67|55|63|48|49|71|50|51|48|38|
2015-10-27|2|1_CTs|ct3||62|510|93|39|35|26|28|19|20|13|270|14|15|12|10|6|9|10|13|17|17|28|32|41|48|42|57|73|338|106|125|383|132|161|171|393|428|176|180|439|462|474|450|218|234|206|197|469|201|198|194|443|202|662|166|194|441|189|185|460|437|724|239|186|451|438|184|189|191|180|167|403|181|161|409|665|188|186|169|429|392|397|161|116|379|96|127|103|114|106|118|103|339|91|78|75|
2015-10-27|2|1_CTs|ct4||39|33|33|286|26|32|17|14|14|11|12|11|8|264|6|6|8|7|10|10|9|14|13|20|24|26|28|37|41|37|67|336|105|116|135|119|141|650|109|378|634|153|641|124|127|147|108|129|140|129|91|85|108|125|114|147|121|123|130|110|383|128|158|128|128|163|140|132|385|139|110|84|116|112|92|357|107|111|102|103|89|96|91|98|320|52|79|60|67|84|59|78|328|64|72|51|
2015-10-27|2|1_CTs|ct5||55|47|317|51|42|40|30|25|30|18|20|22|15|11|10|13|11|14|18|17|14|26|274|22|25|31|36|41|48|51|92|131|134|173|177|218|456|447|208|465|174|224|208|448|193|226|313|351|226|201|202|175|439|441|422|224|445|201|478|739|211|212|506|240|466|250|215|467|220|489|429|182|190|172|422|648|482|187|147|183|157|398|155|156|123|100|122|135|103|131|101|141|363|114|92|98|
2015-10-27|2|1_CTs|ct6||314|298|48|298|37|41|25|15|21|19|15|18|19|12|14|10|14|13|11|19|18|20|29|25|28|36|30|40|49|38|65|85|92|91|114|132|122|120|385|357|127|378|130|129|412|416|398|164|153|153|148|155|152|397|123|155|157|166|415|153|177|418|184|170|177|197|178|161|163|432|176|140|650|646|399|152|133|159|136|161|380|376|147|128|606|112|600|97|83|374|122|100|370|611|101|68|
2015-10-27|2|1_CTs|ct17||348|53|69|58|41|35|38|23|30|18|23|26|19|13|19|10|15|15|13|25|16|34|30|57|61|48|65|70|83|122|141|642|157|180|197|163|216|229|515|496|214|238|484|248|512|260|256|239|253|481|213|245|248|739|461|202|208|274|716|260|509|492|293|244|514|226|256|494|250|767|479|207|245|231|459|203|242|213|212|473|204|442|183|148|398|111|132|121|123|106|132|115|361|95|95|93|
2015-10-27|2|1_CTs|CT19||289|20|18|15|14|11|10|14|10|9|3|9|7|6|7|5|5|1|8|10|7|11|10|270|16|14|279|284|30|46|61|51|85|342|106|361|111|351|108|345|110|379|127|124|376|143|370|383|115|120|69|89|91|591|122|113|92|366|122|118|344|353|143|386|894|405|370|365|119|620|116|377|142|403|607|898|126|106|371|106|356|87|341|66|57|40|56|45|56|38|57|279|48|30|41|33|
2015-10-27|2|1_CTs|CT20||527|33|32|27|17|21|14|14|15|20|5|9|7|8|6|2|4|5|10|4|8|12|14|14|12|255|19|27|25|33|44|60|87|75|107|604|601|100|61|86|86|87|67|587|80|80|87|72|806|72|325|318|53|329|327|71|309|73|65|79|77|323|329|336|577|333|329|343|592|82|78|80|81|93|85|86|87|90|329|79|80|58|324|62|45|55|61|58|42|46|29|312|572|64|49|58|
2015-10-27|2|1_CTs|CT21||17|24|11|12|15|13|8|9|11|7|5|4|0|3|1|2|1|5|2|0|3|3|7|5|4|5|7|9|7|14|23|30|47|294|62|49|282|57|39|40|49|54|51|44|294|58|48|49|269|42|58|56|31|289|293|39|297|39|45|54|47|38|48|60|51|302|46|560|54|539|307|55|41|44|294|59|311|49|525|41|48|41|39|22|33|23|38|30|29|32|28|18|34|36|43|30|
