2016-03-15|3|1_CTs|ct1||32|31|20|8|8|8|9|2|5|5|3|3|1|3|2|5|4|3|3|4|1|6|11|15|11|21|37|46|77|83|163|205|230|254|255|237|233|241|201|135|142|189|196|184|188|451|163|152|164|169|169|185|194|164|148|170|170|436|198|200|453|185|475|449|697|182|197|184|220|233|500|212|216|226|470|217|231|213|192|184|183|175|159|130|94|109|109|83|78|91|64|67|66|61|61|47|
2016-03-15|3|1_CTs|ct3||57|50|33|26|23|22|17|19|12|14|13|2|5|18|11|11|18|18|13|12|9|25|39|37|282|36|63|79|93|126|153|220|212|231|248|249|503|228|244|216|210|237|237|226|486|231|236|208|463|203|476|243|475|218|197|210|236|199|235|215|744|146|56|511|747|202|225|218|174|198|460|194|436|168|174|188|181|174|162|700|471|185|617|234|115|101|109|110|337|103|103|83|91|97|79|68|
2016-03-15|3|1_CTs|ct5||84|89|53|55|39|46|34|24|18|15|14|18|14|12|8|11|16|16|10|5|3|11|15|24|21|18|28|39|58|69|125|156|199|223|251|488|214|493|220|175|159|177|189|179|429|179|178|450|207|218|204|224|257|225|167|175|184|172|443|449|739|229|231|242|726|256|262|287|542|306|567|319|559|253|214|294|535|279|302|265|278|302|261|186|151|159|122|149|171|159|148|136|138|182|151|153|
2016-03-15|3|1_CTs|ct6||5|5|6|3|7|3|0|1|1|2|0|0|1|0|2|3|1|3|4|2|3|0|4|2|4|12|14|271|25|29|42|47|311|56|76|92|70|53|64|319|66|72|59|311|83|50|52|47|42|52|61|45|51|42|44|45|36|62|66|56|55|316|65|61|51|72|63|69|77|68|77|69|81|333|332|76|66|83|61|70|50|303|34|49|38|26|21|26|273|20|24|274|25|16|10|9|
2016-03-15|3|1_CTs|ct7||77|74|44|56|29|34|36|33|40|24|28|24|14|10|15|18|11|18|17|13|23|23|28|35|32|275|30|43|57|47|84|89|115|119|396|151|150|146|137|381|137|414|131|162|155|153|408|167|175|142|328|100|135|165|136|393|147|158|151|169|176|164|181|188|432|439|77|157|175|162|347|284|86|113|397|142|424|102|56|81|359|137|137|134|112|98|361|104|113|111|343|123|109|133|402|99|
2016-03-15|3|1_CTs|ct8||50|41|24|35|17|21|24|13|15|17|17|10|9|5|14|17|8|8|13|9|8|9|12|23|18|20|13|272|34|27|45|52|65|324|82|92|91|102|77|88|126|367|96|125|118|110|351|131|123|146|390|141|107|106|92|612|102|109|117|115|127|116|639|134|387|399|110|116|129|124|359|377|139|149|371|91|135|136|616|143|600|115|94|87|81|68|321|64|73|66|59|81|65|76|70|51|
2016-03-15|3|1_CTs|ct9||90|55|89|86|392|47|40|26|25|28|19|22|19|36|19|20|22|22|26|31|18|14|39|31|33|33|45|177|122|184|214|184|220|509|335|347|292|304|210|242|223|212|211|454|275|164|201|265|157|155|149|176|189|200|195|442|639|128|533|375|1096|851|244|246|517|316|191|268|285|525|498|544|842|244|498|299|224|222|232|189|199|476|150|159|139|105|92|125|108|107|94|92|80|115|86|107|
2016-03-15|3|1_CTs|ct10||73|54|48|29|31|35|24|11|22|15|16|9|14|13|8|6|7|9|14|10|13|14|19|18|15|24|26|25|40|55|64|98|160|161|181|159|127|163|160|146|128|118|125|116|118|125|145|114|113|152|137|146|130|167|137|125|131|158|130|141|127|134|139|140|138|147|177|130|156|166|163|155|146|118|158|156|131|151|145|145|137|148|133|121|119|112|105|71|87|83|106|109|94|94|78|92|
2016-03-15|3|1_CTs|ct13||207|186|104|92|82|104|80|50|66|46|56|46|84|56|34|26|78|68|32|76|52|52|264|108|78|53|107|110|120|130|201|198|566|359|280|242|225|239|262|280|285|218|354|279|255|495|228|258|255|279|272|517|312|258|241|289|236|284|237|250|219|298|549|772|480|242|342|336|496|644|274|497|515|216|266|340|256|257|228|264|255|327|338|243|277|255|233|245|239|446|222|231|214|220|467|232|
2016-03-15|3|1_CTs|ct14||33|34|282|20|17|12|11|8|5|10|7|7|6|6|9|7|3|6|8|7|8|8|21|16|28|46|79|162|470|259|267|276|538|251|253|259|260|521|215|278|452|175|196|196|449|204|172|196|150|173|190|198|171|168|182|201|208|499|453|505|444|132|56|191|409|186|165|216|189|487|738|238|503|486|237|265|509|486|741|228|204|195|413|133|113|126|103|99|340|99|90|97|340|313|68|45|
2016-03-15|3|1_CTs|CT16||82|60|54|37|36|23|19|24|14|18|21|7|16|4|19|12|11|11|5|8|10|16|15|20|25|24|16|41|40|62|109|397|128|416|163|210|210|186|184|154|180|159|175|136|175|135|187|187|151|167|165|188|166|135|138|141|418|178|428|135|175|175|141|411|674|199|177|182|214|225|244|488|266|273|272|243|206|231|233|461|201|185|130|141|391|94|116|361|101|85|108|74|366|82|379|83|
2016-03-15|3|1_CTs|ct18||102|66|65|46|47|45|33|17|27|19|26|14|16|15|13|7|12|13|17|15|16|20|29|32|28|35|41|54|64|102|133|140|264|244|263|309|237|238|276|231|233|227|203|189|170|173|221|174|170|193|198|204|184|192|173|204|167|194|228|194|192|192|184|206|196|202|226|181|200|187|197|213|212|129|136|223|184|203|234|209|178|188|172|168|135|151|136|105|130|121|153|128|146|120|120|105|
2016-03-15|3|1_CTs|ct19||0|0|1|2|0|0|0|0|0|0|0|0|0|0|0|0|0|0|0|0|0|1|2|2|5|10|4|7|12|11|8|10|3|3|5|5|10|9|4|3|11|5|7|4|6|6|4|5|3|7|6|3|16|5|5|3|6|5|1|4|8|5|4|4|7|13|1|8|6|15|3|6|5|8|9|4|8|5|5|8|4|4|8|4|3|6|5|3|2|1|0|3|0|1|0|3|
2016-03-15|3|1_CTs|ct22||3|3|3|2|2|3|2|0|1|4|0|1|0|1|1|2|0|1|0|4|0|2|3|1|1|2|0|3|8|7|7|14|278|22|19|19|17|22|22|19|19|23|20|23|273|15|23|19|28|22|290|30|22|26|16|27|20|25|25|23|31|21|28|22|28|35|40|48|55|64|49|62|61|311|53|53|46|31|43|31|20|28|14|25|6|9|7|4|11|6|3|3|5|8|3|2|
2016-03-15|3|1_CTs|CT23||109|65|75|32|36|23|25|14|9|13|10|16|9|6|11|16|11|10|6|15|1|11|5|5|15|29|30|50|356|104|207|579|363|431|429|447|346|376|313|213|201|235|248|524|247|259|298|482|561|358|339|336|327|313|262|282|280|307|556|307|294|213|126|641|623|416|403|447|507|807|545|808|591|615|615|529|821|552|1074|503|953|461|880|383|283|264|265|261|400|345|209|444|193|153|397|139|
2016-03-15|3|1_CTs|ct24||143|124|366|75|86|43|41|40|31|28|30|276|27|27|44|25|29|23|46|305|52|76|80|104|146|200|387|903|1037|956|1000|874|1130|872|825|872|778|747|729|767|1065|785|782|875|848|811|764|748|1251|750|800|1076|779|749|730|841|825|1144|852|882|764|827|850|758|722|1038|805|1062|1305|1142|890|1174|1443|889|1151|858|900|851|1051|746|965|707|783|582|439|438|362|583|307|555|306|290|518|241|456|194|
