2014-05-31|3|1_CTs|ct1||87|88|68|57|69|70|45|50|49|35|41|40|40|39|12|16|20|19|18|15|8|13|12|12|22|14|30|34|35|41|57|47|47|81|84|92|119|113|132|134|115|130|130|173|145|162|182|153|158|181|187|180|167|191|165|154|159|163|167|171|151|175|170|194|193|163|169|153|159|162|159|170|167|152|128|141|131|152|158|160|123|148|102|132|142|122|88|92|87|83|84|77|83|86|90|92|
2014-05-31|3|1_CTs|ct3||171|140|111|109|110|72|86|78|77|62|70|50|64|41|42|44|35|47|42|50|40|33|42|36|39|40|56|69|47|59|65|85|65|95|116|119|154|150|173|193|179|191|185|206|196|219|237|202|238|223|245|240|222|218|185|212|222|217|211|211|223|220|220|238|254|222|232|218|219|226|212|227|225|208|207|188|211|217|208|233|210|233|197|224|238|204|190|169|168|147|154|170|162|164|202|183|
2014-05-31|3|1_CTs|ct5||167|148|149|131|114|103|126|114|78|78|106|73|73|70|52|54|40|37|36|36|32|25|21|34|31|35|30|29|40|38|52|74|78|90|121|128|126|121|150|145|133|158|177|152|185|193|225|176|213|200|221|224|222|253|229|212|187|186|200|193|211|183|213|227|210|250|221|253|242|240|245|205|232|256|237|260|244|253|201|213|199|209|159|163|117|139|116|133|113|132|134|109|150|142|190|207|
2014-05-31|3|1_CTs|ct6||24|17|19|13|10|15|4|8|7|8|0|7|6|2|2|4|2|1|2|2|3|3|5|2|4|3|6|7|10|11|18|18|12|12|26|17|19|21|37|63|44|51|38|33|48|43|25|45|29|50|29|32|28|45|38|28|29|39|27|43|42|57|40|56|43|39|50|50|46|30|45|43|35|35|40|25|40|34|41|32|29|30|25|26|23|30|21|25|20|28|20|18|27|25|14|29|
2014-05-31|3|1_CTs|ct7||119|120|108|104|104|128|142|125|108|105|119|90|83|99|101|87|92|79|81|69|62|36|52|56|45|60|56|44|49|48|60|56|67|65|68|83|81|94|104|105|108|124|129|141|148|137|149|157|169|170|151|155|166|164|129|161|141|127|131|141|147|157|154|169|197|182|204|199|203|174|198|189|197|189|170|180|185|180|157|161|184|177|138|141|137|141|136|122|115|153|133|151|140|175|174|173|
2014-05-31|3|1_CTs|ct8||68|60|48|51|58|71|54|62|58|56|63|50|34|43|48|44|34|32|36|30|28|17|19|29|17|26|29|29|26|26|25|34|26|31|39|50|37|54|61|46|45|75|71|73|82|80|76|78|94|92|86|83|83|76|70|86|72|69|78|77|86|91|81|100|107|106|122|105|124|103|129|93|100|112|104|101|108|95|88|111|101|88|86|76|96|79|76|67|85|93|85|93|93|106|105|93|
2014-05-31|3|1_CTs|ct9||158|142|161|147|115|121|97|101|128|79|110|69|79|88|67|64|65|64|83|68|74|57|57|51|36|43|42|37|53|40|64|62|59|79|101|107|125|134|142|130|158|162|136|178|176|121|154|156|196|147|168|144|175|176|138|190|178|177|182|162|155|162|127|145|166|167|180|146|154|155|146|166|165|180|156|153|167|173|161|137|140|165|178|145|151|169|127|112|119|94|106|144|146|200|177|169|
2014-05-31|3|1_CTs|ct10||109|109|100|121|101|95|95|77|93|90|87|74|76|85|67|83|77|70|69|64|49|45|36|40|31|36|40|32|35|37|28|30|37|42|62|56|61|62|69|82|96|84|82|88|102|111|103|111|106|109|122|109|103|140|112|119|99|102|92|87|111|119|120|126|119|108|139|136|120|133|129|132|135|128|114|117|125|133|112|130|132|102|101|105|86|92|90|82|92|122|95|80|84|98|72|77|
2014-05-31|3|1_CTs|ct13||0|0|0|0|0|308|2377|2116|270|2306|2074|1583|1232|2033|1785|1574|1222|285|2557|2097|1317|1641|2471|1305|1040|666|1808|532|2103|2164|1403|670|148|488|1291|1356|494|594|769|287|1484|543|375|241|327|249|250|289|499|559|342|274|286|158|211|333|386|270|279|250|268|297|281|270|101|154|208|104|99|66|0|0|0|30|118|196|236|173|213|255|399|247|1299|2755|2173|2289|1088|2697|2181|559|231|353|254|295|240|269|
2014-05-31|3|1_CTs|ct14||83|66|51|52|35|34|31|32|25|20|25|11|15|25|18|14|9|12|10|11|14|20|12|11|26|23|36|42|46|63|116|117|81|130|137|185|151|147|170|183|160|159|144|168|147|138|133|147|134|138|171|142|147|163|128|184|128|139|163|161|176|180|181|160|139|171|175|176|190|158|155|158|154|156|162|163|167|166|166|188|152|147|145|156|132|103|119|109|123|132|133|94|102|86|81|82|
2014-05-31|3|1_CTs|CT16||133|119|108|134|106|122|87|64|83|69|67|50|57|68|40|56|60|29|51|51|32|32|21|46|34|42|44|45|26|38|36|59|42|67|76|59|85|74|82|94|101|128|100|111|100|129|132|158|140|162|140|107|201|176|135|159|149|175|133|160|186|211|163|140|180|154|207|179|171|152|206|190|227|197|198|248|228|187|191|180|196|162|122|143|130|108|122|126|154|99|119|108|123|137|121|114|
2014-05-31|3|1_CTs|ct17||0|0|0|0|0|0|0|0|0|0|0|0|0|0|0|0|0|0|0|0|9|0|0|0|0|0|0|0|0|0|0|0|0|0|0|0|0|0|0|0|0|0|0|0|0|0|0|0|0|0|0|0|0|0|0|0|0|0|0|0|0|0|0|0|0|0|0|0|0|0|0|0|0|0|0|8|0|0|0|0|0|0|0|0|0|0|0|0|0|0|0|0|0|0|0|0|
2014-05-31|3|1_CTs|ct18||139|145|114|132|117|130|121|109|104|102|113|80|83|96|73|92|85|77|79|78|56|45|51|45|49|43|50|41|60|53|55|51|59|67|82|85|95|102|97|134|143|131|109|121|140|148|147|165|147|157|170|140|161|169|133|157|145|124|138|144|146|174|195|192|176|173|209|172|180|176|187|184|185|187|190|173|193|199|166|178|171|163|161|153|121|139|131|133|145|152|141|115|126|137|115|121|
2014-05-31|3|1_CTs|ct19||2|2|0|0|1|0|1|0|0|0|1|1|0|0|0|2|0|0|1|1|1|2|0|2|4|4|3|3|2|2|5|2|3|4|2|0|6|1|4|4|3|2|2|3|4|3|3|3|3|4|6|3|2|4|2|2|7|6|0|2|4|2|3|3|4|1|3|9|1|4|1|1|0|4|2|2|5|1|2|3|4|1|1|4|4|0|4|2|1|1|1|1|2|0|1|1|
2014-05-31|3|1_CTs|ct20||0|0|0|9|0|0|0|0|0|0|0|0|0|0|0|0|0|8|0|0|2|0|0|0|0|0|0|0|0|0|0|0|0|0|0|0|0|0|0|0|0|0|0|0|0|0|0|0|0|0|0|0|0|0|0|0|0|0|0|0|0|0|0|0|0|0|0|0|1|0|0|0|0|0|0|0|0|0|0|0|1|0|0|0|0|0|1|0|0|0|0|0|0|0|0|0|
2014-05-31|3|1_CTs|ct22||12|9|8|5|5|7|7|6|3|1|0|6|2|3|2|2|1|1|3|1|2|1|1|1|0|0|1|1|0|4|3|2|4|6|6|6|7|9|11|12|14|14|18|30|20|13|15|13|15|19|19|27|18|15|23|18|15|13|13|18|19|14|13|17|15|17|20|25|20|13|24|14|14|18|12|13|9|13|16|10|9|9|12|10|14|5|5|8|10|4|3|5|9|17|21|5|
2014-05-31|3|1_CTs|CT23||157|150|145|106|115|131|108|87|94|61|65|58|67|66|37|22|31|28|21|14|28|14|18|19|27|14|26|32|30|54|47|66|60|78|99|122|120|139|97|143|141|179|150|206|180|224|208|228|225|227|244|269|308|245|255|218|168|194|206|268|229|221|252|213|255|196|244|216|253|228|251|272|263|248|218|211|205|272|246|205|170|189|170|141|152|132|133|128|142|149|122|99|112|135|122|158|
2014-05-31|3|1_CTs|ct24||313|286|226|190|156|163|145|145|104|95|95|76|92|79|71|67|57|51|59|57|55|55|77|85|106|120|188|204|219|294|428|435|386|440|540|691|589|730|782|851|731|747|751|754|706|698|701|721|698|730|703|681|653|745|662|705|610|670|760|755|792|766|845|800|743|789|859|817|796|780|806|736|758|775|779|720|729|817|844|792|695|715|752|692|573|536|608|554|535|510|518|437|389|394|402|348|
