2012-01-13|7|1_CTs|CT1||38|33|25|17|14|10|11|11|11|6|13|4|5|4|6|4|4|6|9|4|8|4|11|19|20|19|18|26|30|56|78|153|179|215|206|210|193|202|220|196|159|161|182|142|148|134|130|130|139|142|123|133|119|133|128|133|146|162|162|158|140|160|188|158|160|175|141|190|253|199|168|206|171|169|187|186|173|169|127|140|128|128|87|99|116|89|72|73|58|62|49|55|54|41|43|42|
2012-01-13|7|1_CTs|CT2||88|90|78|68|50|52|46|40|38|28|40|6|8|28|14|28|22|14|30|14|20|24|32|36|54|54|66|96|102|130|190|188|298|480|411|355|443|368|369|374|282|344|350|292|313|315|325|326|295|317|322|311|316|327|319|255|323|298|357|297|374|362|351|356|373|319|368|370|387|394|397|389|454|431|414|397|329|356|339|330|300|278|262|256|183|250|180|180|142|160|114|160|150|96|118|154|
2012-01-13|7|1_CTs|CT4||21|16|31|16|20|20|12|20|14|16|17|10|11|12|10|7|14|14|4|8|7|3|2|4|2|10|7|5|2|0|0|5|11|4|16|9|6|10|16|18|8|15|24|10|12|9|15|15|16|28|35|32|30|24|15|18|36|36|18|27|17|27|19|33|25|41|60|50|63|66|68|85|57|52|56|69|41|55|45|44|52|46|34|67|44|75|38|41|27|35|36|35|36|32|40|30|
2012-01-13|7|1_CTs|CT6||51|44|33|30|25|26|32|18|18|16|17|10|15|6|3|5|7|8|8|8|7|5|8|16|16|17|19|21|34|44|66|72|160|197|147|185|171|146|138|166|111|140|126|135|152|154|137|155|153|182|119|149|143|154|143|162|142|152|150|166|157|169|232|183|188|222|223|254|223|222|233|217|226|222|205|211|216|194|170|161|181|138|122|103|98|95|90|84|97|75|70|75|67|80|52|67|
2012-01-13|7|1_CTs|CT7||45|36|28|16|23|16|17|11|16|8|8|10|10|6|4|7|7|8|12|7|11|11|11|12|26|15|21|31|46|40|62|66|91|116|116|124|113|115|102|143|123|111|106|101|136|117|114|121|138|106|104|116|111|119|98|113|129|103|118|102|111|123|135|130|142|130|148|157|167|133|147|175|175|152|152|159|165|150|135|136|133|103|85|112|87|91|59|65|71|52|47|45|45|30|42|40|
2012-01-13|7|1_CTs|CT8||96|104|59|60|42|33|32|40|29|22|21|19|34|31|22|14|27|16|33|46|48|58|61|102|89|115|147|171|157|229|276|378|406|432|427|449|374|423|346|343|337|366|275|325|325|342|304|334|309|293|323|354|339|300|250|273|331|325|365|349|344|355|365|369|332|346|371|332|352|399|418|405|382|382|378|365|350|354|333|288|287|275|244|234|218|183|197|175|172|175|160|166|153|128|134|141|
2012-01-13|7|1_CTs|CT9||66|53|42|31|43|41|30|20|27|21|16|14|20|16|13|11|14|10|14|22|23|36|39|57|52|61|81|94|97|122|191|237|266|275|254|279|262|258|267|221|225|207|218|231|220|194|206|212|225|207|214|189|195|217|191|213|196|222|256|228|230|263|229|226|254|193|227|233|227|222|249|248|233|257|232|245|210|223|197|179|178|176|178|155|155|128|124|116|118|104|111|128|100|71|84|68|
2012-01-13|7|1_CTs|CT10||93|84|85|100|64|54|65|47|46|50|46|42|39|43|30|21|22|30|32|28|30|26|46|48|45|57|53|76|70|92|131|168|211|261|248|258|227|222|237|226|234|211|278|237|269|254|228|257|281|270|269|297|249|271|230|216|220|247|248|272|278|293|315|286|296|309|344|303|350|330|272|328|305|356|336|301|297|284|290|261|269|259|244|193|178|194|165|177|167|178|152|158|142|138|117|141|
2012-01-13|7|1_CTs|CT11||102|83|90|84|61|57|68|48|39|46|45|35|39|39|29|23|20|23|26|23|36|35|52|51|47|64|84|70|91|112|138|158|232|238|244|267|257|231|331|282|238|289|266|275|263|228|227|288|274|336|277|310|253|315|252|246|239|332|395|338|303|309|340|238|326|241|342|229|263|351|312|281|290|273|281|296|279|269|256|237|224|252|233|202|182|177|144|180|155|172|147|143|142|124|105|123|
2012-01-13|7|1_CTs|CT12||75|54|45|52|27|26|26|21|21|19|26|23|19|8|12|14|13|12|17|13|14|10|10|21|17|30|27|29|39|52|75|130|207|211|209|237|228|199|185|201|170|157|177|199|195|219|175|204|239|234|204|202|219|198|181|198|199|180|220|221|219|223|235|228|251|259|311|314|295|332|325|329|333|301|296|319|298|271|270|263|226|213|178|197|147|190|131|130|132|113|93|100|115|106|83|96|
2012-01-13|7|1_CTs|CT13||24|21|9|10|9|3|5|6|6|6|0|2|2|3|3|3|2|4|5|3|1|0|5|4|6|4|10|17|17|26|26|35|53|51|64|60|58|71|61|58|60|64|53|46|75|52|53|58|57|52|64|60|52|63|42|48|46|48|53|62|54|53|77|52|68|78|89|81|83|79|87|102|102|79|86|88|112|84|68|77|44|49|47|46|46|41|31|29|28|27|31|24|33|42|40|32|
2012-01-13|7|1_CTs|CT14||138|116|93|90|64|58|67|33|49|37|40|35|52|48|25|29|24|33|36|38|32|47|47|64|91|89|90|119|122|168|207|270|309|367|394|426|375|400|344|315|318|308|318|310|314|359|347|341|336|374|369|382|343|390|330|323|310|364|340|377|387|390|437|411|473|449|450|483|532|545|519|559|545|574|572|502|513|517|462|457|433|396|369|330|243|245|200|216|222|193|199|177|175|157|141|138|
2012-01-13|7|1_CTs|CT15||22|18|14|10|8|11|6|11|2|4|9|11|6|5|0|5|6|3|3|8|3|4|6|10|12|9|7|10|20|16|27|44|103|104|97|108|75|89|72|54|42|46|43|47|52|39|41|37|59|57|44|39|59|70|41|63|54|58|45|64|37|58|67|74|75|97|115|105|110|89|123|118|96|99|106|83|95|80|68|65|58|55|61|41|30|28|37|30|34|36|28|27|22|35|17|23|
