2015-09-13|6|1_CTs|CT1||0|1|3|2|0|0|0|0|2|0|0|0|0|0|0|2|0|0|0|1|1|0|2|1|3|0|0|0|0|0|1|5|0|2|1|0|1|2|5|2|2|2|2|1|1|1|2|1|0|4|2|3|2|2|1|6|4|3|2|2|0|2|3|3|1|5|0|3|4|4|7|3|2|0|6|3|3|1|3|5|1|2|9|0|2|3|0|3|2|1|0|1|3|0|1|0|
2015-09-13|6|1_CTs|CT3||12|12|14|7|8|9|8|10|4|8|4|2|8|10|5|7|16|15|14|28|32|35|32|22|248|26|25|22|30|31|27|34|39|41|36|264|34|33|41|34|34|47|36|40|279|49|50|48|289|47|785|309|35|38|35|38|32|47|46|44|38|290|45|310|51|52|49|49|45|73|46|49|48|294|33|258|46|43|43|39|18|32|27|23|24|23|20|22|23|14|17|12|25|27|20|14|
2015-09-13|6|1_CTs|CT4||3|7|5|0|6|7|2|6|6|4|6|2|3|1|3|1|2|1|3|1|2|2|0|2|2|0|1|0|0|5|3|3|4|2|5|4|7|2|9|5|9|7|6|9|10|11|10|13|9|14|18|264|16|10|15|272|13|10|12|13|7|13|13|14|11|14|18|22|8|14|23|19|20|12|2|12|15|279|16|16|21|13|18|13|17|15|13|7|17|12|14|7|8|10|5|4|
2015-09-13|6|1_CTs|CT5||19|18|19|19|18|9|12|10|12|14|16|8|7|8|6|264|8|4|12|12|6|5|1|7|6|10|3|4|4|6|10|7|10|8|10|17|12|8|16|16|21|21|28|22|29|25|24|28|278|34|32|25|34|37|27|29|30|22|35|29|297|39|40|45|44|26|42|35|48|41|550|48|307|69|50|311|33|51|40|42|34|39|39|41|25|33|269|28|30|21|34|19|23|17|19|24|
2015-09-13|6|1_CTs|CT6||33|17|11|12|9|13|18|11|2|10|8|9|7|8|7|7|9|13|8|4|11|14|6|10|10|5|10|14|9|14|18|12|23|15|19|23|19|29|34|35|41|297|52|50|59|298|52|307|74|76|318|96|90|339|91|64|66|65|71|69|63|67|79|317|68|335|72|60|76|308|72|85|98|317|79|343|79|58|72|337|355|326|56|47|314|67|67|46|278|58|47|29|32|275|25|20|
2015-09-13|6|1_CTs|CT7||10|4|6|4|7|1|2|3|5|10|1|4|3|1|3|2|3|258|0|1|5|1|2|2|5|6|4|3|2|6|5|6|2|6|7|9|8|3|6|11|9|22|13|18|19|11|19|268|20|16|22|14|10|30|9|21|266|6|15|18|273|18|15|15|24|24|20|19|23|18|23|13|27|18|26|21|21|19|18|16|17|11|14|14|9|12|9|13|8|13|10|7|11|13|9|9|
2015-09-13|6|1_CTs|CT8||45|59|52|297|42|45|29|35|273|22|24|23|13|12|19|11|23|13|13|8|6|12|13|9|8|11|25|19|18|34|75|186|30|26|32|29|40|50|49|64|57|58|77|60|66|62|65|298|93|82|569|100|330|94|90|103|87|93|90|98|349|109|117|111|94|119|343|129|115|133|132|110|638|133|134|396|120|357|367|113|339|346|88|77|322|74|305|78|70|294|61|70|531|65|50|41|
2015-09-13|6|1_CTs|CT9||63|49|50|35|28|35|24|22|34|26|276|23|28|21|20|18|16|23|22|16|14|265|29|21|28|27|22|34|259|31|51|46|49|42|55|313|53|68|66|77|71|84|330|109|98|99|98|110|112|121|381|388|371|133|134|129|126|121|126|106|127|885|133|406|153|166|135|132|135|137|151|146|143|143|129|140|407|127|132|377|131|123|106|88|87|358|102|107|105|328|82|65|61|50|45|45|
2015-09-13|6|1_CTs|CT10||30|33|32|24|32|24|16|19|18|20|11|16|20|18|9|6|9|14|11|8|10|7|12|10|16|11|20|14|280|279|36|23|25|40|27|45|28|44|52|57|300|60|310|62|308|320|89|70|70|79|355|85|114|114|91|89|76|73|73|105|92|90|89|71|366|100|124|119|103|367|102|98|100|623|98|113|109|119|100|93|76|373|377|67|71|69|53|54|63|73|73|50|48|35|33|32|
2015-09-13|6|1_CTs|CT11||45|36|36|33|24|26|20|18|22|11|275|19|16|12|5|268|9|13|16|10|10|6|10|9|16|16|18|22|11|31|41|47|39|23|47|63|67|66|326|72|74|332|81|94|90|78|80|305|323|103|347|114|109|112|104|110|92|82|108|100|99|96|125|99|383|130|103|384|134|403|154|138|133|127|113|140|138|130|115|365|126|120|109|82|90|77|68|72|70|74|51|57|41|49|282|39|
2015-09-13|6|1_CTs|CT12||143|211|41|29|29|23|277|18|24|13|19|13|276|16|10|16|5|15|10|19|254|7|19|14|16|16|21|19|15|29|34|37|35|44|44|58|46|66|75|71|58|78|55|86|77|84|97|329|105|353|349|600|111|118|99|113|98|75|114|333|111|107|106|101|128|126|136|138|133|634|118|368|375|117|115|644|127|382|120|113|115|372|111|308|95|78|78|81|68|82|72|67|51|42|40|39|
2015-09-13|6|1_CTs|CT15||30|27|37|30|20|26|12|16|15|21|9|18|14|9|9|13|13|13|17|17|28|276|32|24|41|26|37|32|20|35|283|31|43|38|42|56|53|295|283|75|63|98|74|68|333|80|66|78|315|75|346|336|82|343|334|93|60|76|79|66|66|70|83|104|79|578|326|83|99|83|89|106|108|103|72|552|117|82|310|79|78|70|82|66|60|65|64|72|61|48|55|40|50|46|30|24|
2015-09-13|6|1_CTs|CT16||44|292|48|29|36|28|278|24|26|30|15|22|23|22|268|18|13|12|17|7|254|9|8|5|23|14|19|21|16|26|41|30|35|32|36|50|61|45|57|74|79|90|349|351|93|87|112|338|100|105|116|373|903|144|106|123|109|331|105|116|111|385|124|368|135|131|137|146|139|135|155|145|396|631|145|150|159|405|147|113|121|141|402|327|91|94|65|70|73|73|70|56|55|60|46|47|
2015-09-13|6|1_CTs|CT17||64|288|63|18|23|35|14|20|33|18|26|21|24|26|14|22|6|10|12|16|6|5|11|11|11|8|12|7|5|10|15|23|27|19|20|30|39|32|40|47|307|57|56|63|67|66|76|348|89|108|373|101|79|96|89|76|95|82|105|63|86|103|123|122|379|111|123|104|101|92|100|97|330|588|352|362|92|111|118|96|102|84|112|69|77|93|73|64|341|46|51|310|43|37|540|31|
2015-09-13|6|1_CTs|CT18||164|233|73|49|48|295|40|39|45|38|47|41|28|22|15|284|27|19|32|23|26|21|16|20|25|286|25|33|28|33|48|40|47|46|42|69|60|64|65|83|87|92|370|109|378|352|114|624|381|130|394|135|404|172|138|134|393|127|132|390|383|398|159|166|442|173|415|190|180|427|196|186|436|196|188|711|397|190|410|413|411|405|157|131|345|125|112|342|97|77|363|70|71|71|294|59|
2015-09-13|6|1_CTs|CT19||42|286|40|28|26|39|14|24|34|23|23|16|25|20|19|10|15|6|11|22|7|11|13|11|8|7|13|7|13|5|16|27|20|23|17|26|32|35|39|50|64|59|71|56|63|73|86|91|80|97|603|579|105|353|93|83|72|83|62|74|83|574|82|354|108|119|361|110|123|100|348|106|93|107|131|347|131|373|126|93|116|82|87|69|80|83|70|63|66|47|48|41|39|35|28|31|
2015-09-13|6|1_CTs|CT20||28|22|18|9|9|19|10|13|8|18|9|13|7|11|16|15|7|11|13|4|15|11|13|9|10|12|15|14|17|19|286|22|20|22|27|33|36|39|312|46|53|317|309|337|81|327|76|15|81|77|85|32|56|99|297|35|101|42|62|68|52|38|81|331|49|88|78|15|337|70|91|79|47|22|49|582|77|11|15|77|8|43|66|4|13|5|15|21|48|34|38|33|21|27|16|8|
2015-09-13|6|1_CTs|CT21||169|262|73|63|57|49|45|283|41|40|37|30|28|37|26|28|22|31|39|48|47|68|59|63|50|61|50|62|70|64|69|81|64|85|84|318|82|97|92|105|113|126|120|351|126|135|150|628|164|168|866|452|168|189|156|159|166|150|168|205|188|427|191|244|701|250|216|231|248|233|442|255|270|475|239|212|501|250|265|208|204|207|446|144|167|156|159|131|155|138|379|132|591|358|291|158|
2015-09-13|6|1_CTs|CT22||92|86|83|84|83|63|312|57|71|58|54|50|48|51|39|37|46|55|58|68|283|85|75|76|319|74|336|73|74|53|70|85|104|294|94|364|110|323|125|154|416|158|157|145|413|425|155|202|204|226|655|208|429|184|409|153|152|166|193|192|192|464|222|476|428|213|194|243|211|440|232|458|194|216|205|664|216|201|236|440|411|162|431|162|158|136|146|136|140|126|121|108|115|111|102|587|
2015-09-13|6|1_CTs|CT23||84|74|63|56|57|68|35|48|34|37|30|20|27|20|30|23|22|28|23|280|21|23|28|292|32|31|279|39|35|60|310|62|57|57|76|58|87|86|105|93|115|353|371|111|130|608|130|372|151|142|416|679|161|149|143|153|132|144|141|159|171|394|172|182|168|696|178|177|184|173|409|369|202|417|168|196|199|404|193|180|171|384|127|122|120|113|116|98|111|94|315|350|88|330|80|69|
2015-09-13|6|1_CTs|CT24||85|62|76|76|49|67|69|51|40|45|49|30|29|31|24|30|33|36|36|37|38|34|30|38|42|41|37|33|46|42|59|50|50|56|61|68|66|82|82|74|79|93|344|129|118|108|138|136|146|405|373|399|140|415|392|111|129|131|123|141|389|628|164|179|404|683|177|220|206|164|421|170|632|174|418|207|172|203|189|402|152|132|365|123|120|376|118|121|101|99|114|93|311|346|77|264|
