2011-12-12|6|1_CTs|CT1||1|1|0|2|0|0|0|0|1|0|0|0|1|0|0|0|1|2|1|2|3|2|4|8|15|4|24|6|5|5|9|13|67|39|32|14|19|10|5|4|9|8|5|3|4|2|4|7|5|4|1|9|3|10|4|12|3|7|3|8|6|6|4|6|12|6|10|4|8|8|7|3|6|6|10|4|9|4|2|4|4|1|2|3|2|1|2|2|1|2|6|18|11|5|1|2|
2011-12-12|6|1_CTs|CT3||17|8|10|7|5|3|2|3|2|5|0|1|1|1|1|2|4|7|11|10|19|17|25|37|31|35|40|39|46|51|56|86|86|113|142|175|165|182|113|83|80|63|66|49|63|55|36|48|55|60|47|61|45|59|51|38|63|56|52|54|53|58|48|56|47|48|66|62|71|59|66|60|57|68|73|72|42|52|44|22|39|21|28|30|30|20|24|20|20|7|33|17|16|10|20|19|
2011-12-12|6|1_CTs|CT4||13|4|1|4|2|2|3|4|2|0|2|0|1|1|0|1|1|1|1|4|0|1|1|1|2|2|2|1|5|11|20|25|25|46|30|17|4|20|35|25|17|29|27|18|22|30|32|23|38|31|27|24|52|36|31|30|28|25|37|40|36|33|21|39|41|28|29|40|38|59|71|47|41|54|75|53|69|39|39|41|38|33|25|21|21|15|21|14|15|8|17|12|9|9|10|7|
2011-12-12|6|1_CTs|CT5||9|16|7|7|4|6|6|3|5|4|5|3|3|4|2|1|6|1|5|4|3|5|8|6|14|14|14|15|28|24|42|67|73|79|76|81|118|126|122|101|111|68|61|76|65|68|59|54|77|64|70|65|72|66|73|66|86|76|81|84|84|84|77|56|81|67|91|76|100|98|102|72|77|68|45|68|51|63|68|52|52|27|31|26|32|52|43|31|34|30|30|24|33|35|14|22|
2011-12-12|6|1_CTs|CT6||23|12|16|7|7|6|5|7|2|4|3|2|1|3|4|3|2|6|6|5|6|8|7|11|12|13|17|17|34|37|57|111|159|178|172|199|206|187|147|133|120|95|100|106|102|104|103|109|100|105|98|98|96|110|112|119|107|109|144|128|127|119|121|132|106|120|133|131|156|154|172|134|163|131|139|115|99|108|94|86|91|104|83|72|76|62|60|60|56|44|35|31|31|29|29|26|
2011-12-12|6|1_CTs|CT7||9|6|2|1|4|1|2|2|0|0|1|1|0|0|2|0|1|1|2|0|0|2|2|1|5|4|1|7|11|10|14|20|35|27|50|42|41|38|31|30|32|27|24|18|29|26|28|29|22|29|23|26|31|28|32|26|22|19|21|31|28|31|35|26|22|31|33|42|39|30|38|32|44|31|31|32|20|15|18|19|21|9|9|21|9|6|12|7|5|13|5|8|7|5|7|4|
2011-12-12|6|1_CTs|CT8||30|30|22|13|17|13|18|10|12|9|9|6|16|5|4|6|6|6|10|6|5|16|16|18|35|33|31|58|79|109|185|210|245|237|224|221|187|174|200|181|168|142|154|144|136|162|144|121|152|128|150|142|155|144|142|153|178|155|183|168|160|174|171|150|140|155|173|184|180|167|176|174|187|204|214|164|169|182|177|161|151|145|110|112|96|83|96|82|79|65|74|81|58|55|49|56|
2011-12-12|6|1_CTs|CT9||35|36|23|18|19|10|12|12|8|7|11|4|4|9|3|6|3|6|2|8|19|8|25|30|41|31|48|63|105|134|212|290|358|345|382|352|331|312|282|296|221|195|179|220|222|207|206|212|222|205|222|213|215|215|204|235|256|227|246|240|224|240|239|215|224|251|288|264|298|291|298|306|323|296|331|344|248|217|202|178|165|178|177|126|126|121|108|108|89|83|87|78|72|70|60|52|
2011-12-12|6|1_CTs|CT10||37|26|19|10|18|4|5|5|12|7|9|7|3|2|4|2|0|3|1|7|7|4|14|19|17|31|31|38|59|70|97|142|175|181|219|216|222|219|210|224|167|158|152|163|151|151|156|164|152|155|203|151|170|172|172|169|170|164|168|176|201|160|159|169|172|186|190|217|198|223|216|224|227|233|250|221|190|207|171|171|144|159|128|103|86|91|65|67|79|61|65|51|54|39|43|31|
2011-12-12|6|1_CTs|CT11||24|18|21|12|6|5|12|11|7|5|4|3|8|4|5|2|5|2|8|6|17|16|15|40|34|29|77|82|95|182|260|323|383|339|341|318|343|250|289|292|249|230|155|187|173|189|173|184|189|164|185|171|190|148|208|217|198|231|203|226|196|235|191|169|192|247|242|217|225|227|218|187|203|218|178|180|145|136|128|135|109|112|97|107|80|85|79|67|54|56|50|51|54|47|38|35|
2011-12-12|6|1_CTs|CT12||37|22|14|18|15|6|9|12|8|5|8|9|5|4|5|5|3|2|4|8|11|8|16|24|22|21|41|51|63|89|124|174|254|302|246|291|304|262|245|226|194|160|132|166|147|170|168|176|174|184|217|164|214|161|227|172|195|192|178|197|192|180|191|193|209|230|238|264|282|302|313|311|290|320|311|288|253|223|204|201|167|177|136|138|97|118|74|81|76|62|57|60|52|51|41|38|
2011-12-12|6|1_CTs|CT13||12|11|6|6|5|3|2|1|4|3|4|2|3|3|0|3|1|2|3|0|3|5|8|8|12|11|16|23|33|34|44|66|80|73|87|78|82|69|57|66|53|43|48|41|39|35|43|39|43|41|43|53|42|48|49|56|52|51|42|64|38|43|45|46|40|41|54|53|44|54|53|56|57|61|275|293|173|172|134|130|114|107|100|84|65|78|68|66|54|51|53|52|40|44|41|30|
2011-12-12|6|1_CTs|CT14||40|21|11|13|17|5|3|10|6|0|5|3|5|1|4|0|2|2|3|8|4|5|14|19|15|15|20|22|31|42|49|63|96|104|92|103|136|129|119|90|127|79|83|72|82|105|123|98|112|132|129|86|109|86|108|94|123|117|105|109|124|134|125|99|146|141|144|108|154|180|161|169|170|183|175|156|136|136|125|140|112|113|77|87|70|64|51|52|69|51|50|45|49|34|43|24|
2011-12-12|6|1_CTs|CT15||21|20|8|5|10|4|4|2|7|0|4|1|2|1|4|3|3|2|7|4|8|10|7|16|16|20|22|47|53|61|109|147|194|188|163|172|152|157|121|131|83|83|81|76|63|68|82|79|66|83|74|87|79|81|82|85|84|86|90|77|70|86|86|85|83|95|84|110|105|91|96|109|102|102|182|120|87|66|67|57|69|47|39|36|43|40|23|28|19|18|15|20|19|16|28|16|
2011-12-12|6|1_CTs|CT16||37|39|15|12|17|6|5|9|7|8|3|3|7|4|5|0|4|3|5|2|8|11|5|27|18|30|38|58|73|122|176|219|308|310|283|313|282|259|251|258|247|225|194|206|179|194|187|199|159|196|198|197|215|207|208|195|188|213|177|226|225|207|219|201|183|206|209|246|224|225|233|210|226|227|244|220|181|169|159|159|147|121|113|112|86|101|91|67|66|70|68|57|61|48|44|38|
2011-12-12|6|1_CTs|CT17||12|6|10|8|5|4|5|3|1|3|2|1|1|2|2|1|1|1|1|1|4|1|3|2|11|4|5|8|21|23|48|62|85|88|84|118|108|98|97|94|55|65|53|79|70|88|86|78|105|85|83|91|88|68|82|86|87|84|105|87|89|79|96|100|95|100|113|113|104|107|104|108|123|121|88|105|127|89|88|87|90|85|70|53|54|54|50|43|26|34|32|39|32|27|28|23|
2011-12-12|6|1_CTs|CT18||42|42|26|27|25|14|17|10|16|10|9|14|5|7|9|5|11|8|9|12|13|13|17|22|41|46|47|58|87|112|183|230|313|332|318|351|339|211|183|225|184|264|244|236|222|233|218|259|245|261|227|243|263|223|229|234|270|286|259|279|276|285|273|281|256|256|302|312|302|279|322|259|296|293|295|306|275|259|225|235|215|183|158|158|148|131|136|101|122|105|100|103|91|101|58|70|
2011-12-12|6|1_CTs|CT19||30|14|20|20|11|9|7|13|4|5|6|6|6|8|4|6|0|6|2|4|4|3|7|4|13|11|12|18|31|35|59|102|188|183|132|173|183|189|160|136|136|138|125|141|180|135|131|139|168|158|145|145|160|143|132|136|131|161|151|141|146|162|168|182|166|172|206|199|197|206|241|223|213|264|208|207|212|175|175|154|149|164|140|109|92|77|91|61|53|56|51|67|49|52|45|44|
2011-12-12|6|1_CTs|CT20||8|17|8|13|5|10|8|2|5|2|1|4|0|6|3|2|1|5|6|2|11|10|8|17|25|23|22|27|32|43|57|77|150|160|128|179|169|166|143|134|72|48|101|22|133|134|54|123|120|119|117|90|126|108|113|56|62|39|100|142|147|130|132|141|51|84|84|51|149|138|125|39|131|144|129|143|79|90|99|84|57|29|3|42|36|59|46|55|53|38|39|37|40|32|29|19|
2011-12-12|6|1_CTs|CT21||60|70|33|46|29|21|23|16|15|17|6|5|8|15|5|10|9|7|13|24|19|23|34|43|47|62|68|102|129|208|244|341|361|390|304|193|203|296|315|299|267|251|231|239|233|275|220|229|238|242|243|229|223|218|219|204|228|250|272|245|254|229|284|246|246|228|228|263|259|274|263|231|251|282|285|255|240|226|214|186|178|147|130|135|120|119|110|99|93|84|98|88|79|75|78|59|
2011-12-12|6|1_CTs|CT22||71|50|47|22|38|33|25|26|18|26|25|10|16|12|13|12|10|18|27|30|27|38|55|68|68|89|88|95|101|132|161|192|232|240|290|267|312|271|262|240|225|210|261|240|270|274|252|273|246|315|235|287|286|229|244|271|254|245|252|284|281|299|296|291|301|355|328|334|364|389|407|347|373|370|349|336|338|327|319|268|245|236|203|210|167|144|146|141|158|127|122|115|127|104|95|102|
2011-12-12|6|1_CTs|CT23||49|46|31|19|27|20|25|17|14|12|13|16|19|8|6|6|10|9|10|12|14|19|24|34|40|52|44|84|121|177|275|334|360|375|384|382|365|320|354|318|300|289|242|256|235|229|221|219|245|248|236|243|224|244|240|233|258|269|283|258|250|275|258|265|234|272|266|290|314|314|331|336|301|343|334|327|330|288|293|248|249|199|172|173|158|133|146|121|126|106|102|113|89|87|64|61|
2011-12-12|6|1_CTs|CT24||66|50|38|24|21|15|17|15|12|10|12|12|4|11|7|6|10|12|17|11|15|15|25|28|50|40|51|88|96|111|173|259|256|299|304|320|298|354|337|318|290|257|253|253|286|267|240|304|258|251|255|278|257|271|220|275|248|268|240|247|300|317|284|312|324|343|338|365|369|364|385|403|431|452|419|393|374|346|347|292|285|257|217|203|186|149|126|132|134|134|101|118|125|105|104|95|
