2011-03-16|7|1_CTs|CT1||33|32|27|25|14|13|13|10|9|8|7|8|6|6|6|6|4|6|8|4|5|6|9|11|13|20|23|27|39|54|97|153|193|226|208|220|227|217|222|200|157|152|149|165|165|171|136|151|147|139|137|145|139|133|115|129|131|164|168|152|168|138|152|145|145|164|132|161|138|182|163|178|182|171|164|191|160|166|145|142|134|113|87|78|66|63|68|61|54|47|52|51|43|39|44|29|
2011-03-16|7|1_CTs|CT2||59|51|51|61|26|41|23|17|22|30|9|26|15|6|9|11|13|10|11|11|9|16|20|24|19|35|50|88|51|119|170|201|334|331|467|468|400|396|325|314|292|252|273|241|243|237|223|261|258|210|234|192|154|248|227|197|245|239|173|270|250|269|185|276|252|189|275|221|282|262|325|340|321|321|323|331|264|189|256|267|211|231|179|141|163|122|144|109|112|104|106|104|77|86|78|79|
2011-03-16|7|1_CTs|CT4||78|60|46|20|30|19|28|30|27|20|35|22|15|9|7|19|10|7|6|14|11|13|14|12|17|13|6|10|10|9|13|24|38|47|42|41|61|44|57|41|39|42|38|30|46|33|50|37|54|46|76|62|45|45|39|33|50|28|53|54|39|41|64|66|72|81|101|79|112|109|109|105|91|100|93|81|101|80|78|135|77|56|56|65|59|55|41|66|43|66|58|48|80|51|77|39|
2011-03-16|7|1_CTs|CT6||29|22|23|27|20|17|18|11|5|10|12|13|5|9|5|5|7|3|9|4|5|3|6|10|16|5|16|14|42|37|60|71|150|134|161|160|160|159|163|162|111|113|142|128|131|138|125|123|130|127|158|152|150|146|180|122|124|140|154|180|164|150|170|187|185|214|194|203|216|216|218|225|217|200|196|172|209|160|177|168|153|116|106|88|71|71|83|64|72|69|52|40|39|41|50|37|
2011-03-16|7|1_CTs|CT7||42|45|47|25|28|10|27|17|21|8|9|9|12|12|3|7|13|7|10|13|4|11|14|16|25|23|30|39|54|65|84|89|134|147|136|135|156|125|143|138|143|117|130|125|111|122|121|124|140|118|142|141|135|121|117|131|132|145|118|170|148|146|144|131|151|145|138|155|170|174|168|200|168|194|198|173|184|178|164|175|136|119|84|109|98|80|66|74|62|56|56|67|72|57|51|61|
2011-03-16|7|1_CTs|CT8||99|103|75|68|68|73|26|34|28|20|28|29|12|18|15|19|20|25|34|42|56|74|59|76|93|110|136|167|216|264|343|394|387|456|463|397|436|424|383|407|367|341|374|335|320|351|338|314|320|327|333|343|307|282|261|314|323|351|350|359|329|356|315|390|347|340|370|394|381|354|386|394|390|373|358|355|348|325|356|320|264|254|227|207|191|186|215|196|169|163|152|145|125|123|100|88|
2011-03-16|7|1_CTs|CT9||64|45|38|30|33|36|13|14|28|13|13|10|10|15|10|11|14|15|18|11|18|28|34|42|47|47|67|100|106|132|176|225|226|252|264|257|263|258|235|226|231|184|217|196|167|197|195|181|179|193|182|196|195|156|169|163|183|207|208|221|200|167|186|207|185|201|221|198|203|205|209|228|188|211|210|201|193|187|181|154|149|132|121|121|100|101|99|96|86|101|84|76|79|60|53|51|
2011-03-16|7|1_CTs|CT10||109|95|82|79|72|60|45|37|36|39|25|39|30|29|25|19|16|27|25|35|34|35|29|36|28|55|53|70|81|108|139|181|195|248|295|258|241|235|260|253|202|228|245|247|246|273|281|273|256|255|244|271|245|270|226|216|266|246|302|273|252|305|319|297|314|296|295|317|343|324|304|330|272|316|286|314|319|319|298|270|276|250|215|190|174|181|146|172|170|144|138|156|128|118|108|90|
2011-03-16|7|1_CTs|CT11||97|89|74|78|60|57|39|31|29|24|24|30|24|23|20|20|17|18|32|32|30|42|32|51|32|55|65|78|103|142|147|198|204|230|282|233|236|271|237|209|192|229|230|245|243|254|269|270|226|222|225|216|250|226|228|224|246|245|268|272|272|287|272|257|300|252|262|275|289|262|250|274|238|257|261|277|276|288|283|217|237|207|194|186|153|170|152|163|140|128|122|136|110|123|97|86|
2011-03-16|7|1_CTs|CT12||172|68|275|125|81|87|111|113|96|235|1097|1856|244|147|121|87|103|610|271|98|104|293|379|269|153|266|257|154|282|210|158|524|1432|223|249|283|270|250|239|270|225|213|238|209|241|270|233|245|259|276|266|286|254|256|254|243|222|294|269|264|284|253|292|303|440|441|417|262|368|502|289|414|323|293|324|309|678|870|338|300|274|324|284|419|567|559|403|177|135|156|158|171|133|139|204|112|
2011-03-16|7|1_CTs|CT13||15|15|11|6|6|7|8|4|6|2|1|2|3|4|0|3|3|1|2|3|4|2|4|3|7|6|12|17|24|25|42|47|57|62|74|76|67|77|63|89|78|51|64|76|54|46|57|58|55|61|91|72|64|64|58|54|76|63|72|92|79|64|68|75|80|70|88|70|73|83|66|60|74|82|69|61|82|79|72|75|55|55|41|51|40|34|21|26|24|20|26|23|23|18|22|31|
2011-03-16|7|1_CTs|CT14||122|113|103|87|88|64|50|49|40|33|25|37|33|27|22|16|22|22|41|33|38|41|49|57|74|74|106|118|125|195|221|281|351|374|463|450|390|431|403|360|319|322|293|324|363|366|355|364|328|363|334|342|359|326|320|329|355|349|360|394|397|391|385|402|423|419|451|473|536|551|535|478|509|577|532|484|553|493|475|465|410|330|326|301|200|223|235|214|212|177|171|180|158|139|144|113|
2011-03-16|7|1_CTs|CT15||13|4|14|4|6|3|5|2|3|4|3|2|2|5|5|2|4|1|5|2|2|3|2|2|5|2|7|10|15|13|22|20|92|111|86|91|72|83|50|43|50|47|31|20|42|32|44|38|45|54|49|35|45|71|71|40|52|50|59|51|51|48|45|60|57|84|83|66|82|87|107|66|80|67|70|70|59|55|56|64|42|40|34|20|18|21|20|23|16|27|27|17|13|16|14|9|
