2015-04-28|3|1_CTs|ct1||424|150|34|20|12|267|12|11|8|260|4|3|4|4|3|7|6|2|3|4|8|9|9|10|17|19|44|290|84|110|174|214|491|263|259|223|239|227|222|232|214|217|213|454|455|170|166|149|186|151|686|202|182|161|695|172|659|213|206|461|187|430|201|193|429|429|716|206|193|214|237|239|228|221|482|485|234|218|216|215|187|174|169|148|135|125|101|93|87|282|882|335|83|69|285|66|
2015-04-28|3|1_CTs|ct3||117|246|55|28|28|8|23|268|11|10|10|267|14|10|13|11|21|6|15|20|10|27|15|33|15|268|64|363|122|176|487|276|776|263|285|499|542|281|229|532|774|789|273|241|493|463|215|749|482|483|217|241|249|205|241|229|476|514|231|266|505|488|222|469|359|290|212|214|201|441|212|203|189|183|440|189|208|203|950|214|192|424|705|671|176|149|363|90|92|564|129|353|348|343|89|98|
2015-04-28|3|1_CTs|ct5||559|347|72|301|41|288|45|30|30|21|14|18|12|16|13|14|19|19|18|11|251|13|10|12|18|274|28|281|46|334|125|149|437|219|230|242|747|243|466|234|192|160|430|183|151|452|449|455|472|251|252|246|247|239|215|218|440|503|247|474|493|237|497|249|268|538|267|747|291|308|295|564|548|302|773|279|214|238|788|528|302|578|508|960|660|173|421|161|435|155|667|141|172|156|373|196|
2015-04-28|3|1_CTs|ct6||7|8|1|8|3|2|2|3|3|3|4|1|0|1|1|2|0|0|2|1|3|1|4|4|7|10|14|22|21|31|38|52|792|71|79|315|65|312|66|51|53|44|60|57|43|563|67|68|61|51|45|47|60|52|39|47|51|51|55|59|61|59|289|58|54|312|65|59|57|52|71|56|63|332|311|325|54|62|323|372|247|53|47|274|280|22|23|23|17|24|22|263|21|19|21|11|
2015-04-28|3|1_CTs|ct7||83|86|65|62|59|52|42|297|36|26|34|22|16|20|21|18|21|15|19|19|27|29|28|29|30|41|49|62|74|99|382|145|405|183|436|172|447|155|189|171|144|161|156|154|148|176|164|182|190|195|188|190|181|171|142|146|177|186|178|175|704|426|188|194|413|188|158|82|70|46|298|65|311|44|61|68|34|48|60|60|84|108|149|146|140|133|121|120|110|124|108|120|122|371|149|149|
2015-04-28|3|1_CTs|ct8||45|295|30|39|33|21|20|30|17|13|20|8|7|11|13|5|9|8|14|9|16|15|16|16|15|26|33|32|45|56|70|92|91|120|374|100|391|112|118|114|85|113|119|110|104|106|110|119|133|125|125|137|127|126|86|86|117|126|122|111|132|117|119|386|116|121|384|152|151|122|102|394|393|380|395|140|392|121|133|114|134|114|344|91|80|73|71|76|74|75|314|61|66|53|91|96|
2015-04-28|3|1_CTs|ct9||336|311|49|300|45|297|310|49|27|27|24|30|33|28|25|16|15|21|25|17|14|23|24|281|41|23|32|331|76|140|397|170|220|242|699|515|667|620|551|320|493|228|269|213|426|161|158|530|143|178|662|137|416|408|431|589|510|436|195|434|426|731|189|188|190|466|172|183|177|92|120|156|173|89|132|427|109|137|185|207|192|189|678|134|119|373|622|122|93|93|347|89|129|74|120|104|
2015-04-28|3|1_CTs|ct10||74|70|37|38|35|30|25|33|33|27|24|17|17|12|10|9|13|12|12|9|8|13|13|18|31|13|26|36|50|57|87|124|146|152|191|164|159|158|126|143|131|128|106|120|112|146|121|154|147|137|132|142|135|142|130|116|99|128|130|130|133|152|131|148|157|156|152|149|163|168|157|164|170|164|161|155|134|140|135|141|139|132|148|124|95|102|98|82|97|82|113|98|89|84|78|99|
2015-04-28|3|1_CTs|ct13||477|147|261|1104|821|742|1415|3520|985|4793|5165|6035|6597|6323|6778|5863|5947|5593|5088|4316|3896|3387|2237|1555|654|994|1084|1148|1374|2155|955|589|718|248|837|2049|957|327|205|653|647|426|189|260|185|230|274|297|453|215|530|699|576|588|301|288|978|362|347|813|788|286|926|299|1049|473|937|200|364|603|954|504|662|175|297|415|56|292|164|208|316|294|818|254|804|252|512|229|249|638|1115|466|220|488|493|222|
2015-04-28|3|1_CTs|ct14||519|289|29|22|13|12|10|22|12|12|6|10|3|7|8|7|5|5|7|9|11|9|8|18|28|41|93|396|494|276|295|297|532|257|240|785|1028|507|276|490|483|233|476|213|202|475|457|419|435|461|199|456|193|172|169|368|502|217|192|458|963|464|194|694|414|166|963|207|181|231|497|244|499|226|698|272|242|230|194|258|381|184|406|379|364|110|99|107|605|344|343|578|66|94|52|54|
2015-04-28|3|1_CTs|CT16||69|41|35|61|49|30|30|295|28|20|14|16|30|27|17|13|14|16|9|9|16|13|21|15|17|18|27|26|50|55|126|98|406|174|203|418|437|169|147|157|145|163|161|165|157|158|148|146|178|168|425|151|677|146|373|135|159|142|412|163|162|160|163|173|174|171|448|696|205|503|479|239|253|237|744|249|505|229|470|463|200|422|406|389|386|126|118|83|90|82|94|108|104|80|95|86|
2015-04-28|3|1_CTs|ct18||97|83|56|50|41|40|31|37|35|34|27|17|20|15|13|14|15|12|16|13|11|17|24|28|40|26|35|46|77|90|145|186|228|236|259|261|252|237|213|197|212|196|195|195|157|194|169|202|195|172|176|176|158|179|169|158|131|195|204|180|186|192|191|183|204|217|180|151|185|231|210|190|206|211|212|192|207|171|174|201|176|169|180|151|145|139|127|96|142|107|114|141|122|108|103|105|
2015-04-28|3|1_CTs|ct19||0|0|2|0|0|0|0|0|0|0|0|0|0|0|1|1|0|0|1|0|0|1|0|5|1|8|4|7|9|11|10|10|15|9|11|13|11|7|7|9|18|6|6|4|5|10|4|4|6|10|6|6|8|10|5|8|11|10|10|4|5|6|6|9|5|11|7|9|5|5|2|9|4|6|6|11|5|11|5|7|8|4|7|6|9|3|4|6|2|1|1|0|1|1|0|2|
2015-04-28|3|1_CTs|ct22||2|1|4|1|4|1|1|1|0|0|2|0|0|1|1|1|1|0|1|2|0|1|3|0|1|1|2|1|3|11|15|17|22|24|23|20|18|275|26|17|14|16|21|18|30|286|26|279|24|22|23|23|26|25|12|194|110|275|19|25|23|29|21|32|34|29|47|40|50|59|65|46|58|76|62|309|70|47|38|36|38|276|16|21|23|17|8|1|12|8|8|3|7|11|14|5|
2015-04-28|3|1_CTs|CT23||362|97|91|301|50|50|290|39|28|23|9|17|271|12|14|20|12|6|6|10|250|16|17|16|22|30|17|49|335|90|172|281|310|646|658|365|657|394|360|283|292|543|526|268|287|537|275|268|309|325|362|369|626|310|280|450|630|368|320|275|595|332|613|578|631|391|440|729|450|511|573|1070|622|608|597|600|1121|851|1079|518|502|706|453|650|345|276|1009|230|257|468|494|440|471|149|389|166|
2015-04-28|3|1_CTs|ct24||896|870|100|62|67|311|43|57|41|33|33|26|18|33|26|20|22|35|43|38|52|320|328|90|318|729|340|836|759|874|1006|897|1022|756|669|819|709|625|708|656|1039|1011|906|904|859|1380|792|786|772|840|1095|866|1297|757|759|1089|1051|1418|916|874|1082|1073|774|789|877|1357|1109|813|793|1145|864|1167|922|1243|1343|937|1163|843|1549|1017|711|923|885|815|1006|681|900|584|346|605|548|557|535|297|733|188|
