2012-12-31|3|1_CTs|ct1||43|34|15|25|17|18|15|14|8|10|6|11|9|10|3|6|5|1|8|4|7|7|4|22|15|17|25|21|22|39|37|74|67|91|105|103|108|99|107|113|88|106|92|107|110|109|121|120|115|133|141|136|125|136|109|101|129|110|125|140|147|146|128|134|159|166|138|153|140|140|141|112|108|106|102|90|84|99|108|109|112|121|108|101|78|79|79|61|49|75|61|64|79|67|63|46|
2012-12-31|3|1_CTs|ct3||78|88|56|39|35|31|29|19|27|19|23|15|24|24|15|14|14|15|14|16|29|18|23|38|35|45|40|38|42|65|64|111|88|139|146|189|167|166|164|164|160|157|211|195|184|197|221|212|202|207|218|214|211|225|201|168|188|200|192|201|216|183|210|194|223|193|184|168|154|163|157|161|169|152|156|145|148|173|168|195|185|185|212|195|155|161|176|136|131|179|173|210|209|188|235|158|
2012-12-31|3|1_CTs|ct5||94|62|67|62|44|50|34|38|27|22|27|27|17|8|16|11|12|9|7|10|12|9|16|13|18|13|14|15|36|26|52|66|71|83|105|115|109|108|112|93|127|108|102|115|130|131|144|136|154|139|150|167|182|166|143|157|161|157|170|158|186|207|203|204|220|215|240|233|251|223|214|189|199|181|146|135|156|173|125|125|122|101|95|83|99|66|86|72|85|62|72|75|94|88|58|48|
2012-12-31|3|1_CTs|ct6||12|8|2|8|4|0|2|2|1|3|0|3|0|2|1|2|2|0|0|2|3|2|5|1|3|3|6|7|10|14|16|13|25|19|29|30|31|28|40|20|30|16|35|29|33|35|35|30|42|49|48|39|41|45|33|41|35|31|50|38|36|44|37|43|46|32|39|48|47|63|56|41|31|29|32|26|29|25|23|22|22|15|23|7|12|16|18|10|9|9|11|11|15|3|8|2|
2012-12-31|3|1_CTs|ct7||144|92|112|67|55|49|43|58|48|49|50|38|19|23|20|43|58|14|33|39|13|35|23|27|35|32|24|24|38|34|52|53|65|76|87|91|107|112|99|110|122|113|149|135|135|151|181|145|179|152|172|166|154|187|146|166|158|159|166|172|182|176|165|287|139|129|125|147|123|140|156|150|157|150|128|126|101|105|108|118|100|90|99|115|104|114|155|117|129|118|120|121|131|141|118|91|
2012-12-31|3|1_CTs|ct8||51|43|37|38|19|16|19|23|19|12|19|13|9|12|12|11|12|3|14|15|13|14|14|19|13|14|14|11|12|20|18|20|17|39|32|35|33|30|42|45|52|34|52|54|62|58|78|60|60|60|77|72|68|85|65|73|73|76|73|138|107|120|127|309|144|133|149|186|165|127|125|85|86|76|70|57|46|57|56|77|65|76|82|112|92|81|109|91|88|85|86|81|83|102|98|79|
2012-12-31|3|1_CTs|ct9||66|77|52|65|50|49|35|42|35|31|34|37|44|31|33|18|25|12|23|20|26|14|23|28|27|25|26|41|35|51|87|83|80|83|94|131|97|116|96|105|118|101|116|105|113|95|118|102|127|125|132|115|118|119|92|105|105|122|135|118|125|135|136|129|124|139|160|163|121|148|153|132|140|141|102|123|126|131|117|127|117|132|100|132|89|93|105|77|73|69|53|65|61|60|49|35|
2012-12-31|3|1_CTs|ct10||65|71|47|57|51|43|38|39|37|35|30|28|19|22|25|20|12|16|12|13|14|13|16|10|11|18|20|19|24|29|29|44|44|51|62|68|63|78|67|77|70|81|83|90|93|100|92|87|99|111|106|121|103|95|88|85|113|99|95|123|119|107|111|94|109|119|150|133|131|102|122|98|92|98|109|109|99|107|100|80|93|88|110|107|96|97|80|88|97|79|68|53|52|53|50|31|
2012-12-31|3|1_CTs|CT11||340|616|1060|1767|1960|1109|889|675|2166|1282|112|5580|6723|2045|540|1189|619|4230|4903|763|503|2694|806|1796|4801|812|297|107|1396|889|1551|2365|657|248|184|152|372|211|198|279|1433|5357|1953|3546|5490|5177|3321|1498|2874|2641|5112|4832|4172|4765|5297|4176|5411|5265|4843|4463|4721|4308|2067|1320|2027|2419|1582|845|573|620|1490|3536|1911|4188|3710|4223|4843|5508|3257|2894|3632|3345|6291|2228|4536|4153|4699|2165|1573|3233|4249|5683|5918|5726|505|6508|
2012-12-31|3|1_CTs|CT12||31|41|24|31|21|26|13|29|20|8|24|10|9|11|7|14|12|1|6|12|15|8|13|13|17|13|14|16|11|21|14|12|26|23|35|33|42|53|60|50|44|62|65|56|70|74|78|99|89|70|81|68|63|81|61|65|77|58|50|72|93|88|98|115|84|103|111|96|102|112|119|90|88|75|59|68|50|53|67|69|58|60|64|97|91|101|115|91|109|84|76|91|84|101|81|81|
2012-12-31|3|1_CTs|ct13||87|98|65|56|54|60|47|43|35|40|40|48|21|36|17|25|18|15|20|18|24|29|35|40|36|35|50|40|71|61|76|81|95|115|123|136|146|132|137|175|142|175|151|169|147|171|160|177|148|174|178|187|127|192|134|161|176|148|149|176|191|192|188|219|218|211|233|201|205|221|246|215|168|173|157|150|146|158|145|153|139|141|137|156|136|161|156|157|165|142|128|117|135|110|95|92|
2012-12-31|3|1_CTs|ct14||40|33|37|30|25|14|11|8|15|2|7|15|3|7|11|4|4|6|9|8|2|13|14|17|26|25|37|52|88|108|155|137|160|183|186|193|197|185|181|175|120|125|140|122|128|126|137|101|118|113|100|109|113|114|113|139|124|105|115|119|148|150|134|130|128|143|145|159|142|166|143|111|119|103|139|125|133|104|109|149|114|106|96|105|83|75|73|55|53|54|41|24|37|39|22|17|
2012-12-31|3|1_CTs|CT16||54|70|40|44|45|49|39|25|29|27|32|18|17|27|23|39|33|6|14|12|8|18|35|29|7|26|48|28|35|48|56|57|78|84|51|103|107|64|96|89|84|102|105|101|112|80|125|93|117|105|120|132|116|110|114|90|111|102|118|104|131|135|134|122|160|125|200|189|167|172|140|183|146|172|140|109|110|76|147|116|135|147|130|132|106|112|104|120|100|79|118|71|99|96|46|68|
2012-12-31|3|1_CTs|ct17||56|47|38|43|38|31|22|29|27|25|15|15|13|18|17|18|7|18|7|16|20|14|16|19|23|18|21|28|43|35|51|88|93|105|118|119|134|130|130|131|121|144|134|122|146|149|170|155|145|170|154|151|165|137|158|131|156|143|163|156|170|185|150|177|192|157|186|178|158|160|151|143|145|141|125|113|138|155|136|136|156|141|114|111|122|92|90|92|89|74|63|46|56|63|45|32|
2012-12-31|3|1_CTs|ct18||87|95|58|76|66|58|50|52|40|45|41|33|22|35|27|24|15|16|15|23|23|20|28|22|22|28|32|41|45|49|68|78|97|110|125|129|114|129|117|125|124|122|125|135|115|156|156|152|136|137|153|139|150|142|139|132|141|143|142|175|151|171|139|140|168|158|198|173|165|156|120|145|139|137|152|144|137|143|132|137|137|144|162|137|129|131|129|125|157|117|102|86|95|90|71|52|
2012-12-31|3|1_CTs|ct19||0|4|0|3|0|1|0|0|0|0|0|0|1|0|0|0|0|1|0|0|0|0|1|4|0|5|4|6|6|2|6|7|5|6|4|5|5|4|3|6|5|4|8|6|8|6|10|6|5|3|3|5|3|7|4|5|10|5|8|5|5|6|5|5|8|13|9|7|1|6|5|4|7|9|3|7|2|4|4|5|7|2|0|6|3|2|1|1|0|4|0|0|0|0|0|0|
2012-12-31|3|1_CTs|ct22||8|3|12|13|3|5|4|0|1|1|2|3|1|0|0|1|0|2|0|1|2|2|3|3|3|1|1|2|1|4|2|6|8|8|11|9|12|13|17|25|14|23|17|21|11|20|16|15|26|21|20|18|23|11|8|12|12|21|28|16|15|22|23|27|22|30|44|26|35|37|28|25|26|14|18|9|17|15|17|16|10|13|3|4|2|5|15|17|19|7|5|6|5|5|1|2|
2012-12-31|3|1_CTs|CT23||82|70|54|89|40|37|33|25|18|20|10|16|17|12|19|5|15|4|12|6|9|7|12|18|16|13|29|26|35|39|53|82|101|137|130|127|87|135|144|155|114|137|118|132|176|164|168|186|193|191|220|266|225|272|194|205|207|189|191|216|230|252|246|249|280|312|312|344|338|347|313|268|279|235|200|190|178|150|152|112|141|119|118|76|67|45|50|58|37|58|56|46|51|53|31|20|
2012-12-31|3|1_CTs|ct24||153|145|134|99|96|67|60|56|54|41|29|51|38|31|47|23|35|38|47|37|46|57|86|99|92|100|219|271|326|454|556|625|627|683|790|757|691|697|677|678|588|613|622|614|643|610|687|613|628|641|574|626|627|623|610|595|592|596|628|660|671|675|635|673|636|626|735|669|628|675|604|580|486|448|586|536|553|484|578|641|505|509|532|509|389|374|340|287|289|298|266|253|272|262|236|120|
