2012-11-15|3|1_CTs|ct1||36|46|36|32|22|10|6|9|20|11|4|6|5|3|2|5|8|2|6|5|12|1|10|14|15|18|31|36|49|55|117|173|203|232|240|236|240|223|199|192|165|183|157|164|155|155|139|176|151|167|183|151|166|168|154|151|166|178|188|190|211|198|195|190|188|169|171|196|186|220|205|196|200|203|197|207|187|192|208|188|209|184|184|131|148|112|88|107|92|109|72|78|100|73|64|57|
2012-11-15|3|1_CTs|ct3||75|98|70|43|44|34|28|16|18|24|14|17|8|8|11|12|14|21|16|24|20|26|31|41|42|37|45|81|76|90|164|219|250|280|305|281|285|310|282|282|235|257|259|250|225|246|244|250|230|245|233|238|239|218|216|228|259|243|246|235|299|230|246|237|245|227|262|253|202|234|191|204|156|204|184|213|190|145|218|202|225|247|221|171|215|164|132|121|141|130|106|101|129|104|110|110|
2012-11-15|3|1_CTs|ct5||143|94|78|67|50|47|45|30|41|22|14|12|18|8|10|14|12|22|16|16|15|13|15|21|21|17|29|44|53|60|111|156|188|211|223|244|229|207|217|179|189|183|197|177|171|184|196|206|201|224|194|204|206|193|191|188|186|213|195|213|208|221|251|239|260|233|249|257|275|302|297|268|297|292|266|287|258|289|276|253|253|273|252|176|161|163|166|137|158|152|113|116|117|112|124|124|
2012-11-15|3|1_CTs|ct6||11|10|5|7|3|4|4|3|1|2|1|2|3|0|1|1|0|1|1|1|3|2|4|1|3|9|15|20|15|20|46|62|69|77|100|89|104|82|81|76|77|63|67|79|65|39|49|45|31|48|44|70|74|44|40|45|61|71|65|68|62|76|68|69|51|48|67|48|78|64|70|83|98|76|62|71|61|57|47|65|39|45|30|32|19|22|18|23|18|18|22|18|12|14|22|6|
2012-11-15|3|1_CTs|ct9||88|102|89|60|54|69|52|43|43|24|32|27|32|44|29|20|16|27|14|22|19|31|25|17|30|38|46|52|59|69|120|160|196|213|239|219|206|234|207|211|173|187|157|154|160|175|170|143|146|175|157|169|158|157|134|129|187|178|170|198|177|167|163|163|164|175|195|191|214|182|201|198|173|198|218|214|214|203|206|177|187|172|144|113|94|126|102|106|95|106|93|94|85|88|106|90|
2012-11-15|3|1_CTs|ct10||75|59|63|57|50|48|43|35|39|37|25|24|19|16|16|21|24|12|20|18|14|25|27|28|24|27|22|20|36|58|62|111|152|153|166|174|159|162|161|158|145|132|115|128|111|155|131|131|138|139|130|137|154|144|128|129|119|126|131|147|156|124|150|141|123|148|149|145|133|157|151|157|157|149|152|141|142|143|131|126|128|149|139|126|106|108|99|82|107|85|85|99|91|91|94|96|
2012-11-15|3|1_CTs|ct13||113|105|84|61|68|100|65|37|50|37|159|36|73|77|99|31|44|53|54|38|28|51|46|58|59|44|71|53|77|94|141|142|167|189|202|212|182|197|211|185|204|215|231|244|257|272|200|1067|514|335|202|200|316|245|204|196|203|194|363|233|250|289|248|221|235|236|243|227|196|233|228|238|241|231|215|226|237|223|201|205|210|234|207|165|239|151|212|133|189|423|950|360|445|597|1028|1316|
2012-11-15|3|1_CTs|CT16||92|72|91|59|60|66|48|32|23|17|37|21|10|21|10|13|13|17|19|11|14|10|14|12|21|35|19|35|44|53|85|120|157|195|173|142|175|187|220|203|168|182|161|150|162|163|136|168|143|140|162|172|161|120|140|116|130|118|135|174|145|127|164|200|180|164|219|208|194|170|228|229|392|349|850|681|434|513|331|855|204|346|169|237|215|296|93|112|118|98|127|84|96|89|102|86|
2012-11-15|3|1_CTs|ct17||65|69|60|53|58|39|29|23|26|17|22|12|9|15|16|15|23|19|19|14|15|21|28|30|27|30|29|44|67|78|132|218|312|289|348|304|326|285|288|241|260|239|189|225|236|211|187|219|187|199|187|206|229|218|203|190|195|215|231|221|257|222|226|238|209|231|266|245|233|228|222|212|235|247|205|207|215|195|156|195|189|188|170|153|134|121|130|130|118|95|106|88|111|86|93|95|
2012-11-15|3|1_CTs|ct18||91|92|87|66|72|56|50|46|52|48|34|29|20|22|19|27|30|18|22|21|17|31|36|36|31|39|39|44|56|97|103|143|238|219|277|248|223|246|230|234|201|179|168|189|192|187|173|174|179|177|163|175|207|175|180|187|178|174|204|185|185|187|196|225|171|184|202|181|170|171|174|206|184|192|182|193|172|174|134|173|161|183|174|137|133|129|120|117|139|125|130|116|121|123|118|118|
2012-11-15|3|1_CTs|ct22||5|2|7|4|3|4|2|3|0|3|4|3|1|0|1|1|2|1|1|3|1|0|0|3|8|4|3|2|9|7|8|15|20|20|19|22|15|27|22|23|24|6|22|11|27|18|26|21|23|29|35|26|27|29|20|29|26|27|24|26|22|28|31|45|34|28|29|42|50|46|51|56|54|56|78|54|49|42|35|37|28|28|21|25|12|13|14|5|6|9|7|12|16|13|4|3|
2012-11-15|3|1_CTs|CT23||125|105|56|56|46|40|21|31|30|37|19|11|17|5|10|4|14|12|7|14|12|11|13|5|6|8|30|24|57|80|122|218|206|269|255|320|280|245|224|187|204|201|191|201|167|203|219|270|235|206|254|234|237|239|212|249|232|255|242|270|277|229|294|273|270|319|267|317|382|408|388|387|434|451|448|432|418|453|428|394|376|361|336|263|212|221|181|192|190|215|123|169|177|123|111|101|
2012-11-15|3|1_CTs|ct24||188|162|129|79|79|47|51|33|44|26|22|19|24|29|24|39|36|37|38|49|44|64|100|115|144|176|310|524|631|968|1021|973|984|932|905|932|899|841|951|913|952|941|891|846|766|806|779|788|714|680|775|825|761|742|716|781|689|853|826|811|813|788|786|774|705|728|667|654|668|849|867|921|863|919|851|838|775|856|702|679|604|622|587|490|441|385|304|335|325|317|315|280|287|279|242|206|
