2016-11-04|6|1_CTs|CT1||1|1|0|1|0|0|0|1|1|0|0|0|1|0|0|1|0|2|0|0|1|1|1|1|2|1|3|0|2|8|33|140|134|105|116|104|39|29|20|18|15|7|268|11|14|10|9|10|21|12|18|11|11|12|9|7|5|5|11|7|17|4|11|9|13|11|17|17|21|11|14|19|8|9|18|10|7|2|4|9|3|5|3|3|5|2|2|4|1|2|2|2|2|1|2|2|
2016-11-04|6|1_CTs|CT3||16|14|5|8|3|2|4|2|4|2|2|6|2|11|6|5|6|5|11|15|20|25|279|28|30|30|39|296|44|58|53|84|103|156|124|364|81|69|70|68|45|40|43|54|57|57|57|55|39|59|52|60|47|299|39|51|50|47|47|64|53|45|54|49|266|51|60|61|321|61|64|82|55|60|66|59|62|50|75|70|51|49|41|38|34|35|30|19|18|18|26|26|26|16|14|16|
2016-11-04|6|1_CTs|CT4||8|1|8|8|8|3|2|2|1|2|2|5|1|2|0|2|2|2|1|2|0|2|3|2|2|2|4|4|8|9|11|273|69|49|34|35|47|39|24|17|21|23|24|21|283|20|29|20|31|22|41|296|506|37|280|26|279|22|18|24|28|28|28|17|33|43|49|33|37|40|42|52|17|299|35|43|38|49|28|30|34|240|29|11|8|242|10|10|25|527|26|26|23|17|16|18|
2016-11-04|6|1_CTs|CT5||18|22|15|15|20|12|8|5|12|12|14|5|9|5|5|8|7|4|4|7|5|9|7|7|7|18|13|274|23|28|44|81|304|96|122|135|144|135|117|79|85|73|85|87|337|59|323|75|68|69|73|73|66|312|56|340|70|71|79|86|72|83|58|78|74|72|71|83|73|90|68|83|89|77|88|70|308|66|56|312|71|55|60|67|315|46|301|28|279|36|271|45|53|31|57|34|
2016-11-04|6|1_CTs|CT6||30|33|29|21|13|7|8|8|3|11|4|6|2|2|6|7|3|4|5|6|6|19|12|37|14|18|23|34|32|110|94|123|156|206|168|417|393|411|377|104|131|123|113|122|109|121|113|125|97|118|337|92|103|96|132|111|99|118|148|131|125|108|135|136|379|141|132|135|149|162|123|139|120|133|117|603|128|123|112|124|126|109|356|118|347|92|313|59|65|47|80|316|76|43|63|39|
2016-11-04|6|1_CTs|CT7||4|5|3|1|4|4|5|3|3|1|2|0|3|0|0|3|1|1|5|4|2|0|3|2|4|3|5|9|17|15|30|31|312|306|47|50|61|300|43|36|29|20|40|19|30|25|36|36|28|18|38|33|32|27|21|17|34|28|31|36|17|29|270|507|279|31|36|26|34|27|36|21|27|30|271|25|31|25|29|17|33|27|21|23|24|17|12|9|13|12|10|10|13|11|7|10|
2016-11-04|6|1_CTs|CT8||45|32|41|32|22|35|16|20|10|13|14|243|11|15|9|6|9|6|7|13|265|16|219|24|29|36|47|73|78|334|429|674|713|177|172|359|403|380|49|0|0|0|0|0|0|0|0|0|0|0|0|0|0|0|0|0|0|0|0|0|0|0|0|0|0|0|0|0|0|0|0|0|0|0|0|0|0|0|0|0|0|0|0|0|0|0|0|0|0|0|0|0|0|0|0|0|
2016-11-04|6|1_CTs|CT10||37|28|25|14|20|13|13|10|4|8|11|7|6|9|2|2|4|9|3|3|8|17|13|277|31|22|39|51|62|93|379|177|175|438|172|181|175|196|216|170|411|141|401|141|158|395|138|114|166|436|181|438|184|405|143|372|145|374|171|148|151|165|176|206|201|470|197|214|513|266|472|491|229|257|247|233|241|219|456|450|213|733|209|204|167|140|99|72|61|86|81|62|64|60|54|44|
2016-11-04|6|1_CTs|CT11||49|29|293|20|14|10|12|4|7|10|7|6|8|5|6|7|9|7|4|5|13|14|18|25|33|295|55|98|101|195|284|268|192|136|138|377|207|247|223|230|236|191|487|194|178|428|460|203|156|195|209|419|466|426|195|176|162|211|232|202|470|204|221|190|206|481|212|229|226|184|182|443|168|173|207|159|153|156|416|192|160|406|666|392|374|364|108|74|82|75|69|70|69|52|65|49|
2016-11-04|6|1_CTs|CT12||56|42|33|22|32|13|21|12|8|8|15|12|8|9|8|4|7|8|4|6|11|17|22|28|31|28|42|51|72|120|430|241|303|565|292|290|326|298|503|226|217|184|212|440|439|426|455|207|173|437|249|217|448|216|191|178|204|195|215|235|213|227|218|232|269|273|235|324|316|267|249|459|272|210|485|219|713|242|524|274|289|267|475|261|462|155|123|88|91|105|102|353|100|90|78|74|
2016-11-04|6|1_CTs|CT15||31|18|29|19|16|24|13|11|10|7|7|12|17|5|16|7|12|14|255|11|26|22|227|40|37|266|54|62|89|344|164|451|502|236|239|511|218|209|131|161|144|115|146|104|377|117|97|118|127|409|192|327|134|300|125|114|386|139|174|224|152|105|127|353|115|104|136|151|214|200|221|439|184|227|198|238|452|171|413|428|229|190|451|349|323|80|56|50|288|284|61|47|45|38|34|38|
2016-11-04|6|1_CTs|CT16||53|43|29|18|22|17|20|10|10|13|9|7|10|8|4|9|3|10|9|10|13|9|15|17|24|32|48|72|91|149|221|320|308|325|291|311|311|524|278|246|223|208|223|446|192|186|207|221|189|211|233|208|206|442|199|165|187|467|215|228|214|201|477|473|473|494|237|503|494|211|240|467|231|477|243|209|724|205|452|433|186|180|167|183|628|406|137|76|93|82|591|344|86|77|332|58|
2016-11-04|6|1_CTs|CT17||60|37|28|24|20|13|11|15|17|15|13|9|6|11|4|11|5|6|4|4|4|6|9|9|12|16|14|20|26|54|66|137|482|200|161|239|231|173|175|141|144|132|399|395|136|389|134|141|404|132|166|159|145|151|145|126|161|136|135|151|439|178|146|436|155|165|454|186|250|216|454|196|181|202|212|192|448|198|188|435|176|138|632|116|116|119|95|58|585|21|317|312|17|4|37|72|
2016-11-04|6|1_CTs|CT18||70|69|58|45|47|37|29|14|23|22|26|18|18|15|13|18|14|16|12|16|18|21|26|270|30|44|298|86|98|138|219|320|597|342|266|225|460|182|161|264|264|277|278|273|532|250|250|264|489|258|268|248|439|252|235|524|218|251|264|267|241|262|237|758|502|293|257|282|267|313|293|318|318|306|533|270|537|251|555|278|240|253|474|238|697|424|432|131|132|137|359|164|152|118|378|114|
2016-11-04|6|1_CTs|CT19||54|284|44|33|26|20|257|13|19|17|272|7|9|7|2|9|6|8|7|5|6|5|8|9|9|19|17|24|22|41|68|383|502|203|180|233|233|202|197|171|150|136|138|127|137|143|146|147|139|179|158|403|371|142|134|145|141|403|151|140|164|148|401|442|158|184|190|464|224|218|236|219|247|241|236|189|209|208|185|683|184|157|639|119|128|119|104|67|87|96|84|107|99|90|85|84|
2016-11-04|6|1_CTs|CT20||32|14|9|17|11|10|8|6|8|5|5|8|5|4|3|6|7|4|4|7|9|7|15|8|19|17|28|36|47|47|64|380|141|382|101|409|419|134|398|111|109|388|126|87|20|352|122|92|64|40|375|20|84|8|97|121|91|116|103|64|99|12|134|374|370|371|16|655|390|148|155|137|133|129|122|362|126|19|72|48|131|336|341|86|861|65|239|319|39|52|60|314|63|56|42|41|
2016-11-04|6|1_CTs|CT21||326|324|295|38|29|26|259|258|12|15|13|13|19|15|15|16|18|17|26|35|39|44|266|69|67|100|99|153|169|273|299|834|387|329|328|289|290|274|319|254|261|227|239|233|222|230|469|199|184|215|260|466|206|424|458|469|241|236|285|289|250|229|718|220|483|465|224|222|265|529|263|262|241|510|240|266|512|258|291|317|272|707|255|196|608|397|387|135|344|119|338|101|113|336|83|91|
2016-11-04|6|1_CTs|CT23||67|307|44|47|33|33|21|23|18|22|18|279|17|17|21|12|10|15|7|259|13|31|36|50|42|60|74|101|130|201|275|348|601|591|289|526|315|269|727|228|223|215|232|217|221|437|204|479|219|229|264|215|219|182|203|414|255|244|273|268|267|271|267|275|280|284|248|281|538|294|309|543|294|309|284|284|288|270|331|300|286|283|296|235|187|400|111|138|381|101|100|93|110|116|325|347|
