2013-08-10|3|1_CTs|ct1||67|55|50|45|42|29|27|34|23|17|19|15|11|8|11|7|5|11|7|7|8|8|7|13|10|8|17|26|9|29|48|52|36|54|44|50|35|69|56|63|70|72|91|87|80|100|95|107|115|100|104|113|99|86|84|80|103|90|68|74|90|76|74|86|84|90|85|73|75|66|60|64|79|75|79|85|92|62|78|97|92|108|88|83|97|85|84|98|83|66|71|64|74|79|64|64|
2013-08-10|3|1_CTs|ct3||173|126|123|116|74|75|81|54|52|78|46|31|41|26|23|29|35|26|32|42|30|29|34|38|36|53|49|72|39|53|89|74|84|71|100|106|103|117|113|117|118|113|164|149|159|165|153|161|169|148|163|129|148|117|134|134|123|141|150|125|147|127|141|140|144|141|135|118|124|136|100|142|156|143|144|147|173|153|158|166|180|211|223|198|243|205|175|218|200|183|176|170|170|184|128|188|
2013-08-10|3|1_CTs|ct5||141|140|158|127|92|79|88|70|67|69|71|56|53|46|48|34|28|34|41|30|15|32|30|19|26|22|25|29|35|43|58|78|76|77|102|102|128|132|124|154|119|165|148|161|157|167|181|170|169|166|173|142|179|154|156|141|138|150|136|151|160|158|164|151|183|152|132|139|154|139|140|119|145|123|140|129|145|134|150|160|137|166|130|102|112|108|81|70|92|115|111|101|105|196|210|149|
2013-08-10|3|1_CTs|ct6||6|14|13|5|6|10|8|2|2|3|4|2|5|3|3|2|0|4|1|4|3|2|2|2|4|4|4|4|6|3|10|7|14|2|9|12|10|12|14|16|7|21|11|10|29|15|14|14|18|24|12|16|13|14|14|14|11|13|17|14|12|13|17|15|17|8|9|16|7|20|14|26|20|11|21|14|24|19|21|13|20|15|15|12|21|16|17|14|8|16|18|15|19|13|14|9|
2013-08-10|3|1_CTs|ct7||176|167|186|162|112|120|109|104|118|107|96|66|91|141|85|75|71|62|65|45|53|43|59|36|50|56|104|43|47|52|48|53|58|53|54|65|71|85|94|89|99|113|109|117|117|137|124|116|143|133|122|118|119|129|119|119|110|119|117|115|115|126|125|126|139|132|127|130|134|127|130|122|121|122|141|132|122|140|158|140|135|132|120|90|129|141|125|114|143|164|144|127|166|192|197|153|
2013-08-10|3|1_CTs|ct8||108|97|131|95|72|82|66|58|78|59|47|39|46|45|41|22|42|27|43|18|27|26|35|18|29|35|29|22|36|15|22|35|34|33|33|32|43|40|54|55|64|78|65|58|72|81|75|64|85|70|61|65|81|81|73|60|70|56|67|76|78|78|84|81|84|76|95|72|77|77|85|65|72|86|75|82|72|77|96|97|71|77|68|65|83|93|76|70|102|102|96|89|107|126|121|95|
2013-08-10|3|1_CTs|ct9||88|84|72|75|77|87|82|76|78|67|56|50|56|53|47|53|34|37|40|25|39|32|36|39|36|36|30|21|21|27|49|51|57|59|73|80|69|89|97|111|80|101|85|93|110|93|76|97|109|109|88|97|105|89|96|91|88|77|79|78|92|97|81|82|88|70|69|76|111|81|81|86|83|81|72|82|85|77|75|98|66|59|85|71|67|72|76|62|70|74|80|70|70|80|87|83|
2013-08-10|3|1_CTs|ct10||89|82|77|75|79|76|71|53|74|76|63|59|76|71|78|57|63|62|57|46|38|40|44|33|38|41|32|33|40|27|33|29|25|28|41|35|43|36|45|55|51|73|57|73|74|70|68|84|72|68|73|74|70|68|71|67|63|60|65|77|73|82|58|71|81|68|61|59|76|68|55|72|82|84|63|75|83|67|75|84|85|71|71|66|63|79|67|58|70|76|79|85|71|89|85|83|
2013-08-10|3|1_CTs|ct13||212|204|196|156|171|142|127|148|134|144|136|108|140|121|100|112|112|92|148|108|84|88|100|78|78|96|96|88|123|95|104|118|104|100|130|152|159|183|152|200|181|206|164|186|221|206|207|232|207|207|175|173|202|192|185|183|162|185|198|212|203|227|182|225|241|181|152|225|194|209|171|185|227|178|186|205|204|202|198|200|170|210|174|168|157|194|182|204|178|186|210|690|179|212|218|190|
2013-08-10|3|1_CTs|ct14||53|53|29|29|25|34|36|19|24|17|13|17|15|9|9|10|14|10|10|15|8|13|8|11|11|15|34|29|32|42|83|105|62|65|63|102|72|88|86|84|92|92|69|122|104|84|105|73|88|79|95|110|80|87|80|89|71|75|88|110|82|97|116|100|88|96|75|87|87|100|98|81|92|104|105|111|117|99|104|100|106|127|140|101|120|114|108|76|93|83|72|67|77|66|81|72|
2013-08-10|3|1_CTs|CT16||93|89|84|94|59|94|80|55|58|54|56|53|42|46|30|40|31|33|30|42|29|13|40|30|21|37|35|32|17|28|41|32|37|32|56|51|48|53|60|62|43|71|61|60|78|61|76|61|76|72|76|84|80|60|74|69|65|63|77|72|76|76|61|58|86|67|86|76|132|62|97|104|107|114|116|100|109|115|104|83|115|120|79|55|95|92|84|78|70|80|100|80|99|98|131|113|
2013-08-10|3|1_CTs|ct17||82|72|82|70|65|66|55|45|51|44|37|31|33|39|40|22|40|36|29|28|21|22|32|33|21|34|34|29|28|31|30|37|37|44|52|55|67|67|68|76|79|91|82|104|87|98|106|88|97|102|116|102|95|98|90|86|88|83|82|85|101|97|93|95|97|84|85|101|101|87|83|109|124|85|92|108|124|124|116|96|95|91|98|86|85|99|73|85|100|73|86|84|80|79|83|80|
2013-08-10|3|1_CTs|ct18||114|108|107|97|107|101|92|67|82|86|81|68|84|77|82|65|78|64|68|61|44|44|58|48|46|71|41|54|44|42|56|57|46|51|71|56|72|62|72|85|77|108|87|89|102|101|111|103|96|105|89|88|97|99|101|93|87|95|84|85|111|98|88|89|112|93|90|114|114|95|92|112|115|117|90|108|119|112|110|119|125|127|102|100|101|120|105|89|121|109|129|124|121|130|117|137|
2013-08-10|3|1_CTs|ct19||0|1|0|0|2|1|0|1|0|0|1|0|1|0|2|0|0|0|0|0|0|0|4|2|0|2|2|3|6|4|5|1|3|3|4|4|2|3|2|3|10|5|1|5|5|3|2|4|2|4|3|5|4|4|2|4|2|6|0|5|13|1|3|5|2|3|1|3|5|0|7|3|8|5|0|6|2|3|2|2|3|0|3|4|0|1|1|3|0|0|0|1|0|1|0|2|
2013-08-10|3|1_CTs|ct22||6|5|3|4|5|3|5|1|4|6|2|1|1|0|3|2|1|2|2|1|2|1|1|0|1|1|1|3|3|1|2|2|3|4|2|4|2|5|5|4|9|8|9|10|10|8|5|3|8|9|13|11|8|7|6|4|6|7|5|3|9|3|4|7|9|11|8|9|6|8|5|1|9|5|4|4|5|12|8|7|3|8|6|6|0|6|6|4|9|3|4|5|7|13|8|10|
2013-08-10|3|1_CTs|CT23||98|84|68|55|54|51|41|42|49|41|36|23|23|21|13|14|21|11|6|17|11|16|6|16|18|25|23|19|30|41|45|66|62|82|49|95|60|91|91|118|136|109|132|126|138|151|153|183|181|154|187|185|181|174|141|126|146|116|145|143|152|158|115|134|173|151|144|122|132|127|124|118|131|148|129|116|127|131|103|117|101|123|86|87|78|70|82|74|90|88|93|73|74|92|101|65|
2013-08-10|3|1_CTs|ct24||298|261|212|199|175|139|130|103|104|80|77|62|50|60|49|47|47|46|59|40|54|59|71|85|83|99|148|161|173|233|340|376|268|282|327|384|348|386|451|458|467|477|490|518|513|497|546|474|427|443|431|473|447|455|452|430|385|381|401|402|426|429|470|445|418|497|400|449|456|490|422|448|494|522|506|522|476|524|534|542|585|563|616|562|560|489|427|451|471|390|398|388|406|396|349|352|
