2013-09-29|2|1_CTs|ct1||139|141|99|114|108|90|81|70|76|54|42|34|26|0|0|0|0|0|0|0|0|0|0|0|0|0|0|0|0|0|0|0|0|0|0|0|0|0|0|0|0|0|0|0|0|0|0|0|0|0|0|0|0|0|0|0|0|0|0|54|0|0|0|0|0|0|0|0|0|0|0|0|0|0|0|0|0|0|0|0|0|0|0|0|0|0|0|0|0|0|0|0|0|0|0|0|
2013-09-29|2|1_CTs|ct2||57|64|57|58|63|59|45|45|50|29|33|23|26|0|0|0|0|0|0|0|0|0|0|0|0|0|0|0|0|0|0|0|0|0|0|0|0|0|0|0|0|0|0|0|0|0|0|0|0|0|0|0|0|0|0|0|0|0|0|23|0|0|0|0|0|0|0|0|0|0|0|0|0|0|0|0|0|0|0|0|0|0|0|0|0|0|0|0|0|0|0|0|0|0|0|0|
2013-09-29|2|1_CTs|ct3||152|162|114|153|118|119|121|101|95|95|71|51|63|44|56|47|32|39|32|41|33|22|17|33|25|32|35|31|45|35|39|45|52|56|57|88|88|90|75|101|82|109|109|93|120|105|133|121|153|169|150|128|111|133|132|136|119|126|148|158|157|155|145|149|157|131|139|155|155|162|126|127|155|130|118|130|122|115|129|117|98|123|110|98|119|73|71|71|81|72|72|88|52|61|74|60|
2013-09-29|2|1_CTs|ct4||65|56|81|80|80|77|94|55|44|43|47|39|40|45|38|38|54|34|37|30|35|27|25|32|18|32|38|29|26|22|22|34|26|26|34|25|38|47|39|63|54|53|40|58|72|67|77|79|78|87|86|94|94|81|71|70|77|85|81|94|101|92|99|102|107|115|112|108|88|109|106|103|96|104|104|92|83|75|72|61|57|63|59|68|65|54|58|55|45|43|43|54|47|61|65|47|
2013-09-29|2|1_CTs|ct5||132|121|121|120|140|108|131|80|86|81|65|60|56|58|52|60|62|55|54|40|39|46|33|48|35|41|49|35|35|26|29|38|47|35|44|66|72|79|76|95|85|102|85|87|122|103|133|139|152|146|157|131|146|139|116|136|122|137|150|173|159|163|174|157|184|175|180|189|180|167|180|177|180|145|161|159|134|121|126|133|100|101|103|75|107|96|81|82|75|68|76|75|85|90|92|68|
2013-09-29|2|1_CTs|ct6||116|110|118|172|172|198|149|104|116|85|82|71|52|56|54|63|59|50|40|43|39|45|24|40|33|33|40|32|38|28|22|32|33|32|30|43|46|53|47|68|54|71|54|49|70|72|76|80|86|80|100|80|96|92|77|79|71|100|101|103|117|115|127|117|118|136|130|134|122|141|120|113|122|119|112|103|122|95|95|83|94|101|85|64|79|85|81|77|70|73|63|76|59|82|78|57|
2013-09-29|2|1_CTs|ct17||158|150|142|145|120|139|132|104|94|85|76|65|72|56|55|39|33|38|41|40|37|29|24|29|21|38|24|28|38|30|40|38|46|49|44|61|79|78|73|97|78|87|112|94|108|98|139|130|137|162|147|128|130|120|129|117|105|120|120|170|163|172|162|169|168|125|149|158|146|145|134|133|142|133|126|128|122|126|107|124|100|113|124|104|93|79|75|63|79|66|61|77|56|55|66|57|
2013-09-29|2|1_CTs|CT19||73|59|68|71|48|56|55|40|45|39|34|34|24|25|21|20|13|13|9|13|9|19|9|13|4|20|12|17|16|7|14|23|12|23|28|24|32|36|33|42|29|36|41|54|51|55|65|66|47|81|72|58|68|52|65|58|47|45|65|77|74|79|67|75|76|83|80|88|87|65|74|65|71|78|75|59|63|65|58|53|40|48|50|53|47|28|50|32|40|33|27|47|30|29|39|23|
2013-09-29|2|1_CTs|CT20||69|60|71|72|61|65|60|60|65|46|51|34|41|42|31|45|21|37|24|25|17|20|18|16|7|17|17|18|19|25|19|18|16|22|14|19|18|33|33|28|30|33|44|51|51|54|38|61|54|75|65|63|54|66|57|57|55|66|63|72|64|56|68|58|72|55|66|66|62|79|68|59|69|69|67|66|72|60|75|59|58|62|56|52|43|34|37|41|34|37|39|52|46|46|44|37|
2013-09-29|2|1_CTs|CT21||38|33|48|36|40|22|30|22|29|31|25|18|16|14|13|15|11|17|13|9|8|11|11|8|5|4|10|10|11|9|10|9|9|14|8|7|15|14|17|20|22|25|33|32|36|35|32|40|43|44|50|42|40|45|37|32|36|62|34|42|48|30|53|37|52|39|46|48|43|42|49|44|48|40|40|35|38|35|49|32|30|44|35|22|21|22|25|25|19|24|18|21|22|29|31|21|
