2011-04-24|3|1_CTs|ct1||93|53|55|61|32|30|39|27|32|24|24|19|22|24|12|10|10|12|9|9|1|6|11|12|10|18|18|25|20|20|24|20|17|24|28|26|23|31|34|46|37|41|46|48|77|68|57|69|96|96|90|99|112|82|104|70|67|76|61|79|81|84|77|83|90|81|96|78|103|82|89|81|115|91|82|91|89|84|93|96|77|99|83|84|77|84|58|61|69|65|73|71|79|65|73|67|
2011-04-24|3|1_CTs|ct3||242|183|188|178|131|120|111|121|98|81|76|59|64|53|50|39|37|34|25|47|21|15|45|26|37|48|62|56|58|47|76|66|56|70|69|76|72|73|85|141|111|139|145|149|197|161|178|157|222|205|236|170|263|171|194|173|192|181|182|195|189|213|229|223|248|208|234|225|244|219|223|243|245|258|216|225|212|201|215|225|214|251|216|229|219|200|225|184|190|225|208|217|204|183|185|208|
2011-04-24|3|1_CTs|ct5||190|117|103|132|101|90|47|99|89|116|71|62|62|76|55|79|45|42|58|54|39|38|55|55|64|46|62|90|50|57|52|67|51|70|75|74|61|76|68|87|76|91|122|130|133|110|158|145|141|207|152|184|204|177|152|108|154|112|111|127|97|154|181|157|150|166|220|190|178|176|190|215|183|207|179|198|232|222|233|185|211|204|209|190|164|167|136|142|169|161|171|171|200|193|130|134|
2011-04-24|3|1_CTs|ct6||92|142|96|103|91|104|59|55|64|47|51|46|54|50|35|39|39|35|44|29|32|36|22|21|21|20|23|38|37|25|33|39|36|34|59|57|72|44|54|66|63|73|94|96|103|97|106|109|119|125|152|147|157|147|127|87|75|73|90|69|95|85|112|117|122|127|119|117|102|108|74|109|109|104|92|90|111|95|128|127|93|113|87|85|75|56|68|64|64|53|80|81|78|86|67|68|
2011-04-24|3|1_CTs|ct7||136|197|125|153|129|156|76|72|89|76|57|68|82|77|57|70|60|64|57|49|81|58|45|37|39|20|39|30|31|33|25|25|45|25|47|42|54|43|35|51|54|65|71|83|85|72|87|104|87|117|110|123|132|124|103|78|79|86|95|97|105|90|110|105|119|115|115|131|132|136|116|128|116|124|109|106|104|109|154|144|99|132|96|91|74|77|83|80|90|72|114|83|91|99|96|85|
2011-04-24|3|1_CTs|ct9||96|63|95|72|86|98|82|71|58|67|60|59|44|65|49|48|58|47|58|54|33|26|32|26|27|22|21|28|37|26|34|38|20|24|33|46|42|45|47|48|53|41|59|65|70|65|77|92|90|104|129|120|101|100|83|57|64|43|62|58|67|80|67|90|76|88|100|84|84|80|80|91|81|89|85|88|86|95|83|87|83|67|68|82|69|55|70|58|61|76|85|61|83|68|73|64|
2011-04-24|3|1_CTs|ct10||76|67|79|67|65|68|71|87|70|66|62|59|62|60|78|60|60|61|54|54|48|43|48|53|49|42|44|54|50|28|36|29|25|22|22|22|18|24|21|26|28|26|38|38|36|38|46|43|38|62|59|69|62|60|45|48|50|39|46|38|42|54|55|51|49|62|65|59|59|54|59|58|67|62|61|74|61|53|82|80|76|76|88|63|51|60|59|49|71|72|64|54|65|45|53|56|
2011-04-24|3|1_CTs|CT11||27|21|28|20|20|14|15|14|16|15|12|19|18|12|14|18|17|15|9|11|12|8|14|15|8|12|19|10|20|19|19|18|14|18|15|15|13|13|15|18|26|28|18|24|24|21|28|26|34|27|32|28|46|39|24|27|25|31|14|20|23|28|35|26|31|26|22|23|23|21|32|28|26|25|17|27|27|16|32|15|20|35|24|21|29|36|24|22|20|16|23|20|20|19|25|13|
2011-04-24|3|1_CTs|CT12||28|35|45|29|37|37|37|39|35|29|30|32|36|37|38|34|27|32|27|31|30|28|29|24|21|27|31|23|19|16|18|20|13|10|15|18|9|12|11|16|19|14|15|19|11|13|18|17|14|18|21|13|14|16|11|15|17|22|15|9|14|10|10|13|15|15|13|13|13|11|17|10|28|14|10|22|13|21|24|21|25|22|40|24|23|17|23|15|36|26|24|26|16|18|20|19|
2011-04-24|3|1_CTs|CT16||8|21|26|14|15|12|25|13|17|16|14|18|12|9|10|11|6|16|14|14|10|9|11|9|8|4|10|11|13|6|9|11|3|9|5|5|6|5|5|8|4|8|8|8|9|7|8|12|8|10|13|14|13|17|11|11|7|10|5|11|18|12|20|17|13|14|11|16|25|11|13|22|18|14|17|18|11|14|19|14|16|21|10|9|9|15|9|7|13|12|15|6|17|15|6|17|
2011-04-24|3|1_CTs|ct17||90|79|77|68|55|74|70|64|54|56|59|44|43|56|62|52|46|53|70|55|43|53|59|53|41|40|44|24|26|32|33|37|21|32|24|23|24|43|36|49|36|67|66|64|65|73|71|116|131|105|110|129|168|128|126|111|103|68|81|91|67|106|96|108|109|105|130|143|135|152|143|146|146|145|171|117|137|126|146|142|156|159|125|118|89|89|85|78|84|82|86|75|99|88|86|78|
2011-04-24|3|1_CTs|ct18||95|93|109|89|88|81|104|107|82|77|82|64|75|78|97|81|71|96|81|79|61|60|67|57|61|42|60|61|52|39|37|39|32|39|24|30|17|35|38|44|41|48|53|51|63|58|65|75|80|93|76|90|88|100|67|69|75|52|72|59|63|94|82|85|79|91|95|103|110|106|101|106|119|97|102|119|114|99|128|98|115|114|127|91|84|89|78|73|90|87|95|72|97|83|89|79|
2011-04-24|3|1_CTs|ct19||0|1|0|1|1|1|1|0|2|0|0|0|0|0|0|0|0|0|0|1|1|0|2|2|1|1|1|0|3|0|4|3|4|3|3|3|3|2|1|4|5|3|3|5|4|4|4|5|5|4|5|4|4|2|2|4|2|8|1|4|4|3|3|4|4|4|1|7|3|4|7|7|2|7|4|4|1|2|4|4|4|4|4|6|0|4|2|1|3|3|0|0|2|1|0|0|
2011-04-24|3|1_CTs|ct20||108|85|68|64|75|55|43|58|36|39|44|24|26|25|17|11|19|23|14|12|15|12|11|11|13|13|15|22|16|22|14|19|17|22|21|16|10|25|27|27|28|39|41|50|50|48|68|79|90|79|75|75|109|85|72|59|58|69|48|51|63|76|66|75|79|82|80|87|91|88|89|93|111|94|104|97|107|91|111|109|103|91|90|72|81|88|57|75|79|73|67|92|84|98|74|84|
2011-04-24|3|1_CTs|ct22||8|4|4|2|3|4|4|2|4|4|3|4|4|2|1|3|3|1|2|6|2|3|5|2|2|4|6|10|4|2|3|2|4|2|1|0|4|1|3|2|1|1|5|9|7|8|5|7|5|6|5|7|4|9|7|5|2|4|1|4|4|7|3|5|5|5|6|4|8|6|5|6|3|6|7|9|5|4|3|5|3|4|4|5|3|4|4|4|8|2|6|4|4|5|5|2|
2011-04-24|3|1_CTs|CT23||84|45|31|41|42|50|52|48|28|25|32|33|35|29|12|6|11|22|26|19|11|19|19|23|10|17|12|20|18|17|24|34|28|35|29|35|40|60|49|58|68|60|69|77|80|93|105|94|126|124|129|138|143|133|127|70|67|85|76|59|70|82|69|122|102|110|98|108|102|97|100|95|112|103|97|92|103|102|91|80|89|115|73|84|70|68|56|52|83|68|80|68|92|63|101|69|
2011-04-24|3|1_CTs|ct24||266|250|185|156|187|154|125|119|88|88|103|82|69|68|48|37|45|50|37|41|37|35|47|56|52|73|102|107|100|125|141|192|115|118|124|118|120|143|193|177|214|226|279|315|296|309|345|397|419|439|448|499|476|436|381|315|306|305|345|288|347|383|430|435|385|496|513|468|469|484|532|504|544|582|490|519|468|523|529|507|458|466|426|359|360|348|332|320|366|351|316|345|361|359|327|301|
