2014-07-29|6|1_CTs|CT1||0|2|1|1|0|0|0|1|0|0|0|0|0|0|0|1|0|2|1|0|1|0|3|4|2|1|2|1|4|2|9|12|6|11|8|8|12|6|4|4|4|13|3|5|3|1|5|18|8|4|8|3|5|8|5|6|6|4|6|5|3|8|5|4|3|6|4|4|5|5|2|6|5|4|4|2|3|6|3|2|3|4|4|4|2|2|3|0|0|1|1|2|0|0|0|1|
2014-07-29|6|1_CTs|CT3||17|11|8|11|9|4|4|7|5|6|3|4|4|7|6|5|9|12|5|8|18|19|18|30|33|27|37|41|49|61|60|55|60|57|72|63|60|68|66|72|47|62|50|58|54|49|45|54|61|49|45|58|43|52|53|44|51|46|51|46|42|44|42|38|46|39|47|60|52|53|54|55|48|42|42|38|46|30|38|50|31|30|32|37|20|32|19|30|11|9|14|22|18|20|18|24|
2014-07-29|6|1_CTs|CT4||5|3|4|2|2|2|1|2|2|1|0|1|2|1|2|0|0|1|1|1|0|1|1|0|2|1|3|2|6|3|6|6|13|14|11|20|21|16|20|17|32|31|30|19|19|19|19|22|23|30|27|25|36|24|20|20|19|22|23|24|30|30|27|29|22|33|24|29|21|23|37|38|39|37|38|47|42|30|32|32|28|12|23|29|15|15|11|17|11|7|0|3|4|8|11|7|
2014-07-29|6|1_CTs|CT5||20|23|12|12|5|7|4|2|9|4|5|7|5|6|3|5|5|1|2|3|9|3|6|7|11|12|13|20|21|19|37|49|46|57|44|51|55|70|59|60|67|71|66|74|70|59|59|59|72|64|57|80|61|65|58|57|60|76|56|79|95|67|63|65|63|71|71|52|46|73|72|76|69|74|76|48|57|51|63|64|60|47|46|42|40|32|28|26|36|36|32|25|20|25|26|25|
2014-07-29|6|1_CTs|CT6||25|18|15|16|12|7|3|3|4|1|0|3|3|8|8|4|2|5|7|7|7|12|14|9|22|17|16|19|26|39|62|64|85|124|133|121|113|116|115|117|95|93|101|99|99|91|83|94|80|84|89|81|80|104|96|79|79|111|91|82|96|89|90|90|92|92|105|120|85|90|116|86|97|112|102|79|105|81|80|76|76|99|84|68|55|63|29|54|54|54|47|35|38|30|42|38|
2014-07-29|6|1_CTs|CT7||5|2|0|1|3|5|2|2|4|5|1|3|3|1|2|0|0|1|2|1|3|1|1|2|2|6|6|5|16|15|24|18|27|38|36|35|35|47|32|30|30|28|24|30|16|25|23|17|19|25|18|23|13|14|16|30|16|21|27|20|30|30|29|30|16|24|31|19|27|21|30|32|31|44|26|19|20|23|15|25|17|16|15|16|9|7|11|9|7|7|7|10|10|5|6|5|
2014-07-29|6|1_CTs|CT8||35|32|26|27|15|20|11|17|17|14|5|10|19|11|5|3|4|4|4|7|9|14|21|22|17|26|42|46|78|98|131|160|182|200|222|227|208|191|207|154|157|146|139|142|128|153|138|131|118|125|148|144|147|146|133|148|139|156|160|172|145|154|159|131|130|151|128|136|129|186|168|156|178|191|175|159|158|162|173|157|135|135|126|96|90|86|89|74|85|67|72|68|57|61|64|47|
2014-07-29|6|1_CTs|CT9||43|35|42|26|28|20|7|11|11|13|9|11|4|14|11|6|3|8|5|7|7|18|18|32|38|33|50|69|93|104|146|175|179|210|287|285|238|262|211|197|193|198|174|172|152|165|168|187|181|166|185|184|178|160|144|175|174|171|178|199|188|152|186|169|174|181|187|183|170|198|204|188|216|270|217|191|172|176|154|163|159|137|143|108|92|72|90|78|92|82|63|63|69|81|58|69|
2014-07-29|6|1_CTs|CT10||28|25|18|20|8|12|9|7|7|9|6|4|2|5|3|4|1|5|5|5|8|8|16|20|22|21|34|37|45|50|77|114|100|122|132|185|179|170|122|150|150|146|166|144|138|148|123|121|141|125|125|120|117|134|102|125|122|134|160|170|147|157|138|133|146|120|121|135|135|177|162|188|179|217|161|180|178|139|152|128|126|105|116|101|78|68|66|63|60|53|50|48|40|46|52|29|
2014-07-29|6|1_CTs|CT11||38|22|20|17|15|10|8|4|10|7|2|8|5|4|8|4|3|4|7|8|4|14|15|28|20|45|50|62|87|107|177|224|209|243|282|283|276|263|223|221|187|192|155|172|153|161|159|47|137|162|167|165|168|142|127|142|172|173|190|179|147|170|179|145|144|163|160|143|137|160|149|162|157|154|150|142|131|144|147|116|136|133|124|102|69|61|75|69|61|60|55|51|49|44|28|46|
2014-07-29|6|1_CTs|CT12||39|37|20|26|12|14|9|5|9|7|8|9|2|4|5|4|4|5|6|7|9|14|17|23|26|21|35|39|55|51|96|147|129|178|173|249|216|210|162|170|177|169|160|184|161|163|167|160|163|146|152|152|173|160|134|120|159|177|182|210|179|184|154|181|168|151|165|166|187|210|224|244|245|254|226|236|202|196|202|164|173|159|133|129|83|77|94|68|73|71|59|63|56|46|51|40|
2014-07-29|6|1_CTs|CT16||36|21|17|19|16|18|9|10|13|7|7|8|11|10|7|3|2|4|7|8|6|10|11|22|25|29|41|42|73|88|135|187|175|213|232|250|264|272|218|211|184|217|194|194|168|157|182|168|144|171|152|169|147|152|127|153|152|162|175|177|171|160|208|158|141|160|148|165|136|159|170|206|190|202|181|151|156|162|176|135|149|125|144|120|101|66|84|72|64|67|68|54|55|60|42|52|
2014-07-29|6|1_CTs|CT17||19|17|10|13|10|8|2|10|3|6|2|6|0|4|0|0|2|4|3|0|0|1|2|2|6|3|3|10|18|10|18|32|37|44|63|70|71|72|48|70|51|53|60|35|52|62|51|73|77|44|67|40|51|58|56|68|67|72|62|59|63|68|64|79|58|58|59|66|58|79|85|76|81|89|79|77|75|88|65|71|75|70|71|57|41|59|41|40|29|41|26|25|46|31|25|32|
2014-07-29|6|1_CTs|CT18||53|58|34|32|27|20|12|12|19|13|10|18|10|14|10|8|9|6|7|10|20|12|19|20|34|42|49|64|72|101|146|194|183|237|212|257|253|263|234|238|230|212|218|240|224|197|203|197|207|198|189|198|178|190|149|166|182|208|213|229|246|236|221|202|197|204|207|247|200|237|229|238|221|254|268|201|216|203|224|204|178|189|150|148|133|112|114|98|101|113|103|98|85|85|69|74|
2014-07-29|6|1_CTs|CT19||35|31|29|30|20|21|5|17|9|9|3|11|1|11|2|4|5|4|7|3|3|6|3|6|8|8|10|13|30|24|48|59|69|87|109|148|143|116|118|109|113|104|123|113|126|120|134|120|137|118|133|114|120|96|90|107|107|115|128|131|122|122|115|128|121|134|123|128|141|155|165|141|178|167|162|152|174|156|157|131|144|145|99|108|83|73|71|83|73|53|54|65|59|53|46|47|
2014-07-29|6|1_CTs|CT20||14|22|11|13|8|10|7|10|5|4|5|3|5|4|6|3|1|3|4|3|5|4|11|12|17|18|23|32|35|49|56|70|74|80|90|107|109|73|94|103|89|29|127|132|66|73|48|122|41|107|9|91|73|99|44|64|99|101|109|84|66|129|75|106|59|11|95|36|69|10|89|58|51|83|35|107|10|36|38|19|51|78|35|19|56|63|47|3|54|45|49|47|25|42|34|24|
2014-07-29|6|1_CTs|CT21||66|72|39|53|38|25|19|21|28|20|13|17|18|18|16|19|18|24|28|34|38|25|45|58|50|69|80|91|114|194|253|248|258|305|352|340|265|302|280|271|223|241|257|245|250|204|213|215|206|219|221|200|197|195|188|193|222|200|240|249|220|231|215|219|200|224|233|207|223|222|231|256|221|227|212|225|199|183|177|189|181|181|153|135|125|111|99|100|91|105|102|91|89|88|93|68|
2014-07-29|6|1_CTs|CT22||96|71|71|71|52|35|32|26|23|27|28|24|19|33|29|23|29|22|25|42|43|38|55|57|45|52|76|91|96|125|153|165|177|206|245|245|257|226|241|258|227|237|222|249|244|242|260|244|240|273|210|250|199|248|214|200|228|237|251|240|238|273|244|261|269|291|266|313|334|333|366|371|361|337|362|315|334|324|308|255|255|244|221|180|166|178|129|125|140|132|143|151|102|127|98|100|
2014-07-29|6|1_CTs|CT23||66|42|38|49|27|22|23|23|21|15|14|8|20|25|17|13|11|10|7|11|16|23|23|40|35|40|65|79|109|133|176|263|294|304|312|316|309|307|281|264|251|233|245|213|219|219|212|197|212|203|187|217|221|231|215|224|205|223|260|265|256|228|212|228|215|205|217|230|236|292|271|247|268|313|289|244|223|245|253|244|235|211|185|141|140|125|135|119|116|93|94|95|97|87|94|76|
2014-07-29|6|1_CTs|CT24||69|65|49|56|37|30|25|22|20|18|19|15|12|16|18|13|17|19|18|23|17|20|27|32|35|43|64|76|89|143|166|194|184|255|276|330|294|290|263|262|261|244|268|249|247|226|245|266|229|251|266|239|238|221|203|221|240|222|263|251|250|239|264|261|271|288|284|322|292|326|324|320|378|379|390|354|343|309|344|295|288|235|217|209|161|144|133|130|127|121|109|111|105|106|91|105|
