2016-09-02|2|1_CTs|ct1||77|80|61|65|295|307|40|25|26|27|23|17|11|249|280|11|14|21|19|270|24|26|40|40|40|41|566|87|91|104|160|138|148|387|167|168|437|174|181|444|208|198|193|445|428|184|161|158|176|180|182|191|433|173|422|155|155|183|432|216|460|190|450|440|194|430|191|161|158|133|166|164|150|693|425|186|193|182|451|205|191|439|209|696|692|417|177|163|407|172|400|136|130|132|132|397|
2016-09-02|2|1_CTs|ct2||48|62|43|53|284|289|278|24|17|18|11|14|9|16|12|11|9|10|12|265|13|11|17|17|22|22|29|34|25|33|45|52|50|49|65|81|87|79|330|87|113|98|111|351|93|359|91|102|92|86|96|77|332|87|84|80|91|93|343|111|88|99|89|107|76|345|100|89|78|76|72|77|89|102|81|76|93|96|90|118|119|342|115|350|125|357|87|354|353|105|310|78|82|234|144|84|
2016-09-02|2|1_CTs|ct3||51|66|42|44|30|35|30|17|16|20|16|13|11|18|15|13|11|13|18|10|18|280|32|28|282|20|40|45|47|61|104|90|89|92|366|101|101|111|362|363|128|142|139|155|116|575|155|146|128|127|125|121|121|117|114|97|126|115|126|126|151|136|399|134|139|377|128|131|102|605|115|367|114|110|145|323|150|118|148|140|133|389|618|131|121|125|124|98|93|123|345|82|98|93|351|101|
2016-09-02|2|1_CTs|ct4||32|27|39|18|12|15|282|21|18|12|12|12|6|10|6|8|6|8|10|7|4|8|13|15|15|14|17|19|23|16|31|40|52|39|37|319|54|51|55|44|37|37|56|46|32|42|74|42|89|94|82|92|70|268|54|579|67|77|71|67|68|70|66|65|66|75|74|66|328|321|58|65|308|59|60|59|68|63|316|62|63|51|51|51|57|300|49|55|52|38|302|527|48|60|36|73|
2016-09-02|2|1_CTs|ct5||121|120|107|81|73|311|75|57|62|49|34|32|32|20|35|24|21|26|263|21|17|25|31|36|33|41|26|41|304|62|99|101|148|141|658|173|154|194|190|433|192|692|195|206|218|179|214|222|470|227|220|214|210|199|181|462|198|201|186|223|488|219|733|202|254|451|472|224|993|186|164|467|186|159|450|151|192|146|196|182|198|156|162|404|188|157|677|404|172|167|421|403|320|267|161|166|
2016-09-02|2|1_CTs|ct6||120|101|97|83|81|59|70|64|48|37|38|24|14|279|24|279|12|21|23|16|12|19|20|30|30|38|516|34|35|50|78|81|353|365|357|370|372|389|134|136|386|872|410|165|133|158|170|162|416|158|171|170|176|140|141|156|150|174|401|174|180|177|429|407|173|703|425|192|399|419|150|172|178|405|163|154|132|148|160|162|140|137|404|641|379|381|372|129|374|140|377|137|119|181|468|170|
2016-09-02|2|1_CTs|ct17||357|138|94|124|66|310|315|57|54|52|313|49|285|29|295|33|30|49|44|39|38|35|301|56|49|310|54|79|185|136|145|407|149|166|200|217|220|185|208|263|222|745|235|483|672|454|256|252|229|500|218|498|211|195|702|203|241|215|513|237|511|243|224|507|230|260|464|240|225|214|202|225|209|213|247|210|480|236|479|249|249|253|468|750|253|221|467|456|168|205|206|145|190|173|169|202|
2016-09-02|2|1_CTs|CT19||37|532|40|26|20|23|28|11|21|16|14|5|8|5|7|9|9|7|9|9|9|9|13|10|11|17|16|22|28|39|309|53|61|74|73|74|55|68|71|564|311|332|85|98|87|82|122|105|115|89|343|113|92|100|328|60|92|91|64|279|105|110|88|357|107|345|362|25|112|362|367|105|81|111|110|92|363|81|356|107|107|90|354|296|315|69|62|333|56|71|538|41|296|86|69|324|
2016-09-02|2|1_CTs|CT20||316|54|61|309|51|306|46|29|41|48|44|23|20|20|19|19|13|24|262|21|23|8|13|24|16|10|277|278|28|286|51|49|71|71|80|72|334|83|343|73|78|79|331|321|80|69|327|333|74|79|322|591|318|313|312|68|70|77|61|324|64|67|60|86|67|85|78|92|80|80|71|85|87|85|78|94|352|351|86|83|308|86|329|78|95|322|589|75|73|77|324|78|72|520|400|330|
2016-09-02|2|1_CTs|CT21||35|36|25|24|23|263|19|16|12|14|21|9|251|8|6|4|4|7|5|8|9|1|6|7|8|4|11|14|11|9|26|254|44|50|49|52|305|53|47|37|49|50|54|57|49|267|63|52|57|50|296|51|55|294|42|38|34|47|297|49|47|294|50|40|40|37|47|62|53|47|49|275|55|40|53|53|297|51|48|51|45|68|62|39|46|58|51|40|36|43|35|295|41|47|52|48|
