2016-04-14|6|1_CTs|CT1||1|1|0|0|2|0|0|2|0|0|0|0|0|0|1|1|0|1|1|0|1|0|2|2|2|3|9|4|4|9|20|47|133|133|57|90|45|51|17|25|13|7|3|8|11|7|2|5|11|11|7|23|10|7|7|7|10|18|9|9|7|7|10|11|17|13|14|23|19|49|58|46|8|11|8|7|5|2|7|13|5|5|3|5|2|4|1|1|3|5|2|1|2|1|1|1|
2016-04-14|6|1_CTs|CT3||25|10|8|5|4|6|4|1|2|1|5|0|6|7|3|4|6|6|5|17|15|15|31|20|30|27|37|34|49|59|70|84|106|114|122|126|113|116|98|75|83|275|52|286|47|53|277|58|313|62|69|290|44|47|43|37|38|53|259|302|290|44|44|292|50|61|77|103|93|64|78|66|80|106|99|75|60|66|276|40|263|36|26|26|33|22|30|30|26|23|22|18|18|20|18|14|
2016-04-14|6|1_CTs|CT4||7|3|6|4|1|3|3|4|1|1|1|2|0|0|0|1|0|1|1|1|0|2|1|0|2|0|2|5|6|7|15|20|51|57|0|20|34|29|32|38|22|30|272|24|18|21|32|23|18|26|28|28|38|30|26|283|23|32|33|32|25|40|28|36|36|289|41|29|34|57|321|65|62|64|129|116|59|53|60|46|38|30|21|15|22|13|24|15|17|12|7|6|15|11|14|12|
2016-04-14|6|1_CTs|CT5||15|19|7|13|12|9|6|6|8|1|5|4|5|8|3|3|3|2|3|3|9|4|9|519|8|11|15|22|26|34|39|57|72|342|370|144|146|358|120|127|112|81|70|66|67|71|79|79|75|70|74|320|68|79|320|69|64|72|78|71|67|75|76|72|74|83|75|335|75|340|343|93|102|98|80|101|133|104|113|102|62|65|63|52|307|38|33|30|25|34|28|20|25|29|36|20|
2016-04-14|6|1_CTs|CT6||15|37|22|12|10|11|6|264|3|5|2|2|2|6|2|7|4|9|4|13|7|6|10|24|22|12|24|247|37|53|84|116|152|444|433|403|157|155|149|402|119|81|118|357|92|95|123|106|103|112|351|102|101|117|106|112|124|132|114|105|105|114|122|107|113|141|408|92|155|131|164|140|117|147|107|136|137|149|130|118|135|105|83|85|342|109|585|60|70|59|41|40|53|67|54|30|
2016-04-14|6|1_CTs|CT7||9|3|5|2|6|2|3|2|1|1|1|2|4|2|0|0|1|1|1|2|5|3|6|5|3|5|7|14|10|20|23|43|46|41|41|42|43|52|45|45|38|22|23|34|31|25|21|19|24|25|287|289|36|28|30|29|299|30|32|31|28|26|285|35|19|26|24|28|35|34|32|20|18|21|30|33|20|28|31|39|23|25|20|17|17|14|12|4|13|11|8|6|9|264|9|7|
2016-04-14|6|1_CTs|CT8||27|29|26|14|15|21|253|16|13|13|8|13|9|20|8|233|8|4|263|7|6|14|21|30|28|28|278|62|61|116|399|193|233|195|187|143|135|431|415|412|164|130|187|391|145|136|130|133|129|158|155|381|156|163|137|149|164|152|623|161|134|146|395|151|156|387|435|157|360|157|125|139|140|122|117|109|129|130|159|160|145|610|128|125|339|105|83|286|93|75|62|68|72|507|69|43|
2016-04-14|6|1_CTs|CT10||271|291|26|11|15|8|9|9|246|3|4|6|6|263|2|0|4|5|3|5|9|10|13|23|27|15|35|41|321|327|354|154|179|175|205|199|223|208|661|431|152|169|400|399|140|157|123|135|154|160|410|165|145|168|144|120|400|141|170|159|159|170|165|176|183|176|202|424|182|484|201|223|440|228|228|257|251|238|475|183|163|539|266|107|91|334|77|59|73|62|74|60|51|52|35|34|
2016-04-14|6|1_CTs|CT11||31|21|12|19|6|19|17|265|5|4|7|5|6|4|7|3|5|3|5|5|9|12|17|33|25|35|282|82|89|164|258|304|224|211|316|222|282|520|493|267|239|211|183|488|179|405|174|424|164|156|458|188|199|164|172|436|177|223|447|455|187|422|178|174|189|225|213|176|203|420|90|122|200|191|172|410|155|431|132|162|144|375|138|138|89|578|62|343|60|74|42|55|43|53|49|35|
2016-04-14|6|1_CTs|CT12||48|41|34|16|20|253|11|11|6|7|261|6|247|11|4|1|6|9|5|9|10|11|24|17|26|14|296|46|64|87|145|211|268|831|287|580|315|336|298|264|219|218|413|704|174|186|172|172|174|172|192|220|185|196|178|421|207|184|192|203|192|461|215|471|204|256|522|266|226|273|251|218|179|179|197|204|172|214|213|197|482|185|188|138|380|343|91|87|88|90|89|66|70|59|55|35|
2016-04-14|6|1_CTs|CT15||24|20|21|15|17|5|7|8|3|12|11|9|5|11|7|12|8|13|7|20|22|18|285|34|36|40|52|61|68|109|127|212|248|249|458|248|258|462|227|197|151|130|355|365|113|114|86|90|116|125|109|396|135|102|116|117|113|129|369|331|113|110|103|380|119|191|236|491|425|142|153|141|26|124|181|408|239|129|179|154|108|85|79|76|73|72|124|353|135|101|37|37|33|291|32|29|
2016-04-14|6|1_CTs|CT16||43|542|20|20|21|17|17|13|6|2|7|8|8|6|7|3|8|3|3|10|12|11|12|26|23|24|47|69|76|371|189|247|317|306|552|301|288|295|270|254|240|191|191|203|193|174|174|407|175|177|442|479|220|197|180|406|191|182|456|224|211|186|193|188|191|181|201|467|478|229|221|225|222|202|235|237|235|214|184|189|174|416|155|154|107|92|334|90|83|68|77|60|318|63|57|42|
2016-04-14|6|1_CTs|CT17||51|38|23|17|22|13|22|10|6|4|9|7|3|7|8|4|6|7|5|9|10|8|5|6|8|10|9|27|33|47|51|103|152|180|419|195|182|181|187|153|160|109|121|120|128|152|156|133|115|119|126|143|125|136|143|134|137|129|168|144|134|151|163|402|174|453|191|220|199|477|155|427|169|205|162|188|189|203|186|172|155|397|131|106|93|82|76|60|86|79|62|56|77|59|46|32|
2016-04-14|6|1_CTs|CT18||52|50|45|36|286|27|276|21|19|8|9|12|11|16|6|10|13|10|11|15|23|16|23|540|27|40|47|87|88|395|439|260|294|344|204|416|201|308|219|161|178|241|217|238|227|215|205|218|235|234|243|226|232|231|215|238|221|215|241|247|259|247|480|220|232|233|263|773|522|537|559|311|277|207|337|156|433|173|421|155|479|340|320|203|408|159|114|124|103|116|103|95|104|96|93|60|
2016-04-14|6|1_CTs|CT19||51|43|21|17|259|18|23|12|8|8|9|7|266|6|6|9|7|4|7|6|6|6|3|4|10|13|9|19|26|303|59|102|184|214|715|228|214|480|469|191|157|111|377|121|133|162|390|135|142|118|134|151|142|128|139|380|142|136|146|126|149|398|145|157|174|178|182|456|192|184|225|242|487|245|134|178|238|228|227|208|433|143|141|121|116|74|81|69|81|88|58|42|72|59|50|36|
2016-04-14|6|1_CTs|CT20||30|19|16|14|268|6|8|7|1|6|3|3|2|8|5|5|7|4|6|7|10|8|9|19|14|17|22|30|41|53|39|96|132|126|58|412|433|131|31|55|79|352|41|374|123|108|123|111|120|101|330|367|117|110|129|387|94|22|383|137|118|33|118|98|127|124|33|91|28|169|168|149|139|158|364|154|163|17|122|131|100|18|73|66|66|13|290|55|1|54|55|47|57|303|46|30|
2016-04-14|6|1_CTs|CT21||75|71|49|41|27|31|21|14|12|13|15|19|15|16|12|11|14|27|22|32|259|54|51|62|65|87|86|113|153|213|528|364|355|360|352|592|342|332|339|316|263|232|216|483|200|219|181|191|215|230|410|469|437|192|209|431|223|230|430|470|233|434|208|220|194|242|250|284|256|235|262|245|485|303|334|755|258|284|245|247|195|394|179|178|170|132|152|375|117|92|110|97|86|89|71|69|
2016-04-14|6|1_CTs|CT22||298|108|77|67|33|38|42|24|30|33|22|239|18|14|23|23|30|27|49|32|35|62|63|74|68|64|80|90|95|406|162|237|214|300|326|318|275|299|286|239|236|226|200|464|233|255|247|250|255|275|497|223|492|239|213|469|236|249|674|260|281|471|284|510|270|527|313|329|346|390|379|393|399|401|394|381|377|377|344|282|254|233|223|183|193|164|154|146|356|130|647|108|131|129|110|123|
2016-04-14|6|1_CTs|CT23||63|49|40|28|18|24|16|21|18|11|14|20|10|23|15|16|10|8|16|12|11|27|45|52|41|48|68|104|112|147|239|308|311|386|343|786|551|331|293|305|281|223|494|251|244|243|409|448|238|241|243|247|235|482|234|244|245|224|263|255|263|227|510|730|399|423|318|191|272|803|741|245|159|161|146|201|287|563|292|289|216|496|202|181|380|388|411|140|128|114|114|111|100|316|102|75|
2016-04-14|6|1_CTs|CT24||70|65|302|41|36|36|15|30|22|15|8|10|17|12|10|15|19|17|21|20|23|33|30|38|35|290|50|103|115|404|203|268|274|577|351|372|373|352|318|565|281|502|276|498|236|504|259|487|269|247|455|498|250|277|245|486|276|237|511|266|249|307|268|524|348|339|605|586|325|366|398|389|406|299|322|424|438|425|387|327|532|612|343|228|185|163|161|333|135|112|341|124|109|115|338|91|
