2017-09-16|6|1_CTs|CT1||0|2|2|3|1|0|0|1|0|1|1|1|0|0|0|1|0|1|2|2|2|0|1|1|1|0|0|1|3|2|0|2|3|3|6|3|5|7|10|9|11|7|5|13|12|6|8|8|7|9|14|7|5|9|10|12|5|4|8|2|6|5|9|13|4|10|5|6|9|4|2|7|3|5|1|4|8|14|6|3|6|13|6|11|3|5|2|3|0|1|4|12|5|2|1|2|
2017-09-16|6|1_CTs|CT3||202|17|23|17|16|241|12|8|7|8|8|5|7|0|5|8|7|11|18|23|21|28|22|33|22|36|37|32|33|34|31|50|33|37|48|47|35|39|52|50|41|42|46|43|42|40|39|49|46|28|40|40|37|249|37|32|23|26|45|39|28|274|252|43|38|53|44|40|34|44|50|31|49|40|42|28|34|34|26|31|41|36|34|21|25|18|15|20|21|20|33|31|28|17|23|23|
2017-09-16|6|1_CTs|CT4||10|8|11|3|9|5|8|6|7|6|3|5|3|2|4|1|1|1|1|5|1|0|0|4|1|3|2|0|4|5|4|3|6|2|11|11|8|18|18|8|22|9|11|13|15|277|9|16|274|22|22|23|25|19|29|263|16|12|22|20|24|259|19|14|29|21|20|18|20|23|14|18|26|283|32|30|18|18|276|23|21|14|14|14|13|12|8|10|12|8|8|14|11|265|10|16|
2017-09-16|6|1_CTs|CT6||35|26|29|15|538|14|14|10|12|8|11|9|31|14|11|8|8|13|6|19|14|8|9|15|225|19|18|19|18|29|21|27|42|44|48|65|67|60|72|61|76|79|69|114|105|114|99|126|350|127|142|118|121|123|105|94|540|92|83|97|84|88|313|100|87|348|313|101|85|308|495|76|67|79|88|84|66|73|318|314|354|82|73|61|53|282|270|36|38|270|273|328|68|299|57|33|
2017-09-16|6|1_CTs|CT7||3|10|4|5|4|5|1|4|3|1|2|3|0|2|3|1|1|3|2|2|3|2|3|2|3|5|7|8|4|7|4|13|257|14|13|9|13|17|27|23|26|18|34|26|26|29|32|14|23|30|27|26|14|16|16|23|12|16|7|14|257|20|24|13|23|20|20|20|14|18|21|23|18|23|21|23|24|18|27|25|259|17|15|12|19|16|9|11|9|10|9|8|11|8|9|8|
2017-09-16|6|1_CTs|CT8||301|45|59|42|42|35|42|289|25|29|12|24|16|20|22|15|25|18|11|10|11|12|21|18|12|18|23|25|38|40|57|274|50|52|86|64|80|76|69|96|95|293|101|108|337|120|99|112|109|100|304|127|106|94|285|107|88|318|104|92|105|96|123|343|119|346|93|103|122|121|367|145|99|118|110|130|118|111|316|128|117|110|108|73|70|305|62|56|67|63|62|60|276|95|273|74|
2017-09-16|6|1_CTs|CT11||44|39|37|28|17|17|26|17|270|16|15|251|11|268|12|12|5|8|8|12|14|21|15|26|29|284|52|50|35|58|81|84|88|80|130|108|124|154|405|426|173|129|157|185|159|144|157|162|194|159|174|148|140|147|390|145|139|111|109|118|137|160|414|410|136|160|139|396|134|127|147|135|127|275|239|140|168|619|158|132|404|142|103|354|69|85|50|51|311|65|96|437|589|430|73|54|
2017-09-16|6|1_CTs|CT12||67|69|57|40|32|30|25|19|21|27|20|272|27|17|19|11|13|11|6|8|10|13|13|25|31|25|43|33|35|53|53|71|79|73|79|94|362|133|386|142|169|428|144|169|150|168|167|429|430|188|197|176|164|154|118|390|138|101|109|113|131|134|149|176|153|655|166|161|162|161|407|157|392|159|132|391|419|155|415|150|167|140|100|336|79|77|66|57|71|65|76|183|410|118|97|67|
2017-09-16|6|1_CTs|CT15||42|52|28|33|27|23|17|21|17|13|9|9|9|18|12|10|12|225|16|26|20|25|34|258|32|35|280|41|47|56|61|329|82|95|81|98|96|365|110|123|128|104|105|95|85|101|96|321|343|94|114|84|332|92|80|95|78|103|330|93|85|101|392|408|441|379|396|145|87|120|144|342|97|161|136|113|117|141|117|123|96|83|80|69|74|46|52|41|50|41|44|315|69|46|55|41|
2017-09-16|6|1_CTs|CT16||304|55|37|264|30|16|25|24|24|18|15|9|16|14|17|18|7|7|10|15|13|16|19|16|20|275|44|41|31|59|60|77|75|79|103|361|108|384|164|410|163|399|165|180|179|154|176|413|177|175|196|146|157|169|424|171|124|141|129|137|158|146|399|406|145|149|144|130|149|394|145|138|135|420|148|142|139|145|424|151|167|145|131|109|101|97|76|57|75|65|89|159|152|102|63|61|
2017-09-16|6|1_CTs|CT17||71|78|39|42|36|36|27|24|275|26|24|18|28|13|25|8|8|8|6|12|489|6|9|11|10|14|19|21|22|26|28|29|10|28|19|43|63|78|321|73|82|70|62|78|102|377|121|105|85|121|95|73|101|68|40|51|37|56|109|117|89|130|128|121|105|119|132|116|100|105|115|337|112|115|108|122|122|132|400|98|326|64|71|78|49|67|74|40|68|316|63|73|82|74|39|32|
2017-09-16|6|1_CTs|CT19||47|78|56|49|38|37|29|269|22|23|21|16|23|10|24|267|6|15|11|12|5|9|8|9|12|9|19|19|22|23|21|34|45|41|42|54|68|70|68|90|101|118|90|145|138|631|135|133|149|152|166|144|129|131|357|128|334|110|106|372|101|113|110|121|361|133|619|106|366|346|619|367|113|123|125|132|145|127|143|117|105|96|96|82|51|73|69|45|53|64|57|53|461|403|53|311|
2017-09-16|6|1_CTs|CT20||293|47|24|30|11|19|15|10|16|13|14|13|15|10|10|8|4|6|11|7|11|10|19|13|13|20|15|273|23|25|24|46|45|47|304|65|75|74|100|95|90|42|91|41|115|375|124|379|390|8|70|20|154|339|33|99|60|26|89|310|68|35|10|91|99|10|598|74|14|83|35|43|340|82|347|78|7|592|336|25|327|2|63|69|80|62|61|39|257|33|47|52|290|301|39|31|
2017-09-16|6|1_CTs|CT21||299|88|98|79|54|43|43|28|29|32|27|19|26|21|19|27|24|32|39|46|292|248|42|293|68|70|74|89|97|111|111|123|111|129|144|394|175|147|174|154|167|166|194|182|432|186|171|200|391|449|203|198|187|168|421|196|140|422|194|367|188|419|214|227|218|457|208|224|188|401|200|196|614|180|463|437|201|428|181|172|422|571|173|123|115|108|89|108|96|105|103|113|117|89|82|306|
2017-09-16|6|1_CTs|CT23||344|82|84|318|58|60|59|49|37|33|35|36|26|23|26|25|273|34|16|28|20|270|24|34|32|38|48|58|61|65|86|110|103|109|148|137|145|149|147|158|165|166|175|175|388|195|163|203|190|168|179|218|428|393|411|179|406|174|169|178|174|164|426|218|205|214|651|204|200|200|180|210|642|190|205|176|202|380|212|197|178|184|155|348|351|106|84|81|110|350|107|106|395|111|98|101|
2017-09-16|6|1_CTs|CT24||346|116|95|92|57|62|44|47|42|44|40|36|35|239|34|33|267|33|27|38|34|26|243|38|30|284|39|295|75|82|91|81|96|102|112|116|147|362|154|155|170|153|188|209|190|228|186|228|218|444|257|213|213|223|630|621|160|177|171|166|188|162|186|212|455|185|198|224|471|434|426|411|236|219|411|438|200|449|445|500|219|178|160|133|108|116|96|317|107|101|105|169|175|135|111|332|
