2014-12-22|2|1_CTs|ct1||78|315|39|41|33|30|22|15|17|13|8|11|11|8|15|8|265|14|9|10|14|28|27|32|37|47|574|338|343|119|160|172|183|170|442|213|202|206|206|459|197|198|228|460|474|429|187|196|213|202|451|214|219|205|204|726|181|189|206|206|189|194|417|151|181|150|6|0|0|0|0|0|0|0|0|0|0|0|0|0|0|0|0|0|0|0|0|0|127|135|120|144|361|124|96|344|
2014-12-22|2|1_CTs|ct2||43|39|18|21|22|16|15|11|12|9|2|6|6|7|6|6|2|6|5|5|8|12|10|14|17|22|33|35|47|57|73|70|80|95|345|117|119|99|114|376|123|367|122|365|373|398|376|105|392|139|395|130|140|139|367|391|126|360|92|127|103|116|139|137|124|132|353|359|116|360|108|95|86|89|122|355|92|97|95|353|375|341|631|125|341|88|328|55|48|56|55|63|34|57|52|293|
2014-12-22|2|1_CTs|ct3||104|98|56|49|37|35|35|28|25|18|13|16|16|12|19|10|10|13|6|14|15|274|31|33|38|34|66|74|78|358|174|172|432|167|180|699|186|190|460|214|205|453|481|221|496|469|476|233|484|496|456|252|232|234|204|487|203|206|202|483|228|213|485|213|227|199|227|223|721|674|480|210|189|209|451|185|446|177|152|208|204|436|206|196|233|189|445|195|151|401|152|153|140|130|135|108|
2014-12-22|2|1_CTs|ct4||63|75|44|60|23|25|24|14|19|12|13|6|268|11|7|10|10|6|9|9|12|12|17|11|280|24|55|42|48|71|72|362|126|137|121|140|155|143|124|146|149|124|140|133|141|141|401|139|161|111|155|134|128|141|128|141|145|133|149|133|370|135|115|131|125|101|359|95|116|99|118|100|107|100|355|99|369|85|118|124|125|104|111|373|121|121|408|144|110|630|124|106|110|115|110|85|
2014-12-22|2|1_CTs|ct5||96|113|80|79|34|43|35|27|29|22|20|12|17|273|18|9|13|17|16|24|13|268|28|12|25|28|316|317|60|93|138|133|435|442|469|469|235|485|203|501|445|473|224|466|467|475|232|214|480|213|229|221|226|243|196|496|437|473|197|195|185|221|190|183|193|205|142|188|461|171|190|159|179|173|175|159|173|174|192|472|203|225|200|167|443|199|471|223|435|220|198|191|163|166|172|138|
2014-12-22|2|1_CTs|ct6||27|34|21|20|15|7|9|10|6|3|7|264|7|3|8|4|5|3|6|7|3|4|7|4|13|9|22|17|278|32|43|33|50|52|66|66|65|66|64|72|66|72|79|60|67|69|78|59|71|73|63|71|65|70|50|72|78|78|69|68|71|76|66|61|57|358|72|330|61|56|79|55|31|45|37|43|31|65|65|329|328|74|325|56|319|58|57|67|303|43|31|26|44|41|37|26|
2014-12-22|2|1_CTs|ct17||353|125|65|50|44|47|43|295|31|34|20|19|28|15|23|7|9|16|14|23|18|37|290|36|46|40|66|84|90|375|191|455|199|211|202|244|210|492|224|243|239|224|246|244|265|773|513|489|237|248|245|264|759|243|250|254|234|275|223|246|240|505|236|291|475|514|252|243|257|228|253|228|220|246|241|240|268|465|205|747|241|217|222|240|508|225|475|206|188|193|170|177|148|156|179|384|
2014-12-22|2|1_CTs|CT19||48|61|36|24|15|16|15|14|12|8|9|7|8|7|5|2|2|5|4|5|4|10|5|262|267|7|263|31|30|305|60|329|88|857|96|590|110|117|106|118|102|359|129|113|605|384|136|384|404|374|388|134|363|134|129|619|128|122|142|105|645|137|392|146|381|135|379|149|368|640|159|395|146|377|371|128|397|345|149|385|149|375|652|137|132|387|362|112|860|128|110|101|355|82|77|68|
2014-12-22|2|1_CTs|CT20||51|45|40|35|25|31|19|16|17|22|17|12|264|4|5|8|4|8|7|4|3|6|8|7|6|9|18|268|275|31|37|56|71|72|79|80|75|348|84|89|88|90|92|78|82|590|84|92|80|84|89|85|82|82|334|77|335|83|78|84|68|351|341|330|349|99|89|94|115|76|95|91|94|88|95|95|86|347|327|87|86|337|85|597|54|75|324|64|314|311|58|40|313|72|67|48|
2014-12-22|2|1_CTs|CT21||19|22|22|14|16|14|9|5|8|12|8|1|3|6|3|4|4|4|2|3|1|2|2|2|3|5|10|11|11|272|19|24|287|40|41|44|46|51|300|48|56|266|42|46|49|559|305|40|45|61|290|299|40|43|54|53|49|52|51|298|296|47|55|57|573|313|75|57|66|61|57|66|65|48|50|51|298|50|46|543|535|54|295|33|29|35|262|37|28|20|28|23|19|32|38|22|
