2016-09-13|6|1_CTs|CT1||0|1|0|2|0|0|0|2|0|0|0|1|2|0|0|2|0|1|1|1|5|1|3|6|1|3|3|4|4|3|11|16|20|23|304|64|98|67|51|27|265|7|8|17|5|6|11|12|10|11|7|13|6|7|17|8|7|9|12|11|5|8|5|11|8|9|12|10|10|19|8|12|141|747|212|121|8|5|6|7|3|2|3|3|2|2|3|4|5|1|1|1|2|0|0|1|
2016-09-13|6|1_CTs|CT3||10|18|14|11|247|6|3|2|3|0|1|2|0|0|4|2|6|9|12|14|16|15|17|22|24|37|26|44|53|54|53|534|302|110|110|90|87|101|360|78|547|540|64|67|51|44|43|57|291|53|49|41|46|50|53|50|43|49|47|37|281|59|55|41|53|44|59|58|80|90|77|98|88|114|133|125|72|46|54|37|31|503|31|29|21|20|262|15|16|22|17|22|24|279|15|16|
2016-09-13|6|1_CTs|CT4||13|11|4|8|2|2|1|1|6|5|258|1|2|1|1|3|2|0|1|2|0|0|0|2|0|1|2|3|6|10|8|271|14|19|32|23|29|29|25|34|29|15|28|281|12|24|24|28|23|26|29|30|25|27|33|28|20|31|20|25|25|282|37|33|31|30|30|39|41|51|290|45|59|44|297|57|63|53|34|35|23|27|286|24|15|14|11|22|22|19|25|15|13|12|8|12|
2016-09-13|6|1_CTs|CT5||14|10|14|13|17|14|7|10|10|12|5|5|8|3|1|4|3|7|2|2|7|2|7|9|11|14|16|21|20|22|30|51|56|61|69|110|128|149|406|135|119|373|87|346|66|69|73|69|57|67|326|325|69|60|44|73|53|84|73|70|320|76|64|77|85|88|80|66|82|76|70|85|68|325|324|54|0|0|69|49|56|47|49|46|32|40|36|24|35|37|31|29|30|36|22|25|
2016-09-13|6|1_CTs|CT6||38|276|21|17|11|7|9|8|7|7|3|4|5|5|2|4|4|7|5|13|11|14|28|13|18|13|18|22|37|51|79|357|121|137|161|153|132|154|175|131|139|132|123|105|111|344|126|341|120|94|116|88|91|87|91|111|111|123|601|115|580|100|108|365|122|107|340|135|122|134|124|132|149|214|197|191|159|154|120|142|108|328|74|69|242|108|50|569|69|61|48|39|56|298|47|35|
2016-09-13|6|1_CTs|CT7||9|4|7|5|2|1|4|3|1|1|1|1|1|2|1|3|2|3|0|1|2|4|4|5|5|6|5|11|17|13|24|29|36|36|33|40|35|44|40|43|29|50|23|26|31|28|31|24|27|25|29|30|30|29|21|31|24|21|29|25|25|30|26|28|32|29|281|28|26|26|35|26|279|25|22|25|26|283|31|24|22|8|14|8|19|15|10|10|12|12|9|11|9|9|5|3|
2016-09-13|6|1_CTs|CT8||293|31|29|244|17|12|13|11|15|11|9|15|8|19|11|8|5|9|6|9|11|15|24|28|20|29|51|70|128|301|154|426|197|223|176|430|157|139|409|159|387|420|153|403|137|355|138|129|139|143|170|160|406|380|347|144|153|162|159|149|157|398|185|350|153|164|409|410|681|220|417|87|328|319|166|402|167|157|174|136|353|316|102|77|74|58|61|312|82|65|70|60|52|56|492|40|
2016-09-13|6|1_CTs|CT10||28|21|23|14|16|253|8|266|3|9|7|10|10|3|3|2|7|5|4|2|4|13|16|18|29|25|25|39|37|69|105|390|423|429|466|197|432|193|192|149|671|167|134|158|160|390|152|154|382|146|162|142|126|129|127|120|124|131|372|146|414|152|129|387|147|205|701|463|452|223|467|214|466|234|443|457|455|172|155|151|129|111|113|349|330|59|66|586|139|118|138|316|42|43|39|31|
2016-09-13|6|1_CTs|CT11||31|22|15|20|11|14|11|10|12|7|3|9|4|5|259|5|4|3|3|7|10|16|15|37|276|28|43|73|97|135|194|255|259|572|574|277|263|445|249|248|727|198|190|221|195|169|415|439|431|455|202|210|171|399|416|197|185|465|212|218|178|438|219|672|195|218|225|245|191|468|714|216|66|9|3|110|422|131|164|147|406|120|126|112|76|73|73|85|87|81|65|75|53|46|37|51|
2016-09-13|6|1_CTs|CT12||36|32|26|22|18|17|12|8|14|10|9|17|10|8|3|1|3|8|5|5|7|14|23|24|31|28|36|51|61|84|126|167|231|270|524|341|314|307|815|251|707|207|154|460|440|429|446|177|401|195|230|469|183|181|163|170|171|191|203|217|722|194|218|204|208|251|524|299|287|527|538|488|263|533|291|266|246|233|224|450|168|135|656|116|106|89|73|123|156|134|141|89|64|58|289|41|
2016-09-13|6|1_CTs|CT15||20|22|27|22|16|10|11|8|7|8|11|5|6|5|13|8|12|10|15|230|27|23|27|34|35|36|52|55|74|92|117|157|201|629|476|223|238|223|201|194|395|383|141|126|134|120|103|105|102|121|126|140|116|347|108|130|109|361|134|120|91|369|118|598|116|150|418|430|224|237|240|221|245|351|630|448|403|132|110|90|79|77|67|72|64|41|58|260|48|45|49|517|34|39|34|29|
2016-09-13|6|1_CTs|CT16||39|26|23|28|18|16|14|10|10|264|7|10|6|5|4|14|13|6|4|6|8|17|11|26|29|25|290|66|84|101|413|232|249|762|518|280|559|290|285|536|1012|236|225|218|221|195|190|463|199|203|214|463|201|405|171|455|194|208|216|201|436|202|167|451|209|226|220|217|466|221|235|258|201|504|227|223|221|178|188|177|179|115|397|119|356|86|85|104|97|93|311|328|66|52|274|42|
2016-09-13|6|1_CTs|CT17||46|35|33|28|25|21|11|13|13|12|8|12|6|9|4|6|6|9|1|4|2|7|9|5|8|7|15|16|297|48|67|87|357|365|175|158|161|191|179|130|109|117|140|146|141|156|167|400|648|152|180|404|161|378|138|376|140|143|150|182|420|156|181|176|186|187|216|181|172|200|225|190|203|230|257|208|257|250|216|144|137|111|96|110|86|98|64|81|76|336|53|55|51|53|61|42|
2016-09-13|6|1_CTs|CT18||57|310|47|37|37|272|18|17|23|264|20|12|13|270|9|14|265|16|7|13|18|15|15|32|36|41|56|79|94|121|182|282|540|290|297|493|220|174|419|157|425|201|264|273|264|230|247|219|224|476|522|262|224|241|215|486|213|256|500|226|225|513|241|270|263|302|275|276|276|262|300|312|271|556|322|342|307|312|268|213|209|154|159|156|339|155|125|385|118|391|111|96|115|348|330|77|
2016-09-13|6|1_CTs|CT19||37|32|30|32|18|273|13|13|15|12|9|14|8|10|6|4|9|5|3|7|4|2|5|6|4|12|13|20|23|45|66|342|111|401|162|176|195|188|447|404|660|129|128|429|134|416|163|146|158|163|154|421|158|142|404|126|137|158|159|162|154|178|427|163|437|198|217|202|456|232|242|213|463|481|488|233|770|231|237|174|159|118|115|88|338|82|70|325|59|88|66|49|57|39|45|51|
2016-09-13|6|1_CTs|CT20||27|270|17|9|10|3|7|4|11|7|5|4|4|3|5|5|1|8|5|8|9|9|14|14|13|16|24|27|33|46|56|90|365|366|661|405|404|159|676|67|63|384|120|130|114|277|377|354|49|63|46|337|108|364|124|13|49|60|122|90|126|125|131|351|137|126|377|369|141|301|121|146|83|87|317|389|300|90|57|103|336|84|83|36|33|48|48|50|52|43|314|40|44|38|50|26|
2016-09-13|6|1_CTs|CT21||72|301|54|40|36|33|29|30|10|18|12|18|16|19|14|15|18|25|26|31|37|43|44|54|67|89|100|118|212|412|265|527|287|356|570|310|299|577|305|267|536|242|236|284|236|221|477|242|480|450|234|258|223|475|220|217|227|243|528|255|444|990|245|471|228|258|244|533|508|299|276|290|476|434|485|312|532|461|212|180|424|128|156|137|130|100|123|341|111|328|87|102|110|350|83|78|
2016-09-13|6|1_CTs|CT23||55|55|37|48|22|263|23|17|15|22|21|20|13|28|11|13|8|13|9|19|18|24|27|290|32|54|75|106|113|155|240|514|312|563|603|342|340|597|324|313|819|282|205|235|204|206|208|220|474|254|238|225|241|196|459|471|233|264|250|246|491|743|232|254|250|274|290|293|335|322|330|203|156|119|270|342|523|298|323|230|423|431|156|614|99|93|95|118|122|364|101|99|98|71|81|84|
2016-09-13|6|1_CTs|CT24||0|0|0|0|0|0|0|0|0|0|0|0|0|0|0|0|0|0|0|0|0|0|0|0|0|0|0|0|0|0|0|4|0|0|0|0|0|0|0|0|0|0|0|0|0|0|0|0|0|0|0|0|0|0|0|0|0|0|0|0|0|0|0|0|0|0|0|0|0|0|0|0|0|0|0|0|0|0|0|0|0|0|0|0|0|0|0|0|0|0|0|0|0|0|0|0|
