2014-06-29|3|1_CTs|ct1||85|73|67|40|37|44|35|26|36|32|21|23|28|16|22|19|18|17|9|13|12|13|14|17|7|13|19|19|21|18|31|33|27|34|30|40|40|45|39|33|29|0|1|0|0|0|0|40|76|82|100|90|79|104|107|89|91|95|97|117|104|101|120|94|116|103|106|94|112|88|85|92|88|73|93|91|105|93|100|112|93|112|79|65|88|90|75|56|67|62|45|60|57|49|43|50|
2014-06-29|3|1_CTs|ct3||140|134|148|118|97|94|92|75|65|72|56|49|52|45|63|52|51|42|50|56|39|29|44|35|28|42|37|51|39|34|55|59|45|56|75|92|78|84|70|81|17|0|5|1|0|0|5|55|115|122|137|120|120|131|148|129|126|117|133|132|159|164|155|157|207|147|171|165|152|124|134|100|127|140|131|116|151|123|141|140|147|147|117|103|104|114|121|86|82|89|87|72|77|85|89|71|
2014-06-29|3|1_CTs|ct5||165|141|187|177|144|112|135|115|131|99|105|69|66|70|55|67|67|55|44|54|38|35|23|34|33|27|29|28|27|37|39|48|47|75|87|74|85|93|87|64|32|8|2|5|1|2|37|61|104|150|152|157|115|136|133|106|129|101|139|124|152|147|168|135|149|154|162|165|165|125|126|125|126|118|151|133|117|163|160|130|175|159|137|125|113|115|97|98|119|86|113|90|105|113|106|82|
2014-06-29|3|1_CTs|ct6||11|7|13|9|13|7|8|6|8|9|7|6|3|1|2|3|1|1|2|2|4|3|5|2|1|6|4|3|4|3|6|5|3|8|4|4|8|8|7|11|1|0|0|0|0|0|0|18|12|14|11|22|13|18|17|13|22|20|21|18|25|24|20|30|26|23|20|21|31|21|18|19|17|14|18|23|21|26|26|28|18|20|25|16|18|15|14|14|15|9|17|17|16|15|9|9|
2014-06-29|3|1_CTs|ct7||129|161|210|148|137|153|165|141|147|142|120|105|104|122|106|103|115|109|110|85|60|86|60|47|74|56|59|51|41|37|44|34|42|55|55|47|59|43|29|7|2|8|1|1|3|3|2|0|51|91|112|92|88|85|88|91|80|80|95|106|105|120|110|127|111|113|111|122|128|116|121|134|121|128|136|103|117|125|134|128|157|159|123|100|113|90|92|109|113|82|116|101|109|121|108|96|
2014-06-29|3|1_CTs|ct8||80|85|128|70|83|83|98|65|84|72|55|52|49|59|59|47|59|54|47|48|27|36|27|30|35|23|21|20|23|16|30|15|24|22|25|30|32|23|17|6|2|3|0|6|10|11|4|5|28|43|58|42|47|48|41|54|55|51|49|49|64|62|65|61|72|64|66|63|66|69|69|63|63|63|74|59|65|66|64|66|84|80|62|50|57|42|46|65|56|40|53|49|53|63|55|45|
2014-06-29|3|1_CTs|ct9||107|109|81|106|74|103|104|92|87|98|78|78|86|55|58|47|41|69|43|51|37|44|42|35|34|30|39|29|36|37|37|35|43|52|68|51|54|59|67|77|87|63|111|119|89|63|94|119|74|82|110|79|99|106|77|98|88|91|96|107|107|88|117|92|122|107|99|118|116|90|95|95|94|92|91|88|103|129|100|122|102|99|88|112|76|64|75|78|90|76|88|64|78|83|73|77|
2014-06-29|3|1_CTs|ct10||80|89|85|92|76|86|89|85|75|92|86|71|81|78|81|71|77|67|93|68|53|63|67|50|43|31|39|54|30|24|26|26|28|27|26|23|31|31|42|39|57|60|61|61|68|72|62|68|90|72|78|73|74|68|85|71|78|61|81|65|80|97|87|83|104|73|95|103|105|94|79|92|101|102|107|114|86|115|120|65|108|97|89|70|89|74|76|46|68|64|61|48|88|85|52|47|
2014-06-29|3|1_CTs|ct13||224|278|230|336|221|195|337|187|236|172|211|156|155|153|120|171|128|152|164|144|156|115|135|120|98|72|121|109|108|118|100|105|88|102|135|117|153|180|140|142|26|0|0|4|0|7|144|394|2782|1932|216|840|1256|1415|561|250|265|364|225|249|413|925|284|359|320|509|228|432|413|231|464|179|242|227|191|229|227|230|232|176|238|246|204|236|254|195|213|142|198|192|588|164|228|171|266|186|
2014-06-29|3|1_CTs|ct14||66|65|75|67|50|48|40|24|31|27|22|24|15|14|21|19|19|23|9|16|13|13|24|13|9|12|29|34|25|34|68|76|25|34|46|59|47|61|79|37|0|0|0|0|0|0|0|5|83|78|89|95|97|105|86|92|99|92|104|104|104|111|158|145|137|110|107|138|143|116|133|124|148|128|138|134|145|125|148|171|135|151|115|108|103|90|100|97|117|102|104|113|79|72|50|60|
2014-06-29|3|1_CTs|CT16||92|94|93|89|81|108|107|104|87|89|88|119|72|51|59|62|48|72|144|74|58|63|53|37|33|44|68|141|39|34|32|26|35|32|55|34|37|34|86|51|91|44|69|89|68|27|128|245|109|71|95|77|75|88|80|96|97|101|104|90|122|94|138|107|151|140|125|145|115|108|121|125|138|151|107|110|180|199|129|129|107|154|107|122|90|85|92|88|99|66|87|76|48|100|87|76|
2014-06-29|3|1_CTs|ct18||108|118|115|101|109|111|113|97|80|103|102|77|98|92|92|79|87|81|94|90|65|73|65|51|55|48|56|53|47|34|39|37|35|40|46|41|48|47|58|61|79|69|76|89|87|81|78|94|95|96|101|101|109|102|108|89|106|83|106|91|110|139|135|121|129|117|131|135|134|148|127|143|137|126|133|145|128|147|158|114|150|120|134|112|110|105|91|74|90|91|84|71|94|111|75|58|
2014-06-29|3|1_CTs|ct19||9|0|1|0|2|1|0|1|0|0|2|0|0|0|0|1|0|1|0|0|0|1|0|1|0|1|1|0|3|2|2|0|1|0|5|2|1|2|3|1|2|0|3|4|2|2|1|3|1|1|1|4|2|1|3|4|2|3|1|0|2|1|1|0|6|2|1|5|1|5|4|1|0|1|4|0|6|10|3|4|5|1|1|0|4|1|1|2|1|1|1|0|2|0|2|0|
2014-06-29|3|1_CTs|ct20||0|0|0|0|0|0|0|0|0|0|0|0|0|0|0|0|0|0|0|0|0|0|0|0|0|0|0|0|0|0|0|0|0|0|0|0|0|0|0|0|0|0|0|0|1|0|0|0|0|0|0|0|0|0|0|0|0|0|0|0|0|0|0|0|0|0|0|0|0|0|0|0|0|0|0|0|0|0|0|0|0|0|0|0|0|0|0|0|0|0|0|0|0|0|0|0|
2014-06-29|3|1_CTs|ct22||6|6|2|4|2|1|6|5|5|3|3|3|5|2|4|3|2|1|3|0|1|2|3|0|4|1|2|2|0|2|1|2|2|2|3|3|5|2|6|5|4|0|0|0|0|1|2|6|7|4|5|4|7|5|5|4|6|7|2|6|3|12|3|7|6|5|7|8|6|9|4|5|5|11|6|6|4|9|8|5|4|5|5|4|5|2|1|6|3|3|4|1|10|0|3|2|
2014-06-29|3|1_CTs|CT23||560|533|516|412|343|507|519|534|461|341|234|250|264|225|132|109|46|17|12|63|17|15|77|140|498|510|513|517|520|522|531|524|493|427|308|275|415|136|311|219|76|14|17|9|16|15|22|54|142|157|168|165|151|153|139|140|135|137|108|166|134|141|140|163|172|188|138|136|156|134|145|137|135|129|118|153|158|137|159|161|181|179|135|120|109|219|168|109|105|241|76|83|101|135|227|159|
2014-06-29|3|1_CTs|ct24||295|319|323|292|252|242|175|146|157|126|120|104|105|89|79|76|90|76|67|65|72|60|93|84|68|98|123|145|131|149|232|190|131|180|217|275|259|289|339|357|308|338|377|411|347|361|389|402|448|409|426|504|485|469|454|418|428|447|509|506|582|577|590|591|596|586|646|653|607|594|580|648|622|631|669|606|638|681|661|622|638|572|541|507|456|421|436|408|415|364|383|369|344|335|254|241|
