2013-11-29|2|1_CTs|ct1||71|58|49|41|34|41|20|20|19|14|9|8|19|17|15|13|12|15|15|15|23|26|27|32|38|47|61|82|99|104|124|160|139|167|161|184|186|191|168|199|226|199|215|209|227|236|216|196|214|212|222|216|220|204|221|193|226|205|232|230|218|204|221|207|186|123|102|171|180|186|173|155|166|98|102|79|115|93|89|110|149|193|205|209|131|161|126|128|180|153|161|152|156|135|154|152|
2013-11-29|2|1_CTs|ct2||42|32|32|34|22|24|20|18|15|12|3|9|9|18|11|8|10|11|6|13|15|17|14|16|22|24|22|27|30|34|44|51|47|68|67|73|91|108|95|118|132|106|122|99|82|96|95|102|102|86|129|132|117|94|85|90|70|101|107|102|104|101|129|112|106|101|106|117|93|92|96|104|98|108|94|110|124|113|115|132|125|128|100|100|124|134|91|95|105|87|63|79|69|65|67|83|
2013-11-29|2|1_CTs|ct3||74|72|50|67|51|58|40|35|29|23|15|15|24|31|13|14|11|19|21|25|27|32|35|40|48|43|48|78|86|77|104|127|124|137|145|157|193|167|144|163|204|166|183|176|188|208|198|177|178|164|182|219|206|199|184|165|187|189|207|193|197|194|206|175|150|88|133|213|215|184|173|164|134|159|112|164|140|140|142|180|205|200|200|188|178|214|138|138|181|211|157|162|165|156|167|144|
2013-11-29|2|1_CTs|ct4||53|34|34|43|29|27|30|20|18|19|23|11|10|15|11|15|18|17|12|14|16|15|16|25|21|31|24|36|41|44|59|66|87|124|128|124|128|136|111|140|125|129|121|132|110|157|130|133|110|138|140|113|131|118|109|111|122|119|130|138|124|181|146|129|112|111|88|81|75|111|84|82|80|63|73|75|72|105|86|114|99|123|92|83|91|99|89|86|92|75|105|89|81|109|115|90|
2013-11-29|2|1_CTs|ct5||75|76|66|66|49|51|35|34|33|36|28|17|18|25|21|13|22|25|15|22|53|149|24|28|27|32|33|46|50|50|85|119|133|164|195|201|197|198|156|191|205|166|206|226|214|220|227|226|199|219|244|245|207|166|199|191|206|183|207|254|207|244|227|233|216|157|173|187|167|176|172|171|157|164|147|190|183|205|232|206|196|179|156|169|165|152|153|135|157|153|160|157|143|162|191|200|
2013-11-29|2|1_CTs|ct6||26|19|21|28|18|16|16|10|15|11|12|8|8|6|10|4|10|8|5|5|11|6|6|10|8|15|15|11|17|9|15|29|22|21|31|30|41|38|25|41|54|43|42|57|353|552|504|222|169|171|189|177|169|149|143|156|166|188|181|222|236|164|237|236|189|203|404|528|548|366|263|449|463|459|418|379|456|554|553|554|532|540|329|43|54|52|42|38|48|47|35|49|44|47|38|46|
2013-11-29|2|1_CTs|ct17||94|97|72|84|60|81|59|48|41|28|29|12|29|35|20|24|19|23|27|17|39|41|42|45|54|50|63|86|91|87|114|160|155|120|212|196|210|215|199|247|238|192|209|223|207|226|253|228|195|209|197|243|242|210|205|185|219|194|220|239|217|230|254|201|221|72|119|246|209|167|157|151|98|168|113|190|124|120|108|212|228|239|211|205|207|201|179|135|181|206|168|159|164|178|161|169|
2013-11-29|2|1_CTs|CT19||42|25|29|34|19|25|21|18|10|11|10|8|6|9|4|11|7|5|7|4|8|9|6|8|10|20|20|29|47|33|42|59|77|69|112|103|102|96|80|102|97|93|116|102|112|131|127|117|87|95|104|97|105|131|96|97|129|127|105|122|102|116|117|119|105|60|56|146|69|33|73|91|34|44|22|39|31|86|101|112|138|142|84|100|93|104|71|76|75|93|79|77|88|114|95|70|
2013-11-29|2|1_CTs|CT20||47|42|41|26|34|30|27|26|21|24|22|14|13|17|13|12|9|15|6|8|11|8|11|12|12|24|13|23|20|28|52|69|78|81|92|97|80|97|94|84|75|75|79|87|62|76|79|77|64|68|84|63|67|64|69|69|59|79|71|80|80|83|77|89|76|86|80|94|61|64|25|27|23|32|33|47|52|26|46|88|77|86|85|83|69|56|55|74|64|57|66|67|59|79|110|93|
2013-11-29|2|1_CTs|CT21||31|22|20|14|24|13|8|10|10|11|6|7|5|5|5|5|2|5|3|4|5|2|0|4|8|5|6|9|15|14|34|39|50|50|43|52|51|46|48|48|31|42|55|46|54|47|41|36|33|48|36|40|40|42|40|32|37|39|35|51|39|42|43|46|45|52|47|39|46|70|17|13|20|19|9|23|32|19|15|44|51|51|49|44|41|35|34|38|30|40|31|40|34|43|53|38|
