2011-03-14|3|1_CTs|ct1||60|40|28|34|24|17|12|12|13|9|7|6|5|2|6|7|4|3|7|4|2|5|12|18|21|26|37|57|55|107|143|184|212|210|240|208|215|208|210|200|208|199|205|212|203|203|193|170|175|169|197|161|190|183|186|200|184|185|223|235|209|197|216|198|194|185|184|161|206|209|223|195|184|225|223|207|217|186|205|167|178|174|158|137|114|106|111|95|110|94|90|81|85|61|67|52|
2011-03-14|3|1_CTs|ct3||125|118|80|77|69|49|68|44|41|32|27|22|20|15|15|19|14|15|29|21|28|32|43|69|80|70|92|148|155|273|307|375|435|458|491|474|473|492|479|436|466|427|452|516|444|445|436|433|388|407|431|408|423|373|376|437|401|452|463|473|475|450|461|441|413|432|422|357|392|405|363|385|340|326|380|332|365|315|379|326|323|361|319|285|249|261|240|223|211|235|204|200|168|134|158|129|
2011-03-14|3|1_CTs|ct5||479|1877|1287|3517|2293|2502|3586|918|231|132|366|1848|3072|3077|1797|1479|1147|1325|1942|1667|1297|1497|1348|940|643|988|410|697|1219|1677|1056|1397|1676|1033|859|690|573|366|424|797|1019|1338|1947|2612|2755|1954|415|371|391|498|458|436|409|390|422|441|438|448|486|498|437|455|567|533|517|582|619|644|669|797|812|884|869|731|746|1143|2836|3569|3631|3596|3323|3306|3250|2876|2699|2840|2787|2838|2544|2470|2990|2688|2627|2892|2909|2990|
2011-03-14|3|1_CTs|ct6||70|61|287|51|27|25|47|26|20|18|16|13|10|9|10|8|10|9|456|200|7|29|15|16|22|21|25|33|40|66|101|149|171|180|218|240|218|209|190|170|158|160|138|160|149|184|199|170|197|189|215|216|201|195|187|197|163|184|201|237|221|235|214|236|239|290|274|266|277|316|307|269|300|299|292|276|277|255|270|250|280|240|208|178|160|150|146|122|160|167|143|133|118|95|111|92|
2011-03-14|3|1_CTs|ct7||68|65|76|35|35|36|37|22|28|26|25|8|19|10|8|11|13|8|17|18|15|12|22|31|34|30|31|43|45|55|86|116|130|178|189|192|194|185|183|169|152|162|157|154|180|147|165|202|217|216|195|223|196|187|201|170|185|183|207|225|216|213|230|222|242|260|240|228|252|193|223|191|202|185|178|191|197|204|194|161|219|179|157|133|128|120|124|106|103|99|117|117|104|93|90|97|
2011-03-14|3|1_CTs|ct9||80|71|69|51|36|54|37|44|43|29|26|15|34|22|22|21|20|14|22|18|15|14|26|29|22|23|52|61|55|74|117|137|182|184|230|216|214|197|230|176|195|159|140|147|172|134|156|151|145|124|129|116|133|108|123|139|150|162|167|165|159|156|149|176|161|188|162|164|181|181|159|156|182|210|202|174|163|160|185|162|158|136|115|99|104|102|92|88|115|99|91|87|83|85|74|72|
2011-03-14|3|1_CTs|ct10||45|34|45|31|18|27|25|25|23|26|20|15|12|8|11|14|7|17|6|8|10|14|21|22|21|21|23|23|38|46|62|100|120|137|132|152|125|162|137|152|142|122|122|142|121|131|146|138|137|124|116|127|131|130|127|135|117|140|161|143|121|135|151|138|161|125|141|149|144|153|167|154|169|142|153|166|138|141|114|130|130|109|128|91|103|96|69|64|76|83|79|71|66|78|73|73|
2011-03-14|3|1_CTs|CT11||12|22|26|21|10|11|11|9|8|10|3|6|5|7|11|7|5|10|10|6|5|9|11|12|13|12|16|16|26|22|48|44|53|50|51|60|64|57|53|56|33|60|63|40|54|63|45|63|38|49|53|49|60|53|58|60|59|52|58|43|58|58|58|60|54|36|59|52|41|43|55|53|60|71|63|57|60|50|61|55|59|36|60|59|52|42|36|49|37|35|33|41|33|33|28|36|
2011-03-14|3|1_CTs|CT12||16|19|17|15|7|12|15|13|16|13|16|11|8|6|10|9|3|11|3|5|5|14|13|16|12|12|13|9|19|24|21|28|19|27|28|34|29|47|42|54|41|50|37|57|40|43|47|49|39|40|37|39|45|46|39|36|41|36|54|46|38|43|47|42|41|41|39|43|40|43|49|48|42|43|46|40|45|45|47|41|44|48|34|34|40|37|28|24|24|31|21|23|25|32|19|28|
2011-03-14|3|1_CTs|CT16||10|7|12|7|11|11|14|11|8|4|7|9|7|6|3|5|4|5|3|2|3|2|2|4|7|4|10|6|5|9|23|29|30|32|40|33|44|40|39|45|47|33|40|31|40|47|30|38|46|39|25|24|38|27|30|37|33|41|31|36|37|34|41|26|25|42|42|30|45|38|46|42|49|50|52|47|41|44|41|36|39|30|34|22|21|32|14|17|29|16|19|9|15|14|10|21|
2011-03-14|3|1_CTs|ct17||58|48|53|47|25|27|25|31|23|22|15|9|14|17|8|18|10|18|7|22|7|19|16|25|27|34|30|51|84|113|144|262|366|284|327|316|312|341|362|322|331|259|292|256|215|236|283|299|239|222|212|253|253|257|239|222|245|242|294|291|242|264|278|236|290|242|278|292|269|305|301|292|287|262|252|253|234|229|199|242|206|205|192|169|157|145|128|135|108|134|108|96|89|99|88|84|
2011-03-14|3|1_CTs|ct18||67|53|63|46|30|41|39|36|30|29|22|13|14|17|15|19|14|21|12|14|11|19|22|31|29|35|41|48|64|71|119|172|194|232|214|231|222|235|232|233|216|170|194|192|185|196|196|201|196|165|159|147|176|175|144|170|175|189|219|187|163|191|199|164|185|184|194|170|169|190|197|197|195|179|172|182|190|195|157|175|182|142|182|130|131|137|117|119|113|121|128|95|95|115|99|103|
2011-03-14|3|1_CTs|ct19||1|1|0|0|0|1|0|1|0|0|0|0|0|0|0|0|0|0|0|0|0|0|2|3|3|5|12|6|9|8|4|7|15|9|8|8|9|12|9|9|9|4|4|7|5|8|4|5|4|6|5|6|8|5|10|5|9|4|9|5|5|10|10|8|12|8|7|6|7|10|12|16|14|12|11|12|3|8|8|9|3|12|5|4|6|3|4|2|3|2|1|0|2|3|0|1|
2011-03-14|3|1_CTs|ct20||30|25|18|21|19|23|9|9|16|5|7|4|3|11|2|5|5|5|9|9|12|9|10|23|22|32|47|62|66|134|139|148|177|165|196|187|186|182|176|153|137|169|185|133|156|157|152|144|135|149|163|126|130|131|143|168|175|168|165|158|168|171|142|162|148|141|156|152|167|149|159|157|163|138|178|178|157|145|154|151|133|127|103|86|115|84|64|74|62|58|48|79|57|52|57|30|
2011-03-14|3|1_CTs|ct22||3|3|1|4|3|0|2|3|1|2|1|3|1|3|0|2|3|1|5|3|2|0|2|2|4|3|7|6|3|6|8|12|14|19|16|20|28|22|21|30|27|31|31|33|29|26|28|37|28|26|32|23|26|24|24|29|18|33|28|34|34|31|28|27|42|30|46|47|56|56|52|54|52|40|44|52|40|52|40|23|39|26|26|20|14|14|16|11|8|10|5|4|6|6|4|7|
2011-03-14|3|1_CTs|CT23||104|91|53|39|33|52|18|19|15|13|13|14|20|12|10|13|15|7|5|8|6|4|11|4|22|18|33|38|51|61|108|170|226|242|286|268|242|247|179|204|190|180|198|181|189|179|189|212|201|244|234|252|233|221|205|203|196|196|234|226|270|246|270|255|275|301|288|287|358|374|350|395|381|355|417|387|419|399|372|373|335|355|294|270|246|193|185|223|196|168|149|140|175|116|100|86|
2011-03-14|3|1_CTs|ct24||177|128|119|97|75|65|43|51|33|34|31|22|29|26|19|26|15|27|35|47|45|43|75|103|138|183|324|512|697|878|955|943|893|845|860|830|854|847|848|892|875|947|970|966|842|814|789|687|651|805|775|801|766|765|754|793|794|908|926|849|826|819|827|803|714|727|794|770|726|875|830|856|901|977|928|824|707|808|764|730|633|607|542|425|374|417|312|309|290|333|273|270|253|245|203|182|
