2015-07-12|6|1_CTs|CT1||3|3|2|1|0|1|0|0|5|1|0|0|1|0|0|1|0|0|2|1|2|1|2|1|1|2|3|1|0|0|0|0|0|1|0|0|2|0|2|1|4|2|1|5|5|2|3|2|1|3|2|2|3|0|1|1|3|1|2|5|0|1|5|2|2|4|0|4|4|3|2|1|4|1|4|2|1|1|1|1|3|1|4|1|5|2|0|2|2|1|1|1|1|0|0|0|
2015-07-12|6|1_CTs|CT3||16|14|15|4|3|7|2|5|4|5|2|11|5|6|7|8|6|14|16|17|17|17|26|27|28|452|26|28|36|30|29|33|21|34|39|36|36|38|37|301|37|49|44|38|39|39|45|42|51|61|42|51|37|301|26|33|43|248|43|35|42|32|31|32|37|51|46|39|37|40|45|282|50|35|39|250|278|49|33|34|30|29|27|47|30|272|21|14|18|272|18|21|23|18|262|15|
2015-07-12|6|1_CTs|CT4||251|7|5|3|6|5|5|4|1|4|4|2|3|2|3|4|3|1|4|3|4|4|0|4|2|2|2|3|2|1|3|5|8|5|6|4|5|8|1|258|8|8|4|12|8|7|6|11|14|10|14|13|17|10|19|12|8|10|12|10|17|10|13|14|13|17|19|17|20|20|10|14|9|20|9|16|12|19|17|18|22|18|19|6|16|14|250|8|13|11|10|13|7|12|9|5|
2015-07-12|6|1_CTs|CT5||27|23|21|254|12|12|13|15|7|267|12|5|12|13|7|261|9|16|10|9|7|9|12|13|7|244|8|2|5|10|9|11|11|13|15|12|9|13|14|19|24|263|20|27|21|26|270|27|24|34|35|282|25|26|38|44|28|36|35|36|38|25|40|28|33|40|297|37|46|34|37|34|39|33|37|50|48|43|32|43|42|287|49|31|35|32|37|38|26|23|277|14|26|23|253|13|
2015-07-12|6|1_CTs|CT6||275|23|277|14|16|8|7|12|11|11|10|6|5|12|9|8|7|6|12|10|12|13|11|11|13|9|8|20|16|13|13|21|20|20|258|18|30|33|32|43|44|39|60|47|52|48|47|58|72|68|71|61|77|67|68|326|54|53|51|56|60|46|54|62|72|65|302|76|60|63|71|306|69|62|63|67|83|68|66|66|75|87|73|62|54|72|59|49|279|44|318|34|39|45|31|36|
2015-07-12|6|1_CTs|CT7||2|1|8|10|0|1|1|2|4|3|1|0|2|3|0|0|0|1|3|2|4|0|1|3|6|4|4|3|4|3|4|10|7|5|6|8|7|5|6|13|13|16|13|10|10|10|13|21|10|18|17|11|6|6|4|15|14|14|6|12|17|15|15|5|14|23|26|18|16|27|22|14|19|19|20|16|24|22|19|21|20|280|18|12|252|26|14|14|12|11|14|15|13|9|7|11|
2015-07-12|6|1_CTs|CT8||52|50|36|51|38|40|22|28|20|269|19|19|16|275|16|8|24|267|7|8|20|13|12|9|12|13|18|25|14|31|36|53|46|60|40|60|41|266|64|315|46|65|66|323|63|80|65|67|67|568|95|80|75|270|84|70|328|69|67|87|94|82|81|85|79|351|88|82|97|73|339|86|102|108|137|365|101|109|117|360|112|99|117|346|98|317|326|330|74|80|332|77|61|59|63|48|
2015-07-12|6|1_CTs|CT9||801|63|46|48|32|36|282|39|294|22|24|25|20|17|28|12|14|19|16|16|22|22|24|16|21|30|24|29|36|34|46|40|39|45|48|69|55|56|77|334|58|83|346|338|86|90|341|97|116|119|99|109|90|90|97|335|100|357|110|80|119|97|89|110|112|126|384|144|110|86|122|115|109|122|127|116|342|115|99|106|107|122|353|107|581|91|83|74|350|88|319|324|72|88|51|55|
2015-07-12|6|1_CTs|CT10||42|41|32|23|19|278|15|22|13|267|15|13|18|272|8|11|15|15|10|9|20|13|15|8|18|13|277|15|26|13|23|289|24|34|33|35|290|36|41|52|47|47|316|314|60|318|62|61|68|72|88|77|102|65|70|61|61|73|50|323|68|70|321|60|67|98|79|350|90|91|88|350|87|352|105|355|343|90|103|100|347|378|98|85|79|63|316|50|47|298|38|304|35|43|26|27|
2015-07-12|6|1_CTs|CT11||48|45|807|283|21|25|21|13|25|18|16|11|13|13|13|16|11|8|13|13|13|15|11|11|21|18|26|24|19|36|37|40|41|37|52|53|50|45|69|71|74|69|63|76|321|86|75|73|79|339|99|83|93|82|81|90|76|82|76|85|87|79|351|89|89|111|123|380|113|119|108|106|115|100|118|122|114|117|118|106|138|382|112|104|72|585|326|95|79|68|304|64|44|46|28|34|
2015-07-12|6|1_CTs|CT12||51|44|40|271|26|31|24|19|274|19|10|16|22|14|14|15|16|20|242|9|20|16|17|13|19|15|26|21|20|30|31|287|37|47|35|304|47|54|62|60|65|58|77|82|82|77|76|77|87|95|112|88|373|331|243|418|72|66|78|580|81|75|329|76|80|92|99|91|110|365|123|114|122|88|123|111|343|107|125|109|124|130|105|336|77|71|82|63|76|336|47|62|310|302|38|30|
2015-07-12|6|1_CTs|CT15||25|36|31|27|16|23|16|14|250|12|13|12|9|266|8|8|13|9|15|17|18|19|21|35|31|276|32|25|33|35|33|42|40|49|41|57|286|48|64|60|57|73|61|54|311|62|69|80|312|94|67|79|65|50|68|831|65|332|51|300|82|61|75|67|63|87|87|77|77|91|347|84|92|93|79|343|86|86|80|66|74|284|68|76|62|320|60|59|64|63|52|45|318|295|53|44|
2015-07-12|6|1_CTs|CT16||301|48|42|31|19|24|18|25|279|19|22|8|12|17|13|16|15|8|14|17|16|12|12|12|20|18|23|17|30|16|26|34|38|33|44|292|51|33|47|322|85|326|74|61|76|78|583|84|342|351|123|108|99|94|335|335|349|97|80|341|334|97|880|322|104|145|106|370|133|128|117|117|124|121|122|120|138|132|140|380|136|415|134|125|371|115|592|81|78|77|68|338|305|54|37|39|
2015-07-12|6|1_CTs|CT17||14|9|13|9|7|5|5|8|9|5|2|2|6|3|4|5|5|8|3|5|4|4|3|3|3|5|6|8|4|12|4|7|6|9|5|4|16|10|8|13|7|17|14|15|13|17|14|10|22|19|280|28|14|24|7|12|16|15|21|12|13|17|13|21|15|20|18|20|20|16|24|17|30|19|74|26|20|19|23|22|17|19|24|15|21|21|16|13|16|14|9|268|13|8|3|7|
2015-07-12|6|1_CTs|CT18||77|321|61|286|43|294|39|35|29|285|35|24|29|28|31|277|26|28|26|27|20|30|26|32|29|269|30|24|25|37|294|35|303|51|53|66|47|50|60|71|337|318|85|94|85|95|341|107|88|120|379|388|114|396|108|110|100|121|96|601|140|113|147|105|127|157|420|140|155|149|136|160|155|146|155|437|178|169|165|429|171|410|423|131|638|123|380|110|105|111|352|106|91|73|315|52|
2015-07-12|6|1_CTs|CT19||39|48|45|288|273|269|27|16|21|20|19|12|18|14|8|12|18|24|19|16|10|22|270|15|14|253|11|13|10|22|16|17|272|271|18|20|39|38|34|41|50|58|50|61|47|54|318|586|328|76|87|332|83|72|79|309|65|320|61|64|75|57|74|80|71|67|83|75|76|80|110|351|95|98|99|350|100|112|91|94|104|90|91|81|74|82|318|58|70|64|66|307|46|42|40|30|
2015-07-12|6|1_CTs|CT20||21|20|23|24|12|9|11|8|7|11|8|13|10|14|13|8|10|9|6|6|16|5|11|17|8|17|16|13|18|271|25|23|21|18|26|294|37|28|49|45|55|48|54|54|63|71|79|93|343|78|345|81|69|38|38|29|569|264|47|53|59|60|317|5|49|81|61|69|75|76|55|27|76|72|74|289|13|45|91|67|70|67|47|47|27|42|30|44|45|49|43|41|40|32|25|16|
2015-07-12|6|1_CTs|CT21||98|339|328|297|47|38|29|44|37|27|25|31|29|293|21|26|33|27|30|42|54|48|279|310|307|772|55|50|59|68|66|104|75|80|86|85|328|104|110|126|100|108|120|113|123|109|115|394|130|171|149|177|144|157|288|456|130|383|134|147|169|189|660|423|156|188|179|188|177|396|231|694|191|208|209|438|451|222|211|225|224|700|198|413|613|422|441|428|177|151|152|134|133|135|128|105|
2015-07-12|6|1_CTs|CT22||557|353|100|77|91|77|289|34|314|62|43|47|41|40|41|46|43|47|70|58|81|73|79|333|87|298|75|69|66|69|88|85|103|79|89|123|109|135|148|121|159|138|140|168|146|155|155|173|167|200|438|185|186|638|181|401|158|156|159|143|161|174|194|176|200|200|157|191|192|201|176|454|201|212|215|199|417|203|214|182|201|189|159|158|127|143|145|361|147|142|118|122|127|100|110|98|
2015-07-12|6|1_CTs|CT23||69|62|318|65|52|50|39|36|256|49|30|28|21|28|21|21|30|22|13|28|30|29|29|26|29|288|41|44|41|62|74|69|75|100|81|94|88|313|106|117|336|120|315|125|104|110|132|126|365|362|152|149|140|361|131|113|111|579|384|126|139|369|357|135|131|402|140|132|156|123|147|154|160|149|183|439|143|155|417|403|414|392|165|383|137|117|123|119|333|107|342|350|110|93|341|76|
2015-07-12|6|1_CTs|CT24||91|90|330|280|67|288|279|49|41|274|34|30|34|41|25|27|19|37|35|29|52|32|39|48|36|45|38|47|52|259|49|57|44|75|58|317|76|82|80|91|95|92|104|112|95|117|114|119|328|417|168|158|161|135|623|135|109|601|113|110|131|140|117|368|158|404|158|188|149|154|412|870|166|419|164|365|427|206|195|166|168|160|156|403|132|602|137|143|372|120|342|356|109|340|107|88|
