2014-11-27|6|1_CTs|CT1||0|1|1|1|1|0|1|1|0|0|0|1|1|1|0|1|0|1|0|0|2|2|2|1|1|2|1|3|3|7|13|70|157|93|114|67|31|14|11|15|15|10|4|7|16|11|7|4|6|4|6|3|8|7|8|6|5|7|4|2|11|7|6|5|7|8|10|8|5|13|8|8|26|39|46|45|24|17|4|6|11|6|5|5|5|5|2|2|4|1|1|3|0|1|1|1|
2014-11-27|6|1_CTs|CT3||7|2|9|9|6|2|6|3|1|1|4|2|1|6|3|5|4|6|8|9|15|18|18|22|29|24|19|23|43|43|40|74|80|79|69|99|64|61|63|63|50|54|49|38|45|51|35|39|52|56|46|51|51|51|43|58|48|50|43|41|64|35|52|47|43|35|38|51|52|54|62|77|58|62|66|63|60|50|72|51|47|28|32|26|28|26|13|21|23|27|14|14|11|17|22|12|
2014-11-27|6|1_CTs|CT4||10|7|3|6|4|6|1|3|1|0|1|3|4|0|0|2|0|2|2|1|1|2|0|2|1|0|4|3|7|11|11|23|46|48|26|29|36|22|18|18|21|19|28|278|21|23|30|27|26|36|19|26|33|41|13|18|33|23|28|31|34|29|29|20|23|49|27|48|48|44|46|46|34|53|62|54|62|49|42|19|31|30|23|15|21|11|15|16|11|5|13|12|15|9|8|11|
2014-11-27|6|1_CTs|CT5||22|20|13|12|13|7|7|9|7|8|1|7|7|8|3|6|4|5|4|6|3|6|10|8|13|11|12|10|20|28|43|42|64|64|78|92|83|69|61|73|69|75|70|314|66|68|76|72|65|67|67|67|68|63|69|64|72|85|71|74|66|83|87|78|75|65|82|74|80|86|88|75|55|68|80|80|91|77|85|67|54|56|38|40|54|38|31|33|31|29|28|30|17|17|23|22|
2014-11-27|6|1_CTs|CT6||18|33|19|12|8|12|4|8|4|5|2|4|2|5|1|7|6|2|8|4|5|7|14|16|18|21|17|18|39|40|72|108|143|199|189|202|187|137|108|104|118|86|105|311|120|89|106|77|98|96|98|84|92|100|84|95|86|115|127|110|117|100|129|97|120|114|112|132|133|162|122|114|124|108|104|134|139|100|74|99|104|83|101|57|75|79|56|73|55|82|65|60|51|35|32|34|
2014-11-27|6|1_CTs|CT7||6|5|2|1|2|0|2|4|0|2|1|1|0|0|0|2|0|3|3|2|2|2|1|2|9|2|4|5|11|9|21|28|40|38|46|48|40|45|26|26|33|38|19|21|30|27|33|20|21|28|29|23|33|34|37|24|32|24|23|30|20|29|29|30|18|31|28|31|43|32|35|31|33|33|29|24|43|25|27|13|18|21|15|8|18|8|12|5|15|10|7|9|5|9|6|9|
2014-11-27|6|1_CTs|CT8||38|27|27|26|20|8|16|16|9|12|18|9|13|11|4|11|7|12|5|6|13|14|17|26|30|32|42|56|75|116|167|213|237|170|171|192|175|182|174|178|152|154|165|106|126|128|141|139|136|147|144|157|127|138|140|165|157|160|171|164|167|147|157|150|136|151|183|181|184|211|191|179|173|158|152|148|170|174|151|170|135|146|120|122|72|73|75|78|64|72|48|74|61|59|62|46|
2014-11-27|6|1_CTs|CT9||39|53|41|24|13|19|15|10|10|15|11|11|10|9|4|7|6|8|7|12|12|18|21|37|29|46|40|61|63|119|206|351|320|309|397|394|370|332|227|254|216|202|217|134|187|198|191|180|199|213|218|202|210|209|197|235|199|211|210|211|213|198|214|240|243|241|251|261|266|327|342|307|296|302|316|267|318|372|347|220|199|202|123|124|118|92|105|116|115|97|95|75|80|73|66|63|
2014-11-27|6|1_CTs|CT10||39|26|21|26|17|8|13|10|5|7|7|5|2|1|4|6|7|6|6|8|9|16|14|20|30|28|24|37|59|71|110|148|182|154|186|163|204|194|177|186|149|129|137|117|135|174|136|141|137|152|164|153|161|162|139|143|139|182|201|174|166|157|171|173|179|181|192|209|194|202|249|231|248|178|175|179|231|246|245|219|187|191|153|131|85|101|87|92|77|65|71|52|39|41|42|56|
2014-11-27|6|1_CTs|CT11||26|26|21|9|6|13|9|5|3|5|2|2|9|5|1|5|3|8|3|4|9|15|20|26|24|43|61|68|100|141|231|339|238|138|200|286|288|261|226|259|221|186|205|128|208|190|192|187|177|187|205|213|223|155|197|183|184|232|209|197|187|192|202|181|208|214|210|207|221|210|221|162|134|80|76|95|111|139|170|136|144|158|117|108|94|67|59|76|63|71|47|67|51|47|38|46|
2014-11-27|6|1_CTs|CT12||42|31|31|24|17|14|12|12|4|8|7|4|5|4|4|9|3|10|5|9|7|15|17|22|28|37|46|42|68|81|123|232|282|267|319|318|298|309|199|243|214|174|176|140|197|199|200|192|177|198|232|212|208|218|207|200|196|224|240|223|209|213|179|209|223|251|275|299|338|360|248|207|216|178|186|206|220|219|204|250|205|207|157|139|94|109|96|103|74|85|76|70|67|55|54|53|
2014-11-27|6|1_CTs|CT15||29|22|12|11|15|11|12|6|4|8|9|3|6|7|4|10|6|9|11|13|16|13|28|30|41|30|44|60|59|84|134|198|232|204|241|227|199|206|136|157|137|139|104|78|119|122|116|95|131|112|127|109|134|106|88|104|127|130|115|117|88|123|113|121|112|123|146|124|137|182|215|190|196|213|249|183|139|185|186|109|101|93|99|70|69|69|62|54|58|46|44|38|39|43|30|21|
2014-11-27|6|1_CTs|CT16||32|38|23|18|17|9|14|11|3|6|5|4|4|2|3|6|6|9|8|5|11|16|16|15|32|24|38|53|74|100|177|271|336|271|290|302|289|280|219|232|212|194|184|137|185|199|192|193|183|195|203|196|235|236|190|178|181|205|202|221|196|186|213|201|178|225|203|201|227|224|208|223|187|185|191|192|209|211|208|186|161|165|153|121|114|84|80|84|83|59|42|76|45|56|44|53|
2014-11-27|6|1_CTs|CT17||49|67|49|34|27|25|13|31|15|19|18|14|13|4|10|6|6|10|8|12|5|15|20|19|21|15|37|15|33|59|118|158|292|247|264|287|281|262|158|254|199|161|226|169|195|202|240|244|243|252|275|260|229|285|264|270|240|228|219|268|226|228|235|285|289|299|315|296|361|314|298|163|146|179|133|105|100|195|223|222|240|236|184|179|129|122|133|189|98|108|83|89|73|102|82|79|
2014-11-27|6|1_CTs|CT18||54|61|36|32|19|22|21|15|20|21|6|15|14|13|11|13|9|13|10|13|12|19|27|22|39|32|41|55|90|128|182|247|314|281|295|335|293|282|242|261|238|210|232|432|213|259|244|223|233|222|235|242|235|228|216|225|233|231|224|244|241|252|256|239|245|241|263|260|274|281|268|275|231|268|281|345|341|322|284|239|206|195|176|150|155|129|121|127|98|107|112|87|89|87|69|64|
2014-11-27|6|1_CTs|CT19||41|39|38|22|21|13|15|16|9|10|12|8|4|3|7|6|3|6|8|5|3|12|7|10|6|11|16|13|17|35|49|93|187|134|131|176|205|149|105|130|119|103|146|371|120|137|142|133|141|172|158|172|171|147|134|153|139|138|149|145|147|149|145|151|195|161|183|172|179|200|198|196|199|216|224|235|225|247|215|164|152|147|109|102|77|92|87|83|73|64|52|56|55|60|47|28|
2014-11-27|6|1_CTs|CT20||16|17|13|14|8|11|12|10|6|12|4|6|2|6|3|5|4|5|6|6|5|8|11|7|20|13|11|25|31|26|60|86|126|68|112|142|155|137|101|93|121|68|39|93|129|61|69|116|127|127|136|119|129|118|96|125|113|56|68|136|70|61|134|97|79|128|102|28|91|138|121|129|123|142|84|131|75|55|133|111|108|86|91|80|77|51|46|45|45|67|57|41|57|41|27|53|
2014-11-27|6|1_CTs|CT21||56|40|34|36|35|25|22|36|15|13|16|6|16|10|16|12|18|20|24|21|33|37|43|52|60|56|64|96|129|192|242|335|324|308|356|371|284|302|259|249|216|216|246|187|209|218|199|202|198|230|210|221|195|197|173|218|218|248|255|209|228|225|241|249|234|234|235|201|217|257|272|265|250|248|254|253|193|253|217|189|209|163|152|124|102|105|98|107|122|86|89|98|73|90|75|87|
2014-11-27|6|1_CTs|CT22||104|93|67|52|42|41|30|25|33|26|17|14|21|22|20|18|24|17|26|39|46|45|44|53|53|59|58|90|79|114|164|198|197|207|318|320|282|275|225|242|222|196|217|172|225|243|212|250|275|283|257|273|270|267|230|235|235|246|234|254|293|268|270|260|289|333|319|327|355|409|416|402|377|395|389|377|362|349|313|274|312|250|229|171|163|157|127|149|153|178|127|121|123|103|104|126|
2014-11-27|6|1_CTs|CT23||57|48|49|34|27|18|23|25|11|18|18|11|21|15|8|10|15|15|9|12|13|21|39|38|43|47|61|82|114|165|217|299|365|284|319|359|299|340|262|288|225|234|259|401|195|210|208|213|213|201|266|243|228|205|208|232|202|273|282|247|251|229|244|237|292|263|283|282|308|329|335|303|262|234|310|267|261|274|275|233|229|224|189|179|113|110|124|120|104|102|91|88|88|92|76|59|
2014-11-27|6|1_CTs|CT24||86|90|60|42|34|39|28|24|16|17|19|12|14|19|12|18|15|17|23|20|21|27|27|29|46|43|64|74|85|126|159|226|310|295|353|317|380|348|248|316|269|260|228|205|273|243|242|275|263|254|283|253|264|242|226|239|235|288|277|304|293|309|302|318|348|347|316|364|388|436|467|418|410|413|377|428|399|411|306|338|289|300|223|202|209|159|144|156|136|137|143|119|105|96|75|88|
