2016-07-27|3|1_CTs|ct3||107|110|69|50|300|50|32|34|34|26|18|22|20|25|23|23|12|14|30|13|18|23|24|31|45|52|67|98|78|138|431|190|178|229|228|243|233|233|209|255|207|246|216|247|267|219|256|220|211|242|204|212|227|244|479|211|236|217|247|262|233|227|225|228|225|194|229|197|209|223|205|191|181|171|181|171|175|178|194|198|443|178|453|234|169|223|186|155|147|157|432|168|147|133|114|102|
2016-07-27|3|1_CTs|ct5||144|124|127|85|80|72|52|46|40|35|35|23|35|25|21|16|18|20|15|14|11|16|13|18|19|21|35|296|61|88|105|139|176|209|235|273|266|246|243|481|203|207|460|212|208|219|232|247|266|253|255|247|236|234|224|231|201|228|263|240|248|254|241|516|286|290|295|291|281|326|326|323|293|295|318|331|312|329|343|306|289|246|235|179|187|170|152|149|154|155|424|172|139|176|153|379|
2016-07-27|3|1_CTs|ct6||5|7|10|5|9|2|4|4|0|4|0|3|0|5|2|0|1|0|0|0|2|1|2|7|10|7|10|18|21|30|37|34|50|47|55|75|53|63|49|39|56|54|44|48|49|51|66|48|53|45|45|46|40|40|39|48|44|61|51|50|44|70|55|49|39|38|35|44|45|33|46|49|59|53|72|44|306|53|42|43|42|48|30|31|22|32|20|30|22|40|21|26|12|23|16|273|
2016-07-27|3|1_CTs|ct7||148|113|136|151|160|83|61|54|56|59|43|30|49|39|25|24|57|28|22|34|18|25|27|39|37|40|42|278|72|69|92|152|144|126|107|126|133|136|176|147|142|145|162|158|165|176|176|197|195|178|176|168|162|160|146|136|162|180|181|180|171|169|182|176|175|195|176|184|125|79|58|68|64|64|58|59|86|67|109|139|160|143|144|135|132|124|130|134|140|125|131|142|115|148|392|122|
2016-07-27|3|1_CTs|ct8||70|62|54|47|42|31|32|32|33|33|26|13|22|14|10|12|17|13|10|12|10|11|17|8|24|25|19|28|31|34|39|52|71|80|68|96|91|91|115|96|95|97|117|110|113|114|121|135|139|110|113|114|116|100|113|94|110|150|114|115|105|126|136|133|125|143|155|166|145|170|161|160|148|139|128|123|153|112|128|112|107|95|95|77|89|81|83|76|81|76|63|80|73|86|346|72|
2016-07-27|3|1_CTs|ct9||118|110|82|87|74|46|58|84|40|77|45|42|42|43|47|45|35|21|10|18|20|17|19|28|34|32|59|35|83|98|135|176|222|258|273|243|319|413|375|266|225|179|209|198|174|258|195|184|455|220|309|247|173|214|1103|554|161|193|172|197|188|199|198|214|210|224|211|213|204|217|173|225|220|154|170|234|279|217|245|182|200|250|588|447|209|107|169|119|156|164|96|100|105|111|105|110|
2016-07-27|3|1_CTs|ct10||86|70|83|67|62|49|57|46|40|47|31|26|26|22|27|16|22|22|16|15|21|17|18|23|22|18|26|42|42|36|50|89|98|104|129|144|141|134|139|144|121|108|131|129|127|128|124|118|139|134|133|135|116|128|106|127|112|135|149|130|129|130|152|133|132|135|122|152|127|149|125|129|132|161|142|137|136|132|130|131|124|124|101|113|101|106|93|101|83|95|99|78|101|101|94|109|
2016-07-27|3|1_CTs|ct13||297|150|167|388|132|124|107|82|106|106|73|74|62|94|62|349|298|101|92|365|757|479|477|161|410|198|187|104|106|143|162|185|233|218|248|156|444|170|189|215|197|212|195|225|218|202|218|199|184|192|152|144|204|204|224|164|202|192|155|176|178|121|239|245|177|252|177|165|298|311|172|174|70|95|190|189|108|127|158|39|0|2|395|212|234|208|176|220|229|227|228|207|231|210|233|210|
2016-07-27|3|1_CTs|ct14||3|0|0|0|0|0|0|0|0|0|0|0|0|0|0|0|0|0|0|0|0|0|0|0|0|0|0|0|0|0|0|0|0|0|0|0|0|0|226|366|212|206|437|157|169|164|402|164|138|162|163|154|130|146|384|142|130|171|147|194|169|178|171|156|163|175|175|132|153|199|161|171|112|126|147|448|187|210|230|190|124|376|18|16|322|504|489|502|502|502|497|501|436|334|563|720|
2016-07-27|3|1_CTs|CT16||101|128|96|85|75|56|66|60|48|26|62|59|60|48|31|18|17|5|4|39|16|27|20|45|34|29|38|41|68|91|107|112|144|130|185|221|220|221|172|182|186|168|199|199|188|147|188|200|203|198|197|224|162|212|430|179|148|207|163|177|171|186|219|168|206|228|229|240|229|271|248|262|250|300|325|547|280|255|247|221|481|217|188|167|113|173|140|135|103|111|104|92|128|133|66|92|
2016-07-27|3|1_CTs|ct22||5|4|2|1|2|6|1|2|1|2|1|0|1|0|0|3|0|0|1|0|0|1|1|1|3|2|4|4|4|8|6|6|11|8|11|16|7|17|12|12|11|23|23|15|17|14|20|20|13|20|23|12|18|11|22|18|19|17|8|19|12|27|19|13|22|23|22|28|19|28|33|26|26|26|30|31|25|20|15|12|17|12|13|6|5|7|4|8|10|6|4|5|6|7|10|3|
2016-07-27|3|1_CTs|CT23||90|67|298|29|31|37|25|14|19|12|14|17|10|6|7|5|5|6|6|5|7|3|7|8|6|17|23|38|32|41|68|98|124|111|161|174|166|155|127|143|371|344|553|225|206|251|225|227|268|243|325|313|266|369|567|576|607|487|275|195|167|137|165|162|166|165|158|204|221|265|223|307|492|564|546|272|241|257|225|234|205|217|440|152|123|134|118|91|99|118|112|97|103|99|77|95|
2016-07-27|3|1_CTs|ct24||100|87|73|72|53|41|41|24|24|10|11|6|13|13|13|12|14|15|15|19|27|30|38|47|59|86|186|320|382|529|565|592|550|841|623|580|551|516|557|589|534|541|791|509|496|438|446|499|408|470|398|738|383|662|607|423|383|487|476|476|481|386|417|425|643|359|421|398|388|472|377|313|493|478|518|798|1018|1031|744|612|657|388|643|297|226|210|216|179|193|175|181|185|158|167|173|131|
