2017-10-14|3|1_CTs|ct1||81|329|640|419|415|390|129|70|30|24|318|81|65|295|567|308|45|53|60|47|26|37|48|295|305|50|66|582|86|325|104|163|389|421|195|459|731|228|247|781|507|278|266|237|262|283|281|285|514|548|558|571|308|320|581|564|547|726|768|280|282|574|479|317|564|337|305|134|128|629|137|98|132|357|135|109|102|133|118|98|366|385|367|107|105|77|71|78|80|56|66|82|66|80|64|84|
2017-10-14|3|1_CTs|ct3||601|588|322|560|485|469|467|128|176|159|679|140|119|139|381|97|112|93|117|362|62|91|343|80|82|91|97|104|136|141|171|227|460|497|291|607|315|581|374|638|596|650|640|369|392|656|680|424|660|418|458|479|733|514|444|680|938|654|421|661|656|954|835|446|917|438|453|940|732|705|418|664|453|681|437|427|651|441|432|408|379|948|411|885|365|597|293|821|329|533|322|319|584|352|268|495|
2017-10-14|3|1_CTs|ct5||217|197|667|393|137|374|118|357|106|353|71|79|310|552|61|48|304|300|40|46|32|36|29|272|35|29|26|36|57|301|48|72|98|365|144|150|177|170|436|202|670|175|457|209|462|204|229|503|237|240|743|512|511|251|238|492|688|724|458|212|241|1240|232|245|261|273|279|286|277|782|748|516|259|734|261|271|771|257|499|996|506|735|435|195|166|155|375|378|653|382|163|142|438|170|424|238|
2017-10-14|3|1_CTs|ct6||16|12|12|12|13|6|9|7|8|3|5|3|1|3|3|2|1|2|3|1|0|3|3|3|486|10|12|10|5|16|13|18|276|11|19|29|27|28|37|32|37|31|27|27|35|30|296|33|52|44|282|38|300|32|35|21|37|26|42|30|36|46|40|46|37|52|48|48|39|300|46|266|32|46|42|41|37|48|45|42|56|287|290|35|32|27|19|28|21|19|274|17|19|20|32|18|
2017-10-14|3|1_CTs|ct7||149|146|387|365|121|103|115|334|99|335|91|332|57|63|64|72|57|66|308|44|42|39|40|45|37|43|44|50|52|291|45|313|69|74|73|88|87|106|105|113|117|134|122|113|121|389|130|386|148|132|162|399|155|157|139|145|393|123|377|387|384|159|138|402|151|172|415|141|151|162|395|167|180|170|175|143|100|91|122|165|413|394|403|156|405|154|147|148|129|381|130|364|641|393|646|146|
2017-10-14|3|1_CTs|ct8||340|107|79|76|74|65|73|61|57|35|44|270|31|29|30|32|27|25|24|22|16|27|19|25|18|22|24|25|33|267|27|38|35|53|55|55|66|70|77|74|85|91|76|332|82|345|89|97|370|344|104|350|105|103|91|92|100|87|94|356|338|109|110|107|115|128|375|134|121|373|852|131|132|128|128|130|134|146|125|123|352|341|349|118|352|103|114|346|76|334|338|320|590|833|105|136|
2017-10-14|3|1_CTs|ct9||425|659|572|378|410|153|117|146|160|648|695|127|570|102|116|67|75|70|85|81|68|46|57|61|61|41|48|50|61|57|556|299|1807|190|324|483|1630|2149|635|1488|512|1117|2561|3028|2104|1098|349|1643|2077|1695|2369|1270|1438|3105|3655|4059|1962|2695|2013|1545|2811|3320|3069|1384|1105|1181|1758|1519|381|927|1005|1163|640|579|857|1843|3400|1507|259|363|246|199|246|227|500|2191|242|391|123|199|118|136|508|716|318|759|
2017-10-14|3|1_CTs|ct10||134|132|120|128|129|130|121|110|122|108|121|98|110|110|101|106|101|90|90|77|75|57|58|64|40|54|49|56|44|34|52|51|48|51|52|84|87|83|75|106|116|115|110|116|114|129|127|141|162|130|146|138|145|169|136|102|118|122|126|114|134|117|125|132|125|135|141|165|156|150|146|165|172|163|136|164|162|146|140|153|153|141|127|126|124|130|123|99|100|103|102|113|115|123|120|111|
2017-10-14|3|1_CTs|ct13||227|531|209|224|210|226|187|180|229|200|700|168|688|420|190|430|213|151|183|154|143|400|129|120|112|124|144|359|138|115|144|154|168|161|188|460|462|210|211|230|508|275|287|286|486|278|233|250|799|521|501|253|278|269|290|235|268|527|758|506|230|540|745|822|536|267|288|228|278|276|271|296|276|263|382|490|727|796|863|957|259|280|214|498|259|251|229|241|220|221|221|223|468|227|234|276|
2017-10-14|3|1_CTs|CT16||161|404|398|152|641|123|138|104|130|98|106|98|319|92|76|71|51|84|75|71|47|63|58|44|49|314|56|78|67|71|54|51|122|130|113|358|637|133|176|112|413|418|137|174|149|210|174|161|177|154|177|454|163|447|196|164|665|154|939|182|428|400|154|173|449|218|732|198|205|466|200|710|224|256|213|419|233|200|184|486|202|437|151|178|126|128|147|118|111|110|134|120|118|126|386|404|
2017-10-14|3|1_CTs|ct18||174|164|162|166|166|162|136|135|148|129|143|125|127|131|116|115|107|101|104|90|94|69|69|75|62|74|69|60|58|57|67|73|82|94|87|113|131|120|116|157|159|164|149|165|172|181|162|212|198|185|207|203|202|212|205|131|166|166|171|158|220|175|171|184|194|202|213|220|228|235|226|241|218|221|210|239|187|195|206|217|238|197|197|199|174|182|173|162|142|143|147|151|141|178|148|143|
2017-10-14|3|1_CTs|ct19||0|1|1|0|4|1|1|2|1|0|0|1|1|0|2|1|0|0|0|0|0|2|1|0|4|3|1|4|6|2|1|8|3|2|2|5|2|2|3|1|2|2|6|7|3|7|3|2|2|2|4|3|1|6|3|7|3|2|3|5|4|2|8|1|5|1|5|3|6|1|6|0|4|5|2|3|2|2|2|5|3|2|8|1|6|0|6|0|2|1|1|0|3|1|3|1|
2017-10-14|3|1_CTs|ct22||15|5|10|5|4|6|6|3|5|5|2|3|1|5|3|4|0|3|3|3|1|1|1|3|3|2|3|3|4|7|7|9|7|9|9|15|17|12|25|274|14|18|9|1|539|13|30|22|17|20|25|17|21|24|21|9|19|10|259|12|19|38|427|19|9|17|24|14|8|13|19|12|15|13|14|14|268|10|11|10|14|7|13|17|20|15|9|264|13|12|9|8|8|8|4|7|
2017-10-14|3|1_CTs|CT23||140|387|120|105|107|76|79|75|71|323|322|55|54|52|304|40|52|307|44|58|39|37|299|41|297|49|70|64|333|85|97|105|99|111|118|420|155|143|149|170|409|149|413|167|144|169|172|161|154|157|401|451|163|193|178|425|652|367|652|155|421|654|338|186|445|165|172|426|186|453|194|437|173|178|186|209|183|191|208|214|185|684|158|173|151|150|123|372|127|376|363|122|121|119|372|157|
2017-10-14|3|1_CTs|ct24||107|136|340|81|61|55|312|45|38|35|32|28|28|22|19|24|15|24|30|18|21|43|40|51|50|82|607|907|385|699|507|287|239|813|378|943|680|468|497|529|491|688|651|368|448|897|390|381|684|384|1172|996|448|682|364|630|557|791|884|371|413|874|638|663|391|395|608|784|717|956|740|1487|442|711|498|529|489|507|506|523|513|484|1001|363|290|261|485|214|431|670|170|167|162|411|394|153|
