2019-03-27|3|1_CTs|ct1||52|40|285|10|13|9|12|9|11|5|5|3|3|269|7|7|3|5|262|7|5|16|15|16|22|30|820|307|598|374|685|465|523|1282|1001|999|999|1483|461|991|695|1728|1212|223|660|222|709|172|684|1361|547|717|204|951|163|749|443|217|1501|218|466|967|762|734|742|810|494|873|1100|1253|807|761|734|754|741|472|705|1505|478|707|459|1223|448|677|1178|369|610|95|391|359|94|854|340|164|323|311|
2019-03-27|3|1_CTs|ct3||743|579|773|110|335|72|75|580|315|64|37|32|38|53|295|454|129|35|29|289|42|298|65|331|344|363|904|164|461|1082|681|1015|734|1356|1006|680|584|575|223|1049|502|1068|784|1414|613|1000|455|462|660|1534|488|1243|729|717|706|1275|671|1032|720|749|1266|1199|712|1039|1291|824|1082|937|1503|1361|609|866|1056|1401|1105|517|475|1448|972|1053|543|1075|801|728|1733|384|380|334|1379|1631|472|630|882|1001|256|482|
2019-03-27|3|1_CTs|ct5||632|632|317|83|317|58|39|54|34|278|24|23|21|18|26|262|275|275|279|25|402|1514|386|666|443|509|511|1063|541|857|1106|1209|1004|1030|636|564|535|503|481|234|1225|725|739|340|377|747|467|646|781|1166|493|1045|1017|1010|768|1008|760|1499|769|242|517|771|490|1042|1318|1072|792|1461|960|1098|832|559|1378|835|590|558|531|552|1044|812|1327|545|270|230|980|216|1201|444|728|1003|450|436|655|204|937|967|
2019-03-27|3|1_CTs|ct7||98|104|60|315|75|306|58|325|52|557|302|286|24|33|24|31|279|37|43|20|31|18|36|44|32|294|307|302|65|70|613|107|384|396|147|180|167|416|405|152|671|905|428|428|176|424|671|667|179|423|192|372|167|925|149|400|409|162|182|412|328|13|8|0|0|0|0|28|10|0|17|21|116|81|389|391|341|108|401|395|148|382|389|135|124|120|124|127|111|372|622|124|116|109|385|669|
2019-03-27|3|1_CTs|ct8||55|48|39|38|30|20|22|23|24|18|278|25|17|13|5|6|11|9|8|7|9|9|17|11|21|21|29|27|34|40|309|58|90|84|99|104|129|373|345|106|373|369|372|631|370|128|369|371|140|115|140|127|371|379|120|113|374|130|120|148|907|137|133|131|126|144|653|373|138|642|130|381|402|406|640|146|137|130|902|377|379|354|83|346|89|339|334|74|64|327|65|70|59|49|73|345|
2019-03-27|3|1_CTs|ct9||1119|969|690|434|721|581|628|1112|607|798|60|27|291|75|41|287|539|24|25|294|19|280|37|22|42|603|849|540|1030|4019|4036|3565|3110|3311|2431|3760|2963|2381|2519|3786|3628|3696|2686|2250|2891|2331|2514|479|883|991|2967|2693|3287|3943|2798|2278|2374|2169|2208|2736|2073|2792|2267|1513|3162|1716|1216|2192|224|148|1415|691|1439|1617|1120|717|558|1059|979|332|1027|1012|2196|998|256|172|388|137|355|940|1725|1698|1806|850|504|122|
2019-03-27|3|1_CTs|ct10||61|52|43|38|31|40|25|21|31|15|20|18|22|18|14|20|13|12|19|19|18|11|14|15|20|29|33|34|42|58|96|105|140|166|178|145|166|167|125|131|137|122|151|148|141|152|139|124|151|88|116|119|108|95|109|160|136|154|141|145|144|133|135|139|135|128|125|106|138|131|78|86|111|107|120|128|126|91|114|126|143|133|144|120|117|108|108|95|109|112|108|85|109|101|96|75|
2019-03-27|3|1_CTs|ct13||681|136|126|356|624|88|70|563|62|314|316|55|60|48|34|316|62|554|68|320|58|29|46|112|58|82|390|127|406|678|730|232|249|536|294|518|493|520|747|1035|718|498|531|1035|784|230|723|507|905|811|535|234|1008|1026|861|1017|998|810|861|232|684|678|420|730|687|399|418|517|518|1024|224|577|977|493|728|473|442|1251|493|764|218|204|648|762|1012|474|210|980|223|232|1733|552|239|506|732|967|
2019-03-27|3|1_CTs|ct14||661|250|478|330|80|60|45|44|48|1069|35|46|542|34|28|35|43|31|56|58|49|41|57|331|81|635|413|232|561|861|628|655|424|945|413|940|677|983|952|919|642|1111|912|890|904|315|331|617|361|530|754|370|897|1657|627|610|597|1405|1121|592|892|589|558|579|605|1096|874|865|1142|869|911|382|1123|898|301|862|590|888|383|618|1083|361|579|1601|802|256|994|475|244|959|706|453|207|699|422|181|
2019-03-27|3|1_CTs|CT16||347|365|105|66|70|56|70|296|52|30|25|284|22|35|30|22|24|26|280|18|279|13|27|21|30|31|311|327|55|350|657|158|146|426|691|716|982|429|481|432|430|461|441|468|201|485|203|461|202|969|205|743|1235|245|199|438|188|241|448|199|463|204|180|722|713|1253|461|1168|260|452|730|220|745|449|740|305|303|972|502|245|490|494|195|166|398|140|406|398|133|136|397|172|133|375|155|95|
2019-03-27|3|1_CTs|ct18||88|73|63|51|40|46|34|26|34|20|21|24|24|22|18|24|15|17|25|24|23|20|17|26|32|36|45|60|81|112|167|202|226|217|270|251|214|251|176|178|184|222|209|184|192|175|240|173|154|202|168|132|134|173|148|167|183|187|212|187|194|164|206|174|188|180|142|172|197|164|132|116|123|111|69|120|174|152|184|163|199|187|184|158|139|142|143|122|138|145|130|134|145|121|132|103|
2019-03-27|3|1_CTs|ct19||1|1|0|0|0|0|0|0|1|0|0|0|1|1|1|0|0|0|1|0|0|1|0|3|0|4|10|5|10|6|10|5|7|5|6|9|4|7|15|8|8|9|4|5|5|5|3|3|8|4|6|8|6|5|7|5|4|8|4|6|2|3|3|1|10|1|5|2|4|3|2|7|5|7|5|13|7|11|7|7|3|10|5|4|10|4|10|5|1|3|2|0|0|1|1|2|
2019-03-27|3|1_CTs|CT23||572|173|424|21|27|25|11|9|18|270|13|17|9|8|8|11|12|12|22|23|16|15|16|20|26|300|573|99|396|161|434|192|468|473|196|705|207|479|722|707|179|658|693|432|443|410|154|420|164|964|702|173|703|1713|435|941|677|684|939|414|433|152|126|144|153|1179|678|669|683|657|689|433|677|683|155|667|158|682|433|420|910|418|404|1179|391|117|345|100|365|580|759|432|603|72|315|73|
2019-03-27|3|1_CTs|ct24||554|33|28|264|8|10|12|5|7|13|7|9|8|247|5|3|9|3|250|10|11|525|19|30|36|317|618|727|587|899|1130|357|815|1263|1002|771|799|974|503|1314|542|2031|1860|867|555|787|835|817|1706|996|1344|826|809|788|548|1379|1230|1365|846|586|526|718|699|938|846|1739|804|1169|1653|825|1288|1170|2603|2005|819|1116|592|1298|1293|1080|1520|545|241|211|1122|410|358|1092|588|551|796|70|87|69|274|52|
