2019-01-10|3|1_CTs|ct1||179|41|289|797|17|21|31|13|10|7|8|5|6|7|0|1|4|10|9|12|3|3|28|13|277|37|38|328|923|618|420|442|738|781|717|683|1764|1238|989|1215|958|585|443|462|1213|213|433|940|475|752|390|187|686|485|974|656|421|439|437|240|716|172|394|1485|1245|1512|981|1487|774|1245|214|1043|1571|987|724|711|563|1184|1025|486|1480|479|704|718|423|587|93|340|1210|366|343|78|354|72|327|306|
2019-01-10|3|1_CTs|ct3||1037|733|184|548|749|80|91|79|66|305|42|797|72|53|26|31|542|39|296|302|32|296|53|586|340|363|387|182|984|1264|867|1249|530|1808|548|2019|1229|1418|1941|1950|1336|70|1026|1779|368|1076|947|945|1201|726|1206|758|1246|737|972|755|928|709|1000|709|1028|327|687|675|1090|1570|801|1072|1063|1602|1080|1088|1086|532|423|1062|1076|1050|1265|1339|811|795|1028|724|1198|613|600|1100|1846|574|1348|1309|764|803|402|1113|
2019-01-10|3|1_CTs|ct5||1712|1468|1399|1665|2897|871|1380|898|387|921|1898|929|1358|1142|891|1622|2031|1841|1638|1332|1358|1825|2324|1358|735|507|519|784|785|1012|890|707|1227|2682|1017|1269|1021|1978|1432|959|325|760|130|465|467|280|643|998|1488|1088|878|1503|1243|728|719|1444|686|906|815|1330|651|1180|985|1079|1776|1564|2816|1596|1314|1367|846|841|834|921|712|526|799|1042|1062|795|808|278|530|723|683|696|437|163|1181|191|663|1117|1197|942|928|1407|
2019-01-10|3|1_CTs|ct7||77|820|72|226|402|41|44|311|34|46|299|29|34|19|23|41|41|20|25|15|21|22|24|21|287|37|45|335|59|57|342|82|121|140|133|408|418|136|151|645|37|19|27|594|171|401|411|411|167|157|123|87|136|164|398|404|135|392|419|160|158|63|143|154|283|574|1345|579|26|283|7|15|89|121|353|98|145|644|616|370|132|146|366|116|124|92|359|366|217|218|97|97|123|359|102|104|
2019-01-10|3|1_CTs|ct8||44|552|34|194|373|21|22|281|14|15|18|19|11|7|6|8|15|9|11|6|8|7|13|10|14|18|20|20|28|792|1015|45|73|85|84|356|372|105|357|606|83|50|48|389|413|369|121|116|396|121|131|138|99|118|588|609|109|364|126|111|132|88|135|138|373|360|1124|625|883|380|142|99|118|120|98|94|101|582|828|93|89|97|79|333|71|53|325|324|47|64|71|53|75|54|564|306|
2019-01-10|3|1_CTs|ct9||1125|189|388|604|572|65|103|300|68|56|47|32|38|36|18|46|540|28|31|278|26|23|277|19|538|285|113|733|1804|2453|3454|3851|3809|2683|2497|3454|3392|3790|4062|3660|1442|911|215|301|734|479|738|253|454|199|1116|1301|1221|1516|766|1757|2516|2887|2238|1741|1281|1100|1406|2269|789|1446|728|1368|1128|2460|1613|571|593|474|1105|2166|1443|549|784|941|1612|1891|1943|1908|1451|1322|725|992|970|966|1875|2457|888|2620|3314|1886|
2019-01-10|3|1_CTs|ct10||75|62|48|39|36|28|33|27|28|31|33|20|20|22|23|16|19|22|24|17|23|29|23|19|19|20|32|32|48|52|75|110|158|168|176|178|173|160|183|170|127|133|97|121|140|134|159|143|140|135|148|147|157|136|131|138|125|143|139|149|145|109|118|141|146|157|155|169|150|147|158|166|143|168|143|156|136|121|153|174|167|161|128|120|96|103|87|90|75|76|85|92|87|92|80|76|
2019-01-10|3|1_CTs|ct13||457|955|664|398|360|630|92|84|316|347|595|54|322|60|66|308|322|310|74|570|46|318|600|324|337|345|592|114|670|1443|951|472|645|1411|564|1036|1566|1003|1939|1662|745|1305|688|830|1036|1082|1278|959|604|824|967|771|527|249|1257|1540|262|523|504|1035|508|731|396|890|541|1297|1069|265|776|742|501|513|528|241|208|273|509|811|1023|1077|797|1050|776|508|258|1016|1259|983|1232|503|1028|1057|995|515|239|980|
2019-01-10|3|1_CTs|ct14||680|880|353|88|322|77|51|45|36|49|47|25|544|30|281|35|286|31|290|302|305|41|318|72|846|100|912|493|538|354|1150|756|569|677|684|1200|921|1215|1687|1448|836|1337|706|397|853|886|913|897|913|897|873|369|605|593|1383|1145|664|1095|472|385|885|776|604|382|1129|1122|366|399|1108|846|352|614|803|566|846|297|851|1423|873|1164|842|838|331|294|527|720|475|720|727|694|716|734|726|523|171|692|
2019-01-10|3|1_CTs|CT16||110|337|353|580|564|572|314|45|35|289|20|23|285|23|20|26|37|14|285|15|19|281|16|18|19|288|537|37|328|353|627|377|440|952|407|477|1503|991|974|476|466|688|1037|765|455|710|173|228|190|775|384|682|971|173|425|687|692|431|438|708|482|120|667|181|244|737|468|490|1002|744|459|500|265|541|490|505|777|496|209|751|529|173|711|152|158|672|126|369|102|127|362|378|123|619|234|485|
2019-01-10|3|1_CTs|ct18||102|80|64|57|41|57|36|34|41|38|33|28|29|27|29|27|32|27|25|22|30|34|30|29|30|35|55|51|92|110|128|156|234|233|222|240|240|251|248|246|171|175|186|170|186|174|207|190|196|208|201|195|178|197|172|169|175|170|204|192|182|122|146|188|172|179|175|182|187|178|170|220|158|193|199|176|145|142|167|199|201|195|166|149|120|131|109|103|90|101|132|108|121|124|107|99|
2019-01-10|3|1_CTs|ct19||1|0|0|0|0|3|0|0|0|1|0|0|0|0|0|0|0|1|0|0|0|0|2|1|2|11|6|6|6|4|5|7|5|5|7|6|9|7|6|2|6|9|4|7|3|6|9|2|10|2|6|6|10|5|6|13|3|6|2|9|12|4|4|5|5|6|6|9|5|8|5|7|8|4|4|10|6|10|10|7|9|4|7|6|3|4|1|5|1|1|0|1|0|1|1|3|
2019-01-10|3|1_CTs|ct22||5|4|2|4|3|1|0|0|0|0|1|1|0|1|0|0|2|2|0|1|3|2|0|0|6|6|4|5|11|6|12|270|13|8|13|274|284|276|535|20|26|285|25|31|291|34|280|31|289|535|16|286|26|283|31|533|17|281|23|26|33|22|274|281|788|284|549|27|566|807|304|32|43|31|283|21|285|278|17|15|276|13|273|276|277|13|15|265|267|6|263|5|2|11|10|6|
2019-01-10|3|1_CTs|CT23||309|1067|36|28|277|24|16|15|10|15|14|6|9|7|4|11|7|6|264|15|271|11|17|20|538|31|306|88|639|417|432|553|347|715|891|811|208|744|1227|1228|654|1179|337|687|370|670|455|695|955|431|687|428|423|152|931|945|196|449|187|429|165|381|417|227|1408|163|160|693|923|923|416|171|652|140|155|408|669|959|430|698|675|659|153|392|375|597|608|91|852|346|337|616|348|637|323|594|
2019-01-10|3|1_CTs|ct24||309|33|33|240|260|19|9|15|6|6|264|4|1|12|7|7|7|503|5|10|15|266|24|278|29|530|608|706|1008|1594|1555|1121|1630|1766|1440|1600|2858|1596|2262|1023|1068|1515|436|1082|1285|1333|1094|603|1275|579|805|1068|1328|1008|1528|559|1342|1855|601|1093|1068|735|1030|789|805|1589|1510|1578|975|1488|1049|522|1029|732|784|316|1077|832|596|850|505|763|228|651|390|141|356|873|1327|351|339|569|95|597|323|559|
