2019-02-04|3|1_CTs|ct1||272|29|548|21|15|6|8|11|3|5|5|7|8|262|6|3|4|9|520|10|5|518|16|14|280|32|40|569|76|1131|676|1748|204|1549|995|993|1537|553|944|976|962|696|718|455|684|1213|916|415|418|465|990|1476|748|933|676|920|451|971|445|730|693|445|443|1213|424|186|1207|486|1011|1516|685|742|1210|1532|1243|973|442|975|504|684|707|675|911|146|611|614|84|97|324|350|1358|575|512|1196|297|301|
2019-02-04|3|1_CTs|ct3||139|375|901|371|330|325|320|48|309|297|31|39|539|303|303|291|24|32|555|290|288|41|312|564|597|353|367|1957|1215|1293|354|1518|522|1313|1837|1312|1463|739|1714|694|1460|1703|1723|935|656|1166|1194|941|946|733|1957|1049|773|1223|706|940|460|1549|2260|1003|748|995|1758|1270|771|763|1018|812|1363|1889|845|1100|835|820|583|1081|1033|1066|546|1018|2063|806|990|977|1164|853|805|1105|814|556|1549|1019|1414|638|967|463|
2019-02-04|3|1_CTs|ct5||575|598|589|519|275|47|27|15|531|22|267|13|522|19|23|12|18|10|273|9|12|265|9|15|529|280|548|282|331|338|877|901|451|1008|1005|1707|948|968|894|979|1169|955|1713|875|710|1993|479|998|1036|1418|973|1219|354|981|712|1559|1029|1265|1536|1714|540|533|1025|1557|1552|800|826|1570|1555|1839|1350|341|1326|1036|1329|1623|1007|1231|910|996|1013|1229|952|685|1167|903|659|1161|628|873|1376|874|888|1387|1435|591|
2019-02-04|3|1_CTs|ct7||61|63|61|41|32|40|32|34|27|28|22|11|46|293|23|28|24|25|24|15|22|26|27|27|28|30|38|46|558|63|78|344|609|395|148|379|155|159|906|154|129|626|396|158|159|164|890|412|414|413|300|565|155|145|164|132|648|156|174|166|175|379|397|141|172|68|59|806|525|20|2|41|105|69|56|283|113|380|118|115|131|358|339|99|101|1340|95|86|84|323|323|81|333|97|87|332|
2019-02-04|3|1_CTs|ct8||33|21|34|21|16|21|13|11|15|14|11|7|19|272|12|11|5|12|6|5|9|8|9|8|12|15|20|17|27|26|39|309|809|336|91|346|105|103|861|102|91|589|341|100|115|121|844|115|378|637|387|629|365|99|108|114|358|369|127|117|124|124|102|123|374|370|403|115|624|361|124|117|132|634|608|352|105|81|69|95|83|57|302|62|50|550|53|52|36|55|56|41|58|40|53|37|
2019-02-04|3|1_CTs|ct9||3795|3321|3866|3992|2346|1647|1376|1890|891|1106|1474|2681|3832|2332|1009|2485|1662|2052|1463|1292|1214|1399|168|692|1767|2672|2728|1622|797|873|692|3804|4126|2887|1656|1368|1933|2815|1122|302|570|1015|283|435|224|946|672|686|296|467|590|2303|2932|2945|2204|2968|2589|3312|2710|1516|1139|1719|2985|2206|3675|2831|591|1267|956|1290|846|1470|844|1665|579|1197|1691|2125|1752|3279|2370|1084|1138|1195|2452|2545|1967|1656|2164|1717|2254|2340|1937|3540|2631|3224|
2019-02-04|3|1_CTs|ct10||36|45|41|32|38|30|18|26|23|21|6|23|9|25|18|11|14|10|10|15|18|21|17|22|19|21|30|21|39|55|90|97|150|148|175|174|176|145|171|140|129|142|112|121|146|143|131|125|139|160|137|129|120|140|131|130|115|131|128|153|141|143|132|137|126|143|157|168|167|178|183|172|150|136|148|153|139|146|161|144|152|132|117|95|93|77|81|82|84|74|64|72|60|73|55|54|
2019-02-04|3|1_CTs|ct13||1128|388|128|330|64|64|326|563|54|32|28|28|32|72|37|296|44|44|51|293|50|579|66|72|836|340|101|398|903|931|195|1476|759|1283|1568|796|1346|1037|1027|842|763|1307|746|745|308|1553|1052|237|513|800|519|1382|1023|784|813|770|742|1047|1266|773|283|777|1070|541|776|271|586|260|515|1036|782|504|788|989|747|759|1551|824|1000|779|561|244|1012|740|1014|715|478|204|726|985|1183|418|699|680|421|662|
2019-02-04|3|1_CTs|ct14||1153|366|340|327|567|314|51|29|555|34|20|20|269|573|293|541|1311|30|43|41|74|534|70|1083|1345|607|425|1547|993|842|367|908|1158|1926|1195|929|1432|709|1446|1436|909|866|1166|1106|1188|1133|875|375|863|348|1121|849|600|834|328|879|663|1100|893|1413|375|904|869|1110|587|622|854|891|1925|602|882|378|854|655|1149|862|863|824|366|1153|849|1062|529|222|520|1274|478|461|461|192|925|461|857|1551|904|397|
2019-02-04|3|1_CTs|CT16||310|70|319|60|63|48|40|296|30|25|59|533|21|53|16|14|18|17|787|273|279|49|71|308|22|549|298|318|67|347|374|924|689|721|957|473|974|191|670|457|458|510|161|472|992|509|162|447|180|132|701|413|438|412|148|925|178|674|163|712|432|424|693|705|178|436|988|485|220|202|497|489|218|507|543|479|713|490|211|453|433|175|182|129|1142|113|90|120|597|84|349|333|341|78|341|345|
2019-02-04|3|1_CTs|ct18||47|56|52|53|38|31|27|29|22|20|15|24|12|27|19|16|17|14|12|20|21|30|28|27|26|36|54|49|73|104|139|165|221|214|288|192|247|226|235|195|227|188|168|168|197|194|143|176|187|173|165|159|175|184|155|156|162|161|192|173|197|203|178|187|174|179|206|186|168|183|197|184|180|171|182|193|201|196|190|190|195|165|138|134|105|111|112|94|109|105|93|90|69|94|70|64|
2019-02-04|3|1_CTs|ct19||1|3|0|1|1|0|0|0|0|0|0|0|0|0|0|0|0|0|0|0|0|0|2|4|2|6|4|3|6|3|10|6|5|8|7|12|5|12|3|4|5|4|2|8|6|10|7|3|5|6|6|5|9|5|4|5|5|5|6|7|4|5|7|5|2|5|7|5|8|9|5|11|10|7|10|5|2|6|4|4|6|9|6|5|8|5|7|4|0|0|2|0|0|1|0|5|
2019-02-04|3|1_CTs|CT23||820|306|285|284|15|18|19|6|13|8|7|4|7|277|9|9|525|269|17|14|11|15|23|796|536|549|317|653|325|657|175|699|950|1201|464|2001|965|476|1219|715|696|431|709|1167|463|1196|1450|176|424|412|422|932|673|921|148|945|715|928|709|692|692|949|664|933|150|426|680|689|941|404|428|423|659|184|953|924|680|654|425|1460|412|652|389|99|120|889|103|88|354|90|327|340|757|1198|833|315|
2019-02-04|3|1_CTs|ct24||270|23|11|22|13|15|9|12|10|11|5|6|2|10|3|7|12|258|4|20|16|271|502|254|762|61|342|2912|1078|1619|1545|1549|1297|1770|1949|1710|1645|1446|982|1280|1052|1990|1275|1809|854|1838|2410|838|1054|1241|1017|1763|564|1028|1037|1071|566|1318|1095|1271|864|1057|1542|566|765|1301|1011|810|1277|581|563|605|832|843|1290|1251|1014|1035|821|2072|955|960|1154|385|1372|857|101|616|331|64|555|549|474|428|544|535|
