2019-01-03|3|1_CTs|ct1||38|41|282|272|20|268|8|4|6|7|777|5|262|3|6|4|5|5|4|9|6|9|18|13|14|276|803|44|328|92|1419|679|461|765|560|1213|471|481|1457|1448|943|145|664|1188|693|1169|912|655|742|180|421|702|178|690|381|1432|940|2220|1506|729|717|968|451|917|1448|217|184|1248|990|1486|1232|1213|1255|961|1256|724|745|733|728|456|1513|1246|957|1441|1436|867|604|68|1129|330|316|312|307|302|568|312|
2019-01-03|3|1_CTs|ct3||809|1886|905|373|96|1101|158|483|61|318|574|36|38|559|969|385|87|223|28|558|55|39|56|327|66|854|652|1184|1054|883|1609|911|1246|1293|756|1035|1569|992|1661|1197|928|1162|672|683|681|632|944|929|1203|752|737|509|557|1989|374|946|971|2227|1304|1234|979|1273|757|1216|1281|1041|1258|1809|1048|1049|1956|1761|591|1344|1069|1333|547|2166|1050|1508|1611|1589|1566|1782|1972|1151|568|523|1121|817|806|729|210|1001|739|470|
2019-01-03|3|1_CTs|ct5||688|1395|1821|1330|2395|1359|1649|859|765|1008|432|23|20|17|261|10|20|16|245|16|9|10|8|14|269|782|286|42|301|328|1081|686|898|1236|1288|434|755|520|1003|706|929|692|212|684|986|1489|718|1204|463|1003|756|1259|1467|746|460|1229|950|1192|1029|1242|761|1225|786|1282|1228|532|1046|1288|301|1076|1176|1610|1713|552|820|1529|789|1587|1217|1515|1035|2428|1056|1498|1659|894|639|664|2178|422|640|851|1371|382|400|1400|
2019-01-03|3|1_CTs|ct7||357|83|815|90|52|268|295|533|41|39|530|46|28|47|33|36|28|279|14|269|24|36|25|51|35|297|43|50|68|58|1065|96|355|634|401|138|650|148|649|888|389|657|644|166|153|161|417|877|429|400|155|163|146|668|416|145|166|397|170|414|928|408|159|660|871|122|77|62|52|303|55|56|344|170|690|146|402|139|413|423|142|1383|138|144|366|616|94|367|102|108|352|590|600|92|113|377|
2019-01-03|3|1_CTs|ct8||299|311|776|35|41|22|29|277|20|19|256|9|14|8|10|9|10|8|9|8|19|7|9|24|13|501|22|22|31|32|51|40|321|329|79|93|104|330|352|369|92|351|602|134|112|109|372|270|746|104|122|135|110|119|368|108|113|381|134|130|891|119|129|373|382|116|150|126|121|121|140|401|130|186|446|135|108|346|355|103|83|329|74|88|312|69|61|59|54|66|53|55|308|53|64|564|
2019-01-03|3|1_CTs|ct9||256|818|709|569|1649|424|314|324|316|42|24|49|21|36|29|33|281|27|283|271|23|24|289|274|28|40|43|570|343|901|183|1547|1863|2002|2987|1703|1333|1294|1921|1921|2506|3430|2151|1204|2177|2095|2991|1224|673|166|677|182|188|163|162|603|661|1009|1209|2089|2572|3244|2357|1186|1415|1009|1387|1400|897|959|1658|1265|1645|1897|2032|1026|984|3061|1800|2881|3654|4275|2828|1042|1656|3287|3650|2288|833|1630|1076|2991|2887|555|453|741|
2019-01-03|3|1_CTs|ct10||72|52|61|27|32|31|30|27|20|20|23|28|16|18|20|19|19|19|25|14|31|25|12|13|13|24|36|48|38|56|67|111|151|135|149|143|147|134|149|132|138|155|141|132|139|122|120|134|118|129|114|131|120|120|128|133|122|142|143|144|109|154|181|168|151|165|157|165|172|180|165|151|145|162|165|143|152|133|125|114|145|153|119|98|107|109|91|86|84|87|70|65|87|86|69|72|
2019-01-03|3|1_CTs|ct13||159|901|652|74|80|516|157|576|70|303|304|72|52|54|326|64|60|61|320|306|68|330|52|67|572|858|884|152|630|673|444|961|773|786|256|788|787|509|1047|763|742|1284|493|271|766|525|1289|1535|232|248|244|735|847|764|992|1005|498|1029|1308|1280|523|1580|543|1313|1342|500|770|765|768|506|1600|1189|1548|497|1017|1558|1024|505|1526|1062|863|1297|753|1800|1024|1274|458|456|1022|725|1221|439|476|694|444|699|
2019-01-03|3|1_CTs|ct14||398|642|885|341|323|321|386|473|46|52|288|289|29|796|288|142|441|802|304|53|51|39|819|82|847|614|1421|961|765|611|604|923|648|1175|652|674|955|666|905|911|899|902|899|1167|890|1147|1115|1402|1365|379|591|320|341|1095|302|611|592|1928|912|1411|347|1691|627|1421|1096|405|855|1905|1130|1131|1002|762|595|598|1396|1147|351|1513|540|1399|1346|1373|1065|773|748|751|981|700|1235|461|691|183|1211|1216|433|702|
2019-01-03|3|1_CTs|CT16||68|56|578|314|556|546|23|300|29|38|278|35|24|275|269|27|13|272|22|20|11|10|24|281|16|24|278|296|312|67|367|136|154|686|452|667|436|436|442|696|225|696|191|169|973|1219|444|716|961|696|681|686|424|677|130|900|153|940|162|439|195|204|193|429|188|458|236|1227|480|479|523|215|745|1276|804|466|747|483|452|180|945|386|380|173|887|109|604|107|89|347|637|630|99|100|97|344|
2019-01-03|3|1_CTs|ct18||90|71|79|40|40|44|36|36|22|22|24|34|25|18|26|23|18|22|34|20|34|29|21|22|20|34|57|73|60|96|116|199|209|192|168|140|164|145|174|147|158|162|211|162|213|186|191|172|182|175|138|193|140|164|169|158|146|207|175|186|198|216|204|189|228|181|171|207|195|181|192|177|190|184|187|206|186|170|187|160|176|168|150|115|148|141|113|109|107|117|100|96|108|116|86|90|
2019-01-03|3|1_CTs|ct19||0|3|0|0|0|0|0|0|0|0|0|0|0|0|0|0|0|0|0|0|0|0|1|3|1|5|4|4|7|7|5|9|5|8|7|6|10|4|7|6|7|4|3|7|3|3|7|5|4|3|7|3|8|5|7|10|7|7|6|5|10|5|10|10|12|8|6|6|7|7|7|8|6|5|7|2|3|9|5|7|7|8|5|5|4|2|5|4|1|1|1|7|1|5|0|2|
2019-01-03|3|1_CTs|ct22||6|2|1|2|4|0|4|1|1|0|0|0|0|1|2|0|0|3|1|1|1|1|4|514|3|2|6|258|2|4|15|7|6|6|7|10|18|18|272|529|272|14|23|18|11|17|21|14|19|16|18|14|20|13|8|16|9|264|16|19|24|14|279|11|17|15|16|275|283|25|19|270|15|528|276|13|23|14|17|263|272|13|7|7|3|4|3|6|5|1|6|5|7|5|1|3|
2019-01-03|3|1_CTs|CT23||310|556|39|285|27|25|16|522|15|12|8|10|6|261|7|8|5|8|13|12|15|10|268|282|793|539|1068|330|882|410|862|783|447|1474|958|201|727|971|686|1222|946|190|701|699|688|686|1204|933|1433|441|923|145|416|1178|129|683|410|1471|946|1209|166|709|685|1210|145|449|925|1708|685|681|635|1150|154|415|690|1191|427|1263|377|943|916|1183|386|633|621|358|857|85|88|90|76|72|1347|327|329|340|
2019-01-03|3|1_CTs|ct24||284|32|268|289|265|238|7|8|7|8|9|7|4|249|7|6|218|2|9|7|264|17|455|280|34|792|786|688|1537|621|1824|1251|1035|1017|1718|1776|801|1308|1541|2012|1017|1038|1125|796|1522|1315|1526|1023|1860|1328|1314|822|567|1240|488|1044|541|1305|1845|1556|813|1799|562|1045|1053|579|1299|1813|1238|1548|2147|1425|603|2228|1799|610|1351|1090|1293|1179|1504|1664|1346|1361|588|1045|1322|806|1191|338|1038|582|66|59|61|49|
