2019-03-10|3|1_CTs|ct1||83|326|839|62|562|47|41|303|293|551|298|72|32|280|21|271|25|25|19|25|15|15|530|527|27|27|280|31|530|29|553|36|799|60|49|566|47|282|340|88|125|579|602|605|91|339|363|926|1123|137|372|365|155|650|668|137|122|615|1161|127|635|1174|418|389|149|423|433|114|120|361|371|632|896|645|427|635|395|630|636|359|351|640|596|89|334|331|52|44|573|341|48|41|308|52|50|303|
2019-03-10|3|1_CTs|ct3||550|819|1499|813|1213|197|934|164|140|148|403|627|112|379|855|348|99|342|98|62|99|66|588|86|1371|623|101|104|349|355|373|920|1674|680|161|439|468|478|523|756|518|1031|534|281|287|1125|340|843|614|370|402|891|618|668|919|680|899|1838|911|646|645|1481|1199|952|936|929|1210|858|352|888|624|654|1136|393|905|1146|1114|875|1893|360|839|1117|1074|268|287|765|730|723|241|237|468|203|492|450|711|743|
2019-03-10|3|1_CTs|ct5||456|191|190|188|2182|389|124|602|102|640|1166|2013|2056|1291|1195|1400|1134|1363|617|1354|1626|1370|1587|2075|2110|2105|1770|1121|1365|362|618|1815|2913|1154|1418|918|1186|1471|607|870|1983|1969|1720|717|2297|1125|658|635|923|214|988|689|706|635|919|176|415|931|697|713|680|1133|196|691|893|291|741|959|714|453|216|979|724|451|464|468|449|1180|464|166|704|681|378|638|139|618|112|120|170|665|1438|1172|1188|2430|1452|336|
2019-03-10|3|1_CTs|ct7||151|428|156|133|135|132|115|116|624|340|109|109|847|340|71|88|63|54|64|69|303|53|62|41|50|300|34|1077|47|65|35|549|48|55|48|60|68|67|66|83|95|67|85|98|79|602|95|96|619|1143|109|104|626|108|118|113|1099|379|105|112|1147|108|375|378|158|156|152|398|308|258|156|150|1145|419|163|398|1685|419|397|120|142|126|116|88|105|98|108|84|335|381|344|83|96|89|76|619|
2019-03-10|3|1_CTs|ct8||89|875|91|83|72|72|60|574|61|44|50|42|559|41|29|41|25|22|32|22|16|21|22|16|20|25|26|794|23|24|17|527|29|33|26|29|42|40|48|48|54|52|44|62|56|311|56|70|79|348|89|81|322|61|85|96|838|606|83|68|597|71|339|86|98|89|94|85|259|195|97|85|838|382|98|601|864|618|94|79|88|61|78|47|60|49|66|49|298|55|50|42|53|42|37|545|
2019-03-10|3|1_CTs|ct9||2560|1438|1318|1535|1433|1266|1353|1905|1630|1529|533|1568|1182|1651|1854|1369|2796|3509|2299|1889|1254|1776|2606|3876|3594|2530|1795|1459|1802|1765|3190|1502|762|372|820|3189|2727|2113|978|764|701|1920|1000|693|1615|1765|1397|403|442|246|440|695|1979|1930|819|3604|3697|1967|1614|703|743|2054|2756|842|1952|1109|1042|568|350|1070|2271|1578|121|479|864|804|1127|1765|1062|1097|586|1205|1109|1256|1494|2309|1746|991|1582|1122|1567|3058|1819|1213|993|1577|
2019-03-10|3|1_CTs|ct10||100|109|125|94|102|84|93|84|78|81|72|77|62|76|69|80|76|78|61|57|55|59|50|50|52|57|55|56|58|35|31|30|37|32|33|25|41|37|44|65|74|58|66|70|89|86|71|96|110|84|91|120|110|123|104|96|87|85|87|86|124|116|123|122|119|129|157|136|148|149|146|157|136|164|160|166|141|135|144|122|115|97|93|68|85|80|84|56|70|63|68|68|67|54|68|55|
2019-03-10|3|1_CTs|ct13||468|762|1981|532|466|170|438|654|629|1188|391|162|367|122|106|118|412|127|138|399|103|92|1136|357|114|111|1149|638|367|355|360|1659|628|893|624|634|127|377|178|428|152|153|930|1468|451|956|225|460|488|716|473|467|498|221|1007|480|732|218|1240|464|218|1008|261|494|190|789|234|173|744|692|215|421|323|226|708|201|1493|1283|235|261|1011|1251|988|442|701|466|142|693|176|420|150|403|420|168|412|681|
2019-03-10|3|1_CTs|ct14||498|998|1252|729|1203|172|1441|392|635|376|368|130|95|364|599|84|88|98|337|95|843|343|1109|341|601|846|1120|879|133|118|917|403|1392|881|1179|929|406|398|438|704|211|440|728|493|795|936|517|485|530|765|515|296|536|803|822|256|282|234|811|294|561|567|615|1143|1099|385|610|626|638|662|1140|652|371|938|618|653|885|919|862|339|590|803|498|230|451|472|704|456|959|164|157|440|160|397|907|929|
2019-03-10|3|1_CTs|CT16||97|381|382|628|379|111|94|104|77|79|333|76|329|70|92|315|64|44|80|77|48|304|302|285|813|53|801|44|29|303|39|29|545|32|34|44|297|311|77|324|72|310|327|75|351|102|85|358|369|119|361|107|412|373|103|611|93|630|96|133|159|667|371|374|155|165|142|415|643|181|657|172|167|421|207|694|435|665|141|405|397|375|132|375|105|370|585|81|595|874|352|71|323|71|67|590|
2019-03-10|3|1_CTs|ct18||119|128|136|129|122|114|100|90|88|92|98|97|78|102|92|94|93|94|88|82|65|73|56|65|66|73|70|58|74|50|59|41|62|44|52|40|51|62|68|98|98|85|97|107|111|131|102|144|164|127|113|159|156|161|141|120|131|129|132|131|178|164|169|162|178|171|195|168|199|174|209|214|174|246|194|209|171|202|187|157|131|118|119|114|115|123|102|90|86|78|97|84|83|79|81|65|
2019-03-10|3|1_CTs|ct19||2|1|1|5|3|1|5|1|0|2|0|0|1|0|1|0|0|0|1|0|2|0|1|1|1|0|2|1|1|2|1|2|3|0|2|1|2|3|3|1|4|3|1|3|2|4|2|3|2|4|2|3|2|6|2|3|1|4|2|3|2|2|4|2|3|1|2|3|2|4|2|1|2|2|3|2|2|5|4|3|3|3|0|1|3|3|2|2|2|1|1|3|0|1|0|0|
2019-03-10|3|1_CTs|CT23||372|875|614|361|335|77|835|50|562|305|47|46|41|46|35|34|32|38|287|39|24|545|286|30|799|532|813|559|49|42|51|65|815|558|670|483|570|50|336|337|87|83|865|361|868|612|624|348|120|625|368|139|383|390|405|111|644|365|904|391|396|398|419|938|666|177|679|434|433|716|691|443|183|465|172|447|699|1483|691|162|158|651|617|362|339|354|334|77|852|322|325|325|71|317|61|70|
2019-03-10|3|1_CTs|ct24||605|336|729|383|557|35|517|542|283|28|12|262|19|14|261|17|4|14|11|13|10|20|526|16|15|20|30|31|285|549|42|742|707|314|553|318|70|342|348|345|374|609|391|385|648|1382|898|655|383|940|158|684|437|873|721|686|672|935|1406|445|967|603|486|482|479|246|783|762|518|751|803|791|1300|547|1011|1212|986|966|714|464|934|390|406|621|1075|348|569|313|336|301|323|316|67|47|54|280|
