2019-02-24|3|1_CTs|ct1||98|342|68|332|302|53|297|315|300|30|25|554|35|32|28|286|540|28|534|19|276|21|7|21|23|30|26|290|23|28|31|542|25|36|42|36|38|307|321|49|58|81|849|345|92|346|604|615|362|677|601|131|646|608|1312|396|655|113|123|644|146|381|124|155|928|384|650|1134|379|635|126|371|635|360|378|175|444|370|353|358|131|384|82|339|355|614|327|314|304|58|1079|307|304|307|317|305|
2019-02-24|3|1_CTs|ct3||329|1066|511|523|723|719|430|2211|460|141|406|439|402|364|108|110|115|344|871|589|319|82|65|328|347|104|347|372|354|351|895|914|651|417|908|699|423|1457|495|466|749|277|804|584|1061|1338|1608|867|633|908|659|1458|454|1819|1497|924|1167|635|1422|654|936|670|401|1461|952|917|656|876|2394|1140|641|374|887|605|596|639|619|834|1121|1133|1598|635|806|776|1020|492|787|737|242|478|496|201|1222|470|448|1468|
2019-02-24|3|1_CTs|ct5||1928|1003|1256|1448|1708|694|1308|1804|593|861|939|306|60|50|310|48|41|48|42|27|275|28|29|29|24|30|46|295|44|55|561|318|592|352|344|608|613|603|100|362|345|667|1328|653|625|820|753|183|722|474|1462|703|457|954|660|1193|947|707|664|914|1179|458|468|980|982|1720|937|949|940|942|462|1020|1015|789|756|1242|262|675|210|413|1160|907|369|127|882|600|874|892|614|350|582|655|366|381|595|614|
2019-02-24|3|1_CTs|ct7||387|140|394|117|121|104|113|94|545|110|348|96|87|84|93|71|76|70|80|52|52|304|51|60|41|44|44|41|48|47|294|55|69|67|68|567|61|305|71|71|332|89|95|91|97|98|89|360|381|113|121|619|122|124|618|126|359|120|130|397|133|171|408|159|159|139|414|159|137|402|156|196|875|137|111|398|145|1053|394|617|377|111|100|89|90|103|325|95|80|117|84|76|89|587|82|363|
2019-02-24|3|1_CTs|ct8||338|318|593|65|74|57|65|55|267|54|51|41|39|45|35|285|42|31|33|14|28|273|21|27|19|17|15|18|37|29|278|28|35|29|28|538|41|281|35|48|43|52|308|58|53|56|52|66|334|94|73|582|84|86|73|90|85|82|88|91|78|97|94|91|114|325|113|89|93|102|107|400|384|123|118|101|86|1080|332|72|79|65|323|57|52|44|44|47|44|46|49|37|44|50|291|35|
2019-02-24|3|1_CTs|ct9||1228|1496|292|638|706|384|93|1794|119|627|364|347|83|333|59|79|60|328|831|824|53|298|573|56|64|356|142|40|305|451|55|632|1725|1363|2265|3912|3701|3579|3393|3046|2580|3314|1319|234|785|323|3435|2032|766|1363|3559|1777|3240|3273|3250|3182|479|910|757|1763|921|1553|3449|2694|2139|3936|2835|2785|1813|794|965|1053|333|1273|233|179|148|519|858|1044|1074|937|651|270|1143|1893|1477|125|1082|1735|1577|1112|1763|2446|1011|545|
2019-02-24|3|1_CTs|ct10||103|80|93|105|104|90|89|92|85|75|89|93|86|100|81|75|89|83|72|73|65|61|69|55|54|65|58|60|55|45|54|35|17|39|37|33|30|47|50|59|46|71|71|80|86|57|82|82|92|83|85|103|106|101|89|89|94|105|101|88|81|108|93|128|152|123|136|125|150|144|129|153|148|136|149|145|120|136|119|121|100|93|109|88|91|80|69|73|69|78|77|62|54|51|53|45|
2019-02-24|3|1_CTs|ct13||772|472|722|727|712|433|444|1426|410|1174|401|677|406|143|143|144|663|422|922|1222|835|364|139|102|109|368|152|128|124|118|370|887|360|129|637|388|155|642|654|438|386|938|214|714|157|962|454|945|204|489|237|1024|750|485|1217|725|745|486|732|1263|465|511|749|1011|1004|1018|1028|1483|481|480|226|708|163|263|701|503|503|462|216|223|452|721|475|712|1244|147|683|440|168|694|688|412|140|395|644|132|
2019-02-24|3|1_CTs|ct14||493|480|718|722|695|672|681|894|728|543|384|357|105|364|367|112|348|352|1121|597|89|345|93|96|605|336|112|358|384|612|410|669|1142|632|379|397|402|649|172|455|674|445|200|191|972|718|1750|234|525|786|241|1029|282|512|767|523|1008|255|537|1068|824|582|599|613|851|610|1130|622|854|644|648|628|868|907|357|892|900|1109|862|1277|971|722|1215|494|477|446|472|215|195|470|212|173|909|154|924|878|
2019-02-24|3|1_CTs|CT16||394|405|398|391|622|100|118|623|77|590|349|602|100|328|81|85|308|45|556|313|298|38|51|50|41|57|310|22|36|34|294|557|279|42|29|48|39|55|306|342|59|72|84|76|84|322|352|111|616|408|120|119|360|651|621|357|637|99|352|404|651|131|652|396|388|134|916|179|928|408|426|687|975|204|450|442|425|155|432|652|451|358|927|96|350|353|104|610|326|607|82|74|69|324|59|858|
2019-02-24|3|1_CTs|ct18||128|120|131|123|133|117|123|108|105|108|97|105|113|118|95|96|107|108|97|94|74|78|73|67|63|69|70|67|68|59|66|58|39|48|48|55|49|72|76|80|70|114|91|119|117|81|123|131|117|133|119|133|152|135|125|124|141|147|151|150|134|144|153|168|200|179|187|171|210|205|173|190|223|212|192|188|163|156|152|174|166|170|166|120|127|104|109|109|87|94|98|77|70|61|77|67|
2019-02-24|3|1_CTs|ct19||1|1|2|1|2|1|2|0|1|1|1|0|2|0|2|0|0|0|3|0|0|0|2|2|0|8|0|1|2|0|2|2|1|1|4|1|3|2|3|3|2|3|2|3|5|1|4|4|2|4|5|4|2|2|4|2|2|3|4|1|4|1|2|3|2|4|2|4|1|2|2|3|4|3|2|3|5|7|4|2|1|1|2|2|0|1|1|2|2|2|2|1|0|2|0|0|
2019-02-24|3|1_CTs|CT23||370|107|351|348|592|64|977|691|559|48|53|43|42|44|42|43|291|45|294|28|32|31|291|294|30|285|46|37|304|548|315|313|561|47|555|55|313|563|68|82|570|83|352|314|854|90|1366|598|643|886|368|375|652|881|120|377|612|116|639|391|393|141|258|830|413|931|674|944|423|443|189|429|686|448|166|432|443|1183|433|369|320|344|329|99|93|86|610|94|342|606|350|71|568|331|321|299|
2019-02-24|3|1_CTs|ct24||596|287|821|811|291|38|290|255|535|33|24|28|17|25|17|16|20|288|11|525|9|8|17|528|23|10|291|283|45|295|574|773|30|297|271|569|311|56|114|616|356|845|117|131|368|653|382|629|1419|1106|1356|947|200|202|951|644|643|1154|693|961|699|742|726|686|928|719|979|1947|1426|917|512|805|483|531|1238|1234|1257|1992|293|1706|1240|653|613|97|1088|579|623|606|340|858|597|330|700|157|289|45|
