2018-10-16|3|1_CTs|ct1||58|38|275|21|532|22|267|19|12|7|251|6|4|2|261|260|3|2|4|5|7|8|272|269|17|32|295|61|63|1383|913|684|992|1252|983|721|688|191|949|1481|491|1001|726|710|411|699|683|957|413|429|457|473|206|434|924|732|169|1243|477|1012|722|706|435|1469|440|1193|1761|1201|750|791|1005|1769|979|692|1632|1286|798|484|211|429|432|445|662|1200|633|896|351|336|624|337|345|847|598|333|315|314|
2018-10-16|3|1_CTs|ct3||468|149|861|867|355|79|75|348|826|298|302|550|36|283|570|40|286|35|34|32|519|304|56|318|86|371|1404|430|696|1079|1142|727|1784|771|1048|1305|454|984|1742|932|677|1623|1373|1161|653|674|977|1197|1291|456|756|697|750|713|697|468|720|793|1213|645|872|761|470|1476|730|1298|2084|1309|1106|1108|845|1363|1366|584|1104|1100|1122|857|768|1050|502|779|708|965|670|890|897|587|619|328|1137|1080|1084|1296|235|998|
2018-10-16|3|1_CTs|ct5||377|85|545|318|48|47|37|287|269|245|24|18|8|21|10|271|15|15|19|12|12|271|17|257|16|274|33|43|61|89|1149|460|1166|1408|286|760|262|536|990|707|684|454|698|479|221|228|498|681|826|634|516|527|741|266|489|221|709|256|1445|747|766|280|272|762|287|770|1342|766|335|1073|1340|1337|851|865|580|327|789|533|290|1059|805|979|234|954|460|202|403|167|470|682|431|701|431|177|1430|656|
2018-10-16|3|1_CTs|ct7||82|77|547|63|536|48|55|37|301|31|25|51|24|13|17|19|12|18|26|29|54|53|48|26|27|60|309|50|67|308|80|102|113|117|156|170|176|434|149|130|162|387|146|145|175|165|414|396|171|158|417|144|139|156|132|154|673|152|915|384|437|383|386|654|162|57|354|119|106|30|2|0|0|0|0|0|0|0|0|0|0|0|0|0|0|92|167|309|635|127|118|371|129|598|146|124|
2018-10-16|3|1_CTs|ct8||44|41|519|25|31|30|29|8|276|16|8|12|8|8|9|9|2|9|9|10|8|7|10|15|13|22|262|29|30|36|53|63|68|85|100|120|136|99|370|86|103|85|104|101|125|108|369|124|127|120|376|122|110|366|110|123|121|118|381|381|403|143|129|399|153|136|622|129|129|145|372|393|136|146|653|371|131|129|119|96|110|78|101|87|99|82|130|275|325|63|71|315|90|336|65|79|
2018-10-16|3|1_CTs|ct9||372|259|405|331|340|315|44|324|1732|820|286|280|47|306|329|81|439|303|91|627|49|38|309|26|27|661|50|1046|1371|1315|3669|3725|3114|3104|2308|2322|1515|3482|3081|3308|896|1631|2631|3556|3043|2331|2804|2161|2286|3688|2988|166|153|177|143|1618|3663|3604|2817|330|1205|2394|3213|3770|3448|2727|3776|3660|3847|3607|2139|1592|1194|621|851|826|299|519|1226|340|1062|665|2441|1277|1559|2062|1506|3397|4075|2287|1510|947|1279|1273|1313|1707|
2018-10-16|3|1_CTs|ct10||51|62|48|54|39|48|30|36|28|29|16|21|18|21|23|21|18|21|22|14|25|17|14|26|27|19|25|33|48|62|76|137|153|174|166|179|164|164|157|147|134|151|123|143|134|131|135|146|158|160|139|154|143|146|143|149|173|149|150|171|150|149|144|137|137|158|140|150|164|146|175|142|186|151|173|142|143|163|150|159|145|135|145|130|112|114|93|118|95|92|113|102|93|106|83|86|
2018-10-16|3|1_CTs|ct13||463|162|893|641|643|98|334|344|335|48|50|46|306|315|291|312|46|80|88|321|306|952|56|310|598|850|352|116|392|700|452|753|746|800|786|753|734|540|492|1355|532|840|1023|1288|1297|1300|1341|1040|516|799|269|280|542|254|525|525|497|527|2033|834|499|1042|301|1045|807|550|794|521|549|505|288|925|618|763|469|534|490|732|768|1054|1319|257|494|1050|529|265|486|245|490|768|465|508|262|1234|232|706|
2018-10-16|3|1_CTs|ct14||400|133|877|334|834|574|316|44|314|40|36|530|32|29|28|298|33|28|50|563|52|44|52|840|80|873|1451|732|1324|858|1151|1196|1698|924|673|688|430|657|674|897|639|1365|668|634|1146|932|1142|919|1136|390|1105|372|639|340|738|490|210|662|829|633|904|358|597|833|548|1111|2158|546|313|1346|576|1229|430|773|1176|557|586|588|354|1087|591|299|1079|802|763|251|237|241|494|235|242|732|461|724|207|453|
2018-10-16|3|1_CTs|CT16||362|61|332|1106|315|45|31|51|292|37|23|20|21|273|35|23|17|13|24|8|12|12|29|21|21|286|40|55|329|68|624|146|686|687|455|446|446|716|209|704|165|670|449|962|425|460|494|693|180|193|200|192|194|431|440|206|718|196|448|709|456|212|191|1486|223|224|231|461|510|754|1535|239|774|541|263|767|767|520|735|712|180|1218|954|648|383|382|113|97|618|387|119|383|93|366|104|365|
2018-10-16|3|1_CTs|ct22||2|3|2|3|1|3|1|1|2|0|0|0|1|0|1|2|2|1|0|1|0|1|5|4|2|3|262|260|1|12|268|13|524|512|18|271|19|273|277|276|274|29|281|270|15|22|483|70|267|24|26|28|284|20|15|29|28|280|28|274|24|25|26|284|31|540|34|289|31|24|44|802|300|29|291|36|24|32|21|274|18|21|15|681|119|7|5|7|17|11|269|8|6|520|6|7|
2018-10-16|3|1_CTs|CT23||311|58|1068|28|26|15|15|15|269|272|12|6|6|11|8|9|9|6|16|17|19|15|17|275|31|293|574|861|899|414|687|462|1224|1486|713|464|210|452|732|949|678|931|684|176|179|451|1456|950|175|440|672|185|688|162|605|356|95|432|1150|191|679|415|157|652|387|923|696|619|139|394|663|1156|136|401|661|636|652|402|425|644|408|390|1170|391|362|122|111|106|106|110|362|863|352|608|342|338|
2018-10-16|3|1_CTs|ct24||298|304|503|522|475|28|22|8|268|14|521|494|10|9|263|17|498|14|17|284|541|37|57|566|89|1448|1020|941|1310|1514|2763|1025|2519|1704|1525|597|1052|1463|954|1067|1064|1264|2077|1003|703|1001|706|1663|1087|1093|1004|970|699|935|940|642|1335|998|1959|513|497|1243|1219|2417|1443|920|1750|1366|739|1508|957|1610|2346|1250|1532|1494|735|1214|1126|2350|1856|800|573|1514|200|192|910|894|928|409|409|621|138|619|836|350|
