2019-01-02|3|1_CTs|ct1||537|267|18|7|9|10|4|8|1|6|3|4|7|6|261|5|2|6|4|525|8|269|14|14|279|28|29|47|37|843|377|907|376|664|1443|732|1468|1733|636|1221|956|409|663|1470|389|392|655|665|656|921|661|906|1699|476|884|911|922|909|717|1171|160|666|127|689|430|404|421|422|184|719|1231|957|999|988|996|1238|1182|1188|402|673|1180|631|430|169|1153|94|371|563|329|54|54|42|53|284|296|39|
2019-01-02|3|1_CTs|ct3||1188|364|868|325|316|64|307|60|37|29|31|33|29|40|26|32|15|540|289|306|314|57|56|75|332|82|374|671|387|231|546|1092|1108|701|980|734|1464|1478|1450|913|1739|886|1145|1186|1194|886|1439|1160|1422|692|477|1135|1532|1187|644|2276|666|1746|457|917|702|984|710|1246|709|1012|752|788|1002|1333|1041|805|830|799|1091|1436|1433|1790|690|1557|1004|1482|930|891|1404|1548|684|528|1827|792|768|253|489|1528|449|963|
2019-01-02|3|1_CTs|ct5||863|1653|61|292|810|40|23|24|44|51|316|803|1672|459|474|484|1218|486|751|1016|491|506|514|507|510|509|25|288|562|72|575|397|651|701|208|416|781|1180|1450|953|430|431|449|939|1199|1223|1182|476|313|958|978|731|1098|1530|1571|1710|207|1247|961|700|507|1489|970|514|283|1062|1318|547|1042|568|589|528|803|806|1321|860|1372|1546|1877|1263|500|719|178|398|375|656|659|1244|1278|1123|587|878|617|2424|2390|686|
2019-01-02|3|1_CTs|ct7||85|291|52|46|37|37|27|26|21|19|29|22|18|21|28|14|19|267|16|506|526|22|26|31|30|35|41|49|55|44|67|87|85|111|391|596|650|387|659|372|391|132|398|145|407|133|166|410|912|144|152|147|132|133|395|392|154|410|667|166|413|664|409|427|166|177|173|180|148|86|64|272|290|85|315|631|1113|1151|148|166|138|129|119|129|144|123|117|96|353|101|130|99|102|1067|337|366|
2019-01-02|3|1_CTs|ct8||40|36|21|28|14|14|15|26|6|8|21|11|8|11|8|9|7|498|5|5|9|15|10|27|21|19|21|277|30|22|34|44|48|70|98|559|348|334|568|85|342|85|606|339|352|104|117|111|130|90|123|122|365|376|353|82|367|353|370|128|130|625|630|382|111|127|119|117|131|139|117|129|136|151|116|1085|338|1349|98|85|79|84|67|81|84|67|307|70|316|300|69|54|59|305|549|51|
2019-01-02|3|1_CTs|ct9||2021|2119|701|128|1190|54|196|52|111|57|20|26|23|282|22|15|533|527|29|10|287|23|293|26|39|1018|206|1229|1094|477|1495|2608|3753|3586|3145|2812|1499|3217|2166|3376|3000|2849|3585|3758|3961|3458|3647|3482|3692|3122|1662|1715|2783|2042|381|393|402|158|414|667|462|3925|2041|687|874|768|812|741|1228|1382|793|869|1111|1771|761|1232|3143|1189|1583|2021|767|173|394|389|349|1065|1888|642|1152|256|2676|3409|2132|2560|1005|98|
2019-01-02|3|1_CTs|ct10||36|38|36|23|28|14|15|24|22|15|17|7|13|5|12|13|19|13|15|16|28|20|9|21|19|15|33|28|43|37|60|69|96|91|99|128|138|112|127|87|118|126|112|129|110|111|112|132|129|130|119|114|129|110|105|117|102|121|119|141|115|127|125|126|118|138|130|128|138|172|151|153|142|163|151|143|131|128|123|116|114|116|87|95|95|92|69|78|77|86|72|61|83|74|71|76|
2019-01-02|3|1_CTs|ct13||356|376|622|314|60|44|52|298|36|52|44|302|185|120|288|28|310|48|306|310|320|318|55|75|56|344|354|338|369|619|677|442|188|496|469|494|1262|2013|998|212|501|997|782|1039|1542|1060|1014|1281|743|764|512|1261|747|197|1603|1785|1523|729|533|770|377|1047|990|1353|289|788|789|278|764|248|512|760|732|1317|1012|1260|1568|238|257|760|491|773|495|241|500|220|522|446|1752|190|427|424|469|708|710|693|
2019-01-02|3|1_CTs|ct14||632|621|854|575|320|51|38|34|31|32|542|28|22|536|25|26|294|542|818|556|322|60|305|71|594|90|407|938|255|839|596|849|1569|378|1663|875|637|1924|624|891|1429|613|1891|334|606|584|1111|558|1366|313|1127|1360|540|575|533|1553|792|860|366|1113|891|1374|346|864|1353|1093|827|560|1091|1095|1059|1075|1102|861|1150|1148|1641|888|835|1097|840|790|1255|767|739|183|199|958|182|704|675|1214|948|1732|1166|168|
2019-01-02|3|1_CTs|CT16||564|41|39|34|27|21|33|17|19|7|12|7|6|271|528|22|272|26|14|11|9|19|291|19|16|28|28|39|47|68|352|122|397|376|1935|420|1183|1169|429|129|403|915|956|668|166|390|683|675|398|679|414|407|419|389|657|648|962|438|680|179|448|141|707|934|201|456|951|213|219|225|729|778|1048|799|737|1225|970|447|187|1179|416|1692|383|104|345|877|110|352|98|95|334|885|98|609|615|327|
2019-01-02|3|1_CTs|ct18||44|46|35|32|32|20|17|26|23|15|19|9|12|12|16|14|22|13|21|20|29|22|18|22|29|18|49|55|65|79|112|131|145|154|144|206|193|173|165|171|169|173|146|181|158|150|152|189|170|148|157|137|171|126|157|149|158|151|169|191|173|183|198|175|158|158|162|162|162|219|198|221|174|191|184|174|143|181|148|154|146|147|129|122|114|109|93|83|105|99|97|78|110|85|92|82|
2019-01-02|3|1_CTs|ct19||0|4|1|1|0|0|0|0|0|0|0|0|0|0|0|0|0|0|0|0|0|0|4|1|2|5|2|2|8|4|4|4|5|5|5|4|5|4|3|3|4|5|3|2|9|5|5|5|6|6|5|6|4|6|6|3|5|4|2|10|5|4|5|4|5|5|7|7|6|6|9|4|8|6|9|5|6|3|6|6|4|3|4|8|2|4|3|2|1|5|1|2|0|3|0|1|
2019-01-02|3|1_CTs|ct22||2|4|0|3|1|1|0|0|0|0|0|2|0|1|2|0|2|0|1|0|2|1|2|4|2|261|1|5|10|7|11|12|11|526|15|542|21|788|21|14|19|24|18|12|9|9|19|530|19|13|13|271|9|11|12|11|263|15|267|526|285|273|265|19|11|270|18|267|18|9|22|270|15|523|15|17|16|277|13|18|275|10|9|8|5|3|1|6|4|2|7|7|16|6|7|6|
2019-01-02|3|1_CTs|CT23||302|45|282|538|23|14|13|9|7|9|8|9|8|6|4|8|11|521|16|270|23|13|278|25|537|23|54|60|114|393|658|665|647|181|1469|695|433|1217|946|438|457|689|1196|405|678|401|157|407|671|143|674|674|400|881|676|1159|391|922|434|671|176|417|670|421|921|413|653|389|659|403|640|1147|1179|416|673|431|1704|929|395|667|410|642|1128|373|361|586|346|596|339|86|69|844|333|1613|1091|71|
2019-01-02|3|1_CTs|ct24||296|732|18|12|270|12|14|9|6|9|6|243|3|262|7|7|8|6|5|10|267|17|260|15|290|43|1103|1380|518|551|1047|1015|830|2088|1762|1062|1762|2364|1546|1346|1056|1011|1486|747|1043|979|990|762|252|524|322|1496|783|1536|1200|2110|1030|1514|1176|982|821|1270|289|1010|488|803|1497|1276|1533|1315|1049|1040|1284|1553|1834|1030|1274|1489|515|499|1193|1633|690|667|330|620|322|342|1584|590|74|841|1610|582|543|316|
