2019-03-04|3|1_CTs|ct1||294|30|33|13|17|268|6|13|7|4|8|3|3|5|263|257|4|1|2|7|13|15|12|17|17|22|33|54|302|604|384|406|915|181|169|713|705|191|184|1170|687|701|666|166|1171|426|403|133|404|718|689|1446|210|926|489|654|156|699|183|196|410|933|1003|703|981|450|181|187|422|701|971|1712|460|726|717|956|448|614|432|676|425|157|414|123|903|401|354|353|345|84|376|685|212|331|52|61|
2019-03-04|3|1_CTs|ct3||688|684|148|881|332|71|56|326|43|47|312|29|34|547|27|286|25|25|288|44|302|562|569|322|591|81|372|936|691|991|809|1094|920|1205|475|731|767|1599|599|1161|411|681|1151|1687|1711|445|426|1094|1274|956|1488|456|482|1068|805|641|379|707|972|1016|655|476|751|713|764|551|1296|659|1150|1023|509|1282|792|837|1281|807|1065|1559|1034|989|693|477|1213|672|897|875|316|820|538|773|271|755|1281|1297|756|757|
2019-03-04|3|1_CTs|ct5||316|75|79|306|289|42|44|283|304|238|237|26|17|19|20|9|13|260|11|11|10|17|260|268|33|44|1583|1577|1367|1874|675|1267|1430|677|967|960|976|983|877|2000|372|1250|223|216|956|1240|969|472|1210|728|762|228|243|1215|507|686|462|472|476|505|240|525|506|513|1036|1025|815|464|1420|1071|605|312|551|577|1076|519|1039|740|1261|728|748|1479|451|173|388|678|372|332|148|834|630|641|645|134|144|631|
2019-03-04|3|1_CTs|ct7||77|65|73|58|45|47|64|25|568|42|31|811|298|20|43|331|19|19|28|30|21|17|27|289|35|27|31|56|55|82|74|112|106|99|153|129|130|123|1408|1406|862|434|132|400|142|400|152|136|162|144|163|661|160|401|171|128|137|151|152|171|435|151|168|146|170|173|411|111|627|321|86|121|165|398|411|399|163|150|146|150|137|404|126|364|367|119|120|92|89|106|102|102|122|115|117|96|
2019-03-04|3|1_CTs|ct8||39|31|31|26|29|21|23|13|536|265|25|264|12|12|6|266|18|9|7|8|13|9|13|11|18|17|15|16|284|28|302|39|60|85|69|345|349|362|868|864|92|118|90|369|98|102|108|90|379|104|125|622|373|106|127|108|107|114|112|112|375|116|131|108|121|130|380|131|374|638|111|390|366|884|111|111|104|86|87|113|93|82|82|71|326|74|71|43|60|56|49|54|70|68|54|54|
2019-03-04|3|1_CTs|ct9||3235|2402|1303|1046|58|46|303|43|288|302|46|52|284|289|32|32|278|542|23|300|16|277|285|17|34|36|357|367|699|2653|967|4252|3887|2261|1018|2639|3359|3400|3626|1666|2608|2875|3124|3686|3950|3516|2866|2858|3309|1516|3091|2941|2302|2984|3400|3186|1428|2020|1097|1271|987|387|958|1695|1258|1601|1356|2497|2488|1178|1242|2395|1783|2761|2145|2253|1770|1367|991|1649|681|1437|2559|3136|815|1686|1635|3498|1932|1761|1121|2574|1635|190|429|131|
2019-03-04|3|1_CTs|ct10||38|48|42|26|31|24|30|27|18|19|21|15|31|17|14|18|12|12|28|25|16|28|23|30|14|25|26|31|30|56|45|62|77|112|115|140|118|131|116|133|108|118|120|124|108|116|129|112|116|130|110|104|126|101|113|112|106|102|124|109|141|128|100|133|121|125|140|141|138|139|156|142|132|146|129|135|131|133|126|116|107|103|89|102|115|82|89|78|97|79|79|71|79|79|87|83|
2019-03-04|3|1_CTs|ct13||382|677|352|80|80|64|326|311|813|69|66|36|562|34|39|38|28|56|316|64|304|568|324|342|324|66|92|949|361|696|208|681|469|905|225|1371|765|486|723|780|1057|516|810|1827|1058|475|244|512|1260|496|556|1026|492|1013|762|264|264|852|240|491|705|521|152|693|198|938|1021|897|348|272|337|775|563|508|566|1262|778|226|499|477|513|944|473|484|232|965|679|444|480|223|986|1170|706|437|284|206|
2019-03-04|3|1_CTs|ct14||386|378|106|328|81|315|53|42|35|556|30|31|44|275|29|284|285|542|806|45|46|311|323|87|588|102|873|444|481|774|328|866|2016|996|356|1125|662|898|382|1151|1369|619|1114|1140|1101|342|1126|348|574|577|833|556|844|826|563|324|570|601|883|355|1357|360|366|570|589|349|1095|720|925|645|808|843|880|1120|868|578|577|608|1036|787|568|826|1042|779|248|989|191|721|706|192|471|704|973|454|434|678|
2019-03-04|3|1_CTs|CT16||69|67|52|26|42|34|25|43|280|289|26|29|21|7|270|14|22|267|13|12|12|24|22|15|27|29|818|311|37|67|104|347|356|413|391|672|403|393|400|420|166|655|186|422|917|160|166|433|926|421|663|594|745|390|373|364|113|125|414|964|422|177|964|658|461|419|444|168|974|828|625|184|192|751|219|985|446|443|171|678|144|419|117|398|637|368|357|612|96|96|121|360|353|108|93|361|
2019-03-04|3|1_CTs|ct18||52|68|47|37|40|35|37|39|26|30|26|23|28|23|23|22|15|12|30|30|22|37|29|30|27|28|48|66|59|83|79|130|123|164|181|215|168|174|177|195|150|173|177|165|158|140|179|181|160|146|163|142|133|153|162|160|159|166|166|166|163|151|151|149|170|137|181|154|178|167|166|180|154|178|176|159|150|170|178|147|129|136|122|126|140|110|119|111|96|108|96|106|101|107|107|107|
2019-03-04|3|1_CTs|ct19||0|0|0|2|1|1|0|0|0|1|0|0|0|0|0|0|0|0|0|0|0|0|2|3|2|1|2|5|5|5|5|3|8|9|4|4|8|6|4|0|5|4|5|3|4|4|6|7|4|4|2|5|6|3|4|6|6|5|6|3|4|4|3|4|4|4|6|4|5|4|9|12|4|10|4|4|6|2|6|6|4|5|6|8|4|4|3|4|0|2|1|0|3|2|0|1|
2019-03-04|3|1_CTs|CT23||309|557|41|284|32|272|12|11|12|783|8|9|11|3|5|5|264|264|13|11|15|15|19|28|23|31|290|580|350|622|156|415|814|1046|427|419|704|438|188|939|410|436|669|675|416|162|673|158|147|399|413|140|404|794|515|153|145|673|181|412|658|171|418|397|411|173|918|153|629|205|894|661|415|672|1191|403|388|676|373|632|394|402|107|896|364|362|83|90|86|331|345|595|601|84|326|579|
2019-03-04|3|1_CTs|ct24||794|270|26|23|275|525|254|12|9|5|6|9|263|9|265|6|7|7|4|6|11|1|5|0|2|2|1|0|1|0|0|0|0|0|0|0|901|1049|1515|791|528|559|1073|1058|1273|515|775|419|828|1015|789|1572|1509|1163|747|759|503|1529|790|1039|1008|266|1275|1045|214|463|750|761|496|791|793|546|569|1316|358|1023|1018|984|708|459|714|1464|950|922|868|369|318|348|617|84|364|335|72|1094|803|64|
