2019-03-08|3|1_CTs|ct1||1087|556|38|23|13|26|14|8|16|255|281|6|8|6|7|6|4|6|3|265|14|9|15|14|19|35|304|63|354|118|430|1238|1339|998|991|693|719|1482|643|460|717|425|961|220|692|704|706|220|737|707|1260|1237|1510|1214|172|1282|573|705|1255|1205|1548|452|461|1251|469|729|474|719|482|1000|465|747|1240|771|976|731|1231|747|474|981|1251|714|1245|967|933|417|378|136|879|100|355|93|349|129|627|632|
2019-03-08|3|1_CTs|ct3||775|951|399|649|876|361|348|312|586|304|321|44|291|316|286|23|287|39|38|47|55|41|71|74|77|119|1408|680|701|775|1164|1771|1795|1018|1420|2125|817|250|1015|904|1411|1026|819|581|1143|1711|1245|620|851|732|486|1234|995|645|525|926|959|1509|1212|1013|1551|780|551|787|787|830|1318|1607|611|1110|1344|1087|1047|858|838|849|587|1066|807|1055|1284|979|502|500|1012|936|1179|632|1157|630|1259|484|853|375|1123|1114|
2019-03-08|3|1_CTs|ct5||1141|1155|949|565|559|1240|552|540|483|1097|1374|590|1302|1344|1791|1326|849|1104|1362|1830|1150|1271|1597|1333|374|486|1233|1047|900|511|633|1436|868|1232|479|1259|1001|992|382|752|445|450|681|977|1151|460|1007|213|726|1225|1030|517|1728|536|982|1059|395|511|751|513|719|485|1024|788|779|1034|792|795|818|860|819|1057|553|579|824|575|1037|294|565|1049|1017|821|535|550|2081|1132|909|901|927|901|919|870|1088|1210|1024|727|
2019-03-08|3|1_CTs|ct7||0|16|78|317|46|562|557|302|52|300|40|37|32|30|29|26|41|25|35|26|26|29|26|35|31|42|49|33|55|54|84|356|117|123|878|409|417|402|659|1408|138|637|166|438|168|1206|146|167|431|1184|951|1192|681|151|433|417|167|426|177|672|659|52|279|0|0|0|13|4|0|0|0|0|0|0|0|0|0|0|0|0|0|0|0|0|0|0|0|0|0|0|0|0|0|0|0|0|
2019-03-08|3|1_CTs|ct8||52|50|54|40|21|275|35|548|21|31|18|14|10|18|7|11|16|25|23|18|9|15|15|12|19|20|25|21|37|40|55|579|67|75|848|363|105|109|611|1115|106|368|111|375|115|395|363|391|109|888|400|660|98|635|383|390|136|628|362|389|873|138|386|137|139|618|136|1387|636|401|406|139|156|147|650|373|413|152|103|357|325|85|84|96|109|93|92|74|76|66|90|337|80|372|1126|95|
2019-03-08|3|1_CTs|ct9||379|634|366|346|343|1089|331|314|61|65|37|58|312|48|27|35|550|296|26|26|23|545|29|24|285|577|56|584|447|1035|2285|1597|1665|3315|3851|3493|2997|2786|1529|1929|3441|2668|1469|1672|747|775|1077|1331|885|208|230|770|509|1258|299|963|2359|1043|952|1953|2380|1528|3334|2507|504|783|833|1308|141|634|519|729|442|388|129|468|1076|1901|1334|1899|1202|1149|928|883|3042|1804|1386|525|1161|1655|1211|1116|1979|764|398|681|
2019-03-08|3|1_CTs|ct10||69|55|53|57|63|40|35|39|31|29|24|34|29|21|31|28|21|21|34|25|38|28|29|23|31|23|29|35|47|53|82|105|165|158|158|182|187|150|160|157|125|125|145|150|142|112|134|142|128|136|136|141|134|146|161|148|143|141|138|155|168|166|152|149|154|156|160|152|130|149|152|157|148|152|162|151|165|159|145|165|156|141|159|150|127|139|123|114|107|124|100|100|122|122|116|108|
2019-03-08|3|1_CTs|ct13||986|969|440|625|1150|339|361|104|84|74|328|65|1352|68|552|320|315|56|338|58|74|561|322|572|93|95|876|368|392|434|196|1296|1553|1578|1029|815|230|1503|146|137|460|724|500|509|925|522|740|183|760|764|476|526|738|1032|490|992|520|515|962|1217|678|412|677|449|748|457|205|474|459|532|739|1218|460|757|235|786|977|414|432|1289|746|220|229|218|1037|1047|794|501|1547|504|527|224|1295|741|1805|508|
2019-03-08|3|1_CTs|ct14||657|653|124|100|592|1085|844|60|325|305|302|301|302|288|294|38|41|28|51|46|568|58|585|337|607|114|679|989|790|871|350|1126|1205|688|668|1172|1454|1481|914|1163|652|891|404|409|891|904|911|408|364|1139|1151|886|1397|617|378|649|388|388|1634|1125|1381|1176|618|602|1098|865|883|601|361|333|842|1131|860|1381|338|844|1146|900|641|1919|649|895|348|374|1081|1062|547|287|236|505|1019|229|487|811|1029|788|
2019-03-08|3|1_CTs|CT16||117|83|585|74|584|51|34|50|40|59|42|35|25|24|26|23|21|18|27|17|15|19|23|19|22|37|37|43|59|80|93|670|414|937|138|411|995|968|208|453|697|951|158|457|181|709|427|478|690|181|666|185|950|156|152|392|170|440|944|657|457|455|500|464|227|486|244|512|465|218|242|518|213|459|970|494|529|515|215|999|752|1241|944|434|170|650|661|143|380|402|255|251|116|408|662|113|
2019-03-08|3|1_CTs|ct18||92|81|71|77|73|43|43|47|31|52|32|42|33|26|35|30|34|27|42|30|44|32|42|30|45|36|46|56|91|102|111|183|226|238|217|289|243|231|229|245|182|191|201|198|200|165|194|168|182|161|202|158|159|170|203|168|186|194|167|210|211|181|176|182|171|204|198|194|176|224|168|210|212|200|222|210|159|193|206|190|201|182|203|185|158|186|158|136|146|160|135|136|150|158|134|154|
2019-03-08|3|1_CTs|ct19||4|1|0|0|0|0|2|0|0|0|0|0|0|0|0|0|0|0|0|1|0|0|3|4|2|5|7|7|1|6|7|4|4|4|5|4|9|7|12|7|5|4|4|6|4|6|6|6|8|12|3|5|5|4|4|7|4|4|5|3|9|9|6|8|7|10|5|9|5|4|6|6|9|3|8|7|7|12|6|6|4|8|6|3|4|6|4|5|2|1|1|1|0|2|1|1|
2019-03-08|3|1_CTs|CT23||64|575|52|36|286|533|536|19|26|11|11|12|268|8|11|14|14|9|15|17|21|18|284|26|33|44|577|343|384|419|673|944|470|205|1484|190|472|1005|705|705|444|430|446|445|937|1461|972|457|681|692|949|1195|945|688|190|452|694|172|1205|678|939|450|673|420|401|413|432|925|418|403|403|930|666|415|151|661|954|690|184|1211|700|438|170|184|903|903|137|399|113|627|371|108|106|403|637|639|
2019-03-08|3|1_CTs|ct24||295|1026|656|165|271|13|11|12|9|8|5|7|13|13|5|5|4|9|6|264|11|15|19|291|293|949|701|478|803|1372|868|838|525|768|703|1671|1042|1827|545|1226|1298|804|1321|582|1747|1261|1060|803|1550|1018|795|1363|1805|1504|1090|802|1321|1082|1771|1288|1508|552|1865|1052|1294|1586|1817|755|728|1047|816|773|321|839|1286|786|797|583|295|1494|1301|1081|1060|571|980|707|652|131|865|896|598|108|583|92|1087|320|
