2019-01-13|6|1_CTs|CT1||2|1|0|77|0|0|0|3|0|136|1|0|0|2|1|1|0|2|0|0|0|2|1|1|0|0|1|0|0|3|0|93|0|2|0|2|1|1|2|1|3|3|1|4|5|4|4|8|7|4|5|3|4|2|3|3|1|5|4|4|4|8|4|3|1|5|3|8|4|3|81|5|7|9|8|6|9|3|2|4|6|3|6|2|7|1|1|3|0|3|0|4|105|0|0|1|
2019-01-13|6|1_CTs|CT2||0|0|0|0|0|0|0|0|0|0|0|0|0|0|0|0|0|0|0|0|0|0|0|0|0|0|0|0|0|0|0|0|0|0|0|0|0|0|0|0|0|0|0|0|0|0|0|0|0|0|0|0|0|0|0|0|0|0|0|0|0|0|2|0|0|0|0|0|0|0|0|0|0|0|0|0|0|0|0|0|2|0|0|0|0|0|0|0|0|0|0|0|0|0|0|0|
2019-01-13|6|1_CTs|CT7||6|8|1|3|3|4|1|1|5|1|1|1|0|0|0|1|2|0|63|136|1|1|1|4|1|2|139|4|2|3|137|0|3|112|1|3|3|3|2|6|4|127|6|143|8|8|177|160|131|10|116|148|14|11|128|6|8|154|8|13|11|7|10|11|19|228|4|12|10|9|17|9|18|196|99|11|17|9|8|10|8|9|10|5|3|9|6|7|186|10|5|6|2|4|4|2|
2019-01-13|6|1_CTs|CT9||117|18|16|344|102|101|9|10|7|6|8|156|5|5|155|2|5|2|4|0|184|3|3|2|2|159|7|208|6|5|160|8|147|144|11|112|94|12|13|22|10|111|19|137|256|134|214|24|165|170|16|159|49|601|31|331|45|418|189|45|133|28|126|33|155|140|40|42|41|129|258|33|27|86|378|33|26|229|32|19|298|622|23|27|133|17|22|126|15|138|272|12|12|10|146|117|
2019-01-13|6|1_CTs|CT10||11|24|11|430|103|12|13|9|5|8|12|130|2|3|5|362|2|2|2|4|2|3|5|2|2|7|5|5|6|8|144|242|159|123|138|8|10|220|12|167|262|24|19|182|127|154|35|31|470|244|150|536|43|176|31|24|139|147|20|151|23|160|33|36|143|125|39|22|139|36|198|48|269|103|415|318|45|116|163|32|163|408|172|14|179|23|16|13|167|13|16|88|126|17|256|11|
2019-01-13|6|1_CTs|CT11||23|16|19|17|117|100|7|8|2|144|8|5|124|6|8|261|6|4|4|3|123|2|4|2|3|66|4|11|13|15|123|200|89|119|23|14|382|138|433|32|120|37|184|551|185|177|26|396|560|707|48|135|65|187|49|288|243|54|215|148|50|228|224|163|53|477|288|527|176|151|378|127|146|154|284|259|211|148|232|160|193|403|548|336|30|114|254|114|18|90|166|112|267|14|9|18|
2019-01-13|6|1_CTs|CT12||121|152|21|245|10|16|15|4|278|162|11|13|13|131|5|115|2|5|139|142|7|169|188|9|4|250|10|172|13|330|30|15|22|26|196|150|221|177|314|166|289|233|151|39|393|49|199|358|285|65|371|346|152|186|251|213|209|341|45|313|575|491|192|199|182|647|200|172|59|228|406|202|275|229|533|294|209|351|396|211|187|450|44|198|155|94|40|38|523|156|21|279|156|139|22|186|
2019-01-13|6|1_CTs|CT13||11|12|6|4|6|2|4|2|2|3|7|3|2|1|0|2|0|1|3|0|2|1|2|6|3|4|2|7|2|8|8|2|9|9|115|126|159|6|8|112|14|9|15|280|134|14|332|11|103|9|10|22|94|15|10|15|12|10|166|90|18|10|245|12|328|169|113|16|16|115|15|15|13|6|11|6|85|14|345|112|15|115|16|8|4|8|4|11|11|143|6|9|5|10|3|5|
2019-01-13|6|1_CTs|CT15||13|19|55|65|2|7|2|2|5|9|69|53|3|97|3|1|4|111|50|3|9|1|7|81|64|2|111|54|96|87|47|9|102|65|62|256|61|134|132|97|177|230|111|220|15|73|106|76|296|105|26|221|77|187|35|100|134|90|174|142|22|17|154|22|159|159|77|90|186|228|300|39|190|445|333|103|72|33|200|83|18|232|18|20|12|89|51|15|182|16|9|192|176|53|14|8|
2019-01-13|6|1_CTs|CT16||28|26|18|108|306|14|11|17|16|16|106|9|9|6|6|140|145|6|2|5|5|4|158|107|8|299|9|11|11|8|20|18|19|16|16|186|151|18|316|171|340|344|196|276|229|47|61|173|62|200|196|859|367|628|326|275|332|370|73|257|317|324|62|52|204|514|48|210|76|534|86|359|286|76|296|220|196|415|211|314|199|816|339|60|43|374|48|31|553|162|198|532|21|311|13|153|
