2018-11-19|3|1_CTs|ct1||284|25|44|27|11|16|10|10|5|262|2|2|6|9|2|2|1|6|4|5|11|10|13|20|279|31|294|315|495|184|222|760|1256|736|220|237|976|716|446|1441|434|1057|189|931|456|1271|913|149|685|166|184|743|665|157|177|668|160|448|448|465|723|1303|343|526|249|1343|973|277|497|733|506|1004|506|219|733|459|433|719|1019|356|1180|716|426|124|631|95|89|90|851|332|331|587|61|71|83|53|
2018-11-19|3|1_CTs|ct3||169|402|204|386|351|594|57|314|41|47|46|29|236|118|31|292|23|290|18|39|50|554|313|594|600|103|903|926|465|247|422|1282|1057|824|808|1584|1462|2398|865|662|888|982|440|326|597|1420|801|800|690|698|682|845|823|972|1190|681|669|992|1006|983|1274|528|1011|1042|522|1537|784|826|1861|1117|1118|801|1302|608|824|539|1299|1080|818|1026|767|1039|736|660|912|857|345|1086|1580|784|549|314|245|273|283|1238|
2018-11-19|3|1_CTs|ct5||76|85|571|301|45|38|32|279|536|25|17|267|18|15|7|14|11|14|11|6|8|7|17|269|12|24|310|39|309|88|148|210|765|2039|246|1518|496|502|953|1492|198|730|485|493|210|445|226|502|504|225|759|743|247|509|235|436|1655|464|450|515|1006|275|757|552|538|547|800|297|780|323|591|333|294|562|500|562|289|800|516|1088|516|772|203|437|701|402|372|393|1135|423|408|143|152|158|394|389|
2018-11-19|3|1_CTs|ct7||65|318|51|319|44|39|30|30|38|277|29|15|16|16|272|20|18|23|24|19|25|22|21|276|291|30|46|43|53|57|70|101|107|145|142|176|177|414|669|400|659|150|153|150|163|434|670|167|168|416|394|142|426|921|382|144|144|163|165|180|412|928|155|93|328|101|329|583|63|43|55|37|1|0|0|279|108|41|8|2|0|0|0|0|0|0|0|0|0|0|0|0|14|96|100|90|
2018-11-19|3|1_CTs|ct8||38|36|29|284|22|19|8|9|274|8|17|7|7|6|6|9|6|11|9|7|12|6|11|8|17|17|23|25|23|32|47|73|74|353|89|128|137|640|372|125|373|111|115|119|372|381|387|122|130|146|372|125|388|374|82|114|118|124|122|131|390|630|151|412|398|145|400|148|138|128|125|120|147|128|128|377|138|119|104|362|98|87|67|65|57|63|62|545|48|564|316|312|42|63|62|56|
2018-11-19|3|1_CTs|ct9||318|374|305|69|54|84|562|302|370|33|25|22|46|52|38|32|311|26|605|124|471|61|293|369|383|73|433|146|978|3588|3841|3383|3174|3992|3880|3610|3707|3876|3550|4365|2976|2181|1558|1776|1295|3082|1786|190|471|583|1228|1754|1623|1488|481|1081|2757|412|2176|1074|1334|1983|3364|2242|743|700|904|656|1118|898|720|1386|294|1501|1783|2328|2476|2969|4019|3106|3914|2330|3720|3691|2897|2311|3396|2822|2482|2897|2106|1544|2497|1755|722|1764|
2018-11-19|3|1_CTs|ct10||55|52|43|36|35|31|15|18|21|17|18|17|27|10|15|10|16|10|15|19|26|22|19|27|19|25|27|30|51|58|104|130|160|152|180|168|188|161|169|152|163|146|138|124|130|141|136|112|142|125|135|138|121|125|137|122|140|149|138|155|146|131|141|143|145|151|156|150|143|166|155|176|148|151|151|149|153|126|130|138|136|137|128|98|107|87|106|78|77|80|77|95|99|95|59|74|
2018-11-19|3|1_CTs|ct13||158|132|122|362|67|610|306|304|291|319|46|295|314|288|34|548|64|48|52|336|778|323|56|346|72|83|106|126|146|162|462|497|676|1182|537|302|1056|749|1564|1058|286|510|348|817|521|545|784|699|1333|549|248|526|772|521|820|214|760|576|801|868|992|548|1327|303|496|774|1382|720|1067|505|282|586|550|377|125|231|607|543|1064|524|517|516|571|713|248|252|767|445|705|747|196|232|467|198|166|168|
2018-11-19|3|1_CTs|ct14||370|372|373|255|402|581|299|299|46|34|33|23|34|274|288|545|295|39|302|47|295|56|573|321|838|129|672|736|525|368|633|651|1714|916|415|957|967|1995|1703|1197|390|888|876|1403|644|1662|601|627|1172|653|622|331|591|335|334|886|1390|619|664|635|1167|872|840|356|316|337|599|331|563|604|883|545|1110|595|610|601|875|860|586|795|560|845|529|274|1046|549|1244|981|1235|501|187|226|181|466|154|429|
2018-11-19|3|1_CTs|CT16||128|62|337|78|49|65|48|313|308|32|40|29|51|27|29|537|15|44|18|12|322|304|30|68|20|47|294|320|76|90|906|171|453|220|185|542|179|733|499|971|476|232|215|1297|190|989|219|492|186|224|474|721|432|440|234|702|747|500|237|490|501|1317|203|242|194|490|966|510|516|488|509|542|581|548|561|283|1039|237|512|1092|252|675|164|156|213|429|350|163|417|649|132|418|165|116|68|372|
2018-11-19|3|1_CTs|ct18||79|60|42|54|42|33|18|26|19|19|20|25|29|13|20|14|23|14|19|23|31|25|24|34|29|32|49|59|83|97|159|186|218|233|222|273|216|219|237|234|215|202|194|184|183|178|185|189|180|181|220|181|153|162|185|173|172|196|225|186|202|192|190|167|164|195|191|192|156|169|174|197|178|204|207|193|186|146|166|178|161|148|151|103|121|118|133|105|104|117|104|116|111|121|80|89|
2018-11-19|3|1_CTs|ct19||2|1|0|0|0|0|0|0|0|0|0|0|0|1|2|0|0|0|0|0|0|0|1|2|3|4|3|4|8|7|9|1|6|6|6|8|10|6|6|6|5|5|9|5|6|5|9|4|9|4|4|4|15|8|2|6|6|6|6|10|8|4|7|9|9|5|9|8|7|11|4|10|10|4|8|9|6|8|7|8|6|7|5|5|8|4|4|2|0|0|0|3|5|2|1|1|
2018-11-19|3|1_CTs|ct22||2|2|3|1|0|2|1|0|1|1|0|0|0|0|0|0|0|1|259|0|0|1|0|2|1|4|257|5|9|10|269|12|5|11|9|10|8|10|5|12|13|17|19|279|25|13|20|275|278|280|10|16|14|10|6|11|532|12|16|27|11|268|21|18|17|16|283|14|19|30|25|24|17|25|21|269|16|11|13|11|523|17|12|14|20|10|9|9|3|260|263|2|5|268|3|262|
2018-11-19|3|1_CTs|CT23||45|306|42|26|275|282|15|11|14|9|8|6|9|1|10|8|267|13|273|11|9|275|18|278|277|43|573|342|618|169|429|185|717|705|197|470|991|1261|964|973|181|938|433|952|691|1198|919|683|691|706|182|159|677|417|413|432|688|669|442|1262|381|170|664|164|386|919|675|150|648|407|425|376|659|409|149|412|418|672|666|125|649|667|374|378|641|388|865|1375|603|869|80|97|80|344|66|69|
2018-11-19|3|1_CTs|ct24||56|57|261|30|26|13|262|12|14|12|238|13|9|15|14|511|9|13|10|278|32|33|53|335|571|682|996|883|1260|610|1080|618|1734|1782|1027|1831|2237|1543|1570|1306|1226|1016|1001|1862|535|972|987|1469|759|697|515|798|1728|913|429|901|935|952|1036|1019|1153|1303|1883|682|658|696|2186|935|1452|694|486|1446|1471|946|677|1454|710|655|1111|335|558|282|627|589|165|963|889|852|907|661|641|123|608|341|92|79|
