2018-10-20|3|1_CTs|ct1||612|1093|870|70|343|578|666|431|45|39|31|39|298|37|26|47|275|536|28|23|273|24|21|33|26|35|285|61|30|44|60|75|56|351|630|99|632|385|506|312|386|1204|395|406|914|650|665|681|630|1167|938|1230|900|2017|380|408|637|665|415|648|495|405|686|660|427|712|423|690|407|393|409|619|730|966|948|150|686|413|684|672|1177|448|661|152|135|111|127|361|84|604|331|81|1122|343|630|1134|
2018-10-20|3|1_CTs|ct3||861|610|552|268|528|754|1076|320|423|174|656|139|680|133|1155|388|617|414|643|151|419|675|880|114|879|393|388|396|139|665|710|259|994|536|580|336|826|316|870|907|636|1178|381|1195|1400|663|688|814|1120|971|1233|1004|953|1090|698|453|651|1155|1430|1417|681|1424|472|709|822|1534|678|815|700|1230|736|690|963|1204|449|418|678|983|961|685|686|724|677|370|637|619|573|1600|834|1165|713|810|1128|2419|859|626|
2018-10-20|3|1_CTs|ct5||724|513|499|667|149|884|394|373|331|97|344|56|81|309|46|302|40|291|39|32|33|35|287|286|16|24|47|42|44|294|78|597|86|375|395|599|160|428|435|943|459|448|917|465|623|489|210|484|725|761|490|1015|545|1427|248|494|670|434|701|202|212|982|480|249|458|1020|464|522|518|762|508|481|856|511|1031|738|512|777|1240|517|935|202|682|423|698|183|640|378|136|367|393|391|705|206|254|1031|
2018-10-20|3|1_CTs|ct7||942|454|392|138|393|111|100|125|601|381|86|87|343|257|124|318|55|327|312|56|53|53|37|51|47|65|56|54|335|68|70|69|360|96|629|113|116|119|1148|149|627|136|769|272|667|117|142|166|925|384|180|413|412|377|405|139|882|151|401|656|156|186|167|437|416|184|928|148|640|911|147|874|166|166|433|154|176|179|183|154|644|132|420|426|431|414|412|147|134|122|356|116|127|163|912|159|
2018-10-20|3|1_CTs|ct8||113|160|376|82|87|61|60|82|288|43|44|50|37|223|84|22|26|278|284|23|19|23|15|25|17|19|25|31|539|33|39|48|50|67|335|72|74|83|1099|101|338|81|220|226|94|80|82|89|85|103|105|617|358|94|106|95|344|363|362|367|110|127|368|442|838|135|625|111|573|446|136|121|109|394|135|137|126|117|122|121|635|106|103|123|130|364|118|82|84|87|318|82|337|100|627|111|
2018-10-20|3|1_CTs|ct9||394|150|396|648|431|105|379|371|107|349|109|327|89|342|81|338|65|60|317|312|313|308|571|301|32|61|308|289|60|68|69|936|983|2431|2677|2304|711|203|539|1047|999|415|256|456|1638|3435|1993|2182|459|228|1275|1424|949|2513|2738|1399|710|969|368|746|265|200|2119|317|2017|3126|3856|3535|684|784|530|252|595|1492|717|799|754|273|1050|900|414|832|925|2920|2536|1184|780|394|427|384|579|655|390|390|166|134|
2018-10-20|3|1_CTs|ct10||126|119|125|115|117|123|70|96|107|108|101|69|88|73|105|82|73|66|73|73|73|62|77|51|55|55|51|46|55|41|59|53|54|56|73|74|62|75|85|118|119|78|110|121|120|114|133|125|155|116|142|144|161|137|166|121|117|130|106|119|110|142|133|156|160|146|155|149|156|148|149|116|162|174|157|132|131|142|165|155|126|111|128|111|126|109|142|110|93|112|104|110|103|95|115|103|
2018-10-20|3|1_CTs|ct13||766|530|730|498|491|475|1468|188|427|164|446|150|187|928|932|1132|437|118|202|142|392|374|120|140|662|148|306|1952|416|647|177|416|530|698|240|597|475|362|1271|527|769|1072|548|779|481|1029|1081|261|243|786|769|281|557|496|744|232|194|740|744|746|735|265|757|1282|516|1306|477|202|802|784|524|251|1045|1031|290|545|1325|514|795|830|1046|385|528|358|789|288|258|774|738|711|495|512|518|487|784|778|
2018-10-20|3|1_CTs|ct14||523|774|233|465|502|711|438|407|657|649|141|367|371|371|373|619|604|587|92|87|355|349|351|346|685|276|370|375|902|905|214|220|734|238|542|303|538|546|605|356|329|542|535|823|970|663|564|685|984|564|559|612|354|1102|865|361|797|808|820|1088|876|1128|373|900|1380|590|1134|1149|378|898|366|633|608|1130|338|368|664|645|883|367|870|602|632|761|648|264|750|509|726|1014|207|491|1291|1025|276|1032|
2018-10-20|3|1_CTs|CT16||133|398|124|380|145|627|619|89|92|350|80|359|95|321|313|69|57|78|330|305|52|299|45|37|51|47|51|33|52|37|43|69|74|604|353|354|116|388|395|132|394|649|149|420|408|141|402|147|139|413|426|445|670|928|148|151|651|394|689|128|414|666|199|454|970|186|213|445|466|173|233|189|994|181|205|447|438|183|189|430|684|392|172|154|409|131|622|372|615|872|107|120|369|128|411|125|
2018-10-20|3|1_CTs|ct22||6|263|6|4|1|8|2|7|3|1|259|6|2|4|2|7|2|1|2|1|5|5|4|2|5|2|7|8|4|5|3|263|4|7|13|9|6|264|13|15|11|14|30|20|270|15|277|275|16|18|281|18|276|270|12|16|20|19|16|10|16|12|20|10|13|269|272|16|15|11|16|10|270|19|273|12|274|12|9|273|13|16|14|22|29|18|265|11|19|7|270|7|12|263|11|267|
2018-10-20|3|1_CTs|CT23||381|378|110|95|606|599|70|62|59|315|62|44|40|33|47|551|291|284|33|36|296|289|296|288|116|211|36|40|308|828|343|90|615|105|647|141|386|385|157|426|145|137|574|204|555|229|138|152|148|407|909|169|176|416|429|168|132|649|392|922|683|429|171|187|419|152|942|943|946|446|166|182|426|678|668|435|458|446|174|175|157|164|437|400|666|122|373|378|360|363|90|354|377|625|131|643|
2018-10-20|3|1_CTs|ct24||387|878|348|598|592|573|56|540|555|43|1037|253|21|23|26|17|520|21|20|27|293|293|30|52|297|101|638|115|891|925|741|719|492|568|865|916|833|889|1203|787|911|900|1125|876|1347|915|1431|899|407|637|1164|688|688|1871|1142|365|1291|1348|2186|2442|962|1240|446|1207|681|1135|1162|942|1722|744|981|732|1757|1259|480|1203|721|1003|2012|988|1753|1251|746|341|573|715|740|660|1008|1825|390|412|938|456|905|922|
