2018-08-21|3|1_CTs|ct1||53|30|42|26|241|20|10|51|12|17|2|12|2|9|8|5|4|6|4|9|13|14|10|16|24|24|31|44|65|341|112|130|372|438|446|232|444|691|390|175|156|140|179|408|186|191|168|403|181|193|475|177|192|406|152|155|171|445|203|437|159|415|200|129|192|171|656|175|188|367|190|434|218|262|224|198|199|183|449|163|146|134|115|100|103|332|97|114|343|97|84|73|70|62|67|51|
2018-08-21|3|1_CTs|ct3||441|174|652|139|107|178|269|79|348|85|48|69|58|46|82|345|33|54|81|51|767|54|66|110|99|402|144|140|179|244|313|511|714|800|1088|769|955|866|1061|565|757|569|645|421|452|430|424|370|649|436|416|438|725|691|668|414|418|442|974|718|426|464|490|420|957|477|981|541|691|555|793|538|581|611|557|792|527|550|803|737|450|712|382|325|640|286|541|783|543|304|261|257|301|266|305|227|
2018-08-21|3|1_CTs|ct5||108|102|97|67|68|66|54|262|41|42|25|21|26|14|17|23|19|19|12|12|11|15|15|11|25|21|34|301|54|72|120|406|401|195|231|252|490|488|254|221|238|210|243|245|755|261|260|269|500|279|483|255|229|201|181|187|190|177|211|223|246|772|271|295|1009|277|308|526|281|409|798|308|311|786|293|558|307|283|266|262|226|206|162|142|172|157|123|623|130|155|157|134|403|145|155|364|
2018-08-21|3|1_CTs|ct7||99|89|90|81|70|53|57|47|56|45|42|27|31|281|30|13|17|19|18|26|19|18|21|26|33|28|41|39|56|322|67|281|88|362|386|548|133|155|129|149|138|125|628|669|181|172|175|177|147|157|171|145|149|128|125|137|154|386|400|161|173|166|163|158|406|177|419|168|669|151|886|68|72|74|83|380|151|145|150|140|138|128|117|107|127|109|120|116|115|355|329|137|121|149|138|118|
2018-08-21|3|1_CTs|ct8||62|56|56|42|37|37|36|20|27|17|17|9|10|6|8|5|6|11|6|31|20|6|9|15|16|14|17|27|24|29|38|553|52|328|340|319|599|108|92|99|95|93|598|104|125|625|130|364|101|112|124|106|374|103|341|95|102|101|358|123|623|368|121|116|112|353|610|128|130|140|374|133|149|375|142|140|109|116|102|370|97|83|71|69|83|67|84|81|75|84|281|86|81|96|95|68|
2018-08-21|3|1_CTs|ct9||121|93|74|66|50|67|55|49|56|54|65|48|32|35|42|30|27|23|291|21|23|27|32|29|34|40|50|1039|881|292|594|1234|888|754|340|288|312|510|221|264|1307|758|543|651|380|716|601|1998|927|1451|1579|536|202|179|596|261|160|276|281|1760|674|1395|213|176|456|521|1221|1070|638|487|229|466|509|777|762|3103|338|698|1670|1791|858|506|371|772|658|835|980|151|841|1088|459|1256|88|171|323|531|
2018-08-21|3|1_CTs|ct10||80|76|58|47|56|43|45|44|34|38|22|26|17|25|17|18|19|30|35|21|15|16|18|20|20|18|28|38|34|44|56|67|73|96|116|116|107|146|128|112|136|122|134|131|127|114|134|136|130|124|128|122|143|99|103|122|140|109|129|130|126|125|140|113|123|122|140|119|131|142|126|144|148|139|140|126|138|134|122|106|112|93|104|92|95|92|93|84|82|74|76|88|87|78|84|71|
2018-08-21|3|1_CTs|ct13||1134|836|269|125|120|107|325|102|847|1815|2168|1341|56|47|44|282|589|1127|2052|539|311|676|38|69|74|1672|2096|653|108|149|250|170|222|258|487|418|514|807|28|18|838|254|258|273|201|491|249|259|563|284|544|219|260|267|521|248|321|272|243|255|244|951|630|206|504|204|222|508|280|272|214|265|199|184|289|493|270|510|548|657|259|1184|191|1236|1543|321|1996|502|1131|2731|218|627|367|418|1088|259|
2018-08-21|3|1_CTs|ct14||400|170|647|115|367|351|76|68|77|61|56|34|37|38|41|29|30|44|52|71|31|55|45|51|73|341|112|202|189|545|288|602|311|330|382|393|878|402|356|402|326|335|340|372|593|369|312|318|348|336|545|294|358|561|279|254|319|354|570|819|570|325|318|300|1109|255|550|319|323|420|589|562|304|389|331|363|333|351|587|862|340|302|250|240|479|184|208|469|190|249|210|236|250|461|186|450|
2018-08-21|3|1_CTs|CT16||91|82|83|85|79|78|56|43|88|57|32|38|29|44|49|20|35|35|29|28|17|30|272|30|26|30|31|323|96|63|106|135|127|139|148|150|176|671|139|149|179|164|168|164|164|143|178|426|162|176|446|432|161|147|153|148|180|162|420|675|178|416|165|184|184|462|188|223|188|198|232|223|242|224|242|209|196|199|435|156|153|135|123|107|133|116|109|98|353|116|358|105|95|88|117|365|
2018-08-21|3|1_CTs|ct22||7|7|3|4|0|2|1|2|4|2|2|1|0|1|1|0|2|2|0|2|0|2|2|1|4|3|260|9|2|13|12|9|14|14|11|21|17|19|11|20|274|17|13|29|24|25|16|18|29|22|42|21|20|9|12|12|20|18|277|14|12|21|23|14|280|24|24|30|33|21|283|28|35|32|17|31|19|23|13|271|17|10|5|6|7|5|9|14|9|14|12|11|6|12|10|3|
2018-08-21|3|1_CTs|CT23||59|71|54|38|43|38|27|22|26|22|13|7|11|11|15|9|8|12|14|29|8|16|9|13|20|32|38|79|70|115|124|406|133|154|184|185|677|182|166|193|158|163|159|182|410|173|140|146|157|159|129|122|405|138|129|118|148|166|401|399|396|654|137|134|425|327|441|156|143|233|405|140|134|169|137|161|152|166|148|413|155|137|105|105|355|72|84|341|76|108|86|105|110|93|82|342|
2018-08-21|3|1_CTs|ct24||109|88|73|70|40|32|36|30|28|24|19|18|12|18|16|17|13|15|18|27|15|31|40|46|56|376|178|304|340|692|498|821|539|603|807|583|819|1032|757|548|737|701|504|756|644|401|389|402|426|406|613|385|662|411|605|405|418|654|676|622|381|400|640|388|624|1063|891|666|375|492|938|920|429|490|510|479|388|435|395|685|391|609|277|255|500|444|679|421|171|188|189|433|430|125|149|100|
