2018-08-26|3|1_CTs|ct1||76|128|58|47|37|63|29|35|22|33|28|30|19|28|15|21|17|16|13|20|15|17|5|46|6|17|17|15|24|279|25|31|30|38|38|46|44|55|280|362|66|331|74|90|83|72|360|72|104|111|94|146|365|95|104|90|352|60|590|115|95|107|97|86|89|97|93|125|464|184|113|357|87|83|130|97|107|112|107|86|107|120|102|83|354|83|367|79|100|68|74|74|56|329|76|64|
2018-08-26|3|1_CTs|ct3||286|271|234|202|151|412|152|120|113|130|379|364|108|114|599|108|95|329|68|66|67|78|74|79|62|84|87|70|352|93|385|145|152|174|179|186|180|439|249|260|255|559|298|281|369|289|840|560|313|348|370|363|886|355|307|284|288|242|556|328|300|319|328|327|597|637|1133|489|299|379|326|329|327|385|794|363|857|299|929|641|307|406|372|286|309|714|957|568|1123|558|562|297|515|288|275|733|
2018-08-26|3|1_CTs|ct5||150|422|177|114|109|98|348|84|88|92|80|58|56|57|53|44|38|305|36|44|24|19|23|288|25|27|45|22|287|272|302|302|321|86|80|113|364|115|122|128|639|643|417|165|155|187|171|438|461|189|458|167|670|168|145|140|415|172|156|157|156|174|184|196|204|193|168|165|176|694|194|416|401|165|160|407|360|198|170|189|157|171|171|139|123|120|143|145|329|113|119|104|113|141|123|404|
2018-08-26|3|1_CTs|ct7||127|148|121|103|114|84|105|90|345|87|72|75|63|74|62|65|36|46|63|301|302|29|38|50|257|38|41|284|286|36|41|48|59|44|59|63|77|75|69|75|88|71|74|105|109|105|101|109|111|126|94|611|100|359|91|100|115|360|104|109|370|609|121|117|114|640|125|120|123|628|110|112|112|128|390|361|116|123|139|393|124|109|490|453|109|112|360|116|111|92|111|112|114|92|124|109|
2018-08-26|3|1_CTs|ct8||76|91|69|68|61|46|64|56|59|53|38|32|24|25|32|38|17|24|29|283|268|11|15|23|9|15|16|271|21|20|18|28|29|31|47|51|50|48|50|53|53|46|41|71|71|61|63|73|69|78|64|320|53|59|54|68|77|63|63|79|78|330|71|315|62|343|86|83|78|334|340|345|77|83|89|90|85|339|98|349|89|74|69|304|69|62|64|84|68|53|87|66|71|60|83|73|
2018-08-26|3|1_CTs|ct9||154|158|1515|264|201|342|100|113|123|121|503|144|103|57|58|66|71|36|47|45|35|38|38|38|37|32|32|99|737|113|129|85|1757|601|194|830|1354|364|2221|74|343|91|700|1846|196|678|2498|1924|2592|2104|2237|2439|2741|1645|1031|1661|1875|2514|4155|3329|3958|3902|3935|3313|1057|305|1111|305|377|819|362|550|881|183|309|245|391|361|674|315|165|319|207|385|219|511|1861|188|605|831|339|966|2705|2128|452|250|
2018-08-26|3|1_CTs|ct10||95|99|88|86|82|70|63|84|70|83|93|75|62|58|77|66|72|54|52|45|60|41|56|49|42|36|35|64|36|39|37|30|26|29|31|28|37|41|46|50|49|68|55|72|66|73|70|77|62|81|73|79|80|70|74|69|73|71|74|91|85|95|80|93|88|81|84|91|76|76|85|95|87|95|94|103|91|92|112|115|112|122|110|83|137|115|106|113|97|96|95|78|81|90|85|78|
2018-08-26|3|1_CTs|ct13||190|213|182|159|146|135|163|138|369|162|160|123|128|129|125|359|142|114|125|82|98|69|94|90|86|92|130|108|84|355|123|82|75|115|146|132|163|188|381|218|168|688|188|165|211|210|216|487|190|208|226|321|189|439|182|404|173|185|391|213|233|1132|235|219|609|1128|213|319|485|236|248|598|186|212|378|214|252|477|259|217|503|225|427|222|386|470|554|200|440|183|530|172|1457|526|218|182|
2018-08-26|3|1_CTs|ct14||204|259|206|189|161|668|158|126|368|374|369|351|84|97|100|319|85|71|81|74|72|57|88|83|315|77|71|90|104|110|161|141|373|128|118|140|146|126|148|686|199|168|169|148|212|147|445|195|176|225|205|221|468|236|223|177|201|201|198|236|245|262|242|288|268|261|523|270|266|316|263|518|284|288|304|286|289|526|301|561|512|278|509|250|249|465|458|230|224|236|221|210|232|221|473|197|
2018-08-26|3|1_CTs|CT16||121|153|100|105|124|117|98|109|82|104|83|64|66|69|50|66|66|305|60|50|50|53|34|46|57|40|32|41|36|45|41|40|39|315|65|62|49|66|69|54|75|319|373|103|87|119|85|602|109|353|121|91|340|111|77|340|350|361|106|89|121|101|104|122|120|86|127|120|374|121|117|123|119|142|402|408|137|152|147|386|141|151|157|151|146|132|145|115|102|94|127|117|138|110|353|336|
2018-08-26|3|1_CTs|ct22||11|9|1|5|4|2|4|2|4|3|2|1|2|4|2|3|2|0|2|3|3|1|1|1|1|1|3|2|3|2|1|3|2|5|2|3|0|6|4|4|9|3|7|5|9|10|9|9|8|7|263|8|12|8|261|4|6|4|9|6|6|10|3|6|5|9|12|5|8|12|22|10|7|6|14|262|2|12|5|2|10|27|6|5|4|10|8|5|8|6|267|9|7|7|2|8|
2018-08-26|3|1_CTs|CT23||73|112|83|77|318|576|60|46|301|44|39|32|27|36|36|271|38|21|25|26|21|12|30|25|17|26|16|34|35|36|65|55|44|50|36|51|56|50|58|63|81|62|65|59|91|50|328|78|70|100|86|94|89|103|96|73|79|347|80|104|104|109|103|130|115|111|119|113|109|139|104|377|124|131|140|131|136|375|398|145|369|120|108|113|115|345|341|96|90|102|86|86|91|95|88|338|
2018-08-26|3|1_CTs|ct24||196|127|151|94|99|75|71|77|61|45|34|34|42|37|35|285|34|283|18|20|22|18|29|32|31|306|61|64|312|343|121|106|76|337|90|103|350|352|331|469|391|421|416|172|189|188|444|430|468|236|512|266|381|364|259|231|251|504|522|258|265|275|301|301|568|295|343|267|562|629|547|522|334|347|865|583|338|334|600|315|564|565|528|286|242|222|216|216|437|244|463|238|480|212|442|427|
