2018-09-07|3|1_CTs|ct1||70|54|43|63|47|30|25|21|18|17|19|11|11|13|10|13|7|13|8|262|14|18|19|17|22|29|55|61|283|79|161|177|182|481|203|491|215|208|192|184|696|180|200|158|182|226|179|178|184|457|479|449|565|207|171|219|695|454|246|208|253|190|496|782|212|209|255|227|230|469|482|261|221|241|463|260|479|219|241|209|269|195|414|162|146|148|115|121|98|129|84|103|113|116|360|104|
2018-09-07|3|1_CTs|ct3||262|253|215|257|438|387|655|108|91|87|90|65|323|70|49|54|34|58|44|68|62|59|68|76|88|113|157|166|404|248|615|463|471|756|448|383|420|444|714|466|672|389|401|406|438|742|442|477|463|493|461|781|754|499|420|728|488|466|680|533|375|475|427|977|531|773|507|547|604|574|860|1082|603|631|790|580|857|572|529|493|545|559|460|470|457|447|645|615|343|374|344|369|361|321|608|314|
2018-09-07|3|1_CTs|ct5||197|199|137|131|104|343|99|87|88|559|65|37|36|22|21|25|17|32|25|19|15|19|9|14|17|25|36|47|60|62|400|177|446|232|223|274|261|270|218|234|241|232|468|249|248|224|234|256|251|260|264|266|516|243|253|241|477|245|528|544|254|316|500|325|328|324|296|337|335|806|580|317|348|327|520|248|479|216|239|482|333|284|272|239|205|207|189|162|176|192|157|148|182|171|451|229|
2018-09-07|3|1_CTs|ct7||134|142|105|81|133|99|348|325|98|72|54|36|33|32|35|21|27|274|21|15|14|19|26|39|290|37|55|56|63|59|80|83|362|139|137|146|380|143|627|144|410|666|158|397|414|171|175|166|682|157|402|165|643|162|154|397|158|399|160|188|167|350|326|86|62|57|538|63|56|49|46|15|48|46|69|28|25|0|4|22|47|78|133|143|164|153|137|155|133|627|392|139|145|398|168|410|
2018-09-07|3|1_CTs|ct8||78|571|53|40|64|50|47|42|43|38|28|16|15|18|10|14|9|255|8|7|4|12|14|16|22|16|30|24|35|34|42|42|315|72|82|97|346|99|359|110|125|112|124|611|370|128|128|117|621|112|119|140|610|295|187|98|114|587|111|146|147|653|166|348|706|138|404|416|126|408|102|123|105|139|398|109|80|91|93|576|113|138|104|94|358|115|98|135|74|347|86|96|325|103|114|118|
2018-09-07|3|1_CTs|ct9||1019|1145|175|126|132|109|317|54|359|88|51|42|61|53|636|633|321|296|62|32|43|36|31|40|26|52|68|238|2151|449|544|1162|1163|1687|3067|3643|1880|233|235|222|222|196|190|261|199|220|190|235|169|177|177|182|398|185|268|183|145|456|1979|267|361|350|977|1282|977|911|1027|2356|2908|1238|711|878|350|758|1161|272|507|695|873|1270|1882|794|197|172|957|194|2346|182|386|489|672|443|657|1007|1571|803|
2018-09-07|3|1_CTs|ct10||100|84|72|76|56|46|54|50|49|57|50|46|43|37|39|36|50|36|44|35|39|37|32|31|28|35|37|47|43|66|78|93|90|126|147|170|161|163|163|150|140|150|139|132|133|144|128|155|121|147|135|140|161|126|142|125|128|134|154|171|148|152|140|162|146|155|156|167|150|159|151|182|144|141|151|146|158|162|152|134|148|168|142|128|132|111|113|113|119|103|86|116|102|121|114|123|
2018-09-07|3|1_CTs|ct13||444|207|178|115|140|132|134|98|385|134|80|94|78|84|86|88|120|100|78|81|79|90|58|98|82|79|119|133|140|158|188|204|198|244|212|1070|387|316|587|304|315|299|252|282|283|514|275|236|243|445|544|655|279|600|319|274|517|257|551|804|288|566|278|265|236|550|264|280|276|251|234|487|303|279|734|296|240|272|502|269|311|274|865|264|510|636|878|522|969|256|718|606|205|418|504|254|
2018-09-07|3|1_CTs|ct14||142|182|161|128|370|102|98|74|102|324|67|46|52|49|47|38|54|44|45|314|52|52|328|344|92|90|157|183|449|278|599|341|345|366|384|439|440|393|427|635|384|378|903|388|366|361|353|381|367|361|367|355|341|333|341|600|378|604|412|356|646|345|378|376|352|341|599|337|365|384|578|327|315|308|560|336|299|339|311|326|345|339|312|331|289|310|494|232|215|235|233|258|238|237|260|255|
2018-09-07|3|1_CTs|CT16||121|100|114|98|354|85|86|63|83|50|56|47|558|45|50|311|29|25|32|25|33|20|39|67|31|44|50|81|123|74|119|156|132|168|199|176|166|214|194|212|202|207|182|187|168|187|176|227|174|215|423|177|457|174|426|402|422|193|203|166|182|227|219|193|223|186|244|206|228|212|231|222|252|287|503|215|231|210|474|225|225|182|181|185|458|170|128|139|141|110|99|130|137|122|403|155|
2018-09-07|3|1_CTs|ct22||12|8|4|0|5|2|6|3|4|2|1|4|1|0|1|2|2|3|1|2|1|1|1|2|3|3|3|4|12|5|18|13|13|8|19|26|16|10|18|25|28|15|16|32|25|26|36|25|23|51|29|33|21|27|21|22|16|26|19|19|21|32|275|287|28|32|291|30|38|26|52|32|25|32|26|23|21|33|16|27|25|16|280|17|277|20|14|7|10|10|12|264|12|13|11|13|
2018-09-07|3|1_CTs|CT23||58|79|62|38|29|33|31|21|36|20|27|16|12|12|15|10|20|7|12|18|13|22|273|283|28|25|62|72|314|118|154|160|159|175|198|216|202|196|200|177|185|180|702|173|176|162|160|174|181|171|169|164|417|148|157|155|439|164|194|149|171|162|171|169|166|162|423|152|171|170|399|146|129|135|384|143|124|153|135|144|159|154|408|149|133|141|356|108|97|106|102|113|108|106|121|125|
2018-09-07|3|1_CTs|ct24||67|68|292|41|38|26|28|26|16|24|12|14|11|23|14|12|11|12|16|21|28|20|560|58|72|122|211|362|956|549|1098|580|862|529|482|778|576|542|521|557|800|554|805|1037|476|674|464|463|446|914|442|816|532|677|393|438|433|493|522|743|468|468|686|471|431|439|433|486|427|721|671|471|506|474|453|478|475|475|761|444|401|418|670|413|312|273|489|199|190|194|175|188|162|173|147|150|
