2018-09-26|3|1_CTs|ct1||863|37|161|163|25|284|17|12|15|11|7|260|11|12|10|262|8|11|264|7|270|12|533|24|292|553|50|329|574|867|659|719|458|693|691|413|406|652|417|395|431|936|393|931|405|925|657|436|667|1192|30|204|1198|707|424|668|675|915|640|681|2233|423|966|680|957|447|1978|962|934|702|1740|1221|702|430|476|708|695|970|936|422|432|689|431|174|644|130|386|347|101|341|344|584|343|74|62|578|
2018-09-26|3|1_CTs|ct3||1524|703|418|389|108|362|104|338|335|313|46|42|55|74|310|297|298|296|300|45|557|559|75|85|343|618|134|679|453|484|1141|720|1253|1032|741|1238|1183|894|813|271|522|1528|974|1563|343|1256|758|821|502|1382|70|654|1272|1122|611|2174|1345|776|1259|873|858|1127|1121|863|944|1468|1435|691|1331|1841|1131|1317|773|1282|761|1291|710|1278|979|465|708|1006|980|961|1172|601|907|557|604|612|859|1321|1112|398|791|614|
2018-09-26|3|1_CTs|ct5||405|676|368|666|896|335|339|820|310|816|29|546|23|281|17|22|13|18|283|11|270|15|18|271|19|35|290|314|577|95|657|185|229|765|1045|992|241|493|741|686|702|181|444|942|945|408|464|168|500|751|22|264|1222|236|421|460|939|980|757|754|1006|769|1002|252|930|784|1105|555|803|985|1215|490|2045|1081|309|579|489|999|793|567|505|238|499|464|433|447|681|397|404|161|142|1112|642|175|1006|198|
2018-09-26|3|1_CTs|ct7||119|103|119|140|319|325|580|296|31|44|31|278|34|62|28|15|292|22|26|269|24|21|29|278|36|559|44|306|303|62|324|571|348|90|383|375|365|125|124|353|94|889|116|128|381|378|358|90|127|142|19|400|381|119|336|26|15|103|600|128|120|133|116|387|378|98|340|107|72|573|1079|282|0|0|9|4|24|56|378|117|38|28|19|275|113|374|120|116|344|360|360|362|588|109|393|80|
2018-09-26|3|1_CTs|ct8||37|286|28|102|16|24|13|20|12|8|8|7|3|1|20|2|4|1|273|2|7|261|5|19|9|9|11|271|40|24|30|33|48|57|322|60|56|81|58|48|64|315|69|70|74|319|306|80|79|66|12|322|72|58|33|13|6|54|300|62|58|74|67|563|308|57|69|95|75|341|570|84|332|62|27|2|6|24|284|31|13|7|17|6|40|66|68|61|292|58|328|70|43|64|342|44|
2018-09-26|3|1_CTs|ct9||1292|537|1081|665|323|310|68|351|117|55|35|283|546|23|36|29|550|38|306|30|49|21|19|558|44|561|49|66|633|1464|2191|3131|2064|1290|890|2789|2058|774|206|2193|3338|3740|3567|2548|174|1717|3366|3461|3303|2434|8|195|356|1141|3023|1464|2024|1201|659|1224|2532|1574|2455|1808|686|768|1627|1851|1571|976|1471|483|646|101|85|123|924|444|1273|3136|1402|906|1342|1346|2023|1311|1266|1367|1152|502|148|1515|1048|899|424|143|
2018-09-26|3|1_CTs|ct10||65|69|64|42|53|31|43|42|41|37|39|31|26|25|27|19|21|31|29|26|29|21|14|15|15|13|32|34|49|60|78|125|152|167|188|164|162|172|170|144|119|137|128|123|133|128|132|127|159|116|10|136|150|144|117|119|83|15|20|126|120|135|143|110|142|130|159|170|154|141|148|148|158|145|31|80|136|141|146|111|122|139|127|132|117|110|112|88|94|89|98|92|106|99|47|47|
2018-09-26|3|1_CTs|ct13||397|1069|670|381|362|70|107|102|366|317|72|60|331|67|52|304|56|330|598|332|590|950|66|1513|324|332|96|170|404|417|455|1042|445|767|1085|498|613|192|1207|412|142|1226|513|1497|451|129|486|1027|768|743|4|485|770|1291|1281|1769|210|478|742|775|230|841|944|263|1519|412|2086|1381|803|897|1146|399|2241|530|251|762|288|533|780|970|202|691|752|175|1357|259|195|1227|484|183|756|214|1030|1204|860|487|
2018-09-26|3|1_CTs|ct14||667|943|659|1691|354|86|340|240|385|317|563|302|824|302|300|44|44|30|573|58|319|828|73|855|872|867|408|1241|521|845|903|1170|692|1138|405|959|679|658|936|1137|656|630|929|883|651|666|1160|603|894|613|47|597|566|1633|1135|1140|1600|827|612|884|1649|1111|1634|817|825|600|1367|618|572|813|298|800|478|992|1009|827|814|568|1332|851|897|638|833|342|1048|538|237|754|739|229|260|1039|481|219|465|475|
2018-09-26|3|1_CTs|CT16||373|347|874|325|330|308|311|561|316|42|290|539|34|285|14|21|303|18|22|17|22|15|22|34|34|280|38|54|324|77|131|423|200|460|439|204|517|197|705|203|470|709|943|444|462|978|190|206|470|1203|5|203|138|1716|158|679|596|396|134|413|187|160|1233|467|154|468|1235|234|509|1031|887|235|1260|741|465|649|720|252|536|596|748|508|211|662|451|688|144|652|362|147|121|891|618|108|146|371|
2018-09-26|3|1_CTs|ct22||11|2|259|4|2|1|3|1|1|3|2|2|0|1|3|2|0|4|1|1|1|1|2|3|3|4|5|2|8|11|12|17|23|15|16|275|22|280|279|24|13|31|21|282|20|23|16|19|30|281|1|287|536|23|24|26|537|543|15|28|20|290|277|24|19|22|549|34|300|39|299|426|145|31|30|27|38|28|282|19|536|269|18|270|526|13|14|10|10|7|269|8|4|270|14|9|
2018-09-26|3|1_CTs|CT23||316|324|47|67|291|29|32|20|15|21|16|13|16|16|268|12|18|6|25|19|20|22|28|545|296|546|51|1115|623|669|437|957|293|1114|444|721|452|444|723|165|178|410|702|943|431|689|437|663|431|158|23|138|652|926|426|688|892|392|418|925|423|1168|1184|396|639|660|925|161|656|901|900|652|625|635|647|454|422|397|383|411|690|679|390|412|891|126|99|106|351|89|120|624|366|95|78|91|
2018-09-26|3|1_CTs|ct24||583|310|294|48|28|28|523|21|500|10|12|266|270|15|13|17|8|271|22|24|25|39|310|324|95|649|800|634|1162|1579|834|1802|540|1214|1207|1061|1127|1523|1293|582|1325|1299|1323|2250|1289|1216|1561|724|745|1746|50|772|969|925|2154|1706|1623|1467|1261|1258|1484|1894|2170|1475|1204|692|1231|1471|1012|1660|1787|1219|1214|780|1030|1259|1001|738|1699|1674|946|1465|1333|1328|775|1020|457|659|637|190|669|1072|1600|411|389|114|
