2018-08-20|6|1_CTs|CT1||0|0|0|0|0|0|0|0|0|0|0|0|0|0|0|0|0|0|0|0|0|1|0|0|0|0|0|0|0|0|0|0|1|0|0|0|1|0|0|0|0|0|0|0|0|0|0|0|0|0|0|0|0|0|0|0|0|0|0|0|0|0|0|0|0|1|0|0|0|0|0|0|0|1|0|1|0|0|0|1|0|0|0|0|0|0|0|0|0|0|1|0|0|0|0|0|
2018-08-20|6|1_CTs|CT3||0|0|0|0|0|0|0|0|0|0|0|0|0|0|0|0|0|0|0|0|0|0|0|0|0|0|0|0|0|0|0|0|0|0|0|0|0|0|0|0|0|0|0|0|0|0|0|0|0|0|0|0|0|0|0|0|0|0|0|0|0|0|0|1|0|0|0|0|0|0|0|0|0|0|0|0|0|0|0|0|0|0|0|0|0|0|0|0|0|0|0|0|0|0|0|0|
2018-08-20|6|1_CTs|CT7||0|0|0|0|0|0|0|0|0|0|0|0|0|0|0|0|0|0|0|0|0|0|0|0|0|0|0|0|0|0|0|0|0|0|0|0|0|0|0|0|0|0|0|0|0|0|0|15|1|0|0|0|0|0|0|0|0|0|0|0|0|0|0|0|1|0|0|0|0|0|1|1|0|0|0|0|0|1|0|1|0|0|0|0|0|0|0|0|0|0|0|0|0|0|0|0|
2018-08-20|6|1_CTs|CT9||0|2|0|0|0|0|0|0|0|0|0|1|0|0|0|0|0|0|0|0|0|0|0|0|0|0|0|0|0|2|0|2|1|0|2|2|1|1|2|0|2|16|0|1|0|0|0|0|1|0|1|0|15|1|0|1|0|0|1|0|0|1|0|0|0|0|1|1|2|0|1|0|0|0|1|2|1|0|1|0|0|1|1|0|0|0|0|1|0|1|0|0|0|1|0|2|
2018-08-20|6|1_CTs|CT10||1|1|1|0|0|0|0|0|0|0|0|0|0|0|0|0|0|0|1|0|0|0|0|0|0|0|0|0|0|0|1|2|0|0|0|2|0|0|1|0|3|0|1|0|0|0|1|0|1|1|0|1|1|0|0|1|0|0|0|16|0|0|5|30|1|1|1|0|0|2|0|1|3|3|2|2|2|0|17|0|0|1|2|2|0|1|31|0|0|0|1|1|0|1|0|0|
2018-08-20|6|1_CTs|CT11||16|0|0|0|0|0|0|0|1|15|0|0|0|0|1|0|0|0|0|0|0|0|0|0|0|0|0|0|4|2|2|2|1|0|2|2|1|1|0|0|1|1|1|1|0|3|1|1|0|0|1|1|2|0|15|0|1|1|1|0|2|0|1|1|0|0|1|0|0|1|0|0|2|2|0|1|0|1|0|2|1|1|1|0|0|1|0|1|16|1|1|0|0|0|0|0|
2018-08-20|6|1_CTs|CT12||0|1|1|0|0|0|0|0|0|0|0|0|0|0|0|0|0|0|1|0|0|0|0|0|1|1|0|1|1|0|2|3|2|5|0|16|2|2|1|2|17|15|1|2|1|1|0|2|4|1|0|2|1|3|2|1|16|1|1|0|15|1|0|4|0|2|3|0|2|1|0|3|2|2|2|1|1|1|5|1|2|2|0|4|1|3|1|1|2|2|0|0|2|0|0|1|
2018-08-20|6|1_CTs|CT13||0|0|0|0|0|0|1|0|0|0|0|1|0|0|0|0|0|0|0|0|0|0|0|1|0|0|0|0|0|1|1|0|0|15|0|1|1|1|0|1|1|0|0|0|0|0|1|1|0|0|10|5|3|4|1|1|0|0|2|1|1|1|32|3|3|0|3|0|0|0|0|1|2|0|1|0|1|2|0|0|0|0|0|0|0|0|1|0|0|1|0|0|0|0|0|0|
2018-08-20|6|1_CTs|CT15||0|0|0|0|0|0|0|0|0|0|0|0|0|0|0|1|0|0|0|0|0|0|0|0|0|0|0|0|0|0|1|1|1|0|0|0|0|0|0|0|0|0|0|0|1|0|0|0|0|0|0|0|0|0|0|0|0|0|0|0|1|0|0|0|0|0|0|1|0|0|0|1|0|0|0|0|0|0|0|0|0|0|0|2|0|0|0|0|1|1|0|0|0|0|0|0|
2018-08-20|6|1_CTs|CT16||1|0|1|0|0|0|0|0|1|0|1|0|0|0|1|0|0|0|0|0|0|0|1|0|1|16|1|0|2|0|2|3|0|3|1|16|1|1|4|1|0|2|3|0|2|4|1|1|2|33|3|1|3|2|3|1|1|1|1|0|0|1|3|3|16|0|1|1|2|2|0|0|1|2|1|2|3|2|2|0|0|1|1|0|1|4|4|1|1|1|0|0|1|1|0|0|
