2018-08-24|3|1_CTs|ct1||58|314|56|26|40|28|22|20|11|268|22|11|17|6|8|5|5|9|6|10|12|24|17|20|20|22|33|45|55|85|555|176|417|182|929|213|440|196|163|217|427|160|369|156|141|197|434|148|150|159|411|655|475|135|121|144|153|138|189|204|188|184|197|189|433|437|195|434|253|219|224|199|488|226|199|179|178|441|212|415|157|179|667|124|121|226|143|96|102|152|75|135|108|86|123|95|
2018-08-24|3|1_CTs|ct3||223|240|194|153|125|115|104|105|78|328|73|323|65|46|294|291|40|52|45|40|49|51|76|90|82|77|391|133|184|229|522|380|398|975|874|443|644|658|386|409|404|399|319|384|513|728|674|396|453|475|459|496|420|369|355|389|412|436|491|469|448|460|578|808|1481|1115|538|536|792|542|520|553|529|575|540|505|536|640|508|749|514|462|458|418|430|424|661|336|362|337|807|514|308|293|268|586|
2018-08-24|3|1_CTs|ct5||161|206|136|100|85|71|60|52|61|56|40|31|29|531|26|18|25|20|18|13|13|16|9|11|21|26|41|51|40|66|541|392|157|214|219|474|218|241|493|246|228|220|262|239|226|765|740|244|264|266|263|257|235|227|206|197|200|250|253|261|511|510|719|533|284|300|284|296|287|576|308|308|565|297|339|270|272|257|258|240|244|480|198|169|440|168|163|156|155|374|165|136|143|171|141|174|
2018-08-24|3|1_CTs|ct7||126|187|123|92|96|68|61|67|71|61|46|39|38|27|32|28|33|26|33|278|29|272|23|34|22|40|46|60|57|316|528|74|91|94|134|147|127|132|142|137|139|146|403|157|417|174|167|420|154|165|166|151|159|664|151|387|129|412|158|417|166|431|425|164|167|152|154|152|408|62|84|401|126|149|131|402|154|370|138|157|157|368|137|122|153|118|120|119|368|137|397|385|137|129|137|130|
2018-08-24|3|1_CTs|ct8||85|383|71|54|57|46|30|35|36|27|15|23|17|9|14|21|22|15|22|271|10|262|8|15|8|20|19|25|30|283|226|50|56|326|92|93|92|93|102|98|90|107|386|101|378|143|111|356|106|116|126|104|636|115|111|321|98|119|116|125|122|376|391|126|129|351|126|376|388|146|141|117|142|136|117|130|112|112|108|108|123|344|102|103|119|90|103|75|83|90|110|85|117|88|86|102|
2018-08-24|3|1_CTs|ct9||361|125|118|101|96|84|42|56|54|56|70|45|38|297|33|37|37|33|52|16|33|18|43|42|41|35|50|62|151|249|350|153|446|186|947|1032|2558|2216|956|864|1840|1520|414|320|544|2010|416|552|1248|667|582|226|307|323|174|192|160|526|2131|492|1063|1749|1668|743|398|400|1026|967|1843|583|646|1290|547|1877|560|151|216|383|211|276|354|277|316|263|125|399|127|104|293|134|634|1865|1501|225|427|241|
2018-08-24|3|1_CTs|ct10||75|108|88|74|71|49|56|50|43|52|40|44|26|31|29|35|34|30|33|25|23|26|29|31|16|31|31|39|41|37|61|61|78|94|107|119|126|126|120|105|130|132|125|131|112|111|113|124|110|115|122|139|118|121|103|99|120|140|118|111|113|120|124|115|127|139|138|123|132|146|133|143|133|142|137|132|116|128|115|112|103|117|90|98|118|97|108|82|88|104|88|112|85|81|93|104|
2018-08-24|3|1_CTs|ct13||194|178|169|147|154|698|991|123|255|417|446|175|482|434|467|82|822|547|261|140|345|136|401|378|68|152|152|298|141|198|200|433|188|235|511|483|243|256|266|275|521|401|225|289|200|274|737|0|0|0|56|321|265|252|500|261|284|251|199|190|233|522|746|256|785|246|216|327|489|256|501|272|294|271|252|276|250|253|549|484|254|482|230|198|260|255|222|200|197|241|218|227|484|462|767|223|
2018-08-24|3|1_CTs|ct14||197|463|218|144|121|372|111|86|70|71|322|42|41|39|41|297|66|42|53|62|52|42|75|76|79|556|146|176|484|494|556|342|314|557|590|610|334|370|375|368|628|336|341|398|336|331|579|336|318|300|347|319|317|327|313|324|349|310|338|348|600|375|317|344|368|331|340|331|344|313|582|350|607|344|340|338|339|312|358|600|362|358|303|300|329|264|237|232|216|219|216|252|235|221|224|461|
2018-08-24|3|1_CTs|CT16||101|125|113|121|102|66|68|47|57|76|38|42|54|46|40|30|68|44|37|25|36|65|50|32|32|35|66|45|56|55|256|168|374|121|149|138|148|138|146|160|403|206|243|150|126|421|181|438|154|177|212|340|205|155|127|144|157|413|148|146|444|200|427|191|181|181|154|472|249|221|180|195|263|215|229|211|199|165|147|451|178|418|184|203|150|121|386|109|119|402|382|141|100|103|101|115|
2018-08-24|3|1_CTs|ct22||2|8|5|4|6|0|2|4|2|5|2|2|6|5|4|1|2|4|0|0|0|1|3|1|4|3|1|3|6|9|10|11|9|9|18|17|20|10|17|22|16|12|14|19|20|13|16|20|14|15|19|220|84|14|14|17|17|21|21|24|15|25|21|17|12|30|45|35|38|283|29|18|29|276|27|19|24|16|19|17|17|17|21|13|15|10|6|11|7|9|11|9|7|8|10|25|
2018-08-24|3|1_CTs|CT23||82|347|102|50|46|46|28|26|21|25|20|8|9|11|266|12|21|11|19|18|16|6|22|27|25|506|45|60|350|95|387|167|143|385|396|406|158|173|181|170|179|153|154|186|167|154|142|152|154|143|160|146|145|143|146|151|166|409|149|168|421|180|139|156|173|166|158|161|158|143|400|155|420|148|150|149|158|146|170|415|166|164|142|144|137|128|101|97|93|93|337|366|105|96|93|87|
2018-08-24|3|1_CTs|ct24||106|97|92|67|37|32|41|31|23|24|13|17|19|18|11|17|11|17|19|31|26|27|45|313|73|108|178|294|354|625|1395|836|498|833|787|797|799|514|581|760|468|693|924|458|401|644|711|459|378|648|921|372|657|378|668|377|365|660|448|443|454|694|426|909|631|366|385|392|423|700|733|442|441|743|638|559|439|698|421|954|422|397|385|657|348|261|490|210|217|467|177|193|169|176|155|138|
