2018-09-16|3|1_CTs|ct1||74|75|71|317|55|301|36|283|44|32|39|35|28|35|24|23|19|26|285|27|25|22|12|22|24|33|22|36|24|22|265|40|41|46|305|52|59|582|77|82|81|70|99|107|96|359|90|121|123|127|114|104|129|100|120|112|106|105|112|116|86|136|116|140|369|119|142|143|124|122|118|152|123|110|146|362|105|122|113|120|103|131|90|105|348|89|92|74|107|98|390|338|67|67|329|55|
2018-09-16|3|1_CTs|ct3||529|622|351|1119|784|601|993|445|392|608|1103|685|833|382|557|157|170|156|125|142|136|115|73|112|349|111|97|115|108|338|388|163|424|189|190|201|200|492|528|284|282|307|302|323|408|337|326|662|357|405|660|443|672|380|348|333|337|369|325|582|361|404|331|424|391|869|356|446|399|380|763|385|398|343|406|592|608|341|373|643|341|399|346|341|293|263|586|533|369|595|363|552|265|286|525|219|
2018-09-16|3|1_CTs|ct5||211|468|677|172|139|142|356|110|124|354|82|69|52|42|568|51|57|51|51|39|31|34|28|33|22|28|45|38|44|46|51|311|68|93|76|364|135|120|124|134|150|159|162|412|199|150|190|178|171|192|189|205|174|200|168|191|144|158|419|167|184|184|179|235|193|471|219|475|215|195|431|156|406|181|156|165|428|181|430|463|179|185|170|139|165|124|126|131|389|392|119|397|382|153|196|411|
2018-09-16|3|1_CTs|ct7||159|380|600|132|363|122|108|115|109|111|334|87|74|80|80|76|81|327|65|76|43|50|41|557|268|42|51|287|40|39|49|43|58|69|318|85|74|315|82|77|322|322|106|303|112|97|369|344|128|112|133|115|116|104|359|118|107|131|380|117|371|125|147|145|140|123|360|129|170|342|370|390|147|114|134|616|137|126|192|147|108|119|388|90|119|96|100|92|107|118|488|473|123|112|389|369|
2018-09-16|3|1_CTs|ct8||136|395|96|85|77|80|74|59|66|56|48|48|31|45|40|44|289|295|29|28|23|19|21|281|18|20|23|18|20|33|34|48|49|63|308|56|42|277|51|51|297|301|77|64|85|59|332|308|320|70|87|67|72|82|71|64|60|75|333|101|344|90|89|102|78|85|107|346|124|93|86|80|97|79|80|381|343|94|108|90|79|86|90|56|86|74|68|66|65|71|308|67|65|73|330|319|
2018-09-16|3|1_CTs|ct9||3231|1677|354|242|170|289|139|102|137|125|383|111|77|50|85|96|131|497|69|59|46|50|40|47|28|317|48|36|111|2449|909|235|255|921|1616|2964|3681|3048|2056|1576|986|647|1375|1370|594|951|1458|1297|885|1039|1372|906|161|511|614|2198|915|628|1222|1342|1165|637|2340|352|275|639|1350|288|741|3055|2488|405|1206|2966|2911|3725|3610|3743|663|810|390|750|1340|2129|1317|628|958|681|1255|903|817|247|113|164|129|107|
2018-09-16|3|1_CTs|ct10||110|99|106|84|83|81|98|79|77|97|70|96|83|86|74|90|84|93|63|66|68|49|65|48|48|52|36|42|63|44|41|26|37|46|27|36|38|52|51|63|58|61|81|68|76|92|88|85|93|90|108|97|98|101|93|93|86|102|93|80|98|105|107|175|121|121|120|123|142|115|125|111|130|126|126|117|126|123|115|126|120|88|121|85|95|109|87|85|79|86|72|81|88|81|83|68|
2018-09-16|3|1_CTs|ct13||261|479|213|386|616|167|162|151|412|405|168|126|161|129|144|113|171|152|178|128|122|100|140|102|90|105|115|111|128|373|104|108|112|378|405|148|150|405|198|233|165|168|192|188|212|445|287|211|326|271|469|243|243|219|192|244|476|487|615|233|215|590|241|251|257|1189|390|592|562|394|731|1115|237|441|258|239|431|243|233|534|503|490|1090|247|230|198|217|202|181|212|202|441|178|423|467|184|
2018-09-16|3|1_CTs|ct14||457|276|769|181|426|184|446|171|162|156|129|110|118|359|107|102|100|97|108|99|71|94|96|342|345|102|122|90|108|360|167|133|379|123|146|149|159|427|182|168|174|182|205|215|195|184|481|225|219|240|260|272|256|499|230|271|490|243|513|277|281|278|315|317|306|292|341|296|617|345|360|363|344|366|341|604|598|617|340|862|567|323|313|264|233|245|524|241|220|257|225|462|227|455|219|167|
2018-09-16|3|1_CTs|CT16||409|133|155|646|373|116|119|364|119|85|135|119|97|107|102|83|72|101|110|93|41|58|56|327|25|302|339|44|46|60|115|311|119|48|88|47|60|127|80|97|100|104|82|350|122|143|143|143|142|154|139|131|123|374|367|106|122|115|142|98|116|133|136|109|151|144|435|141|193|153|146|197|171|183|186|201|400|164|168|162|428|138|111|143|142|128|126|136|117|633|116|127|131|129|129|109|
2018-09-16|3|1_CTs|ct22||15|13|5|520|2|2|2|3|3|3|3|2|4|1|1|2|3|2|5|3|3|4|2|1|2|2|0|0|3|2|2|1|3|1|3|260|4|4|2|6|11|6|2|11|6|8|2|6|10|18|2|3|9|4|11|6|7|3|11|5|11|14|5|12|7|5|15|14|12|14|268|16|16|13|8|8|15|16|15|7|13|24|248|8|8|7|8|3|8|10|4|4|7|12|8|5|
2018-09-16|3|1_CTs|CT23||93|366|110|78|82|75|335|71|69|59|49|37|48|38|35|31|33|27|39|40|23|31|38|284|31|30|45|33|38|39|73|52|46|46|51|58|70|315|73|61|73|70|89|82|82|67|353|92|97|102|111|114|108|105|91|115|105|110|108|376|118|122|138|136|126|634|161|126|427|410|421|167|160|174|156|417|417|421|156|428|397|146|138|103|94|102|115|102|88|114|95|342|100|343|91|70|
2018-09-16|3|1_CTs|ct24||412|402|132|607|316|88|340|91|75|50|313|40|45|50|28|290|285|39|34|20|30|25|37|298|37|65|72|322|59|350|142|102|68|366|113|137|115|164|193|200|184|466|228|706|220|218|244|240|241|235|574|326|558|304|562|275|249|753|303|324|555|350|394|871|371|375|377|390|653|923|712|419|393|453|469|653|1119|410|864|945|659|409|635|359|297|294|305|251|235|275|243|232|693|164|397|110|
