2018-08-27|6|1_CTs|CT1||0|0|0|0|0|2|0|0|0|0|0|0|0|0|0|0|0|0|0|0|0|0|0|0|0|0|0|0|0|0|10|15|16|14|23|19|18|278|19|23|20|19|14|22|17|20|17|16|9|13|71|22|19|16|7|7|14|12|12|22|271|11|12|18|11|16|20|20|22|7|8|13|6|14|13|9|14|22|14|6|6|4|8|7|3|4|3|4|4|3|3|2|1|3|3|4|
2018-08-27|6|1_CTs|CT7||0|0|0|0|0|0|0|0|0|0|0|0|0|0|0|0|0|0|0|0|0|2|0|0|0|0|0|0|1|0|16|33|29|28|32|30|38|22|25|30|26|31|35|23|16|19|29|14|17|25|26|27|18|14|20|23|27|278|21|24|27|18|21|13|17|23|20|20|29|18|21|25|12|22|21|19|23|17|25|17|14|268|10|12|13|16|9|12|8|11|9|9|10|8|3|3|
2018-08-27|6|1_CTs|CT9||0|0|0|0|0|0|0|0|0|0|0|0|0|0|0|0|0|0|1|0|0|0|0|0|0|1|0|0|0|0|325|72|69|91|111|102|129|89|357|74|96|315|72|42|74|62|70|75|95|20|39|86|78|66|76|328|74|89|63|594|101|87|99|85|47|83|124|116|114|114|137|120|98|140|134|119|114|104|114|85|340|60|61|313|48|47|45|36|40|36|36|291|27|31|24|21|
2018-08-27|6|1_CTs|CT10||2|0|0|1|0|2|0|0|0|0|0|0|0|0|0|0|1|0|0|0|0|0|0|0|0|0|0|0|0|0|290|43|56|44|55|304|328|90|325|83|77|316|308|69|53|39|75|53|97|53|62|70|72|324|63|66|58|84|61|30|39|44|83|63|83|77|80|74|81|77|82|90|96|98|92|93|79|84|96|75|321|67|51|42|50|30|46|40|35|23|44|35|23|30|16|33|
2018-08-27|6|1_CTs|CT11||2|0|0|0|0|0|0|0|0|0|0|0|0|0|0|0|0|0|0|0|0|0|0|0|0|0|0|0|0|1|103|384|132|130|140|158|146|165|150|144|157|396|131|145|107|118|143|125|123|97|166|514|252|132|123|113|114|100|134|116|117|375|121|141|107|142|391|155|128|372|120|384|112|389|136|111|133|116|118|106|601|85|78|76|58|58|45|58|53|37|40|37|28|31|20|27|
2018-08-27|6|1_CTs|CT12||0|0|0|0|0|1|0|0|15|0|0|0|0|3|0|0|0|0|0|0|0|2|2|0|0|1|16|0|0|3|81|112|111|394|164|186|164|176|153|154|160|414|151|172|140|154|152|143|145|154|185|154|427|174|125|134|154|146|143|387|155|169|143|312|283|162|153|171|183|187|204|194|183|193|212|439|195|181|404|157|378|112|93|86|98|62|75|63|61|52|61|50|51|36|40|41|
2018-08-27|6|1_CTs|CT13||0|1|0|0|0|0|0|0|0|0|0|0|0|0|0|0|0|0|0|0|0|0|0|0|0|0|0|0|0|1|34|47|45|54|65|66|78|60|300|57|319|299|41|45|47|29|47|38|45|47|55|48|36|30|45|47|36|33|38|41|42|49|55|48|46|47|325|50|59|324|60|65|54|81|82|72|58|68|64|36|39|28|32|20|27|26|20|19|17|23|16|273|12|20|8|11|
2018-08-27|6|1_CTs|CT14||0|0|0|0|0|0|0|0|0|0|0|0|0|0|8|0|0|0|0|0|0|0|0|0|0|8|0|0|0|0|0|0|0|0|0|0|0|0|0|0|0|0|0|0|0|0|0|0|0|0|0|0|0|0|0|0|0|0|0|0|0|0|0|0|0|0|0|0|0|0|0|0|0|0|0|0|0|0|0|0|0|0|0|0|0|0|0|0|0|0|0|0|0|0|0|0|
2018-08-27|6|1_CTs|CT15||0|0|0|1|0|0|0|0|0|0|0|0|0|0|0|0|0|0|0|0|0|0|0|2|0|8|0|0|0|0|91|121|140|168|208|686|176|412|405|171|389|126|136|114|343|100|387|110|117|111|120|136|132|107|111|114|109|116|123|112|129|361|117|131|119|132|399|152|142|156|172|177|158|468|447|214|144|170|136|319|347|322|90|72|81|60|52|48|49|58|287|40|38|47|32|31|
2018-08-27|6|1_CTs|CT16||0|15|0|1|3|0|0|1|0|0|0|0|0|0|0|0|0|0|0|0|1|0|1|0|2|0|1|3|1|1|107|139|163|169|164|197|212|198|438|187|191|701|195|156|138|168|169|143|157|147|148|169|370|143|132|389|145|141|147|418|147|136|152|306|507|170|168|167|159|146|136|158|145|430|159|156|127|145|164|381|118|375|96|91|77|86|69|328|72|48|56|566|43|47|28|39|
