2018-09-22|3|1_CTs|ct1||88|88|323|103|60|44|39|26|47|24|291|26|36|15|10|9|20|19|20|16|22|19|22|20|19|286|42|39|40|43|344|584|70|68|100|110|112|100|106|395|356|328|137|208|168|118|147|151|142|170|164|606|409|146|148|139|121|130|387|139|412|167|396|415|155|137|718|160|417|372|116|432|129|673|119|130|118|144|126|147|343|127|132|131|129|77|382|105|330|81|83|96|84|96|340|101|
2018-09-22|3|1_CTs|ct3||339|277|515|326|256|208|441|152|157|139|376|104|112|92|74|340|85|100|83|70|341|84|100|84|67|386|366|146|374|126|449|201|230|240|302|822|330|303|588|365|332|329|333|305|353|343|668|368|637|431|380|648|367|650|371|405|358|369|341|346|367|377|727|928|330|264|344|350|329|573|542|339|330|877|337|592|346|274|242|231|394|287|802|337|462|378|446|323|653|310|258|565|262|1288|267|554|
2018-09-22|3|1_CTs|ct5||477|214|440|163|150|133|123|111|349|104|78|95|72|316|295|51|45|49|56|32|263|20|28|282|29|27|45|41|291|49|323|78|97|90|393|402|151|139|177|182|446|456|200|214|174|198|443|233|215|240|200|210|515|204|206|205|208|201|181|198|224|221|211|730|222|244|214|230|213|239|252|254|214|474|243|447|255|302|229|246|461|195|181|163|146|158|397|159|164|410|138|150|174|416|186|205|
2018-09-22|3|1_CTs|ct7||124|619|325|328|356|93|78|86|82|290|77|61|314|67|69|294|46|45|283|35|28|29|28|31|33|25|38|34|41|301|50|48|299|70|76|79|316|100|325|616|549|103|86|87|91|360|88|111|342|111|107|119|114|112|97|105|109|114|120|133|120|112|359|111|118|135|112|166|319|103|595|129|131|118|625|379|146|136|113|153|138|357|119|117|133|130|123|123|358|599|371|100|108|115|358|590|
2018-09-22|3|1_CTs|ct8||66|570|273|36|46|49|23|34|18|12|18|12|13|16|11|11|8|19|9|4|13|14|7|11|12|12|11|11|11|25|20|19|28|24|46|51|283|54|290|46|310|58|49|44|44|56|39|58|287|53|46|52|51|70|51|51|56|317|55|332|58|57|304|56|63|54|61|55|50|36|61|63|63|57|316|330|70|71|46|66|69|290|44|47|45|34|34|28|39|47|293|40|52|38|282|57|
2018-09-22|3|1_CTs|ct9||621|919|1679|537|404|788|125|105|160|136|66|81|67|65|70|77|189|50|52|40|47|297|52|42|37|52|68|1038|48|297|1493|1349|538|312|1217|2431|4094|3663|3180|3203|3282|3289|2280|2768|3105|2895|3448|2921|3498|2927|1273|193|417|178|158|162|145|135|132|165|155|162|211|206|897|1518|430|327|598|268|378|539|854|884|1566|817|395|511|656|314|719|464|186|449|333|152|989|1465|694|617|407|868|812|1544|777|155|
2018-09-22|3|1_CTs|ct10||108|110|91|93|78|110|89|85|87|104|87|98|66|87|81|77|68|81|47|52|72|60|55|59|53|49|51|40|42|37|48|40|47|56|57|50|63|67|75|78|92|105|121|107|105|108|113|109|141|145|150|121|173|133|119|106|90|100|122|121|96|122|97|117|136|130|126|102|99|130|121|140|140|117|149|134|149|140|137|120|134|132|122|121|118|93|101|86|84|114|96|106|83|98|112|96|
2018-09-22|3|1_CTs|ct13||496|214|453|164|183|197|413|160|148|191|690|203|107|397|146|402|164|394|135|117|131|101|98|112|130|122|394|90|100|86|651|364|116|399|178|158|170|193|190|219|243|230|225|192|223|218|205|296|359|750|219|215|254|540|219|491|202|245|522|234|450|859|311|222|189|211|203|246|468|465|198|479|226|205|230|483|253|279|252|497|335|329|232|218|599|788|205|543|280|430|207|252|311|548|558|567|
2018-09-22|3|1_CTs|ct14||269|241|218|701|185|184|161|179|653|127|388|124|101|108|108|105|87|346|111|149|290|97|103|99|91|359|120|121|359|394|715|464|178|220|242|526|274|529|559|316|307|312|327|329|323|575|329|347|308|641|563|784|323|333|298|286|272|309|272|349|266|343|342|322|332|331|336|320|300|330|352|621|327|838|330|882|380|417|385|400|335|321|321|297|260|298|297|221|277|480|285|484|496|528|284|314|
2018-09-22|3|1_CTs|CT16||133|137|146|104|137|117|98|99|92|348|70|68|328|313|85|63|58|309|64|70|43|43|34|36|30|71|122|62|27|41|72|60|56|63|72|72|336|106|375|134|169|139|158|401|168|163|155|177|142|180|151|440|437|434|381|135|143|139|127|128|142|154|161|159|131|172|163|210|200|200|471|185|171|173|216|454|204|195|452|517|486|167|189|197|152|143|168|151|396|124|143|157|140|125|166|156|
2018-09-22|3|1_CTs|ct22||24|7|3|3|6|3|3|3|1|262|4|3|3|3|3|1|3|5|3|1|0|5|2|0|4|3|3|4|7|6|5|11|5|3|272|2|8|17|13|17|21|17|20|11|20|15|280|17|24|28|31|9|13|17|14|13|20|11|13|18|270|11|9|12|11|26|6|9|19|9|13|14|12|10|13|12|14|15|10|12|269|7|7|19|23|14|20|12|9|13|4|9|9|14|5|34|
2018-09-22|3|1_CTs|CT23||132|103|99|83|75|77|67|77|58|48|306|46|38|41|46|39|31|32|42|35|35|33|34|36|30|291|38|44|49|295|337|338|67|87|94|367|121|123|135|140|141|142|147|154|398|139|152|155|143|689|394|135|145|154|140|133|114|144|128|150|120|156|155|404|151|143|152|140|125|146|164|172|154|651|136|421|165|183|173|168|144|126|134|127|110|134|137|87|378|354|116|343|355|633|120|140|
2018-09-22|3|1_CTs|ct24||128|152|371|111|74|78|326|74|48|50|300|40|37|35|29|40|24|34|28|88|223|39|43|311|59|82|92|128|128|186|784|761|428|510|590|625|789|634|426|449|357|355|375|448|672|383|410|396|387|1168|423|659|370|379|363|379|334|333|615|356|649|426|671|664|421|405|414|368|641|422|696|446|412|917|746|1001|726|491|556|479|644|665|408|570|497|820|227|532|510|256|269|265|214|736|219|450|
